
Last position-specific scoring matrix computed, weighted observed percentages rounded down, information per position, and relative weight of gapless real matches to pseudocounts
            A   R   N   D   C   Q   E   G   H   I   L   K   M   F   P   S   T   W   Y   V   A   R   N   D   C   Q   E   G   H   I   L   K   M   F   P   S   T   W   Y   V
    1 M    -4  -5  -5  -6  -5  -4  -5  -6  -5  -1   0  -5  10  -3  -6  -5  -4  -5  -4  -2    0   0   0   0   0   0   0   0   0   2   4   0  94   0   0   0   0   0   0   0  2.79 0.69
    2 D     1  -1  -1   4  -3   0   2  -2  -2  -1  -2   0  -1  -3   0   1  -1  -4  -2   0   14   2   0  31   0   4  11   0   0   3   1   6   2   0   5   9   2   0   1   9  0.34 0.17
    3 D    -1  -2   2   6  -5   0   1  -3  -1  -4  -5  -1  -4  -5  -1   1  -1  -6  -4  -4    3   1  11  52   0   4   9   0   1   1   0   3   0   0   2  11   2   0   0   1  0.96 0.35
    4 Y    -2  -4  -4  -5   1  -4  -3  -5  -3   2   2  -4  -1   1   0  -3  -2  -2   4   4    1   0   0   0   3   0   1   0   0   8  20   0   1   5   5   0   1   0  17  38  0.62 0.28
    5 A     2   1   0   0   0   0   0  -1  -2  -3  -3   1  -2  -4  -2   3   2  -4  -2  -3   19   6   2   6   2   3   5   3   0   1   0  11   1   0   0  23  16   0   1   0  0.33 0.20
    6 V     0   0   2   0   1   0   0   2  -1  -2  -1   0  -1  -3  -2   2   0  -2  -2   0    5   4  11   5   3   5   8  16   1   0   5   3   2   0   0  17   2   0   1  11  0.14 0.11
    7 L    -4  -3  -5  -5  -4  -4  -5  -6  -5   0   5   1   3  -2  -5  -4  -3  -4  -2   0    0   1   0   0   0   0   0   0   0   3  75   9   9   0   0   0   0   0   1   3  1.15 0.40
    8 S    -1  -4  -1  -3  -4  -3  -3  -3  -4  -4  -5  -3  -4  -5  -1   5   5  -5  -4  -4    2   0   2   0   0   0   0   0   0   0   0   0   0   0   2  55  40   0   0   0  1.31 0.51
    9 D    -3  -4   3   7  -6  -3  -1  -3  -4  -4  -6  -2  -3  -6  -3  -2  -2  -7  -6  -6    1   0  17  73   0   0   1   1   0   1   0   2   1   0   1   2   1   0   0   0  1.74 0.54
   10 T     1  -1   0   3  -4   1   4  -1  -1  -3  -3   1  -2  -4   0   0   0  -5  -4  -2   13   2   3  16   0   5  32   4   1   1   1   7   1   0   5   5   4   0   0   1  0.45 0.22
   11 E    -2  -2  -3   3  -6   1   6  -2  -3  -6  -6  -2  -5  -6  -4  -2  -3  -6  -5  -5    3   1   0  13   0   6  73   2   0   0   0   0   0   0   0   1   1   0   0   0  1.51 0.53
   12 L    -4  -5  -6  -6  -4  -5  -6  -6  -6   2   6  -5  -1  -1  -6  -5  -4  -4  -4  -2    0   0   0   0   0   0   0   0   0  12  86   0   0   2   0   0   0   0   0   0  1.58 0.51
   13 A     1   5  -2  -3  -2   0  -2  -2  -3   1  -1   2  -1   0  -3   0  -1  -1  -1  -2   15  35   1   0   1   2   0   1   0   9   5  15   1   5   0   6   2   1   1   1  0.44 0.24
   14 A     2   1   0   2  -2   1   2  -2  -1  -3  -3   1  -3  -4  -3   1   0   0  -2  -2   24   8   3  13   1   7  14   1   1   0   1  10   0   0   0   8   6   2   0   1  0.30 0.18
   15 V    -2   2  -1  -2  -2   3   3  -3  -1  -2   1   2   0  -3  -3  -2  -1  -4  -1  -1    2  11   1   0   1  18  20   0   1   1  17  15   3   0   0   1   2   0   2   5  0.37 0.22
   16 L    -4  -5  -6  -7   0  -5  -6  -7  -6   0   6  -5  -1  -3  -6  -5  -4  -5  -4  -2    0   0   0   0   2   0   0   0   0   2  96   0   0   0   0   0   0   0   0   0  1.80 0.57
   17 R    -1   3  -2   1  -2   0  -1  -2  -2   0   1   3   0  -2  -3  -1  -1  -4  -3   0    4  18   1   8   1   4   1   2   0   6  20  22   2   1   0   2   2   0   0   5  0.23 0.17
   18 Q    -1   1  -1   1  -4   3   3  -2  -2  -4  -3   4  -3  -3  -3   1  -1  -4  -3  -3    5   5   1   6   0  14  18   1   0   0   2  33   0   1   0   9   3   0   0   1  0.55 0.26
   19 Y    -5  -2  -2  -5  -1  -3  -5  -6   5  -4  -1  -4  -1   3  -6  -4  -4  -2   8  -4    0   2   2   0   2   1   0   0  15   0   6   0   2  10   0   0   0   0  61   0  1.79 0.56
   20 N    -2  -2   3  -1  -5  -2  -3   6  -4  -6  -6  -3  -3  -1  -4  -1  -4  -5  -5  -5    1   2  14   2   0   1   1  69   0   0   0   1   1   3   0   5   0   0   0   0  1.36 0.44
   21 I    -1  -4  -3  -4  -3  -3  -3  -5  -2   5   1  -4   0   2  -5  -3  -3  -4   0   3    3   0   1   1   0   1   1   0   1  41   7   0   2  11   0   1   0   0   3  27  0.75 0.30
   22 P    -1  -1   2   1  -2   0   0  -3  -1  -3  -4   2  -3  -5   5   1   1  -5  -4  -3    3   2  13   6   1   3   3   1   2   1   0  16   0   0  28  12   9   0   0   1  0.60 0.26
   23 H     0  -2   1  -2   0  -1  -2  -1   6   0  -2  -2  -2  -1   1   0   0  -3   0   1    5   0   6   0   2   0   0   5  39   6   0   0   0   2   6   8   6   0   2  12  0.42 0.17
   24 G    -1  -3  -1  -2  -3  -2  -3   5  -3  -3  -1  -2   0  -3  -3   0   0  -3  -3  -1    0   0   0   0   0   0   0  69   0   0   6   0   4   0   0   7   7   0   0   4  0.84 0.20
   25 P     0  -3   1  -3  -4  -3  -3  -3  -3  -4  -4  -2  -4  -5   8  -2  -2  -5  -4  -4    9   0   8   0   0   0   0   0   0   0   0   0   0   0  83   0   0   0   0   0  2.05 0.34
   26 I    -1  -2  -2  -2  -2  -2  -2  -2  -2   1   1  -2   2   2   2  -1   1  -2   0   1    1   1   1   1   0   1   1   1   0  13  14   1  13  13  13   1  13   0   0  13  0.19 0.07
   27 V    -2  -3  -1  -3  -3  -3  -3   0  -4   0   1  -1   0  -2  -3  -1   2  -4  -3   4    0   0   3   0   0   0   0   6   0   2  11   4   2   0   0   3  18   0   0  49  0.50 0.30
   28 G     2  -1  -1   2  -3   0   1   4  -2  -3  -3  -1  -3  -4   1   0   0  -4  -3  -2   17   2   1  12   0   4   8  34   0   0   1   3   0   0   6   3   5   0   0   2  0.42 0.22
   29 S    -1  -2  -1  -2   2  -1  -1  -2   1  -3  -1   0  -2  -3  -3   4   3  -4  -3  -1    2   0   2   0   4   1   3   1   4   0   5   7   0   0   0  43  23   0   0   3  0.54 0.34
   30 T    -2  -3   1  -3  -3  -3  -3   0   1  -3  -1  -3  -3  -1  -3   0   6  -4  -3  -1    1   0   8   0   0   0   0   6   4   0   7   0   0   3   0   3  63   0   0   3  0.92 0.45
   31 R    -3   7  -1  -1  -5   1  -2  -4   0  -4  -4   0  -3   0  -4   0  -3  -4  -3  -3    1  65   3   4   0   6   0   0   2   0   1   3   0   5   0   6   0   0   0   2  1.17 0.49
   32 K    -1   1   1  -1  -3   1  -1  -1   2  -3  -3   3  -1  -2   0   1   0  -3   1  -2    4   8   9   1   0   5   2   2   6   1   1  28   2   1   3  13   6   0   6   1  0.28 0.21
   33 L    -2  -3  -3  -4  -3  -3  -3  -4  -3   1   3  -3   0  -1   2   0   0  -3   1   2    1   0   0   0   0   0   0   0   0   5  41   0   0   2  10   6   7   0   7  19  0.44 0.27
   34 Y    -3  -4  -2  -4  -1   0  -4  -4  -1  -3   0  -3   3   1   0  -1  -2  -1   8  -3    0   0   1   0   1   5   0   0   0   0   8   0   8   4   5   4   2   0  59   0  1.28 0.54
   35 E     0   0  -2  -1  -4   2   5  -3   2  -1  -2  -1  -3  -4   0  -2  -2  -4  -3  -1    7   3   0   0   0   8  53   1   6   5   4   2   0   0   4   0   2   0   0   4  0.73 0.41
   36 K    -2   2   0  -1  -4   0   1   0  -2  -4  -2   5  -3  -4   1   0  -1  -4  -3  -4    2  11   4   3   0   3   6   7   0   0   4  46   0   0   6   5   2   0   0   0  0.61 0.35
   37 K    -3   1  -2  -1  -4   0  -1   0  -3  -4  -4   6  -1  -4  -1  -1  -1  -4  -4  -1    1   5   0   3   0   3   3   8   0   0   1  59   2   0   3   4   4   0   0   5  0.86 0.45
   38 I    -1  -4  -4  -4  -3  -3  -4  -4  -4   2   4  -4   1  -2  -4  -1   0  -3   1   1    6   0   0   0   0   0   0   0   0  13  55   0   2   0   0   4   5   0   6   7  0.68 0.36
   39 F    -1   1  -1  -1  -1   2   0  -2   1  -1   1   0   0   2  -2  -1   0  -2   2   0    4   8   2   1   1  11   8   2   4   2  13   5   2  11   0   4   5   0   8   8  0.10 0.12
   40 E    -1   1   0   0  -3   2   3  -2   1  -2  -3   2  -1  -3  -2   1   1  -4  -3  -3    4   8   4   3   0   9  19   2   4   2   2  18   1   0   0  10  12   0   0   0  0.33 0.23
   41 Y     1  -2  -3  -3  -1  -2   0  -3   0   0   2  -2   0   2   0  -1   0  -2   3  -1   13   0   0   0   1   0   7   1   3   3  27   2   2   7   6   3   7   0  13   3  0.21 0.19
   42 E    -1   1  -3  -3  -3   0   2  -4  -3   0   2  -1   4  -2   0  -2  -1   3  -3  -1    6   9   0   0   0   3  16   0   0   3  25   2  16   0   5   2   3   5   0   1  0.37 0.31
   43 T     0   0   1   1  -3   1   1  -1   1  -3  -2   1  -2  -3  -1   1   2  -3   0  -2    9   4   5   6   0   5   8   5   4   0   2  10   0   0   3  13  20   0   3   2  0.21 0.18
   44 Q    -1   1   1  -1  -4   4   1   1  -1  -4  -3   2  -3  -4   0   1  -2  -4  -2  -3    2   5   5   2   0  25  10  11   1   0   2  13   0   0   5  13   1   0   1   1  0.41 0.29
   45 R    -1   2   0  -1  -2   0   0   3   0  -3  -2   1  -2  -3  -1   1   0  -1  -3  -2    4  16   5   3   1   3   7  26   3   0   3   8   0   1   3   9   5   1   0   2  0.27 0.19
   46 R     0   2  -1  -2  -3   0   1   1  -2  -2  -2   1  -1  -3   3   1   1  -3  -3  -2    7  13   3   1   0   4   9  10   0   1   2   9   1   0  15  12  10   0   0   3  0.27 0.20
   47 R    -1   3   0  -1  -1   2   0  -1   0  -1  -2   2  -2  -2   1   1   1  -3  -1   0    4  18   3   1   1   9   6   3   2   2   3  13   0   1   6  10   8   0   1   7  0.19 0.16
   48 L     0   0   0  -1  -2   1   0   0   1  -1   0   0   0  -1   2   1   0  -2   0  -1    9   6   4   3   0   8   4   7   4   2   9   6   2   2  10   9   7   0   4   5  0.08 0.07
   49 L    -1   1   0   0  -2   0   0   1   2  -2  -2   0  -2  -3   3   1   0  -1  -1  -1    4   7   4   4   1   5   6   9   5   2   3   4   1   0  18  13   6   1   2   4  0.23 0.17
   50 P     0  -1   0  -2  -2   0  -1   0  -2  -2  -2  -1  -2  -3   5   1   1  -4  -3  -2    7   3   3   2   1   3   4   8   1   2   4   3   1   1  34  11   7   0   1   3  0.56 0.33
   51 P     0   0   1   0  -3  -1  -1  -1   1  -2  -1   0   0  -2   5   0  -1  -1   0  -1    7   4   6   4   0   2   4   4   3   1   5   6   3   2  28   7   4   1   3   4  0.36 0.23
   52 N     0   0   1  -1  -2   0   1   1   0  -2  -1   1  -3  -4   2   2   0  -4  -3  -2    6   6   6   3   1   4   8  11   2   2   6   8   0   0  10  17   6   0   0   2  0.18 0.18
   53 S     1  -1   0   0  -2   2   1   1  -3  -3  -3   0  -1  -3   2   2   0  -4  -4  -1   10   2   3   5   1   8   9  10   0   1   2   4   2   1  12  18   6   0   0   6  0.26 0.24
   54 S     1  -1   1   0  -2  -1   0   0   0  -2  -2  -1  -1  -2   2   2   0  -4   0   0   11   3   7   6   1   3   6   6   2   1   4   3   1   1  10  22   5   0   3   6  0.17 0.19
   55 S     0   0   0   1  -3   0   0   0   0  -2  -1   0  -1  -1   1   2   1   0   0   0    7   4   3   9   0   3   6   7   2   2   5   4   1   2   8  17   8   1   3   7  0.10 0.12
   56 S     1   1  -1   1  -3   0   0  -1   0  -1  -2   0  -1  -1   1   2   1  -3   0  -1   11   7   2   7   0   4   5   4   2   3   4   4   2   2   6  18  12   0   4   4  0.13 0.16
   57 S     0   0   1   1  -2   0   1   0   1  -1  -2   0  -2  -2   2   1   1  -3   0  -1    7   4   5   8   0   3   8   7   3   3   4   5   1   1  11  12  10   0   4   4  0.13 0.13
   58 F    -1  -1   0   2  -2   0   1  -1   0  -1  -1  -1  -1   1   1   1   1  -1   0  -1    2   3   3  12   1   3  10   5   2   2   7   2   1   7   6  14  11   1   4   4  0.11 0.15
   59 S    -1   0   0   1  -2  -1   0   0  -1  -1  -2  -1  -2  -1  -1   3   1  -3   2  -1    4   4   5   9   1   2   6   5   1   3   3   3   1   2   3  27   9   0   8   3  0.24 0.24
   60 Y    -1   2   0   1  -3   0   1  -1  -1  -2  -3   0  -1  -1   1   1   0   1   3  -1    4  11   3   9   0   4   8   4   1   1   2   4   2   2   9  11   6   2  12   6  0.20 0.19
   61 Q     0   2  -1   1  -2   2   2   1   1  -4  -3  -1  -2  -4   0   1   0  -4  -2  -2    6  12   3   8   1   9  16  11   3   1   3   3   1   0   4  12   6   0   1   2  0.25 0.22
   62 F    -1   0   0   0  -1   0   2  -1   1  -1  -1  -1  -2   2  -2   0   0  -2   2   0    4   6   5   5   1   5  16   5   4   3   7   3   0   9   1   9   4   0   8   7  0.10 0.13
   63 S    -1  -1   1   2  -4   0   3  -2   2  -2  -3  -1  -2  -4   1   3  -1  -4  -4  -1    3   3   6   9   0   4  21   3   4   2   2   3   1   0   8  22   2   0   0   4  0.39 0.31
   64 D    -1   0   0   3  -4   1   2   0  -2  -3  -2  -1  -1  -1   2   0   0   0  -2  -1    4   6   5  20   0   5  12   6   0   1   3   3   1   3  10   7   6   1   2   4  0.26 0.21
   65 L     0   1   1   0  -3  -1   1   0  -1  -1  -1   0  -1   0   0   1   1  -3   0  -1    6   9   6   4   0   2   9   6   1   2   7   4   2   4   4  14  10   0   3   5  0.08 0.10
   66 D    -1   0   1   3  -2   0   2  -1   0  -2  -3   0  -3  -2   0   1   1  -4   0  -1    4   4   5  20   1   4  12   3   2   2   2   4   0   1   4  14   9   0   3   6  0.25 0.22
   67 S    -1  -1   1   0  -4   1   2  -1  -3  -3  -3   0  -3  -3   1   3   1  -2  -1  -2    4   3   7   4   0   6  16   3   0   2   2   5   0   1   8  23  10   1   2   2  0.32 0.29
   68 A     0   1   0   0  -1   0   2   0  -1  -2  -1   0  -2  -3   1   1   0  -1  -1  -1    7   7   3   4   1   4  19   8   1   2   6   3   0   1   6  15   5   1   2   4  0.15 0.18
   69 A    -1   1   0   2  -2  -1   3  -2   0  -2  -2   0  -2  -2   1   2   0  -4   0  -1    4   7   4  10   1   2  19   3   3   2   3   5   1   1   7  15   5   0   3   4  0.21 0.21
   70 V     0   1   1   0  -3   0   0   0  -1  -1  -1  -1  -1   0   0   1   0  -3   1   1    5   8   7   5   0   3   7   7   1   4   4   2   1   5   3  14   6   0   5  12  0.06 0.11
   71 D    -1   0   0   3  -2   0   1  -3   1  -2  -3  -1  -2  -3   1   0   0  -1   1   0    4   6   4  22   1   3  10   2   4   2   2   2   1   0   8   8   6   1   6   8  0.27 0.24
   72 S     0   1   0   0  -2   0   1   0  -1  -3  -2   0  -2  -3  -2   4   1  -4   0  -2    7   7   3   5   1   4  10   6   1   1   3   5   1   1   2  31   7   0   4   2  0.30 0.29
   73 D    -1   0  -1   5  -4   0   3  -1  -3  -2  -3  -1  -1  -3   0   0  -1  -5  -2  -1    5   5   2  31   0   4  16   4   0   3   2   3   1   1   5   8   4   0   2   4  0.48 0.35
   74 M    -1   0   0   0   2   0   0  -1   2   0  -1   0   2   1   0  -1   0   3   1  -1    5   5   5   5   5   5   5   5   5   5   5   5   5   5   5   5   5   5   5   5  0.08 0.08
   75 Y    -1   0  -1   0   0   0   2  -2   0  -2  -1  -1   0   1   1   0  -1  -3   4  -1    5   6   3   4   2   3  13   4   2   2   5   4   2   6   8   8   4   0  16   3  0.21 0.23
   76 D     0   1   0   2  -3   1   1   0   1  -1  -2   0   0  -1   0   1   0  -4   0   0    6   7   5  13   0   5   7   6   4   3   4   5   2   2   4  11   5   0   3   8  0.10 0.12
   77 L    -1   1  -1   0  -4   0   1   0   2  -1   0  -1  -3  -1   0   2   1  -4   0  -1    4   9   2   5   0   3  10   6   5   3   8   4   0   3   4  15  11   0   3   5  0.11 0.16
   78 P    -1  -1   1   0  -5   1   1   0   0  -4  -2   1  -1  -5   5  -1  -1  -5  -5  -2    4   4   6   4   0   5   9   6   2   0   4   8   2   0  33   4   3   0   0   4  0.60 0.42
   79 K     0   2   0   1  -1   0   1  -1  -1  -1  -1   1  -1  -2   0   1   0  -4  -2   1   10  11   3   7   1   2  10   3   1   3   5  10   1   1   5  10   4   0   1  11  0.10 0.13
   80 K    -1   2   1   0  -4   0   1  -2   1  -1  -1   2   0  -3   0   1   1   1   0  -1    4  11   8   4   0   4   9   2   3   3   5  11   2   0   4  10  10   2   3   3  0.15 0.18
   81 E     0   1  -1   1  -4   1   3   1  -1  -3  -3   0  -1  -3  -1   1  -1  -4  -1  -2    7  10   2   9   0   6  21  10   1   1   2   4   2   1   3  12   3   0   2   3  0.26 0.26
   82 D     0   0   1   2  -4   1   2  -1   1  -3  -3   0  -1  -2   1   1   1  -4  -2  -1    6   6   5  12   0   5  14   4   3   0   2   5   2   1   8  13   7   0   1   4  0.22 0.22
   83 A     0   0   1   0  -1   0   0   1   0   0  -2   0   0  -1   0   1   1  -1   0   0    6   5   6   5   1   3   7  10   2   5   2   4   2   2   5  13  12   1   4   7  0.07 0.11
   84 L     0   1  -1   1  -1  -1   0  -1  -1   0   1   0   0   0   2   1   0  -3  -1   0    7   7   2   7   1   2   7   3   1   4  13   5   2   4   9  12   6   0   2   5  0.07 0.10
   85 L     0   0   0   0   2   0   0  -1   1   0  -1   0   1   0   0   0   0  -2   1   0    5   5   5   5   5   5   5   5   5   5   5   5   5   5   5   5   5   0   5   5  0.03 0.05
   86 Y     0   1  -1  -1  -4  -1  -1   0   2  -1  -1  -1   0   0   0   1   0   1   4   0    7   9   3   3   0   2   5   7   5   3   4   4   2   4   4  10   5   2  15   6  0.16 0.19
   87 Q    -1   0   0   0   2   0   0  -1   2   0  -1   0   2   0   0  -1   0   3   1  -1    5   5   5   5   5   5   5   5   5   5   5   5   5   5   5   5   5   5   5   5  0.08 0.08
   88 S     0   1   1   0   1   0   0   0   1  -1  -2   1   1  -1  -1   1   0  -5  -4  -1    8   9   6   5   3   4   7   7   3   3   4   8   3   3   4  12   7   0   0   5  0.10 0.11
   89 K    -1   1   0   0  -4   1   2  -1   2  -1  -1   1   0  -1   0   0   0   1  -1   0    3   9   4   5   0   8  14   5   5   3   5   8   3   3   4   7   5   2   2   6  0.11 0.14
   90 D    -1   1   1   1  -4   0   1   1   0  -2  -2   1   0  -2   1   0   1   1  -1  -2    5   7   9   9   0   4   7  10   2   3   2   8   2   2   8   8   9   2   2   3  0.14 0.15
   91 Y    -2   0   0  -1   0   1   0  -1   2  -1  -1  -1   0   0   1   1   0   0   3  -1    2   6   5   3   2   7   6   4   6   3   5   3   2   5   7  11   6   1  12   5  0.15 0.19
   92 N    -2   2   3   0  -1   1   0  -2   0  -3  -2  -1  -1  -1  -1   2   2   0  -1  -1    2  11  14   5   1   5   6   3   2   1   3   3   2   3   4  14  11   1   2   5  0.22 0.25
   93 D    -1   1  -2   2  -1  -1   2  -3  -1  -3  -3   0  -1  -3   2   2  -1  -5   0   0    6   9   2  12   1   2  13   2   1   1   3   5   1   1  12  15   4   0   4   7  0.28 0.29
   94 D     0   0   0   0  -2   0   0   0   1   0  -1   0   1   0   1   0   0  -2   1   0    6   6   5   6   0   5   6   6   5   6   6   6   5   5   6   6   6   0   5   6  0.03 0.06
   95 Y    -1   3  -1  -1   0   0   0  -2   1  -2  -2   0   0   0   1   0  -1   2   4  -2    4  15   3   4   2   5   5   3   3   3   3   4   2   3   7   8   4   3  17   3  0.26 0.26
   96 Y    -1   0  -1  -1   2   0   0  -1   1  -1  -1  -1  -3  -1   1   2   0   1   2   0    4   5   3   4   5   4   8   5   3   4   5   3   0   2   6  15   5   2   8   8  0.10 0.15
   97 E    -1   2  -1   1  -4   1   3  -2   0  -2  -3   1  -3  -2   1   1  -1   0  -1  -1    5  10   2   9   0   4  21   3   2   3   2   7   0   2   7  11   4   1   2   4  0.24 0.25
   98 E     0   0  -1   1  -5   1   4  -2   1  -2  -2   0  -4  -1  -1   1   0  -5  -1  -1    6   5   2   7   0   5  33   2   3   2   4   4   0   2   2   9   6   0   2   4  0.39 0.35
   99 S     0   1   1   0  -1  -1   0  -1  -1  -2  -2   1   0  -1   0   3   1  -4   1  -1    5   6   6   6   1   3   5   4   1   2   4   7   2   2   5  24   7   0   5   3  0.17 0.22
  100 Y    -2   0  -1  -1   0   0   1  -3   2  -1  -2  -1   0   1   1   0   2  -3   4   0    3   5   2   3   2   3   8   2   4   3   4   3   2   7   7   8  12   0  16   6  0.22 0.24
  101 L     0   0   0   0   0   0   0  -1   1   0   0  -1   0   0   1   1   1  -3   0   0    5   4   3   4   2   4   7   4   4   5   9   3   3   4   6  11  11   0   4   7  0.04 0.07
  102 T     0   0  -1   1   0  -1   1  -2   0  -1  -2   0   0  -1   2   2   2  -4  -1   0    6   4   3   7   2   3   9   2   2   2   3   4   2   3  10  15  13   0   2   7  0.15 0.20
  103 T    -1   1   0   0   0   0   0  -2   1  -1  -1   0   0  -1   2   0   2  -3   1  -1    5  10   4   5   2   3   5   3   3   3   4   4   2   2  11   8  16   0   7   3  0.15 0.19
  104 K     0   0   0   0   2   1   0   0   1   0  -1   0   1  -2   1   0   0  -3   1   0    6   6   5   6   5   5   6   6   5   6   6   6   5   0   6   6   6   0   5   6  0.04 0.08
  105 T    -1   0   0   0  -3   0   1  -1   0  -1  -1   0   0   0   1   1   2   2   0  -1    4   4   4   5   0   4  10   4   3   4   4   7   3   4   8   9  13   3   4   4  0.10 0.14
  106 Y    -1   0  -1   0  -1   0   1  -1   0  -2  -2   0   0   0   2   1  -1   2   4  -1    4   4   3   5   2   4   9   4   2   2   4   5   3   3  11  10   4   2  16   4  0.22 0.23
  107 G     1   0   0   0   0   0   0   1   0  -1  -2   0  -1  -2   2   1   0  -3  -1  -1   11   6   3   6   2   4   6  10   2   3   4   6   2   2   9  11   6   0   2   5  0.09 0.11
  108 E    -1   2   1   0  -4   1   2  -2   0  -1  -1   1  -2  -1   1   0  -1  -4  -1   0    4  11   6   5   0   7  14   3   2   4   6   9   0   2   6   8   4   0   3   6  0.15 0.16
  109 P    -1   0   0   0  -4   1   1  -2  -1  -1  -1  -1  -1   0   4   0   0  -5  -2  -1    5   5   5   5   0   5   8   3   2   3   6   4   1   4  25   8   6   0   1   4  0.34 0.29
  110 E     0   1   0   0  -4   1   2  -1   1  -1  -1   0   0  -1   1   0   0  -4  -3  -1    7  10   4   4   0   8  16   4   4   3   5   5   3   3   8   6   5   0   0   4  0.15 0.17
  111 S     0   0   1   1   1   0   0  -1   1  -1  -1   0   1  -1   2   1   0  -3   0  -1    7   4   6   9   3   5   7   4   4   4   4   4   4   3   9  11   5   0   3   4  0.08 0.10
  112 V     0   0  -1  -2  -1  -1   1  -2  -1  -1  -1   0  -1   0   3   0   0   1  -1   2    8   5   3   2   1   3   9   2   2   3   5   5   2   5  14   8   5   2   2  16  0.15 0.18
  113 G     0  -1   0  -1  -1   0   0   2   0  -1  -1   0  -2  -1   1   1   0   0  -1   0    6   4   5   3   2   4   7  17   2   3   7   4   0   2   6  15   5   1   2   6  0.10 0.13
  114 M     1   0  -1  -1  -4   0   0  -2   0  -1   0   0   2  -1   3   0   2  -4  -1   0   10   4   3   3   0   3   5   2   2   3   8   4   5   2  16   8  12   0   2   7  0.19 0.20
  115 S     0   0   1   0  -3   1   0   0   2   0  -1   0  -1  -2   1   0   0   3  -2   0    6   6   6   6   0   6   6   6   6   6   6   6   0   0   6   6   6   6   0   6  0.09 0.10
  116 K     0   1   0  -1   0   0   0  -1   1  -1  -2   2   0  -1  -1   0   0   3   1   0    7   9   4   3   2   3   6   4   3   3   2  14   3   2   3   8   7   4   4   8  0.11 0.14
  117 S     0   0   0  -1  -4   0  -1   1   0  -2  -2   0   0  -1   2   2   1   1   0  -1    6   4   5   3   0   4   3  12   2   2   3   5   3   2   9  18   7   2   3   5  0.16 0.19
  118 F    -1   2  -2  -4  -1  -2  -1  -3  -1   0   0   0   0   2  -2  -1   0   1   4   1    5  11   2   0   1   1   4   2   1   6   8   6   3  10   2   4   7   1  16  10  0.26 0.24
  119 R    -1   4   1  -1   0   0   0  -2   1  -1   0   0  -1  -2   1   0  -1   0  -2   0    4  24   6   3   2   4   4   3   3   4   9   4   2   2   6   9   4   1   1   6  0.19 0.21
  120 Q    -2   1   1  -1  -4   3   0   0   1  -3  -1   0  -3  -2  -1   2   0  -5  -2  -1    3   9   7   3   0  16   6   6   3   2   5   6   0   2   3  18   5   0   1   4  0.23 0.29
  121 P    -1   1  -1  -2  -4   1   0  -2   3  -1  -2   0  -3  -1   3   1   1  -4   0  -1    4   9   2   2   0   5   6   3   8   3   3   5   0   3  18  10   8   0   4   3  0.27 0.28
  122 G     0   1   1   0  -1   0   0   0   1  -1  -1   0  -1   0   1   1   0  -3  -1  -1    9   7   7   4   1   5   4   7   4   4   4   7   2   5   6  11   4   0   1   5  0.06 0.08
  123 T     0  -1   0   1   1   0   0  -1  -1  -1  -2   1  -1  -1  -1   1   2  -4   2  -1    8   3   3   7   4   3   5   4   2   3   2   8   1   3   3  13  17   0   7   4  0.15 0.20
  124 S     0  -1  -1   0   0   0   0  -1   0  -2  -1   0  -1  -2   2   3   2  -4  -1  -1    6   3   2   6   2   5   5   5   2   2   5   5   2   1  11  21  11   0   2   4  0.20 0.24
  125 L    -1   0   0  -1  -3  -1   1  -2   1  -1   1   0  -1   0   1   0   0   0   0   0    5   5   4   3   0   2  11   1   3   3  18   6   1   4   7   9   6   2   3   6  0.08 0.13
  126 V     0   0  -1  -1  -4   0   0  -1  -1  -1  -1   1  -1  -4   3   2   0   0  -1   0    6   6   2   3   0   3   6   4   1   4   5   7   1   0  16  18   5   1   2   9  0.22 0.24
  127 D     0   1   0   3  -4   0   1  -1   2  -1  -2   0  -1  -4   0   1   1  -5  -4  -1    7   9   3  18   0   3   8   5   5   3   3   4   1   0   4  11   9   0   0   5  0.23 0.23
  128 A     1   1   0  -1  -4   0   1   0   3  -2  -1  -1  -1  -3   2   1   0   0  -2  -2   13   7   4   3   0   4   9   6   8   3   6   2   1   1  11  13   6   1   1   3  0.18 0.21
  129 D    -1   2   0   3  -2   0   2  -1   1  -2  -2   0  -3  -1   0   1   0  -4  -1  -2    5  10   4  16   1   4  15   5   3   2   5   4   0   2   5   9   5   0   2   3  0.21 0.21
  130 T    -2   1  -2  -1  -2  -1   1  -1  -1  -1  -2   0  -2  -3   0   3   4  -5  -4  -1    1   8   1   2   1   2   9   4   1   3   3   4   1   1   5  24  23   0   0   4  0.41 0.40
  131 F     0   2  -2  -1  -1   0   0  -2   1  -2   0  -1   1   2   0   1  -1   1   2  -2    7  13   1   4   1   4   5   3   4   2   9   2   3  11   4  12   3   2   9   2  0.15 0.19
  132 H    -2   1  -1   0  -4   0  -1  -1   3  -2  -1   0   0  -2  -1   3   1  -4   1  -1    3   7   2   5   0   5   4   5   8   2   5   6   2   2   4  22  10   0   5   4  0.22 0.26
  133 H    -1   1   1  -1  -1   0   0   0   2  -2  -2   0   0  -1   2   2   1  -4   1  -2    3   8   6   2   1   4   5   6   5   1   5   6   2   2  10  17   9   0   5   3  0.17 0.20
  134 Q    -1   1   0   0   1   2   0  -2   1  -1  -1   0   1  -1   1   0   0   2   2  -3    4   8   4   6   3  11   6   3   3   3   6   6   4   3   6   7   7   3   7   0  0.12 0.17
  135 V     0   0   0  -1  -2   0   0   0   1   1   0   0   1   0   0   0   0   2   0   0    5   7   3   4   0   4   6   6   4  10   6   5   6   4   4   8   5   3   4   8  0.03 0.06
  136 R     0   2   0   0   0   0   0  -1   1   0  -1   0   0  -1   2   1   1   1  -1  -1    8  14   3   4   2   4   4   4   4   5   5   5   2   2   9   9   7   2   2   5  0.09 0.12
  137 D    -1   0   0   2  -4   0   2  -1  -1  -1  -2   0  -3  -1   1   1   0   2  -1  -2    5   6   5  14   0   4  16   4   2   3   4   6   0   3   7   9   5   3   2   3  0.19 0.20
  138 D     0   0   0   0   2   0   0  -1   2   0  -1   0   1  -2   0   0   0   3   1   0    5   5   5   5   5   5   5   5   5   5   5   5   5   0   5   5   5   5   5   5  0.07 0.11
  139 I     0   0   0  -1   0   0   0   0  -2   0  -1   0   0   0   1   0   0   3   0   1    6   6   3   4   3   3   5   7   0   4   6   6   3   3   6   7   6   4   3  14  0.04 0.08
  140 F     0   0   0   0   0   0   0   0   1  -1   0   0   1   0  -1   0   0  -2   2  -1    5   4   5   6   2   5   5   6   4   3  10   6   4   4   3  10   6   0   8   4  0.03 0.07
  141 S     0  -1   0   0   0   0   0  -1  -3  -2  -2  -1   0   1   1   3   1  -4  -1  -1    7   3   3   4   2   5   6   4   0   2   4   4   2   8   6  27   7   0   2   5  0.20 0.26
  142 S     1   1   0   1   0  -1   0  -1  -1  -2  -2  -1   0  -2   2   3   0  -4   0  -1    9   7   5   7   2   3   5   3   2   2   3   3   2   1  11  22   6   0   4   4  0.20 0.24
  143 L     0   1  -1   0  -1   0   1  -1   1  -1  -1  -1  -1  -2   2   2   0  -1   0   0    6   7   2   5   1   3   9   5   3   4   4   3   2   2  11  18   5   1   3   6  0.13 0.18
  144 E     0   1  -1   1  -1   1   3   0  -1  -2  -2   0  -1  -2  -1   2   0  -4  -1  -3    6   8   2   8   1   5  19   8   1   3   4   5   1   1   3  15   6   0   3   2  0.19 0.23
  145 E    -2   1  -1   0  -5   1   3  -2   0  -3  -1   1   0  -2   2   0  -1   1   0  -2    3   8   3   4   0   7  24   3   2   1   6   7   2   2   9   8   3   2   4   2  0.28 0.29
  146 E    -1  -1   0   2  -4   0   2  -1  -1  -1  -2  -1   0  -2   2   1   3  -5  -2  -2    4   4   4  11   0   3  16   5   2   3   3   2   3   2   9   9  17   0   1   3  0.26 0.27
  147 G     0   0  -1  -1  -1  -1   0   1  -1  -1  -2  -1   0   0   2   2   1   0   0  -1    6   4   3   3   1   2   6  13   1   3   3   4   3   4  10  18   8   2   3   4  0.15 0.19
  148 K     0   1   0  -1  -4  -1  -1   0  -1  -1  -1   2  -1  -4   2   2   2  -4  -1  -1    6   7   3   2   0   1   4   6   1   3   8  12   1   0  10  15  12   0   2   5  0.18 0.21
  149 D    -1   1   0   2  -2  -1   1  -1   0  -2   0  -1   0  -1   1   1   0  -4   0   0    4   7   3  14   1   2   7   4   2   2   8   4   2   2   8  14   7   0   3   7  0.12 0.16
  150 R    -1   3  -1   0  -4  -1   0   0  -1  -2  -1   1  -1  -2  -1   2   1   2   0  -1    5  17   2   5   0   2   5   6   1   1   5   8   1   2   3  14  11   3   3   5  0.17 0.21
  151 E     0   0   0   0  -3   0   0   0   1   0  -1   0  -1   0   0   0   0   3   1   0    6   6   5   6   0   5   6   6   5   6   6   6   0   5   6   6   6   5   5   6  0.06 0.08
  152 R    -1   3   0  -1   2   0   0  -1   1  -2  -2   0   0  -4   0   0   1   2   2  -1    4  17   5   3   4   4   6   6   3   3   5   5   3   0   5   6   9   3   6   4  0.19 0.19
  153 L    -1   0   0   0   2   0   0  -1   2   0  -1   0   1   0   0  -1   0   3   1  -1    5   5   5   5   5   5   5   5   5   5   5   5   5   5   5   5   5   5   5   5  0.07 0.08
  154 I    -1   0   0  -1   1   0  -1  -1  -3   0  -1  -1   2   1   0   1   1   2   1   1    4   5   5   4   3   4   3   5   0   7   5   3   5   8   5   9   9   3   5   8  0.08 0.10
  155 Y    -1   0  -2  -1   1  -1  -1  -2   0   0   0   0  -1   0   2   1   0  -3   3  -1    4   5   1   3   3   3   4   3   2   6  12   5   1   4  12  12   4   0  12   4  0.17 0.20
  156 G    -1   1  -1   1  -1   0  -1   2  -2  -1  -1   1   1  -3  -1   2   0  -4  -2  -1    4   9   3   8   1   3   3  15   1   4   5   9   3   1   2  17   6   0   1   3  0.18 0.20
  157 Q    -1   2   0   0  -4   1   2  -1  -1  -2  -1   1   0  -2  -1   2   1  -4  -1  -1    4  10   4   5   0   5  14   5   1   2   5   7   2   1   3  14  11   0   2   4  0.18 0.22
  158 D     0   0   0   2  -2   0   1  -1  -1  -1  -1   0   1  -2   0   1   0  -1  -2  -1    6   6   5  15   1   5   7   6   1   3   7   5   4   2   4  12   6   1   1   3  0.12 0.14
  159 S     0   0   0   0  -1  -1   0  -2  -1  -1  -2  -1   1   2   0   3   2  -4  -1  -2    7   4   4   5   1   2   7   3   2   4   2   3   4   8   6  23  11   0   2   2  0.21 0.26
  160 A     1   0   1   0   0   0   0  -1   1  -2  -1   0   0  -1   1   1   1   0  -1  -1   10   6   5   6   2   3   5   5   3   2   5   5   3   3   6  14  10   1   1   3  0.09 0.12
  161 Y     0   1   0   0  -4  -1   0  -1   0  -1  -1   0   0   0   1   0   0   1   3   0    6   8   4   6   0   2   6   4   3   2   6   6   2   3   9   6   5   2  13   9  0.12 0.16
  162 Q    -2   1   1   1  -4   3   1   0   0  -2  -3   0   0  -1   2   0   0  -4   1  -2    3   9   7   6   0  13   9   7   2   2   2   4   3   3  10   7   6   0   5   3  0.20 0.23
  163 S     0   0   0   0   2   0   0  -1   1   0  -1   0   1   0   0   0   0  -2   1   0    5   5   5   5   5   5   5   5   5   5   5   5   5   5   5   5   5   0   5   5  0.03 0.05
  164 I    -1  -1   0  -1   0  -3  -3  -1  -3   2   1  -1   2  -3  -1   0   1  -4  -1   2    5   4   4   3   2   0   0   5   0  15  12   3   5   0   3   8  10   0   3  16  0.16 0.18
  165 A     1   0   1  -3   0  -1  -1  -2   0  -1  -1  -1   1  -1   1   3   0   1   0  -1   11   4   6   0   2   2   3   3   2   4   6   4   4   2   8  25   6   2   3   3  0.19 0.23
  166 H     1   1  -1   0   0   2   1  -1   2  -2  -2   0  -2  -2   1   0   1  -3   2  -2   13   8   2   4   2   9   8   3   7   2   4   4   0   1   6   7   9   0   9   2  0.15 0.19
  167 Y     0   0   0   0  -3   1   0   0   2  -2  -1   0   1   1   0   0   0   3   1  -1    6   6   5   6   0   5   6   6   5   0   6   6   5   5   6   6   6   5   5   6  0.08 0.12
  168 R    -1   4   0  -2   0   1   0  -2  -2  -2  -2   1   0  -1  -1   0   2  -4   0  -2    4  24   4   2   2   6   5   3   0   3   3   9   2   3   3   8  13   0   4   3  0.25 0.26
  169 P    -3   0  -2   1  -1  -3  -1   0   0  -2  -3  -1  -4  -1   6   0  -1   0  -4  -2    0   5   2   9   1   0   5   8   2   2   3   3   0   3  42   8   3   2   0   3  0.82 0.54
  170 I     0  -1  -1   0   0   0   0  -1  -2   1   0   0   0  -1  -1   0   0  -3   0   1    8   3   3   4   2   5   9   5   0  14   9   6   2   2   3   6   5   0   4  11  0.03 0.08
  171 S     0   0  -1  -1  -1   0   0   0   0  -2  -2   0  -3  -2   1   3   1  -4  -1  -1    8   6   2   2   1   4   4   7   3   2   3   6   0   1   8  24   9   0   2   5  0.18 0.23
  172 N     1   0   2   1  -3   0   1   0   1  -3  -2   0  -1  -2   1   1  -1  -4  -1  -2   10   6  13   9   0   3   9   6   3   0   4   5   2   2   7  14   3   0   1   3  0.19 0.20
  173 V     0   0   0   0  -2  -1   0   0   1   0  -1   0   1   0   1   0   0   3  -1   0    6   6   6   6   0   0   6   6   6   6   6   6   6   6   6   6   6   6   0   6  0.06 0.10
  174 S     1  -1  -1  -1   1   0   0  -1  -1  -1  -1  -1   0   1   0   2   1  -3   2  -2   11   3   3   3   3   3   5   4   2   3   5   3   3   6   5  21   8   0   7   2  0.14 0.20
  175 R    -1   4   0  -1  -4   0   0   0   1  -2  -2   1  -1  -1   0   1   0   0   0  -3    5  23   4   3   0   2   4   7   3   2   3  10   2   2   5   9   7   2   4   1  0.26 0.26
  176 S     0   1  -1   1  -4   0   0  -1  -2  -2  -2   0  -1  -1   0   2   1   1   2  -1    8  10   2   9   0   5   5   4   0   2   4   6   1   2   5  17   7   2   7   4  0.14 0.19
  177 S    -1  -1   0   0   0   0   0   0   0  -4  -3   0   1  -1   3   3   0   1  -1  -1    4   3   5   5   2   4   6   6   2   0   2   5   4   2  14  23   6   2   2   5  0.26 0.28
  178 L     0   0  -1  -1  -1   0  -1  -2  -3   1   1  -1   0   0   2   1   0   0  -1   0    7   6   3   3   1   3   4   3   0   7  14   3   3   3  12  13   7   1   1   6  0.10 0.13
  179 G     0   0   0   0  -2   0   0   0   1   0  -1   0   1   0   1   0   0  -2   1   0    6   6   5   6   0   5   6   6   5   6   6   6   5   5   6   6   6   0   5   6  0.03 0.06
  180 L     0   0   0   0   2   0   0  -1   1   0  -1   0   1   0   0   0   0  -2   1   0    5   5   5   5   5   5   5   5   5   5   5   5   5   5   5   5   5   0   5   5  0.03 0.05
  181 S     1   0   0   0  -1   0   1  -3  -1  -2  -2   1   1  -2   2   2   2  -5  -1  -2   10   5   3   5   1   3   8   2   1   2   5   9   4   2   9  15  11   0   2   3  0.17 0.21
  182 Y    -1   1  -1   2  -1  -1   0   0   0  -1  -1  -2  -1   0   0   0   0   0   4  -1    6   7   3  11   1   2   5   7   2   4   6   3   1   4   6   6   6   1  15   4  0.18 0.18
  183 Y    -1   2  -1   0  -1   0   0  -1   1  -2  -2  -1   0   0   1   0   0  -1   1   1    5  12   3   7   1   4   7   4   3   1   3   4   2   3   8   8   6   1   5  12  0.13 0.15
  184 P    -2   0  -1   2   0  -1   0  -3   0  -2  -2  -1  -5  -2   4   1   1   1   0  -1    4   5   3  11   2   2   6   3   2   3   3   4   0   2  22  11   8   2   3   5  0.36 0.31
  185 T    -1   0   1  -1  -1  -1   0  -3   0   0  -1  -1  -1  -1   1   2   2   0   0  -1    5   5   7   3   1   3   6   2   2   5   7   3   2   2   7  14  15   2   3   4  0.16 0.19
  186 S     0   1  -1  -2  -5  -1   2  -1  -1  -2  -1   0   0  -5   0   2   1  -5  -1   1    7   6   3   2   0   2  11   5   2   2   6   5   2   0   6  19  10   0   3   9  0.20 0.22
  187 S    -1   1  -1  -1  -5   0   0  -1  -1  -1  -2   1  -1  -1   2   3   0  -6  -1   0    5   9   2   4   0   4   6   4   2   3   4   8   1   2  11  21   5   0   2   6  0.22 0.23
  188 T    -2   1  -1   1  -4   0  -1  -2  -1  -1  -1  -1  -4  -1   1   2   2  -1   2   0    2   8   2   7   0   4   4   4   1   3   6   4   0   3   8  15  15   1   7   6  0.20 0.23
  189 S     0   0   0   0   2   1   0   0   1   0  -1   0   1  -2   1   0   0  -3   1   0    6   6   5   6   5   5   6   6   5   6   6   6   5   0   6   6   6   0   5   6  0.04 0.08
  190 S    -1   0   0  -1   1  -1   0  -2   0  -1  -1  -1   1  -1   1   3   0   2   1  -2    5   6   4   4   3   3   7   3   3   3   5   4   3   3   8  21   6   2   4   3  0.16 0.19
  191 V    -1   1  -1  -1   0  -1   0  -2   0   0  -2  -2   0   2  -1   2   2   3  -1   1    5   7   2   3   2   2   6   2   2   6   4   2   2   8   4  14  12   3   2   9  0.15 0.17
  192 S     0   1   0  -4   0   0   0   0   1  -2  -1   0   2   1  -1   2   1   0  -1  -1    9   8   4   0   2   4   5   6   4   2   7   6   5   5   4  14   9   2   2   3  0.11 0.14
  193 S    -1   3   0   1  -5   1   0  -2   2  -2  -2   0   0  -2   2   2  -1   0   0  -2    4  15   4   7   0   5   5   2   5   2   4   4   2   2   9  19   4   1   3   3  0.26 0.27
  194 S     0   1  -2   0   0   0   1   0   0  -2  -2   1   0  -2   0   2   1  -4   1   0    6   7   2   4   2   3   8   6   2   2   3   8   2   2   4  19   7   0   6   8  0.14 0.19
  195 S     0   1  -1  -1  -1   0   0  -1   0  -1  -3   1  -2  -2   0   3   0   0   1  -2    7   6   3   3   1   5   7   4   2   3   2   8   1   2   6  24   7   1   5   2  0.22 0.25
  196 S     0   0  -2   0  -1   0  -1  -2  -4  -3  -2   1   1   0   3   3   0  -5   0  -2    8   5   1   4   1   4   4   3   0   1   4   8   3   4  13  24   6   0   3   3  0.29 0.30
  197 S     0  -1  -3  -2  -4  -1   0   0  -2  -2  -1   0  -1  -1   3   2   1   0   1  -1    6   4   0   2   0   2   7   7   1   1   5   6   2   3  16  16  11   1   5   4  0.25 0.27
  198 P    -1   1  -1  -2  -5  -2  -2   0  -1  -2  -2  -2   0  -5   5   2  -1  -5   0  -2    5   7   2   3   0   1   2   8   1   3   5   2   2   0  33  14   4   0   3   3  0.61 0.45
  199 S     0   0   0  -2  -3   0   0  -1   1  -1   0   1  -1  -1   1   2   1  -4  -2  -2    7   5   4   2   0   4   6   4   3   3  11   8   2   3   8  18   9   0   1   2  0.13 0.18
  200 S     0   1  -1  -1  -4  -1  -2   1  -1  -3  -2   1  -2  -1   0   3   0   0   0  -1    8   8   3   3   0   2   2  10   2   1   3   7   1   3   5  27   5   2   3   4  0.25 0.27
  201 W     0   0  -2  -1  -3  -1  -2  -1  -1   0   0  -2   0  -2  -1   1   0   4   2   1    7   6   2   4   0   2   1   5   2   5   9   2   3   1   4  14   7   7   9  11  0.17 0.20
  202 L     0   0   0  -1  -1   0   1   0   1   0   1  -1   0  -2   0   1   0  -3   0  -1    9   4   3   3   1   3  12   6   4   4  15   3   2   0   4  12   6   0   3   5  0.06 0.12
  203 T     1   0  -1  -2  -1  -1   0   0  -1  -1  -2  -1  -3  -2   3   1   2  -4  -1   0   11   5   3   2   2   2   5   6   2   3   3   4   0   1  17  13  14   0   2   7  0.25 0.26
  204 R     0   5  -1  -1  -5   1  -1  -1  -2  -4  -2   0  -4  -5  -1   1   0  -5  -3  -1    8  34   3   3   0   7   3   4   1   0   5   6   0   0   4  10   6   0   1   4  0.52 0.40
  205 R    -1   5  -3  -2   0   0  -1  -2  -1  -4  -4   2  -1  -2   3   1   0  -5   0  -2    4  29   0   2   2   4   4   2   2   0   1  10   1   1  14   9   7   0   4   3  0.52 0.41
  206 A     2  -1  -1  -1  -4   0   1  -1  -2  -3  -2  -1  -3  -4   4   1   1  -5  -2   0   20   3   3   2   0   3   9   4   1   1   4   4   0   0  20   9   7   0   1   7  0.35 0.31
  207 I     0  -2  -1  -3  -3  -3  -2  -3   0   3   0  -1   1   0   1   1   0  -1   2   1    6   2   2   1   0   0   2   1   2  19  10   3   4   3   8  13   5   1   7  11  0.21 0.22
  208 R     0   0  -2  -2   2   0   0  -1   1   0  -1   0   1   0   0   0   0   3   1   0    5   5   0   0   5   5   5   5   5   5   5   5   5   5   5   5   5   5   5   5  0.04 0.13
  209 P     0   0  -3   0  -4   1   1  -1  -3  -1  -1   0  -3   0   5   0   0  -4   0  -1    6   4   0   5   0   8   8   4   0   4   5   6   0   4  27   6   5   0   4   4  0.39 0.30
  210 E     0  -1   0   0   0   1   2  -1   0  -1  -1   1  -2  -3   0   1   0  -3   0  -1    9   2   3   5   2   5  17   3   2   3   5   8   0   0   5  14   7   0   4   5  0.14 0.17
  211 K     0   2  -1  -1  -3   1  -1  -1   1  -1  -2   2   0  -3   1   1   0  -3   0  -1    9  13   2   2   0   5   3   4   3   3   2  15   2   0   9  11   7   0   5   5  0.17 0.18
  212 Q     0   1   0   0  -3   2   0   0   1  -2  -2   1  -2  -3   1   1   1  -3  -1  -1    7   6   3   5   0  12   6   7   3   2   3  11   0   0   8  11   9   0   2   5  0.17 0.18
  213 A     2   0  -2   0   0   0   0  -1   0  -1  -1   0  -2  -3   1   1   1  -3  -1   0   22   4   0   5   2   3   6   4   3   3   5   4   0   0   8  14  10   0   2   5  0.16 0.19
  214 P     0  -1  -1  -3   0   2   0  -1  -3  -3  -2   0   0  -4   5   1   0  -4   0  -1    7   3   2   0   2   9   7   4   0   0   4   6   2   0  29   9   7   0   3   3  0.48 0.34
  215 A     0   0   1   0  -2   1   0   0  -1   0  -1   0  -1   0   1   0   0  -2  -1   0    7   7   7   7   0   7   7   7   0   7   7   7   0   6   7   7   7   0   0   7  0.05 0.06
  216 A     1   0   0  -1  -3   0   0   0  -2  -1  -1   0   0  -1   2   1   0   1   0  -1   12   5   3   3   0   3   7   8   0   3   3   7   2   3  11  10   7   2   4   5  0.11 0.12
  217 A     0   1   1   0   1   2   1   0   0  -2  -2   1  -2  -3   0   1   0   1  -3  -1    7   9   6   5   3   9  10   6   2   2   3   7   0   0   5  14   4   2   0   5  0.14 0.15
  218 L     0   0   0  -1  -3   0   0   0   0  -1   0   1   0  -3   2   1   0   1  -2   0    8   4   4   3   0   3   5   8   2   3  10   8   2   0  13  10   5   2   0   7  0.11 0.12
  219 G     1   0  -1  -1  -3   0   0   2   0  -2  -1   1  -1  -1   0   1   0  -3  -1  -1   11   6   2   3   0   4   4  20   2   2   7  11   1   2   4   9   7   0   3   4  0.12 0.13
  220 Q     1   0  -1  -1  -3   1   0   0   1  -2  -2   0   0   0   1   2   1  -3  -1  -1   13   5   2   3   0   7   5   6   3   0   3   6   3   4   6  18   8   0   2   4  0.13 0.17
  221 D    -1   3  -1   1  -4   1   0   0   1  -2  -3   2  -3  -4   1   1   0  -4  -3  -2    3  16   2   7   0   8   5   8   3   3   2  17   0   0   9  10   6   0   0   2  0.29 0.26
  222 R    -4   7  -1  -5  -6   0  -2  -3   2  -5  -3  -1  -4  -6  -2  -1  -4  -6  -5  -2    0  66   3   0   0   3   3   2   5   0   3   3   0   0   2   5   0   0   0   4  1.50 0.77
  223 Q    -2   0  -3  -2   0   2  -2  -1   1  -1   1  -2   0   2  -2   1  -1   3   3   0    2   7   0   2   2  10   2   4   3   2  16   1   3   8   2  13   2   4  12   6  0.19 0.23
  224 V    -2  -2  -4  -2  -3  -3  -2  -4  -4   3   2  -4   1   1  -1  -1  -1  -4  -1   4    2   2   0   2   0   0   3   0   0  15  22   0   3   6   3   5   3   0   2  31  0.49 0.33
  225 P    -1  -2  -4  -4  -5  -4  -2  -5  -5   0  -5  -4  -5  -6   7   1  -1  -6  -5  -5    4   2   0   0   0   0   3   0   0   5   1   0   0   0  66  12   4   0   0   0  1.81 0.79
  226 L    -2  -3  -3  -4  -3  -1  -3  -3   1   2   3  -3   1   0   0  -2   0   0  -2   3    3   1   0   1   0   2   1   2   3  11  32   1   3   4   5   3   5   1   0  23  0.38 0.26
  227 W    -5  -1  -5  -5   0  -2  -5  -3   0  -5  -2  -5  -4  -2   0  -1  -5  11   3  -5    1   4   0   0   2   1   0   2   2   0   3   0   0   1   4   5   0  63   8   0  2.63 0.89
  228 G    -1  -3  -4  -4  -3  -3  -3  -2  -4   3   2  -1   0   0   2  -2  -2   0  -2   3    6   0   0   0   0   0   0   4   0  18  24   5   1   5  11   2   0   1   0  22  0.39 0.26
  229 Q    -1   1  -3  -4   1   7  -1  -5  -3  -5  -3   3  -4  -6  -4  -3  -4  -5  -5  -5    5   7   0   0   3  59   2   0   0   0   3  20   0   0   0   0   0   0   0   0  1.47 0.69
  230 L    -2  -4  -4  -5   1  -4  -4  -5   0   4   4  -4   1   2  -4  -4  -3  -3   0   1    2   0   0   0   3   0   0   0   3  26  41   0   3  10   0   0   0   0   3   8  0.68 0.32
  231 L     1  -4  -4  -5  -1  -4  -4  -3  -4   0   4  -4   1   3  -4  -3  -2  -3  -2   2   13   0   0   0   1   0   0   2   0   3  53   0   2  12   0   0   2   0   0  12  0.66 0.34
  232 L     0  -3  -4  -4  -1  -3  -4  -1  -4   2   3  -3   1   2  -4  -3  -2  -3  -2   3    8   0   0   0   1   0   0   4   0   8  38   0   2   9   0   0   0   0   0  29  0.48 0.24
  233 F    -2  -4  -5  -5  -4  -5  -5  -5  -4   0   2  -5  -1   7  -5  -4  -3   1   1   0    4   0   0   0   0   0   0   0   0   5  21   0   0  63   0   0   0   1   1   5  1.27 0.44
  234 L     1  -3  -3  -3  -2  -3  -3   1  -3   1   3  -3   0   0  -3   0   0  -3  -2   2   12   0   0   0   0   0   0  13   0   8  36   0   1   3   0   6   4   0   0  17  0.30 0.19
  235 V     2  -3  -4  -4  -2  -3  -3  -1  -4   3   2  -3   0   0  -1  -2  -2  -3  -2   3   20   0   0   0   0   0   0   4   0  25  20   0   1   5   3   0   0   0   0  23  0.40 0.23
  236 F    -2  -4  -5  -5  -3  -4  -4  -5  -4   2   3  -4   1   4  -4  -4  -2   0  -1   4    1   0   0   0   0   0   0   0   0   7  27   0   2  25   0   0   0   1   0  37  0.75 0.32
  237 A     4  -3  -3  -4  -2  -3  -3  -1  -3   1   0  -3   0   0  -3  -1   0  -4  -3   2   53   0   0   0   0   0   0   4   0   7   6   0   3   5   0   2   6   0   0  15  0.50 0.29
  238 A     2  -3  -2  -3   3  -3  -3   3  -3   1   0  -3  -1   1  -3  -1  -1  -3  -2   1   21   0   0   0   8   0   0  25   0  11   6   0   0   8   0   3   2   0   0  14  0.29 0.18
  239 F    -2  -5  -5  -5  -4  -5  -5  -5  -4   1   1  -5  -2   7  -5  -3  -1  -2   0   1    3   0   0   0   0   0   0   0   0   6  13   0   0  66   0   1   3   0   0   9  1.29 0.45
  240 L    -2  -4  -5  -5  -1  -4  -5  -5  -5   2   5  -4   1   1  -5  -4  -3  -3  -2   0    2   0   0   0   1   0   0   0   0  11  73   0   3   5   0   0   0   0   0   5  0.99 0.38
  241 L     1  -3  -4  -4  -3  -3  -3  -2  -2   0   1  -3  -1   5  -4  -2  -2   1   5   0   16   0   0   0   0   0   0   3   0   6  13   0   0  27   0   0   1   1  24   7  0.59 0.27
  242 F    -2  -4  -4  -5  -3  -4  -4  -5  -3   1   3  -4   0   5  -4  -4  -3   1   3   0    3   0   0   0   0   0   0   0   0   5  39   0   2  37   0   0   0   2   9   3  0.85 0.33
  243 V    -1  -4  -4  -5  -3  -4  -4  -5  -5   3   0  -4  -1  -1  -1  -3   0  -4  -3   5    3   0   0   0   0   0   0   0   0  20   5   0   0   2   3   0   5   0   0  63  0.87 0.37
  244 Y    -4  -4  -5  -5  -5  -4  -5  -5  -1  -1  -2  -4  -3   4  -5  -4  -4   1   8  -3    0   0   0   0   0   0   0   0   0   2   2   0   0  18   0   0   0   1  75   0  2.06 0.60
  245 Y    -1  -2  -2  -3  -1   4  -1  -2   0   0   0  -2   2   3  -3   0  -1  -1   3   1    5   0   0   0   1  27   0   1   2   6   5   0   6  15   0   6   4   1  11   9  0.30 0.22
  246 S     2  -2   2  -2   2  -2  -1  -2  -2  -1  -1  -2  -1   1  -3   2   1   0  -1  -1   24   0  16   0   6   0   3   1   0   2   5   0   2  10   0  17  11   1   1   2  0.25 0.19
  247 I    -3  -2  -4  -5  -4  -1  -3  -5  -4   0   1  -1   8  -2  -4  -3   0  -4  -1   1    0   1   0   0   0   2   1   0   0   3  11   3  63   0   0   0   4   0   1  10  1.28 0.50
  248 Q    -2  -2  -1   0  -5   4   6  -2  -2  -5  -4  -1  -3  -4  -3  -2  -1  -4  -1  -4    2   0   1   2   0  24  61   3   0   0   0   2   0   0   0   0   2   0   3   0  1.12 0.43
  249 A     1  -1   0  -1  -1  -1   0   2   1  -3  -3  -2  -1  -3   1   2   3  -4  -3  -2   10   1   2   3   1   0   6  19   4   0   0   0   2   0   5  16  28   0   0   2  0.34 0.20
  250 E     1  -1   5  -1  -3  -1   1   0  -1  -4  -4   0  -3  -4   2   0   0  -4  -1  -3   16   3  38   1   0   1  11   4   0   0   0   5   0   0   9   5   3   0   2   1  0.49 0.25
  251 E    -1  -2   1   3  -3   2   2  -2   2  -3  -2  -1  -2  -3   3   1  -1  -4  -3  -3    5   0   5  22   0  11  14   1   5   0   5   2   0   1  17  11   1   0   0   0  0.44 0.21
  252 G    -1  -1   0   3  -1   0   2   1  -1   0  -1   0   0  -1  -2   0  -1  -3  -1   0    2   1   2  23   2   3  16  13   1   5   4   4   3   2   0   8   1   0   2   7  0.18 0.12
  253 N    -1  -2   7  -1  -4  -2  -2   0   0  -3  -3  -2  -4  -4  -3   2  -1  -5  -4  -4    4   1  63   1   0   0   0   5   2   1   2   0   0   0   0  18   2   0   0   0  1.09 0.41
  254 P    -2  -5  -5  -4   0  -4  -4  -5  -5  -5  -3  -4  -5  -6   8  -2  -4  -6  -5  -5    2   0   0   0   2   0   0   0   0   0   2   0   0   0  92   3   0   0   0   0  2.64 0.64
  255 F    -5  -5  -5  -6  -5  -6  -6  -6  -4  -2   0  -5  -2   8  -6  -5  -4  -2   1  -3    0   0   0   0   0   0   0   0   0   0   6   0   0  94   0   0   0   0   0   0  2.24 0.56
  256 W    -2  -1  -3  -3  -3   2  -1  -2  -3   0   1  -2   1   0  -1  -1   0   5   1   2    0   3   0   0   0  12   2   2   0   2  19   0   5   2   3   4   6  10   4  25  0.29 0.19
  257 M     4  -1   0  -2  -2   0  -2  -1   2  -2  -3   1  -1  -2  -2   0  -1  -4  -2  -1   53   1   6   0   0   4   0   3   6   1   0  13   1   2   0   5   3   0   0   2  0.44 0.25
  258 D    -2  -2  -2  -1  -3   1   3  -3   0   0  -2  -1  -2   0  -3  -2   0   0   6  -2    0   0   0   2   0   8  26   1   0   9   0   2   0   0   0   0   5   0  46   0  0.63 0.21
  259 P    -2  -3  -3  -2  -4  -2  -2  -3  -3  -4  -4  -2  -3  -4   8  -2  -2  -4  -4  -3    0   0   0   0   0   0   0   0   0   0   0   0   0   0 100   0   0   0   0   0  2.36 0.17

                      K         Lambda
Standard Ungapped    0.1299     0.3138
Standard Gapped      0.0318     0.2670
PSI Ungapped         0.1039     0.3178
PSI Gapped           0.0318     0.2670
