
Last position-specific scoring matrix computed, weighted observed percentages rounded down, information per position, and relative weight of gapless real matches to pseudocounts
            A   R   N   D   C   Q   E   G   H   I   L   K   M   F   P   S   T   W   Y   V   A   R   N   D   C   Q   E   G   H   I   L   K   M   F   P   S   T   W   Y   V
    1 M    -5  -5  -6  -7  -5  -4  -6  -7  -6  -3   1  -5  10  -1  -7  -6  -5  -5  -5  -3    0   0   0   0   0   0   0   0   0   0  12   0  86   2   0   0   0   0   0   0  2.84 0.95
    2 A     1  -4  -2   2  -5  -2   4   3  -4  -3  -4  -3  -1  -5  -4   0   0  -5  -5   0   11   0   1  11   0   1  26  25   0   1   1   0   1   0   0   7   6   0   0   9  0.52 0.37
    3 D    -2  -4  -1   6  -7   1   5  -4  -4  -7  -7  -1  -6  -7  -5  -3  -3  -7  -6  -4    3   0   2  42   0   6  40   1   0   0   0   2   0   0   0   1   1   0   0   1  1.46 0.71
    4 L     0  -3  -2   3   1  -2   2  -2  -3   0   0  -1   0   0   0  -1  -2   3  -2   1    7   0   1  19   3   1  16   2   0   7   9   3   3   4   4   4   2   4   1  11  0.21 0.22
    5 I    -2  -2  -5  -4  -2  -2  -1  -5  -3   5   2  -3   3  -2  -4  -3   0  -5  -4   4    2   3   0   1   1   1   5   0   1  29  15   1   6   2   1   2   5   0   0  25  0.66 0.40
    6 A     0  -3   1   5  -1  -2   0  -4  -2  -1  -3  -1   1  -5  -2   2   2  -2   0  -2    6   1   7  28   1   1   5   1   1   3   2   3   3   0   1  18  12   1   3   3  0.50 0.39
    7 R    -3  -2  -4  -2  -4  -2   1  -5  -1   2   2   1   1  -2   2  -3  -1  -1  -1   3    1   2   0   2   0   1  11   0   1  12  18  10   3   1   9   1   3   1   2  22  0.34 0.29
    8 L    -1  -4  -1   0  -2  -3  -1  -4  -5   0   3  -1   1  -4  -5   1   4  -5  -4   0    6   0   3   6   1   1   4   1   0   5  29   4   4   0   0  10  23   0   0   5  0.43 0.37
    9 R    -2  -1   1   1  -4   0   2   4  -1  -3  -3   3  -3  -5  -1  -1  -2  -3  -5  -4    3   2   8   7   0   5  12  29   1   1   3  17   0   0   3   4   2   0   0   1  0.48 0.36
   10 E    -3  -4   3   7  -7  -4   1  -4   2  -6  -7  -1  -5  -7  -6  -1  -1  -8  -3  -2    2   1  13  55   0   0   7   1   4   0   0   4   0   0   0   4   3   0   1   3  1.41 0.76
   11 D    -3  -2  -1   1  -4  -1   1   6  -1  -6  -4   1  -1  -5   0  -2  -4  -7  -4  -7    1   2   3   8   0   3   9  51   1   0   2   8   1   1   6   2   1   0   0   0  0.96 0.58
   12 G    -2  -1  -3  -3  -2  -1  -1   6  -1  -4  -1   2  -3  -6  -4   0  -1  -6  -4  -5    3   3   1   1   1   3   5  50   1   1   6  10   1   0   1   8   4   0   0   1  0.87 0.53
   13 I    -4  -7  -8  -8   0  -7  -7  -8  -8   5   2  -7   0  -2  -7  -5  -4  -3  -6   6    1   0   0   0   2   0   0   0   0  24  16   0   2   1   0   1   0   0   0  51  1.55 0.76
   14 Q    -3   1  -3  -4  -2   1  -1  -5  -2   1   2   3   3  -1  -5  -2   1  -5  -2   1    1   7   1   0   1   6   3   0   1   9  20  18   8   2   0   3   7   0   1  12  0.37 0.31
   15 K    -7   1  -6  -7  -9  -3  -6  -8  -4  -6  -8   8   0  -9  -7  -6  -3  -9  -8  -6    0   8   0   0   0   1   0   0   0   1   0  85   2   0   0   0   2   0   0   1  2.65 1.24
   16 R    -3   4  -2  -3  -2   1   1  -6   1  -3  -5   5  -4  -4  -6  -1   1  -7  -6  -4    2  21   1   1   1   6   8   0   3   2   1  39   0   1   0   5   9   0   0   1  0.99 0.62
   17 V    -6   0  -7  -7  -3  -2  -4  -8  -4   6   0  -5  -1  -2  -6  -5   1  -3  -4   4    0   5   0   0   1   2   2   0   0  41   9   0   1   1   0   0   8   0   0  28  1.21 0.65
   18 I    -4  -5  -6  -8  -6  -4  -5  -8  -4   4   5  -2   0  -3  -7  -7  -2  -7  -3   2    1   0   0   0   0   1   1   0   0  24  51   2   2   1   0   0   3   0   1  12  1.26 0.67
   19 Q    -1   3  -2  -3  -2   2  -1  -5   4  -3  -5   4  -5  -3  -6   0   0  -6   2   0    4  13   2   1   1   8   4   0   9   2   1  27   0   1   0   6   7   0   7   7  0.61 0.45
   20 E     1  -1  -2   1  -3   0   5   1   0  -6  -5   2  -6  -4   2  -2  -2  -7  -4  -3   12   3   1   6   1   3  33  11   2   0   1  10   0   1  11   2   2   0   0   2  0.65 0.49
   21 G    -1  -8  -5  -5  -4  -6  -6   7  -4  -6  -7  -8  -8  -6  -4  -1  -5  -8  -9  -9    5   0   0   1   0   0   1  82   0   1   1   0   0   1   1   5   1   0   0   0  2.29 1.11
   22 R    -2   1   0   1  -4   2   3  -2   1  -2  -4   2  -5  -4  -2   1   2  -6  -2  -1    4   6   4   7   0   9  20   3   3   2   1  11   0   1   2   9  13   0   1   4  0.37 0.33
   23 G    -2  -5  -1  -2  -5  -4  -3   7  -5  -6  -6  -3  -4  -4  -2  -2  -5   1  -3  -6    3   1   3   3   0   1   2  72   0   1   1   2   0   1   2   3   1   2   1   1  1.74 0.88
   24 E    -1  -1  -1   2  -5   0   4  -2  -1  -3  -3   0  -3  -3   1   1  -2   0   2  -2    4   3   3  13   0   4  25   3   2   2   2   7   1   1   6  12   2   1   6   3  0.41 0.32
   25 L    -1   0  -2   0  -1  -2  -1  -2  -1   0   1   1   1   1   1   0  -1   1   2   0    5   6   1   6   2   1   4   3   1   5  15   9   3   7   8   6   2   2   7   7  0.07 0.10
   26 P    -3  -2  -2  -2  -3  -2   0  -2  -2  -1  -3  -2  -2  -4   7   1   1  -6  -5  -2    2   3   2   2   1   2   5   4   1   3   3   3   1   1  46  10   8   0   0   3  1.01 0.59
   27 D    -2   3   1   0   2  -1   0  -3   2  -3  -3   3   0  -4   2   0   1  -2  -2  -3    3  14   5   5   4   2   5   2   5   1   2  16   2   1  11   6  10   1   1   2  0.34 0.28
   28 F    -1  -4  -5   0  -2  -5  -3  -5  -2   2  -1  -2  -2   4   5  -3  -4   2   3  -1    6   1   0   5   1   0   2   1   1  10   5   2   1  15  31   2   1   2   8   5  0.79 0.47
   29 Q    -2   1   3  -1   2   1   1  -1   1  -2  -2   0  -3  -4   4   0   0  -5  -3  -2    2   7  15   3   5   6   8   4   4   3   5   6   1   1  19   5   5   0   1   3  0.37 0.30
   30 D     0   0   0   4  -3  -1   2  -1   1  -3  -4   1  -5  -4   3   0  -1  -2  -3  -4    8   6   4  21   1   2  15   4   3   1   2   9   0   1  13   6   4   1   1   1  0.43 0.33
   31 G    -4  -3   2   2  -1  -2  -1   6  -1  -4  -4  -2  -4  -3  -3  -1  -3  -2  -1  -5    1   1  10   9   1   2   5  50   1   1   2   3   1   1   2   4   1   1   2   1  0.98 0.57
   32 T     3  -5   0   1   4   1  -1  -3  -3  -3  -4  -3  -1  -3  -3   3   3  -1  -2  -1   21   0   4   7   7   5   3   2   0   2   1   1   2   1   1  21  16   1   1   4  0.50 0.40
   33 K    -2   2  -1  -2  -2   0   0  -3  -2   1  -1   4   0  -3  -3  -1   3   0  -3   0    3   9   2   2   1   5   6   2   1   7   5  23   2   1   1   4  17   1   1   7  0.33 0.28
   34 A     1  -7  -7  -7   5  -3  -4  -5  -7   0   1  -6  -1  -2  -5  -4  -4  -7  -6   6   11   0   0   0  12   2   1   1   0   5  13   0   1   2   1   1   1   0   0  48  1.22 0.65
   35 T    -2   1  -1  -2  -1   0   0  -4  -1   2  -1   1  -1   1  -5  -1   4   0  -1   1    2   8   2   2   1   4   7   1   2  10   4  10   2   5   0   3  25   1   2   9  0.30 0.28
   36 F    -1  -7  -7  -7   0  -7  -7  -7  -7   3   1  -7   0   6  -7  -6  -3  -5  -1   4    5   0   0   0   2   0   0   0   0  14  13   0   2  29   0   0   1   0   2  31  1.23 0.63
   37 H    -3  -1   0  -1  -2  -2   1  -6   9  -2  -5   1  -5  -3  -6  -1  -2  -2  -1  -1    3   4   4   4   1   2   9   1  47   2   1   7   0   1   0   4   3   1   2   4  1.45 0.71
   38 F    -3  -3  -6  -6   0  -5  -6  -2  -4   3   0  -5  -1   5  -6  -3  -3   0   7   1    2   1   0   0   2   0   0   4   0  16   7   0   1  19   0   3   1   1  31   9  1.09 0.56
   39 R    -2   3  -1  -2  -1   1   3  -3  -2  -1  -4   2  -1  -6  -5  -1   1  -6  -3   1    3  17   3   2   1   6  19   2   1   3   1  13   2   0   0   4   9   0   1  11  0.49 0.37
   40 T     1  -4  -2  -3   1  -3  -4   3  -6   0   0  -3   0  -3  -3  -1   4  -6  -1   1   12   1   2   2   3   1   1  21   0   5   8   2   2   1   1   3  23   0   2  10  0.46 0.36
   41 L    -3   2  -4  -4  -1  -2   1  -4  -1   1   2   1   2   1  -4  -2   1   4   2  -1    2  12   1   1   2   1   8   2   1   8  17   7   4   6   1   3   7   5   6   4  0.33 0.23
   42 H    -3   0  -1  -1   0  -1  -2   0   2  -2   3   1  -1  -2  -1  -1   0  -6   1  -1    3   5   3   3   2   3   3   7   4   3  30   8   2   1   3   5   6   0   5   4  0.28 0.21
   43 S     0  -2  -1   0   3   0   1   0  -1  -2  -1   1  -1   1   0   0  -1   4  -1  -1    7   2   3   5   7   4   9   8   1   2   7   8   2   6   6   8   4   5   2   5  0.12 0.11
   44 D    -2  -1   2   5   0  -1   2   1  -6  -3  -2   0  -1  -7  -3   1  -2  -7  -2  -7    3   3   8  29   2   3  10  10   0   2   5   6   2   0   2   9   3   0   2   0  0.59 0.39
   45 N    -2  -1   0   2   0  -2   1   2   0  -3  -2  -1  -1   2  -1  -1   0   1   0  -1    4   3   5  13   2   2  11  15   2   2   4   4   1   7   4   5   6   2   3   5  0.18 0.15
   46 E    -1   0   0   3   0   0   3  -1   0  -2  -2   0   1  -2  -1   0   1  -4  -1  -1    5   4   4  14   3   4  18   5   2   3   4   5   4   2   4   5   8   0   2   4  0.18 0.19
   47 G    -2   0  -1   1   1   0  -1   3   1  -1  -3  -1   0   1   0  -1  -1   2   1  -1    3   5   4   8   3   4   5  21   3   4   3   4   3   5   5   5   3   3   4   5  0.18 0.14
   48 S    -1   0   0  -1  -6   1   1  -2   2   0  -1   1   1   0  -1  -1   2  -6  -5   1    5   5   4   4   0   6   9   3   5   5   5  10   3   4   4   5  14   0   0   9  0.17 0.16
   49 V    -2  -3  -1   1   0  -1   0  -2  -3   1  -1   1   0  -1   1   0  -1   0  -3   3    3   1   2   8   2   2   7   3   0   7   6   9   2   3   6   7   3   2   1  26  0.21 0.22
   50 I    -4  -3  -4  -4  -5  -4  -2  -3  -5   4   1  -2  -2   6   0  -3  -2  -2  -1   1    1   1   1   1   0   1   3   2   0  19  14   2   1  32   5   2   2   0   2  10  0.80 0.44
   51 D    -4  -3  -3   7  -6  -2   2  -3  -5  -4  -3  -1   1  -4  -4  -2  -1  -1   0  -3    1   2   1  54   0   2  11   2   0   1   3   3   3   1   1   4   5   1   3   2  1.22 0.66
   52 D    -3   0  -1   5   1  -2   1  -2  -2  -3  -3   0  -4  -2  -1   3  -2  -3  -3  -3    1   5   3  34   3   1   7   4   1   2   4   5   0   2   3  21   2   0   1   2  0.64 0.41
   53 S    -2  -2   0   1  -4  -3  -1  -2  -1  -3  -3   1  -4  -3  -2   5   3  -3  -3  -3    2   2   4   8   0   1   4   3   2   2   2   7   0   1   2  36  19   0   1   2  0.61 0.41
   54 R    -2   5  -1  -3  -4  -1  -2   1   2  -1  -2   2  -3  -1  -1  -2  -2   2   0  -2    3  32   3   1   0   2   3  12   4   5   3  13   0   2   3   2   2   3   3   3  0.54 0.34
   55 T    -1   0   1   3  -2   0   1   0   0  -2   0   2  -2  -2  -2   0   1  -4  -1  -2    5   4   7  15   1   4   7   6   2   3   9  15   0   2   1   5  11   0   2   2  0.18 0.17
   56 R    -2   4  -1   1  -3   0   1   0   0   0  -2   1   0  -3  -4  -1  -1   1   0  -1    4  24   2   9   1   4   9   6   3   7   3   9   2   1   0   5   3   2   3   4  0.29 0.25
   57 G    -2  -1   2   0  -3   0   0   4   1  -2  -3   1  -5  -4  -1   0  -1  -5  -2  -4    2   4  10   6   1   3   7  35   3   2   3   8   0   1   3   6   5   0   1   1  0.50 0.35
   58 K    -2   2  -2   1  -1   2   3  -1  -1   0  -2   2  -1  -2  -3  -1   0  -3  -2   0    2   9   2   7   1   8  19   4   1   6   3  14   1   2   1   5   5   0   1   8  0.24 0.23
   59 P    -2   0  -1  -1  -4  -1   0  -1  -2  -1  -3   0  -3  -3   6  -1   0  -4  -4  -1    2   6   3   3   0   2   7   6   1   4   3   6   1   2  38   4   6   0   0   5  0.71 0.47
   60 M    -3   0  -2  -4  -1  -3  -1  -4   1   1   1  -1   5   5  -2  -3  -3  -1  -1   1    1   6   2   1   1   1   4   2   4   6  15   3  13  25   2   1   1   1   1   9  0.56 0.37
   61 E    -3   0  -3  -1   0   1   5  -3  -1  -1  -3   2  -2  -5  -3   0   1  -2  -4  -1    1   6   1   2   2   5  40   2   2   3   3  12   1   0   1   6   8   1   1   5  0.68 0.48
   62 L    -3  -6  -6  -3  -3  -3  -5  -4  -1   4   3  -4   0   6  -6  -3  -2   0   0   1    1   0   0   2   1   1   1   2   2  19  24   1   2  28   0   2   2   1   2   8  0.85 0.48
   63 I    -2   1  -1  -1  -2  -1  -1   0  -1   2  -1   1  -2   0  -3  -2   2  -4  -1   2    2   7   3   3   1   2   5   7   1  14   5  10   1   3   1   2  12   0   2  19  0.18 0.20
   64 V     0  -2  -3  -3   0  -1   1  -4  -4   2   3  -2   0   0  -3  -1   0  -4  -1   1   10   2   1   1   2   2  11   1   0  13  28   2   1   4   1   4   5   0   2  11  0.28 0.24
   65 G    -2  -5  -3   1  -3  -5  -5   7  -3  -6  -6  -3  -7  -7  -7  -2  -6  -7  -7  -4    3   1   1   7   1   1   1  76   1   1   1   2   0   0   0   3   0   0   0   1  1.91 0.93
   66 K    -2   1  -1   2  -2   0   4  -1   1  -5  -4   4  -2  -4  -5  -1  -2  -1  -3  -3    3   7   2  11   1   3  28   4   3   1   2  24   1   1   0   4   2   1   1   2  0.64 0.45
   67 K    -2  -1  -2   1  -1   0   2   4  -5  -5  -4   3   0  -6  -5  -1  -2  -6  -6  -3    3   4   1   7   1   3  16  34   0   1   2  16   3   0   0   4   2   0   0   2  0.68 0.47
   68 F    -1  -2  -1   1  -5   2   1  -3   1  -3  -1   0  -1   5  -3  -1  -1  -1   3  -1    4   2   3   7   0  11   8   2   3   1   5   5   1  24   1   4   3   1  11   4  0.44 0.34
   69 K    -1  -1  -1   0  -4   0  -1  -1  -3   0   0   3   0  -2  -4   1  -1  -5  -4   3    5   2   2   6   0   5   3   5   1   4   7  17   2   1   1  11   3   0   0  26  0.28 0.28
   70 L    -2  -2  -1  -2   1  -3  -1  -3  -1   3   2  -2   1   1   0   0   1   1   0   0    2   2   3   2   3   1   5   2   1  20  18   2   4   5   5   6   7   2   3   7  0.20 0.19
   71 P    -2  -2  -4   1  -2   1   3  -4  -3  -5  -2   1  -1  -5   6  -3  -2  -4  -5  -4    4   2   0   7   1   6  20   1   1   1   4   8   2   1  36   2   2   0   0   1  0.92 0.60
   72 V     2  -2   3  -4   1  -2  -3   4  -1  -1  -3  -1  -3  -2  -3  -2  -1  -6  -5   1   14   2  16   1   3   1   1  30   1   3   3   5   0   2   1   2   5   0   0  11  0.52 0.38
   73 W    -3  -6  -6   2  -6  -3   1  -2   0  -1   2  -3   0   3  -6  -6  -2   8  -4   0    2   0   0  11   0   1   9   3   2   4  22   2   3  10   0   0   2  23   0   6  0.96 0.56
   74 E    -4  -3  -3   4  -2  -1   5   3   0  -7  -4  -2  -4  -4  -6  -4  -2  -7  -5  -4    1   1   1  21   1   2  40  19   2   0   2   2   1   1   0   1   3   0   0   1  1.04 0.63
   75 T     2   0  -2  -3  -2   1   0  -2  -2   0   0   1   1  -2  -1   1   1  -2  -1  -1   21   4   2   1   1   6   5   3   1   6  12   8   4   1   2   8   8   0   2   4  0.13 0.17
   76 I     3  -2  -3  -2   6  -2  -2   1  -3   1  -1  -3   0  -3  -2  -2   1   0  -5   0   27   2   1   2  15   2   2   9   1   8   6   2   2   1   2   3   8   1   0   6  0.46 0.34
   77 V    -3  -1  -4  -7  -3  -7  -7  -6  -7   3   3  -7  -1  -3  -7  -6  -3  -7  -6   6    2   3   1   0   1   0   0   1   0  13  22   0   1   1   0   0   1   0   0  52  1.37 0.71
   78 C     1   1  -2   0   0   2   2  -2   0  -2  -2   3   1  -3  -2   0   0  -3  -3  -2   13   7   2   4   2   8  12   2   2   2   4  19   4   1   1   6   5   0   1   3  0.24 0.24
   79 T    -2  -2  -2  -2  -1  -1  -2  -3   1   1   0   1  -1  -5  -5   2   4  -6  -4   2    3   2   2   2   1   2   2   2   3   7   9  10   1   0   0  14  24   0   0  17  0.38 0.35
   80 M    -4  -2  -4  -3   0  -4  -1  -5   5  -4  -2  -4  10  -2  -7  -3  -2  -7  -1  -4    2   3   1   2   2   1   5   1  12   1   3   1  57   2   0   2   2   0   3   1  2.03 1.01
   81 R     0   3  -1  -3  -1  -1   0  -3   0   0   1   3  -3  -2  -4  -1  -2  -1  -2  -1    8  15   3   1   2   2   5   1   2   7  17  22   0   2   0   5   2   1   1   4  0.32 0.28
   82 E    -2   1  -2  -3  -1   0   2  -4  -3   1  -1   3   0  -5   0  -2  -1  -6  -5   3    3   7   2   1   2   3  15   1   1   7   7  20   2   0   5   2   3   0   0  19  0.39 0.32
   83 G    -1  -3   1  -1  -2  -3  -2   7  -1  -8  -4   0  -2  -4  -7  -2  -6  -7  -7  -7    4   1   7   3   1   1   3  65   2   0   2   5   1   1   0   3   0   0   0   0  1.48 0.77
   84 E    -4  -1  -6  -2  -3  -1   7  -5  -1  -4  -5  -1  -1  -1  -7  -2  -1  -8   0  -5    1   4   0   2   1   2  64   1   2   1   1   4   2   2   0   3   4   0   3   1  1.48 0.85
   85 I    -2   1  -3  -3   3  -1  -2  -4   0   1   0   2  -2   0  -3  -1  -1  -1   2   3    3   9   1   1   6   3   2   1   3   8   9  11   1   3   1   4   4   1   8  21  0.29 0.24
   86 A     4  -4   0  -1   3  -2  -1  -1   1  -3  -3   0  -1  -2  -3   3  -2   0  -3  -4   35   1   5   3   6   1   5   4   3   1   2   6   1   2   2  19   2   1   1   1  0.58 0.43
   87 Q    -1   1  -1   2  -2   1   2   1   0  -1   0   0   0  -1  -2   0   0  -4  -2   0    3   8   2  10   1   6  15  10   2   4  10   4   3   3   1   6   5   0   1   6  0.12 0.14
   88 F    -2   0  -5  -4  -5   0  -4  -2  -5   1   1  -1  -3   6  -4  -4  -2  -4  -1   2    3   6   0   1   0   4   1   4   0   8  14   4   0  30   1   1   2   0   2  16  0.68 0.40
   89 L    -2   0   0   0   0   1   0  -4   1   0   0   0   0   0  -1  -1   2   3   0   1    3   4   4   5   2   6   6   0   3   6  11   4   3   3   3   4  15   4   4  10  0.12 0.15
   90 C    -2  -5  -5  -2   7  -5  -2  -2  -5   3  -1  -2   1   2  -5  -2  -1  -5  -1   3    4   0   0   3  19   0   3   3   0  16   5   3   3  10   0   4   5   0   2  19  0.70 0.40
   91 D    -1   0   0   3   0   0   1   1   1  -2  -2   0  -1  -1   0  -1   0   1  -1  -2    6   4   3  20   2   4   9   9   3   3   3   6   2   3   5   4   6   2   2   2  0.18 0.16
   92 I     0  -1  -1   2   0   0  -1  -2   0  -1  -2   2  -1  -1   4  -1  -1   2   0  -2    9   3   3   9   2   4   4   3   3   3   5  10   2   3  18   5   4   3   3   4  0.25 0.21
   93 K    -1   2   0   1  -4   0   2  -1   1   0  -2   1  -1  -1   0   1  -1  -4  -1  -1    5  10   4   7   0   4  13   4   3   6   4  10   2   3   5  11   3   0   2   4  0.14 0.16
   94 H    -1   1  -1   1   2  -1   0  -2   5  -2   1  -2   0  -1  -2   0   0  -6   3  -2    5   8   3   7   4   3   7   4  11   2  13   3   2   2   3   6   5   0  10   4  0.24 0.18
   95 V     0  -2  -2  -2   2  -1  -1  -1   0   0   1  -1   0  -1  -1  -1   2   1  -1   2    9   2   2   2   5   3   5   4   3   4  13   3   2   2   4   4  11   2   3  15  0.13 0.11
   96 V    -1   0  -1  -1   1   0  -1   1   1   0   0  -1   1   0  -1   0   0   2   2   0    5   4   3   4   3   4   4  12   3   5   8   4   3   4   3   6   6   2   7   9  0.04 0.04
   97 L     0  -5   0  -1   1   1  -1   2  -5  -1  -1  -1   1   2   1   0   1  -5   1  -1    7   0   5   4   3   6   5  14   0   3   7   4   4   7   6   7   7   0   4   5  0.12 0.12
   98 Y    -2  -2  -1  -2  -1  -1   0  -2   0  -2  -3  -2  -4   4  -2   0  -2   0   7  -2    3   2   3   3   1   3   7   4   2   2   3   2   0  16   2   7   2   1  33   2  0.73 0.48
   99 P     0  -1   0  -1   1  -1   0  -1   0  -1  -1  -1   0   0   4   0   0  -4  -3   0    7   3   4   3   3   3   7   5   2   4   5   4   2   4  22   8   7   0   0   7  0.24 0.20
  100 L    -1  -1  -2  -1  -3   0   1   1   0   0   0   0   0   0   0  -1  -1   0  -1   0    5   2   0   3   0   4  14  14   2   7  11   7   3   5   5   3   3   1   2   9  0.06 0.12
  101 V     0  -1  -1  -2   1  -1   0   0  -3   1   0  -1   1   0  -1   0   0  -3  -1   2    5   3   2   2   3   3   6   8   0   6  10   3   4   4   2   7   5   0   2  24  0.08 0.14
  102 A     0   0   1   0  -3   1   0   0   2   0  -1   0   1  -2   1   0   0  -2   1   0    6   6   6   6   0   6   6   6   6   6   6   6   6   0   6   6   6   0   6   6  0.05 0.08
  103 K    -1   1  -1   0   2   1   0   1  -3  -2  -2   2  -3  -1   1   0   0   3   0  -2    5   8   2   6   5   6   5   9   0   3   4  16   0   3   6   6   7   4   3   2  0.15 0.17
  104 S     0   0  -1   0   0   0   1   1   1  -1  -2   1  -3  -1   0   1   1   1  -1   0    7   6   2   5   2   3   9  12   4   3   3   8   0   2   4  12   9   2   2   6  0.09 0.12
  105 L    -1   0   0   0   2   0   0  -1   2   0  -1   0   2   1   0  -1   0   4   1  -1    5   5   5   5   5   5   5   5   5   5   5   5   5   5   5   5   5   5   5   5  0.09 0.08
  106 R    -1   6  -3  -3   1  -1  -1  -4   3  -2  -3  -2  -1  -3   0  -2  -1  -4  -1  -2    5  46   1   2   2   3   4   2   6   2   3   2   2   1   5   3   4   0   2   4  0.88 0.48
  107 N    -2   1   3   5  -1   0   0   1  -1  -2  -2   0  -4  -3   0  -1  -1  -4  -2  -4    3   6  11  28   1   5   6   9   1   3   4   6   0   1   4   4   3   0   1   1  0.44 0.30
  108 I     1  -2  -3  -3  -3  -2  -1  -1   0   4   1  -2   1   1  -2  -2  -1  -2   1   1   10   2   1   2   0   2   4   6   2  22  15   2   4   7   2   3   3   1   4   8  0.22 0.17
  109 A     3   0  -1  -1   0  -2  -1  -1  -1  -1  -1  -1   0  -1   3   0  -2   0   0   0   22   4   3   3   2   1   4   5   1   4   5   4   2   2  14   7   2   1   4   8  0.19 0.18
  110 E     0   0  -1   0   0   1   2  -2   1  -1  -1   2   0  -1  -1  -1  -1  -2   1  -1    6   5   3   5   2   6  16   3   3   4   6  16   2   2   4   4   3   1   5   4  0.14 0.15
  111 G     0  -1   0   0  -2   0  -2   4  -2  -2  -3   1  -3  -3   1   0  -2  -4  -2  -2    7   4   4   5   1   4   2  36   1   2   3   9   1   1   8   5   3   0   1   3  0.46 0.31
  112 K     0   2  -1  -1   0   1   0  -3   0   1  -1   4  -1  -3  -2  -1  -1  -4  -2   1    7   9   3   3   2   5   6   2   3   8   5  24   2   1   2   5   3   0   1   9  0.23 0.21
  113 D    -1  -1  -1   4  -4  -1   2  -2   1  -3  -2   2   0  -2  -1   0  -1  -4  -2  -1    4   3   2  26   0   2  13   3   3   2   4  12   3   2   4   6   4   0   1   6  0.40 0.29
  114 P    -1   1  -2   0  -1   0  -1   1   1  -2  -1   2  -2  -2   4  -1  -1  -2  -2  -1    4   7   2   5   1   4   4  10   4   2   6  13   1   2  23   3   3   1   2   4  0.34 0.25
  115 L     1   0   0   0  -2  -1   0  -1   0  -1   0   1   0  -1   1   0   0  -1  -1   0   15   5   5   5   1   2   5   4   3   3  11  10   2   2   6   7   6   1   2   7  0.05 0.07
  116 E    -1   0   0   0  -3   0   2  -2   3   0   0   2  -1   0   1   0  -1  -3  -2  -1    4   4   3   5   0   4  15   3   7   5  10  14   1   4   6   6   3   0   1   3  0.15 0.15
  117 G     0   0   0   0  -1   1   1   3   1  -2  -2   1   0  -3   0   1   0   2  -2  -2    7   5   4   4   2   5   7  20   4   2   3   7   2   1   4  10   4   3   1   3  0.16 0.15
  118 Q    -1   1   0  -1  -1   2   1   0   4  -2  -2   2  -3  -2  -1   1  -1  -4  -2  -2    5   8   4   3   2  10  10   8  12   2   3  11   0   2   3   9   4   0   1   3  0.24 0.21
  119 R    -1   1  -1  -1  -1  -1   0   0   3  -1  -1   2   3   0  -1   0   0   0  -2  -1    4   9   3   4   1   1   7   6   7   3   4  16   9   5   4   6   5   1   1   4  0.14 0.17
  120 H    -1  -1   0  -1   2   0   1  -1   7  -3  -3   0  -4  -1  -1   1  -2  -4  -1  -2    6   3   5   3   4   3   8   6  30   2   3   5   0   3   3   9   2   0   1   3  0.64 0.39
  121 C    -1   1  -2  -1   6  -1   0  -2   3  -2  -1   1   0  -1  -1   0   1  -1  -2   0    4   7   2   3  17   2   6   4   6   2   5   9   2   3   3   7   9   1   1   7  0.30 0.23
  122 C    -2  -2  -1  -1   8  -2  -2   0   1   0  -1  -2   1  -1  -1   0   0  -4  -1  -1    3   2   3   4  31   2   3   9   4   5   6   3   3   3   3   6   5   0   2   3  0.68 0.39
  123 G     0   0  -1  -1  -4   0   1   4   3  -1  -2   0  -1  -4  -1   0  -1  -4  -3  -1    6   5   2   4   0   3  11  27   8   3   4   4   1   1   3   8   3   0   0   4  0.32 0.25
  124 I     0  -1  -2  -4   0  -1  -1  -1   2   2   1   0   4   1  -4  -1  -1  -4  -1   1    7   3   2   0   2   2   4   4   5  11  15   6  14   5   0   4   4   0   2   8  0.20 0.20
  125 A     2  -1  -1  -1   3   0  -1   0   1  -1  -1   0   3  -2  -1   1   1  -4   0   0   16   3   2   3   6   5   3   7   3   3   5   5   8   2   3  10   9   0   3   5  0.12 0.16
  126 Q     1   0   1  -2   1   1   0   0   0   0   0   0   0  -1   2   0   0  -3   0   0   11   4   7   0   3   7   5   7   3   6   7   5   2   3   9   6   4   0   3   6  0.06 0.09
  127 M     0   0  -1  -1   2   1   0  -1   1   0   0   0   2   0   0  -1  -1  -4   0   0    6   5   3   4   5   6   6   5   4   6   9   6   7   4   5   5   4   0   3   6  0.06 0.06
  128 H    -1   0   0   0   2   0   0  -1   2   0  -1   0   2   1   0  -1   0   4   1  -1    5   5   5   5   5   5   5   5   5   5   5   5   5   5   5   5   5   5   5   5  0.09 0.08
  129 E     2   0   0   0  -1   0   2   0  -1   0  -1   1   0  -1   0   0  -1  -3  -1  -1   16   4   5   6   1   5  14   6   2   5   5   8   2   2   4   6   4   0   2   4  0.10 0.11
  130 H    -2  -1   0   0  -5  -1  -2  -2   4  -1  -4   1  -2   2  -2  -1  -2   1   6  -3    4   4   5   6   0   3   3   3   9   3   2   8   1   8   3   5   3   2  25   2  0.66 0.37
  131 S     1  -3  -1  -2  -2   0  -2   4   3  -2  -2   0   0  -2   1  -1  -3   1  -1  -3   12   1   4   3   1   5   3  29   6   2   4   5   2   2   6   6   2   2   2   2  0.41 0.27
  132 S     0  -2  -1   0   1  -1  -1   1   0  -2  -2   0  -2   2  -1   2   1  -1   1  -1    7   3   3   5   3   2   4  10   2   2   5   5   1   9   4  16   7   1   6   4  0.14 0.14
  133 L    -1  -1  -2   0   0   0  -1   2  -1  -1   0   0   0   2   0   0   1   1   2  -1    5   4   2   5   2   4   4  14   2   4   8   5   2   7   5   6   8   2   7   4  0.07 0.07
  134 G     0  -1  -1   1  -1  -1   2   3  -1  -2  -1   0   0  -1   0  -1  -1  -4   0  -2    9   2   3   9   2   3  12  21   1   2   7   4   3   3   5   5   3   0   3   3  0.17 0.17
  135 H    -1   0  -1   0   0  -1   0  -2   4  -3  -2   0  -2   1  -2   1   0   0   4  -2    4   5   3   6   2   2   7   4   9   1   4   5   1   6   2  10   6   1  17   3  0.27 0.25
  136 A     1  -1  -1   0   0   0   0   3  -1  -2  -2   0  -1   0   1  -1  -1  -4  -1  -2   10   3   2   5   2   5   7  25   2   3   3   6   2   4   8   5   4   0   2   2  0.22 0.20
  137 D    -1  -1   1   3   1   1   2   0   1  -2  -3   1   0  -1   0   0  -1  -4  -1  -2    3   3   7  15   3   5  12   7   3   3   2  11   2   2   4   7   4   0   2   3  0.18 0.18
  138 L    -1  -1  -1   0   1   0   1  -1   0  -1   1  -1   0   0   1   0   0   2   1   0    5   4   3   5   3   4  10   6   3   4  13   3   3   5   6   6   4   2   4   7  0.03 0.04
  139 D     0   0   1   0   2   1   0   0   2  -2  -1   0  -2   0   1   0   0  -2   1  -1    6   6   6   6   6   6   6   6   6   0   6   6   0   6   6   6   6   0   6   6  0.06 0.09
  140 A     1  -1  -1   0   1   0   2  -1   0  -1   0   1  -1   1   1   0  -1   0  -1  -1   12   3   3   5   4   3  13   4   2   4   8   8   2   6   7   5   4   1   2   3  0.07 0.09
  141 L    -1  -2   0  -1  -1  -1   0   0  -3   0   2  -1   0   1   2  -1   0   1  -1   0    4   2   5   3   1   2   8   7   0   6  21   3   2   5   9   4   5   2   2   7  0.10 0.13
  142 Q    -2  -1   0  -1  -1   1  -1  -2  -1   3   0   0   3  -1   2  -1  -1  -4  -1   2    3   3   4   3   1   7   5   2   1  15   7   5   7   3  11   5   2   0   2  13  0.20 0.20
  143 Q    -1   1  -1  -1  -5   2   1  -2  -1  -2  -2   2   0  -2   4  -1   0  -5  -1  -1    5   6   3   4   0   8   8   3   1   3   4  13   2   2  22   4   5   0   2   5  0.32 0.29
  144 N    -1  -1   3   1  -1  -1   1  -1   0   0  -4  -1  -1  -2   4   0  -1   0  -1  -2    6   4  11   7   2   3   9   5   2   5   2   4   2   2  20   7   4   1   3   3  0.29 0.25
  145 P    -1  -1   2   0   0  -3   0   1   1  -2  -2  -1  -1  -2   5   0  -1  -5   0  -2    4   4  11   5   2   0   6  10   3   3   3   4   2   2  27   5   3   0   3   3  0.42 0.34
  146 Q     2   0  -1  -1   1   1   1  -1   1  -1  -2   0   1  -1   0   2  -1  -6  -5  -1   17   5   3   4   3   6  10   4   3   4   4   5   3   3   4  13   4   0   0   4  0.17 0.17
  147 P    -1   0   0   0   2   0   0  -1   2   0  -1   0   2   1   0  -1   0   4   1  -1    5   5   5   5   5   5   5   5   5   5   5   5   5   5   5   5   5   5   5   5  0.09 0.08
  148 L     0  -1  -1  -1   0  -1  -1  -1   0   1   2  -1   0  -1   0  -1   0  -3   0   1    8   3   3   3   2   3   4   4   2   7  25   3   2   2   6   5   6   0   3  10  0.09 0.12
  149 I    -1   0   1   0   0   0   1  -1   1   0  -1   0   1   0  -1   0   0   2   1   0    5   5   8   5   3   4   9   4   3   5   7   5   4   4   4   5   7   2   5   8  0.03 0.04
  150 F    -1   0   0   0   2   0   0  -1   2   0  -1   0   1   0  -3   0   0   3   1   0    5   5   5   5   5   5   5   5   5   5   5   5   5   5   0   5   5   5   5   5  0.06 0.10
  151 H    -2  -1  -1   1  -4   0   3  -1   1   2  -1   1   0   0  -2  -1   0   0   1  -1    2   2   3   7   0   3  19   4   4  14   4   8   2   3   1   5   7   2   6   4  0.15 0.20
  152 I    -1  -3  -3  -1   0  -1   0  -2   1   2   1  -2   1   2  -1  -1   0   0   2   2    5   0   0   4   2   3   7   3   3  14  10   2   3   8   3   3   4   1   7  16  0.13 0.16
  153 E    -2  -1  -1   0  -5   0   5  -1   2  -1  -2   1   1  -2  -4  -1   0  -4  -1   0    2   3   2   4   0   3  38   4   5   3   3   8   3   2   0   3   6   0   2   7  0.44 0.39
  154 M    -1  -3  -4  -1   1  -1  -1  -1  -3   0   3  -1   2   2  -1  -1  -1  -3   2   1    4   0   0   5   4   4   3   5   0   5  28   4   5   7   3   3   3   0   7   9  0.21 0.22
  155 L     0   0   0   0   2   0   0  -1   1   0  -1   0   1   0   0   0   0  -2   1   0    5   5   5   5   5   5   5   5   5   5   5   5   5   5   5   5   5   0   5   5  -0.00 0.06
  156 K     0   0   0   0   2   0   0  -1   1   0  -1   0   1   0   0   0   0  -2   1   0    5   5   5   5   5   5   5   5   5   5   5   5   5   5   5   5   5   0   5   5  0.03 0.05
  157 V    -1   0   0   0   2   0  -1  -1   2   0  -1   0   2   0   0  -1   0   3   1  -1    5   5   5   5   5   5   5   5   5   5   5   5   5   5   5   5   5   5   5   5  0.03 0.09
  158 E     0   0   0   0  -3   1   0   0   1   0  -1   0   1   0   1   0   0   3  -1   0    6   6   5   6   0   5   6   6   5   6   6   6   5   5   6   6   6   5   0   6  0.06 0.09
  159 S    -1   0   0   0   2   0   0  -1   2   0  -1   0   2   1   0  -1   0   4   1  -1    5   5   5   5   5   5   5   5   5   5   5   5   5   5   5   5   5   5   5   5  0.09 0.08
  160 P    -1  -1   0   1  -6   0   0  -1   2  -1  -2  -1  -6  -1   5  -1  -1   2   0  -1    5   4   4   8   0   5   7   5   4   4   4   4   0   3  23   5   4   3   3   5  0.34 0.28
  161 G    -1   0   0   0   2   0   0  -1   2   0  -1   0   2   1   0  -1   0   4   1  -1    5   5   5   5   5   5   5   5   5   5   5   5   5   5   5   5   5   5   5   5  0.09 0.08
  162 T    -1  -1   1   2   0   0   4  -1   0  -2  -2  -1   0  -1  -1   1   1  -5  -1  -2    4   3   5  11   2   3  24   4   2   3   3   3   2   3   4  10   8   0   2   3  0.25 0.26
  163 Y    -1   0   0   0   1   0   0  -1   1  -1  -2   2   0   0   0  -1  -1   4   4  -2    5   5   5   6   3   3   5   4   3   4   4  12   3   4   5   5   4   5  12   3  0.21 0.17
  164 Q    -1   0   0   0  -3   0   0  -1   2   0  -1   0   1   0   0   0   0   3   1   0    5   5   5   5   0   5   5   5   5   5   5   5   5   5   5   5   5   5   5   5  0.06 0.08
  165 Q    -1   2   0  -1  -5   1   1  -1   0  -2  -2   4   0  -1   1  -1  -1  -5  -1  -1    4  11   3   4   0   5   7   4   2   2   3  32   2   2   7   3   3   0   2   4  0.36 0.34
  166 D    -1  -1   0   3   1   0   3  -1   1  -1  -2  -1  -3  -1   0  -1  -1  -4   0  -1    5   3   4  17   3   4  19   4   3   3   3   4   0   3   4   4   4   0   3   3  0.19 0.26
  167 P    -1   0   0   0  -3   0   0  -1   1   0  -1   0   1   0   0   0   0   3   1  -1    5   5   5   5   0   5   5   5   5   5   5   5   5   5   5   5   5   5   5   5  0.02 0.09
  168 W    -4  -2  -4   0  -1  -3   0  -2  -1  -3  -4  -2  -3   1  -4  -2  -1  11   1  -4    2   3   1   5   1   1   7   3   2   2   2   3   1   5   1   4   4  48   4   1  1.87 0.90
  169 A     0  -1   0   1  -4   2   3  -2  -1  -2  -1   0  -1  -1   0   0  -1   3  -1  -3    7   2   3   9   0  11  24   3   1   2   5   6   2   3   4   7   4   4   2   1  0.28 0.27
  170 M    -4  -4  -4  -6  -2  -3  -4  -5  -6   0   3  -2   9  -1  -4  -4  -2  -1  -2  -2    2   1   1   0   1   1   1   1   0   4  29   2  45   2   1   1   2   1   1   3  1.51 0.81
  171 T    -2  -3   3   3  -2  -2   0  -3  -4  -3  -3  -1  -3  -4  -1   4   3  -6  -4  -4    2   1  15  16   1   1   5   2   0   2   2   4   1   1   3  26  17   0   1   1  0.63 0.49
  172 D     0  -1   0   1  -1  -1   1  -1  -1  -1  -1   0  -1   1   1   0   1  -1  -1   0    9   3   4  10   1   2   9   3   2   3   5   6   2   6   8   7  10   1   1   8  0.08 0.10
  173 E     0  -1  -1   3  -2   1   4  -2  -1  -3  -3   0  -2  -2   0   0  -1  -5  -2  -2    8   2   2  16   1   7  29   3   2   1   2   5   1   1   4   6   3   0   1   4  0.43 0.35
  174 E    -2  -2  -1   1  -7   1   6  -2  -4  -6  -4   0  -5  -3  -5  -2  -2  -6  -1  -3    3   2   3   8   0   6  60   3   0   0   1   4   0   1   0   2   2   0   2   2  1.23 0.74
  175 K    -3   4  -2  -5  -1   0  -4  -5  -1   0  -3   6   1  -3  -5  -2  -1  -6  -5  -2    2  22   1   0   1   3   0   0   1   5   3  48   3   1   0   2   3   0   0   3  1.11 0.68
  176 A    -2  -1  -4  -3   0  -1  -3  -5  -1   3   3  -1   3   1  -3  -2  -2   2   0   1    3   3   0   2   2   2   2   0   2  16  31   4   6   6   1   2   2   3   4   7  0.39 0.32
  177 K     1   0   1   0  -5   1   4  -2   1  -2  -2   1  -1  -2  -4   0  -1  -4   1  -2   10   5   5   5   0   7  25   2   3   2   3   9   2   2   0   6   4   0   6   3  0.29 0.29
  178 A     2   0  -1   0   0   2   0  -2   1   0  -1   0   1  -1  -3   0  -1   1  -1   0   17   6   3   5   2  11   7   3   3   5   6   4   4   3   0   5   3   2   2   7  0.07 0.16
  179 V     4  -4  -2  -4   2  -1  -2   0  -1   0  -2  -2   0  -1  -2   0  -1  -5  -1   1   34   0   2   0   4   2   2   7   2   6   3   3   2   3   2   6   3   0   3  12  0.31 0.35
  180 P     0   0   0   0   0   1   1   0   0  -1  -1   0   0  -1   2   0   0  -3   0  -1    7   4   5   5   2   8  11   6   3   3   5   6   2   3  12   5   6   0   3   4  0.12 0.13
  181 V     0   2  -1  -1   0   1   1  -3   0   0  -1   3  -1  -2  -3   0   0  -1  -2   0    8  11   2   3   3   5   9   1   2   6   6  19   1   1   1   8   4   1   1   7  0.17 0.18
  182 I    -1   1  -1  -3   0   0  -1  -4   1   1   2   2   0   1  -4  -2  -2  -1   1   0    4   9   2   1   2   3   4   1   4   8  23  15   1   6   0   2   2   1   4   6  0.18 0.19
  183 H    -5   4  -2  -5  -7  -2  -4  -5   4  -4  -4   7  -6  -2  -6  -5  -4  -7  -5  -6    0  18   2   0   0   2   0   1   8   1   2  62   0   2   0   0   1   0   0   0  1.72 0.85
  184 Q     0  -2   0   1  -3   1   5  -1  -2  -2  -2   0   0  -5  -4  -1  -1  -6  -3  -1    9   1   4   8   1   6  41   4   1   2   4   5   3   0   0   3   3   0   1   4  0.59 0.43
  185 E    -1   2  -2  -1  -3   3   4  -3  -1  -2  -2   3  -1  -1  -4  -2  -2  -1  -3  -3    6  12   1   3   1  11  28   1   1   3   4  17   1   2   0   2   2   1   1   2  0.50 0.38
  186 G    -1  -4  -3  -3  -7  -6  -4   7  -7  -8  -8  -6  -7  -8  -7  -5  -6  -7  -8  -3    5   1   1   1   0   0   1  87   0   0   0   0   0   0   0   0   0   0   0   2  2.32 1.01
  187 N    -3  -3   8  -3  -6  -2  -4  -2  -4  -5  -5  -1  -6  -7  -6  -2   3   1  -4  -3    2   1  61   1   0   2   1   3   0   1   1   4   0   0   0   3  15   2   1   2  1.60 0.86
  188 R     1   1  -1   0   1   1   3  -2   0  -2  -3   1  -1  -2  -3  -1   0  -1  -2  -1   14   6   3   6   3   7  23   2   2   3   2  10   2   2   0   4   5   1   1   5  0.24 0.24
  189 L     0  -3  -3  -4   0  -2  -2  -4   1  -2   4  -3   0   4  -5  -3  -3   2   4  -2    7   1   1   1   2   1   2   1   4   1  39   1   2  14   0   1   1   2  14   2  0.68 0.45
  190 Y    -5  -6  -3  -3   0  -6  -6  -6   0  -2  -1  -6  -4   7  -6  -5  -5   1   5   1    0   0   2   2   2   0   0   0   2   2   6   0   0  51   0   0   0   1  21   9  1.64 0.78
  191 R    -2   2   0  -2  -5   1  -1  -2  -1  -3  -3   6  -2  -3  -4   0  -2  -5  -2  -3    3  11   4   2   0   5   3   3   2   1   3  48   1   1   0   6   2   0   1   2  0.80 0.55
  192 E     1   1   1   1  -1   3   2  -1  -1  -2  -2   2   0  -1  -3   0   0  -4  -3  -2   12   9   6   6   2  13  14   4   1   3   3  11   2   2   0   6   5   0   0   2  0.22 0.23
  193 G    -2  -1   0  -2  -1   0   0   5   0  -3  -4   2  -2  -3  -3  -1  -2  -5  -5  -5    3   3   5   2   1   5   6  48   2   2   2  12   1   1   2   3   2   0   0   0  0.76 0.50
  194 Q    -2   1   2   3   0   1   1  -3   0  -3  -2   4  -1  -3  -4  -2  -2  -5  -2  -3    3   8  10  15   2   7   8   2   2   1   5  27   2   1   0   2   1   0   1   1  0.44 0.36
  195 V    -3  -5  -2  -3  -1  -3  -5  -4   1   0   0  -5   0   4  -3  -3  -2   4   7  -1    2   0   3   1   1   1   0   2   3   5   7   0   2  17   2   2   2   5  40   5  1.12 0.65
  196 K    -1   0   0   0   2   0   0  -1   2   0  -1   0   2   1   0  -1   0   4   1  -1    5   5   5   5   5   5   5   5   5   5   5   5   5   5   5   5   5   5   5   5  0.09 0.08
  197 E     0  -1  -1   1   1   3   1  -2   0  -1   1   2   1  -1  -1  -1  -1   2   0  -2    7   4   3   7   3  11   9   4   3   3  12  11   3   3   3   4   3   3   3   3  0.13 0.09
  198 A     6   1  -6  -7   4  -6  -6   0  -7  -7  -7  -6  -7  -7  -7   0   1  -7  -7  -6   55   8   0   0   7   0   1   8   0   0   1   1   0   0   0   8   8   0   0   1  1.48 0.54
  199 A     1  -1  -2  -3   0  -1  -1  -3  -2   3   2  -1   2   0  -4   0  -1  -2  -2   0   14   3   1   1   2   3   4   2   1  18  20   4   4   4   0   8   4   1   1   6  0.23 0.19
  200 A     0   2   0  -1  -2   0   1  -2   0  -1  -1   3  -2  -2  -3   0  -1  -2  -2  -1    9  11   5   4   1   4   8   3   2   3   7  21   1   2   1   7   4   1   1   6  0.20 0.18
  201 K    -1   3  -2  -5   1   2  -1  -5   1  -2  -2   5   1  -1  -5   0  -3  -6  -1  -3    5  13   2   0   3  10   3   0   4   3   4  35   3   2   0   7   1   0   3   2  0.68 0.44
  202 Y    -5  -7  -4  -8  -2  -7  -8  -8  -5  -7  -7  -4  -1   1  -8  -5  -7   3  10  -7    1   0   1   0   1   0   0   0   0   0   0   1   2   5   0   1   0   3  82   0  3.21 1.32
  203 Y    -1   2  -1   0  -1   1   2  -2   3  -2  -3   3  -2  -3  -4   1  -1  -2   0  -1    6   9   3   5   1   5  15   4   6   2   3  19   1   1   0   9   4   1   3   5  0.28 0.24
  204 D    -1   2   0  -1  -1   0   2  -2   0  -3  -2   5   0  -2  -5  -2  -2  -1  -2  -2    5  12   4   3   1   4  13   3   2   2   5  33   3   2   0   2   2   1   1   2  0.52 0.40
  205 A     5  -3  -5  -6   0  -5  -5   0  -1   2  -2  -3   0  -5  -5  -1  -2  -6  -2   1   49   2   0   0   2   0   0   8   2  10   3   2   2   0   0   4   3   0   2  11  0.85 0.57
  206 I    -1  -3  -3  -3  -1  -3  -2  -4  -1   3   3  -2   1  -1  -3  -3  -1  -1  -2   2    5   1   1   1   1   1   3   2   2  19  33   2   3   3   1   2   3   1   1  14  0.47 0.32
  207 A     0   2   1   1   0   0   1   0   0  -1  -1   1   1  -2  -2   1   0  -4  -2  -2    6  11   5   9   2   4   8   9   2   4   6   9   4   1   1  10   5   0   1   2  0.10 0.11
  208 C    -1   0   0   0   2   0   0  -3   2   0  -1   0   1   1   0   0   0   3   1   0    5   5   5   5   5   5   5   0   5   5   5   5   5   5   5   5   5   5   5   5  0.08 0.12
  209 L     0  -4  -8  -4   1  -4  -4  -9  -8   2   5  -4   1   2  -8  -4  -2  -1  -1   2    7   2   0   1   3   1   2   0   0  10  42   1   3   8   0   1   3   1   3  12  0.88 0.47
  210 K    -2  -1   1   3  -1   0   4  -2   1   0  -3   1  -6  -2  -1   0  -3  -7  -1  -2    3   4   7  14   2   4  23   4   3   5   3   9   0   2   3   7   2   0   2   3  0.40 0.31
  211 N    -2  -1   1   2   0   2   1   0   3  -1  -3  -1  -1   0  -2   0   0   0   2  -2    4   3   6  12   2   7   9   7   6   3   3   4   1   4   2   8   6   1   7   3  0.18 0.16
  212 L    -1  -2  -1   2   2  -1   0  -3   0   0   1  -2   3  -1   0  -1  -1   0   0   1    6   3   3  10   4   3   7   2   2   6  15   2   7   3   4   5   4   2   3   8  0.14 0.11
  213 Q    -2  -1   0   1   1   2   2  -2   2  -2  -2   0   1   1   0   1  -1   3   0  -2    4   3   4   8   3   9  12   4   4   3   3   5   4   6   6   9   5   3   4   3  0.17 0.17
  214 M     0  -1   0   1   0  -1   1  -1   0  -1   1  -2   3  -1   1   1  -1   1   1  -1    6   3   5   7   2   2   8   5   3   3  13   2   6   3   7  10   4   2   5   3  0.08 0.10
  215 K    -1   1  -1   1   0   0   1  -1   1  -1  -1   1   1   2  -1   0   0   2   0  -1    4   7   3   7   2   3   8   4   4   3   6  10   4   8   3   6   5   3   4   5  0.09 0.09
  216 E    -2  -1   0   2   0   2   2  -1   1  -2  -2   1   0  -1   0   1   0  -6  -1  -1    4   3   4  10   2   8  14   5   3   3   5   7   2   3   5   8   6   0   3   4  0.15 0.15
  217 Q    -1   0   0   1   1   0   1   0   1  -1  -1   1   0  -1   0   0   0   2   0  -1    5   5   3   9   3   5  10   6   3   3   5   7   3   3   5   8   5   3   3   5  0.06 0.07
  218 P    -1  -1   0   1   2   0   1  -2   1   0  -1  -1   0   1   3   0   0  -5   0  -1    5   3   4   8   4   4   9   4   3   6   6   5   3   6  12   7   5   0   3   4  0.12 0.11
  219 G    -1  -1   0   2   0   0   0   2   0  -2  -3   0   0  -2   0   1   0   2  -1  -3    4   3   5  12   2   4   7  16   2   2   3   5   2   2   5  11   6   2   2   2  0.19 0.18
  220 S    -1  -1   0   4  -2   0   3  -1   1  -3  -3   1   0  -1   0  -1  -1  -1  -2  -3    5   4   4  19   1   5  15   5   3   2   4  10   2   3   6   5   4   1   2   2  0.30 0.23
  221 P    -1  -4  -2   3  -8  -2   5  -4   0  -3  -4   0  -1  -3   1  -1  -2  -8   1  -1    6   1   2  13   0   2  35   2   2   2   2   6   1   1   6   5   3   0   4   5  0.71 0.50
  222 D    -3   0  -1   3  -2   1   5  -3   0  -2  -2   0  -1  -3  -2  -2  -2  -1  -2  -2    3   6   3  15   1   6  31   3   2   2   5   6   2   1   3   3   3   1   2   3  0.56 0.41
  223 W     0   0  -2   1  -1   0   1  -3   0  -2  -2   4   0  -1  -1  -1  -1   6   0  -2    7   5   2   7   2   4  10   2   2   2   4  19   3   3   3   4   4   9   4   3  0.36 0.28
  224 I     1  -1   0   0  -1   1   1  -3   0   1   0   3   1  -6  -2  -1  -1   0  -2  -1   10   4   4   4   1   6  10   2   2   7   9  19   4   0   2   4   3   1   1   5  0.24 0.21
  225 Q     1   1  -1   0  -1   2   3  -4   1  -2  -2   3  -1  -3  -3  -1  -2  -1  -1  -3   13   7   3   5   1  10  18   2   3   3   4  14   2   2   2   5   3   1   2   2  0.34 0.29
  226 L     1  -1  -2  -3  -1  -2  -3  -3  -1   2   3  -2   2   1  -3  -1  -2   1   1   1   10   4   2   2   1   2   2   2   2   9  27   3   5   5   1   4   2   2   4   9  0.31 0.20
  227 D    -1   1   2   3  -2   1   2  -2   1  -3  -2   3  -1  -3  -4  -1  -2  -7  -2  -2    6   7  10  14   1   5  11   4   3   2   4  18   2   1   1   5   3   0   2   3  0.38 0.29
  228 L     1   0   1   1  -3   1   1  -2  -2  -2  -2   2  -1  -2  -2   1   1  -7  -3   0   12   5   7   8   1   7   9   3   1   2   5  11   1   2   3   9   7   0   1   6  0.17 0.18
  229 Q     0   0   0   0   2   0   0  -1   1   0  -1   0   1   0   0   0   0  -2   1   0    5   5   5   5   5   5   5   5   5   5   5   5   5   5   5   5   5   0   5   5  0.03 0.05
  230 I    -2   2   0  -1   1   0  -1  -2   1   0   1   4   1  -1  -4  -1  -2   0  -1  -1    3  13   4   3   3   4   4   3   4   5  12  23   3   2   0   5   2   1   2   4  0.26 0.25
  231 T    -1  -1   0  -1   1  -1  -2  -2   0   2   1  -1   1   0  -1   0   0   1  -1   1    6   3   6   3   3   3   2   2   2  12  17   3   3   3   2   6   7   2   2  11  0.08 0.10
  232 P     0   0   0   0   2   0   0   0   1   0  -1   0   1   0   1   0   0  -3  -1   0    6   6   5   6   5   5   6   6   5   6   6   6   5   5   6   6   6   0   0   6  0.03 0.07
  233 L     0  -2   0  -3   2  -2  -2   0   2   0   0   0   1   1   1   0   0   4   1   0    6   0   6   0   6   0   0   6   6   6   6   6   6   6   6   6   6   6   6   6  0.11 0.15
  234 L    -2  -1   1  -3   0  -1  -2  -3   5   0   1  -2  -1   2  -4  -2  -2   3   5  -1    2   3   7   1   2   2   2   2  15   4  17   2   1  10   0   2   2   4  19   4  0.46 0.28
  235 L    -2  -3   0  -5   0  -2  -4  -3   1  -1   5  -4   0  -2  -5   0  -1  -4  -4  -1    2   1   5   0   2   1   0   2   4   2  63   0   1   1   0   6   4   0   0   2  0.85 0.46
  236 N    -5  -4   8  -3  -6  -4  -4  -4   2  -2  -6  -4  -5  -6  -5  -1  -1  -6  -5  -5    1   0  80   0   0   0   0   1   4   3   1   0   0   0   0   5   3   0   0   0  2.23 0.87
  237 Y    -1  -1  -1  -2   1  -1  -2  -3   0   1   3  -1   3   0  -2  -1   0   0   2   0    3   4   3   3   3   2   1   1   2   7  31   3  11   2   1   4   4   1   8   4  0.24 0.20
  238 C     6  -4  -4  -3   4  -4  -4  -2  -5  -2  -4  -2  -4  -5  -4   1  -2  -5  -5  -2   64   0   0   2   7   0   0   3   0   3   1   2   0   0   0  10   2   0   0   2  1.14 0.60
  239 Q     3  -2   0  -4  -4   3  -2  -3  -1  -1   1  -1   4  -2  -4  -2  -1  -4  -2  -1   31   1   5   0   0  15   1   1   1   3  16   3  11   1   0   1   4   0   1   3  0.43 0.34
  240 C     0  -7  -7  -7  11  -7  -7  -4  -4  -3  -5  -7  -3  -5  -7  -3  -2  -7  -7   1    8   0   0   0  70   0   0   1   1   1   1   0   1   1   0   2   3   0   0   9  2.92 1.10
  241 K    -1  -2   0  -3   3   3  -2  -4   4  -6  -1   3   0   0  -6  -2  -4  -1   5  -5    5   2   4   1   5  15   3   1  10   0   7  17   3   4   0   4   1   1  17   0  0.68 0.46
  242 L    -4  -5  -3  -5  -2  -2  -4  -5  -2   2   6  -4   1  -1  -5  -3  -4  -2  -3  -1    1   1   2   1   1   2   1   1   1   9  65   1   3   2   1   2   1   1   1   4  1.26 0.65
  243 V    -4   1  -1  -4  -3   0  -2  -5  -1  -3  -2   7  -4  -4  -5  -4  -4  -7  -4  -4    2   7   3   1   1   5   2   1   2   2   4  64   1   1   1   1   1   0   1   1  1.60 0.83
  244 A    -2  -1  -2  -3  -1   2   0  -4  -2   0   4  -2   4  -2  -5  -2   0  -5  -2   0    4   4   2   1   1   9   5   1   1   5  39   3   9   1   0   3   5   0   1   5  0.52 0.36
  245 Q    -2   0   2   0   0   2   2   3   0  -6  -5   3  -2  -4  -3  -1  -3  -6  -6  -6    3   4   9   5   2   8  12  25   2   0   1  18   1   1   2   4   2   0   0   0  0.58 0.38
  246 E    -1   1   2   4  -2   1   4  -3   2  -4  -3   1  -2  -6  -5  -2  -3  -6  -3  -6    5   7   9  24   1   6  22   2   4   1   3   9   1   0   0   3   2   0   1   0  0.69 0.43
  247 Y    -3  -4  -1  -4   0  -3  -5  -5   3  -4  -3  -5   0   5   1  -3  -3   7   7  -4    3   1   3   1   2   2   1   2   6   1   3   1   2  18   6   2   2  13  28   1  1.34 0.66
  248 Y     0   0  -1   2  -2   1   1  -2   2  -2  -3   1  -1  -1  -1  -1   0   0   4  -2    8   6   3  10   1   7   9   3   4   3   3   9   1   2   3   5   5   1  12   4  0.21 0.17
  249 E     1   0  -1   1  -7   1   4   0   0  -4  -3   3  -7  -3  -3  -2  -2  -7  -3  -4   11   5   3   7   0   5  25   8   2   1   3  16   0   1   2   4   3   0   1   2  0.50 0.34
  250 V     6  -8  -8  -8   4  -8  -2  -4  -8  -3  -4  -3  -7  -8  -8  -2  -1  -8  -8   3   52   0   0   0   7   0   3   2   0   2   2   2   0   0   0   4   5   0   0  20  1.46 0.73
  251 L    -2   0  -2  -4  -1  -3  -1  -5  -2   6   1   0   0  -2  -7  -4  -2  -1  -2   2    4   5   3   1   1   2   5   1   1  36  14   5   2   2   0   1   3   1   1  11  0.78 0.38
  252 D    -1   1   1   1  -2   1   3  -3   1  -2  -3   4  -1  -2  -4  -1   0   0  -1  -3    5   7   6   6   1   5  19   2   3   3   3  21   2   2   1   4   5   1   2   2  0.42 0.29
  253 H     0  -2   3   1   1   1  -1  -2   5  -2  -1  -2  -1  -1  -5   1   0   1   2  -2    8   1  12   7   2   6   4   3  14   2   7   2   1   3   0  11   7   2   6   2  0.31 0.26
  254 C     2  -4  -4  -7  10  -7  -5  -2  -7  -4  -4  -7   0  -3  -3  -1   1  -7  -7  -3   15   1   1   0  54   0   1   4   0   1   2   0   2   2   2   4   8   0   0   2  2.13 0.92
  255 S     0   1   1   1   2   1   0   0   2  -2  -1   0  -2  -3   1   0   0  -3  -2  -1    7   7   7   7   6   7   7   7   6   0   7   7   0   0   7   7   7   0   0   7  0.10 0.10
  256 S    -1   0  -1  -1  -1   0   2  -1   1  -2  -1   4   0  -1  -3   0   1   0  -1  -2    4   3   2   3   1   3  17   4   4   2   6  29   2   3   0   5  10   1   2   2  0.28 0.25
  257 I     3  -4  -4  -2   2  -3  -4   0  -4   1  -1  -3   0  -1   0  -1  -1  -4  -3   4   30   0   0   2   4   0   0   6   0   6   5   0   2   2   4   3   2   0   0  30  0.46 0.33
  258 L    -2  -2  -5  -5   0  -4  -5  -5   0   1   5  -4   2  -1  -5  -2  -2  -4   0   0    3   3   0   0   2   0   0   0   2   8  60   0   5   2   0   4   2   0   3   4  0.82 0.44
  259 N    -1   0   1   1  -5   1   4  -2  -1  -3  -1   1  -1  -3  -1   0  -2  -5  -2  -3    6   5   7   7   0   5  34   2   1   1   6   9   2   1   3   7   2   0   1   2  0.42 0.32
  260 K    -1  -1  -1  -1  -1  -1   0  -3   1   2   2   1   2   1  -1  -1  -1  -3   0   0    3   3   3   4   1   3   5   1   4  14  20   9   5   6   2   4   2   0   2   5  0.10 0.13
  261 Y    -3  -3   1   5  -2   1   2  -2   3  -4  -4  -2  -2  -4  -1  -1  -1  -1   0  -3    2   1   6  36   1   7  13   4   8   1   2   2   1   1   3   4   3   1   3   2  0.71 0.45
  262 D    -1  -2  -1   0  -1  -1   1  -2  -1  -5  -3   1  -5  -3   6   1  -1  -6  -5  -3    6   2   3   6   1   2   9   3   1   0   3  10   0   1  36  10   4   0   0   2  0.73 0.46
  263 D    -1   0   3   4   0   1   1   0   0  -5  -4   1  -3  -3  -2   0   0  -5  -3  -3    4   4  17  24   2   5   7   7   2   0   1   9   1   1   2   5   6   0   1   2  0.44 0.33
  264 N    -4  -3   8  -1   2  -3  -3  -5   3  -2  -4  -2  -6  -7  -3   1  -3  -7  -2  -5    1   1  63   2   4   1   1   0   6   2   2   2   0   0   2   9   1   0   2   1  1.67 0.85
  265 V     2  -4  -4  -3  -1  -2   0  -4  -5   1  -2  -4   0  -3  -1  -1   1  -6  -3   5   15   1   1   1   1   2   7   1   0   6   2   1   2   1   4   3   8   0   1  43  0.65 0.47
  266 K    -4  -1  -5  -5  -7  -2  -4  -6  -5  -7  -7   8  -6  -3  -6  -3  -5  -1  -6  -6    1   2   0   0   0   1   0   0   0   0   0  88   0   1   0   2   0   1   0   0  2.45 1.05
  267 A     6  -5  -5  -4   1  -5  -5   1  -6  -5  -2  -5  -2  -6  -3  -2  -4  -6  -6  -2   75   0   0   1   2   0   0  10   0   0   3   0   1   0   1   1   0   0   0   3  1.55 0.78
  268 Y    -5  -3  -4  -6  -2  -4  -6  -4   1  -1   5  -4  -1   2  -6  -4  -4   2   4  -3    0   1   1   0   1   1   0   1   4   2  58   1   1   8   0   1   1   2  15   1  1.14 0.59
  269 F    -4  -6  -6  -6  -3  -6  -6  -6  -4  -1   0  -6  -4   7  -6  -4  -4   0   7  -3    1   0   0   0   1   0   0   0   0   3   8   0   0  43   0   1   1   1  38   1  1.91 0.78
  270 K    -3   8  -3  -5  -4  -1  -2  -6   1  -4  -2   1  -3  -2  -5  -3  -5  -3  -4  -2    2  71   1   0   0   3   2   0   3   1   4   6   0   2   0   1   0   0   1   3  1.70 0.76
  271 R    -4   7  -2  -5  -3   0  -2  -3   0  -4  -2   2  -1  -5  -5  -2  -4  -2  -1  -4    1  63   2   0   1   4   2   2   2   1   4   9   2   0   0   2   1   1   3   1  1.41 0.67
  272 G     4  -5  -4  -5   0  -5  -5   6  -5  -3  -3  -4  -5  -5  -5  -1  -4  -1  -5  -3   33   0   0   0   2   0   0  51   0   2   3   0   0   0   0   4   0   1   0   2  1.26 0.61
  273 K    -2   1  -3  -1   1   5   1  -4   0  -3  -1   4   0  -4  -2  -1  -1  -2  -3  -2    2   6   1   2   3  25   8   1   2   1   7  27   2   0   2   3   4   1   0   4  0.57 0.40
  274 A     7  -6  -5  -6   1  -2  -5  -1  -1  -4  -5  -5  -5  -6  -5   0  -3  -7  -6  -2   77   0   0   0   3   2   0   4   2   1   1   0   0   0   0   7   1   0   0   3  1.62 0.81
  275 H    -4   2  -1  -5   0  -1  -3  -5   7  -5   2  -1  -3   0  -6  -4  -5   0   6  -4    1  10   3   0   2   3   1   0  29   0  18   3   0   3   0   1   0   1  24   0  1.16 0.60
  276 A     2   0  -2  -3   2   0  -1  -3   0   1   2  -2   4   0  -4   0  -1  -4  -1   0   17   4   1   1   4   4   4   1   3  10  18   2  13   4   0   6   2   0   2   5  0.24 0.23
  277 A     3   0   0  -3  -3   2   2   2   1  -4  -1   1   1  -3  -4   0  -2  -5  -2  -3   24   4   4   1   1   8  14  15   4   1   5   8   3   1   0   5   1   0   1   1  0.33 0.30
  278 V    -1  -1  -2  -4   1   1  -3  -3  -3   1   3   0   3   0  -5  -2   0  -3  -2   2    3   4   1   1   3   7   1   2   1   5  32   5   7   3   0   3   6   0   1  14  0.33 0.26
  279 W     0  -1   3   0  -1   0  -1   4  -1  -5  -5   1  -3  -3  -5  -1  -3   7  -3  -3    7   3  13   5   2   3   4  28   2   0   1   7   1   1   0   4   1  16   1   2  0.74 0.44
  280 N    -4  -2   4   5  -4   0   4  -4   1  -2  -4  -1  -3  -2  -5  -2  -4  -7  -4  -5    1   2  21  29   0   3  24   1   4   3   1   4   1   2   0   2   0   0   0   1  0.93 0.53
  281 A    -3  -4  -4  -4  -3  -4   1  -6  -1  -1   2  -4  -2   5   0  -4  -1   5   5  -2    2   0   1   1   0   1   9   0   1   3  22   1   1  24   5   1   4   7  16   3  0.78 0.45
  282 Q     0   0  -1   5  -6  -1   4  -3   0  -4  -4   0  -4  -4  -3  -2  -2  -6  -4  -3    7   6   2  30   0   3  31   2   2   1   2   5   0   1   1   3   2   0   1   2  0.82 0.49
  283 E    -1   1  -2   1  -6   1   5  -2  -3  -4   1   1  -2  -4  -4  -1  -3  -3  -4  -3    5   8   2   8   0   4  37   3   0   1  14   8   1   0   0   5   1   0   1   2  0.58 0.41
  284 A     7  -6  -6  -5  -1  -6  -6  -3  -7  -6  -7  -5  -6  -7  -6  -1  -4  -7  -7  -5   89   0   0   1   1   0   0   2   0   0   0   1   0   0   0   5   1   0   0   0  2.25 1.02
  285 Q    -2   4  -4  -3  -4   2   2  -5  -3   1   0   4  -1  -2  -5  -3  -4  -2  -4  -1    3  22   0   1   0   8  15   0   0   9  10  21   2   1   0   1   0   1   0   4  0.59 0.41
  286 A     3   1   0   1  -2   2   2  -2  -1  -3  -2   2  -1  -4  -2   0  -1  -5  -4  -2   22   6   4   7   1   8  17   3   1   1   4  11   1   0   1   7   3   0   0   3  0.30 0.26
  287 D    -3  -7  -2   8  -2  -2  -2  -7  -4  -4  -4  -4  -2  -4  -7  -2  -1  -5   1  -3    2   0   1  73   1   1   1   0   0   1   2   1   1   1   0   3   3   0   5   2  1.89 0.88
  288 F    -5  -7  -8  -8  -2  -7  -6  -8  -6   2   4  -7   1   6  -8  -7  -4  -2   1  -2    1   0   0   0   1   0   0   0   0   9  43   0   3  36   0   0   1   1   5   2  1.52 0.69
  289 A    -1   1   1  -2  -4   3   2  -4   1  -3  -1   4  -1  -4  -5  -2  -1  -6  -3  -1    5   8   6   2   0  13  16   0   3   1   7  26   2   1   0   3   4   0   1   4  0.48 0.36
  290 K     0   4  -3  -3  -5   1   0  -4  -2  -3  -2   6   0  -5  -5  -2  -2  -7  -3  -5    7  20   1   1   0   6   6   1   1   1   4  42   3   0   0   3   3   0   1   0  0.93 0.54
  291 V     5  -6  -6  -7   1  -6  -6  -3  -7   0   0  -6  -1  -5  -6  -4  -3  -3  -5   4   50   0   0   0   3   0   0   1   0   4  10   0   2   0   0   0   1   0   0  27  1.18 0.65
  292 L     1   0  -3  -5  -3   1  -4  -4  -1   0   5   0  -1  -2  -5  -2  -3  -5  -2   0   11   5   1   0   0   6   1   1   1   5  51   5   1   1   0   2   1   0   1   5  0.67 0.43
  293 E     0   1  -1   0  -6   2   5  -4   0  -5  -5   3  -3  -6  -5  -1  -2  -7  -5  -5    8   6   3   5   0   9  35   1   2   1   1  19   1   0   0   5   3   0   0   1  0.77 0.49
  294 L    -1  -4  -5  -5  -2  -2  -6  -6  -1   3   5  -4   0  -2  -7  -4  -3  -4  -1   0    5   1   1   0   1   2   0   0   2  18  56   1   2   1   0   1   1   0   2   6  1.03 0.54
  295 D    -1  -4   1   6  -5  -1   4  -5  -1  -7  -6  -2  -3  -5  -6  -1  -4  -4   0  -5    6   1   6  45   0   2  25   0   1   0   1   2   1   0   0   4   1   0   3   1  1.24 0.66
  296 P    -3  -5  -4  -5  -8  -4  -4  -3  -7  -5  -5  -2  -5  -8   8  -3  -5  -8  -8  -5    3   1   1   1   0   1   1   3   0   1   2   2   0   0  81   2   1   0   0   1  2.55 1.11
  297 A     0  -1   3   2  -5   1   2   0  -1  -5  -4   1  -3  -5  -4   3   0  -5  -4  -4    6   3  12   9   0   6  13   8   1   0   1   8   0   0   0  25   6   0   0   1  0.46 0.34
  298 L    -4  -3   7   3  -2  -2  -3  -4  -2  -4   1  -4   2  -4  -4  -1  -3  -4  -4  -3    1   1  48  15   1   1   1   1   1   1  14   1   5   1   1   4   1   0   1   1  1.18 0.63
  299 A     1   3   0   1  -2   0   1  -1  -1  -3  -2   2  -2  -3  -2   1   0  -3  -2  -1   14  17   4   7   1   4   7   3   1   1   3  14   1   1   1   8   7   0   1   5  0.24 0.19
  300 P     2  -1  -1   2  -4   1   1  -1  -3  -4  -4   4  -4  -4   2   1  -2  -5  -3  -3   15   2   3  10   0   5   9   4   0   1   1  25   0   1  10   9   2   0   1   1  0.45 0.32
  301 V     4  -3  -2   1  -2  -3  -1   0  -2   0   0  -2  -1  -3  -3  -1   1  -4  -3   1   37   1   2   8   1   1   3   6   1   6  11   1   2   1   1   4   8   0   0   8  0.36 0.27
  302 V     2  -3  -4  -5   0  -4  -4  -5  -5   5   0  -3  -1  -2  -4  -4  -3  -5  -3   4   15   1   1   0   2   1   1   1   0  30   7   2   1   1   1   1   1   0   1  33  0.89 0.46
  303 S     0   3   2  -1  -4   2   0  -3   2  -4  -3   4  -2  -3  -3   0  -1  -4  -3  -3    7  16  11   3   0   8   5   1   4   1   3  23   1   1   1   7   4   0   0   1  0.46 0.32
  304 R     1   4   0  -2  -4   2  -1  -3  -2  -3  -1   4  -2  -4  -4   0  -1  -5  -3  -2   11  20   5   2   0  10   4   1   1   1   5  24   1   0   0   6   4   0   1   3  0.48 0.34
  305 E     0  -3  -2  -2  -3   4   6  -3  -1  -4  -1  -2  -1  -4  -5  -2  -3  -4  -3  -3    8   1   2   2   1  15  50   2   1   1   6   2   1   1   0   2   1   0   1   2  1.01 0.60
  306 L    -4  -3  -6  -7  -3  -3  -5  -7  -4   2   5  -3   2  -2  -6  -5  -4   1   1   0    1   2   0   0   0   1   1   0   0  12  62   2   5   1   0   1   1   2   5   4  1.20 0.60
  307 R     2   3  -1  -2  -3   2   0  -3   0  -2  -2   3  -1  -4  -3   0  -1  -4  -3  -2   18  15   3   2   0   9   5   1   2   2   4  22   1   1   1   5   4   0   1   3  0.38 0.31
  308 A     0   2   0  -1  -3   2   1  -4  -1   0   1   3  -2  -3  -4  -1  -1  -3  -4   0    9  12   4   2   0   8   9   1   1   6  13  17   1   1   0   4   2   0   0   8  0.24 0.23
  309 L     0  -5  -4  -7   6  -6  -7  -7  -7   1   5  -5   0  -3  -7  -4  -3  -6  -3   2    8   0   1   0  14   0   0   0   0   6  54   1   2   0   0   1   1   0   1  11  1.20 0.62
  310 E     0   1   1   1  -6   2   2  -2  -1  -4  -3   4   0  -5  -3  -1  -1  -6  -4  -2    6   8   7   7   0  11  13   3   1   0   3  26   2   0   1   5   4   0   0   2  0.46 0.35
  311 T     0   1   0  -1  -3   4   3  -3  -1  -3  -3   3  -1  -6  -3  -1  -1  -4  -4  -2    9   8   4   3   0  18  18   1   1   2   3  19   2   0   1   4   3   0   0   3  0.48 0.37
  312 R     0   4  -1  -2  -3   2   0  -4  -1  -2   0   5   0  -5  -5  -3  -2  -6  -4  -3    7  22   2   2   1   7   5   1   1   2   9  33   2   0   0   1   2   0   0   1  0.72 0.47
  313 I    -1   0  -3  -2  -3   2   1  -5  -1   3   2   0   4  -2  -5  -3  -3  -2  -3   1    5   5   1   3   0   9  10   0   2  19  17   6  12   1   0   1   1   1   0   8  0.40 0.32
  314 R     1   4  -2  -2  -5   1   0  -5  -1  -4  -4   5  -4  -5  -5  -1  -3  -7  -6  -3   13  19   2   2   0   6   6   0   1   1   2  40   0   0   0   4   1   0   0   2  0.93 0.56
  315 Q     1   0  -1   0  -5   3   5  -5  -2  -2  -3   2  -4  -5  -5  -2  -3  -5  -5  -3   14   4   2   5   0  11  40   0   1   2   3  11   0   0   0   3   2   0   0   2  0.78 0.53
  316 K     0   1  -3  -2  -3   4   1  -3   3  -3  -2   3  -3   0  -5  -1  -2  -3   3  -2    9   7   1   1   1  17   9   1   7   2   4  18   0   3   0   3   1   0  12   3  0.46 0.37
  317 D    -1   2   3   3  -4   0   2  -4   2  -4  -1   3  -2  -4  -5  -2  -1  -4   0  -3    4  12  15  14   0   4  11   1   4   1   7  16   1   1   0   2   4   0   4   1  0.43 0.33
  318 E     1   0   0   0  -1   2   3  -3  -3  -3  -2   3  -1  -5  -4  -1  -3   0  -4  -1   12   5   4   5   1  11  22   1   0   2   4  21   1   0   0   4   1   1   0   4  0.45 0.37
  319 E    -1   2  -1  -2  -7   1   3  -5  -3  -3  -4   5  -1  -6  -5  -1  -3   0  -3  -3    5  11   2   2   0   6  18   0   0   1   2  40   1   0   0   4   1   1   1   2  0.84 0.54
  320 D    -3  -3  -3   4  -8   3   6  -5  -4  -5  -3  -3   0  -5  -6  -2  -2  -7  -2  -7    3   1   1  22   0  14  44   0   0   1   3   1   3   0   0   3   3   0   1   0  1.24 0.73
  321 K     1   4  -4  -4  -8  -1  -4  -5  -6  -6  -7   7  -3  -8  -6  -2  -3  -8  -7  -5   11  21   1   1   0   3   0   1   0   0   0  56   1   0   0   3   2   0   0   0  1.55 0.82
  322 A     1   1   0   0  -6   3   2  -2  -2  -2  -4   5  -1  -5  -5   0  -2  -6  -5  -3   10   6   5   4   0  11  12   2   1   2   1  35   1   0   0   6   2   0   0   2  0.65 0.46
  323 R     1   1  -3  -4  -3   0  -1  -4  -2   1   2   1   5   0  -5  -3   0  -3  -3   0   11   9   1   1   0   4   4   1   1   7  19   9  17   5   0   1   5   0   0   6  0.36 0.30
  324 F    -4  -6  -7  -7   2  -7  -5  -7  -4  -4   0  -7   3   5  -8  -4  -6   1   8  -6    2   0   0   0   4   0   1   0   0   1   9   0   7  24   0   1   0   1  49   0  1.97 0.92
  325 R     2   2  -4  -3  -3   2  -2   2  -4  -4  -4   4  -2  -5  -5   2  -2   2  -4  -4   19   9   0   1   1   8   1  13   0   1   1  26   1   0   0  14   3   3   0   1  0.60 0.45
  326 G    -1   2   5  -3  -7  -3  -3   4  -3  -7  -7   4  -5  -7  -5  -2  -2  -7  -6  -6    4   9  23   1   0   1   1  28   1   0   0  28   0   0   0   3   2   0   0   0  1.07 0.62
  327 I    -4  -6  -8  -9  -7  -6  -8  -9  -7   2   2  -5  10   0  -8  -7  -5  -7  -4  -4    1   0   0   0   0   0   0   0   0  12  17   1  63   4   0   0   0   0   1   1  2.49 1.09
  328 F    -8  -9  -9  -9  -8  -9  -9  -9  -7  -4   1  -9  -2   9  -9  -8  -8  -2  -3  -4    0   0   0   0   0   0   0   0   0   1  10   0   1  86   0   0   0   0   0   1  3.09 1.21
  329 S     2  -3   0   0  -5  -2   0   3  -4  -6  -6  -1  -5  -6  -3   4   0  -6  -5  -5   18   1   5   6   0   1   6  22   0   0   0   3   0   0   1  32   4   0   0   0  0.68 0.46
  330 H    -4   5   3  -4  -7   2  -3  -5   2  -6  -6   5  -5  -6  -5  -4  -4  -6  -2  -6    0  31  13   0   0   9   0   0   4   0   0  41   0   0   0   0   0   0   2   0  1.33 0.62

                      K         Lambda
Standard Ungapped    0.1355     0.3195
Standard Gapped      0.0368     0.2670
PSI Ungapped         0.1204     0.3178
PSI Gapped           0.0368     0.2670
