
Last position-specific scoring matrix computed, weighted observed percentages rounded down, information per position, and relative weight of gapless real matches to pseudocounts
            A   R   N   D   C   Q   E   G   H   I   L   K   M   F   P   S   T   W   Y   V   A   R   N   D   C   Q   E   G   H   I   L   K   M   F   P   S   T   W   Y   V
    1 M    -5  -5  -6  -7  -5  -4  -6  -7  -5  -1   4  -5   9  -3  -6  -5  -4  -5  -4  -2    0   0   0   0   0   0   0   0   0   2  38   0  60   0   0   0   0   0   0   0  2.04 0.78
    2 A     5  -5  -4  -5   6  -4  -4  -1  -5  -4  -1  -4  -2  -5  -4   1   0   2  -3  -1   50   0   0   0  17   0   0   4   0   0   6   0   1   0   0   9   5   3   1   5  0.92 0.52
    3 A     4  -3   1   2   1  -1   0  -2  -2  -1  -2  -2  -2  -5  -1   1  -1  -5  -4  -1   38   0   8  11   3   2   6   2   1   4   3   2   1   0   2  11   3   0   0   4  0.39 0.33
    4 A     3  -3  -4  -4  -2  -2  -2   1  -4   1   0  -2  -2   0  -3  -1   0  -5  -3   3   28   1   0   0   1   1   2  13   0   7   8   3   0   4   1   2   7   0   1  23  0.38 0.33
    5 A     4   1  -2  -1  -4  -1   2  -3  -2  -1  -1   1   0  -5  -2  -1  -1  -5  -4   0   34   7   1   3   0   1  17   1   1   4   5   7   2   0   2   3   4   0   0   7  0.36 0.33
    6 E    -1  -1   0   2   3   0   5  -3   0  -4  -5   1  -5  -1  -2   0  -1  -6  -5  -2    4   3   4   9   6   4  37   2   2   1   0   9   0   3   2   6   4   0   0   3  0.57 0.42
    7 L    -2  -6  -7  -7  -5  -6  -7  -7  -3   4   5  -6   0   0  -7  -5  -5  -6   0   3    3   0   0   0   0   0   0   0   1  20  50   0   1   4   0   1   0   0   4  16  1.20 0.62
    8 S     0   2   2   0  -1   1   2  -2  -1  -2  -3   2  -3  -4  -2   1   0  -5  -4  -3    9  10  11   5   2   6  16   3   1   2   2  11   0   0   1  12   6   0   0   2  0.30 0.28
    9 L     0   0  -1  -3  -3   1  -1  -1  -3   0   2   0   0   2  -3   1  -2  -3   0   0    7   6   2   0   0   7   3   5   0   6  22   5   2  11   1  10   1   0   2   7  0.14 0.18
   10 L    -1  -6  -4  -4  -3  -3  -3  -5  -6   4   3  -5  -1  -1   2  -4  -2  -6  -4   3    6   0   1   1   0   1   2   1   0  21  28   0   1   2  11   0   2   0   0  22  0.72 0.46
   11 E     3  -3  -2  -1   1  -1   3  -1  -2  -3  -3   0  -3  -5   1   2  -2  -3  -3  -1   27   0   1   3   3   2  20   5   1   1   2   6   0   0   7  14   1   0   1   4  0.43 0.39
   12 K    -1   2   2  -1  -3   0   1  -1  -2  -1  -2   3  -3   1  -1  -1   0  -5  -3   0    6  11   9   3   0   4   7   4   1   3   3  23   0   8   3   4   5   0   0   7  0.24 0.25
   13 S    -1  -3  -2  -1   1  -2   0  -4   1  -2  -2  -2  -3   4  -2   1  -2  -1   6  -1    4   2   2   4   3   2   7   1   3   2   4   2   0  17   2  12   3   1  26   4  0.56 0.41
   14 L     0  -5  -5  -4   1  -4  -4  -4  -3   0   4  -2   3   3   0  -1  -3  -2  -1   1    7   0   0   1   3   0   1   1   0   4  39   2   7  13   4   5   1   0   1   8  0.56 0.39
   15 G    -2  -1   2   2  -6   0   0   5  -2  -7  -6   1  -6  -7  -2  -1  -3  -6  -6  -4    2   4   8  10   0   4   6  46   1   0   1  10   0   0   2   3   2   0   0   1  0.88 0.54
   16 L    -2  -4  -2  -1  -2  -4  -3  -4  -2   3   2  -3  -1  -1  -3  -2   0  -5  -4   5    3   1   2   3   1   0   2   1   1  13  22   2   1   3   1   3   5   0   0  36  0.59 0.40
   17 S    -1   0   3   0  -5   0  -1  -2  -1  -3  -4   2  -4  -4   2   3   1  -6  -3  -2    4   4  16   4   0   3   3   3   1   1   2  14   0   1   9  22   8   0   1   3  0.42 0.36
   18 K    -1  -1   1   0   1   0   0  -2   0  -2  -1   4  -2  -3   3  -1   0  -5  -3   0    6   3   7   6   3   4   4   2   2   2   6  24   1   1  13   4   5   0   1   6  0.29 0.26
   19 G     0  -4  -1  -1  -2   0  -1   3  -4  -2  -3  -1  -4  -3   4   1   1  -6  -4  -2    8   1   3   3   1   4   4  23   0   3   3   4   0   1  19  12   7   0   0   3  0.44 0.35
   20 N     0  -2   2   2  -1   0   2  -1  -1  -2  -4   1  -2  -2   3   1   0  -5  -2  -2    8   1   9  11   1   4  15   5   2   2   1   7   1   2  13  11   5   0   1   3  0.28 0.25
   21 K    -1   0  -2  -1  -3  -1   2  -3   0   0  -1   3  -1   2  -1  -1  -2  -2   1   0    6   3   1   4   1   1  14   2   2   6   7  21   1  10   4   4   1   0   6   6  0.22 0.22
   22 Y    -1  -2  -1  -3   1  -2  -2  -3   2   1   2  -1  -1   2  -2   0   0   0   4   1    4   2   2   1   3   2   2   2   5   8  19   4   1   9   2   6   5   1  13   9  0.21 0.19
   23 S     1   0   0  -1  -3   0  -1   0  -2  -2   0   2   0  -2   0   2   1  -4  -2  -1   11   4   5   3   0   4   4   6   1   2   8  16   2   1   4  15   7   0   1   4  0.13 0.17
   24 A     2  -1   0  -1   0  -1  -1  -2  -2   1   0   1   1  -1  -2   1   0  -4  -1   0   20   3   4   2   2   2   3   3   1   8  11  10   4   2   1  10   6   0   2   6  0.11 0.16
   25 Q    -1  -3   5   2  -3   2   0  -4   0  -4  -2   2  -2  -1  -1   0   0  -6  -4  -1    5   1  24   9   0  11   5   0   2   1   4  13   1   3   2   6   7   0   0   6  0.43 0.36
   26 G     0  -2   1  -1   0   0  -1   2  -3  -2  -2  -1  -4   1   5   1  -3  -5  -2  -4    8   2   7   3   2   4   4  14   0   3   3   3   0   7  27  10   1   0   1   1  0.47 0.35
   27 E    -1  -2   3   0  -1   0   2  -1   1  -1   0   1  -2  -3   2   0   0   0  -3  -3    4   1  15   5   1   4  15   5   3   4  10   8   1   1  11   6   5   1   1   2  0.22 0.22
   28 R    -1   1   2  -1  -3  -1  -1   3   1  -2  -1   1   0  -1  -1   0  -1  -4  -3  -2    5   9   9   2   1   2   4  23   4   2   7   9   2   3   4   6   3   0   1   3  0.20 0.19
   29 Q    -2   2   0   0  -2   2   0  -1  -3  -2  -2   5  -3  -3  -1   0   0  -4  -5  -3    3  10   5   4   1   7   4   5   1   2   4  36   1   1   3   6   6   0   0   2  0.51 0.39
   30 I    -3  -4  -4  -3  -3  -4  -2  -3  -6   4   1  -3  -1  -3  -4  -3   0  -6  -4   5    2   1   1   2   0   1   3   2   0  22  12   2   1   1   1   2   6   0   0  41  0.85 0.50
   31 P    -3  -4  -7  -7  -4  -7  -6  -6  -7  -3  -5  -2  -7  -8   8  -4   0  -8  -8  -2    3   1   0   0   0   0   0   1   0   2   1   3   0   0  76   1   7   0   0   4  2.40 1.17
   32 V     3  -2  -4  -4   2  -2  -3  -3  -3   0  -2  -3  -2  -3  -3   0   2  -6  -2   4   23   2   1   1   4   2   2   1   1   6   3   2   1   1   2   6  14   0   2  27  0.51 0.39
   33 L    -4  -3  -5  -5  -3  -5  -7  -6  -6   1   5  -7   1   5  -6  -4  -3  -1   0  -1    2   2   1   1   1   1   0   1   0   6  53   0   3  20   0   1   2   1   3   4  1.20 0.64
   34 Q    -3   1  -2   0  -2   2   5  -4   0  -1  -3   1  -3  -4  -5  -2   1  -6   0   1    1   6   2   4   1  10  33   1   2   4   2   9   1   1   0   3   7   0   3   9  0.55 0.42
   35 T    -1  -3   0   0  -2  -2  -2   1  -2  -1   1  -3  -2   1  -3   1   4  -4  -2   0    4   1   4   6   1   1   2  10   1   4  13   1   1   6   1   9  27   0   1   7  0.32 0.29
   36 N     0  -3   2   3  -4  -1   1   0   0  -3  -4   1  -5  -6   3   2  -2  -4  -5  -4    7   1  10  16   0   2   9   8   2   2   1   8   0   0  15  13   2   0   0   1  0.44 0.36
   37 N    -2  -4   5   6  -3   0   1  -1  -1  -7  -6  -1  -3  -5  -4   0  -2  -7  -5  -7    3   1  23  36   1   3   9   5   1   0   1   4   1   0   1   7   3   0   0   0  1.04 0.62
   38 G    -3  -3   0  -3  -6  -4  -2   7  -1  -6  -4   0  -6  -6  -6  -2  -2  -6  -6  -5    2   1   5   2   0   1   3  69   2   0   2   5   0   0   0   3   2   0   0   1  1.58 0.78
   39 P    -2  -1  -1  -1  -3   1   1  -3  -1  -2   0   2  -2   4   1   0   1  -2  -1   0    3   3   3   4   0   6   8   1   1   2   8  11   0  16   8   6   9   1   2   8  0.19 0.20
   40 S    -1  -1  -1  -3   3   0  -1  -2   0   1  -1   1  -2  -2  -1   2   2   0  -1   1    5   3   3   1   7   3   3   2   2   7   5  10   1   2   4  16  12   1   2  12  0.17 0.20
   41 L    -4  -5  -6  -4  -6  -6  -7  -5  -4   4   5  -4  -1   0  -4  -5  -4  -1  -3   3    1   0   0   1   0   0   0   1   0  20  46   1   1   4   1   1   1   1   1  18  1.08 0.60
   42 T    -2   0   0  -3   1  -2  -1  -3   1  -3  -3  -1  -2   4  -3   2   2   5   0  -1    4   5   4   1   3   2   4   1   4   1   2   5   1  18   1  16  13   7   2   4  0.42 0.36
   43 G    -4  -6  -2   1  -4  -1   5   5  -4  -6  -4  -4  -7  -7  -5  -1  -4  -7  -4  -5    1   0   2   6   0   3  34  42   0   0   2   1   0   0   0   4   1   0   1   1  1.26 0.75
   44 L     0  -4  -3  -2   1  -4  -3  -3  -2  -1   1  -4  -3   3  -1   4   1  -1  -1   0    9   0   1   3   3   0   1   2   1   3  13   0   0  11   3  33   7   1   2   6  0.47 0.42
   45 T     0  -2   5  -1  -2  -2  -2   0  -1   0  -2  -2   0  -2  -1   1   1  -2  -2   0    9   2  28   3   1   2   2   6   2   7   4   2   2   2   3   9   8   1   2   7  0.34 0.31
   46 T     5  -6   0  -4   0  -4  -4  -4  -4  -4  -5  -5  -2  -7  -1   2   3  -2  -5  -1   47   0   4   1   2   0   1   1   0   1   1   0   1   0   3  14  19   1   0   4  1.04 0.70
   47 I    -3  -8  -8  -6  -1  -6  -6  -5  -8   8  -1  -5   0  -4  -6  -3  -4  -8  -7   2    2   0   0   1   1   0   0   1   0  71   4   1   2   0   0   2   1   0   0  11  1.96 0.94
   48 A     5  -6  -4  -5   4  -4  -6  -2  -4   1   1  -5   0  -4  -6   0  -2  -7  -6   1   42   0   1   0   9   0   0   3   0   8  16   0   2   1   0   7   3   0   0   9  0.82 0.56
   49 A    -2   5  -1  -3   0   1  -3  -4   1  -1   0   1  -3   1  -6  -1   0   1   2  -2    3  32   3   1   2   6   1   1   3   4  10   7   0   5   0   4   6   2   7   2  0.52 0.41
   50 H    -2  -4  -4  -5  -3  -1  -4  -6   5  -4  -2  -4  -3   2  -8  -1  -3  -2   8  -5    4   1   1   1   1   3   2   1  11   1   5   1   1   7   0   5   2   1  54   1  1.77 0.94
   51 L    -4  -7  -5  -8  -6  -4  -7  -8  -7   3   5  -7   0   1  -5  -7  -4  -2  -3   3    2   0   1   0   0   1   0   0   0  15  53   0   2   5   1   0   1   1   1  18  1.26 0.69
   52 V     5  -5  -5  -4   2  -4  -2  -1  -3  -2  -1  -4  -1  -3  -5   0   0  -1  -3   2   49   0   0   1   4   1   3   5   1   2   6   1   1   1   0   5   6   1   1  12  0.79 0.54
   53 K     0   4   1  -1  -3   1   1   0  -1  -4  -3   2  -2  -3  -2   2  -2  -2  -4  -4    7  26   5   3   1   5   8   7   2   1   2  12   1   1   2  14   2   1   0   1  0.44 0.34
   54 Q     0   0   0  -1  -1   2   1  -2   0   0   1   1   0  -2  -1   0   1  -3  -1   0    7   4   4   3   2  10   9   3   2   4  14  10   3   1   2   7   8   0   2   6  0.08 0.11
   55 A     2   0   0  -1  -1  -1  -2   0   2  -2  -3   1  -2  -2  -2   3  -1  -4   1  -2   20   6   4   3   1   2   2   8   4   3   2   8   1   2   2  21   3   0   5   2  0.26 0.26
   56 N     0  -1   2   1  -2  -1   0   2   0  -3  -3   1  -2  -3   3   1   0  -5  -3  -4    8   2  10   7   1   3   6  14   2   2   2   9   1   1  13  11   5   0   1   1  0.28 0.25
   57 K     0   1   2   2   0   0   0  -1   0  -2  -2   2  -4  -3  -1   1   1  -5  -1  -2    6   9  10  12   2   4   6   5   2   2   4  14   0   1   3   8   7   0   2   3  0.20 0.19
   58 E     0  -2   1   1  -1   0   2   0   0  -3  -1   0  -2  -2   2   2   1  -5  -3  -3    7   2   6   8   1   5  12   6   2   1   7   6   1   2  10  14   8   0   1   2  0.20 0.21
   59 Y     0  -1   1   1  -1   2   1   1   0  -2  -1   0  -2  -2   1   1   0  -2  -1  -1    7   3   8   7   2   9   8  12   2   2   6   6   1   1   6   9   6   1   2   4  0.11 0.12
   60 L    -2  -3  -3  -6  -2  -3  -4  -6  -2   1   5  -4   0   1  -3  -4  -3   1  -1  -1    4   2   1   0   1   1   1   1   1   6  59   1   2   6   2   1   2   2   3   3  1.01 0.56
   61 L    -3   1  -1  -3   0  -1  -3  -2  -1  -1   3  -2   0   1  -4  -3  -2   2   5  -1    3   8   3   2   2   3   2   4   2   3  28   3   3   5   1   2   3   2  19   3  0.46 0.32
   62 G    -2  -4  -2  -3  -2  -3  -3   6  -6  -4  -5  -3  -6  -3   2  -2  -4  -1  -3  -4    3   1   2   2   1   1   2  63   0   1   1   2   0   1  12   3   1   1   1   2  1.40 0.76
   63 S     0   0   0   0  -1   1   0  -1   0  -3  -3   3  -2  -2  -1   2   0   0  -4  -1    9   6   5   5   2   5   6   6   2   2   2  16   1   2   4  18   6   2   0   4  0.21 0.22
   64 T    -2  -3   3   4   1  -2  -2  -1  -1  -3  -4  -2  -6  -6  -1   3   3  -7  -2  -6    3   2  12  20   3   2   3   6   1   2   2   3   0   0   3  20  17   0   1   0  0.62 0.47
   65 A     2  -1  -1   0   0  -1  -1  -2   1   0   0   0  -1   0   4  -1  -1  -6  -2   0   15   3   3   6   2   3   4   3   3   4   9   6   2   4  18   4   4   0   1   6  0.23 0.20
   66 E    -1  -1  -2  -1  -1   1   3  -3   1   1   0   1   2   1  -3  -2  -1   0   0  -1    6   4   2   3   1   6  19   2   3   7  10   9   4   5   2   3   4   2   4   4  0.21 0.17
   67 E    -1  -1   0   2   2   1   4  -1   3  -1  -2  -1   1   0  -7  -1   0  -7  -6  -1    5   3   5  11   4   5  24   5   5   4   4   4   3   4   0   5   6   0   0   4  0.37 0.27
   68 K    -1   0   0   0   2   0   0  -1   2   0  -1   0   2   1   0  -1   0   4   1  -1    5   5   5   5   5   5   5   5   5   5   5   5   5   5   5   5   5   5   5   5  0.09 0.08
   69 A     6  -5  -3  -4   1  -2  -4   0  -6  -3  -4  -3  -3  -5  -5   0   0  -3  -4  -2   60   1   1   1   3   2   1   6   0   2   2   2   1   1   1   8   6   1   1   3  1.17 0.71
   70 I    -2  -1  -1  -2  -1   4   3  -4   2  -1   2   0   0  -2  -5  -2  -2  -6  -3   0    3   3   3   2   1  19  16   1   4   4  22   5   2   2   0   3   2   0   1   7  0.44 0.36
   71 V    -2  -7  -4  -8  -3  -4  -4  -5  -8   6  -3  -7  -1  -3  -7  -5  -1  -7  -3   6    3   0   1   0   1   1   2   1   0  33   2   0   2   1   0   1   3   0   1  48  1.57 0.77
   72 Q    -1   0   1   5  -2   3   2  -5   0  -2   0  -2  -1  -3  -6  -2  -2   2  -1  -2    5   5   6  27   1  12  11   1   2   3   9   3   1   1   0   2   2   3   3   3  0.52 0.39
   73 Q    -3  -1  -3  -2  -3   8   1  -4   2  -8  -5   0   3  -8  -3  -1  -3  -8  -3  -5    3   4   1   2   1  53   8   2   4   0   2   5   5   0   2   5   2   0   1   1  1.46 0.86
   74 W    -6  -3  -9 -10  -2  -4  -9  -5  -9  -5  -4  -9  -2   1  -9  -5  -9  13   0  -5    1   2   0   0   1   1   0   1   0   1   2   0   1   6   0   1   0  77   3   1  4.01 1.69
   75 L    -4  -5  -4 -10  -1  -2  -9  -6  -2   4   4  -5   6  -3  -9  -4  -3  -9  -8   2    2   1   1   0   2   2   0   1   1  19  39   1  14   1   0   2   2   0   0  12  1.22 0.63
   76 E    -2  -3   0   4  -2  -1   5  -4   1  -4  -4  -4  -2  -1  -4   2  -2  -1   0  -5    4   2   4  21   1   3  30   2   3   1   3   1   1   3   1  13   3   1   3   1  0.76 0.51
   77 Y    -3  -3  -8  -4  -1  -4  -4  -9   0  -3  -2  -2  -1   6  -4  -3  -4   7   6  -3    3   2   0   1   2   1   1   0   2   2   5   3   1  31   1   3   2  11  25   2  1.52 0.79
   78 R     4   2  -3  -3   4  -1  -3  -2  -1  -1  -2  -3  -1  -1  -3   1   0   0  -2  -1   30   9   2   2   7   3   2   3   1   3   4   2   2   3   2  11   5   1   2   5  0.46 0.34
   79 V     1  -3   0   1   0   2   1  -3  -1   0   0  -2   1  -2  -2   0   1  -1  -1   1   12   2   5   8   2   8   8   2   1   5   9   3   3   2   3   7   8   1   2  11  0.12 0.13
   80 T    -1  -2   2  -2   0   0  -3   0   0   0  -1  -2   0  -1  -2   2   4  -7  -2   0    5   3   8   2   2   4   2   7   2   4   7   3   2   3   2  14  21   0   2   7  0.28 0.25
   81 Q    -1   0   0   0   2   0   0  -1   2   0  -1   0   2   1   0  -1   0   4   1  -1    5   5   5   5   5   5   5   5   5   5   5   5   5   5   5   5   5   5   5   5  0.09 0.08
   82 V     0   0   0   0   2   0   0  -1   1   0  -1   0   1   0   0   0   0  -2   1   0    5   5   5   5   5   5   5   5   5   5   5   5   5   5   5   5   5   0   5   5  0.03 0.05
   83 D     0  -1   2   2   1   1   0  -2   2  -1  -2  -1   1   1   0   0  -1   2   0  -1    7   3   9  10   3   7   7   4   4   4   5   4   3   6   4   6   4   3   3   4  0.11 0.11
   84 G    -1   0   0   0   2   0   0  -1   2   0  -1   0   2   1   0  -1   0   4   1  -1    5   5   5   5   5   5   5   5   5   5   5   5   5   5   5   5   5   5   5   5  0.09 0.08
   85 H     1  -2   1  -2   3   1   2  -3   2  -2  -2   0  -2  -2   2   0  -1  -1  -1  -2   12   2   7   2   6   7  14   3   5   2   4   6   1   2   9   8   3   1   2   4  0.23 0.21
   86 S     2  -1   0   1  -1   1  -1  -3   1  -2  -2   1   0  -3  -1   2   1  -1  -2  -2   15   3   4   7   1   7   5   2   3   2   5   8   2   1   3  16   9   1   2   3  0.22 0.21
   87 S     3  -3   2   1   2  -2  -2  -1  -3  -3  -2  -4  -3  -1  -2   3   0  -1  -2  -2   25   1   9   7   4   2   3   6   1   2   4   1   1   3   2  18   5   1   2   3  0.42 0.32
   88 K    -1   2   0   0  -3   1   1  -3  -1   0  -1   4  -2  -3   0   0  -2  -1  -2  -2    6   9   5   6   1   7   7   3   1   5   6  23   1   1   5   6   3   1   1   3  0.29 0.23
   89 N     1  -1   1   1  -7   2   3  -1   0  -4  -3   3  -2  -4  -3   1   0  -7  -3  -2   11   3   6   8   0   7  16   5   3   1   3  15   1   1   2   9   5   0   1   3  0.34 0.28
   90 D     1   1   1   3  -2   1   2  -2   1  -3  -2   1  -1  -2  -2  -1  -1  -1  -2  -1    9   6   5  17   1   5  14   3   3   2   4   9   1   2   2   5   4   1   1   4  0.24 0.20
   91 I    -1  -2  -2  -4   2  -2  -4  -3  -1   2   3  -2   0   2  -2  -2   0   2  -2   2    6   2   2   1   4   2   1   3   2  12  22   3   2   7   3   3   6   3   2  14  0.33 0.19
   92 H    -1   1   1   0  -2   1   1  -2   3  -2  -1   3   0  -1  -2  -1  -1  -1  -1  -2    6   9   7   6   1   6  10   3   7   3   7  14   3   3   2   4   4   1   3   3  0.19 0.16
   93 T     1   2   0  -1  -1   1   0  -1   1  -2  -2   2  -1  -2  -1   0   1   1  -3  -1   11  12   5   4   2   5   6   5   3   3   3  11   2   2   3   7   9   2   0   5  0.12 0.14
   94 L     1  -1   0  -1   1   0  -1   0   0   0   0  -1   0   0  -1   0   0   1   0   1   17   3   4   3   4   5   3   5   3   7  10   3   2   5   2   7   4   2   2  10  0.02 0.06
   95 L    -1   0  -1  -4   2  -1  -3  -4  -3   0   3  -1   2   1  -1  -1  -1   3   0   0    4   4   4   0   5   3   0   0   0   5  35   4   6   7   3   4   3   4   3   5  0.26 0.24
   96 K     0   0   1   0   2   1   0   0   2  -2  -1   0   1   0   1   0   0  -3  -2  -1    6   6   6   6   6   6   6   6   6   0   6   6   6   6   6   6   6   0   0   6  0.05 0.10
   97 D     0  -2  -1   1   0   0   3  -2   0   0  -1  -1  -1  -1  -2  -1  -1   1   2   1    9   2   2   8   2   5  22   3   3   7   4   3   1   3   1   3   4   2   7  10  0.18 0.17
   98 L    -3  -2  -6  -6  -5  -2  -5  -6  -5   1   5  -1   1   0  -6  -5  -3   2  -1   1    3   2   0   0   0   2   1   1   0   6  60   4   3   4   0   1   2   2   2   7  1.05 0.47
   99 N    -5   1   6   4  -6  -1   3  -3   0  -3  -4  -4  -6  -6  -6  -2  -5  -7  -6  -6    0   7  39  23   0   2  16   2   2   2   2   0   0   0   0   3   0   0   0   0  1.29 0.60
  100 S     1   1   0   1   0   1   1   1   0  -3  -3   2  -1  -4  -2   1   1  -1  -2  -2   12   6   5   8   2   5   8  11   3   2   2  13   1   0   2   9   8   1   1   2  0.17 0.15
  101 Y     0  -1  -1  -1   1   0  -1  -2   4  -1   0   1   0   1  -3  -1  -1   2   3   0   10   3   3   3   3   4   3   3  10   3  11   8   3   4   0   4   3   3  12   6  0.16 0.14
  102 L    -4   0  -5  -5  -5  -4   0  -6  -5   1   5  -4   3   1   0  -5   0  -5  -4   0    1   5   0   0   0   0   6   1   0   6  50   0   6   6   5   1   5   0   0   6  0.79 0.39
  103 E     2   0  -1  -1  -1   1   2  -1   0  -1   0   1  -1  -2  -2   1   0  -4  -1  -1   18   4   3   2   2   5  13   5   2   3  12   8   1   2   2  10   4   0   2   3  0.11 0.15
  104 D    -1  -1   1   2  -1  -1   0   1   1  -2  -1   0   1  -1   0   1   1  -4  -1   0    2   3   7  14   1   2   4  10   3   2   6   6   4   3   5   9  11   0   2   6  0.11 0.13
  105 K    -3   6   2  -3  -1   1  -2  -3   2  -3  -4   3  -2  -3  -5   0  -1  -6  -3  -2    2  37   8   2   1   5   1   2   5   1   2  16   1   1   0   7   3   0   1   3  0.79 0.50
  106 V    -2  -2  -2   0  -1  -1  -1  -4  -2  -2  -3  -1  -1  -6  -2   0   6  -6  -5   1    4   2   2   4   1   2   4   2   1   2   2   4   1   0   3   6  50   0   0  10  0.89 0.58
  107 Y    -6  -3  -4  -7  -2  -6  -6  -7   0  -5  -3  -6  -5   7  -7  -6  -4   4   8  -3    0   2   1   0   1   0   0   0   2   0   2   0   0  38   0   0   1   5  42   2  2.05 0.86
  108 L    -3  -4  -6  -6  -5  -5  -6  -6  -6   2   5  -5   2   3  -6  -3  -3  -5  -2   1    2   1   0   0   0   0   0   0   0   9  57   0   4  11   0   2   1   0   1  11  1.10 0.53
  109 T     2  -5  -4  -5   1  -5  -4  -3  -6   0   0  -5  -2  -4  -4  -2   0  -6  -5   6   19   0   1   0   3   0   1   2   0   4   7   0   1   0   1   3   5   0   0  51  0.97 0.53
  110 G    -1  -3  -1  -3  -2  -3  -3   7  -3  -5  -5  -5  -3  -4  -6   0  -1  -6  -6  -6    4   2   2   1   1   1   2  72   1   1   1   0   1   1   0   6   4   0   0   0  1.61 0.73
  111 Y    -3  -3   4   4  -3   0   3  -3   4  -4  -5  -2  -5  -2  -2  -1  -1   0   1  -4    1   1  19  23   1   3  19   2   9   1   1   2   0   2   2   4   4   1   4   1  0.69 0.42
  112 N    -1   5   0  -2   0   1  -1  -1   2  -4  -4   2  -2  -2  -4   2   0  -5   0  -3    5  27   5   2   2   7   4   5   5   1   1  10   1   2   0  14   6   0   3   1  0.45 0.33
  113 F    -3  -4  -5  -5  -2  -3  -4  -6  -5   4   3  -3   1   4   0  -3  -3  -1   0   2    1   1   0   0   1   1   1   0   0  21  31   2   3  15   5   2   1   1   2  13  0.68 0.37
  114 T    -3  -4  -2  -5  -2  -3  -5  -4  -6  -5  -5  -4  -5  -6  -5   4   7  -6  -4  -4    1   1   2   0   1   1   0   1   0   0   1   1   0   0   0  24  64   0   1   1  1.71 0.85
  115 L     1  -2  -1  -3  -2  -1  -1  -3  -3   2   3  -2   1   0  -1  -1  -1  -3  -1   1   16   0   2   0   0   3   5   1   0  11  33   2   3   3   2   4   3   0   2   8  0.20 0.15
  116 A     5  -3  -3   1   1  -3  -3   0  -4   0  -3  -3  -3  -4  -3   0   0  -4  -4   1   57   0   0   7   3   0   0   6   0   6   1   0   0   0   0   4   4   0   0   9  0.66 0.33
  117 D    -3  -4   1   7  -5  -3   0  -4  -3  -4  -5  -3  -4  -5  -4  -1  -3  -5  -4   0    1   1   5  71   0   0   5   1   0   1   1   1   0   0   1   5   1   0   0   8  1.47 0.48
  118 I    -1  -1  -2  -3   0  -3  -2  -2  -3   4   1  -2   1   0  -2  -2  -1  -3  -1   3    5   3   2   1   2   0   3   2   0  35   9   2   2   3   2   2   3   0   2  19  0.32 0.18
  119 L     1  -1  -1  -1   0  -1  -1  -2  -1   1   0  -2   0   0   0   0   1   1  -1   2   14   3   2   2   2   2   2   2   1   8  10   1   2   4   4   6   8   2   2  22  0.09 0.10
  120 L     0  -3  -2  -2   0  -3  -3  -1  -1   2   2  -3   3   0  -3  -2  -1  -3  -1   3   10   0   1   3   2   0   0   4   1  12  23   0  10   3   0   2   3   0   2  20  0.29 0.21
  121 Y     1  -4  -3  -4   1  -3  -4   0   0  -2  -2  -4   0   4  -1  -2   0   4   5   1   13   0   1   0   3   1   0   8   3   2   3   0   2  18   3   2   7   5  18  10  0.48 0.30
  122 Y     2  -1  -2  -1   6  -1  -2  -1   0  -2  -2  -2  -1  -1   0   1   0   1   2  -1   15   3   1   3  16   3   1   5   3   2   4   2   1   2   4  14   6   2   8   4  0.27 0.22
  123 G     1  -1   1   0  -1   0  -2   0  -1   0   0  -1   0  -1  -2   1   1  -3   0   0   16   3   8   4   1   3   1   7   1   5  12   2   2   2   1  13   7   0   4   6  0.07 0.11
  124 L     0  -2  -2  -3   3  -2  -2  -2  -2   1   1  -2   2   2  -2   0   1  -1   2   1   10   0   0   0   9   0   1   1   0  10  10   1   9   9   0  10  10   0   9  10  0.14 0.11
  125 H    -2   1  -1  -3  -1   1  -2  -3   7  -2   0   0  -1   1  -3  -1  -3   2   5  -3    3   6   3   2   1   6   3   2  20   2   9   6   2   5   2   5   2   3  16   3  0.68 0.38
  126 R     1   2   0   0  -1  -1  -1   2   0  -3  -2  -1   0  -1   3   0  -1   0  -2  -2   10  12   5   5   1   2   4  14   3   2   4   4   2   3  14   6   4   1   2   3  0.21 0.18
  127 F     1  -3  -2  -4   0  -1  -4  -1  -2   1   0  -4  -1   5  -2  -2  -1   4   3  -1   11   2   2   1   2   3   2   5   1   8  10   1   2  21   3   4   4   6   8   5  0.48 0.27
  128 I    -1  -2  -2  -3  -6   0  -2  -1  -1   0   0   0   5   3  -3  -1  -2   0   3   1    6   2   2   2   0   5   3   5   2   6   8   6  11  12   2   4   3   1   9  10  0.32 0.20
  129 V     1   1   0  -2   0   2   1  -1   1  -2  -1   1   0  -1  -3   0   1   1   1  -1   10   7   4   2   2   8   8   5   3   3   6   9   3   3   2   7   8   2   4   5  0.09 0.10
  130 D    -1   0   0   0   0   0   0  -1   3   0  -1   0  -1   0  -3   0  -1   1   0   3    4   6   4   5   2   5   5   6   6   6   6   6   1   4   2   7   4   2   3  18  0.10 0.09
  131 L    -1  -4  -4  -8  -2  -1  -1  -6  -2   0   4  -2   4   3  -3  -3  -4   4  -2  -1    6   1   1   0   1   3   4   1   1   5  39   2   8  11   2   2   2   5   1   5  0.79 0.43
  132 T    -1  -4  -1   4  -2  -1   1   0  -2  -3  -3  -1  -1  -2  -2   2   3   0  -4  -4    5   1   3  22   1   3   9   7   1   2   3   4   2   2   2  13  15   2   1   1  0.44 0.34
  133 V     1  -2  -2  -1  -1  -1  -1  -1   1  -1  -1   1  -3   1   4  -1  -2  -1   0   0   13   2   2   4   1   3   5   4   3   4   6  10   1   6  17   5   3   1   4   6  0.22 0.20
  134 Q     1  -2  -1   0  -2   3   2  -2   0  -1  -1   1  -1  -2   0   2  -1  -7   0  -2   13   2   3   5   1  14  10   4   2   4   5   8   1   2   5  12   3   0   3   3  0.22 0.22
  135 E    -2  -1  -3   3  -2   1   4  -3  -2  -3  -2  -1   0   4  -3  -2  -1   4   0  -2    4   4   1  14   1   6  21   2   1   2   5   4   2  13   2   3   4   4   3   3  0.48 0.34
  136 K    -4   6  -2  -5  -1  -1  -5  -3  -2  -3  -1   4  -2  -3  -3  -2   0  -1  -2  -3    2  37   2   1   1   3   1   2   1   2   7  21   1   1   2   3   5   1   2   2  0.99 0.58
  137 E     1  -2  -1   0  -8   1   4  -3  -2  -4  -3   3  -4  -3   1   1  -3  -2  -2  -4   11   2   3   6   0   6  20   2   1   1   3  18   1   1   6  11   2   1   2   2  0.48 0.38
  138 K     1   0  -1   0  -3   3   2  -3  -1  -4  -4   4  -4  -5   2   0  -1  -8  -5  -4   10   5   3   4   1  12  12   2   1   1   2  21   1   1  10   8   5   0   1   2  0.49 0.39
  139 Y    -5  -4  -2  -9  -2  -5  -8  -6   3  -2   1  -6  -1   5  -3  -4  -5   0   7  -2    2   1   2   0   1   1   0   1   7   3  14   1   2  21   2   2   1   1  35   3  1.48 0.75
  140 L    -1  -3  -3  -6   2  -1  -3  -2  -3   0  -2  -1  -1  -5   7  -2  -2  -9  -5   1    5   2   2   1   3   3   3   4   1   5   5   4   2   1  44   4   3   0   0   9  1.01 0.65
  141 N    -1  -6   7  -6   0  -5  -4  -5   8  -7  -8  -5  -5  -4 -11  -2  -7 -11  -2  -8    5   1  50   1   2   1   1   1  29   1   1   1   0   1   0   4   0   0   1   0  2.35 1.16
  142 V    -3  -5  -9  -9  -8  -9  -9  -9  -9   2   4  -9  -2   0  -9  -6  -1  -9  -8   6    3   1   0   0   0   0   0   0   0  11  36   0   1   3   0   1   4   0   0  40  1.47 0.76
  143 S    -1  -2   2  -2   1   0   0  -3  -2  -1  -2   0   2  -1  -5   2   3  -3  -2   1    5   3   8   3   3   4   5   2   1   3   4   6   5   3   0  16  19   0   1  10  0.29 0.28
  144 R     0   8  -3  -5  -4  -3  -4  -6  -3 -10  -7  -3  -9 -10  -9  -5  -6 -10  -9 -10    9  80   1   1   1   1   1   1   1   0   1   1   0   0   0   1   1   0   0   0  2.66 1.29
  145 W   -10  -6 -10 -11  -3  -9 -10 -10   3 -10  -5 -10  -9  -1 -10 -10 -10  13   4 -10    0   1   0   0   1   0   0   0   6   0   2   0   0   2   0   0   0  77  10   0  4.36 1.78
  146 F    -6  -6  -8  -9  -2  -6  -9  -7  -1  -2  -1  -8  -1   8  -9  -6  -5   1   6  -3    1   1   0   0   1   0   0   1   2   2   7   0   1  55   0   1   1   2  23   2  2.21 0.99
  147 C    -1  -1   4   4  -1   0   2  -2  -1  -4  -2   0  -2  -4  -6   0   0   2  -4  -3    5   3  17  20   1   4  13   3   1   1   5   7   1   1   0   6   5   3   1   2  0.45 0.34
  148 H    -2   2   1  -4  -4   0  -2  -5   4  -4  -1  -1   0   2  -5  -1   5  -6   1  -5    3  11   6   1   0   5   3   1  10   1   6   3   2   7   1   5  32   0   4   1  0.66 0.47
  149 I    -5  -6  -6  -9   5  -8  -8  -7  -8   5   2  -8   4  -3  -8  -6  -4  -8  -7   4    1   0   0   0  12   0   0   0   0  30  20   0   8   1   0   1   1   0   0  24  1.42 0.69
  150 Q     0  -1  -3  -3   0   5  -1  -4  -2   2  -1  -1   1  -4  -6   1   0  -6  -1   2    7   3   1   1   2  26   4   1   1  10   6   4   3   1   0   9   5   0   2  15  0.48 0.38
  151 H     1  -1   5  -2  -3   2   0  -3   5  -5  -6  -1  -2  -5  -5   2  -2  -7  -3  -4   13   3  26   2   1   9   6   2  14   1   0   4   1   1   0  12   3   0   1   1  0.77 0.51
  152 Y    -4   3  -1   0  -5   6  -1  -6   2  -2   1  -2  -1  -3  -6  -3  -2  -2   0  -1    1  13   3   5   0  37   3   0   4   2  13   2   1   1   0   2   3   1   3   4  0.84 0.57
  153 P    -2  -3  -4  -1  -2  -2   1  -5  -5  -5  -6  -1  -8  -5   8  -2  -3  -9  -4  -3    4   2   1   4   1   2   9   1   0   1   1   4   0   1  60   4   2   0   1   2  1.67 0.92
  154 G     2  -1   1  -1  -2   3   2   1   0  -1  -4   1  -1  -3   0   0  -2  -6  -4  -2   16   3   7   4   1  11  13  10   2   4   1   8   1   1   4   8   2   0   0   2  0.24 0.24
  155 I    -3  -6  -5  -6  -2  -6  -6  -7  -4   3   1  -8   0   7  -6  -4  -3   2   0   3    3   0   1   0   1   0   0   0   0  12  11   0   2  38   1   2   1   2   3  21  1.24 0.63
  156 R    -1   4  -3  -4  -3   3  -2  -4  -1  -5  -3   5  -2  -6  -6   0  -2  -4  -5  -1    5  22   1   1   1  12   2   2   2   1   3  34   1   0   0   8   2   0   0   4  0.87 0.56
  157 Q     2  -1  -1   1  -3   3   2  -2   1  -5  -5   3  -2  -4  -2   1  -1  -6  -3  -4   18   3   2   7   1  15  13   3   3   0   1  17   1   1   2   9   3   0   1   1  0.49 0.39
  158 H     1  -4  -1  -3  -4  -2  -3  -3   4   2  -2  -2  -2  -1  -5   0  -1  -4  -2   5   11   1   3   1   0   2   1   2   8  10   3   3   1   3   1   7   4   0   1  38  0.65 0.43
  159 L    -2  -2  -1  -5  -1  -3  -5  -4  -2   2   4  -4   1   4  -6  -4  -3  -1   2   1    4   2   3   1   2   1   0   1   1  11  32   1   3  18   0   1   2   1   6   8  0.66 0.39
  160 S     0  -3  -3  -3  -7  -1   1   5  -4  -7  -5   0  -4  -5   3   0  -1  -7  -7  -3    7   1   1   1   0   3   9  44   0   0   1   6   1   1  12   7   3   0   0   2  0.87 0.55
  161 S    -2  -1  -1   2  -4  -1   4  -3  -1  -3  -1   2   0  -4   2   0   0  -2  -4  -2    3   4   3  11   0   3  24   2   2   1   7  11   2   1  12   8   5   1   0   3  0.38 0.33
  162 V    -3  -7  -6  -7  -4  -4  -5  -6  -4   4   1  -4  -3   0  -1  -4  -1  -2  -2   6    2   0   0   0   0   1   1   1   0  22  13   1   0   3   4   1   4   1   2  44  1.07 0.58
  163 V    -1  -2   1   0   0   0   1  -3   0  -1  -1   2  -1  -4   3  -1   2  -5  -3   1    4   2   7   4   2   5   8   1   2   2   5  14   1   0  12   4  12   0   1  12  0.23 0.24
  164 F    -5  -7  -2  -4  -7  -3  -7  -8  -6  -2   3  -7   1   7  -8  -7  -6  -2   3  -1    1   0   2   2   0   2   0   0   0   2  28   0   3  46   0   0   0   0   9   5  1.54 0.74
  165 I    -1  -3  -2  -4   7   1  -2  -5  -2   2  -1  -3  -2  -5  -1   2   1  -6  -3   1    6   2   2   1  23   6   2   1   1  11   5   2   1   0   3  16   9   0   1   9  0.65 0.42
  166 K    -4   4  -3   2  -7  -1   5  -5  -2  -5  -3   3  -1  -7  -5  -3   0  -7  -6  -4    1  18   1  10   0   2  34   1   1   1   2  20   2   0   0   2   5   0   0   2  0.94 0.57
  167 N    -3  -2   3  -3   0  -2   0  -5  -5  -1  -4   5   1  -4  -2   0   3  -6  -5  -2    2   1  15   1   2   1   5   0   0   3   2  36   4   1   2   6  15   0   0   3  0.74 0.50
  168 R     2   4  -3  -3  -2  -1  -1  -4   0  -3  -1   1   0  -4   4  -1  -4  -3   1  -2   20  21   1   1   1   2   4   1   2   1   6   7   2   0  19   4   0   0   4   3  0.50 0.38
  169 L     1  -6  -7  -7  -1  -6  -7  -7  -2   3   5  -6   2  -4  -3  -6  -4  -6  -5  -1   10   0   0   0   1   0   0   0   1  16  63   0   5   0   1   0   1   0   0   3  1.29 0.64
  170 Y    -4  -5  -5  -1  -6  -1  -5  -5   2  -2  -2  -3  -4   1   0  -1  -4  -2   9  -3    1   0   0   4   0   3   0   1   5   2   4   2   0   4   6   5   1   0  62   2  1.59 0.70
  171 T     0  -4  -2  -3   2  -3  -2  -2  -4   0  -3  -3  -3  -5  -1   3   5  -5  -4  -1    7   0   1   0   4   0   2   2   0   5   1   1   0   0   3  27  44   0   0   3  0.78 0.45
  172 N    -2  -3   5  -2  -4  -2  -1   3  -2  -5  -5  -2  -4  -5  -1   3   2  -5  -4  -4    0   0  29   0   0   0   3  27   0   0   0   0   0   0   3  26  12   0   0   0  0.74 0.32
  173 S     1   0  -2  -2   2  -1  -1   2  -3  -3  -3  -2  -3  -4   1   3   3  -4  -3  -2   13   5   0   0   6   2   3  14   0   0   0   0   0   0   5  27  25   0   0   1  0.42 0.21
  174 H    -3  -2   1  -2  -5   3  -1  -4   9  -5  -4  -2  -3  -3  -4  -2  -3  -4   0  -5    0   0   5   0   0  17   0   0  78   0   0   0   0   0   0   0   0   0   0   0  1.71 0.35

                      K         Lambda
Standard Ungapped    0.1329     0.3174
Standard Gapped      0.0441     0.2670
PSI Ungapped         0.1440     0.3177
PSI Gapped           0.0441     0.2670
