
Last position-specific scoring matrix computed, weighted observed percentages rounded down, information per position, and relative weight of gapless real matches to pseudocounts
            A   R   N   D   C   Q   E   G   H   I   L   K   M   F   P   S   T   W   Y   V   A   R   N   D   C   Q   E   G   H   I   L   K   M   F   P   S   T   W   Y   V
    1 M    -2  -2  -3  -4  -2  -2  -3  -4  -3   0   3  -2   8  -1  -3  -3  -2  -2  -2   0    0   0   0   0   0   0   0   0   0   0  21   0  79   0   0   0   0   0   0   0  0.97 0.24
    2 S     2  -2  -1  -1  -1  -1   0  -1  -2  -3  -3   0  -2  -3   2   4   1  -4  -3  -2   26   0   1   0   1   0   7   0   0   0   0   3   0   0   9  49   4   0   0   1  0.47 0.19
    3 K    -2   2   1  -1  -4   2   2   0  -1  -3   0   4  -1  -3  -2  -1  -2  -3  -3  -3    0  10   8   0   0  12  13   7   0   0  12  39   0   0   0   0   0   0   0   0  0.38 0.18
    4 R    -2   6  -2  -3  -4   2  -1  -3  -2  -4  -4   1  -3  -4   2   1   0  -4  -3  -4    0  58   0   0   0   8   0   0   0   0   0   5   0   0   9  14   6   0   0   0  0.89 0.35
    5 P    -3  -4  -4  -4  -5   0  -3  -4  -4  -4  -2   0   0  -5   7   0  -3  -5  -5   0    0   0   0   0   0   4   0   0   0   0   3   7   3   0  70   7   0   0   0   7  1.73 0.58
    6 S     1  -2   1  -2  -3   0  -1   2  -3  -4  -4   0  -3  -2   3   3   0  -4  -3  -1    9   0   7   0   0   4   3  14   0   0   0   6   0   1  14  36   3   0   0   4  0.47 0.33
    7 Y    -1  -1  -1  -3  -4   0  -1  -4   3  -2  -1  -1   2   1  -1  -1  -1  -1   6   0    4   4   3   0   0   4   3   0   7   0   4   4   6   5   3   5   3   0  37   9  0.54 0.35
    8 A     3   0   0  -2  -3   1  -1  -1   0  -3  -2   2  -2  -4  -3   1   2  -4  -3  -1   27   6   5   0   0   7   2   4   2   0   4  13   0   0   0  13  13   0   0   3  0.29 0.26
    9 P     0  -3   2  -3  -4  -1  -3  -2  -1  -2  -2  -2   0  -5   6   0  -1  -5  -4  -1    8   0   9   0   0   2   0   2   2   2   5   1   2   0  49   7   4   0   0   4  1.03 0.52
   10 P     0  -2   0  -4  -5  -2  -4  -3   3  -1  -2  -4  -4  -5   7   1  -1  -6  -2  -4    6   2   4   0   0   1   0   1   9   4   4   0   0   0  54  10   4   0   1   0  1.29 0.65
   11 P    -1  -2   0  -4  -5  -4  -1  -2  -1  -3  -5  -2  -4  -1   7   0   0  -6  -5   0    4   2   5   0   0   0   3   2   2   1   0   2   0   3  55   9   5   0   0   8  1.26 0.65
   12 T     0  -2   0  -3  -3   0  -1   1  -3  -2  -3  -1  -3  -4   3   2   3  -4   0  -1    8   1   4   0   0   5   3  10   0   2   1   4   0   0  14  15  24   0   3   5  0.36 0.32
   13 P    -2   1  -1  -2  -4  -1  -2  -3   1  -1  -3  -2   1  -2   6   1   0  -5  -4  -1    2   7   2   2   0   3   2   1   3   3   2   1   5   1  42  14   5   0   0   5  0.86 0.51
   14 A     3  -1  -1  -3  -1   2  -1   1   0  -3  -1   0   1  -4   0   2   1  -4  -3  -1   26   2   1   0   1   9   3   9   2   0   7   6   5   0   3  16   7   0   0   3  0.25 0.27
   15 P    -2   2  -1  -1  -5   2  -1  -3  -2  -5  -3   0  -4  -3   6   2  -2  -5  -5  -5    2  12   2   3   0  10   3   1   1   0   3   5   0   2  38  17   2   0   0   0  0.91 0.55
   16 A     2  -1  -1  -1  -3   0  -1   1  -1  -2  -1   0   0  -2   1   2   1  -4  -3  -1   19   2   2   4   0   5   2  14   2   2   5   5   2   1   7  15  11   0   0   2  0.20 0.22
   17 T     0   1   1   0  -4  -1  -1   1   1  -3  -3  -1  -3  -1   1   1   3  -5  -3  -1    9   8   6   4   0   2   3   9   3   0   1   3   0   3   8  12  25   0   0   4  0.30 0.30
   18 Q    -1   0   0  -2  -4   3   0   0  -1  -1  -3  -1   0  -3   2   3   0  -5  -3  -1    4   5   4   1   0  16   5   6   1   4   1   3   3   1  12  26   4   0   1   3  0.36 0.36
   19 M     0   1   0  -1  -3   2   0  -2  -1   0   0   1   4  -1  -1   0   0   0  -3   0    7   7   4   3   0  11   5   2   1   4   7   7  14   2   3   8   6   1   0   6  0.14 0.20
   20 P     1  -1  -2  -2  -4   0  -1   0  -4  -5  -3  -2  -3  -2   5   2  -1  -1  -2  -4   13   3   1   2   0   5   4   9   0   0   2   2   1   1  36  15   4   1   1   1  0.73 0.48
   21 S     0  -1   1  -1  -1   0   0   0  -2  -5  -3  -3  -4  -5   1   5   1  -1  -4  -3    7   2   6   2   1   5   5   6   1   0   3   0   0   0   6  46   7   1   0   1  0.62 0.51
   22 T     0  -1   1  -2  -1   0   0   1  -2  -3  -2  -2   1  -4   1   2   3   1  -2  -1    6   3   7   1   1   4   6  10   1   1   2   1   4   0   7  14  24   2   1   4  0.28 0.30
   23 P     0  -1  -3  -4  -5  -1  -2   2   2  -2  -2  -3   0  -5   5   2  -1  -6  -5  -3    7   4   1   0   0   2   2  14   4   2   4   0   2   0  36  18   2   0   0   1  0.81 0.54
   24 G     0  -1   0  -2  -3   0  -1   4   1  -1  -1  -2   0  -1  -1   2  -2  -4  -1   0    5   3   4   2   0   4   3  33   3   3   5   1   2   3   2  16   1   0   2   8  0.33 0.29
   25 F     0  -1  -1  -3   0  -2  -1   0   2  -1  -1  -2   1   4   2   1  -1  -3   1  -1    6   2   2   0   3   1   3   7   7   2   6   2   4  19  11  12   4   0   5   3  0.23 0.24
   26 V     1  -1  -1  -1  -1  -1   0  -1  -3   0  -1   0   0   2   2   0   0   0  -2   1   10   3   2   3   1   3   5   5   0   4   3   5   3  10  13   9   6   1   0  13  0.12 0.16
   27 G    -1  -1   3   0  -3   0  -1   2   1  -2  -2  -2   0  -4   0   2   1  -4  -2  -1    5   2  16   4   0   4   3  18   3   2   3   1   3   0   5  17   9   0   1   4  0.28 0.27
   28 Y     0  -2   0   0  -1   0   0   1   0  -1  -1  -2   0   1   0   1   0  -2   2  -1    5   1   4   5   1   3   6  11   2   4   5   0   2   6   5  16   7   0   9   5  0.09 0.14
   29 N    -1  -2   4  -1  -4   0  -1   0   2  -1  -4  -1  -1  -4   0   3   2  -5  -2  -2    4   1  19   2   0   3   2   6   5   3   0   3   2   0   5  26  15   0   1   2  0.45 0.39
   30 P    -2  -2  -1   0  -5   2   0  -1  -1  -3  -3  -1   0  -5   6   0  -3  -5  -2   0    3   2   2   5   0  10   6   4   1   2   2   3   2   0  40   9   1   0   1   7  0.81 0.52
   31 Y    -1  -1   2   0  -4   1   0  -1   5  -1  -2  -1  -3   1  -1  -1  -1  -3   2  -1    4   3  11   5   0   7   4   5  19   3   3   4   0   6   4   5   4   0   9   4  0.32 0.29
   32 S     1  -1   0  -1  -1  -1   1   2   1  -3  -3   0   1  -2  -1   2   1  -4  -3  -2    9   3   4   3   1   2   9  17   4   1   2   7   5   1   2  20   7   0   0   2  0.24 0.25
   33 H     0   0   2   0  -4   0  -1   0   6  -4  -2  -1  -3  -2   1   1   0  -5  -3  -3    7   5  10   5   0   3   4   7  22   0   5   3   0   2   9  10   6   0   0   2  0.43 0.34
   34 L     0  -1  -1  -1  -4   0  -1   0   0  -2   0  -2  -1  -1   4   1   1  -4  -2  -2    7   3   2   4   0   4   4   8   3   1  10   2   1   2  26  12   8   0   1   2  0.37 0.32
   35 A     1  -2   1   0  -4   1   0   1   0  -3  -1  -1  -1  -4   1   3   0  -5  -4  -2   11   1   7   4   0   6   5  12   2   1   6   3   1   0   8  23   6   0   0   3  0.26 0.28
   36 Y    -1  -1   0  -1   0  -2   1  -1   4  -2  -2  -2  -3   4   1  -1  -1   0   2  -1    5   3   5   3   2   1   9   6  11   2   3   2   0  22   6   5   3   1   7   4  0.33 0.29
   37 N     0   0   3   0  -1   1   1  -1   2  -2  -2  -1   0   0  -1   1   1  -4  -3  -1    8   5  18   4   1   7   8   3   5   2   4   2   3   4   3  12   9   0   0   3  0.19 0.22
   38 N    -1  -1   2  -1  -4   0  -1   0   2  -1  -2   1  -1  -4   4   0  -1  -5  -4  -2    5   2  13   4   0   4   3   6   4   3   3  11   2   0  24   9   4   0   0   3  0.42 0.34
   39 Y    -1   0  -1  -1  -3   2   0  -1   2   0  -1   1   1  -1   1   0   1  -3   0   0    4   5   2   3   0  14   4   3   5   5   7  11   3   2   7   6   8   0   4   6  0.12 0.17
   40 R     0   2   0  -1  -3   1   0  -1   0  -1  -1   2   0  -1  -1   0   0   2   0  -1    7  14   4   3   0   5   4   5   3   3   5  16   3   3   3   6   7   3   4   3  0.13 0.16
   41 L     0   0   0   0  -2   1   0  -1   1   0   0   1   1   0   0   0   0  -2   0   0    6   5   5   3   0   6   7   4   4   8   9   8   4   5   4   5   5   0   3   9  0.02 0.04
   42 G    -1   0   0  -2   1  -2  -1   4  -1  -3  -3   0  -2  -4  -1   1   1  -4  -4  -2    4   5   4   2   3   1   3  40   1   1   2   6   1   0   3  11   8   0   0   3  0.50 0.36
   43 G     1   0   0   0  -3   0   0   2   1  -2  -1   1  -2  -3   0   1   1  -3  -1  -2   10   4   3   5   0   3   5  20   4   2   6   9   0   0   5  11   8   0   2   2  0.17 0.18
   44 N    -1   0   2   0   0  -1   0   1   1  -2  -2   2   1  -1  -1   0   1   2  -3  -1    4   4  13   4   2   2   4  11   5   2   4  15   4   3   2   8   9   3   0   3  0.15 0.19
   45 P     1   0   0  -1  -3  -1  -1   0   0  -2  -2   0   0  -3   4   1  -1   1  -1  -1   13   4   3   3   0   3   3   6   2   3   4   6   2   0  26   9   4   2   2   3  0.36 0.29
   46 G     0   0   1   0  -2   0   0   1   1  -1  -1   1   0   0   1   1   0  -3  -2  -1    7   4   6   6   0   4   4  13   4   4   6   9   3   6   6  10   4   0   0   4  0.06 0.08
   47 T     0   0   0   0   2   0   0   0  -1   0   0   0   1   0   1   0   0  -2   1   0    6   6   5   6   5   5   6   6   0   6   6   6   5   5   6   6   6   0   5   6  0.03 0.06
   48 N     0   0   1   1  -3   0   0   0   1  -1  -1   1   0   0   1   0   1  -3   0  -1    5   6  10   8   0   3   4   6   5   3   5   9   3   4   6   8   8   0   3   5  0.07 0.09
   49 S     0   0   0   0   2   1   0   0   1   0  -1   0  -1  -2   1   0   0  -2   1   0    6   6   6   6   6   6   6   6   6   6   6   6   0   0   6   6   6   0   6   6  0.05 0.08
   50 R    -1   3   0  -2   1   0  -1  -1   1   0  -3   3  -1  -2  -1   0   0   3  -1  -2    5  15   4   2   3   5   4   5   3   5   3  16   2   2   4   6   6   4   2   3  0.27 0.22
   51 V     0   0   0   0  -4   0   0   0   1  -1  -2   1   1   0   1   0   0   2   0   0    6   6   4   5   0   4   5   7   4   3   4  10   4   3   7   8   6   3   4   6  0.07 0.08
   52 T    -1   0   0   0   2   0   0  -1   2   0  -1   0   2   1   0  -1   0   3   1  -1    5   5   5   5   5   5   5   5   5   5   5   5   5   5   5   5   5   5   5   5  0.09 0.08
   53 A     0   0   0   0  -3   0   0   0  -2   0  -1   1   1   0   1   0   0   2   0  -1    7   4   6   5   0   4   6   8   0   5   4  10   5   5   6   8   7   3   3   5  0.05 0.08
   54 S     0   0   0   0  -3   0   0  -1   1   0  -1   0   1   0   0   0   0   3   1   0    5   5   5   5   0   5   5   5   5   5   5   5   5   5   5   5   5   5   5   5  0.06 0.08
   55 S     0   1  -1  -1   1   0   1   0   1  -2  -3   2   0  -1   1   1  -1   2   0  -2    7   7   3   3   3   4   9   6   3   3   3  12   3   3   7  11   4   3   3   3  0.12 0.12
   56 G     0   0   0   0  -2   1   0   0  -1   0   0   0   1   0   1   0   0  -2  -1   0    6   6   6   6   0   6   6   6   0   6   6   6   6   6   6   6   6   0   0   6  0.04 0.06
   57 I    -1   0   0   1   1   0  -1  -1   1   0  -1   0   1   0   3   0   0  -3   0   0    5   6   3   8   3   4   3   4   3   6   6   6   5   4  14   5   6   0   4   6  0.09 0.10
   58 T     0   0   0   0   2   0   0   0   1   0  -1   0   1   0   1   0   0  -3  -1   0    6   6   5   6   5   5   6   6   5   6   6   6   5   5   6   6   6   0   0   6  0.03 0.07
   59 I    -1   0   0   0   2   0   0  -1   2   0  -1   0   2   1   0  -1   0   3   1  -1    5   5   5   5   5   5   5   5   5   5   5   5   5   5   5   5   5   5   5   5  0.09 0.08
   60 P     0   0   0   0   2   0   0  -1   1   0  -1   0   1   0   0   0   0  -2   1   0    5   5   5   5   5   5   5   5   5   5   5   5   5   5   5   5   5   0   5   5  0.03 0.05
   61 K     0   0   1   0  -2   1   0   0  -1   0   0   0   1  -2   1   0   0  -3  -2   0    7   7   7   7   0   7   7   7   0   7   7   7   6   0   7   7   7   0   0   7  0.07 0.08
   62 P    -1  -1   0   4  -4  -1   0   0   1  -2  -2   0   1  -4   2   0  -2  -4  -3  -2    5   3   3  34   0   2   5   6   4   2   5   6   4   0  13   5   2   0   0   2  0.43 0.29
   63 P     0  -1   0  -1   0  -1  -1  -2   1  -1  -1   0   0  -2   5  -1  -1  -4  -3  -1    8   4   5   3   3   2   2   2   3   3   5   7   3   2  39   4   3   0   0   3  0.62 0.33
   64 K    -1   0   3   0  -3   0   0  -1   2  -3  -2   3  -2  -3   3   0   0  -4  -3  -3    3   4  19   4   0   3   3   3   6   0   3  22   0   0  16   7   6   0   0   0  0.39 0.24
   65 P     1   0  -1   0  -2   0   0   0  -2  -1   0   0   1  -2   2   0   0  -3  -2  -1   14   4   0   5   0   4   8   8   0   4  10   6   6   0  12   8   6   0   0   4  0.12 0.10
   66 P    -1  -1  -1   1  -2   1   1   0  -2   0   0   1  -1  -2   1   0   1  -3  -2   0    1   0   0   9   0   9   9   9   0   9   9   9   0   0   9   9   9   0   0   9  0.10 0.08
   67 D     0   1   1   1   2   1   1   0  -1  -2  -1   0  -1  -3   1   0   0  -3  -2   0    7   7   7   7   7   7   7   7   0   0   7   7   0   0   7   7   7   0   0   7  0.10 0.10
   68 K     1   4  -1  -3  -4   0  -2   0  -1  -4  -3   4  -1  -3   0   0  -2  -4  -3  -3   12  26   1   0   0   4   0   6   1   0   2  33   2   1   3   6   0   0   0   1  0.56 0.31
   69 P    -1  -1  -1   0  -4  -3  -3  -1   0  -4  -3  -3  -4  -5   7  -2  -2  -5  -2  -4    5   3   3   5   0   0   0   4   2   0   3   0   0   0  67   2   2   0   2   0  1.61 0.55
   70 L    -1  -1  -2  -3   0  -1  -3  -1  -1   1   3  -2   3   0  -2  -1   0   0  -2   0    5   3   2   0   2   2   0   4   1   6  39   2  10   4   2   4   7   1   0   6  0.27 0.19
   71 M    -1  -1   1  -2  -2  -1  -2   0  -2  -1  -1  -2   3  -3   0   3   3  -3  -3   0    3   2   8   1   0   2   1   6   0   2   4   1  13   0   3  25  21   0   0   7  0.30 0.22
   72 P     2  -3  -3  -3  -3  -2  -3   2  -3  -3  -3  -1  -3  -4   5   0  -1  -4  -3  -1   24   1   0   1   0   0   1  19   0   1   1   4   0   0  33   6   4   0   0   5  0.77 0.29
   73 Y    -4  -4   0   0   2  -3   0  -4  -2  -3  -3  -4  -3   4  -4  -3  -3  -1   7  -3    1   0   6   5   5   0   6   1   0   0   1   1   0  18   0   1   1   0  53   1  1.39 0.51
   74 M    -1   1  -1  -3  -3   0  -1  -3  -2   1   1  -1   5   2  -3  -1  -1   2   1   1    5   8   3   0   0   4   4   0   0   7   9   4  24   8   0   4   4   3   4   8  0.25 0.25
   75 R    -2   0   1  -3   2   1  -2   0   2   0   0   0   2   1  -3  -2   0   4   2   0    0   7   7   0   7   7   0   7   7   7   7   7   7   7   0   0   7   7   7   7  0.16 0.19
   76 Y    -3   0   0   0  -4  -3  -3  -4  -2  -2  -2  -3   2   6   0  -3  -3   4   5  -3    0   6   6   6   0   0   0   0   0   0   0   0   6  40   6   0   0   7  21   0  0.87 0.35
   77 S     0  -2   0  -2   3   0  -2  -2  -2  -1  -1   0   1   0  -2   4   0  -3  -2  -1    5   0   4   0   9   4   0   0   0   4   7   4   5   5   0  44   4   0   0   4  0.31 0.22
   78 R    -3   5   4  -3  -5   3  -1  -2  -1  -2  -4   2  -2  -5  -4  -1  -2  -5  -4  -4    1  34  27   0   0  12   2   3   1   2   1  14   1   0   0   2   2   0   0   0  0.90 0.49
   79 K    -1  -1  -1   3  -5   0   4  -3  -2  -4  -4   4  -2  -4  -3   0  -2  -5  -4  -4    4   2   2  20   0   2  28   1   0   0   1  32   1   0   0   5   1   0   0   0  0.78 0.45
   80 V    -1   2   1  -3  -2   1  -1  -3   1   1  -2   0   2  -1  -3  -1  -1   0   0   3    2  16   8   0   1   9   4   0   3   7   1   5   6   2   0   2   4   1   3  25  0.25 0.24
   81 W    -4   6  -4  -5  -6   1  -4  -3  -2  -6  -5  -1  -2  -1  -5  -4  -4   9  -3  -5    1  52   0   0   0   5   0   1   1   0   0   2   1   2   0   0   0  33   0   0  2.06 0.79
   82 D     0  -2  -1   4  -4   1   3  -3   0  -3  -4  -1  -4  -5   2   0  -2  -5  -4  -2   10   1   2  29   0   5  26   1   2   1   1   2   0   0  12   5   2   0   0   2  0.65 0.37
   83 Q     0   2   0  -1  -4   4   1  -3   0  -2  -3   3  -3  -3  -2   0  -1  -4  -3  -3    7   9   3   3   0  24   8   1   2   3   1  26   0   1   1   8   3   0   0   1  0.51 0.33
   84 V    -1  -4  -5  -5  -2  -4  -4  -5  -4   3   1  -4   2  -1  -4  -4  -2  -4  -1   5    3   0   0   0   1   0   0   0   0  17  12   0   5   2   0   0   2   0   1  54  0.92 0.44
   85 K    -3   5  -3  -3  -5  -1  -2  -4  -3  -3  -2   6  -2  -5  -4  -3  -3  -5  -4  -3    1  29   0   1   0   1   1   0   0   1   3  58   1   0   0   1   1   0   0   1  1.32 0.59
   86 A     4  -1   0   0  -3   1   1  -1  -2  -3  -2   1  -2  -4  -3   0   0  -4  -3  -2   42   2   5   3   0   5  12   4   1   1   2  11   1   0   0   5   4   0   0   2  0.40 0.29
   87 S     0   0  -1   1  -3   3   4  -3  -2  -4  -3   1  -2  -2  -3   1  -1  -4  -1  -3    8   4   1   8   1  16  34   1   0   1   1   7   1   1   0  10   2   0   3   0  0.54 0.33
   88 N    -4  -1   7  -2  -5  -1  -3  -3   5  -5  -5  -2  -3  -3  -4  -2  -3  -5   1  -5    1   3  65   1   0   2   0   1  15   0   1   2   1   1   0   1   0   0   4   0  1.59 0.65
   89 P    -3  -4  -4  -4  -5   0  -3  -4  -3  -5  -4  -3  -5  -5   8  -2  -3  -5  -5  -4    1   1   1   0   0   4   1   1   0   0   1   1   0   0  82   3   1   0   0   1  2.35 0.80
   90 D    -3  -3   2   5  -5   0   3   1   0  -5  -5  -1  -4  -5  -2  -1  -1  -5  -3  -4    1   0  11  44   0   3  17   9   2   0   1   2   0   0   1   4   4   0   1   0  0.87 0.42
   91 L     2  -2  -3  -4  -1  -2  -2  -3  -2   1   3  -2   3  -1  -3  -1  -2  -3   0   0   18   2   1   0   1   1   2   1   1   9  42   2   8   2   0   3   1   0   3   5  0.40 0.27
   92 K    -1  -1   0  -2  -4   1  -1  -1  -2  -4  -3   4  -2  -3   3   2   1  -4  -3  -3    3   2   4   1   0   7   1   5   1   0   2  28   0   1  17  18  11   0   0   0  0.51 0.33
   93 L    -2  -3  -3  -3   0  -1  -4  -4  -2   0   2  -4   0   6  -1  -3  -3   1   0   1    3   1   1   1   2   3   0   1   1   4  23   0   2  43   3   1   0   1   0  10  0.78 0.40
   94 W    -1  -1  -3  -4  -1  -2  -3   3  -1  -3  -3  -1  -2  -3   1   0   2   8   0  -2    5   3   1   0   2   1   0  21   1   1   1   3   1   0   7   7  13  28   2   2  0.85 0.42
   95 E    -3  -3  -2   3  -6   1   6  -4  -3  -3  -5  -1  -4  -5  -4  -3  -3  -5  -5  -4    1   0   1  18   0   4  68   1   0   2   0   2   0   0   0   0   1   0   0   1  1.49 0.66
   96 I    -2  -4  -5  -5  -3  -4  -5  -4  -5   6   1  -3   0  -2  -4  -3  -1  -4  -3   3    2   1   0   0   0   0   0   1   0  51  12   1   2   1   0   1   4   0   0  23  0.99 0.46
   97 G     1  -3  -2  -2  -3  -2  -2   4  -3  -3  -3  -3  -2  -4  -3   2   3  -4  -4  -2   12   0   1   1   0   1   1  37   0   1   1   0   1   0   0  15  25   0   0   3  0.70 0.39
   98 K    -3   3  -1  -1  -1  -1  -2  -3  -1  -5  -5   6  -4  -5  -4  -1  -3  -5  -4  -4    1  15   2   2   1   1   1   1   1   0   0  67   0   0   0   3   1   0   0   1  1.31 0.59
   99 I    -2  -2  -3  -4  -2  -1  -1  -4  -2   5   2  -1   3  -2  -4  -3  -2  -4  -3   1    2   2   1   0   1   3   3   1   1  40  22   4   9   1   0   0   2   0   0   8  0.57 0.32
  100 I    -2  -4  -4  -4  -1  -4  -4  -5  -4   4   4  -4   2  -1  -4  -4  -2  -4  -3   2    2   0   0   0   1   0   0   1   0  32  41   0   4   1   0   0   2   0   0  14  0.82 0.38
  101 G     2  -2  -3  -3  -4  -3  -4   6  -4  -5  -4  -3  -4  -4  -4   0  -3  -4  -2  -4   18   2   0   0   0   1   0  65   0   0   2   1   0   0   0   6   1   0   1   0  1.25 0.52
  102 G     1   0   1   0  -2   3   2   1  -1  -3  -3   1  -2  -3  -2   1   0  -4  -3  -2   16   5   6   3   0  21  14   9   1   1   2   8   0   1   0   8   4   0   0   1  0.32 0.24
  103 M    -2   1  -2  -2  -1   1   2  -3  -2  -1  -1   2   6  -3  -3  -2  -2  -3  -2  -1    3   9   1   1   1   6  18   2   0   3   5  14  28   0   0   1   1   0   1   4  0.47 0.33
  104 W    -5  -2  -5  -6  -5  -4  -5  -2  -5  -5  -3  -5  -4   1  -5  -3  -5  12   0  -5    1   2   0   0   0   0   0   3   0   0   3   0   0   5   0   2   0  78   2   1  3.39 0.98
  105 R    -1   4   1   0  -1   0  -1  -2  -1  -3  -2   3  -1  -4  -3   2  -1  -4  -3  -3    4  29   5   4   1   3   2   2   1   0   4  18   1   0   0  21   3   0   0   0  0.47 0.30
  106 D     0   0   2   3  -3   1   3   0   0  -3  -2   1  -2  -3  -2   1   0  -4  -3  -2    7   4  11  17   0   6  20   5   1   0   4   8   0   0   0   9   5   0   0   2  0.30 0.20
  107 L    -1  -4  -4  -3   0  -2  -4  -4  -4   1   5  -4   3  -2  -4  -3  -1  -3  -1   0    4   0   0   2   2   2   0   1   0   7  65   0   7   0   0   0   3   0   2   3  0.83 0.41
  108 T     0  -2   0   1  -1   0  -1   0  -1  -3  -2  -1  -3  -1   4   2   3  -4  -3  -2    6   0   5   8   1   3   2   5   1   0   3   2   0   2  21  19  20   0   0   1  0.42 0.27
  109 D     0  -2   0   5  -4   1   3  -2  -1  -3  -3  -1  -2  -4   2  -1  -1  -4  -3  -2    7   1   3  35   0   6  20   2   1   1   2   2   1   0   9   3   3   0   0   2  0.55 0.30
  110 E     0   0   1   2   0   0   3  -1   0  -2  -2   1  -2  -3   0   0   0  -3  -2  -1    6   3   8  14   2   3  24   3   3   3   3  11   0   0   3   6   4   0   0   3  0.24 0.15
  111 E    -1  -1   1   2  -4   2   5  -2   0  -2  -2   0  -3  -4  -3  -1  -1  -4  -3  -2    3   3   8  11   0   7  43   3   2   3   3   4   0   0   0   3   3   0   0   3  0.55 0.30
  112 K    -3   2   1  -3  -4  -1   0  -4  -3  -4  -1   6   2  -4  -3  -2  -3  -4  -4  -4    1  11   6   0   0   0   5   1   0   0   5  62   5   0   0   1   0   0   0   0  1.07 0.48
  113 Q     0   0   0  -2  -4   5   1  -2   2  -2  -3   2   0  -4  -4   0  -1  -4  -1  -2    8   5   3   2   0  35   6   2   4   3   2  10   3   0   0   8   3   0   2   2  0.57 0.40
  114 E     0   1  -1  -1  -1   0   2  -2   0   0  -2   1  -1  -2   3   0  -1   0  -3   1    6   6   2   2   1   4  16   2   2   4   3  11   2   2  14   6   2   1   0  13  0.20 0.19
  115 Y    -5  -2  -5  -6   1  -5  -5  -2   1  -1  -2  -5  -4   4  -6  -5  -5   2   8  -4    0   3   0   0   3   0   0   4   3   3   4   0   0  18   0   0   0   3  57   0  1.89 0.81
  116 L    -1  -1   0  -1  -3   1   1  -2   0   1   1   0   1   0  -3  -1   0  -3   0   2    3   2   6   2   0   9  12   2   2   8  17   5   3   3   0   2   5   0   3  15  0.13 0.15
  117 N     0  -1   2   4  -2   1   2  -3   1  -2  -2   1  -1  -4  -3  -1  -1  -4  -1  -1    7   2  11  27   1   6  16   0   4   1   3   8   1   0   0   3   2   0   2   4  0.42 0.29
  118 E     0   1  -1   1  -4   1   4  -2  -1  -1  -2   2   2  -3  -3  -1  -2  -4  -3  -2    7   6   2   6   0   6  31   2   1   3   3  16   8   1   0   2   1   0   0   3  0.40 0.31
  119 Y     3  -4  -2  -4  -4  -2  -2  -3   1  -1  -2  -3  -3   2  -4  -2  -1   1   6  -2   32   0   2   0   0   2   2   1   4   3   3   0   0   8   0   2   4   2  34   2  0.84 0.50
  120 E    -1   0   0   2  -4   1   4  -2   0  -4  -3   2  -3  -4  -3  -1  -1  -4  -1  -2    6   4   5  10   0   5  40   1   2   0   2  12   0   0   0   4   4   0   3   2  0.57 0.37
  121 A     2   1  -1  -1  -1   2   1  -2   0  -1   0   2   0  -2  -2   0   0  -3  -2   0   19   7   2   2   1  10  11   1   2   4   8  14   2   1   0   5   4   0   1   6  0.15 0.16
  122 E     0  -3   0   4  -4   0   4  -3   0  -4  -2  -1   0  -1  -3  -2  -2  -4  -3  -3   10   0   3  29   0   2  35   1   2   0   5   2   3   4   0   2   1   0   0   2  0.70 0.42
  123 K    -3   1  -1  -3  -5   0  -2  -4  -3  -4  -2   6   1  -5  -4   0  -2  -5  -4  -3    0   7   3   0   0   3   0   0   0   0   4  68   4   0   0   6   2   0   0   2  1.25 0.63
  124 I     0   0   0   0   1   2   1  -1  -2   0   0   0   0  -1   0   0   0  -3  -2   0   10   4   5   3   3  10  12   3   0   6   8   7   3   3   5   6   4   0   0   7  0.07 0.10
  125 E     0   1   1   1   2   1   1  -2   2   0  -2   1  -2  -3   1   0   0  -3  -2   0    7   7   7   7   7   7   7   0   7   7   1   7   0   0   7   7   7   0   0   7  0.13 0.13
  126 Y    -1  -3   0   0  -4   0  -3  -4   2  -1  -1  -3  -2   2  -4  -1  -3   3   7  -3    5   0   4   6   0   4   0   0   6   5   5   0   0   6   0   5   0   4  46   0  0.84 0.42
  127 N     0  -1   2   1  -1   0   2  -1   0   0   0   0   2  -1  -3   0   0   0  -2  -1    6   2  14   6   2   3  21   4   2   5   7   5   7   2   0   5   5   1   0   2  0.16 0.17
  128 E     0   1   1   0  -2   1   0   0   2   0   0   0   1  -2  -2   0   0  -3  -2   0    7   7   7   7   0   7   7   7   6   7   7   7   6   0   0   7   7   0   0   7  0.06 0.09
  129 S     1  -2   0   1   1   1   3  -1  -2  -1  -1   0   0  -1   0   0   0  -3  -2  -1   11   0   5   5   3   5  27   4   0   4   4   6   3   3   3   6   4   0   0   4  0.19 0.20
  130 M     0   0   0  -2   2   0  -2  -3  -2   0   0   0   1   1   1   0   0   3   1   0    6   6   6   0   6   6   0   0   0   6   6   6   6   6   6   6   6   6   6   6  0.11 0.15
  131 K     2   0   1   0  -3   0   1  -1   1  -1  -1   2   0  -3  -2   0   0   2  -2  -1   21   5   6   3   0   4   9   4   3   3   4  16   3   0   0   6   5   3   0   5  0.14 0.17
  132 A     3  -1   0   0  -3   0   2  -1   0  -1  -2   0   0  -3   0   1  -1  -4  -1  -1   32   2   3   5   0   5  14   2   2   3   3   6   3   0   4   8   3   0   2   3  0.24 0.26
  133 Y     0   1   1  -2  -3   1   0  -2   2   0  -2  -1   2   1   1  -1   0   4   2  -2    8   8   7   0   0   7   8   1   7   8   1   0   7   7   8   1   8   7   7   0  0.18 0.18
  134 H     0   0   0   0   2   0   0  -1   1   0  -1   0   1   0   0   0   0  -2   1   0    5   5   5   5   5   5   5   5   5   5   5   5   5   5   5   5   5   0   5   5  0.03 0.05
  135 N     0   0   2   0   1   1   1   0   1   0  -2   1  -2  -1   0   0   0  -4  -3  -1    9   3  11   6   3   5   8   8   3   6   3  10   0   3   5   8   4   0   0   4  0.10 0.12
  136 S    -1   0   1  -1   0   0   0  -2  -3  -1  -2   1  -3   0   0   3   2   1  -3  -2    4   4   7   2   2   4   6   3   0   5   3   7   0   4   4  29  11   2   0   2  0.26 0.30
  137 P    -1  -1   0   0  -3  -1   1  -2   1  -1  -1   0   1  -1   4   0   1  -4   0  -2    3   2   5   4   0   2   8   3   4   5   6   6   4   3  21   8  10   0   3   2  0.27 0.24
  138 A     0   0   0   0  -2   1   0   0   1   0   0   0   1   0   1   0   0  -3  -1   0    6   6   6   6   0   6   6   6   6   6   6   6   6   6   6   6   6   0   0   6  0.04 0.07
  139 Y     0   0   0   0   2   0   0  -2   1   0  -1   0   1   0   0   0   0  -2   1   0    6   6   5   6   5   5   6   0   5   6   6   6   5   5   6   6   6   0   5   6  0.05 0.09
  140 L    -1   1   0   0   0   2   1  -1   1  -1  -1   1   1   0  -2   0   0  -3   0  -1    4   8   5   3   3  10  11   4   3   3   5   9   4   5   0   8   5   0   3   5  0.09 0.13
  141 A     2   0   1  -1   1   1   0   0   0  -1  -1   0   0  -1  -1   1   0  -3  -2  -1   19   3   7   3   3   8   7   6   3   3   6   6   3   4   2   8   6   0   0   3  0.09 0.14
  142 Y    -1  -2   0  -2   1  -1  -2  -2   0  -1  -1  -1   0   3  -2   0  -2   4   5  -1    6   2   5   3   3   3   2   2   2   3   6   3   3  13   2   6   2   7  20   5  0.38 0.31
  143 I     0   0   0   0  -1   1   0  -2   0   1   1   0   1  -1  -1   0   1  -3  -2   0    5   4   4   4   1   6   8   2   2  12  12   4   4   3   3   8   9   0   0   8  0.06 0.11
  144 N     0   0   0   0  -2   1   0   0  -1   0   0   0   1   0   1   0   0  -2  -1   0    6   6   6   6   0   6   6   6   0   6   6   6   6   6   6   6   6   0   0   6  0.04 0.06
  145 A     1   1   0   0   0   2   0  -1   1  -1  -1   2   0  -2   0   0   0   0  -2  -1   14   7   4   4   2   9   5   3   4   4   4  17   3   2   3   7   4   2   0   2  0.13 0.16
  146 K    -1   2   0  -1  -4   1   1  -2  -3  -1  -1   4   0  -1  -1  -1  -1  -4  -3  -1    4  10   4   3   0   6   7   2   0   4   5  35   2   2   3   4   2   0   0   6  0.36 0.33
  147 S     0   0   0   0  -2   1   0   0   1   0   0   0   1   0   1   0   0  -3  -1   0    6   6   6   6   0   6   6   6   6   6   6   6   6   6   6   6   6   0   0   6  0.04 0.07
  148 R     0   2   0   0   2   1   1  -1   1  -1  -1   1   0  -3   0   0   0  -3   0  -1    7  15   3   4   6   6   8   3   4   4   4  11   3   0   3   7   4   0   3   4  0.13 0.15
  149 A     1   0   0  -1   0   1  -1   0   0  -1  -2   2   0  -3   0   0   0   1   0   0   16   5   5   3   2   6   3   7   2   3   4  18   2   0   3   5   5   2   3   6  0.12 0.16
  150 E     0   0   0   0   2   0   0  -1   2   0  -1   0   1  -2   0   0   0   3   1   0    5   5   5   5   5   5   5   5   5   5   5   5   5   0   5   5   5   5   5   5  0.07 0.11
  151 A     0   0   0   0  -2   1   0   0   1  -1  -1   0   0  -1   1   0   0  -3   0   0    9   5   5   6   0   6   6   7   4   4   5   7   4   3   6   6   7   0   3   6  0.05 0.06
  152 A     1   0   0   0   0   1   1   0   0  -1  -1   1   0   0   0   0   0  -3  -1  -1   14   5   4   3   2   6   9   7   3   4   6  10   2   5   4   6   4   0   2   5  0.05 0.07
  153 L     0   0   0   0   2   0   0  -1   1   0  -1   0   1   0   0   0   0  -2   1   0    5   5   5   5   5   5   5   5   5   5   5   5   5   5   5   5   5   0   5   5  0.03 0.05
  154 E    -1   0   0   1   1   2   3  -1   1  -1  -2   0   0  -1   0   0  -1  -4  -3  -1    6   4   4   8   3  10  21   5   3   3   4   6   3   3   4   6   3   0   0   4  0.20 0.22
  155 E     0   0   0   0   2   1   0   0   1   0  -1   0   1  -2   1   0   0  -3  -2   0    6   6   6   6   6   6   6   6   6   6   6   6   6   0   6   6   6   0   0   6  0.06 0.09
  156 E     0   0   1   0   0   1   2  -1   2  -1  -1   1   0  -3   0   0  -1   2   0  -1    6   4   6   5   3   6  16   5   7   3   5   9   3   0   5   7   3   3   3   3  0.13 0.15
  157 S     0   0   0   1   0   1   2   0   0  -1  -2   1   0  -3   1   1   0  -4  -3  -1    5   5   4   9   2   6  14   8   3   4   3   8   3   0   5  12   5   0   0   4  0.14 0.16
  158 R     0   1   0   0  -3   1   1  -1   2  -1  -1   1   1  -1   0   1   0  -3  -2   0    9   9   4   6   0   7   7   4   5   3   4   7   4   3   4  11   4   0   0   7  0.09 0.12
  159 Q    -1   0   0   1  -3   1   1   0   1  -1  -1   0   1  -1   1   0   0   1   0  -1    4   5   4  10   0   7   8   6   3   3   4   7   5   3   8   9   5   3   3   4  0.09 0.12
  160 R     0   2   0   0  -3   0   1  -1   1   0  -2   1   0  -1   0   1   0  -4  -1  -1    8  15   5   4   0   3   8   5   3   5   4  10   2   2   5  11   5   0   2   3  0.12 0.15
  161 Q     0   0   0   0   2   0   0  -1   1   0  -1   0   1   0   0   0   0  -2   1   0    5   5   5   5   5   5   5   5   5   5   5   5   5   5   5   5   5   0   5   5  0.03 0.05
  162 S     0   0   0   0   2   0   0  -1   1   0  -1   0   1   0   0   0   0   3  -2   0    5   5   5   5   5   5   5   5   5   5   5   5   5   5   5   5   5   5   0   5  0.05 0.09
  163 R     0   2   0  -1   1   0   0   0   1  -1  -1   1   0  -1   0   0   0  -3   0  -1    5  12   4   3   3   4   5   9   5   4   3   8   4   3   6   8   5   0   4   4  0.06 0.09
  164 M     0   0   1  -1   1   1   0   0   0  -1  -1   0   1  -1   1   1   0  -3   0  -1    6   5   7   3   3   6   5   7   3   4   7   5   6   3   7  10   6   0   3   4  0.05 0.09
  165 E     0   0   0   1  -1   1   1   0   1  -1  -1   0   0  -2   1   1   0  -3  -1  -1    6   5   4   7   2   7  12   6   3   3   5   6   2   2   6  10   7   0   2   4  0.09 0.11
  166 K     0   0   1   0  -1   2   0  -1   0  -1  -2   2   0  -1   0   0   1  -4  -1  -1    9   4   9   4   1   9   5   5   2   3   4  17   2   2   5   5   7   0   2   4  0.12 0.16
  167 G     0   0   0   0   2   1   0   0   1   0  -1   0   1  -2   1   0   0  -3   1   0    6   6   5   6   5   5   6   6   5   6   6   6   5   0   6   6   6   0   5   6  0.04 0.08
  168 E    -1   0   1   2  -3   1   2   0   1  -1  -2   0   0  -1   0   1   0  -3   0  -1    5   5   6  12   0   5  14   6   4   4   4   4   3   3   5   9   5   0   3   3  0.11 0.13
  169 P     0   1   0  -1   0   1   0   0   0  -2  -2   0   0  -1   3   1   0  -4  -1  -1    6   9   4   3   3   7   5   8   2   2   4   5   3   2  16  10   4   0   2   3  0.18 0.18
  170 Y     0   2   0  -1   0   0   0   1   1  -1  -1   1  -1  -1   0   1   0  -3   1  -1    5  16   3   3   3   4   5  11   3   2   6   7   1   2   4  11   4   0   5   4  0.08 0.13
  171 M     0   0   0   0   2   0   0  -1   1   0  -1   0   1   0   0   0   0  -2   1   0    5   5   5   5   5   5   5   5   5   5   5   5   5   5   5   5   5   0   5   5  0.03 0.05
  172 S     0   0   0   0   1   0   0   0   1   0  -1   0   0   0   2   1   0  -3   0   0    5   4   5   6   3   4   7   6   4   5   4   5   3   5   9  11   5   0   4   7  0.05 0.07
  173 I     0  -1  -1   1   0   0   1  -1   0   2  -1  -1   1   0   0   0   0   0   0   0    7   2   3   7   2   4   9   6   3  17   4   4   4   3   4   5   4   2   4   7  0.04 0.09
  174 Q     0  -1   1   0   0   4   0  -2   2   1  -1   0   0  -4   0   0  -1  -5  -1  -2    7   3   6   6   2  23   6   3   5   8   6   6   2   0   4   6   3   0   2   3  0.27 0.28
  175 P     0  -1  -1   0   0   2   0  -2   1  -1  -1   0  -4  -1   4   0  -1   0  -2  -2    7   2   3   6   2   9   6   4   3   4   7   5   0   3  25   6   3   2   2   2  0.34 0.31
  176 A     1  -1   0  -1  -3   0   0   0   1  -1  -1   0   0   0   1   0   0   0   0   0   16   2   4   3   0   5   8   6   4   4   7   5   3   5   8   7   4   1   3   6  0.07 0.10
  177 E    -2  -2  -1   3   1   1   4  -1  -1  -1  -3  -1  -4  -2   0   0  -2  -5  -5  -1    3   2   3  20   3   6  28   4   1   5   2   4   0   2   4   7   2   0   0   4  0.49 0.41
  178 D    -2  -2   1   5  -5  -1   2  -2   1  -2  -3   2  -2   0  -1  -1  -1   0   0  -3    2   2   5  31   0   2  12   3   4   2   3  11   1   4   4   4   3   1   4   2  0.49 0.39
  179 P    -1  -1   1   3   0  -1   3  -2   1  -2  -5   1   0  -5   2   0  -1  -5  -5  -1    4   3   7  14   2   2  23   3   3   3   0   8   2   0  10   5   4   0   0   4  0.39 0.35
  180 D     0   0   0   0  -3   0   0  -1   1   0  -1   0   1   0   0   0   0   3   1   0    5   5   5   5   0   5   5   5   5   5   5   5   5   5   5   5   5   5   5   5  0.06 0.08
  181 D    -1   0   0   0   2   0   0  -1   2   0  -1   0   2   0   0  -1   0   3   1  -1    5   5   5   5   5   5   5   5   5   5   5   5   5   5   5   5   5   5   5   5  0.03 0.09
  182 Y     0   0   0   0   1   0   0  -1   1   0  -1   0   1   0   0   0   0  -2   1   0    5   5   5   5   5   5   5   5   5   5   5   5   5   5   5   5   5   0   5   5  -0.00 0.06
  183 D     0   0   0   0   2   0   0   0   1   0  -1   0   1   0   0   0   0  -3  -1   0    5   5   5   5   5   5   5   5   5   5   5   5   5   5   5   5   5   0   0   5  0.00 0.07
  184 D     0   0   0   0  -2   0   0   0   1   0  -1   0   1   0   0   0   0  -2   1   0    5   5   5   5   0   5   5   5   5   5   5   5   5   5   5   5   5   0   5   5  0.00 0.06
  185 G    -1   0   0   0   2   0   0  -1   2   0  -1   0   2   0   0  -1   0   3   1  -1    5   5   5   5   5   5   5   5   5   5   5   5   5   5   5   5   5   5   5   5  0.03 0.09
  186 F    -1   0   0   0   2  -1   0  -1   1   0  -1   0   1   0   0   0   0   3   1   0    5   5   5   5   5   0   5   5   5   5   5   5   5   5   5   5   5   5   5   5  0.02 0.10
  187 S    -1  -1   0  -1  -3   0  -1  -1   1  -1  -1   0  -3   1   0   2   1   2   1  -1    4   3   4   3   0   3   3   3   3   4   5   7   0   5   4  21   9   3   6   4  0.10 0.22
  188 M    -1   0   0   0   2   0   0  -1  -2   0  -1   0   1   0   0   0   0   3   1   0    5   5   5   5   5   5   5   5   0   5   5   5   5   5   5   5   5   5   5   5  0.02 0.09
  189 K     0   0   0   0  -2   0   0   0   1   0  -1   0  -1   0   1   0   0  -2   1   0    6   6   5   6   0   5   6   6   5   6   6   6   0   5   6   6   6   0   5   6  0.01 0.06
  190 H    -1   1   0   0  -3   0   0  -1   3  -2  -1   0   1   0   2   0   0  -3   1  -1    4   7   5   5   0   3   6   4   9   0   4   5   5   3  13   6   5   0   6   4  0.12 0.19
  191 T     0  -1  -1  -2   1  -1  -2  -2   0   2   0   0   1   1   0   0   1  -2   1   1    6   2   3   2   3   3   0   2   3  14   7   6   4   6   3   5   9   0   5  12  0.04 0.14
  192 A     2   0  -3  -1  -3  -2  -1  -1   0  -1  -1  -1   1   2   1   1  -1  -3  -2   0   23   6   0   3   0   0   4   3   3   2   4   3   4  11   8  13   3   0   0   6  0.16 0.28
  193 T     1   0  -1  -1  -3  -1  -1  -1   2  -2  -1   0   1   1   0   0   2  -3   1  -1   15   5   3   3   0   1   3   3   5   0   4   5   5   8   4   8  14   0   5   3  0.07 0.19
  194 A     2  -1   0   0   1   0   2  -1  -2   0  -2  -1  -1  -1   1   1  -1  -3  -2   0   18   2   4   3   3   3  17   3   0   6   2   2   2   3   6  11   3   0   1   5  0.11 0.22
  195 R    -1   5  -1  -1   0  -1   1  -2   1  -4  -2   0  -3  -2   1  -2  -3  -4  -2  -1    5  40   2   3   2   1   9   3   4   0   3   4   0   2   7   2   0   0   1   5  0.53 0.47
  196 F    -2  -4  -4  -4   1  -2  -1  -5   2   1  -1  -2   0   5  -3  -2  -4  -2   5  -2    4   0   0   0   3   2   4   0   5   9   6   2   2  30   1   3   0   0  20   2  0.71 0.52
  197 Q     0   1  -1  -1   1   0   0  -1   0   0   1   0   1   0   0   0   0  -2   0   0    5   8   3   3   4   5   6   3   3   5  15   5   3   6   3   6   4   0   3   4  -0.01 0.06
  198 R    -2   0   1   0  -3   1   0  -2   2   0   0   0   1   1   1   0   0  -2   1  -1    0   6   6   6   0   6   6   0   6   6   6   6   6   6   6   6   6   0   6   0  0.05 0.14
  199 N     0   0   0   0   2   0   0   0   1   0  -1   0  -1   0   0   0   0  -2   1   0    5   5   5   5   5   5   5   5   5   5   5   5   0   5   5   5   5   0   5   5  0.00 0.06
  200 H    -3   1   4  -2   2   1   1  -1   3  -1  -1   0  -3  -3   0   0  -1  -4   0  -3    0   7  21   0   6   5  10   4   8   3   5   6   0   0   5   5   4   0   4   0  0.27 0.31
  201 R     0   3  -1  -1  -1   1   0   0   0  -2  -1   2  -2   1  -1   0  -1  -3   0  -2    6  19   2   3   2   5   4   8   2   2   5  18   0   6   2   5   3   0   3   1  0.18 0.22
  202 L    -1   1  -1  -1  -3   0  -1  -1  -2   0   2   1   1   0   1  -1   0  -3   0   0    5   8   3   4   0   3   3   5   0   3  26   8   3   3   8   3   4   0   3   4  0.08 0.12
  203 I    -1   0   0  -1   3   0   0  -3  -2   2   1   0   3  -2   0  -1   0  -3  -2   0    5   7   4   4   8   4   7   1   0  14  14   4   9   0   4   4   5   0   0   6  0.13 0.16
  204 S     0   0   3   0   0   0   0  -1   3  -1  -1   0   0  -1   0   1   0  -3  -1  -2    8   4  17   3   2   4   6   3  11   3   5   4   3   3   5  10   4   0   2   2  0.16 0.17
  205 E     0   1   1   0   2   1   0  -2   2  -2  -1   0   1  -2   1   0   0  -3  -2   0    7   7   7   7   6   7   7   0   6   0   7   7   6   0   7   7   7   0   0   7  0.11 0.13
  206 I     0   0   0  -1  -2   0   0  -3   1   2   1   0  -1  -2  -2  -1  -1  -3   0   1    8   5   5   3   0   5   4   1   5  18  17   8   0   0   0   5   3   0   5   8  0.10 0.15
  207 L     0  -3  -1   0   0  -1  -1  -2   1  -1   1  -1   1   4   0  -1  -2   1   1  -1   11   0   4   5   2   3   4   2   4   2  15   3   3  24   6   4   0   2   3   3  0.20 0.22
  208 S     0   2   0   0  -1   0   2   0  -2  -2  -1   0  -2  -1  -1   2   0  -4   0  -2    6  13   5   5   2   4  13   6   0   3   6   4   0   2   2  21   4   0   3   2  0.17 0.21
  209 E    -1  -3  -1   3   2   0   4  -2  -3  -3  -3   1  -4  -2   1   0  -2  -5  -1  -4    6   0   2  15   4   3  36   2   0   2   2   8   0   2   8   5   2   0   2   0  0.59 0.43
  210 S     1   0   1  -2   2   0  -1  -1   0  -2  -1   1  -1  -2   0   1   2  -3  -2   0   14   4   9   1   6   5   2   3   2   1   4   9   1   1   5  10  13   0   1   8  0.15 0.18
  211 V     0   0   0   0   3   0   1  -2   0   1  -1   0   1  -2  -2  -1   0  -3  -1   1    8   6   6   5   7   3  13   1   3   8   4   5   4   1   1   2   6   0   1  15  0.11 0.15
  212 V    -1  -3  -2  -1   0  -3  -2  -4  -4   1   2  -4   2   0  -4  -1   0  -4  -3   4    5   1   2   4   2   0   2   1   0   7  19   0   6   4   0   4   4   0   0  37  0.50 0.35
  213 P    -1   2  -1  -2  -4   1  -1   0  -2  -1  -1  -2  -3  -1   5  -2   1  -4  -2  -3    5  14   3   2   0   6   4   7   1   3   6   2   0   3  32   2   8   0   1   1  0.57 0.37
  214 D    -2  -1   0   4  -1   2   2  -2   1  -2  -1   0  -1  -4   1  -1  -2  -4  -1  -3    2   3   4  31   1   8  12   3   3   2   7   6   1   0   6   3   1   0   3   2  0.43 0.31
  215 V    -1  -2  -1  -1   0  -1  -1  -1  -1   0   1   0   0   1   0   0   0  -3  -2   2    2   0   2   2   2   1   4   6   1   4  18   8   2   9   5   8   6   0   0  19  0.09 0.15
  216 R    -2   5   1  -2  -5   1   1  -1   0  -3  -4  -1  -1   1  -4   0  -2   1  -3  -4    3  42   7   2   0   7   8   5   2   2   1   2   1   6   0   7   2   2   0   0  0.70 0.46
  217 S     0  -1   0  -3  -4  -1  -1   0  -1  -1  -2   3  -1  -4  -2   3   2  -1  -4  -3    5   2   4   0   0   2   4   8   1   4   3  17   2   0   2  30  13   1   0   0  0.41 0.37
  218 V     0  -3   0  -1  -1  -1   0  -2  -3   2   0  -2   0  -1  -1   0   0  -3  -2   3    7   0   6   3   1   3   6   2   0  16   9   2   3   3   3   9   4   0   0  23  0.17 0.18
  219 V    -1  -2   2  -2  -1  -3  -2  -2   1   1   1  -2   1   0  -1  -1   0  -4  -2   3    5   2  10   2   1   0   2   2   4   7  13   2   4   4   2   3   6   0   0  30  0.27 0.25
  220 T     0  -1   1  -3  -3  -1  -1  -1   1  -2  -1  -1   1   1   1   1   4   0  -1  -1    7   3   8   0   0   2   3   5   4   1   4   3   4   6   6   9  28   1   2   5  0.26 0.28
  221 T     0   0   1   0  -4   2   3  -1  -1  -2  -2   2   0  -4  -2   0   1  -4  -3  -2    6   5   6   5   0  10  24   3   1   2   4  11   2   0   2   7  10   0   0   2  0.31 0.28
  222 A     1  -1   0   1  -4   2   2  -1   0  -4  -2   2  -3  -2  -1   1   0  -3   3  -3   10   2   3   7   0   9  15   3   2   0   3  12   0   1   2  11   5   0  11   1  0.27 0.27
  223 R    -3   5  -3  -1  -5   2   2  -2   1  -5  -2   1  -4  -2  -4  -1  -2   3  -2  -3    2  41   0   3   0   8  13   2   4   0   3   8   0   2   0   3   2   4   1   2  0.79 0.50
  224 M     0   0   0   0  -3   0   0  -1   1   0  -1   0   1   0   0   0   0   3   1   0    5   5   5   5   0   5   5   5   5   5   5   5   5   5   5   5   5   5   5   5  0.06 0.08
  225 Q     0   0   1   1  -3   3   2  -1   2  -1  -1   1   0  -3   0   1  -1  -3  -1  -2    8   4   6   8   0  14  12   4   5   5   5   8   3   0   3   9   2   0   2   2  0.17 0.18
  226 V     0   0   0  -2   1  -1  -1  -1   0   1   0   0   2  -1  -1  -1   0  -3  -1   2    6   7   5   2   4   2   2   4   3   9   7   5   9   2   2   5   6   0   1  20  0.09 0.14
  227 L    -4  -4  -5  -5   1  -2  -2  -1  -1  -1   5  -4   0   1   0  -4  -1  -4   1  -1    0   0   0   0   3   2   2   5   2   2  57   0   2   6   5   0   3   0   5   4  0.74 0.47
  228 K    -3   4  -1  -1  -5   2   2  -2  -3  -4  -2   4   0  -1  -1   0  -1  -4  -1  -3    0  21   2   2   0  11  12   2   0   0   3  27   2   2   2   7   2   0   2   2  0.55 0.40
  229 R    -1   4   1  -1   1   2   0  -2   1  -4  -2   3  -1  -4  -3  -1  -1  -4   0  -2    5  24   6   3   3   9   4   2   4   0   4  21   1   0   0   5   3   0   3   2  0.43 0.32
  230 Q    -3  -1  -1  -1  -5   6  -1  -2   6  -5  -5   0   0  -2  -1  -2  -1  -5  -4  -5    2   2   3   3   0  46   3   3  18   0   1   6   2   2   3   2   4   0   0   0  1.19 0.68
  231 V    -1   1  -1  -3   1   0  -2  -1  -3   1   0   0  -1  -3  -3   0   0  -4  -3   4    5   7   3   0   4   5   2   4   0   8   7   7   1   0   0   6   6   0   0  34  0.30 0.27
  232 Q     1  -1   1   1  -4   4   3  -1  -1  -3  -2   1  -2  -3  -3   0   0  -4  -3  -2   10   3   5   7   0  21  20   4   1   0   4   7   1   1   0   8   5   0   0   2  0.38 0.30
  233 S     0  -1   2   1  -3   0  -1  -3   1  -3  -3   1  -3  -3   0   4   1  -4  -3  -1    6   2  11   7   0   3   3   0   4   0   2  11   0   1   4  34   6   0   0   5  0.40 0.34
  234 L    -2  -4  -5  -5  -4  -4  -5  -5  -4  -1   5  -4   4   1  -5  -1  -2   1   2  -2    3   0   0   0   0   0   0   0   0   2  57   0  12   6   0   5   1   2   7   1  0.99 0.55
  235 M    -1   1   0   0  -3   1   2  -2   0   0  -1   2   1  -1  -3   0   1  -3  -1  -1    5   7   4   4   0   5  15   2   3   6   3  16   5   2   0   6  12   0   2   3  0.17 0.20
  236 V     0   0   2   0   0   1   1   0   0   0  -1   0   1  -2  -2   1   0  -3  -1  -1    9   3  10   4   2   7   8   9   3   5   4   7   5   0   0  11   6   0   3   4  0.09 0.12
  237 H     2  -1  -3  -1  -4  -1   0  -1   7  -1  -3  -2   0  -1  -4  -1  -1  -4   0  -1   18   2   0   4   0   2   7   4  37   3   2   2   3   3   0   3   4   0   2   4  0.76 0.51
  238 Q     0   0   0   0   2   1   0  -2   2   0   0   0   1   1  -2   0   0  -2   1   0    6   6   6   6   6   6   6   0   6   6   6   6   6   6   0   6   6   0   6   6  0.06 0.10
  239 R     0   0   0   0   2   1   0   0   1   0  -1   0   1  -2   0   0   0   3  -2   0    6   6   5   6   5   5   6   6   5   6   6   6   5   0   6   6   6   5   0   6  0.07 0.11
  240 K    -1   1   1   1  -4   1   1  -3  -3  -4  -2   4   1  -4   0   1   0  -4  -4  -3    4   8   6   8   0   5   9   0   0   0   5  27   4   0   4  10   7   0   0   0  0.39 0.30
  241 L     0   0   0   0   2   1   0  -3   2   0  -1   0   1   1  -3   0   0   3   1   0    6   6   5   6   5   5   6   0   5   6   6   6   5   5   0   6   6   5   5   6  0.09 0.13
  242 E     0   1   0   1   1   1   3  -3  -2  -1  -1   2   1  -4  -3   0   0  -4  -3  -1    7   7   4   7   4   5  21   0   0   4   7  14   4   0   0   7   4   0   0   4  0.25 0.23
  243 A     2  -1   1   1   0   1   2  -1   0  -2  -2   0  -1  -2  -3   0   0   0  -1  -2   20   2   9   8   2   7  15   4   2   2   4   6   2   2   0   6   5   1   2   2  0.20 0.20
  244 E    -2  -1  -1   1  -6   0   6  -2  -4  -2  -5   0  -5  -5  -5  -1  -4  -5   0  -2    4   3   3   8   0   3  56   3   0   3   0   5   0   0   0   3   0   0   4   4  1.09 0.62
  245 L    -2  -1   0  -1  -1  -1  -3  -3  -1   2   3  -1   2   0  -4  -2  -1  -3   2   1    2   4   5   4   1   2   0   2   1  15  33   4   5   3   0   2   3   0   7   7  0.29 0.24
  246 L     0  -1   0   0   0   2   1  -2   0   1   0   0   1  -1  -3   0   0  -3  -2   0    7   2   6   4   2  11  11   2   2   8   8   6   5   3   0   9   4   0   0   9  0.09 0.13
  247 Q    -1   2   0   0  -4   4   2  -2   0  -3  -2   1   0  -4  -1   1  -1  -4  -3  -3    5   9   4   4   0  24  12   3   2   1   4   9   2   0   2  13   3   0   0   0  0.40 0.33
  248 I    -1  -2   0  -2   1   1   0  -4  -3   3   2  -1   3  -2  -2  -1   0   1  -3   1    3   2   4   2   4   7   6   0   0  18  23   2  10   0   2   3   4   2   0   7  0.26 0.24
  249 E    -3   0  -2   0  -5   1   5  -2   0  -4  -1   0   2  -4  -2  -2  -2  -4   0  -3    0   5   1   3   0   6  50   2   2   0   7   6   6   0   1   2   1   0   3   2  0.78 0.51
  250 E     0   0   0   1  -4   2   4  -1  -2  -2  -1   1  -3  -4  -3   0   0  -4  -1  -2    6   5   4   7   0  11  31   4   0   2   5   8   0   0   0   5   7   0   2   2  0.38 0.30
  251 R    -1   2   1  -1  -3   1   1  -2   1  -2  -1   3  -2  -3  -3   0   0  -3   0   0    3  14   9   2   0   4  11   3   3   2   5  23   0   0   0   7   4   0   3   7  0.25 0.23
  252 H    -3  -2   1  -3  -1   1   0  -2   7  -2  -2  -2   0   4  -2  -2  -1  -3   2  -2    2   1   6   0   1   5   5   3  29   2   2   2   3  21   2   2   4   0   7   2  0.73 0.45
  253 Q     0   0   1   0  -4   4   3  -1  -2  -2  -2   2   0  -4  -1  -1  -1  -4  -3  -1    7   4   7   5   0  20  20   4   0   2   3  12   3   0   3   3   2   0   0   4  0.36 0.31
  254 E     2  -1   2   0   0   2   3  -1  -1  -2  -2  -1  -2  -4  -3   0   0  -4  -3  -2   21   2  13   3   2   9  24   3   1   2   2   2   1   0   0   7   5   0   1   2  0.37 0.33
  255 K    -2   4  -2  -3   0  -1   0  -3  -3  -2  -1   5   0  -4  -4  -2  -1  -5  -4  -3    2  24   2   0   2   1   5   2   0   2   8  43   2   0   0   1   4   0   0   2  0.80 0.50
  256 K    -1   1  -3  -3  -5   1   1  -2  -1  -1  -1   6  -1  -4  -1  -3  -2  -5  -4  -2    4   6   0   0   0   5   7   3   1   4   5  55   2   0   3   0   2   0   0   2  0.84 0.52
  257 R    -1   6   1  -1  -3   3   0  -3  -2  -3  -1   1  -1  -4  -4  -1  -2  -4  -4  -4    4  46   6   2   1  14   6   2   1   1   5   6   1   0   0   3   2   0   0   0  0.79 0.48
  258 K     1   3   0  -2  -4   1   0  -2   1  -3  -2   4  -3  -4  -3   0   0  -4  -3  -3   10  14   3   1   0   7   5   2   3   1   4  35   0   0   0   5   6   0   0   0  0.48 0.34
  259 F    -1  -3  -4  -4  -3  -2  -3   0  -3   3   2  -3   2   5  -4  -2  -2   3   0   0    5   0   0   0   0   1   2   7   0  19  17   1   4  28   0   3   2   5   2   3  0.50 0.31
  260 L     0   0  -1   0  -1   1   2  -3  -1   0   1   0   1   0  -1   0   0  -3  -2   0    6   3   1   4   1   8  17   0   1   5  20   5   3   4   3   4   6   0   0   6  0.11 0.14
  261 E    -1   1  -2   1  -4   1   5  -2  -1  -2  -4   0  -3  -4  -1   2  -1  -4  -4  -3    4   6   1   8   0   4  42   3   1   3   1   5   0   0   3  15   2   0   0   1  0.62 0.41
  262 S     1  -1   1   0  -1  -1   1   0  -2  -3  -1  -1  -1  -4  -3   3   0  -1  -3  -2   14   3   8   5   1   2  10   6   1   0   6   3   1   0   0  31   6   1   0   1  0.31 0.28
  263 T     0   1   2   0  -2   0   0  -1  -1  -2  -2  -1  -1  -2  -3   4   1  -4  -1  -2    5   7   9   4   1   3   5   3   1   1   3   3   1   2   0  40   8   0   3   2  0.39 0.34
  264 D    -1  -2   0   3  -5   0   5  -2  -3  -2  -3   0  -4  -1  -3   0  -1  -5  -4  -3    5   2   3  18   0   4  43   2   0   3   3   3   0   4   0   5   4   0   0   1  0.69 0.45
  265 S     1   0   1   0  -1   1   2  -2  -2  -2   0   1  -1  -1  -2   1   0  -3   0  -1   15   6   6   4   1   4  14   2   0   1  10  10   1   2   0  10   6   0   3   3  0.13 0.15
  266 F    -3  -3  -2  -3  -4  -4  -1  -3   1  -1   1  -3  -3   7  -5  -2  -4  -1   0  -2    2   1   2   1   0   0   5   2   3   2  14   1   0  57   0   3   0   0   2   3  1.21 0.60
  267 N     0   0   2   1   0   3   0  -1   2  -2  -1   0   1  -1  -1   0   1  -3  -1  -1    5   5  11   9   2  18   3   3   5   1   5   3   4   2   2   8   8   0   1   4  0.18 0.19
  268 N     0   0   2   0  -2   2   3  -3  -1  -1  -2   1  -3  -4   0   0  -1  -4  -3  -1    8   3  14   4   1   8  26   1   1   4   3   9   0   0   3   8   2   0   0   5  0.32 0.28
  269 E    -1  -1   2   2  -4   3   4  -3  -1  -2  -3   2  -3   0  -3  -1  -2  -4  -1  -3    5   2   9  12   0  12  29   0   1   3   2  12   0   5   0   3   1   0   2   1  0.49 0.36
  270 L    -2  -4  -4  -4  -3  -2  -1  -2  -4   1   4  -3   4   0  -1  -4  -2   3   2  -1    2   0   0   0   0   1   5   3   0   8  45   1  12   2   3   0   1   5   7   2  0.60 0.39
  271 K    -1   2   0   0  -3   1   1  -2  -3  -4  -1   5  -1   0  -2  -1  -1  -4  -3  -3    4   8   4   5   0   5   7   2   0   0   6  43   1   4   1   5   3   0   0   1  0.54 0.39
  272 R     0   1   1   0  -2   1   0   0   2   0   0   0   1  -2   1   0  -1  -3  -2   0    7   7   7   7   0   7   7   7   6   7   7   7   6   0   7   7   0   0   0   7  0.07 0.10
  273 L    -1  -1  -1  -1  -3   0  -1  -3   2   0   3  -1   1   0  -1  -1  -1  -3   0   0    4   4   4   4   0   3   4   1   6   5  34   3   4   3   3   4   3   0   4   6  0.17 0.19
  274 C    -1   1  -1  -1   7  -1  -1  -1   0  -3  -1   1   0  -1  -2  -1   0  -4  -1   0    4   7   3   3  29   2   3   4   2   0   4   9   3   2   2   4   7   0   3   7  0.52 0.35
  275 G     0  -1   0   1  -1   1   1   2   0  -2  -2   1  -2  -1  -1   0   1  -3  -1  -1    9   2   3   7   2   7  12  15   2   2   3   9   0   2   2   8   9   0   2   3  0.14 0.15
  276 L     0   1   1   0  -3   1   0  -1  -2   0   0   1   1  -1   0   1   0   0  -2  -1    8   6   7   3   0   7   6   5   0   5  12  11   4   3   5  11   3   2   0   2  0.07 0.11
  277 K     1   3  -1  -1   0   1  -1  -2  -3  -2  -4   4  -3  -4   0  -1   0  -5  -4  -3   10  18   2   3   3   4   2   3   0   2   1  33   0   0   6   4   7   0   0   2  0.55 0.40
  278 V    -3   0  -2  -4  -4  -3  -1  -2  -1  -1  -2   0  -3  -4   6  -1   0  -5  -4   3    1   5   2   0   0   0   4   3   2   3   3   5   0   0  38   4   6   0   0  22  0.82 0.48
  279 E     1   1   1   0  -3   2   2  -1   0  -2  -2   1  -1  -3   1   0   0  -3  -3   0   12   6   6   3   0   9  19   3   2   2   3   9   2   0   6   4   4   0   0   9  0.18 0.17
  280 V    -1  -2  -2  -2   0   0   0  -2  -3   3   1  -2   2   0  -1  -2  -1  -3  -1   3    4   2   2   1   2   4   9   3   0  18  13   1   7   3   3   1   2   0   1  24  0.26 0.23
  281 D    -2  -2   0   6  -1  -3  -1  -2  -3  -4  -2  -2  -4   0   0   2   2  -5   0  -4    2   2   4  45   1   0   1   2   0   0   3   2   0   4   4  14  12   0   4   0  0.80 0.51
  282 M     0   0   0   0  -3   0   0  -1   1   0  -1   0   1   0   0   0   0   3   1   0    5   5   5   5   0   5   5   5   5   5   5   5   5   5   5   5   5   5   5   5  0.06 0.08
  283 E     0  -3   0   3  -4   1   4  -1   1  -4  -2  -1  -3  -4  -1  -1  -1  -4   0  -1   10   0   4  18   0   7  26   5   3   0   4   4   0   0   3   4   4   0   3   6  0.39 0.33
  284 K    -1   0  -1   0   0   1   2   0  -2  -1  -2   2   1  -1  -3   1   1  -3  -1  -1    4   3   3   5   3   6  13   6   0   3   3  16   5   3   0  10  12   0   2   3  0.16 0.20
  285 I    -3  -2  -4  -5  -1  -4   0  -5  -3   2   0  -1   0   6  -2  -4   0  -2   4  -1    2   2   0   0   1   0   6   0   0  11   8   4   2  37   3   0   6   0  14   3  0.79 0.47
  286 A     0   0   2   0  -3   1   1  -2  -2  -1   0   0   2  -1   0   0  -1  -3   0  -1   11   3  13   4   0   9   9   2   0   3  10   6   9   3   3   5   3   0   4   2  0.11 0.16
  287 A     1   1   0   1  -3   1   1  -1   0  -2  -2   2  -2  -1   1   0  -1   0  -2  -1   14   8   4   6   0   8  12   2   2   2   2  13   0   3   6   7   3   2   0   5  0.16 0.18
  288 E    -2  -1  -2  -1  -4  -1   2  -4   0  -1   0   0   6  -1   1  -2  -1  -4   0  -1    3   4   2   3   0   2  18   0   2   3   8   6  28   3   7   2   3   0   3   2  0.48 0.42
  289 I    -1  -2  -1   0   2   1  -1  -4  -3   2   1  -2   2   0  -4  -2   0  -3   0   3    3   2   3   6   4   6   3   0   0  12  10   2   6   5   0   0   5   0   4  28  0.26 0.26
  290 A     1   0   0   1   0   1   2  -1   0  -1  -1   1  -2  -3  -1   0   0  -3   0  -1   13   4   5   9   2   6  19   3   2   4   6   7   0   0   3   4   6   0   3   3  0.13 0.16
  291 Q     0   1   1   0  -3   1   0  -2   2   0  -1   0  -1   1   1   0   0  -2   1  -1    7   7   7   7   0   7   7   0   6   7   7   7   0   6   7   7   7   0   6   0  0.09 0.11
  292 A     1   0  -3  -1   1   2   0  -1   1  -1   0   0   1   0   0  -1  -1   4   0  -1   15   4   0   3   3  12   5   3   3   4   8   7   5   3   4   3   4   6   4   4  0.13 0.17
  293 E    -1  -1  -1  -1   1   0   2  -1   1   0  -1   1   1   0  -1   0   0  -3   2   0    6   3   2   2   3   4  18   4   3   5   4  10   5   3   3   5   6   0   7   6  0.11 0.16
  294 E    -1   0  -1   0  -5   1   4  -2  -1  -4  -1   1   1  -2   0  -2  -1   1  -1  -2    5   6   3   5   0   6  35   3   1   0   5   7   4   2   5   2   4   2   2   2  0.46 0.38
  295 Q     0   1   0   2  -4   3   1  -3   1  -1  -1   2   0  -2   0  -1  -1  -4  -1  -2    7   7   4  11   0  14  10   0   4   4   5  16   3   2   4   2   3   0   2   2  0.26 0.26
  296 A     1  -1   0  -2  -3   0  -1  -2  -3   1   3  -1   2   0  -1  -1  -2  -3   0  -1   13   3   4   2   0   5   4   2   0  10  29   3   6   3   3   3   2   0   4   2  0.22 0.24
  297 R     0   3  -2   0  -2   1   1  -1  -1  -1   0   3   1  -2   0  -1  -2  -4  -3  -1    6  15   1   4   1   6  10   4   1   2  11  18   4   2   5   2   0   0   0   5  0.21 0.23
  298 K    -1   3  -1  -1  -4   2   1  -2  -3  -1  -2   4  -3  -4  -1   0   0  -5  -4   0    3  16   2   3   0  10   9   3   0   3   4  27   0   0   3   6   4   0   0   7  0.42 0.34
  299 R     1   3  -1  -1  -4   1   3  -1   0  -2   0   1  -1  -4  -3  -1  -3  -4  -3  -2   12  16   2   3   0   7  23   5   2   2  13   7   1   0   0   3   0   0   0   2  0.33 0.30
  300 Q    -1   2  -1  -3  -4   4   1  -2   2  -3  -1   1   0  -1   0  -3  -1   0   3  -1    5  10   2   0   0  19   8   2   5   1   6   9   2   2   5   0   4   1  14   3  0.35 0.33
  301 E     0  -1   0   1  -2   1   4  -2  -2  -3  -2   1  -2  -4  -1  -1  -2   1  -4   0    9   3   4   6   1   5  37   2   1   1   4  10   1   0   3   2   2   2   0   7  0.48 0.39
  302 E    -1   0   0   1  -4   2   4  -3  -2  -1  -2   2  -1   0  -2  -1  -1  -4  -3  -1    4   4   3   8   0  11  30   2   1   3   3  13   1   4   2   3   4   0   0   4  0.41 0.35
  303 R    -1   4   1  -3  -3   2   0  -2   0  -2  -2   2   0   0  -1  -1  -1  -3   3  -3    5  26   8   1   1   8   4   2   2   2   3  11   2   4   3   2   3   0  11   2  0.38 0.33
  304 E     1   0  -1  -2  -2   3   2  -3  -3  -1  -1   2  -1  -2   1  -1   0  -4  -2  -1   11   3   3   1   1  13  18   1   0   3   7  16   1   2   8   3   4   0   1   3  0.28 0.29
  305 K    -1   2  -2  -1  -4   2   2  -3  -1   0  -1   4   1  -4  -1  -1   0  -5  -4  -2    5  11   1   2   0  10  12   2   1   5   6  26   4   0   3   4   5   0   0   2  0.36 0.32
  306 E    -1   1   0   0  -4   3   3  -2   0  -3  -2   1  -3  -2   2   0   0  -4   0  -2    4   7   5   5   0  17  20   2   2   1   4   7   0   1   9   5   6   0   3   2  0.33 0.30
  307 A     1  -1  -1   0  -1   2   1  -1  -1   0   0  -1   1  -2   2  -1   0  -4  -1   0   15   3   2   4   2  14   8   4   1   6   9   3   3   1   9   3   6   0   2   5  0.12 0.17
  308 A     2   0  -1  -1   0   3   1  -1   0  -2  -1   0  -1  -4   0   1   0  -4  -3  -1   20   4   3   3   2  14   9   5   2   1   7   6   2   0   5   9   6   0   0   3  0.19 0.22
  309 E     1  -1   0   1  -4   2   3  -1  -1  -3  -1   1  -1  -4   1   0   0  -4  -4  -2   11   2   5   8   0  12  21   4   2   1   6   8   2   0   6   5   4   0   0   3  0.27 0.27
  310 Q     0   1  -1  -1  -4   4   1  -2   0  -1  -2   1  -2  -2   2  -1   0  -4  -2  -2    9   6   2   3   0  21  10   3   2   3   4  11   1   1   9   4   6   0   1   2  0.28 0.28
  311 A     2  -1   0  -1  -3   1   0   0  -2  -2   0   0   1  -2   2   0   0  -1  -3  -1   23   3   3   2   0   6   6   8   1   1  11   6   4   1  11   5   4   1   0   5  0.17 0.20
  312 E     0   1   1   1  -2   1   1   0  -1   0  -1   0  -1  -2   1   0   0  -3  -2   0    7   7   7   7   0   7   7   7   0   7   7   7   0   0   7   7   7   0   0   7  0.08 0.07
  313 R     0   1   0   0   1   2   1  -1   1  -1  -3   1  -2  -3   1   1   0  -3   0  -1    6  10   5   4   3   9  10   5   4   4   0   9   0   0   8  11   4   0   3   4  0.15 0.14
  314 S     0   0   1   0   0   1   1   0   0  -1  -1   0   0  -3   2   1   1  -3  -2  -1    9   4   7   4   2   9   8   5   2   4   5   4   2   0   9  13   9   0   0   4  0.12 0.13
  315 Q     0   0   0   1  -3   2   1   0   0  -2  -2   0   0  -3   2   0  -1   1  -3  -1   10   5   4   6   0  14  11   6   3   2   4   5   3   0   9   8   3   2   0   4  0.17 0.18
  316 S     0   0   0   0  -1   2   1   0   0  -1  -2   0  -1  -2   1   1   0  -3  -3  -1    9   5   3   5   2   9  12   6   2   3   3   6   1   2   8  15   5   0   0   4  0.15 0.16
  317 S     1   0   0   0  -3   1   1   0   0  -1  -2   0  -1  -2   1   2   1  -3  -1  -1   10   6   4   4   0   8   8   6   2   3   3   5   2   2   8  17   7   0   2   5  0.12 0.14
  318 M     1  -1  -1   0  -1   1   1  -1  -2   0   0   0   1  -2   1   1   0   1  -1   0   10   3   2   6   2   8   7   4   0   8   7   6   5   0   6  11   5   3   2   5  0.08 0.12
  319 A     0  -1   0  -1  -1   1   1   0  -1  -1  -1   0   0  -2   1   0   0  -3  -3   1    9   2   4   3   1   9  11   6   1   3   7   7   2   1   8   8   5   0   0  13  0.10 0.13
  320 P     0  -2  -1  -1  -4   1   0  -1   1  -2  -1   0  -2  -1   5   0  -1  -4  -2  -1    9   2   2   2   0   7   6   5   4   1   6   5   1   3  30   6   3   0   1   5  0.43 0.32
  321 E     1  -1   0  -1  -1   1   2   0   1  -2  -2   0   1  -1   0   1   1  -3  -1  -1   13   3   3   3   2   8  18   7   3   2   4   3   4   2   4   8   8   0   2   3  0.14 0.19
  322 E     1  -1   0   0  -3   2   2  -1   1  -1  -1   0   0  -3   1   0   1  -3  -1  -1   11   3   5   5   0   9  13   4   4   3   6   6   2   0   8   7   9   0   2   3  0.14 0.17
  323 E     0  -1   1   0  -1   2   2  -1  -2  -2  -2   0   0  -3   1   0   1  -4  -1  -1    6   3   6   4   2  10  19   4   0   2   4   6   2   0   7   7  10   0   3   6  0.18 0.21
  324 Q     0   0   1   0  -4   3   1  -2   1  -2  -1   0  -3  -1   3   0   1  -4  -3  -2    8   4   7   6   0  14   8   2   3   2   7   4   0   2  15   6   8   0   0   3  0.24 0.25
  325 V     1  -1  -1  -1   0   1   1  -1   1  -1  -1   0   0  -1   1   0   0  -3   0   0   15   3   3   1   2   8   9   4   4   4   7   5   2   2   6   8   7   0   3   7  0.07 0.11
  326 A     2  -2   0  -1   0   0   1  -2   2  -1  -2   0   1  -4   1   1   0  -4  -1   0   17   1   4   2   2   4   9   2   7   3   2   5   5   0   9  14   5   0   2   7  0.18 0.23
  327 N    -1  -2   2  -1   0   0   1   0   0  -1   0   0  -1  -2   2   1   1  -4  -1  -1    3   1  12   3   2   3   8   7   2   3  10   6   1   1  11  10  12   0   2   3  0.14 0.19
  328 K     1  -1   0   0  -3   1   1   0  -1  -1  -1   1  -1  -2   1   0   1  -4  -1   0   11   1   4   6   0   8   9   6   2   3   6  12   2   1   6   5  11   0   1   6  0.11 0.15
  329 A     2  -1  -1  -1  -3   0   0  -1   1  -1  -1  -1   0  -4   2   1   2  -4  -3   0   23   4   3   4   0   5   5   4   3   3   6   3   2   0   9   9  12   0   0   7  0.21 0.24
  330 E     0  -1   1   0  -4   2   2   0   1  -2  -2   1   0  -3   1   0   1  -4  -2  -1    7   2   6   5   0   9  17   6   4   1   3   7   2   1   7   8  10   0   1   5  0.19 0.22
  331 E    -1   0   0   0  -5   1   3   0  -3  -2  -2   1  -1  -5   2   0   1  -5  -4  -2    6   4   3   4   0   6  26   8   0   2   3   7   2   0  12   6   8   0   0   3  0.36 0.33
  332 K     0   0   2   1  -4   1   1  -1   1  -1  -2   2   0  -3   1   0   0  -4  -2  -1    6   4  10   8   0   5  10   5   4   3   4  16   2   1   6   6   5   0   1   4  0.17 0.18
  333 K     0   0   0   0  -4   1   2   1  -3  -2  -1   2  -1  -2   2   0   0  -4  -3  -2    9   4   3   4   0   6  15  11   0   1   6  12   1   1   9   6   7   0   0   3  0.19 0.20
  334 D     0  -2   2   3  -5   1   2   0   2  -3  -5   0  -4  -5   1   1   0  -5  -4  -2    7   2  10  18   0   5  15   6   4   1   0   5   0   0   7  10   6   0   0   3  0.40 0.33
  335 E     0   0   1   1  -2   2   2   0   0  -2  -2   0  -1  -2   1   0   0  -4  -1  -1    7   3   7   9   1  11  13   7   2   2   2   5   1   2   8   7   7   0   2   5  0.16 0.17
  336 E    -1  -1   0   1  -5   2   4  -1   0  -3  -5   1  -4  -5   2   1  -1  -5  -3  -3    5   3   3   8   0  10  26   5   2   2   0  10   0   0  10  10   3   0   1   2  0.46 0.37
  337 S     1  -2   1   1  -2   1   1  -1  -1  -3  -3  -1  -1  -4   2   2   1  -5  -4  -1   12   1   8   8   1   7   9   4   1   1   2   4   1   0   9  21   7   0   0   4  0.28 0.28
  338 I     0  -1   0   0  -1   0   1  -1  -1   1  -1   0  -1  -2   1   1   2  -4  -2   0    7   1   4   3   1   5  13   3   1  11   5   7   1   1   6  10  13   0   1   7  0.11 0.15
  339 P     1  -2   1  -2  -2   1   0  -2   0  -1  -2   0  -2  -5   5  -1  -1  -5  -4  -1   11   2   6   2   1   6   7   3   2   4   4   5   1   0  34   3   4   0   0   3  0.58 0.40
  340 M     0  -2  -1  -2  -1   2   0  -1  -1  -1   0   0   5  -4   1   1  -1  -4  -4  -2    8   1   3   2   1  12   6   6   1   4   6   5  22   0   8  10   3   0   0   2  0.36 0.36
  341 E    -1  -1   1   2  -4   1   4  -2  -2  -3  -2   0  -1  -4   2   0  -1  -2  -2  -2    5   2   6  11   0   6  30   2   1   1   4   4   2   0  11   7   4   1   1   2  0.44 0.36
  342 T     0  -1  -1   0  -3   2   0  -1  -1  -1  -2   0   0  -4   1   1   3  -4  -2   0    7   3   3   4   0  12   6   4   1   4   2   4   3   0   8  10  21   0   2   8  0.23 0.26
  343 E     0  -2   1   2  -1   1   3   0  -1  -3  -3   0  -2  -4   1   1   0  -5  -4  -2    6   1   6  13   1   5  23   6   1   1   2   4   1   0   8  11   7   0   0   2  0.34 0.30
  344 E     0  -2   1   3  -1   2   3  -2  -3  -4  -2   0  -2  -4   1   1   0  -1  -4  -2    7   1   8  14   2  11  22   2   0   0   4   5   1   0   6  10   5   1   0   2  0.38 0.33
  345 T     1  -1  -1  -2  -1   1   0   0  -2  -2  -2   0  -2  -4   2   1   2  -4  -3   1   11   3   2   1   1   7   5   5   1   1   3   7   0   0  12  10  17   0   0  11  0.24 0.26
  346 H     1   1   0   0  -3   2   1  -2   2  -1  -2   1   0  -3   0   1   0  -4  -3   1   11   7   4   3   0  13   9   2   6   4   3   7   2   0   4   9   5   0   0  10  0.16 0.19
  347 L     0  -1  -1  -1   0   1   1  -2   0  -1   0   0   1  -3   3   1   0  -4  -3   0    7   2   2   3   2   5   8   3   3   3  10   5   5   0  18  10   5   0   0   9  0.20 0.19
  348 E     1  -2   1   1  -4   1   3  -2   0  -2  -3   0   1  -4   1   2   0  -5  -4  -1   10   1   8   8   0   5  24   2   2   2   1   4   4   0   7  15   5   0   0   3  0.34 0.32
  349 D     0   0   2   2   0   1   3  -2  -2  -2  -2   0  -2  -4   1   0   0  -4  -2  -1    8   3  10  14   2   7  19   3   0   2   2   6   1   0   6   8   4   0   1   4  0.26 0.24
  350 T     1  -3   0   0  -3   1  -1   0  -3   0  -2   0   1  -2   0   2   2  -4  -3  -1   15   0   4   6   0   6   3   5   0   5   2   5   5   1   5  17  17   0   0   4  0.22 0.27
  351 A     0  -1   0   0  -3   0   1  -1  -1  -2  -1   0   0  -3   3   1   2  -4  -2  -2    6   2   4   5   0   5   8   4   1   2   5   7   2   1  16  13  16   0   1   2  0.26 0.25
  352 E    -1  -1   1   2  -4   0   4  -2   0  -3  -3   0   0  -5   2   1   0  -5  -4  -2    6   2   7   9   0   4  28   2   3   1   1   5   2   0  11   9   7   0   0   2  0.44 0.36
  353 S     1  -2   1   1  -2   1   0   0   1  -2  -2   1   0  -4   2   2   1  -4  -3  -2   11   0   5   7   1   6   6   8   4   1   2   8   2   0  12  18   7   0   0   3  0.24 0.24
  354 Q     0   0  -1   0  -4   4   1  -2   0  -2  -3   1  -1  -4   2   1   0  -4  -2   0    8   4   1   5   0  22   9   3   3   2   1   7   1   0  12   9   5   0   1   6  0.32 0.31
  355 Q    -1  -1  -2  -1  -4   5   2  -2  -1  -3  -2   0  -1  -3   2   1   1  -1  -2  -1    4   1   1   3   0  28  12   3   1   1   3   5   1   1  11  10  10   1   1   4  0.45 0.41
  356 N    -1  -1   4   0  -2   0   0  -1  -3  -2  -3   0  -1  -4   3   2   1  -5  -2  -2    3   2  21   5   1   5   5   5   0   2   2   5   2   0  15  14  11   0   2   2  0.38 0.34
  357 G     1  -2   1   0  -1   1   0   3   0  -2  -2   0   0  -3   1   1  -1  -4  -2  -1    9   1   8   6   2   7   4  23   2   1   2   4   3   1   9   9   3   0   1   4  0.23 0.22
  358 E    -1  -2  -1   1  -2   1   4  -2   1  -3  -5  -1  -2  -4   1   1   0  -1  -4  -2    5   2   3   9   1   7  36   2   4   1   0   3   1   1   7  10   7   1   0   3  0.54 0.43
  359 E     0  -2   0   0  -4   1   4  -3   0  -3  -2  -1   2  -2   1   1   1  -4  -4  -1    9   1   5   5   0   7  28   1   2   1   3   2   5   2   6   9   8   0   0   5  0.34 0.33
  360 G     1  -2   0   0  -3   1   1   1  -2  -2  -2   0   0  -4   3   0   0  -3  -2  -1   14   1   5   4   0   6   8  13   1   2   3   7   3   0  15   7   6   0   1   5  0.22 0.22
  361 T     1  -2   0  -1  -2  -1   1   0  -1  -1  -1  -1   0  -4   0   1   3  -4  -2   0   11   1   3   3   1   2   9   6   1   3   5   3   3   0   5  13  23   0   1   8  0.21 0.25
  362 S     1  -2   1   1  -4   0   1  -1  -1  -1  -2   0   0  -4   3   2   0  -5  -4  -2   11   1   6   9   0   3  10   5   1   3   3   5   3   0  13  20   4   0   0   3  0.28 0.27
  363 T     0  -1   1   0  -2   1   0  -1   0   0  -1   0   0  -3   2   0   2  -2  -3   0    7   2   9   6   1   6   4   3   3   7   4   6   2   1  11   7  16   0   0   6  0.16 0.18
  364 P     0  -2   0   0  -2  -1   1  -1  -1  -1  -4  -1  -1  -2   5   0   1  -1  -4  -1    8   2   4   5   1   2  12   4   1   3   1   3   2   2  30   6   8   1   0   5  0.47 0.35
  365 E     0  -1   1   1  -2   1   2   0   0  -1  -2   0   1  -3   0   1   1  -4  -3  -1    7   2   6   7   1   6  19   6   3   4   4   5   4   0   5   8  10   0   0   4  0.17 0.19
  366 D     0  -3   1   4  -1   2   2  -1  -1  -2  -3  -1  -1  -4   1   1   0  -5  -2  -1    7   0   5  25   1   8  12   4   1   2   1   3   2   0   8   8   5   0   1   5  0.35 0.31
  367 K     0   0  -1   0  -2   1   1  -1  -3  -1  -2   2   1  -4   1   1   1  -4  -3  -1    6   3   2   5   1   5  12   3   0   3   3  17   5   0   8  14  10   0   0   4  0.23 0.25
  368 E    -1  -1   1   2  -4   2   3  -2  -1  -4  -4   1  -2  -5   2   1   1  -5  -2  -3    5   2   6  11   0   8  22   1   1   0   0   8   1   0  11  10   9   0   1   2  0.43 0.36
  369 S     1  -2   1   0  -3   0   1  -2   1  -3  -2   0   1  -4   1   3   1  -4  -3  -1   12   0   7   4   0   3  11   2   3   1   3   6   3   0   8  24   8   0   0   4  0.27 0.29
  370 G     0  -2   0   1  -1   1   1   0  -2  -1  -1   0   0  -2   1   1   1  -3  -1  -1   10   0   5   8   1   5  10   9   0   4   5   7   3   1   7   9  12   0   2   3  0.11 0.14
  371 Q     0   0   0   0  -4   2   2  -2   1  -3  -1   0   1  -3   3   0   1  -4  -3  -1    7   4   3   5   0  13  13   2   3   0   5   5   4   1  16   8   8   0   0   5  0.28 0.27
  372 E     0  -1  -1   1  -4   1   3  -2  -3  -3  -2   0  -1  -4   3   0  -1  -5  -2  -1    9   2   2   9   0   5  26   2   0   1   3   4   2   0  19   7   2   0   1   5  0.45 0.36
  373 G     1  -2  -1   0  -3   0   0   1   0   0  -2   0   0  -3   3   0   0  -4  -1   0   13   1   3   5   0   4   5  13   2   6   3   6   3   0  17   8   4   0   2   8  0.21 0.20
  374 V     2  -2   0  -1   0   0  -1  -1  -1   0  -1  -1   0  -2   1   1   1  -4  -2   2   18   0   4   3   2   5   4   4   1   6   3   3   2   1   7  10  10   0   1  16  0.14 0.19
  375 D    -1  -2   1   2  -4   3   3  -1   1  -3  -4   0  -3  -5   1   1   0  -5  -4  -2    5   0   7  14   0  13  18   4   3   1   0   5   0   0   8  12   6   0   0   2  0.40 0.34
  376 S     1  -2   2   0  -3   0   0  -1   0  -2  -3  -1  -2  -4   2   3   1  -5  -4  -1   12   1   9   6   0   4   6   3   2   2   2   2   1   0  12  26  11   0   0   3  0.35 0.33
  377 M     1  -1   2  -2  -3   0   0  -1  -1   0  -1   1   4  -3  -1   0   1  -4  -3   1   10   2  10   2   0   5   5   4   1   6   3   8  15   0   3   4  10   0   0  12  0.18 0.24
  378 E     1   1  -2   0  -2   0   2  -1  -1  -1  -1   0   0  -2   2   0   0  -4  -2  -1   16   8   1   5   1   4  16   3   2   3   4   4   2   1  13   6   6   0   1   5  0.18 0.19
  379 V     0  -2   1   1  -2   0   3  -2  -1  -1  -2  -1  -2  -4   2   1   1  -4  -2   1    5   1   7   7   1   4  20   2   2   4   2   2   1   0   9  11   8   0   1  13  0.23 0.25
  380 E     1  -1   2   2  -4   3   3  -2  -3  -3  -3  -1  -1  -5  -1   1  -2  -5  -4  -3   10   2  10  13   0  12  26   2   0   2   2   1   1   0   2  11   2   0   0   1  0.48 0.39
  381 G     0  -2   2   0  -3  -1   1   2  -1  -3  -3   0  -2  -4   2   1   2  -4  -2  -1    7   1  11   4   0   2   9  18   2   0   2   5   1   0  12   9  13   0   1   4  0.29 0.26
  382 T     1  -2  -1  -1  -3   0  -1   0   0   0  -2  -1   0  -2   2   1   3  -4  -3  -1   14   1   1   3   0   3   4   7   3   5   2   3   3   1  11  10  24   0   0   2  0.28 0.29
  383 S     1  -1   1  -1  -3  -1   1  -1  -1  -1  -2   0  -2  -4   1   4   1  -4  -4   0   10   2   6   3   0   2   8   3   1   3   3   6   1   0   6  35   6   0   0   6  0.34 0.33
  384 D    -1  -3   1   4  -4   1   1  -1   0  -3  -3  -1  -1   0   1  -1   0  -4  -2  -1    6   0   6  29   0   5  11   5   2   0   2   3   2   4   9   3   6   0   1   6  0.36 0.29
  385 S     0  -3   0  -1  -4   2   1  -1  -3  -3  -4  -2   0  -5   2   4   0  -5  -4  -3    6   0   4   2   0   8  10   5   0   2   1   2   2   0  12  39   6   0   0   1  0.56 0.46
  386 N    -1  -2   4   1  -4  -1   0   1   0  -2  -3   1  -3  -4   3   1   0  -5  -2  -1    5   0  21   8   0   2   5  10   2   2   1   9   0   0  13  12   5   0   1   5  0.36 0.30
  387 T     1  -2  -2  -2  -3   2   0  -1   1  -2  -2   0  -1  -4   2   1   3  -4  -3   0   10   0   1   1   0  11   6   5   3   1   3   5   2   0  10  11  24   0   0   6  0.32 0.33
  388 G     0  -2   0   0  -2   0   1   2   1  -2  -3   1  -3  -4   3   0   0  -4  -1  -2    9   0   5   5   1   3   9  14   4   3   2   8   0   0  18   8   7   0   2   3  0.29 0.23
  389 S     0  -3   0   0  -3   0  -1  -1  -3  -3  -1   0   1  -3   2   3   1  -1  -2   0    9   0   4   6   0   5   3   3   0   0   5   4   5   1  11  28   9   1   1   6  0.27 0.29
  390 E     0  -2  -3   2  -5   2   4  -2   0  -3  -4  -1  -2  -5   2   0  -1  -5  -4  -1    6   1   0  11   0  10  34   3   2   1   1   2   1   0  12   8   4   0   0   4  0.57 0.44
  391 S     1  -1   2   1  -3   0   1   0  -1  -2  -4  -1  -2  -4   0   3   2  -4  -3  -1    9   2   9   7   0   5   9   5   1   3   0   2   1   0   5  26  11   0   0   4  0.29 0.29
  392 N     0  -2   3   1  -3   1   1  -3   1   0  -2   0   0  -3   0   1   1  -4  -2  -1    8   0  18   6   0   5  12   0   3   8   2   5   3   1   4  10  11   0   1   3  0.23 0.25
  393 S     1  -3   1   0   0   0   0   0  -2  -4  -1   0   0  -4   2   3   1  -4  -2  -3   10   0   6   4   2   5   5   6   1   0   5   4   2   0  12  31   6   0   1   0  0.35 0.34
  394 A     2  -2   0  -1  -3   1   1  -1   1  -2  -2  -1  -2  -3   0   2   1  -4  -2   0   23   0   3   3   0   8   8   4   3   1   3   3   0   1   4  18   9   0   1   8  0.23 0.26
  395 T     0  -2   1  -1  -3   3   0  -2  -1  -2  -2  -1  -3  -4   3   0   3  -4  -3  -1    8   1   8   2   0  14   7   2   1   2   4   3   0   0  14   5  24   0   0   5  0.36 0.33
  396 V     1  -1   0   0  -3   0   0   0   0  -1  -1  -1   0  -3   2   1   0  -4  -3   1   14   2   5   6   0   4   4   7   2   2   6   1   2   0  11  12   5   0   0  16  0.14 0.17
  397 E     0  -2  -2   0  -4   2   4  -4   1  -4  -1   0   2  -4   0   1   1  -5  -4  -3    7   1   0   4   0   9  33   0   4   0   5   5   7   0   5  10   8   0   0   1  0.47 0.40
  398 E     0  -2  -2   1   0   2   3  -1  -1  -2  -1   0   0  -4   2   0  -1  -4  -3  -1    7   1   0   9   2   9  23   6   1   1   6   5   3   0  11   8   2   0   0   6  0.26 0.26
  399 P     1  -4  -4  -1  -5   1   1  -4  -4  -2  -4  -2  -4  -6   6   0   0  -6  -5  -2   10   0   0   3   0   6  10   0   0   2   1   2   0   0  48   8   7   0   0   3  1.11 0.62
  400 P    -1  -4   0  -1  -5   1   1  -3  -2  -5  -4  -1  -4  -2   6   1  -1  -5   0  -2    4   0   5   2   0   7  11   1   1   0   1   3   0   1  44  10   3   0   3   2  0.96 0.55
  401 T     1  -2   2  -1  -3   2   0  -3  -1  -3  -3   0  -1  -4  -1   2   3  -4  -2   0   10   0  11   2   0  12   6   0   1   1   1   4   1   0   3  16  25   0   1   5  0.39 0.36
  402 D     1  -1   1   2  -3   0   2  -1   2  -3  -2  -1  -1  -2   0   2   0  -4  -1  -1   10   2   5  16   0   4  14   2   6   0   3   2   1   1   5  17   6   0   1   3  0.25 0.23
  403 P     1  -1   0   0  -5  -1   0  -3   0  -3  -5  -1  -4  -5   6   0   0  -6  -5  -2   10   3   5   4   0   3   6   1   2   1   0   2   0   0  48   6   4   0   0   3  1.02 0.55
  404 V     0  -1  -2  -1  -3   1   0   0  -3   1  -1   0   1  -3  -2   2   2  -4  -3   0    8   2   0   3   0   7   6   6   0  10   3   5   5   0   1  19  17   0   0   8  0.18 0.22
  405 P    -1  -4  -2   0  -5   2   1  -3  -4  -5  -5  -3   0  -6   6   0  -1  -6  -5  -2    4   0   2   4   0  11  11   2   0   0   0   0   3   0  50   7   4   0   0   3  1.19 0.60
  406 E     0  -2  -2   0  -4   2   5  -4  -3  -1  -3   0   2  -4  -3   0   2  -5  -4  -2    8   0   0   5   0   8  41   0   0   3   0   3   7   0   0   6  17   0   0   2  0.64 0.44
  407 D    -1  -2  -2   4  -4   1   4   1  -3  -2  -4  -1  -4  -5  -3   1  -1  -5  -4  -2    4   0   0  24   0   7  36   9   0   2   0   2   0   0   0  12   2   0   0   2  0.66 0.40
  408 E    -1  -2   0   1  -4   2   5  -1   0  -4  -3   0  -3  -4  -1  -1   0  -4  -3  -2    4   0   3   5   0  10  51   5   3   0   2   5   0   0   2   3   4   0   0   3  0.67 0.38
  409 K     0   1   2  -1  -4   2   2  -3  -2  -4  -4   4  -3  -4   0   0   0  -4  -3  -3    8   7  10   2   0   7  14   0   0   0   0  40   0   0   4   4   3   0   0   0  0.54 0.28
  410 K    -2   1   0   0  -4   2  -1  -3  -2  -4  -4   5  -3  -5   1  -2  -1  -4  -3  -1    0   6   4   5   0  11   0   0   0   0   0  59   0   0   7   0   2   0   0   4  0.81 0.37
  411 E    -3  -1  -2   0  -5   3   6  -4  -2  -5  -4   1  -3  -5  -3  -2  -3  -4  -4  -4    0   0   0   0   0  14  78   0   0   0   0   7   0   0   0   0   0   0   0   0  1.37 0.46

                      K         Lambda
Standard Ungapped    0.1230     0.3046
Standard Gapped      0.0337     0.2670
PSI Ungapped         0.1102     0.3172
PSI Gapped           0.0337     0.2670
