
Last position-specific scoring matrix computed, weighted observed percentages rounded down, information per position, and relative weight of gapless real matches to pseudocounts
            A   R   N   D   C   Q   E   G   H   I   L   K   M   F   P   S   T   W   Y   V   A   R   N   D   C   Q   E   G   H   I   L   K   M   F   P   S   T   W   Y   V
    1 M    -3  -4  -5  -5  -3  -3  -4  -5  -4   3   2  -4   8  -2  -5  -4  -3  -4  -3   2    0   0   0   0   0   0   0   0   0  17  15   0  52   0   0   0   0   0   0  16  1.21 0.42
    2 A     4  -4  -3  -2  -3  -3  -2  -3   2  -4  -3  -3   1  -5  -2   5  -1  -5  -4  -2   37   0   0   1   0   0   2   0   5   0   1   0   4   0   1  46   1   0   0   2  0.90 0.48
    3 E    -2  -1  -1   3  -5   2   5  -2  -3  -5  -4  -1  -4  -5  -3   2   0  -5  -5  -3    2   2   2  14   0  10  41   2   0   0   1   2   0   0   1  16   5   0   0   2  0.77 0.42
    4 T     1  -2  -2  -3  -4  -2  -1  -3  -4  -4  -1  -3  -1  -5   2   3   4   1  -4  -1    9   2   1   1   0   1   4   1   0   0   5   0   1   0  10  27  33   2   0   3  0.65 0.43
    5 V     0  -2  -2  -2   0   0  -1  -3  -2   1   0  -2   2   1  -2   2   1  -4  -2   2    8   2   1   2   1   4   3   0   1  10   9   2   6   7   1  16   9   0   1  19  0.17 0.18
    6 A     3  -3   0   0  -2  -2   1   0  -4  -3  -4  -2  -4  -1   2   2   1  -5  -3  -1   28   1   3   5   0   1   8   7   0   1   1   0   0   3  12  20   7   0   1   3  0.41 0.31
    7 D     1  -1   2   5  -5  -1   2  -2  -1  -4  -4  -2  -3  -4  -1   1  -1  -6  -3  -4   12   3   8  37   0   1  12   2   1   1   1   1   1   0   2  12   3   0   1   1  0.67 0.39
    8 T     0  -2  -1  -3  -4  -2   0  -1  -3   0  -1  -1   1  -4   3   2   4  -3  -2  -1    7   2   2   1   0   0   6   3   0   6   4   4   4   0  14  17  25   0   1   4  0.36 0.29
    9 R     0   3  -1  -1  -4   1   1  -3   0  -3  -4   2  -1  -3   2   1   1   1  -4  -2    8  16   3   3   0   8   9   1   2   1   0  11   1   1  12  13   8   2   0   3  0.33 0.26
   10 R    -1   5   1  -1  -2   2   0  -4  -3  -3  -4   0  -3  -5   0   2   1  -5  -4  -2    4  36   7   4   1   8   4   0   0   1   1   3   0   0   6  14   8   0   0   3  0.61 0.39
   11 L     0  -1  -3  -2  -3   1  -1  -3  -3   1   3  -1   2   0   0   0   0  -3  -1   1    6   4   1   1   0   7   5   1   0   7  30   2   7   4   5   6   4   0   1   9  0.21 0.19
   12 I     0   0   2  -1  -1   1   0  -2  -1  -1  -1   0   0  -2   3   1   0  -1  -1   0    7   4  12   3   1   6   6   2   1   4   6   5   3   1  14  10   6   1   2   7  0.15 0.13
   13 T     1  -1   1  -2  -3   0  -1   0  -3  -2  -2  -2  -3  -3   1   3   4  -5  -4   0   10   3   7   2   0   3   3   7   0   1   2   1   0   1   6  22  24   0   0   6  0.36 0.30
   14 K    -1   2   1   0  -4   1   2  -1   0  -2  -4   3  -4  -3  -2   3   0  -5  -4  -4    3  11   8   4   0   6  11   3   2   2   1  21   0   1   1  21   4   0   0   1  0.43 0.31
   15 P    -1  -1  -3   0  -5   1   0  -3  -1  -2  -3   0  -2  -2   6   1   0  -4  -4  -2    4   4   1   5   0   5   6   1   2   2   3   5   1   2  41  10   6   0   0   2  0.82 0.45
   16 Q     0   0  -1   0  -5   5   2  -2   1  -2  -2   0  -2  -5  -1   1   1  -5  -2  -2    8   4   2   6   0  25  13   3   3   2   3   4   0   0   3  11   8   0   1   3  0.39 0.31
   17 N    -1  -2   3   2  -4   1   0  -2  -3  -3  -4  -1  -2  -4   1   3   3  -5  -3  -2    4   1  15  10   0   7   5   2   0   1   1   3   1   0   6  21  18   0   1   3  0.45 0.34
   18 L     0  -2  -2  -1  -3  -1  -2  -3  -2   1   3  -2   3   1   0  -1  -1  -3   0   0    7   1   2   3   0   3   3   2   1   7  32   1   7   5   5   6   4   0   4   6  0.23 0.20
   19 N    -1  -1   1   3  -3   0   3  -3  -2  -2  -4  -2  -2  -4   0   1   2  -4  -4  -1    4   3   7  16   0   3  22   1   1   3   1   1   1   0   5  10  15   0   0   5  0.42 0.31
   20 D    -1  -2   1   4  -5   1   3   0   1  -4  -4  -1  -3  -4  -1   1  -1  -6  -5  -3    6   2   6  25   0   6  21   7   3   1   1   3   0   0   4   9   3   0   0   1  0.54 0.34
   21 A     2  -1   0   1  -3   1   1   0  -3  -1  -1   0   0  -1   1   0   0  -4  -3  -1   21   2   5   7   0   6  11   6   0   4   6   4   3   3   6   7   6   0   0   2  0.15 0.16
   22 Y     1  -1  -1   0  -2  -1   0  -2   0  -1  -1   0   1  -1   0   0  -1  -1   5  -1   12   2   3   5   1   2   7   3   2   4   6   5   4   2   6   7   2   1  23   3  0.25 0.22
   23 G     1  -1   0   2  -2   0   1   3   1  -2  -3   0  -3  -3   0   1  -1  -4  -3  -2   11   2   5  10   1   5   8  23   4   3   3   6   0   1   4   9   4   0   0   2  0.25 0.19
   24 P     1  -2  -1   0   1   0   2  -1  -1  -1  -1  -1  -1  -4   4   0  -2  -1  -4  -1   11   1   3   5   3   3  13   5   1   3   6   3   1   1  24   7   2   1   0   5  0.37 0.26
   25 P    -2  -2  -1   2  -1   0   1   0  -1  -3  -3  -1  -4  -5   6   1  -2  -2  -4  -4    4   2   3  11   1   3  10   7   2   2   3   4   0   0  35   9   3   1   1   1  0.69 0.38
   26 S     1  -1   0   2  -2   2   2  -1  -1  -3  -2   0  -3  -3   0   2   1  -4  -4  -2   10   3   4  10   1   9  14   5   1   1   4   6   0   1   3  14   9   0   0   3  0.22 0.19
   27 N    -1  -1   3   1  -1   1   2  -1   1  -2  -3   0  -2   0   2   1  -1  -4   1  -2    3   3  17   6   1   6  14   4   3   2   2   6   1   4   9   9   2   0   5   3  0.24 0.20
   28 F    -1  -2  -1   2  -2  -1  -1  -3   1  -2  -2  -1   0   5   0  -1  -1   1   3  -1    5   2   3  10   1   2   4   1   4   2   3   4   2  25   5   5   4   2  10   5  0.36 0.25
   29 L    -5  -3  -5  -7  -5  -6  -6  -7  -4   4   4  -6   3   4  -3  -5  -3  -3   0   0    0   1   0   0   0   0   0   0   0  19  42   0   7  16   1   1   1   0   3   7  1.04 0.49
   30 E    -2  -2   0   2  -4   2   4  -4   1  -2  -3   1  -3  -1  -4   0   1  -5  -3  -1    2   2   3  12   0   8  29   0   4   3   2   9   1   3   0   7   9   0   1   4  0.48 0.34
   31 I    -5  -7  -5  -8   1  -7  -8  -8  -8   7  -3  -7  -3  -5  -7  -5  -1  -7  -6   5    1   0   1   0   3   0   0   0   0  56   1   0   0   0   0   1   3   0   0  33  1.92 0.79
   32 D    -1   1  -1   1   0  -1   2  -3  -1  -2  -3   0  -3  -2  -4   2   3   1  -1  -2    4   9   2   9   2   2  13   1   2   2   2   4   0   1   0  17  22   2   2   3  0.39 0.31
   33 V    -5  -8  -3  -8  -6  -7  -4  -8  -8   2  -4  -8  -3  -6  -8  -7  -4  -8  -7   8    1   0   2   0   0   0   1   0   0  10   1   0   0   0   0   0   1   0   0  84  2.39 0.97
   34 S    -2   2  -2   1   0   0  -2   1   0  -1  -2  -1  -2  -2  -4   3   2  -5   0  -1    2  12   1   8   2   4   2  11   2   4   3   3   1   2   0  22  14   0   3   3  0.29 0.27
   35 N    -4  -2   5   6  -5  -2   2  -5  -3  -8  -8  -3  -5  -5  -6  -1  -3  -8  -4  -6    2   2  23  46   0   1  13   1   1   0   0   1   0   1   0   5   2   0   1   0  1.48 0.71
   36 P    -2  -8  -8  -6  -9  -7  -7  -6  -4  -9  -9  -7  -8  -5   9  -3  -4  -9  -4  -6    4   0   0   0   0   0   0   0   1   0   0   0   0   1  90   2   1   0   1   0  3.14 1.28
   37 Q    -3   2  -4  -4  -4   5   2  -5   2   2  -2   0   0  -4  -5  -2   0  -6  -5   1    2  11   0   0   0  27  15   0   4  10   4   5   2   1   0   2   5   0   0  12  0.66 0.44
   38 T    -5   0  -3  -6  -7  -3  -4  -7  -4   0  -3   6   0  -4  -6  -3   4  -8  -6  -1    0   5   1   0   0   1   0   0   0   4   2  52   2   1   0   2  25   0   0   4  1.40 0.72
   39 V    -4   0  -4  -5  -3   2   1  -6   7   2  -3  -3   0  -2  -6  -4  -4  -6  -3   4    1   6   1   0   1  10  10   0  26  12   2   1   2   1   0   1   1   0   1  24  0.99 0.53
   40 G    -2  -3   1  -3  -4   0  -2   6  -1  -3  -3  -1  -4  -4  -5   0  -1  -6  -2  -1    2   2   7   2   0   4   2  51   1   1   3   4   0   1   0   7   5   0   2   6  0.87 0.47
   41 V    -3  -3  -1   5  -2  -1   4  -5  -4  -1  -3  -2  -3  -2  -5   0   1  -4  -4   0    1   1   3  29   1   2  27   1   0   4   2   2   1   2   0   6   9   0   1   8  0.72 0.44
   42 G    -2  -5  -3   0  -6  -4  -3   6  -4  -1  -2  -2  -3  -3   1  -1  -1  -1  -5  -5    4   1   1   6   0   0   1  57   0   3   5   2   1   1   7   4   4   1   0   1  1.07 0.54
   43 R    -2   2  -1  -3   0  -1  -3  -1  -1   1  -1   1   5  -1  -3   0   1   1  -2   1    2  13   3   1   2   2   1   4   1   8   5  11  17   2   1   8   8   2   1   9  0.30 0.25
   44 G    -1  -1   4   2  -5   0   0   2   0  -5  -4   1  -3  -5  -3   2   0   1  -4  -5    5   3  19  10   0   4   6  13   2   0   1   9   1   0   1  18   5   2   0   0  0.46 0.31
   45 R     3   3  -3  -3  -1  -1  -2  -2  -2  -4  -4   0   2  -3  -1   3   1  -6  -2  -3   27  15   0   1   1   2   2   2   1   1   1   5   5   1   3  21  10   0   1   1  0.54 0.39
   46 F    -7  -3  -7  -8  -1  -6  -4  -8   6  -5  -4  -7  -6   5  -8  -7  -7  -2   8  -7    0   2   0   0   1   0   1   0  19   1   2   0   0  20   0   0   0   0  52   0  2.43 0.95
   47 T    -2  -6  -5  -6  -4  -6  -4  -7  -6   4  -2  -6   3  -4  -6  -4   5  -7  -1   4    4   0   0   0   0   0   1   0   0  23   2   0   8   0   0   1  33   0   2  25  1.21 0.61
   48 T     0  -2  -3   3  -3  -3  -1  -4  -5  -3  -3  -3  -1  -6  -3   3   3  -7  -5   3    8   2   0  16   0   1   3   1   0   1   3   1   1   0   1  21  21   0   0  19  0.64 0.44
   49 Y    -8  -8  -5  -9  -1  -8  -8  -4  -5  -7  -6  -8  -7   2  -9  -8  -8  -4  10  -5    0   0   1   0   1   0   0   2   0   0   1   0   0   7   0   0   0   0  87   1  3.45 1.29
   50 E    -3   2  -2  -2  -2   0   4  -5   0  -4   1   3  -3  -4  -3  -2   1  -6  -5  -4    2  12   1   2   1   4  26   0   2   1  15  18   0   1   1   3  10   0   0   1  0.57 0.40
   51 I    -5  -8  -6  -8  -6  -7  -8  -8  -8   6  -1  -7  -3  -4  -8  -5  -4  -8  -6   6    1   0   0   0   0   0   0   0   0  39   5   0   0   1   0   1   1   0   0  52  1.96 0.81
   52 R    -2   3   0  -3   1  -1   0  -5   2   0  -3   0  -3   0  -5   1   4  -3  -1   0    3  19   4   1   3   2   5   0   4   5   2   6   0   4   0   9  23   0   2   7  0.41 0.31
   53 V    -3  -5  -5  -5   3  -5  -6  -3  -4   0   0  -6   4  -1  -5   0   6  -6  -2   0    2   0   0   0   5   0   0   2   0   6   8   0  10   2   0   6  49   0   2   6  1.10 0.60
   54 K    -3   4   0  -2  -3   2   1  -5   3  -4  -5   5  -1  -5  -2  -1  -1   0  -3  -4    1  21   4   2   1   7   8   1   6   1   1  33   1   0   2   4   5   1   1   1  0.79 0.45
   55 T    -2  -4  -2  -3  -2  -3  -5  -3  -3  -2  -4  -3  -2  -3  -2   0   7  -6  -3  -1    3   1   2   1   1   1   1   2   1   2   2   1   1   1   3   7  67   0   1   4  1.51 0.71
   56 N    -3  -1   6   1  -2  -2  -1  -3  -3  -4  -4  -1  -4  -3  -2   1   3  -5   0  -3    2   3  34   9   1   2   3   1   0   1   2   4   0   1   2  11  20   0   3   2  0.77 0.43
   57 L    -2   1   1   0  -1  -2  -3  -3   2   1   2  -2   2   0  -3   2  -2  -4  -2  -1    3   8   8   6   1   2   1   2   5   9  23   1   4   3   1  18   1   0   1   3  0.26 0.22
   58 P    -2   0  -1  -1  -4  -1   0  -2  -3  -1  -3   1   1  -5   6   1  -1  -2  -3  -3    3   4   3   4   0   3   6   3   1   3   2   7   3   0  40  10   4   1   1   2  0.77 0.40
   59 I     2  -1  -1   0   2   1   1   0   1   1  -1  -1   0  -2  -2   1   0  -2  -1  -1   17   2   3   4   4   6  10   7   5   8   4   3   3   1   1  10   6   0   2   4  0.09 0.11
   60 F    -4  -2  -5  -4  -4  -5  -5  -5  -3  -3  -2  -5  -3   8  -5  -2  -4   0   5  -4    1   3   1   1   0   0   1   1   1   2   3   1   1  61   1   3   1   1  15   1  1.91 0.69
   61 K    -1   3   0   0  -2   1  -1  -1   0  -3  -2   3  -2  -3  -1   1   1  -3  -3  -3    6  16   5   6   1   6   4   4   2   2   4  19   1   1   3  13   8   0   0   2  0.28 0.20
   62 L     0   1   0  -1  -1   1   0   0   1  -1   0   1   0  -1  -1   1   0  -2  -1  -1    7   6   5   3   2   6   4   8   4   2  13  12   2   2   2  12   5   1   2   3  0.06 0.08
   63 K    -1   1   0  -2  -3   0   0   0   0  -3  -4   3  -3  -3   3   2   1  -4  -3  -3    3   8   3   2   0   4   5   6   2   1   1  21   1   1  13  18   8   0   1   1  0.39 0.25
   64 E    -1  -1   0   0  -3   1   5  -3   1  -3  -3   0  -4  -2  -3   1   2  -3  -1  -3    5   3   4   5   1   6  36   2   4   2   2   4   0   2   1   9  11   0   3   2  0.51 0.31
   65 S    -1  -3  -1  -4   1  -3  -3  -2  -1  -2  -3  -3   1   5  -3   4   0  -1   2  -1    4   1   2   0   3   1   1   3   1   2   2   2   4  22   2  34   5   1   6   5  0.64 0.36
   66 T     0   0  -1  -2   4   0   1  -2   0  -1  -2  -1  -2  -2  -3   3   2  -4  -1   0    5   5   2   1   9   4   8   3   2   3   2   3   1   2   1  26  12   0   2   8  0.32 0.22
   67 V    -3  -5  -5  -5   0  -5  -5  -5  -5   0  -2  -4  -1  -4  -5  -3   0  -5  -5   7    2   1   0   1   2   0   1   1   0   3   2   1   1   0   1   2   6   0   0  76  1.72 0.61
   68 R    -3   6  -1  -3  -3   0  -2  -4   0   0  -1   1  -2  -4  -4  -1   0   3  -3  -2    2  47   2   1   1   4   2   1   3   6   6   6   1   1   1   4   5   3   1   2  0.86 0.38
   69 R    -5   8  -5  -5  -6  -2  -4  -6   0  -6  -5  -1  -5  -6  -5  -5  -5  -6   0  -6    1  84   0   1   0   1   1   1   2   0   1   2   0   0   0   1   1   0   3   1  2.47 0.80
   70 R    -5   8  -5  -5  -6  -4  -4  -6  -5  -6  -6  -1  -5  -6  -5  -3  -5  -6  -5  -6    1  88   0   1   0   0   1   1   0   0   1   2   0   0   0   2   1   0   0   1  2.66 0.85
   71 Y    -5  -5  -6  -6   1  -5  -6  -6  -4  -5  -4  -5  -5   6  -6  -5  -5  -3   8  -5    1   0   0   1   2   0   1   1   0   0   1   1   0  33   0   1   1   0  56   1  2.45 0.77
   72 S    -3   3   1  -4  -5   1  -3  -3  -2  -5  -5   0  -5  -5  -4   6   0  -5  -5  -5    1  13   5   1   0   6   1   1   1   0   1   4   0   0   0  59   4   0   0   1  1.23 0.55
   73 D    -5  -5  -3   7  -6  -2   3  -4  -1  -6  -3  -3  -5  -6  -5  -4  -5  -6  -5  -6    1   0   0  67   0   1  18   2   2   0   3   2   0   0   0   1   1   0   0   1  1.86 0.65
   74 F    -5  -6  -6  -6   1  -6  -6  -6  -5  -3  -3  -6  -4   9  -6  -6  -5  -4  -2  -2    1   0   0   1   2   0   1   1   0   1   2   1   0  85   0   1   1   0   0   3  2.79 0.83
   75 E    -2   0  -3   0  -1  -1   3  -4   0   0   2  -2  -1  -2  -4  -2  -2  -4  -2   3    3   5   1   5   1   2  20   1   2   4  24   1   1   1   0   2   2   0   1  23  0.38 0.24
   76 W    -2  -4  -3  -5   1  -2  -5   1  -1  -4  -3  -4  -5   2  -6  -2  -2  11   0  -4    4   1   2   1   3   2   1  10   1   1   3   1   0   8   0   3   3  53   2   1  2.17 0.70
   77 L    -5  -5  -6  -6  -5  -5  -6  -3  -6   0   6  -6   1   1  -6  -6  -5  -5  -4  -1    1   0   0   0   0   0   0   3   0   3  79   0   3   5   0   0   0   0   0   3  1.65 0.73
   78 R    -2   5  -3  -1  -5  -1  -3  -4   5  -4  -4   2  -2   0  -2  -2  -4   0   5  -3    3  29   1   3   0   3   1   1  16   1   1  11   1   3   2   2   0   1  17   2  0.89 0.49
   79 S    -1   0   3   2  -2   2   2  -1   1  -3  -4   1  -2  -3  -3   1   0   3  -2  -3    5   4  16  12   1   8  13   3   4   1   1  10   1   1   0   8   5   4   1   2  0.34 0.25
   80 E    -1   3  -2  -2   1   3   1  -3   0   0  -2   3   0  -3  -4  -2   0  -1   0  -1    6  15   2   1   3  15   8   1   2   6   3  19   2   1   0   2   5   1   3   3  0.34 0.27
   81 L    -5  -5  -6  -6  -5  -5  -6  -6  -6   1   6  -6   2   1  -6  -6  -5  -5  -4  -1    1   0   0   0   0   0   0   1   0   6  76   0   4   6   0   0   0   0   0   3  1.63 0.71
   82 E     0   0   0  -1   1   3   2  -1   2  -2  -2   1  -1  -1  -3   1   0  -4   0  -1    7   3   3   3   3  13  17   4   6   2   4   7   2   2   0  10   5   0   3   6  0.18 0.22
   83 R     0   2   1  -1   0   0   2  -2   1  -1  -2   2   0  -2  -3   1   0  -4  -1  -2    7  14   8   3   2   4  14   3   3   3   4  12   3   2   0  10   5   0   2   3  0.19 0.21
   84 E    -2  -1   4   1   0   0   2  -2   4  -3  -3   2  -1  -1  -4  -1  -1   0   2  -3    3   2  21   6   2   4  13   2  11   2   3  11   2   3   0   3   3   1   6   2  0.42 0.36
   85 S    -1  -1   1   0   0  -1  -2  -3   4  -4  -3  -1   0   0   5   0  -1  -4   4  -2    5   3   6   5   2   3   2   2   9   0   3   3   2   3  27   6   4   0  13   2  0.57 0.43
   86 K    -1  -1   0  -1   1   0  -1   2   0  -1  -2   1   1  -1   3  -1   0   3   0  -2    5   4   4   3   3   4   4  14   3   4   4  10   3   3  12   5   6   4   3   3  0.17 0.16
   87 V     0   0   0  -2   2   0   0  -1   2   0  -1   0   1   1  -3   0   0   3   1   0    5   5   5   0   5   5   5   5   5   5   5   5   5   5   0   5   5   5   5   5  0.04 0.13
   88 V    -1   1  -1  -2   0  -1  -1  -3   0   3   0   0   1   0   0  -1  -1   1  -2   2    3   7   3   2   2   2   5   1   3  18   8   4   4   4   5   4   3   2   0  19  0.14 0.17
   89 V    -1  -1  -1  -2   1  -3  -1  -4  -4   3   1  -1   1  -3   1  -1   0  -4  -3   3    3   3   3   3   3   0   4   0   0  21  12   4   3   0   7   5   4   0   0  24  0.31 0.27
   90 P    -3  -5  -3  -5   2  -3  -3  -5  -2  -3  -4  -4  -5  -3   8  -1  -3  -6  -2  -2    2   0   1   0   4   1   2   1   1   2   1   0   0   1  74   4   1   0   2   3  2.06 0.83
   91 P    -1  -2  -2   0  -1  -2   0   0  -1  -3  -4  -1  -2  -5   7   0  -3  -5  -5  -2    5   2   2   5   1   2   7   6   2   1   1   3   1   0  51   7   1   0   0   2  1.10 0.52
   92 L    -1  -1  -5  -5  -4  -4  -4  -5  -5   1   5  -3   1   0   1  -3  -2  -4  -3  -1    5   3   0   0   0   0   0   1   0   5  62   1   3   3   8   2   2   0   0   4  0.88 0.47
   93 P    -2  -5  -5  -5   1  -4  -4  -2  -5  -5  -5  -2  -5  -6   8  -2  -4  -6  -5  -3    3   0   0   0   3   0   1   3   0   0   1   2   0   0  79   2   0   0   0   3  2.34 0.89
   94 G    -2  -2  -1   1  -4  -1   3   3  -1  -4  -4  -2  -1  -4   3   0  -2  -4  -2  -3    3   2   2   8   0   1  24  23   1   0   2   1   2   0  17   7   1   0   1   2  0.55 0.34
   95 K    -3   0  -2  -3  -5  -2  -2  -3  -4  -4  -4   7  -5  -5  -3  -1  -3  -5  -5  -5    2   4   2   1   0   1   2   2   0   1   2  73   0   0   1   4   2   0   0   1  1.71 0.79
   96 A     0   0   2  -1  -4   1  -2  -1   4  -1  -3   1  -1  -1  -2   2   1  -2  -2   0    9   5   8   3   0   7   1   4  11   4   1   8   1   2   2  17   7   0   1   9  0.22 0.23
   97 F     0   0  -2  -3  -3  -3  -2  -3  -1   1   1  -2   0   2   0   0  -1   3   1   2    8   6   1   1   0   0   2   2   1   8  15   1   1  10   5   9   4   4   4  17  0.19 0.18
   98 L    -2  -3  -4  -4  -3  -2  -4  -3  -4   2   2  -1   3   4   0  -1  -1  -3  -1   2    3   1   1   1   0   2   1   2   0  11  20   5   7  17   4   4   4   0   2  17  0.39 0.26
   99 R    -1   2  -1  -1  -1   0   1   1   0  -2  -1   0   0  -1   2   0  -1   1  -1  -1    5  11   3   2   2   4  12  14   2   2   6   6   2   3  10   6   4   2   2   3  0.11 0.09
  100 H    -1  -1   0  -1  -2   2   0  -1   2  -1  -1   1   3   0   1   0   0   1   2  -1    4   2   5   2   1  10   4   4   5   3   5   7   9   3   8   8   7   2   7   3  0.13 0.13
  101 V     0  -1   0  -1   0   0  -1  -2  -1   1   1  -1   1   1   0   0   1   0   0   1    7   2   4   3   2   5   2   3   1   7  18   2   4   5   6   5  10   1   4   9  0.06 0.06
  102 P    -1   0  -1   0  -2   0  -1  -1  -1  -1  -1   2  -1  -2   4  -1  -1   1   0   0    4   4   3   5   1   4   3   5   1   4   5  15   1   1  23   4   4   2   3   7  0.30 0.16
  103 F     0  -1  -1   0  -1   0   0  -1  -1   0   0   0   1   2   0   0   0   2   0   1    6   3   3   5   1   3   7   5   1   5   8   5   6  13   6   5   5   3   2  10  0.04 0.04
  104 R    -1   2   1  -1  -2   1  -1  -1  -1  -2  -1   4  -1   0   0   0  -1   1  -1  -1    4  11   6   2   1   7   3   4   1   3   6  27   2   4   4   5   3   2   2   4  0.24 0.14
  105 G     0   0   0  -1  -1   1   0   1   0  -1  -1   1   0   0   0   1   0  -1  -1  -1    5   4   4   2   1   7   4  14   2   4   7   8   3   4   5  12   5   1   1   5  0.05 0.05
  106 D     0   0   0   1  -1   0   0   0  -1  -1  -1   1   0   0   0   1   1  -1   0  -1    8   4   4   9   1   4   4   5   1   3   5   9   3   4   4  12   9   1   4   5  0.05 0.04
  107 D     0   0   0   1  -2   0   0   1  -1   0   0   0   0   1  -1   0   0  -2  -1   0    5   5   5  11   1   3   7  11   1   4   7   5   2  10   2   6   5   0   1   8  0.04 0.05
  108 G    -2  -3   2   4  -4  -1   0   4   0  -2  -4  -3  -4  -3  -2   1  -2  -4  -4  -3    3   1  11  24   0   2   4  29   2   2   2   1   0   1   2  11   2   0   0   2  0.64 0.36
  109 I    -1   6  -2  -2  -1  -1  -2  -1  -2   0  -1   0  -2  -2   0  -1   0  -4  -4  -2    5  45   1   3   1   3   3   4   1   6   6   4   1   2   4   4   5   0   0   2  0.67 0.40
  110 F    -3  -3  -1  -4  -3  -3  -2  -4  -1  -2  -2  -4  -3   8  -4   0  -2  -1   1  -1    2   1   4   1   1   1   3   1   1   2   3   1   1  57   1   8   2   1   4   5  1.36 0.64
  111 D    -2  -2   3   4  -1   1   1  -1   0  -5  -5  -1  -4  -5  -2   3   1  -5  -1  -5    3   2  13  22   1   5   8   4   2   1   0   3   0   0   1  25   7   0   2   0  0.57 0.40
  112 D     0   0  -1   3  -5   1   3  -2  -1  -3  -4   1  -1  -5   3   0   0  -4  -3  -2    9   4   2  15   0   5  19   2   1   1   1   8   1   0  16   6   7   0   1   2  0.41 0.31
  113 N    -1  -2   0   4  -4   2   5  -1  -1  -5  -4  -1  -3  -4  -3  -1  -2  -6  -3  -5    4   2   4  26   0   8  34   4   1   0   2   3   1   1   1   5   2   0   1   1  0.81 0.49
  114 F    -5  -5  -5  -5  -1  -1  -5  -5  -2  -1  -3  -5  -4   9  -7  -5  -5   1  -1   0    1   1   0   1   1   3   1   1   1   4   2   1   0  74   0   1   1   2   1   7  2.20 0.92
  115 I    -5  -7  -7  -7  -5  -5  -7  -8  -7   6   2  -7  -1  -2  -4  -5  -1  -7  -5   4    0   0   0   0   0   0   0   0   0  47  17   0   1   2   1   0   4   0   0  27  1.46 0.70
  116 E    -2  -1  -1   1  -5   1   7  -5  -3  -5  -3  -1   0  -6  -5  -2  -2  -7  -6  -4    3   3   2   6   0   5  63   1   1   1   2   3   2   0   0   3   3   0   0   1  1.35 0.75
  117 E    -1   4   0  -1  -3   2   2  -3   1  -4  -3   3  -1  -3  -4   0   0  -5  -2  -4    4  22   4   3   1  10  13   2   4   1   2  17   2   1   0   7   5   0   1   1  0.48 0.35
  118 R    -7   9  -6  -7  -8  -5  -3  -8  -6  -8  -7  -3  -7  -8  -7  -6  -6  -8  -1  -8    0  95   0   0   0   0   2   0   0   0   0   0   0   0   0   0   0   0   2   0  3.11 1.30
  119 K    -2   7  -4  -6   0   2  -4  -6  -5  -4  -3   1   4  -6  -6  -4  -4   0  -6  -4    4  62   0   0   2   7   0   0   0   1   2   6  10   0   0   1   1   2   0   1  1.68 0.84
  120 Q     2   2   0  -3   0   2   0  -2   0  -1  -1   2  -1  -2  -3   0  -1  -1  -2  -1   22  11   3   1   2  10   5   1   2   3   6  16   2   2   0   5   3   1   1   5  0.24 0.24
  121 G     4  -5  -3  -2  -2   0  -2   5  -2  -4  -2  -1   0  -5  -5   1  -4  -6  -5  -4   30   0   1   2   1   4   2  38   1   1   3   4   2   0   0  10   0   0   0   1  0.84 0.52
  122 L    -6  -7  -8  -8  -6  -7  -7  -8  -7  -3   7  -7   1  -1  -5  -7  -6  -6  -4  -4    0   0   0   0   0   0   0   0   0   1  92   0   2   2   1   0   0   0   1   0  2.24 0.98
  123 E    -3  -4   0   0  -5   6   6  -4   2  -7  -7  -2  -6  -7  -6  -4  -3  -7  -2  -6    2   0   4   4   0  30  47   1   5   0   0   1   0   0   0   1   2   0   2   0  1.48 0.79
  124 Q    -2   5   1   0  -3   2   0  -4   0  -2  -2   3  -1  -2  -4  -1  -1  -1  -3  -1    3  29   6   4   1   8   5   1   2   3   3  17   1   2   0   5   4   1   0   5  0.49 0.34
  125 F    -5  -7  -7  -8   2  -5  -7  -7  -3  -5  -4  -7   2   8  -7  -6  -6   2   4  -2    1   0   0   0   4   1   0   0   1   0   0   0   5  71   0   0   0   2  12   2  2.43 0.97
  126 I    -5  -6  -7  -7  -1  -6  -6  -6  -3   3   6  -6   3  -3  -6  -5  -4  -6  -5   1    1   0   0   0   1   0   0   1   1  13  66   0   7   1   0   1   0   0   0   8  1.43 0.67
  127 N    -2   2   5   1  -2   3   1  -3   0  -2  -1   0  -3  -3  -4   0  -1  -3  -2  -3    3   9  28   6   1  13  10   1   2   2   6   5   0   1   0   5   3   0   1   2  0.48 0.35
  128 K    -3   6  -2  -4  -4   0   0  -4  -2  -1  -5   4  -5  -5  -5  -2  -3  -6  -4  -4    2  49   1   0   0   3   5   1   1   3   1  26   0   0   0   3   1   0   1   1  1.35 0.68
  129 V    -3  -6  -3  -7   2  -6  -6  -7  -7   4   2  -5   0  -4  -6  -5   0  -6  -5   5    2   0   1   0   4   0   0   0   0  26  16   0   2   0   0   0   6   0   0  42  1.16 0.58
  130 A     5  -5  -5  -6   2  -3  -5  -3  -4  -2   1  -4  -2  -3  -5   0   0  -6  -4   3   45   0   0   0   5   1   0   1   0   2  11   0   1   1   0   8   5   0   0  20  0.83 0.53
  131 G     1   1   2   0  -2   2   1   2   1  -3  -2   0  -2  -3  -3   1  -1  -3  -4  -2   12   8   9   4   1  11   7  14   4   1   5   6   1   1   0  12   3   0   0   2  0.22 0.21
  132 H    -5  -4  -1  -4  -7  -2  -1  -7  10  -2  -6  -4   1  -4  -6  -1  -2  -7  -1  -1    0   0   3   1   0   2   4   0  67   3   1   1   3   1   0   5   3   0   1   4  2.36 1.00
  133 P    -2  -3  -1  -2  -4  -4  -3  -5  -1  -5  -6  -2  -3  -8   8  -2   0  -2  -7  -4    3   1   3   2   0   0   1   1   2   1   1   3   1   0  70   3   6   1   0   1  1.98 0.93
  134 L    -2  -3  -3  -2  -1  -2  -1  -5  -2   2   3  -2   1  -1  -4  -2   1  -2  -3   4    2   1   1   2   1   2   5   1   1  12  25   2   3   2   1   3   9   1   0  27  0.44 0.31
  135 A     0  -6  -7  -7   1  -5  -5  -7  -1   0   5  -6   0   1  -5  -5  -4  -5   3  -1    9   0   0   0   3   0   1   0   1   4  60   0   2   5   0   0   0   0   9   3  1.13 0.60
  136 Q    -2   3  -2  -5   2   4  -3  -4  -1  -2   3  -1  -2  -3  -5   1  -3  -1  -1  -1    2  14   2   0   4  23   0   1   2   2  25   4   1   1   0  12   1   1   2   3  0.54 0.43
  137 N    -1   1   3  -2  -1   1  -1  -2   1  -3  -2   1  -2   0  -3   3   1  -2  -1  -2    4   7  13   2   1   7   3   3   3   1   3   9   1   5   1  24   8   0   2   2  0.28 0.28
  138 E    -1  -4   1   6  -2  -2   2  -5  -1  -6  -7  -3  -6  -3  -5   3  -3  -7  -5  -5    5   0   6  48   1   1  12   0   2   0   0   1   0   1   0  20   1   0   0   0  1.23 0.68
  139 R     0   1  -2   0  -3   0   1  -3   2  -3  -4   2  -2  -5   4   2   0  -6  -3  -2    8   8   1   4   1   3   9   2   5   1   0  12   1   0  19  18   5   0   1   3  0.44 0.35
  140 C     0   0   0   4   5   0  -1  -2   1  -1  -2  -3  -2  -2  -3   0  -1  -4  -1   0    9   5   3  28  13   4   4   3   3   3   4   1   1   1   1   7   3   0   3   6  0.45 0.33
  141 L    -6  -7  -8  -8  -6  -7  -7  -8  -7  -2   5  -3  -1   5  -7  -7  -4  -3  -1   2    0   0   0   0   0   0   0   0   0   1  57   2   1  24   0   0   1   0   2  11  1.52 0.73
  142 H    -2   3  -3  -4  -2   2  -4  -5   8   0  -2   2  -2  -4  -6  -4  -3  -7  -2  -1    3  17   1   1   1   9   0   0  38   5   4  12   1   1   0   0   1   0   1   4  1.27 0.66
  143 M    -1  -2  -2  -1  -3  -1   1  -4  -2   1   3  -3   4  -2  -4  -2   0  -5  -3   1    5   2   2   3   0   2   9   1   1   8  36   1  10   1   0   3   5   0   1   7  0.40 0.30
  144 F    -8  -9  -9 -10  -8  -9  -9  -9  -7  -6  -5  -9  -6  10 -10  -5  -8  -1   0  -7    0   0   0   0   0   0   0   0   0   0   1   0   0  96   0   1   0   1   2   0  3.60 1.33
  145 L    -4  -7  -8  -9  -6  -7  -8  -9  -8   0   7  -3  -1  -2  -8  -6  -6  -7  -6  -2    1   0   0   0   0   0   0   0   0   4  88   2   1   1   0   0   0   0   0   2  2.05 0.90
  146 Q    -5  -3  -5  -4  -4   7   5  -7  -5  -6  -6  -3  -6  -5  -6  -2   1  -7  -5  -6    0   1   0   0   0  46  37   0   0   0   1   1   0   1   0   3   9   0   0   0  1.79 0.92
  147 D     1  -3  -1   3  -4  -1   1  -4  -3  -5  -2  -1  -2  -5  -5   4   2  -6  -5  -4   12   1   2  16   0   2   8   1   0   0   5   3   1   0   0  34  15   0   0   0  0.66 0.48
  148 E    -3  -2   0   3  -3   3   4  -4  -2  -6  -4   1  -5  -6   2   1  -2  -4  -5  -6    1   2   4  18   1  15  28   1   1   0   1   7   0   0   9   9   3   0   0   0  0.76 0.48
  149 I     0  -3   0   2  -4  -1   2  -3  -2   0   2  -1  -1  -3  -3   0   1  -4  -3   0    7   1   4  12   0   2  15   1   0   4  25   3   1   1   1   7  10   0   0   6  0.24 0.23
  150 I    -2  -5  -4  -4   0  -4  -4  -5  -5   2   2  -3   0   4  -2  -1   1   7  -2  -2    3   0   1   1   2   0   1   0   0  13  24   1   2  17   2   5   9  16   0   2  0.75 0.41
  151 D    -3  -3   3   4  -3  -2   2  -2  -2  -4  -5  -3   0  -4   4   1  -1  -4  -4  -1    1   1  15  20   0   1  11   3   1   1   1   1   2   1  22  10   4   0   0   5  0.66 0.40
  152 K    -2   3  -3   0  -5   1   0  -4  -1  -2  -2   5   1  -1  -3   0  -1   3  -4  -3    3  19   0   5   0   5   4   0   1   2   4  33   4   3   1   6   2   4   0   1  0.56 0.36
  153 S     2  -2   3   0  -3  -1  -1   1  -1  -4  -4   1  -4  -5  -2   3   1  -5  -2  -3   21   0  15   4   0   1   3   9   1   0   0   8   0   0   2  24   8   0   1   1  0.44 0.31
  154 Y    -1   0  -2  -1  -4   0  -3  -4   3   0  -2  -1   3   0  -4   0   1   2   4   1    4   4   1   3   0   4   0   0   8   4   1   4  11   3   0   9  12   3  19  10  0.37 0.29
  155 T    -1   0   2  -2  -4   0   0  -1   1  -1  -2   2  -1  -3  -3   1   3   4  -3  -1    3   6  10   1   0   3   4   3   4   5   3  14   1   1   1  12  19   7   0   5  0.27 0.23
  156 P    -2   0  -2  -3  -4   1   0  -3   0  -4  -3   0   1  -5   5   1   4  -5  -4  -3    3   5   1   1   0   5   5   1   3   0   1   6   4   0  29   9  25   0   0   1  0.71 0.40
  157 S     1   2  -2  -3  -3   2   0   1  -2  -2  -3   0  -2  -4  -4   4  -1  -4   1  -3    9  11   1   0   0   9   4  13   0   2   2   6   1   0   0  34   1   0   6   2  0.42 0.33
  158 K     2   2  -2  -2  -2  -1   1  -2  -2  -4  -3   5  -3  -2  -2   0   0  -5  -3  -3   22  10   1   1   1   1   7   2   0   0   2  36   0   2   1   5   7   0   1   0  0.55 0.36
  159 I    -1  -4  -2  -4  -3  -2  -3  -4  -3   4   3  -3   1  -1  -3   0  -1  -4  -3   3    3   0   2   0   0   1   1   1   0  24  33   1   2   2   1   7   3   0   0  18  0.52 0.30
  160 R    -1   5  -3  -2  -4  -2  -1  -4  -4  -3  -5   1  -3  -5  -4   5   2  -6  -5  -4    4  29   0   1   0   0   2   0   0   2   0   6   0   0   0  45  11   0   0   0  0.96 0.51
  161 H    -2  -3   0   1  -5   2  -1   5   7  -6  -6  -3  -4  -5  -4  -1  -3  -5  -3  -4    2   0   3   7   0  10   3  43  26   0   0   0   0   0   0   4   0   0   0   1  1.08 0.45
  162 A     6  -4  -4  -4  -3  -3  -3  -3  -4  -4  -4  -3  -4  -5  -3   3   0  -5  -4  -3   77   0   0   0   0   0   0   0   0   0   0   0   0   0   0  18   5   0   0   0  1.34 0.53

                      K         Lambda
Standard Ungapped    0.1385     0.3200
Standard Gapped      0.0431     0.2670
PSI Ungapped         0.1408     0.3175
PSI Gapped           0.0431     0.2670
