
Last position-specific scoring matrix computed, weighted observed percentages rounded down, information per position, and relative weight of gapless real matches to pseudocounts
            A   R   N   D   C   Q   E   G   H   I   L   K   M   F   P   S   T   W   Y   V   A   R   N   D   C   Q   E   G   H   I   L   K   M   F   P   S   T   W   Y   V
    1 M    -3  -4  -5  -5  -3  -3  -4  -5  -4   4   1  -4   8  -2  -5  -4  -3  -4  -3   1    0   0   0   0   0   0   0   0   0  25   6   0  62   0   0   0   0   0   0   7  1.33 0.41
    2 S     3  -3   3  -2  -3  -2  -1  -2   3  -4  -4  -2  -3  -4  -3   4   2  -5  -3  -3   23   0  13   1   0   1   2   0   8   0   1   0   0   0   0  41  11   0   0   0  0.69 0.38
    3 L    -2   1   1  -4  -2  -2  -3  -3  -2   2   3  -2   1   0  -3  -2   0  -3   0   2    1   9   7   0   1   1   0   1   1  13  33   1   3   4   0   2   6   0   2  15  0.29 0.21
    4 L    -2  -2  -1  -5  -3  -3  -4  -5  -2   1   4  -2   2   0  -2  -2  -1  -4  -2   1    3   2   4   0   0   0   0   0   1   7  56   3   5   2   1   2   4   0   1   8  0.58 0.33
    5 S     1   1   1   2  -4   3   1  -1  -1  -4  -4   1  -3  -4  -3   2   0  -4  -2  -3   13   8   6  11   0  18   8   4   1   0   1   9   0   0   0  14   5   0   1   0  0.35 0.24
    6 D    -3   4   2   3  -5   1   2  -2   2  -5  -5   3  -4  -5   0   0  -2  -5  -2  -5    0  22  11  14   0   4  11   3   5   0   0  19   0   0   4   6   0   0   1   0  0.55 0.32
    7 L    -4  -3  -5  -6  -5  -5  -5  -6   1   1   3  -5   1   3  -6  -3  -4  -2   7  -2    0   1   0   0   0   0   0   0   3   9  27   0   3   9   0   2   0   0  44   2  1.23 0.54
    8 I    -2  -1  -2  -3  -3  -1  -3  -4  -3   2   3  -1   6  -1   0  -2  -2  -3   0   1    2   2   2   1   0   2   1   0   0  11  29   5  23   2   4   3   1   0   3   7  0.46 0.29
    9 N     0   1   4   0   0   1  -1  -2   1  -4  -4   1  -3  -4  -3   3  -1  -4   1  -4    6   6  27   4   2   7   3   2   3   0   1  10   0   0   0  22   3   0   5   0  0.47 0.30
   10 L    -4  -5  -2  -2  -4   0  -3  -6  -5   0   5  -5   4  -1  -5  -3  -4  -4   0  -2    1   0   2   2   0   6   1   0   0   4  66   0  10   2   0   2   0   0   4   0  1.06 0.53
   11 N    -1   0   3   3  -4   0   0   0  -1  -2  -3   1   0  -3   2   1  -2  -4  -4  -3    6   5  16  20   0   4   5   8   1   3   1   9   3   1   9   9   0   0   0   1  0.35 0.24
   12 L    -2  -2  -3  -2   0   1  -3  -1  -2   1   4  -1   1  -1  -3  -2  -2  -3   0   0    2   2   1   3   2   6   1   5   1   8  46   4   3   2   1   3   2   0   3   4  0.38 0.25
   13 S    -1   0  -2  -1  -3  -2   2  -2   0  -4  -2   0  -3  -2   5   1   0  -4  -3  -3    4   4   2   3   1   1  14   2   2   1   5   6   0   2  33  13   7   0   0   1  0.61 0.33
   14 D    -2  -2   2   3  -3   4   1  -2  -3  -1  -1   0  -2  -2   3  -1  -2  -4  -2  -2    2   1   8  15   0  20   8   2   0   3   7   6   1   2  13   5   1   0   1   2  0.37 0.28
   15 T    -1  -2   1   0   0   3   0  -2   0  -3  -1  -1  -1  -2   4   1   2  -4  -1  -2    3   1   6   5   2  14   4   2   3   1   6   2   1   2  20   9  13   0   2   3  0.33 0.26
   16 T     0   0   0   1   0   0   0   1   0  -1  -1   1  -1  -2   0   1   2   0  -2  -1    6   6   3   7   2   3   5  13   3   3   6   9   1   2   4   8  15   1   0   4  0.09 0.10
   17 E    -1  -1   2   3  -1   0   2   2  -1  -2  -4   1  -3  -4   1  -1   1  -5  -3  -4    5   3   9  20   2   4  11  16   2   2   1   8   0   1   6   4   8   0   0   0  0.33 0.24
   18 K    -1   2   0  -2  -2   1  -1  -3  -1  -3  -3   5  -1   0  -1  -1  -1  -5  -1  -1    6  11   4   1   1   5   2   1   2   1   3  44   1   4   2   3   3   0   2   5  0.61 0.40
   19 V    -3  -5  -5  -6   4  -5  -5  -3  -6   5  -2  -1  -1   0  -3  -2  -1  -5  -2   4    1   0   0   0   9   0   0   3   0  35   1   5   1   3   1   4   2   0   1  34  0.93 0.49
   20 I    -3   0  -1  -4  -1   4  -3  -4  -2   3   2  -1   3  -1  -1  -3  -2  -2  -1   1    0   4   3   0   1  22   0   0   0  18  21   4   7   3   3   1   2   0   2   9  0.44 0.34
   21 A     4  -2  -5  -5   2  -2  -4  -3  -5  -1   1  -2  -3  -1  -4  -1  -2  -5  -1   3   42   2   0   0   5   2   0   1   0   3  14   2   0   3   0   4   1   0   2  20  0.62 0.42
   22 E    -2  -1  -3   1  -2  -1   5  -3  -2  -3  -2  -1   2  -5  -4  -2   3  -6  -5  -2    3   3   1   6   1   2  45   2   1   1   3   2   6   0   0   1  19   0   0   3  0.82 0.52
   23 Y    -3  -6  -6  -7  -6  -6  -6  -7   1  -5  -3  -6  -5   2  -7  -3  -6  -3   9   0    2   0   0   0   0   0   0   0   3   0   3   0   0   7   0   2   0   0  76   6  2.53 0.99
   24 I    -2  -5  -2  -6   0  -2  -5  -6  -6   6   0  -3   0  -2  -6  -5  -2  -6  -4   5    2   0   2   0   2   2   0   0   0  43   6   1   2   2   0   0   2   0   0  34  1.15 0.56
   25 W    -7  -7  -7  -8  -7  -7  -4  -7   0  -3  -4  -7  -6   3  -8  -5  -2  12   2  -5    0   0   0   0   0   0   1   0   2   2   2   0   0   9   0   1   3  71   7   1  3.44 1.23
   26 I    -2  -2  -6  -6  -2  -4  -5  -6  -6   6   2  -1  -1  -2  -4  -3  -2  -5  -4   2    3   2   0   0   1   1   0   0   0  44  22   5   1   1   1   1   2   0   0  15  0.94 0.50
   27 G    -2  -5   3   7  -6  -4  -1   2   0  -6  -7  -3  -2  -6  -5  -1  -5  -7  -6  -6    3   0  11  58   0   0   4  14   3   0   0   1   1   0   0   4   0   0   0   0  1.46 0.71
   28 G     0  -4  -2  -3  -5  -1  -2   6   1  -3  -2  -3  -3  -2  -2   0   0  -2  -2  -4    8   1   2   1   0   3   2  54   3   2   4   1   1   2   2   5   5   1   2   1  0.87 0.51
   29 S    -1  -3   1   2   2  -1  -1  -2   1  -1  -3  -1  -4  -2  -1   3   4  -5   1  -3    4   1   6  10   4   2   4   2   4   4   1   2   0   1   2  21  26   0   4   1  0.41 0.36
   30 G    -3  -1   2   0  -2  -1  -1   5  -2  -3  -3  -1  -2  -5  -3  -2   0   2  -2  -5    1   4   9   4   1   3   4  50   1   2   2   4   1   0   1   2   6   3   2   0  0.81 0.48
   31 L    -1   0  -1  -1  -1   1   3  -3   0   0  -2   0   2   0   2  -1   0  -1  -1  -1    5   5   2   2   2   5  25   1   2   6   3   5   6   4  10   4   6   1   2   4  0.22 0.20
   32 D    -2  -2   4   4  -1   1  -1   1   2  -3  -4  -2  -2  -3  -3  -1   0   1  -2  -2    2   2  24  22   2   7   2  12   4   1   1   1   1   1   1   3   7   2   1   2  0.49 0.33
   33 L    -3  -4  -4  -4  -1  -1  -4  -3  -4   1   4  -2   3   1  -2  -4  -2  -3   0   1    1   0   0   0   1   3   1   3   0   8  49   3   8   5   2   1   2   0   3  10  0.61 0.36
   34 R    -4   7  -4  -5   3  -1  -1  -3   1  -1  -3   0  -1  -5  -5  -2  -4   3  -2  -3    0  62   0   0   5   2   3   2   4   4   3   3   2   0   0   2   0   4   1   2  1.36 0.69
   35 S     0   0   0  -2   4  -2  -3  -1  -4  -3  -4  -3   0  -3  -2   5   0  -1   0  -4    5   4   3   2   9   1   1   4   0   1   1   0   2   1   2  51   4   1   3   0  0.80 0.57
   36 K    -3   1  -4  -4  -6   0  -1  -5   1  -5  -3   7   0  -5  -1  -4  -4  -6  -1  -1    2   6   0   0   0   3   3   0   4   0   2  66   2   0   3   0   0   0   2   4  1.37 0.73
   37 A     0  -1  -1   0   1  -2  -2  -2  -1  -2  -1  -1  -1  -4  -2   1   5  -5   0   0    8   3   2   5   3   2   2   2   2   2   6   3   2   0   2  10  39   0   3   6  0.45 0.41
   38 R    -2   5  -1  -4   0   0  -1  -3   0   0  -2   3   2  -1  -4  -1  -1   1  -1  -2    2  32   2   0   2   4   2   2   2   5   4  18   6   3   0   5   4   2   2   2  0.47 0.38
   39 T    -1  -1   0  -3   1   0  -3  -1  -3   2  -1  -1   1   0   0   0   3  -3   0   2    4   4   5   0   3   4   0   5   0  11   3   3   3   3   4   4  20   0   3  19  0.18 0.23
   40 L     0  -1  -2  -1   1   0  -1  -3   1   1   1   0   1   1  -3   0   0   2   0   1    9   3   0   5   3   3   3   0   4   7  19   5   4   7   0   6   4   3   4  10  0.07 0.11
   41 P    -2  -3   2   5  -1  -1   2  -2   1  -3  -4   0  -2  -4   2   1  -1  -6  -1  -4    2   1  10  29   2   2  11   2   3   1   2   5   1   1  10  11   3   0   2   1  0.57 0.43
   42 G    -1  -1   1   1   1  -1   1   0   0  -2  -2   1  -1   3  -1   1   0  -3   0  -2    4   3   6   7   3   2   8   9   2   2   4  11   1  14   2  11   5   0   3   2  0.13 0.16
   43 P    -1  -1  -1   1   0  -1   2  -2   0   0  -2   1  -1   0   3   0  -1   1  -1   0    3   3   3   6   2   2  18   2   2   5   4   8   1   4  13   7   4   2   2   8  0.17 0.19
   44 V    -2  -2  -1  -1   1  -4  -1  -2  -4   0  -2   0  -1   0   6  -2  -1  -5  -2   2    3   2   3   4   3   0   3   3   0   5   3   6   2   4  39   3   3   0   2  13  0.70 0.47
   45 K     0   0   0  -1   0   0   0   0   1  -1  -2   3  -2  -1   0   1   1   0   0  -1    5   3   3   3   2   4   6   7   4   3   4  22   0   2   4  10   7   2   3   3  0.12 0.18
   46 N    -1   0   1   2   1   0   0  -1   1  -1  -1   0   0  -2  -3   1   1  -3   0  -1    4   3   6  13   4   5   4   4   5   5   6   7   3   0   0  15   9   0   5   3  0.11 0.15
   47 P     0  -2   0   0  -2  -1   0   0   2   0   0   0   1   1   1   0   0  -2   1   0    6   0   6   6   0   0   6   6   6   6   6   6   6   6   6   6   6   0   6   6  0.04 0.09
   48 S     0   1   1   1  -3   1   0   0   2  -2  -1   0   1  -2  -2   0   0  -2   1   0    7   7   7   7   0   7   7   7   6   0   7   7   6   0   0   7   7   0   6   7  0.07 0.11
   49 E     0   1   1   1   2   1   0   0   2   0  -2   0   1  -3  -2   0   0  -3  -2   0    7   7   7   7   6   7   7   7   6   7   1   7   6   0   0   7   7   0   0   7  0.09 0.12
   50 L     0  -2  -2   0   2  -2   0   0  -2   0   0   0   1   1   1  -1   0   4   1   0    7   0   0   7   6   0   7   7   0   7   7   7   6   6   7   0   7   6   6   7  0.09 0.14
   51 P     0   0   1   0   2   1   0   0   2   0  -1   0  -1  -3   1   0   0  -3  -2   0    6   6   6   6   6   6   6   6   6   6   6   6   0   0   6   6   6   0   0   6  0.07 0.08
   52 K    -1   1  -1  -1  -2   0   2  -2  -2   2   0   1   1  -2  -1   0  -1   1  -3   1    3   7   3   2   0   4  15   2   1  15   9  11   4   1   3   6   3   2   0  11  0.14 0.19
   53 W    -4  -2  -7  -8   0  -1  -7  -5  -7   1  -1  -3   3  -3  -7  -5  -4  12  -2  -3    2   3   0   0   2   4   0   1   0   7   7   2   7   1   0   1   1  59   1   2  2.63 1.18
   54 N    -1  -2   4   1  -4  -2  -1   0   1  -1  -1  -2   0  -3  -2   1   2  -4   1  -2    4   1  24   8   0   1   3   7   3   4   5   2   2   0   2  10  14   0   6   2  0.33 0.30
   55 Y    -4  -5  -1  -6   1  -5  -5  -3   2   0  -2  -2  -1   7  -3  -5  -2   1   5  -1    1   0   3   0   3   0   0   2   4   5   4   3   1  43   2   1   3   2  16   5  1.21 0.63
   56 D    -2  -5   0   6   3  -1   0   0  -1  -5  -3  -3  -1  -3  -2  -3  -1  -6  -1  -4    3   0   5  50   6   3   6   6   1   0   3   2   2   1   2   2   4   0   2   1  1.01 0.61
   57 G     0  -3  -2  -3   0  -1  -2   6  -5  -5  -4  -4  -5  -1  -1   0  -1   4  -1  -4    8   1   1   1   2   3   3  54   0   0   2   0   0   2   3   6   4   5   2   1  0.99 0.58
   58 S    -1  -1   0  -4  -1  -1  -4  -3  -1  -3  -3  -1  -1  -1  -3   6   0  -5   1  -3    5   3   4   0   1   3   0   2   1   1   3   3   2   3   2  55   4   0   5   2  0.93 0.66
   59 S    -1  -2  -1  -1  -5   0  -2  -1   1  -2  -4  -3  -5  -1  -2   6  -1  -6  -3  -2    5   2   3   3   0   4   3   5   3   2   2   2   0   2   2  54   3   0   1   3  0.94 0.64
   60 T    -1  -2  -2  -2   2  -3  -5  -3  -1   3  -3  -3   0  -2  -3   0   5  -6   0   1    4   2   2   2   4   1   0   2   2  18   2   2   2   2   2   6  36   0   3   8  0.69 0.49
   61 G    -1  -1   1   0  -1  -2  -1   4   0  -2  -3  -1   0   1   0  -2  -3   2   3  -3    5   4   8   5   1   2   4  27   2   3   3   4   2   5   6   3   2   3   8   2  0.37 0.27
   62 Q    -1  -1  -2  -2   0   6   0  -1   0  -2  -2  -2   0   3  -2  -4  -2   3   1  -2    5   4   2   2   2  33   5   5   2   2   5   2   2  12   2   1   2   3   4   3  0.61 0.50
   63 A     3  -2  -1  -1   0  -1  -1  -1  -1  -1  -2  -2   0   0   0   1   0   2  -1   1   29   2   2   4   2   3   4   4   2   2   3   3   3   5   5  10   5   3   2   9  0.21 0.24
   64 P     0   0   0   0   2   0   0   0   1   0  -1   0  -1   0   1   0   0  -2   1   0    6   6   5   6   5   5   6   6   5   6   6   6   0   5   6   6   6   0   5   6  0.03 0.06
   65 G    -1  -1   0   0   1  -1   0   3   1   0  -2  -1   0  -1  -1  -1   0  -4   0  -1    5   3   5   6   3   3   6  25   3   7   3   4   3   3   3   4   5   0   3   5  0.14 0.16
   66 Q    -1   0   0   2  -1  -1   1  -1   1   0  -2   0  -1  -1   1   1  -1  -4   0  -1    4   6   4  11   1   2  11   5   4   7   4   4   1   2   6  14   3   0   4   4  0.07 0.15
   67 D     0  -1   2   4   0  -1   0  -2   1  -2  -2  -1   0   1   0   0  -1  -4   0  -1    6   4  10  22   2   2   6   3   3   2   4   4   3   7   5   6   3   0   3   3  0.18 0.23
   68 S    -1  -1   0   0   1   0   0  -2   1  -1   0  -1   4   0  -1   1   0  -3   0  -1    4   3   4   6   3   3   7   3   4   4  10   4  12   4   3  12   4   0   3   5  0.07 0.16
   69 E     0   0   0   0  -3   1   0   0   2   0  -1   0   1  -2   0   0   0   3   1   0    6   6   5   6   0   5   6   6   5   6   6   6   5   0   6   6   6   5   5   6  0.07 0.10
   70 V    -2   0  -1  -1   4   0  -1  -2   1   2   0  -2   3   1  -6  -1   0  -6   0   2    4   5   3   4   7   4   4   3   3  11   8   3   8   5   0   5   6   0   3  11  0.21 0.17
   71 I    -1   0   0   0   2   0   0  -1   2   0  -1   0   2   1   0  -1   0   4   1  -1    5   5   5   5   5   5   5   5   5   5   5   5   5   5   5   5   5   5   5   5  0.09 0.08
   72 I    -2  -1  -7  -1   3  -7  -1  -7  -7   1   4  -7   3   1   0  -7  -1   3   1  -1    4   4   0   4   5   0   4   0   0   6  35   0   6   5   5   0   5   4   5   4  0.63 0.38
   73 Y     0   0   0   0   2   0   0  -1   1   0  -1   0   1   0   0   0   0  -2   1   0    5   5   5   5   5   5   5   5   5   5   5   5   5   5   5   5   5   0   5   5  0.03 0.05
   74 P     0   0   0   0  -2   1   0   0   2   0  -1   0  -1   0   1   0   0  -2   1   0    6   6   6   6   0   6   6   6   6   6   6   6   0   6   6   6   6   0   6   6  0.04 0.06
   75 Q    -1   0   0   0   1   1   0  -1   2   0  -1   0  -1   0  -3   1   1  -3   0   2    4   4   3   5   4   8   5   4   6   3   5   5   0   3   0  11   8   0   3  18  0.08 0.15
   76 A     2   1   0  -5   1  -1  -2  -2   1  -1   0   0   1   1   1  -1   1  -6   1  -2   16   8   4   0   3   3   3   3   3   3   8   5   3   6   6   4   8   0   4   3  0.11 0.17
   77 I    -1   0   0   0   2   0  -1  -1   2   0  -1   0   2   0   0  -1   0   3   1  -1    5   5   5   5   5   5   5   5   5   5   5   5   5   5   5   5   5   5   5   5  0.03 0.09
   78 F    -1   0  -2   0   2   0   0  -1   1   0  -1   0   1   0   0   0   0   3   1   0    5   5   0   5   5   5   5   5   5   5   5   5   5   5   5   5   5   5   5   5  0.02 0.11
   79 K    -2   1  -1  -2   0  -2   0  -3   0   2   0   1   1   0   3  -1  -1   3   0  -1    4   9   3   3   2   2   6   3   3  11   8   8   3   5  13   5   4   4   3   5  0.17 0.15
   80 D    -1   0   0   0   2   0   0  -1   2   0  -1   0   2   1   0  -1   0   4   1  -1    5   5   5   5   5   5   5   5   5   5   5   5   5   5   5   5   5   5   5   5  0.09 0.08
   81 P     0   0  -2   0   2   0   0  -1   2   0  -1   0  -2   1   0   0   0   3   1   0    6   6   0   6   5   5   6   6   5   6   6   6   0   5   6   6   6   5   5   6  0.06 0.10
   82 F    -1   0   0   0  -3   0   0  -1   2   0  -1   0   1   0   0   0   0   3   1   0    5   5   5   5   0   5   5   5   5   5   5   5   5   5   5   5   5   5   5   5  0.06 0.08
   83 R    -1   0   0   0   2   0   0  -1   2   0  -1   0   2   1   0  -1   0   4   1  -1    5   5   5   5   5   5   5   5   5   5   5   5   5   5   5   5   5   5   5   5  0.09 0.08
   84 R    -1   1   0   0   1   0   0   1   1   0   0   0   1  -1   0  -1  -1   2   0  -1    4   8   4   5   3   3   7  12   4   5   9   7   3   3   5   4   4   2   3   3  0.05 0.05
   85 G     0   0   0   0   2   0   0   0   1   0  -1   0  -1   0   1   0   0  -2   1   0    6   6   5   6   5   5   6   6   5   6   6   6   0   5   6   6   6   0   5   6  0.03 0.06
   86 N    -1   1   3   1   0   1   0   0   0  -2  -2   0   0  -4   3   1  -1  -4  -4  -2    3   8  14   8   2   5   5   7   2   3   3   6   3   0  15   9   4   0   0   3  0.24 0.25
   87 N    -1  -1   3   0   2   0  -1   0   3  -1  -2   0  -3  -1   0   0   0  -4   0   0    5   4  19   4   4   3   3   6   9   3   4   4   0   3   5   7   7   0   3   7  0.19 0.21
   88 I    -1   0  -2   0   2   0   0  -1   2   0  -1   0   1   0   0   0   0   3   1   0    5   5   0   5   5   5   5   5   5   5   5   5   5   5   5   5   5   5   5   5  0.06 0.10
   89 L    -2   1  -1  -1   1   0  -2  -2   0   1   2  -2   1   0  -1  -1   0   5   0  -1    4   8   3   4   3   4   3   4   3   8  19   3   4   4   3   5   6   7   3   4  0.19 0.13
   90 V     0  -2  -2  -2   2  -1   0   0   2   0   0  -2   1   1   1   0   0  -2   1   0    7   0   0   0   7   0   7   7   7   7   7   0   7   7   7   7   7   0   7   7  0.08 0.13
   91 I    -2   0  -2  -3   2   1  -2  -3   2   0   0  -2   2   1   1   0   0   4   2   0    0   7   0   0   6   7   0   0   6   7   7   0   6   6   7   7   7   6   6   7  0.12 0.19
   92 C     1   0  -1  -5  10  -5  -5  -1   0  -4  -1  -5  -4  -1  -5  -2  -1  -5  -1  -1   10   5   3   0  52   0   0   4   2   0   6   0   0   2   0   3   4   0   2   4  1.53 0.68
   93 D    -2   0   0   4   1   1   4  -2  -1  -4  -3  -1   0  -4  -3   1  -1   0  -2  -3    3   4   3  27   3   5  26   2   2   0   2   2   3   0   0   9   4   2   2   2  0.54 0.36
   94 A     0   0   0   0   2  -1   0   0  -2   0   0   0   1   0   1   0   0  -2   1   0    6   6   6   6   6   0   6   6   0   6   6   6   6   6   6   6   6   0   6   6  0.03 0.07
   95 Y    -1  -1  -1  -4   1  -1   0  -1   1   0   0  -1   1   1   0   0  -1   3   5   0    4   3   3   0   3   3   6   4   3   5  11   3   3   4   4   6   3   5  19   6  0.22 0.22
   96 T    -1   0   0   0   2   0   0  -1   2   0  -1   0   2   1   0  -1   0   4   1  -1    5   5   5   5   5   5   5   5   5   5   5   5   5   5   5   5   5   5   5   5  0.09 0.08
   97 P    -1   0   0  -1   1   0  -2  -1   2  -1  -2  -1   0  -1   5   0  -1   3   2  -2    6   6   4   3   3   4   3   5   5   3   4   3   3   3  23   6   4   4   6   3  0.36 0.30
   98 A     0   0   0   0   2   0   0  -1   2   0  -1   0  -2   0   0   0   0   3   1  -1    5   5   5   5   5   5   5   5   5   5   5   5   0   5   5   5   5   5   5   5  0.06 0.08
   99 G    -1   1   2   0   0   1  -1   3   1  -4  -2   1   1  -1  -1  -1  -1   2   0  -2    3   6  10   5   3   6   4  23   3   0   3   7   4   3   3   4   3   3   3   3  0.22 0.23
  100 E     0   0   0   0   1   1   1  -1   1  -1  -1   2   0  -2   0   0   1  -3   0   0    6   5   4   4   3   6   7   4   3   3   4  14   3   0   3   8   9   0   4   7  0.08 0.11
  101 P     0   0   1   0  -3   1   0  -2   2   0   0  -1   1   1   1   0   0  -2   1   0    6   6   6   6   0   6   6   0   6   6   6   0   6   6   6   6   6   0   6   6  0.06 0.11
  102 I    -1   0   0   0   2   0   0  -3   2   0  -1   0   1   1   0   0   0   3   1   0    5   5   5   5   5   5   5   0   5   5   5   5   5   5   5   5   5   5   5   5  0.08 0.12
  103 P     0   0   0   0   2   0   0  -1   1   0  -1   0   1   0   0   0   0  -2   1   0    5   5   5   5   5   5   5   5   5   5   5   5   5   5   5   5   5   0   5   5  0.03 0.05
  104 T     0  -1   1  -1   1  -1  -2   0   1  -1  -2  -1   0   0  -1   1   3   2   0  -2    6   4   6   3   3   3   3   7   3   3   4   4   3   4   4  12  17   3   4   3  0.13 0.17
  105 N    -2   1   6   2   1   0  -1  -1   0  -1  -2  -1  -1  -4   0  -1  -1  -5   0  -4    4   7  38   9   4   4   3   4   2   4   4   2   2   0   5   4   2   0   3   0  0.56 0.40
  106 K    -1   1   0   0   1  -1  -1  -1   1  -1  -1   0   0   0   3   0   0  -3   1  -1    5  10   5   5   3   2   3   5   5   4   6   5   2   4  15   8   5   0   6   3  0.13 0.13
  107 R     0   1   1  -2   2   1  -1   0   2  -2  -1   0  -1  -2   1   0   0  -2   1   0    7   7   7   0   7   7   0   7   7   0   7   7   0   0   7   7   7   0   7   7  0.09 0.12
  108 H    -1   0   0   0   2   0   0  -1   2   0  -1   0   2   1   0  -1   0   4   1  -1    5   5   5   5   5   5   5   5   5   5   5   5   5   5   5   5   5   5   5   5  0.09 0.08
  109 N    -1   0   0   0   2   0   0  -1   2   0  -1   0   2   1   0  -1   0   4   1  -1    5   5   5   5   5   5   5   5   5   5   5   5   5   5   5   5   5   5   5   5  0.09 0.08
  110 A     2  -1  -4  -2   7  -2  -2  -2   0   0   1  -2   0  -1   0  -1  -1  -5  -1  -1   18   3   0   2  22   2   2   3   3   5  15   3   2   2   5   4   4   0   2   3  0.49 0.38
  111 A     1   1   1  -1   1   0   0  -1  -2  -1  -1   2   0  -1   0   0  -1  -4  -1  -1   16   7   7   3   3   4   7   3   0   4   7  15   3   3   4   5   3   0   3   4  0.09 0.14
  112 K    -1   2   0   0   4   1   1  -1   0  -1  -1   2   0  -1   0  -1  -1   2  -3  -3    5  12   4   5   9   5  11   4   2   3   5  16   3   3   4   3   3   3   0   0  0.20 0.23
  113 I     1  -1   0  -1   1   0   0  -1  -2   1   0   0   1   0  -3   0   1  -3   0   1   12   4   5   4   3   4   5   3   0  10  10   5   4   4   0   4   9   0   3  13  0.05 0.10
  114 F    -1   0   0   0   2   0   0  -3   2   0  -1   0   1   1  -3   0   0   3   1   0    5   5   5   5   5   5   5   0   5   5   5   5   5   5   0   5   5   5   5   5  0.05 0.14
  115 S     0   0   1   0   0   0   1  -1   0   0  -1   0   0  -2   0   0   0  -3   0   0    9   5   8   6   3   5  10   3   3   5   5   5   3   0   3   7   5   0   3   6  0.02 0.08
  116 N    -1   0   0   0   2   0  -1  -1   2   0  -1   0   2   0   0  -1   0   3   1  -1    5   5   5   5   5   5   5   5   5   5   5   5   5   5   5   5   5   5   5   5  0.03 0.09
  117 P     1   0  -1   0   2  -1   1  -2   2   0  -1   0   0   0   2  -1  -1  -5   1  -1   11   5   3   5   4   3   9   4   5   5   6   5   3   3  10   5   3   0   5   5  0.10 0.10
  118 D     0   0   0   0   2   0   0   0   1   0  -1   0   1  -2   0   0   0  -3   1   0    5   5   5   5   5   5   5   5   5   5   5   5   5   0   5   5   5   0   5   5  0.01 0.08
  119 V     1  -1  -1   0   1   0   0  -1   0   0  -1   0   0   0  -1   0   0  -3   1   1   12   3   3   6   3   3   5   4   3   5   4   6   3   3   3   4   4   0   6  15  0.01 0.10
  120 V     0   0   0   0   2   0   0   0   1   0  -1   0   1  -2   0   0   0  -3   1   0    5   5   5   5   5   5   5   5   5   5   5   5   5   0   5   5   5   0   5   5  0.01 0.08
  121 A     0  -1   1   3   1  -1   0   2   1  -2  -3  -1  -5  -1  -1   0   0  -6   0  -1    7   3   7  15   3   3   7  12   4   3   3   4   0   3   3   8   5   0   3   4  0.16 0.18
  122 E    -1   0   0   0   2   0  -1  -1   2   0  -1   0   2   0   0  -1   0   3   1  -1    5   5   5   5   5   5   5   5   5   5   5   5   5   5   5   5   5   5   5   5  0.03 0.09
  123 E    -1   0   0   1   1   1   2  -1   1  -1  -2   0  -2   0   0   0   0  -3   0  -1    4   4   5  10   4   6  17   5   4   4   4   6   0   4   4   5   5   0   3   5  0.11 0.13
  124 P     0   0   0  -3   2  -2  -2   0   2   0   0  -2   1   1   1   0   0   4   1   0    6   6   6   0   6   0   0   6   6   6   6   0   6   6   6   6   6   6   6   6  0.11 0.15
  125 W    -1   0   0   0   2   0   0  -1   2   0  -1   0   1   0  -3   0   0   3   1   0    5   5   5   5   5   5   5   5   5   5   5   5   5   5   0   5   5   5   5   5  0.06 0.10
  126 Y    -1  -4  -4   0   2  -3  -1  -2   1   1  -1  -1   1   4  -4  -1   1   3   1   2    6   0   0   5   4   0   4   4   3   8   5   3   3  18   0   5   9   5   5  13  0.27 0.24
  127 G     1   0   0   0   0  -1  -1   5   0  -2  -4  -1  -4  -1  -4   0  -1  -4  -4  -2   14   5   5   5   2   3   3  40   2   3   1   3   0   3   0   5   4   0   0   4  0.49 0.34
  128 I    -1  -3   1  -2   3  -1  -3  -4   0   2   0  -3   2   3   2  -1  -1  -3   0   1    4   0   7   2   7   3   0   0   2  14   8   0   6  13  11   5   3   0   3  10  0.24 0.24
  129 E    -2  -1  -1  -1   0   0   6  -2   1  -1  -5  -1  -4  -2  -1   0  -2  -5  -1  -4    3   4   2   2   2   3  55   2   3   3   1   3   0   2   3   6   2   0   2   0  0.89 0.60
  130 Q     0   0   0   0   2   0   0  -1   1   0  -1   0   1   0   0   0   0  -2   1   0    5   5   5   5   5   5   5   5   5   5   5   5   5   5   5   5   5   0   5   5  -0.00 0.06
  131 E     0  -1  -2   1   1   1   5  -1  -2  -1  -3   0  -3  -4   0  -1  -1  -4  -1  -3    7   3   0   8   3   4  43   4   0   5   1   5   0   0   4   4   3   0   2   0  0.43 0.36
  132 Y    -3  -3  -1  -4   2  -1  -1  -2   1  -2  -1  -3   1   3  -4  -1  -3   2   7   0    1   0   3   0   4   3   4   3   3   0   4   0   4  10   0   4   0   3  45   8  0.82 0.47
  133 T     0  -2   0  -2   2   0  -2   0   2   0   0   0   1   1   1   0   0  -2   1   0    6   0   6   0   6   6   0   6   6   6   6   6   6   6   6   6   6   0   6   6  0.02 0.13
  134 L     0  -2   0  -2   2  -2   0  -3   2   0   0   0   1   1   1   0   0   4   1   0    6   0   6   0   6   0   6   0   6   6   6   6   6   6   6   6   6   6   6   6  0.07 0.16
  135 L     0   0  -1  -1   0  -1   0  -1  -2   0   1  -1   1   3  -3   0   0   2   1   0    7   4   3   3   3   3   6   4   0   7  12   3   4  15   0   6   4   3   4   5  0.04 0.12
  136 Q     0   0   0   0   2   0   0   0   1   0  -1   0  -1   0   0   0   0  -2   1   0    5   5   5   5   5   5   5   5   5   5   5   5   0   5   5   5   5   0   5   5  0.00 0.06
  137 K    -1   1   3   0   1   0  -1  -2   1   0  -2   2   1  -1   0  -1   0   2   0  -2    5   7  11   4   3   4   4   4   3   5   4  11   3   3   4   4   7   3   3   3  0.08 0.13
  138 E    -1  -2   2   5   0   0   1   0   0  -2  -3  -1  -1  -2  -1   0  -1  -5  -1  -2    4   2   8  30   2   3   7   7   2   3   2   4   2   2   3   8   4   0   2   3  0.38 0.32
  139 V    -1   0   0   1   2  -1   0   0   1  -1  -2   0   1  -1  -1  -1   2   1   1   0    5   5   4   9   4   3   6   8   3   4   4   5   3   3   3   5  13   2   4   6  0.06 0.09
  140 N    -2  -1   3   0   1   0   0   2   2  -2  -3   1   1  -1  -1   0  -1   2  -1  -2    3   4  11   6   2   5   5  17   5   3   3   8   3   3   3   6   4   3   3   3  0.20 0.17
  141 W    -1   0   0   0   2   0   0  -1   2   0  -1   0   2   1   0  -1   0   4   1  -1    5   5   5   5   5   5   5   5   5   5   5   5   5   5   5   5   5   5   5   5  0.09 0.08
  142 P    -1   0   0   0   2   0  -1  -1   2   0  -1   0   2   0   0  -1   0   3   1  -1    5   5   5   5   5   5   5   5   5   5   5   5   5   5   5   5   5   5   5   5  0.03 0.09
  143 V    -2  -5  -1  -2  -1   0  -2   1  -1   2   1  -3  -1   2   0  -1  -2   3   3   0    4   0   3   2   1   4   3  12   2  12  13   2   1   9   5   4   3   3   8   8  0.23 0.18
  144 G    -1   0  -1   0   0   0   1   2   0  -2  -1  -1   0   0   1   0   0   4  -1  -2    5   4   3   5   2   4   9  17   2   3   6   4   2   4   8   6   5   6   2   3  0.17 0.16
  145 W    -2   0   0   0   1   0  -2  -1   1  -1  -2   0   1   1   3  -1  -1   5   1  -1    4   6   4   6   3   4   3   5   3   4   5   5   4   6  13   5   4   8   5   4  0.24 0.20
  146 P    -1   0   1   1   1   0   0  -2   2   0  -2   0   1  -1   3   0  -1   2   0  -2    5   4   5   8   3   4   7   4   4   5   4   6   3   3  15   7   4   2   3   3  0.16 0.16
  147 V    -1   0  -1   1   2   0   0   0   0  -1  -1   0   0   0   2   0  -1   1   1  -1    6   4   2   9   5   4   6   8   3   4   7   5   3   4  10   6   4   2   4   5  0.07 0.08
  148 G    -1   0   1   1  -1   0  -1   3   2  -1  -3  -1   0  -1   0   0   0   2  -1  -2    5   5   8   7   2   5   5  19   4   4   3   4   2   3   5   6   6   3   2   3  0.17 0.15
  149 G    -1   0   0   0   1  -1  -1   2   3  -2  -1  -1   0   1   1  -1  -1   1   1  -1    5   5   5   6   3   3   5  16   7   2   5   3   3   5   6   5   4   2   5   5  0.14 0.12
  150 F    -1  -1   0  -1   1   0   0  -1   1  -1  -1   0   0   1   1   0  -1   2   2   0    4   4   4   4   3   4   6   5   3   4   6   5   3   6   8   7   4   2   8   7  0.04 0.08
  151 P     0   0   0   0  -2   0   0   0   1   0  -1   0   1   0   0   0   0  -2   1   0    5   5   5   5   0   5   5   5   5   5   5   5   5   5   5   5   5   0   5   5  0.00 0.06
  152 G    -1   0   0   1   1  -1   0   1   1  -1  -2  -1   1   1   1  -1   0   1   1  -1    5   6   5   7   3   3   5  11   4   3   4   4   3   6   7   4   5   2   6   4  0.04 0.08
  153 P    -1   0   0   1   1   0  -1  -1   1  -1  -2   0   1   0   3   0   0   2   1  -2    5   4   5   7   2   4   4   5   4   4   5   5   3   5  15   6   5   3   5   3  0.12 0.15
  154 Q     0   0   0   0   2   0   0  -1   1   0  -1   0   1   0   0   0   0  -2   1   0    5   5   5   5   5   5   5   5   5   5   5   5   5   5   5   5   5   0   5   5  0.03 0.05
  155 G    -1   0   0   1   2   0   0   2   1  -1  -1   0   1   0   0  -1  -1   2   1  -1    5   5   5   7   5   5   5  14   4   3   5   5   3   4   5   5   4   3   5   5  0.08 0.08
  156 P    -1  -1   0   0   1   0   0   0   1  -1  -1   0   1   1   2  -1   1  -5   1  -2    6   4   5   5   3   3   6   7   4   4   7   5   3   6  12   5   8   0   4   3  0.10 0.10
  157 Y    -1  -1   0  -1   3  -1  -2  -1   2  -1  -1  -1   0   1  -1   0  -2   2   5  -2    6   3   4   3   5   3   3   5   5   3   6   4   3   5   4   7   3   2  20   3  0.33 0.27
  158 Y    -2  -1  -1   0   1   0   0  -2   4  -1  -2  -2   2   2  -1  -2  -1   4   4  -2    4   4   3   6   3   5   6   4   7   4   5   3   4   9   4   4   4   4  13   3  0.29 0.22
  159 C    -1   0   0   0   2   0   0  -1   2   0  -1   0   2   1   0  -1   0   4   1  -1    5   5   5   5   5   5   5   5   5   5   5   5   5   5   5   5   5   5   5   5  0.09 0.08
  160 G     0   0   0   0   2   0   0  -1  -2   0  -1   0   1   0   0   0   0   3   1   0    5   5   5   5   5   5   5   5   0   5   5   5   5   5   5   5   5   5   5   5  0.05 0.08
  161 V     0  -1   0   1   1   0   0   1   0   0  -1  -1   0   0   0   0   0   1  -1   0    9   4   3   9   3   3   4  10   2   5   5   2   3   3   5   8   6   2   2   9  0.02 0.05
  162 G     0  -1   0   0   2   0   0   2   1   0  -1   0   0  -1   2   0   0  -3   1   0    5   3   3   5   4   3   5  17   4   6   5   5   2   2   9   5   5   0   5   6  0.09 0.11
  163 A     0   0   0   0   2  -1   0   0   1   0  -1   0   1   0   0   0   0  -2   1   0    6   6   5   6   5   0   6   6   5   6   6   6   5   5   6   6   6   0   5   6  0.03 0.07
  164 D    -1   0   1   2   1   0   0   1   1  -1  -1   0   0  -1   0   0   0  -3   0  -1    5   6   7  12   3   4   4  13   4   5   5   4   3   3   5   6   4   0   4   4  0.06 0.08
  165 K    -1   0   0   0   2   0   0  -1   2   0  -1   0   2   1   0  -1   0   4   1  -1    5   5   5   5   5   5   5   5   5   5   5   5   5   5   5   5   5   5   5   5  0.09 0.08
  166 A     1   0   2   1   1  -1  -1  -1  -1   1  -1  -2   0  -1  -1  -1  -1  -5  -2   2   14   5   9   7   3   3   5   5   2   7   6   2   2   3   4   4   4   0   2  13  0.12 0.11
  167 F    -2  -1  -1  -1   1   0   1  -2   2   1  -1   0   2   2  -1  -2   0   2   2   0    3   3   3   4   3   5   9   3   4   8   7   5   5   8   3   3   5   2   7   7  0.09 0.11
  168 G     0   0  -1  -1   2  -1  -1   4   1  -1  -2  -2   1   0  -1  -2  -1   2   0  -1    7   4   3   4   4   4   4  29   3   3   4   3   4   5   3   3   4   3   3   4  0.32 0.24
  169 R     0   0   0   0   2   0   0  -1   1   0  -1   0   1   0   0   0   0   3  -2   0    5   5   5   5   5   5   5   5   5   5   5   5   5   5   5   5   5   5   0   5  0.05 0.09
  170 D     0   0   1   0  -3   1   0   0   2   0  -1   0   1  -2   1   0   0  -2   1   0    6   6   6   6   0   6   6   6   6   6   6   6   6   0   6   6   6   0   6   6  0.05 0.08
  171 I    -1  -2  -2  -1   1  -1  -1  -2   0   4   1  -3   2   2  -4  -1  -1  -3   0   2    5   2   2   4   3   2   3   2   2  26  12   0   5   8   0   3   3   0   4  13  0.25 0.23
  172 V     0   0   0   0   2   0   0  -1   1   0  -1   0   1   0   0   0   0  -2   1   0    5   5   5   5   5   5   5   5   5   5   5   5   5   5   5   5   5   0   5   5  0.03 0.05
  173 D     0   0   1   0  -2   1   0   0   2   0   0   0   1  -2  -2   0   0  -2   1   0    6   6   6   6   0   6   6   6   6   6   6   6   6   0   0   6   6   0   6   6  0.05 0.09
  174 A     2   0   0   1   1   0   2  -1   0  -1  -1   0   0  -1  -1   1   0  -4   0  -1   17   4   3   7   3   4  15   3   3   3   4   4   3   3   3   8   5   0   3   4  0.11 0.15
  175 H    -1  -1  -3  -4   1  -1  -1  -1   6   2   0  -1   1   1  -1  -1   0  -4   0  -1    6   3   0   0   3   3   5   6  21  12  10   3   4   5   3   4   5   0   3   3  0.34 0.29
  176 Y    -1   0   0   0   2   0   0  -1   1   0  -1   0   1   0  -3   0   0   3   1   0    5   5   5   5   5   5   5   5   5   5   5   5   5   5   0   5   5   5   5   5  0.03 0.10
  177 K    -2   2   1   0   1   0   0  -2   1  -2   0   3   0   0  -1  -2  -1   2   1   0    3  10   6   5   2   5   6   3   3   3   9  15   3   3   3   3   3   3   5   6  0.13 0.14
  178 A    -1   0   0   0   2   0   0  -1   2   0  -1   0   1   0  -3   0   0   3   1   0    5   5   5   5   5   5   5   5   5   5   5   5   5   5   0   5   5   5   5   5  0.06 0.10
  179 C    -1  -4  -4  -5   7  -4  -5  -1  -4   0   2  -1   4   1  -5  -1  -1   3   1  -3    5   0   0   0  25   0   0   5   0   4  21   4  11   5   0   6   4   4   4   0  0.74 0.41
  180 V     0   0   0   0  -3   1   0   0   2   0  -1   0   1   1  -3   0   0   3   1   0    6   6   5   6   0   5   6   6   5   6   6   6   5   5   0   6   6   5   5   6  0.06 0.10
  181 Y     0   0   0   1   1   1   1  -1   1  -1  -2   1   0   0  -1   0  -1   2   4  -3    8   5   3   7   4   5   8   4   3   3   4   8   3   3   3   8   3   3  15   0  0.15 0.19
  182 A     3  -2   0   0   0   0  -1  -1  -2  -1   0  -2   1   0  -2   0   0  -3   0   0   30   0   5   5   2   5   3   3   0   3   7   0   5   4   0   5   3   0   3   5  0.08 0.17
  183 G    -1   0   1   0  -3   0  -1   4   1  -3  -2  -1  -3  -4   1   0  -1  -4  -3  -2    4   5   8   4   0   4   4  41   4   0   4   4   0   0   8   4   4   0   0   4  0.41 0.24
  184 I    -2  -3  -3  -3   1  -3  -1  -4  -3   4   1  -3   1   1   1  -1   0  -3   1   2    0   0   0   0   4   0   5   0   0  29  14   0   4   6   8   4   4   0   5  12  0.25 0.22
  185 N    -1   0   0   0   2   0   0  -1   2   0  -1   0   2   1   0  -1   0   4   1  -1    5   5   5   5   5   5   5   5   5   5   5   5   5   5   5   5   5   5   5   5  0.09 0.08
  186 I    -2  -7  -7  -7   2  -7  -1  -2   2   5   0  -7   2   1   0  -2   0  -7   1   2    4   0   0   0   4   0   4   4   4  30   9   0   4   5   5   4   5   0   5  13  0.71 0.34
  187 S    -1  -1   0   0   2   0   3  -1   1  -1  -2   1  -3   0  -1   0   0   2   1  -2    5   3   3   4   4   4  21   4   3   3   3   9   0   4   3   7   5   3   4   3  0.15 0.20
  188 G    -1   0   0  -1   1  -3  -1   3   1  -1  -2   0   1  -1  -4   1   0  -4   1  -1    5   5   3   3   3   0   3  28   4   3   3   6   3   3   0  10   6   0   5   4  0.25 0.24
  189 I    -1  -1  -1  -1   1  -1  -1  -2   2   2   0  -1   0   1  -1   1   1   3   1   0    5   3   2   3   3   3   3   3   6  12   9   3   3   5   3   9  11   4   4   4  0.10 0.14
  190 N    -2  -1   4   0   1   1  -1  -4   3   0  -2  -1   2  -1  -1  -1   1   2   1  -1    3   3  23   4   3   6   3   0   7   5   3   4   5   3   3   5   9   3   5   4  0.30 0.29
  191 G     2   0  -1  -3   1   0  -1   0   4  -1  -2  -1  -3   0   1   0   0   2   0  -1   18   5   3   0   3   4   4   7  12   3   4   4   0   4   7   7   5   3   3   5  0.18 0.21
  192 E    -1   0   0  -1   2   0   5  -1   3  -1  -5   0  -4  -1   0  -1  -3   2  -4  -1    4   5   3   3   4   2  37   5   7   3   0   5   0   2   4   5   0   3   0   5  0.52 0.42
  193 V     0  -2  -1   0   2   0  -2   0   0   0  -2  -1   1  -1   0   0  -1   2  -1   3    7   3   3   5   4   4   3   8   3   4   3   4   4   3   4   9   4   3   3  19  0.14 0.12
  194 M     0   0   0   0   2   0   0   0   1   0  -1   0   1   0   1   0   0  -3  -1   0    6   6   5   6   5   5   6   6   5   6   6   6   5   5   6   6   6   0   0   6  0.03 0.07
  195 P     0  -1   0   0   1   0  -1  -1   1   0   0   0   0   0   4  -1  -1  -4   0  -1    6   3   5   4   3   3   3   4   3   5   8   6   3   4  23   4   4   0   3   3  0.25 0.22
  196 G     0  -1   0  -1   1   0  -2   4   0  -2  -2  -2   0  -2   0   2  -2   1   0  -3    8   4   4   3   3   4   2  27   2   2   4   2   2   1   4  17   2   2   4   2  0.31 0.28
  197 Q     0   0   0  -2   2   0   0   0   2   0  -1   0   1   0   0   0   0   3  -2   0    6   6   5   0   5   5   6   6   5   6   6   6   5   5   6   6   6   5   0   6  0.07 0.12
  198 W     0   0   0  -2   2   0   0  -1   2   0  -1  -2   1   1   0   0   0   3   1   0    6   6   5   0   5   5   6   6   5   6   6   0   5   5   6   6   6   5   5   6  0.08 0.13
  199 E     0   0   1   1  -2   1   0   0  -1   0   0   0  -1   0  -2   0   0  -2  -1   0    7   7   7   7   0   7   7   7   0   7   7   7   0   6   0   7   7   0   0   7  0.01 0.07
  200 F     0   0  -2  -2  -3  -1   0   0   2   0   0   0   1   1   1   0   0   4   1   0    6   6   0   0   0   0   6   6   6   6   6   6   6   6   6   6   6   6   6   6  0.08 0.12
  201 Q    -1   0   1   1   1   3   0   0   1   0  -2   0  -2  -3   0   1   0  -3   0  -1    5   5   7   7   3  17   3   6   4   9   3   4   0   0   4  12   4   0   3   4  0.13 0.18
  202 V     0   0   0  -2   2   0  -2   0  -2   0   0   0   1   1   1   0   0   4   1   0    6   6   6   0   6   6   0   6   0   6   6   6   6   6   6   6   6   6   6   6  0.08 0.13
  203 G    -1   2  -1   0   1   0  -1   3   0   0  -2   0   0   0   0  -1  -1   4  -1  -2    6  10   3   4   3   3   5  18   3   6   3   5   3   5   6   5   3   5   3   3  0.17 0.13
  204 P    -1  -1  -1  -3   2   0  -1   0   3  -1  -2  -3   1   2   3  -1  -1  -3   3   0    4   4   2   0   4   4   5   7   6   2   3   0   4   8  18   5   4   0  12   6  0.29 0.28
  205 A     0   0   0   1   5   0  -1  -1   0  -1  -1   0   1  -2  -1   1   1  -4  -1   0    7   5   4   8  14   4   4   5   3   2   5   6   4   2   2   9   8   0   2   6  0.15 0.18
  206 V    -1   0   1   2   0   0   1   1   0  -1  -2  -1  -1  -2   2   0   0  -4  -1  -1    3   5   6  14   2   3  11  10   2   3   4   3   2   2   9   7   6   0   3   6  0.13 0.15
  207 G    -1   0   0   0   2   0   0  -1   1   0  -1   0   1   0   0   0   0   3  -2  -1    5   5   5   5   5   5   5   5   5   5   5   5   5   5   5   5   5   5   0   5  0.02 0.10
  208 I    -2  -1  -1  -1  -4  -1  -2  -3   1   4   2  -1   1   1  -2  -2   0  -4  -1   1    2   3   3   4   0   3   2   2   4  25  19   4   3   5   3   2   5   0   2  10  0.28 0.25
  209 S     0   1   1   1   1   2   2  -1   1  -2  -2   1  -1  -2  -1   0   1  -4  -1  -2    7   8   8   6   3   8  12   3   4   2   4  10   1   1   2   7   9   0   1   3  0.15 0.17
  210 A     0   0   0  -2   2   0   0   0  -2   0   0  -1   1   1   1   0   0  -2   1   0    6   6   6   0   6   6   6   6   0   6   6   0   6   6   6   6   6   0   6   6  0.04 0.10
  211 G     2  -1  -3  -3   1  -2   0   2  -3  -1  -1   0  -2   1   0   0  -1   4  -2  -1   23   4   0   0   4   0   5  20   0   5   6   5   0   6   3   5   3   7   0   3  0.25 0.25
  212 D    -1  -1   0   6  -4   0  -2  -2   0  -1  -1  -3  -4   0   0   0  -1  -4   1  -4    5   3   3  47   0   3   0   3   3   4   6   0   0   4   4   7   4   0   5   0  0.67 0.45
  213 E    -1   0   0   0   2   0   0  -1   1   0  -1   0   1   0  -3   0   0   3   1   0    5   5   5   5   5   5   5   5   5   5   5   5   5   5   0   5   5   5   5   5  0.03 0.10
  214 L    -1  -2  -2  -5   0  -2  -4  -3   3   3   2  -4   3   0  -2  -2   0   1  -1   1    4   2   2   0   2   2   0   2   8  14  24   0   9   4   2   3   5   2   2  11  0.35 0.29
  215 W    -2  -1  -2  -5   0   1  -2  -3   0   2   0  -2   4   1  -2  -2  -1   8   0   0    4   3   2   0   2   7   3   2   2  10   8   3  11   5   2   2   4  19   3   7  0.54 0.41
  216 V    -1   0   0  -2   2   0   0  -1   2   0  -1   0   1   1   0   0   0   3   1   0    5   5   5   0   5   5   5   5   5   5   5   5   5   5   5   5   5   5   5   5  0.07 0.11
  217 A     0   0  -2  -3   2  -2   0   0   2   0   0  -2   1   1   1   0   0   4   1   0    6   6   0   0   6   0   6   6   6   6   6   0   6   6   6   6   6   6   6   6  0.10 0.15
  218 R    -1   1   1   0   2   1   0   0   2  -2  -1   0   1  -2  -2   0   0  -2   1   0    0   7   7   7   6   7   7   7   6   0   7   7   6   0   0   7   7   0   6   7  0.08 0.13
  219 Y    -2  -1   1  -3   3   0  -2  -2   3  -1  -1  -2   0   4  -1   0  -1   2   4  -1    2   4   8   0   7   5   2   2   7   2   4   2   3  17   2   6   4   3  15   5  0.30 0.26
  220 I     0  -2   1   0   2  -1  -2   0  -2   0   0   0   1   1  -2   0   0  -2   1   0    7   0   7   7   7   0   0   7   0   7   7   7   7   7   0   7   7   0   7   7  0.05 0.10
  221 L     0   0  -2  -2   3   1   0  -2  -2   0   0  -1   2   1   1   0   0  -2  -1   0    8   8   0   0   7   7   8   1   0   8   8   0   7   7   8   8   8   0   0   8  0.09 0.12
  222 E    -1   0   0   0   2   0  -1  -1   2   0  -1   0   2   0   0  -1   0   3   1  -1    5   5   5   5   5   5   5   5   5   5   5   5   5   5   5   5   5   5   5   5  0.03 0.09
  223 R    -1   5   1  -1  -1   0   1  -2   0  -1  -1   0  -1  -2  -2   0   0  -4  -1   0    4  31   6   2   2   3   8   2   2   3   5   5   2   2   2   6   5   0   3   7  0.33 0.30
  224 I    -1  -2  -3  -2   0  -1  -1  -2  -4   4   1  -4   1   0  -4  -1   0   1  -3   3    3   2   1   3   2   2   4   3   0  28  10   0   3   3   0   4   6   2   0  23  0.43 0.33
  225 T     4  -1  -1  -1   2  -2  -1  -1  -3  -1  -1  -1   0   0  -1   0   0  -3   0  -1   38   4   3   3   5   0   3   4   0   3   5   3   3   5   3   5   4   0   3   4  0.25 0.27
  226 E    -1   1   0   1  -4   1   4  -3   1   0  -1   1   0  -3   0  -1  -1  -4   0  -1    4   6   3   6   0   4  31   0   3   7   6   6   3   0   5   4   3   0   3   3  0.28 0.27
  227 V     0   0   0   0   2   0   0  -1   1   0  -1   0   1   0   0   0   0   3  -2   0    5   5   5   5   5   5   5   5   5   5   5   5   5   5   5   5   5   5   0   5  0.05 0.09
  228 A     0  -1   1  -2   1  -1  -1  -2   5  -2  -1  -1   1   4  -2  -2  -2   2   2  -2    9   4   6   3   3   3   4   3  10   3   6   3   3  15   3   4   3   3   7   3  0.30 0.23
  229 G    -2  -2   1   1   0  -2  -2   5   0  -2  -3  -2  -1  -1  -2  -2  -2  -6  -1  -2    3   2   7   7   2   2   3  47   2   3   2   2   2   3   2   3   2   0   2   3  0.73 0.50
  230 V    -1  -3  -5  -2   2  -2  -5  -2  -5   2   1  -2   1  -1  -2  -1  -2   2   1   4    6   1   0   2   4   2   0   3   0  10  15   3   4   2   2   5   2   3   5  29  0.42 0.34
  231 V    -1   0  -2   0   0  -1  -2  -2   2   2  -2   0  -1  -1  -1   0   0   2   2   2    4   4   2   5   3   2   2   4   5  13   2   7   1   2   3   6   6   2   8  15  0.11 0.18
  232 L     0  -3  -1  -1   2  -1  -1  -2   0   2   0  -1   0  -1  -1  -1  -1   3  -2   2    9   0   3   3   5   3   3   3   3  14   9   3   3   3   3   3   3   5   0  18  0.11 0.19
  233 S     0   0   0   0   2   0   0   0   1   0  -1   0   1   0   0   0   0  -3  -1   0    5   5   5   5   5   5   5   5   5   5   5   5   5   5   5   5   5   0   0   5  0.00 0.07
  234 F    -4  -4  -4  -5  -4  -4  -4  -1   1   0   1  -4   2   5  -1  -1   0   5   2  -1    0   0   0   0   0   0   0   5   4   5  15   0   4  28   4   4   5   8   7   5  0.61 0.39
  235 D    -1  -1   0   3   1   0   0  -1   4  -1  -2  -1   1   2  -3  -1  -1  -4   0  -1    6   3   5  21   3   3   6   3  14   3   3   4   4   8   0   3   3   0   3   3  0.27 0.23
  236 P     0  -4   0  -2   1  -1  -4  -1   0  -4  -2  -2   1  -1   6  -1  -1   2   0  -2    9   0   5   2   3   2   0   4   2   0   3   2   4   3  43   4   4   3   3   3  0.84 0.48
  237 K    -1   0   0   0  -3   0   0  -1   1   0  -1   0   1   0   0   0   0   3   1  -1    5   5   5   5   0   5   5   5   5   5   5   5   5   5   5   5   5   5   5   5  0.02 0.09
  238 P     0  -1  -3   0   1   1   0  -1   0  -1   0  -1   1  -1   5  -1  -1  -4   0  -1    6   4   0   6   3   6   5   6   3   4   8   4   3   3  25   4   3   0   3   3  0.32 0.28
  239 I     0   0   0   0   2   0   0  -1   1   0  -1   0   1   0   0   0   0  -2   1   0    5   5   5   5   5   5   5   5   5   5   5   5   5   5   5   5   5   0   5   5  0.03 0.05
  240 K    -1  -1  -1   0  -3   1   0   0   2  -1  -1   0   0   0   2  -1  -1   3   1  -1    5   3   3   6   0   6   6   8   5   3   4   7   3   5  12   5   3   4   4   6  0.11 0.14
  241 G    -1   0   0   0  -4   0  -1   3   2  -2  -2   0  -1  -4   0  -1   0   1  -1  -1    5   5   5   6   0   4   4  28   5   3   3   6   2   0   5   4   7   2   2   4  0.25 0.25
  242 D     0   0   0   0   2   0   0  -1   1   0  -1   0   1   0   0   0   0  -2   1   0    5   5   5   5   5   5   5   5   5   5   5   5   5   5   5   5   5   0   5   5  -0.00 0.06
  243 W    -1  -1   0   0   2   1  -2   0   2   1  -2  -1   1   1   0  -1  -1   7   0  -2    6   3   4   5   4   5   3   8   4   7   4   4   3   6   5   5   4  13   4   3  0.32 0.22
  244 N    -1  -1   5  -2   1  -2  -2   1   0  -2  -2  -2   0   1   1   1  -3   4  -1  -3    5   4  24   3   2   2   3  11   2   3   4   2   2   5   7   9   2   5   2   2  0.46 0.35
  245 G    -3  -2  -1  -2   1  -7  -2   6  -8  -2  -1  -2   1  -2  -2   1  -1  -8  -8  -3    3   3   3   2   3   0   4  48   0   2   6   3   3   2   3   9   4   0   0   2  0.95 0.56
  246 A     1  -1   0   0   2  -1  -1   1  -5  -1  -2  -2   1  -1  -2   3   1  -6  -5  -1   12   4   4   5   3   2   3  10   0   3   4   2   4   3   2  26   8   0   0   5  0.28 0.29
  247 G     0   0   0   0   3  -2   0   3   3  -3  -1  -1   1  -3  -3   0  -1   2   1  -1    5   5   3   5   8   0   5  23   9   0   6   4   4   0   0   5   4   3   5   5  0.21 0.22
  248 A     0   0   0   0   2   0  -2   0   2   0   0  -1   1   1   1   0   0  -2   1   0    6   6   6   6   6   6   0   6   6   6   6   0   6   6   6   6   6   0   6   6  0.04 0.11
  249 H     0   0   0   0   2   0   0  -1   1   0  -1   0   1   0   0   0   0  -2   1   0    5   5   5   5   5   5   5   5   5   5   5   5   5   5   5   5   5   0   5   5  0.03 0.05
  250 T     0   0   0  -2   1   0  -1  -3   2   0   0   0   1   0  -1   0   2  -3   1   1    5   4   4   0   4   4   3   0   7   6   7   4   6   3   3   7  17   0   5  10  0.10 0.16
  251 N     0   0   0   0   2   1  -2   0   2  -2  -1   0   1   1   1   0   0   4   1  -2    6   6   6   6   6   6   0   6   6   0   6   6   6   6   6   6   6   6   6   0  0.11 0.16
  252 Y    -1  -1  -1  -1   0   0  -1  -1   1   1   1  -1   1   1  -3   0   0  -2   2   0    4   3   3   3   3   5   3   4   4   8  16   3   3   7   0   8   7   0   9   4  0.04 0.11
  253 S    -1  -1   2  -2   2   0   0   0  -3  -1  -1  -1   1   2   0   2   0   2  -2  -1    5   4  10   0   4   3   5   6   0   3   5   3   3   9   4  22   7   3   0   5  0.15 0.23
  254 T     0   0   0   0  -3  -2  -1  -1   0   0   1   0   0  -1   0   0   2  -3   1   0    6   5   5   4   0   0   3   5   3   4  12   5   3   2   3   5  20   0   6   8  0.07 0.15
  255 K    -1   0   1   2  -4   0   0  -2   0  -1  -1   3  -1   1  -2   0  -1   4   0  -2    5   3   6  11   0   3   6   3   2   4   5  21   2   7   2   7   3   6   3   3  0.22 0.23
  256 T     0   1   0   1   0   0   0  -1   1  -1  -1   1  -2   0   0   0   0   1   0  -1    8   6   5   9   3   5   6   5   3   5   4  10   0   4   5   7   4   3   3   3  0.06 0.08
  257 M     0   0   0   0   2   0   0  -1   1   0  -1   0   1   0   0   0   0  -2   1   0    5   5   5   5   5   5   5   5   5   5   5   5   5   5   5   5   5   0   5   5  0.03 0.05
  258 R    -1   2   1   2   1   0   1   1   1  -3  -2   1   0  -1  -3  -1   0   2  -3  -2    6  13   6  10   3   4   9   9   3   0   4   9   3   3   0   4   4   3   0   3  0.14 0.19
  259 N     0   0   2   0   0   0   3   1   0  -3  -3   1  -1  -4   0   0   1  -5  -2  -2    6   5  10   5   2   2  20  10   2   2   2   9   1   0   4   6   7   0   1   3  0.23 0.26
  260 D    -1   0   2   1   1   0   1   0   1  -1  -2   1   0  -1   2   0   0  -4   0  -1    4   4  13   8   3   3   9   6   3   4   4   7   3   3   9   5   5   0   3   3  0.12 0.14
  261 G    -1  -1   1   1   1   0   0   3   0  -1  -2  -1   0   1  -1  -1  -1  -3   0  -2    4   4   8   7   3   3   5  24   3   3   3   4   3   7   3   4   4   0   4   3  0.14 0.19
  262 G    -1   0   0   0   2   0   0  -1   2   0  -1   0   2   1   0  -1   0   4   1  -1    5   5   5   5   5   5   5   5   5   5   5   5   5   5   5   5   5   5   5   5  0.09 0.08
  263 Y    -1   0   0   0   2   0   0  -1   2   0  -1   0   2   1   0  -1   0   4   1  -1    5   5   5   5   5   5   5   5   5   5   5   5   5   5   5   5   5   5   5   5  0.09 0.08
  264 E    -1   0   0   0   2   0  -1  -1   2   0  -1   0   2   0   0  -1   0   3   1  -1    5   5   5   5   5   5   5   5   5   5   5   5   5   5   5   5   5   5   5   5  0.03 0.09
  265 E     0  -1   0   1   0  -1   0  -2   3   0  -1  -1   0   0   0  -1   1   1   2   0    8   4   5   7   2   2   7   3   6   5   5   4   3   4   5   4   8   2   8   8  0.08 0.08
  266 I     0   0   0   0   2   0   0  -1   1   0  -1   0   1   0   0   0   0  -2   1   0    5   5   5   5   5   5   5   5   5   5   5   5   5   5   5   5   5   0   5   5  0.03 0.05
  267 K     0   0   0   1   0   0   2  -1   1  -1  -1   1   0   1   0  -1  -1  -3   1  -1    6   5   4   7   3   4  14   3   4   4   6   8   3   7   3   4   4   0   5   4  0.06 0.09
  268 S     0   0   0   0   2   0   0  -1   1   0  -1   0   1   0   0   0   0  -2   1   0    5   5   5   5   5   5   5   5   5   5   5   5   5   5   5   5   5   0   5   5  0.03 0.05
  269 A     2  -2   0   0   0  -1   0   0   2   0  -1  -1   1   0  -1  -1  -1  -3   1  -1   24   2   5   6   2   2   7   7   5   6   6   3   4   4   3   4   2   0   5   4  0.11 0.17
  270 I     0  -1  -3  -2   4  -1  -1  -1   0   4   1  -2   3   0  -2  -1  -1  -4   0   0    7   3   0   2   9   2   3   4   2  25  12   3   8   5   2   4   2   0   3   4  0.25 0.25
  271 Q     0   0   0   0   0   0   2  -1   1  -1  -1   0   0  -3   0   1   0   2   0  -1    8   4   4   5   2   4  13   4   4   4   7   7   3   0   3  13   5   3   3   3  0.06 0.13
  272 K    -1   1   1  -1   1   0   0   0   2  -1  -1   3   1  -3  -1   0  -1  -4   0  -1    5   7   7   4   3   4   4   7   6   3   7  21   3   0   3   5   3   0   3   4  0.15 0.19
  273 L     0   0   0  -1  -3   0  -1  -1   0   0   2  -1   2   1  -1  -1   0  -3   0   0    7   4   5   4   0   5   3   4   3   5  22   3   7   6   3   5   4   0   4   4  0.04 0.12
  274 G     0   0   0   0   2   0   0   0   1   0  -1   0   1   0   0   0   0  -3  -1   0    5   5   5   5   5   5   5   5   5   5   5   5   5   5   5   5   5   0   0   5  0.00 0.07
  275 K     1   0  -1  -1   1   0  -1  -1  -1  -2   0   4   0  -2  -1  -2  -2   0  -1  -1   10   5   3   4   3   4   4   4   2   3  11  24   3   2   4   4   2   2   2   5  0.26 0.22
  276 R    -2   3   1  -1   1  -1  -2  -1   5  -2  -2   2   0  -1  -1  -1   0   2   1  -1    4  12   6   4   3   3   3   4  11   3   4  11   3   3   3   5   6   3   5   4  0.26 0.20
  277 H    -1   0   0   0   2   0   0  -1   2   0  -1   0   2   1   0  -1   0   4   1  -1    5   5   5   5   5   5   5   5   5   5   5   5   5   5   5   5   5   5   5   5  0.09 0.08
  278 K     0   1   0   0  -1   0   0  -1   1   1   0   1   1  -1   1   0   0  -3  -1  -1    7   8   3   5   1   5   5   3   4  11   7  10   5   2   7   6   4   0   2   3  0.06 0.09
  279 E     1   0  -1   0   0   1   3   0   0  -2  -1   0   0  -2  -3   0   0   0   1  -1   11   5   2   4   2   7  23   7   2   2   5   5   3   2   0   5   5   2   5   4  0.17 0.20
  280 H     0  -1  -1  -1   0  -2  -2   0   7   0  -1  -2   2   1  -1  -1  -2  -4   2  -1    8   3   2   4   2   2   2   7  27   5   6   2   5   6   3   4   2   0   5   5  0.48 0.35
  281 I    -2  -5  -2  -1   0  -1  -3  -3  -5   5   2  -2   3  -4  -5  -2  -1  -5  -4   1    4   0   3   4   2   3   2   3   0  39  16   3   8   0   0   3   3   0   0   9  0.69 0.44
  282 A     2   1  -1  -2  -1   0  -1  -3  -1  -2   1   1   0  -2   0   0   1   0  -4  -1   21   8   2   1   1   3   5   1   2   2  16   8   2   1   5   8   8   1   0   3  0.17 0.22
  283 A    -1   0   0   0   2   0  -1  -1   2   0  -1   0   2   0   0  -1   0   3   1  -1    5   5   5   5   5   5   5   5   5   5   5   5   5   5   5   5   5   5   5   5  0.03 0.09
  284 Y    -2  -1  -1  -4   2   1  -1   0   3  -1  -1  -3   2   1   1   0  -1   2   4  -3    3   4   3   0   4   6   3   6   9   3   6   0   6   6   8   6   4   3  18   0  0.31 0.31
  285 G     0   0   1  -1   1   0   0   2   0  -1  -1  -1  -2  -1  -3   0   1   4   0  -1    6   4   8   3   3   4   5  20   3   3   5   3   0   3   0   6  10   6   3   5  0.15 0.17
  286 E    -1   0   0   0   2   0  -1  -1   2   0  -1   0   2   0   0  -1   0   3   1  -1    5   5   5   5   5   5   5   5   5   5   5   5   5   5   5   5   5   5   5   5  0.03 0.09
  287 G     0   0   1   0  -3   1   0   0   2   0  -2   0  -2   0   1   0   0  -2   1   0    6   6   6   6   0   6   6   6   6   6   1   6   0   6   6   6   6   0   6   6  0.07 0.09
  288 N     0   0   0   0   2  -1   0   0   2   0  -1   0   1  -2   1   0   0  -3   1   0    6   6   6   6   6   0   6   6   6   6   6   6   6   0   6   6   6   0   6   6  0.04 0.09
  289 E     0   0   1   0   1   0   1   0   1   0  -1   0   0  -1   0  -1   0  -3   1  -1    6   6   9   5   4   2  12   7   3   5   4   7   2   2   5   3   6   0   5   4  0.05 0.09
  290 R    -2   3   0  -1   0   0   1  -1   0  -2  -1   2   2  -4  -1   0   0   2  -2  -3    2  19   4   4   2   4   8   4   2   2   6  15   5   0   3   9   5   2   2   0  0.23 0.24
  291 R    -1   1   1   1   2  -1   0   0   2  -3  -3   0  -2   1   1   0   0  -2   1  -2    1   8   7   8   7   0   8   8   7   0   1   8   0   7   8   8   8   0   7   0  0.15 0.14
  292 L    -1   0   0  -3  -3  -2   0  -2   1   0   3  -1   1   0  -1  -1  -1   2   1   0    4   7   5   0   0   0   7   4   3   3  31   4   4   4   4   3   4   3   5   4  0.15 0.21
  293 T     0   0   0   0  -2   1   0   0   1   0  -1   0   1   0   1   0   0  -3  -1   0    6   6   5   6   0   5   6   6   5   6   6   6   5   5   6   6   6   0   0   6  0.01 0.07
  294 G    -1  -1  -1  -1   1  -1  -2   4  -1  -3  -1  -2  -4   0   2  -1  -1  -5  -1  -3    5   4   2   4   3   2   2  33   2   2   7   3   0   5  11   5   3   0   2   2  0.36 0.35
  295 R    -1   1   0  -1   1   0   0   2   1  -1  -1   1   1   1  -1  -1  -1  -4   1   0    5   8   4   3   3   5   5  13   3   3   5   7   3   6   3   4   4   0   5   6  0.03 0.08
  296 H    -1   0   0   0   2   0  -1  -1   2   0  -1   0   2   0   0  -1   0   3   1  -1    5   5   5   5   5   5   5   5   5   5   5   5   5   5   5   5   5   5   5   5  0.03 0.09
  297 E    -1  -1  -1   0   2   0   4   0   0  -6  -1  -2   1   1   0   0  -2   4   0  -2    4   4   3   5   4   4  22   7   3   0   6   3   4   5   5   6   3   5   4   3  0.29 0.26
  298 T     2  -1   0  -2   0  -2  -1  -2   1  -2  -2  -1   1   0  -1   1   4  -5  -1  -1   14   3   4   2   2   2   3   3   3   2   3   3   4   5   3   8  30   0   3   4  0.36 0.35
  299 A     1  -1  -1  -1   2   0  -1   0  -3  -1  -4  -3  -4   0   4   1  -1   2   0  -1   12   4   3   3   4   5   4   8   0   5   0   0   0   5  18  11   4   3   4   4  0.24 0.28
  300 D     0   0   0   0   2   0   0  -1   1   0  -1   0   1   0   0   0   0  -2   1   0    5   5   5   5   5   5   5   5   5   5   5   5   5   5   5   5   5   0   5   5  0.03 0.05
  301 I    -1  -1   0  -4  -4  -1  -1  -1   1   2  -1  -1   2   1   2  -1  -1   3   2  -1    4   3   6   0   0   3   3   5   4  16   5   4   6   5  11   4   3   4   9   4  0.16 0.23
  302 N    -1   0   0   0  -3   0   0  -1   1   0  -1   0   1   0   0   0   0   3   1  -1    5   5   5   5   0   5   5   5   5   5   5   5   5   5   5   5   5   5   5   5  0.02 0.09
  303 T    -1   0   2   1   0   1   0  -1   1  -1  -1   0   0   1  -1   0   1  -3   0  -1    4   3  13   7   2   6   7   3   4   4   5   7   2   6   3   5  12   0   3   4  0.09 0.12
  304 F    -1  -1   0  -4   2  -3  -2  -2   0   1  -1  -1   1   5  -1   0   0   2   1   0    4   3   4   0   5   0   3   3   3  10   6   4   4  24   4   6   5   3   4   6  0.29 0.27
  305 L    -1   0   0   0   2   0   0  -1   1   0  -1   0  -2   0   0   0   0   3   1  -1    5   5   5   5   5   5   5   5   5   5   5   5   0   5   5   5   5   5   5   5  0.02 0.09
  306 W     0   0  -2   0   2   1   0  -3   2   0  -1   0   1   1   0   0   0   3   1   0    6   6   0   6   5   5   6   0   5   6   6   6   5   5   6   6   6   5   5   6  0.09 0.14
  307 G     0   0   1   0   1   0   0   3   1  -1  -4  -1  -3  -4  -1   1   0   2  -3  -1    7   5   6   4   3   3   5  27   3   4   1   4   0   0   3  12   4   3   0   4  0.27 0.24
  308 V    -1   0   0   0   2   0   0  -1   2   0  -1   0   2   1   0  -1   0   4   1  -1    5   5   5   5   5   5   5   5   5   5   5   5   5   5   5   5   5   5   5   5  0.09 0.08
  309 A     3   0  -1   0   1  -1  -1   1   0  -2  -2   0   0  -2  -1   1   0   1  -4  -2   23   5   3   6   3   3   4  10   2   2   3   6   2   2   3  11   6   2   0   3  0.17 0.19
  310 N     0  -1   1   1  -3   1   0   0   2   0  -1   0  -1   1   1   0   0  -2   1  -2    7   0   7   7   0   7   7   7   6   7   7   7   0   6   7   7   7   0   6   0  0.07 0.10
  311 R     0   0   0   0   2   0   0  -1   2  -2  -1   0   1  -2   0   0   0   3   1  -1    5   5   5   5   5   5   5   5   5   0   5   5   5   0   5   5   5   5   5   5  0.05 0.14
  312 G     0  -1   0  -1   3   0  -1   3   1  -1  -2  -1   0  -1  -2   2   1  -4  -2  -3    6   3   4   4   6   4   4  21   4   4   3   3   2   2   2  16   9   0   1   0  0.21 0.23
  313 A     1  -1   0  -1   2   0  -2   0   1  -1   0  -1  -1   1   0   0   0   2   0   0   18   3   6   4   5   3   0   6   3   3  11   3   0   7   4   5   7   3   3   5  0.06 0.12
  314 S     0   0   0  -2   2   1   0   0   2   0   0   0   1   0   1   0   0  -3  -1   0    6   6   6   0   6   6   6   6   6   6   6   6   6   6   6   6   6   0   0   6  0.04 0.09
  315 I    -1  -1  -3  -4   1  -3  -3  -4   1   4   1  -1   1   1  -4  -1  -1  -3  -2   3    3   4   0   0   3   0   0   0   4  30  15   4   2   5   0   5   4   0   0  19  0.38 0.27
  316 R    -1   5   0  -3   3  -1   0  -1   1  -3  -2   0   0  -3   1  -1  -1  -4   0  -1    5  35   4   0   8   0   5   5   3   0   4   4   3   0   7   4   4   0   3   4  0.37 0.31
  317 V    -1   0  -2  -1   1  -2  -1  -1   0   2   0  -1   1   0  -3  -1   1  -3  -2   2    4   6   0   3   4   0   4   4   3  16   9   3   3   4   0   4  12   0   0  18  0.11 0.15
  318 G     0  -1  -1   0   3  -1   0   1   0  -1  -1  -2  -2   0   4  -1  -1  -3   0  -2    7   3   2   6   8   3   5  12   2   5   5   0   0   5  26   3   4   0   3   0  0.36 0.25
  319 R     0   5   0  -1   1  -2  -1  -2   2  -2  -2   1   0  -2  -2   0  -1   2   0  -3    7  24   4   4   3   2   4   3   5   3   5   7   3   2   3   8   3   3   3   2  0.34 0.27
  320 D    -1  -1   0   1   0   2   0  -1   3  -1  -2  -1   1   1  -1   1   1   2   2  -1    6   3   4   7   2   8   5   4   7   3   3   3   3   5   3  12   7   3   6   5  0.14 0.14
  321 T    -1  -2  -2  -2   2  -6  -2  -2   0  -1  -3  -2   0   0   0   0   3  -7  -1   4    6   3   2   2   3   0   3   4   2   4   3   3   2   4   5   7  16   0   2  28  0.47 0.33
  322 E     2  -1   1   0   0  -1   1   1   1  -2  -2   1   0   0  -1   0  -1   1  -1  -1   15   4   6   6   2   3  11   9   3   3   3   8   2   4   4   5   4   2   2   4  0.10 0.11
  323 K     0   0   0   0   2   0   0  -1   1   0  -1   0   1   0   0   0   0  -2   1   0    5   5   5   5   5   5   5   5   5   5   5   5   5   5   5   5   5   0   5   5  0.03 0.05
  324 A     0   0   1   2   0   1   2   1   0  -1  -2   1  -1  -4   1  -1  -1   1  -3  -2    8   4   8  12   2   5  12   9   3   5   3   8   2   0   6   3   3   2   0   2  0.14 0.18
  325 G    -1   0   0   0   2   0   0  -1   2   0  -1   0   1  -2   0   0   0   3   1   0    5   5   5   5   5   5   5   5   5   5   5   5   5   0   5   5   5   5   5   5  0.07 0.11
  326 K     0   2   0  -1   3   0  -1  -1   0  -1  -1   2   0  -1  -1   0   0  -4   0  -1    8  10   6   3   6   3   4   4   3   4   4  16   3   3   3   8   7   0   4   3  0.11 0.15
  327 G     0  -1   0  -2   1  -1  -2   4   0  -2  -2  -1   0  -2  -4  -1   1   1  -1  -1    7   4   4   2   3   2   2  36   2   2   5   4   3   2   0   4  10   2   2   4  0.39 0.31
  328 Y    -3   5  -1  -3   0  -2  -5  -6   1  -5  -3  -2  -5   1  -3  -3  -3   1   7  -5    2  33   3   2   2   2   0   1   3   0   3   2   0   5   2   2   2   2  33   0  1.26 0.66
  329 F    -2  -5  -6  -6   0  -5  -3  -3  -5   4   2  -5   2   5  -6  -1  -4   1   0   2    4   0   0   0   2   0   2   2   0  20  21   0   4  22   0   4   0   2   3  13  0.74 0.42
  330 E    -3  -2  -5  -1  -7  -1   7  -6  -5  -3  -4  -1  -5  -6  -5  -3  -3  -7  -6   0    2   2   0   2   0   2  73   0   0   2   2   4   0   0   0   2   2   0   0   7  1.66 0.85
  331 D    -2  -2   0   6  -2  -4  -1  -4  -2   0   0  -4  -1   2  -5  -2  -2  -5   2  -1    4   3   3  42   1   0   3   1   1   5  11   0   2   8   0   3   2   0   7   5  0.70 0.45
  332 R    -5   8  -5  -6   0  -1  -5  -4   1  -4  -2  -1  -5  -6  -4  -3  -5  -1  -2  -6    0  76   0   0   2   3   0   1   3   1   4   2   0   0   1   2   0   1   2   0  1.98 0.88
  333 R    -1   6   0  -4   4  -2  -3  -4   3  -3  -2  -2   1  -1  -2   0   0  -5  -2  -2    5  42   5   0  10   1   0   0   7   2   4   0   4   2   2   8   6   0   1   2  0.77 0.46
  334 P    -1  -6  -6  -5  -6  -5  -5  -2  -1  -3  -4  -5  -1  -7   8  -1  -2  -7  -6  -3    5   0   0   0   0   0   0   3   2   1   1   0   2   0  75   4   3   0   0   2  2.17 0.90
  335 A     3  -1  -1   5  -1  -3  -2   1   0  -4  -4  -3  -4  -2   1   2  -2  -5  -4  -2   24   3   2  31   1   0   0   9   2   0   2   0   0   1   6  14   2   0   0   3  0.57 0.40
  336 S     3  -4  -3  -4  -4  -4  -4   0  -4  -4  -4  -2  -4  -3   4   4  -2  -1  -5  -2   28   0   0   0   0   0   0   6   0   0   2   2   0   1  23  32   2   1   0   3  0.87 0.51
  337 N     0  -3   6   2  -1  -2  -2  -1   0  -4  -3  -1  -2  -3  -2   2   1  -5  -3  -3    7   0  38  12   1   1   1   3   2   1   2   3   1   1   1  17   7   0   1   2  0.69 0.43
  338 M     3  -2  -2  -3   8  -3  -5  -2  -5  -1  -2  -4   4  -2  -5   0  -1  -5  -2   0   22   2   2   1  32   1   0   3   0   3   2   1  13   2   0   6   4   0   1   5  0.97 0.51
  339 D    -3  -4   6   6  -1  -4  -1  -3  -4  -6  -6  -3  -6  -6  -5  -2  -4  -7  -3  -6    2   0  37  49   1   0   3   1   0   0   0   1   0   0   0   3   0   0   1   0  1.62 0.71
  340 P    -3  -6  -6  -5  -6  -5  -5  -4  -6  -4  -3  -5  -2  -7   9  -5  -4  -7  -6  -4    2   0   0   0   0   0   0   1   0   1   3   0   1   0  88   0   1   0   0   1  2.75 1.00
  341 Y    -5  -5  -5  -6  -2  -5  -5  -6   2  -5  -5  -5  -5   2  -6  -3  -5  -2   9  -3    0   0   0   0   1   0   0   0   3   0   0   0   0   5   0   3   0   0  82   2  2.67 0.94
  342 V     0   0  -3  -3  -2  -1  -2  -5  -2   1   4  -1   0  -1  -4  -1  -1  -4  -3   2    7   5   1   2   1   3   2   0   1   5  45   3   1   1   0   5   4   0   0  14  0.42 0.29
  343 V     3  -5  -5  -5   0  -3  -5  -3  -5   2  -1  -5  -1  -4  -5  -2  -1  -6  -3   5   26   0   0   0   2   1   0   2   0   9   3   0   1   0   0   2   3   0   1  51  0.93 0.50
  344 T     0  -4  -3  -4   2  -4  -3  -2  -4   1   0  -4   1   4  -4   0   5  -4  -1  -1    9   0   0   0   4   0   1   3   0   7   8   0   4  16   0   5  39   0   1   2  0.62 0.40
  345 S     4   2  -1  -1  -1  -1   1   0  -2  -4  -3   0   0  -3  -3   2   0  -4  -1  -3   35  10   2   3   1   1   9   5   0   0   1   4   3   1   1  16   4   0   2   1  0.38 0.30
  346 M     4   0  -2  -3  -1  -2  -3  -2  -2   1   1  -2   3  -3  -4   0  -1  -4   0   1   38   5   2   1   1   1   1   2   1   6  12   1   8   0   0   6   2   0   3  10  0.37 0.30
  347 I    -4  -3  -5  -4  -3  -5  -5  -6  -2   5   4  -5   5   0  -5  -3  -2  -5  -4   1    0   1   0   1   0   0   0   0   1  34  36   0  14   3   0   2   1   0   0   5  0.98 0.47
  348 A     1  -3  -4  -5   0  -3  -4  -4  -4   3   3  -4   2  -1  -2  -2  -1  -4  -2   3   14   1   0   0   1   0   0   0   0  19  26   0   5   2   2   3   4   0   0  21  0.48 0.29
  349 D     2   2   0   0   0   1   3  -2   3  -4  -4   2  -3  -5  -3   0  -2  -5  -2  -3   22  13   4   5   2   5  23   1   6   0   1  11   0   0   0   4   1   0   1   1  0.44 0.31
  350 T     3  -4  -2  -4   0  -4  -4  -4  -1  -4  -3  -2   0  -3  -2   1   6  -5  -4  -3   27   0   1   1   2   0   0   0   1   0   2   2   2   1   2   9  48   0   0   1  0.95 0.54
  351 T    -1  -4  -3  -3   5  -4  -4   3  -1   1  -2  -4  -3  -4  -4   0   3  -5  -4   2    5   0   0   1  14   0   0  23   2  10   3   0   0   0   0   7  23   0   0  13  0.59 0.37
  352 I    -4  -5  -6  -6   6  -5  -6  -6  -5   3   4  -5   2   0  -6  -4  -4  -4  -1   0    0   0   0   0  16   0   0   0   0  18  49   0   4   4   0   0   0   0   2   6  1.06 0.47
  353 L    -3  -4  -4  -5  -4  -2  -5  -4  -5   1   5  -4   1   1  -1  -2  -3  -4  -1  -1    1   0   1   0   0   1   0   1   0   4  76   0   2   6   3   3   1   0   1   0  0.95 0.41
  354 W    -3   1  -3   3  -4  -2   0  -3   1  -4  -2  -3   2  -2  -4   0  -3  10   1  -4    0   8   0  17   0   0   6   0   3   0   2   0   7   0   0  10   0  42   4   0  1.24 0.33
  355 K    -2   1  -1   1  -5   2   5  -3  -2  -4  -4   4   0  -4  -3  -1  -2  -4  -3  -4    0   3   1   4   0   8  42   0   0   0   0  38   3   0   0   0   1   0   0   0  0.79 0.26
  356 P    -2  -3  -3  -3  -4  -2  -2  -3  -3  -4  -4  -2  -4  -5   8  -2  -2  -5  -4  -3    0   0   0   0   0   0   0   0   0   0   0   0   0   0 100   0   0   0   0   0  2.42 0.21

                      K         Lambda
Standard Ungapped    0.1369     0.3157
Standard Gapped      0.0274     0.2670
PSI Ungapped         0.0897     0.3183
PSI Gapped           0.0274     0.2670
