
Last position-specific scoring matrix computed, weighted observed percentages rounded down, information per position, and relative weight of gapless real matches to pseudocounts
            A   R   N   D   C   Q   E   G   H   I   L   K   M   F   P   S   T   W   Y   V   A   R   N   D   C   Q   E   G   H   I   L   K   M   F   P   S   T   W   Y   V
    1 M    -4  -5  -5  -6  -4  -4  -5  -6  -5   0   0  -5  10   0  -6  -5  -4  -4  -4  -2    0   0   0   0   0   0   0   0   0   4   2   0  91   3   0   0   0   0   0   0  2.52 0.78
    2 T     4  -1  -2  -3  -3  -1  -3   0  -3  -3  -3  -2   0  -4   0   2   3  -5  -4  -2   47   3   0   0   0   3   0   5   0   0   0   0   2   0   4  18  18   0   0   0  0.64 0.37
    3 E    -1   1   2   3  -5  -1   5  -4  -2  -5  -4   0  -1   1  -3   0  -3  -4  -1  -4    5   9  10  17   0   0  40   0   0   0   0   3   2   7   0   5   0   0   2   0  0.66 0.37
    4 R    -3   6   0  -3  -5  -2  -2  -1   3  -1  -4   2  -4  -5  -1   1  -3  -5  -1  -4    0  52   5   0   0   0   0   5   8   4   0  10   0   0   2  12   0   0   2   0  0.93 0.48
    5 R    -3   5  -2  -1  -2   3  -2  -2   2   0  -2   0  -3  -4  -1  -1   1  -5  -4  -2    0  39   0   3   1  15   1   3   5   7   5   3   0   0   3   4  12   0   0   2  0.59 0.40
    6 V    -3  -2  -4  -5  -3  -4  -4  -4  -2   4   1  -4   4  -1  -5  -1  -1  -4  -2   4    0   2   0   0   0   0   0   1   1  21  13   0  14   2   0   6   2   0   1  36  0.73 0.42
    7 P    -2  -2  -5  -2  -6  -2  -4  -5   1  -5  -3  -1  -5  -3   8  -3  -4  -6  -5  -5    3   2   0   3   0   2   0   0   3   0   3   4   0   1  74   1   0   0   0   0  2.09 0.85
    8 F    -4  -2  -5  -5  -5  -2  -5  -5   3   0   1  -4   5   7  -1  -4  -4  -3   0   0    1   3   0   0   0   2   0   1   7   5  10   0  17  43   4   1   0   0   2   5  1.14 0.57
    9 S     1  -2  -1  -1  -4   1  -3  -2   2  -4  -2  -2  -1  -1   1   4   2   0  -3  -3   11   2   2   3   0   7   1   3   4   0   3   2   2   3   6  37  10   1   0   1  0.48 0.40
   10 L    -3  -2  -2  -5   0  -2  -5  -5  -4   0   3  -2   1   5  -1  -3  -2   4   3  -3    2   3   2   0   2   1   0   0   0   5  33   2   3  21   4   2   2   6  11   0  0.69 0.43
   11 L    -1   0  -1  -3   4  -1  -2  -2   1   1   2  -2   2   2  -1  -1  -1   0   1   0    3   6   3   1   9   3   1   3   4   8  19   1   5  10   4   4   2   1   5   6  0.16 0.16
   12 R    -3   7  -2  -1  -5  -1  -3  -2   3  -3  -3  -2   0  -2   1   0  -3  -5  -4  -5    1  54   1   3   0   3   1   3   8   1   3   0   3   2   6   6   2   0   0   1  1.10 0.63
   13 G    -1   3   1   4  -1  -1   0   0   1  -3  -3  -1  -1  -2  -1   0  -1   0   0  -3    4  18   5  22   2   2   5   9   3   2   2   3   2   1   3   9   3   1   4   1  0.33 0.28
   14 P     0  -1  -1  -1   0  -3  -3   0  -1  -1   0  -2   3  -1   4   1  -1   2  -1   0    7   3   3   4   2   0   1   7   2   2   8   2   8   3  25  12   2   3   2   6  0.35 0.28
   15 S     0  -1   0  -1  -1  -3  -2  -1   0  -2  -1  -2   0   2   2   3   1   4   0  -2    6   4   5   3   2   0   2   4   2   2   5   1   2   8   9  26   8   6   2   3  0.25 0.27
   16 W    -5   0  -1  -4  -6  -5  -6  -2  -5  -5  -1  -5   4   0  -3  -1  -5  11   3  -3    1   5   3   1   0   0   0   3   0   0   5   0   8   4   2   5   0  50   9   2  2.12 0.96
   17 D    -3   0   1   6   0  -3   1  -3  -1  -3  -3  -4  -5  -2  -3   0  -2  -1   1  -2    3   5   5  52   2   0   7   1   1   1   3   0   0   2   2   6   2   1   5   3  1.01 0.59
   18 P    -2  -3  -2  -1  -5  -4  -2  -3  -2  -2  -2  -3  -2  -2   7  -2  -2   3  -5  -2    3   1   2   4   0   0   3   2   1   2   5   2   1   2  57   4   3   4   0   3  1.40 0.76
   19 F    -4  -2  -3  -6  -2  -2  -4  -3  -1  -2   0  -6   1   7  -2  -2  -6   7   1  -3    2   2   2   0   1   2   1   3   1   2  10   0   3  41   3   3   0  16   4   2  1.35 0.71
   20 R    -5   5  -1   2  -1  -1  -1  -4   0  -3  -2  -2  -2   2   0   2  -3   0   0  -4    0  35   2  10   1   2   5   2   2   2   4   1   1   8   5  13   2   1   4   1  0.65 0.48
   21 D    -3  -1   2   6  -1  -4   1  -1   1  -5  -3  -1  -1  -2   0  -1  -2  -6   0  -5    3   4   9  39   1   0   8   4   3   0   4   5   2   2   4   5   2   0   3   1  0.75 0.48
   22 W    -3  -1  -6  -1   1  -2  -2  -2  -2  -1  -1  -6   1   3  -1  -2  -2  10   0  -2    3   4   0   3   2   2   3   3   1   4   6   0   3  10   4   4   3  38   3   3  1.43 0.77
   23 Y    -2  -1   0  -1   1   0  -2  -3   2  -2  -3  -3  -1   2   0   0  -2   9   4  -4    4   4   4   4   2   4   3   3   5   2   4   2   1   7   6   8   3  23  11   2  0.87 0.53
   24 P    -2   4   0   1   0   1  -1  -3   3  -2  -3  -1   0  -1   4  -2   0   1  -1  -5    4  19   4   8   2   6   4   2   6   2   3   3   3   3  18   3   5   2   2   0  0.42 0.37
   25 H    -2  -1  -1  -2   1   0  -2  -2   4  -2  -3  -2   0   1   5  -1  -1   2   0  -2    3   3   4   3   2   4   3   4   8   3   3   3   3   5  31   6   4   2   3   3  0.60 0.43
   26 S     0   0   0   0   2   0   0  -1   1   0  -1   0   1   0   0   0   0  -2   1   0    5   5   5   5   5   5   5   5   5   5   5   5   5   5   5   5   5   0   5   5  0.03 0.05
   27 R    -4   8  -3  -4  -1   1  -4  -4   1  -5  -4  -2  -2  -5  -3  -1  -5   0  -4  -4    2  65   1   1   1   5   1   2   3   1   2   3   1   0   2   6   1   1   1   1  1.73 0.82
   28 L    -4  -5  -7  -4  -6  -6  -3  -7  -7   4   5  -6   2   2  -2  -4  -6  -4  -3   0    2   1   0   1   0   0   2   0   0  23  48   0   4   7   2   2   0   0   1   6  1.18 0.57
   29 F    -4  -4  -6  -6  -5  -5  -6  -5  -2  -2   3  -5   4   7  -3  -4  -4   3   4  -1    1   1   0   1   0   0   1   1   1   2  23   1   9  37   2   2   1   3  11   4  1.30 0.62
   30 D    -5  -7   3   8  -5  -5   0  -2  -3  -5  -8  -5  -3  -5  -7  -2  -5  -8  -5  -7    1   0  12  66   0   0   6   3   1   1   0   1   1   1   0   4   1   0   1   0  2.01 0.92
   31 Q    -5   0  -3   0  -6   8  -1  -3   2  -6  -5  -3  -4  -7  -1  -2  -4  -6  -6  -6    1   5   1   6   0  64   4   2   4   0   2   1   1   0   4   3   1   0   0   1  1.91 0.93
   32 A     0   0   3   4   0  -1  -2  -3   7  -4  -5  -3  -1   2  -5  -1  -3  -6   0  -6    7   5  11  21   2   3   3   2  23   1   1   2   2   7   1   5   2   0   3   0  0.87 0.47
   33 F    -4  -5  -7  -7  -3  -4  -7  -5  -6  -2  -2  -7  -2   9  -7  -6  -4  -1  -1  -1    2   1   0   0   1   1   1   1   0   2   4   1   1  75   0   1   1   1   2   4  2.57 1.01
   34 G     0   0  -4  -4  -5  -5  -5   7  -3  -4  -4  -4  -5  -4  -4  -3  -3  -1  -5  -4    7   5   1   1   0   1   1  69   1   1   2   1   0   1   1   2   2   1   0   2  1.65 0.73
   35 L    -4  -1  -2  -4  -2  -2   0  -3   0  -1   4  -4   6  -1  -4  -1   0  -5  -4   0    1   4   2   1   1   2   8   3   2   4  34   1  17   3   1   4   6   0   1   5  0.67 0.38
   36 P     0  -2  -2  -1   0  -5  -2   4   0  -4  -4  -4  -4  -5   6  -1  -2  -2  -6  -2    8   2   2   3   2   1   3  26   2   1   2   1   1   1  32   5   2   1   0   3  0.90 0.52
   37 R    -3   2  -4  -4  -4  -4  -5  -5   1   1   4  -6   1   1   3  -3  -5  -3  -5   0    3  11   1   1   0   1   1   1   3   8  37   0   3   5  15   2   1   0   0   5  0.76 0.43
   38 L    -3  -1   0   0  -2  -3  -3  -5   1  -1   3  -3   2   4  -3   1   1  -2   0  -2    2   4   4   5   1   1   1   1   4   4  24   2   5  16   1   9   9   1   3   3  0.42 0.27
   39 P    -2   0  -2   3  -7  -6   0  -5  -1  -4   1  -4   2  -1   6  -1  -3  -7  -6  -3    4   5   3  14   0   0   5   1   2   1  15   1   5   2  34   4   2   0   0   2  0.85 0.50
   40 E    -3  -2  -1   5  -7   0   5  -3   1  -5  -4  -4  -6  -3  -5   0  -4  -1   0  -5    2   3   3  29   0   5  31   3   3   1   2   1   0   2   1   6   1   1   4   1  1.02 0.54
   41 E    -5   0   0   7  -7   0   2  -3  -1  -3  -4  -5  -5  -4   0  -1  -4   1  -4  -4    1   5   4  46   0   4  13   2   2   2   2   1   0   1   4   6   2   2   1   2  1.16 0.59
   42 W    -5  -3  -4  -4  -6  -3  -3  -3  -3   0   4  -6   2   4  -5  -4  -3   7   1  -1    1   2   1   2   0   2   2   3   1   6  35   1   4  13   1   2   2  15   4   5  1.05 0.48
   43 S    -1  -1   0   0  -3   0  -1  -1  -1   1   1  -2   1   3   0   0  -1   1   0  -1    4   4   4   5   1   5   4   4   1   7  15   2   3  13   6   9   4   2   3   5  0.13 0.09
   44 Q    -2   4   0   2  -3   2  -1  -2   2  -3  -2  -2  -1  -3   2   2  -1   1  -2  -2    4  17   5  10   1   7   4   3   5   2   4   3   2   2   9  13   4   2   2   3  0.32 0.21
   45 W    -1   2  -2   0  -3  -2  -1  -2   0  -3  -1  -2   0   1   2   1  -2   7   0  -1    6  10   3   5   1   2   4   4   2   2   6   3   3   6  12   9   2  12   3   5  0.38 0.21
   46 L    -1   0  -3  -1  -1  -3  -3  -3   0   0   3  -3   4   2   1  -2  -2   2  -1   0    6   5   1   4   1   1   2   3   2   4  29   2   9   7   7   3   3   3   2   7  0.39 0.19
   47 G     1  -1   0   0  -2  -2  -1   0  -1  -2  -2  -2   2   1   2   2   0   0  -2  -1   12   4   4   6   1   2   4   8   1   3   5   2   5   7  10  15   6   1   1   4  0.17 0.13
   48 G     0   0   0   1  -2  -1  -1   0   2  -2  -2  -2  -1   0   2   2   1  -1  -1  -1    7   6   5   9   1   2   4   8   5   2   4   2   1   4  10  17   7   1   2   4  0.19 0.16
   49 S    -1   1  -2   0   0  -2  -3  -3   0  -1  -1  -3   1   0   2   3   1   3  -1  -1    4   8   2   6   2   2   2   2   2   3   6   1   3   5  10  21   9   4   3   5  0.28 0.21
   50 S    -1   1  -1   0  -4  -1  -1   0   3   0   0  -2   0   0   2   2  -1  -2   0  -2    6   7   3   6   0   3   3   6   7   5  10   2   2   4  11  15   3   1   3   3  0.16 0.14
   51 W    -3   1  -1  -2  -1  -3  -3  -3   0  -3  -1  -3   1   3  -3   0  -3   9   1  -2    3   8   4   3   1   2   2   3   3   2   6   2   3  12   2   8   2  27   4   3  1.05 0.46
   52 P    -2   0  -1   0  -2  -2   0  -2   2  -2  -3  -4   1  -2   6   0  -2  -2  -4  -4    4   6   4   6   1   2   7   4   5   3   3   1   3   2  36   8   2   1   1   2  0.71 0.39
   53 G    -2   1   1   2  -4  -1  -1   4   1  -3  -2  -1  -1   1  -3   1  -3   0   0  -2    3   7   6  11   0   3   4  25   3   2   5   3   2   6   2   9   2   1   4   3  0.31 0.19
   54 Y    -2   0  -2  -1  -1  -3  -3  -3  -2   0  -1  -3   0   3  -2  -1  -1   3   7  -1    4   5   3   4   1   1   2   3   1   5   6   2   3  10   2   6   4   3  31   5  0.78 0.37
   55 V    -1   2  -2   0  -3  -2  -2  -1  -1   0   2  -2   3   2  -2  -2   0   0   2   1    6  10   2   6   1   2   3   4   2   5  16   2   7   8   2   4   5   1   6   9  0.18 0.11
   56 R    -3   6  -3  -1  -1   1  -2  -3   1  -3  -1  -2  -1  -2   0  -1  -3   0  -2  -3    3  44   1   3   1   7   3   3   3   2   6   2   2   2   5   6   2   1   2   2  0.92 0.43
   57 P    -1   0  -2  -1  -1   0  -1  -3  -1  -2  -1  -3   0  -2   6   2  -2  -2  -3  -3    6   5   2   4   1   4   4   3   1   3   6   1   2   2  35  12   3   1   1   3  0.68 0.37
   58 L    -1   2  -3  -2  -1  -2  -3  -3   0   0   2  -3   3   2   0  -1  -2   7  -1  -1    5   9   2   2   1   2   2   2   2   5  21   1   6   7   4   5   3  13   2   5  0.44 0.22
   59 P    -1   2  -1   0  -1   0   0  -1   0  -1   0  -1   1   1   3   0  -1  -1  -1  -1    6  10   2   6   2   4   6   5   2   3   8   3   4   7  15   7   4   1   2   4  0.14 0.10
   60 P    -1   3  -1   0  -2  -1  -2  -1   1  -3  -2  -2  -1  -1   5   1   0  -1  -2  -2    4  13   3   6   1   3   3   4   3   2   5   3   2   3  26   9   5   1   2   3  0.43 0.26
   61 A     1   1   0  -1  -1  -1  -1   0   0  -1   0  -2   1   0   1   1   0   1  -1  -1   12   8   4   4   1   2   5   6   3   3  10   2   4   5   6  13   6   2   2   3  0.07 0.08
   62 A     0   0  -1   0   0   0  -1  -1   1  -1   0  -1   1   0   2   0   0   0   0   0    9   6   3   6   3   4   4   4   3   3   9   2   5   5  10   8   4   1   2   7  0.05 0.05
   63 I    -1   1  -1   0  -1  -1  -1  -1   0   1   2  -2   0   1   0   0  -1   0   1   0    5   8   3   5   1   3   4   4   3   8  20   1   3   7   4   7   4   1   4   6  0.06 0.06
   64 E    -1   2   0   0  -2   1   0   0   2  -1   0  -1  -1   1   0   0   0   0  -1  -1    4  12   4   5   1   7   7   6   6   3  10   3   2   6   6   7   5   1   2   5  0.07 0.07
   65 S     1   2   0  -1  -1  -1  -2   0   1  -1  -1  -2   0  -1   0   2   0   0  -2   0   10  10   4   4   2   3   2   8   4   3   6   2   2   2   5  18   6   1   1   8  0.12 0.12
   66 P    -1   0   0   0  -1  -2  -2  -1   1  -2  -2  -2  -1   1   6   0  -2  -1  -1  -3    5   4   4   5   2   2   3   6   3   2   5   2   2   6  35   6   3   1   2   2  0.60 0.32
   67 A     1   1  -1   0  -1  -1  -1   0   1  -1   0  -1   1   0   0   1   0   2   2  -1   15   7   2   5   1   2   3   7   3   3   9   3   4   4   4  10   4   3   8   4  0.08 0.08
   68 V     0   0  -1  -1  -1   0   0   0   0   1   0  -1   1   0   0   0   0   2   1   0    6   6   2   3   1   4   6   6   3   8  11   2   3   5   5   7   4   4   5   8  0.02 0.03
   69 A     0   0   0   0   1   0   0  -1   1  -1   0  -1   1   0   1   1   0   0   2  -1    9   5   4   5   3   4   5   5   3   3   8   3   5   3   7   9   4   1  10   4  0.05 0.06
   70 A     0   2   1  -2   1   0  -1   0   2  -2  -1   0   0   0   1   1   0   0   1  -1    7  13   6   2   3   4   3   6   4   2   5   4   2   5   7  10   6   1   4   4  0.09 0.09
   71 P    -1   1   0  -1   0  -1  -1   0   0  -3  -2  -1  -1  -1   5   0   0   0  -2  -2    4   8   5   4   2   3   3   7   3   1   5   3   2   3  31   7   6   1   1   3  0.48 0.27
   72 A    -1   1   0  -1   0   0  -1   0   1  -2  -1   0   0   0   2   0   0   3   1  -1    5   9   4   3   2   5   2   7   4   2   7   6   3   4  12   7   5   5   6   4  0.12 0.10
   73 Y    -2   1  -1  -2  -1   0  -1  -2   3  -1  -1  -2   0   3   0   0  -1   5   4  -2    2   9   2   2   1   4   3   3   8   3   7   2   2  11   5   6   4   8  13   3  0.35 0.21
   74 S     0   2   0  -1   0   1  -1   0   0  -1  -1   0   1  -1   2   1  -1   0   0  -1    8  11   4   2   2   6   3   9   2   3   5   5   4   2  10  11   4   1   3   5  0.10 0.09
   75 R    -1   5  -1  -1  -1   1  -1  -1   0  -4  -2   0   0  -2   1   1  -1   2  -2  -3    5  31   3   3   1   5   4   5   2   1   5   4   2   2   8   9   4   3   1   2  0.41 0.28
   76 A     1   1   0  -1   0   1   0   0   0  -2   0   0  -1  -2   2   1   0   2  -1  -2   11   7   6   3   2   6   5   6   3   1   8   5   1   1  12  10   5   3   2   3  0.13 0.12
   77 L    -1   0  -2  -1  -1  -1  -2  -1  -2   1   2  -2   2   1   0  -1  -1   3   0   0    4   7   2   3   1   3   3   4   1   7  25   2   5   7   5   6   2   4   2   7  0.15 0.12
   78 S     1   0   1  -1  -2   1   0  -1   1  -2  -1  -1   0   0   1   2   0   1  -1  -1   11   5   7   3   1   5   6   3   4   2   7   3   3   5   6  18   5   2   2   3  0.11 0.12
   79 R    -1   4   1  -1  -1   1   0   0   2  -2  -2   2  -1  -2   0   0  -1  -2  -2  -2    6  22   6   3   1   6   5   8   4   2   4  11   2   2   5   7   3   1   1   2  0.24 0.17
   80 Q     0   1   1   0   0   4   1  -1   0  -2  -2   0  -1  -2   0   1  -1   0  -2  -1    6   9   6   6   2  18   9   5   2   3   4   4   1   1   5   9   3   1   1   3  0.19 0.16
   81 L     0   0   0   0  -1   0   0  -1   0   0   1  -1   1   0   0   0   0   0  -1   0    5   6   5   4   1   3   5   3   2   5  18   3   6   3   5   8   5   2   1   8  0.03 0.05
   82 S     0   1   1   2  -1   0   1   1   0  -2  -3   0  -2  -3  -1   2  -1  -2  -3  -2    8   9   7  12   2   3   8  12   2   2   2   4   1   1   3  19   3   0   1   2  0.22 0.18
   83 S     0   0   1   2  -1   0   1   1   0  -3  -3  -1  -2  -3  -1   3   0  -2  -3  -3    8   5   6  10   1   4   8   9   2   1   2   3   1   1   3  25   7   1   1   1  0.26 0.21
   84 G     0  -1   0   0  -3  -1  -1   5  -1  -3  -2  -1  -3  -3   0   0  -1  -1  -2  -2    6   4   4   4   0   3   4  43   2   2   4   3   1   1   4   6   4   1   1   3  0.51 0.28
   85 V     0   0  -1  -1  -1  -1   0   0  -1   1   1  -1   1   0  -1   0   0  -1  -1   2    5   4   1   4   1   2   6   7   1  10  12   3   4   5   3   6   6   1   2  18  0.04 0.06
   86 S     0  -2  -1  -2  -1  -1  -2   0  -2  -2  -4  -2  -1  -4  -1   5  -1  -3  -4  -2    7   3   2   2   1   3   2   8   1   2   2   2   1   1   4  51   4   0   0   3  0.70 0.43
   87 E    -2  -1   0   0  -3   3   4  -3  -1  -3  -3   1  -3  -3  -2   1   2  -4  -3  -2    3   3   4   4   0  11  31   1   1   1   2   9   1   1   2   9  13   0   1   2  0.49 0.31
   88 I    -2  -4  -4  -2  -2  -3  -3  -4  -3   4   0  -3   1  -2  -1  -2  -1  -3  -2   5    2   1   1   2   1   1   1   1   1  24   8   1   3   1   3   3   3   0   1  41  0.74 0.36
   89 R    -1   2   0  -1  -1   1   0  -2   1   0  -2   3  -1  -2   0   0   1  -3  -1   0    4  11   5   3   1   7   5   2   4   7   3  18   1   1   4   6   8   0   2   8  0.15 0.14
   90 H     0   0   3   0   1   1   0  -1  -1   0  -1   0  -1  -1  -1   1   1  -3   0  -1    5   5  17   6   4   5   5   3   1   6   6   4   1   2   2  11   8   0   4   5  0.11 0.12
   91 T    -1  -2   2   5  -3  -1   2   0  -2  -4  -4  -1  -3  -2  -2   0   1  -5  -4  -4    5   1   9  36   0   2  12   8   1   1   1   4   0   2   2   5   9   0   0   1  0.62 0.34
   92 A    -1   1   1   2  -4   1   1   0  -1  -3  -3   4  -2  -4   0   1  -1  -4  -3  -2    4   7   6  12   0   7   7   7   1   1   1  26   1   1   4   9   2   0   1   3  0.34 0.23
   93 D    -4  -2   3   6  -3  -1   2  -1   0  -5  -5   1  -3  -5  -3   0   0  -5  -1  -4    0   2  12  41   1   1  13   4   2   0   0   8   1   0   1   6   5   0   3   1  0.82 0.41
   94 R    -2   2   0   0  -2   1   0   1   0  -4  -4   4  -2  -4   1  -1   0  -1  -3  -3    2  11   4   4   1   5   4  13   2   1   1  33   1   0   6   4   5   1   1   2  0.43 0.28
   95 W    -6  -6  -6  -7  -3  -6  -6  -6  -3  -3   0  -6  -2   8  -7  -6  -5   7   3  -3    0   0   0   0   1   0   0   0   1   1   7   0   1  63   0   0   0  17   7   1  2.18 0.76
   96 R     0   2  -2  -2   1   4   2  -1   2  -3  -2   2  -1  -3  -3   0   0  -4  -3  -2    7  11   1   0   3  22  15   4   4   1   4  12   1   1   0   5   4   0   1   3  0.37 0.27
   97 V    -1  -4  -6  -3  -4  -5  -4  -6  -6   4   0  -5  -1  -3  -5  -4  -3  -5  -3   6    5   1   0   2   0   0   1   0   0  23   6   0   1   1   0   0   1   0   1  58  1.23 0.54
   98 S    -1   2   2  -1   2   0  -1  -2   0  -1  -1   1   0  -2  -1   2   1  -4  -2  -1    3  11  13   3   5   3   3   2   2   3   4   8   3   1   2  18  11   0   1   4  0.19 0.18
   99 L    -3  -5  -5  -5  -2  -4  -5  -5  -5   2   5  -5   3   0  -5  -3  -2  -2  -2   2    1   0   0   0   1   1   0   0   0   9  56   0   7   3   0   2   1   1   1  16  0.94 0.43
  100 D    -4  -3   2   8  -3  -2  -1  -3  -3  -6  -5  -3  -4  -6  -4  -3  -4  -7  -6  -6    1   1   7  78   1   2   2   2   1   0   1   1   1   0   1   1   0   0   0   0  1.96 0.74
  101 V    -2  -3  -5  -6   2  -5  -5  -6  -6   0  -1  -5   0  -4  -3  -4  -2  -5  -4   7    3   2   0   0   3   0   0   0   0   3   5   0   2   0   1   0   2   0   0  75  1.50 0.61
  102 N     0   0   1  -2  -1   4   0  -1   4  -4  -3   2  -2  -4  -2   2  -1  -4  -1  -3    7   4   6   1   1  24   3   4   9   1   1  13   1   0   2  18   2   0   2   1  0.47 0.31
  103 H    -3  -2   0  -1  -2   5  -1  -2   8  -5  -3  -1  -3  -2   0  -2  -3  -5  -2  -5    2   2   4   3   1  30   2   2  36   0   2   2   1   2   5   3   1   0   1   0  1.23 0.55
  104 F    -5  -5  -6  -6  -5  -6  -6  -6  -4  -4  -1  -6  -3   9  -6  -2  -5  -3   3  -4    0   0   0   0   0   0   0   0   0   0   5   0   0  79   0   3   0   0   8   0  2.30 0.76
  105 A     1   1   0  -1   2   0   0  -2  -1  -3  -2   3  -2  -3  -2   2   1  -4  -3  -3   14   8   3   2   4   3   5   1   1   0   3  25   1   1   1  20   7   0   0   1  0.35 0.25
  106 P    -2  -2  -4  -5  -6  -3  -3  -5  -2  -4  -4  -2  -5  -4   8  -2  -3  -6  -5  -2    3   2   1   0   0   1   1   0   1   1   2   2   0   1  77   3   1   0   0   3  2.15 0.75
  107 D    -3  -2   1   3  -5  -1   6  -2   0  -5  -5  -1  -4  -5  -3   1  -2  -2  -2  -4    2   2   8  13   0   1  48   3   2   0   0   2   0   0   1  11   2   1   1   1  0.86 0.46
  108 E    -4  -1  -2   2  -6  -1   7  -5   0  -6  -6  -3  -5  -6  -4  -4  -4  -6  -5  -3    0   4   2  11   0   2  73   0   2   0   0   0   0   0   0   0   0   0   0   2  1.68 0.69
  109 L    -4  -5  -5  -6  -4  -5  -3  -6  -5   6   4  -5   0  -3  -5  -3  -2  -5  -4   1    0   0   0   0   0   0   2   0   0  49  35   0   2   0   0   2   2   0   0   6  1.20 0.49
  110 T    -1  -1   2  -1  -1   0   0  -2  -1  -2  -3   2  -1  -3  -1   3   3  -1  -3  -1    4   3   9   2   1   4   4   1   1   1   1  14   1   1   2  24  20   1   0   5  0.33 0.25
  111 V    -1  -5  -5  -5  -4  -5  -5  -5  -5   2   0  -5  -2  -4  -5  -4  -3  -5  -4   7    4   0   0   0   0   0   1   1   0  11   8   1   0   0   0   1   1   0   0  71  1.44 0.58
  112 K    -2   2   0  -1  -1   0  -2  -2   1  -3  -4   6  -4  -4  -3   1   0  -5  -2  -3    2  10   5   3   1   2   1   2   4   2   1  50   0   0   0   9   5   0   1   2  0.79 0.41
  113 T     0  -2  -2  -4   0  -2  -3  -3  -2   2   0  -2   0  -2  -2  -1   3   1  -1   4    7   1   1   0   2   2   1   2   1  10   9   2   2   1   2   2  21   2   2  31  0.39 0.27
  114 K     0   1   0   1  -1   0   0  -1   0   0  -1   1  -1  -1  -1   0   0  -3  -2   2    6   8   4   8   1   4   7   4   2   6   3  12   1   2   3   6   4   0   0  19  0.07 0.10
  115 D    -2  -2   2   5  -5  -1   1   3  -1  -4  -5  -2  -2  -5   0  -2  -2  -5  -2  -2    2   2   8  39   0   2   8  19   1   0   1   2   1   0   5   2   2   0   1   3  0.72 0.37
  116 G    -3   1   4   2  -1   0   0   3   0  -5  -5   0  -4  -5  -4  -1  -2  -5  -4  -4    1   9  25  13   2   4   5  27   2   0   1   6   0   0   0   2   2   0   0   1  0.65 0.34
  117 V    -2   0   0  -2   2  -1  -1  -3   3  -1  -1   0   1   3  -4  -1   0   0   3   2    2   6   4   2   4   2   4   2   7   2   4   6   4  16   0   4   5   1   9  16  0.24 0.19
  118 V    -2  -5  -5   0   1  -4  -4  -5  -5   3   3  -5  -2   1  -5  -4  -1  -4  -3   4    4   0   0   5   3   0   0   1   0  18  32   0   0   6   0   1   3   0   0  25  0.71 0.33
  119 E    -2   0  -1  -1   0   0   2  -4   0   1  -1  -1   0   0   1  -1   1  -4  -1   2    2   4   2   2   2   3  18   0   2   8   6   2   2   4   8   4  11   0   2  16  0.17 0.18
  120 I    -1  -5   0  -5   3  -5   0  -5  -5   5   0  -5  -3  -4   1  -4  -4  -5  -5   4    6   0   6   0   6   0   6   1   0  32   7   0   0   0   7   1   0   0   0  26  0.82 0.38
  121 T    -1  -1   1  -1   1   0   3  -2   2  -1  -2  -1   0  -1   1  -1   0  -4   0   0    5   3   9   3   3   3  23   3   4   3   3   3   3   3   7   4   7   0   3   9  0.18 0.16
  122 G     0   1  -1   1   3  -1   1   1  -2  -1   0  -1   2  -2  -2   1   1  -3  -2  -1   10  10   0  10   9   0  10  10   0   0  10   1   9   0   0  10  10   0   0   1  0.11 0.10
  123 K     0   1   1  -1   1   1   0   0   0  -2  -2   4   0  -3  -3  -1  -1  -4  -1  -1   10   6   6   3   3   6   5   8   3   2   2  31   3   0   0   3   3   0   2   3  0.25 0.22
  124 H    -3   1  -1  -1   1   1  -1  -1   8  -4  -2   0   2  -1  -4  -2  -3  -4   0  -2    0   7   2   3   3   5   4   4  44   0   4   6   6   2   0   3   0   0   2   2  0.98 0.50
  125 E    -2   1  -1   1  -1   1   5  -1   3  -4  -4   1  -1  -4  -1  -1  -1   3  -3  -4    2   7   2   8   2   4  41   4   7   0   1   7   2   0   3   3   3   4   0   0  0.58 0.37
  126 E    -1  -1  -1   0   0   1   5   0  -1  -3  -2  -1  -1  -3  -3   0  -1  -4   0  -2    3   3   2   5   2   6  46   8   1   1   3   3   1   1   0   6   3   0   3   2  0.57 0.40
  127 R    -3   5  -2  -1  -5   0   0  -3   1  -3  -4   5  -1  -5   0  -3  -2   3  -2  -2    1  30   1   3   0   3   4   2   3   2   1  32   2   0   4   1   1   4   1   3  0.77 0.46
  128 Q    -1   1   0  -1  -2   4   2  -1  -1  -3  -2   1  -1  -4   1   0  -1  -1  -2  -2    4   8   5   3   1  19  12   6   1   1   5   9   2   0   8   8   3   1   1   2  0.25 0.24
  129 D    -2  -2   0   7   1  -2   1  -1  -1  -5  -6  -2  -5  -6  -3  -2  -2  -6  -5  -3    3   2   4  64   3   1   7   5   1   0   1   2   0   0   1   2   2   0   0   2  1.37 0.67
  130 E    -1   0   0   2  -5   2   5   0  -1  -4  -5   0  -4  -5  -2  -1  -2  -5  -2  -3    4   5   5  12   0   7  41   7   1   1   1   6   0   0   1   3   2   0   2   2  0.65 0.42
  131 H    -4  -2   2   0  -2   0  -2   0   8  -4  -3  -1  -4  -1  -3  -1  -2  -5   1  -4    1   2  10   6   1   3   1   8  44   1   2   4   0   3   1   5   2   0   4   1  1.10 0.59
  132 G    -2  -2   0  -2   0  -4  -3   6  -2  -4  -5  -1  -5  -5  -5   1  -2  -5  -5  -4    1   2   4   2   2   0   2  65   1   1   1   4   0   0   0  10   2   0   0   1  1.27 0.63
  133 Y    -3  -3  -4  -4  -1  -2  -2  -4   0   0   0  -2  -1   5  -4   0   0   2   5  -1    1   1   0   0   1   2   3   1   2   6   8   3   1  24   0   9   6   3  22   3  0.60 0.39
  134 I    -2  -3  -4  -4  -1  -4  -2  -5  -3   5  -1  -3   1  -1  -4  -1   0   0  -2   4    3   1   0   0   1   0   3   0   1  33   4   1   3   3   0   5   7   1   1  31  0.68 0.42
  135 S     0  -1  -1  -3   1   0  -1  -2   0  -1  -2   0   0   2  -3   4   1  -3   1  -2    6   4   2   0   3   5   3   2   2   3   3   6   2  10   0  32   7   0   5   3  0.30 0.32
  136 R    -4   6  -1  -4   0   0  -1  -3   1  -2  -2   1   2   0  -1  -2  -4   1  -1  -4    0  53   3   0   2   3   3   2   3   2   4   5   5   4   3   3   0   2   2   0  0.94 0.59
  137 C    -2  -1   0  -1   2   3   3  -2   5  -2  -2   0   0   0  -4   0  -1  -4   1  -2    2   3   3   2   5  15  19   2  15   3   4   5   2   4   0   6   3   0   4   2  0.37 0.33
  138 F    -5  -5  -2  -6   0  -5  -5  -6  -4   0   0  -5   0   8  -6  -5  -5   1   2  -1    0   0   2   0   2   0   0   0   0   5   8   0   2  66   0   0   0   2   5   4  1.71 0.72
  139 T    -1   0   0  -3   0   1  -1  -3   3   0  -1   0  -1  -2  -3   0   3  -4  -1   2    2   6   4   0   2   6   2   0   9   6   5   6   1   1   0   5  26   0   2  14  0.28 0.27
  140 R    -3   7   0  -4  -1   0  -3  -3   0  -5  -3   1  -1  -5  -5  -1  -3   0  -4  -5    2  67   4   0   2   3   0   2   2   0   3   6   1   0   0   4   1   1   0   0  1.47 0.70
  141 K    -2   4  -1  -3  -1   1   1  -4   0  -1  -2   4  -1  -3  -1  -1  -1  -4  -2  -2    2  27   2   0   2   6   7   1   2   5   2  26   2   1   3   5   4   0   1   3  0.49 0.33
  142 Y    -3  -5  -5  -5   0  -5  -5  -5   2   0  -3  -5  -4   4  -5  -5  -3   3   8  -2    3   0   0   0   2   0   1   1   4   6   2   0   0  16   0   1   2   4  55   2  1.71 0.72
  143 T     0   1  -1  -1  -1   1   0  -2   0   0   0   1   0  -1   0  -1   2  -1  -1   0    5   8   2   3   1   8   5   2   3   5  11  12   2   2   4   3  14   1   1   9  0.08 0.11
  144 L     0   0  -3  -3   3  -2  -2  -3  -2   1   0  -2   2   2   1  -2  -2   5   2   1    9   9   0   0   8   0   1   1   0   9   9   0   9   9   9   1   0   8   9   9  0.22 0.15
  145 P     0  -4  -4  -4  -4  -3  -3  -1   1  -4  -2  -3   1  -4   7  -1  -1  -5  -4  -4    9   0   0   0   0   0   1   4   4   0   4   0   4   0  62   4   4   0   0   1  1.45 0.53
  146 P    -1   0   0   0  -3   1   2  -1   0  -1  -1   2  -1  -1   2   1   0  -3  -1  -1    3   3   4   5   0   5  14   4   2   2   6  18   2   2  10  10   4   0   2   3  0.15 0.11
  147 G    -2   0   1   3  -1   0   2   4   0  -2  -4  -1  -1  -4  -3  -1  -1  -4  -1  -2    2   5   7  17   2   4  13  31   2   2   1   2   2   0   1   3   3   0   2   2  0.44 0.25
  148 V     0  -4  -3  -4   5  -2  -4  -3   1   1  -1  -4  -1   1  -4  -2  -1   0   2   4    6   0   1   0  12   1   1   2   3   8   3   0   1   6   0   2   3   1   9  37  0.56 0.34
  149 D    -3  -1   2   6  -5  -1   0  -2  -1  -3  -3   0  -2  -5  -2  -2  -2  -5  -2  -2    2   2   8  55   0   2   5   3   1   2   3   4   1   0   2   2   2   0   1   3  0.98 0.48
  150 P     0  -2  -2  -2  -1  -1  -1  -2  -1   2   0  -1   0  -2   5   0   0  -4  -2   0    9   1   2   1   1   2   4   2   2  13   8   3   2   1  27   6   6   0   1   7  0.38 0.25
  151 T     0  -2   1   3  -2   0   3  -1  -1  -3  -2   0  -1  -3  -3   0   0  -1  -4  -3   10   2   8  18   1   3  24   3   1   2   3   5   1   1   1   6   6   1   0   1  0.35 0.28
  152 Q     1   1   1   1  -3   2   0  -2   0  -3  -1   2  -1  -3  -3   1   2  -4  -3  -2   13   7   7   8   0   9   6   3   2   1   5  14   1   1   0   8  13   0   0   1  0.22 0.22
  153 V    -2  -5  -6  -6  -1  -5  -5  -6  -5   4   2  -5   2   0  -5  -5  -3   0  -4   5    3   0   0   0   1   0   0   0   0  24  16   0   4   4   0   0   0   1   0  44  1.06 0.52
  154 S    -1   1   0  -2  -2   1   1  -2   0  -1  -2   1  -1  -2  -3   1   3  -4  -2   1    4   8   3   1   1   6   9   2   2   2   3   9   2   2   0  11  24   0   1  10  0.24 0.24
  155 S     0  -5  -4  -4   4  -4  -4  -3  -5  -4  -6  -4  -5  -3  -3   6   0  -6  -3  -3    8   0   0   0   8   0   0   1   0   1   0   0   0   1   2  70   4   0   1   2  1.49 0.76
  156 S     0   0   1  -2  -1   0   0  -2   1  -2  -3   1  -1  -1  -2   3   3  -2  -1  -2    6   5   6   1   1   5   5   2   3   2   2   7   1   3   2  27  17   1   2   1  0.30 0.28
  157 L    -5  -5  -6  -6  -5  -5  -6  -6  -2   2   6  -6   2   0  -6  -4  -5  -1  -2  -1    0   0   0   0   0   0   0   0   1   9  74   0   4   4   0   1   0   1   1   3  1.47 0.64
  158 S    -3  -3   0  -1  -3  -3  -4  -2  -1  -4  -4  -3  -3  -3  -5   6   2  -6  -3  -5    1   1   3   4   0   1   0   2   1   1   1   1   1   1   0  69   9   0   1   0  1.38 0.74
  159 P     1  -3  -1   0  -2  -2  -1  -1   0  -4  -3  -1  -3  -3   3   4  -1  -3  -3  -2   10   1   3   6   1   1   4   5   3   1   3   3   1   1  16  36   4   0   0   2  0.51 0.37
  160 E    -5  -2   2   7  -4  -1   2  -4  -2  -5  -7  -1  -6  -7  -2  -3  -4  -7  -6  -5    1   2   7  65   0   2  10   1   1   1   0   3   0   0   3   2   1   0   0   1  1.63 0.73
  161 G    -5  -3  -3  -4  -7  -6  -5   7  -3  -8  -8  -4  -7  -7  -6  -3  -6  -7  -4  -7    0   1   1   1   0   0   1  90   1   0   0   1   0   0   0   2   0   0   1   0  2.42 0.96
  162 T    -3   0  -4  -5  -3  -2  -4  -5   1   4   0  -1   2  -1  -5  -3  -1  -5  -2   5    1   5   1   0   0   2   1   0   3  26   8   3   4   2   0   2   4   0   1  36  0.71 0.39
  163 L    -5  -6  -7  -7  -5  -6  -7  -7  -7  -3   7  -6   2  -4  -7  -6  -5  -6  -5  -3    0   0   0   0   0   0   0   0   0   0  92   0   5   0   0   0   0   0   0   0  2.14 0.85
  164 T    -2  -3  -2  -4   1  -1  -3  -3  -1   1  -3  -3   0  -4  -4   2   6  -6  -4   0    2   1   2   0   3   2   1   2   1   8   2   1   2   1   0  16  50   0   0   5  0.91 0.54
  165 V    -4  -3  -6  -7  -3  -6  -6  -4  -7   6   0  -6  -1  -2  -6  -4  -4  -6  -5   5    1   2   0   0   1   0   0   1   0  46   7   0   1   2   0   1   0   0   0  38  1.45 0.63
  166 E    -3   0  -1  -2   1   0   4  -3  -1  -3  -4   1  -1  -4  -4   1   4  -5  -3  -2    1   4   2   1   3   4  30   1   1   2   1   9   1   1   0  10  23   0   1   3  0.54 0.40
  167 A     6  -5  -5  -6   0  -5  -4   0  -6  -2  -5  -4  -3  -6  -5  -2  -2  -6  -4   0   74   0   0   0   2   0   1   8   0   2   1   1   0   0   0   1   2   0   0   7  1.50 0.73
  168 P    -2  -4  -4  -4  -6  -2  -3  -4  -2  -5  -3  -3  -3  -5   8  -2  -2  -6  -6  -4    4   1   1   1   0   2   1   1   1   1   2   1   1   1  76   3   2   0   0   1  2.18 0.87
  169 M    -2   4  -2  -4  -5  -1  -3  -4  -3  -1   1   5   1  -3   0  -3  -2  -3  -3  -1    3  23   1   0   0   2   1   1   0   4  13  33   3   1   4   1   3   0   1   4  0.63 0.39
  170 P    -2   0   0  -3  -3  -1  -1  -3  -2  -1  -1   5  -1  -4   4  -2  -1  -2  -3   0    3   4   4   1   1   2   3   2   1   3   6  35   2   1  20   3   4   1   1   7  0.58 0.36
  171 K     1   0   0   0  -2   1   1  -1   0  -2  -2   3  -1  -3   1   0   0  -2  -2   0   11   4   4   4   1   7   9   4   3   2   2  21   2   1   6   5   5   0   2   7  0.19 0.17
  172 L     0  -2  -1  -1   0   0   0  -2  -1   1   0  -1  -1  -1   4   0   0  -2  -2   0    8   2   2   3   2   3   8   3   2   9   9   4   2   2  20   9   5   1   1   8  0.20 0.16
  173 A     2  -2   0   0  -2   1   2  -1  -2  -1  -2   0  -2  -3   3   1  -1  -2  -2  -1   18   2   5   4   1   5  13   5   1   4   4   5   1   1  13  10   3   1   1   4  0.19 0.18
  174 T     0  -2  -1   0  -2   0   2  -2  -1   1   0   0  -1  -3   2   1   1  -4  -3   0    8   1   3   5   1   3  14   3   1   8   9   7   1   1  10   9   8   0   0   8  0.13 0.14
  175 Q     0  -1  -1   1  -5   2   1  -2  -1  -2  -3   2  -4  -5   4   0   0  -5  -3  -1    8   2   3   9   0  11   9   3   2   3   3  12   0   0  19   7   4   0   1   4  0.37 0.28
  176 S     1  -2   0  -1  -2   0   1   1   1  -3  -3   1  -3  -3   3   2   1  -5  -3  -1   12   2   4   3   1   4   8   9   4   1   2   8   0   1  13  17   8   0   1   4  0.25 0.22
  177 N     0   1   3  -1  -1   0   0   1  -1  -3  -3   2  -2  -4   0   0   0  -3  -2  -2    9   7  17   3   1   5   6  13   2   1   2  12   1   0   6   6   7   0   1   2  0.26 0.21
  178 E    -3  -2  -4   1  -3  -1   7  -2  -2  -3  -5  -3  -4  -5  -2  -2  -2  -6  -3  -1    3   2   1   7   1   2  61   3   1   2   1   1   0   1   2   3   3   0   1   6  1.23 0.64
  179 I    -5   7  -3  -5  -3  -3  -4  -7   0   2  -4   3  -3  -5  -5  -4  -1  -3  -5  -1    1  54   1   0   1   1   0   0   2  13   1  14   1   0   0   1   4   0   0   5  1.40 0.70
  180 T    -1  -2   1  -3  -3   0   0  -4   1   2  -2  -1   0  -3   0   1   2  -5  -2   3    5   1   7   1   0   4   6   0   3  12   3   3   2   1   5  10  15   0   1  19  0.26 0.25
  181 I    -5  -8  -6  -8  -6  -8  -8  -8  -8   8  -2  -8  -4  -4  -8  -6  -6  -8  -6   4    1   0   1   0   0   0   0   0   0  70   3   0   0   1   0   1   0   0   0  24  2.28 0.93
  182 P    -4  -5  -4  -4  -8  -1  -1  -8  -3  -7  -6   0  -5  -7   8  -3  -6  -9  -8  -8    2   1   1   1   0   2   4   0   1   0   1   6   0   0  79   2   0   0   0   0  2.50 1.10
  183 V    -5  -8  -8  -8  -3  -5  -6  -7  -8   8  -4  -8  -4  -4  -5  -7  -5  -8  -6   3    1   0   0   0   0   1   0   0   0  77   0   0   0   0   1   0   0   0   0  18  2.38 0.96
  184 T    -2  -3  -1  -3  -4   4   2  -4   0  -1  -4   1  -2  -4  -3   0   4  -4  -5   0    3   1   3   1   0  22  15   1   2   4   1  10   1   1   1   6  24   0   0   6  0.63 0.45
  185 F    -3   2  -3  -4   0   3  -3  -3   4   1  -1   0   1   1  -3  -2  -1  -4   1   2    1  12   0   0   2  16   1   2  11   7   4   6   4   5   1   3   3   0   5  16  0.39 0.31
  186 E    -2  -2  -2  -1  -1   1   3  -2  -3  -2  -4   0  -3  -4  -2  -1   5  -6  -3   0    3   2   2   3   1   7  23   3   1   3   1   6   1   0   2   4  33   0   1   6  0.63 0.44
  187 S    -1  -1   2   0  -3   0   2   3   1  -4  -5   1  -3  -5   0   1  -1  -5  -2  -3    5   3  11   4   1   3  12  26   3   1   1   8   1   0   5  12   4   0   1   1  0.40 0.29
  188 R    -1   2  -2  -1  -5   3   1  -2  -2  -4  -3   4  -3  -5   3   0  -1  -5  -4  -2    4  10   1   3   0  11   9   2   0   1   2  26   1   0  13   8   4   0   1   2  0.51 0.35
  189 A     2  -3  -2  -1  -2  -1  -1  -2  -4  -1  -2   0  -3  -4   5   0   0  -5  -3   0   16   1   2   3   1   2   4   3   0   3   3   5   0   0  32   8   6   0   1   8  0.60 0.37
  190 Q     3   1   0  -1  -2   3   1  -2   1  -4  -4   2  -2  -3  -1   0  -1  -5  -2  -2   27   7   3   3   1  14   7   2   4   0   1  14   1   1   3   5   3   0   1   3  0.36 0.29
  191 L    -1  -1  -1  -1  -2   1   0  -2  -3   2   1   1   0  -2  -1   0   1  -4  -2   1    2   2   2   3   0   8   7   3   0  13  17   8   2   1   3   8  10   0   1  11  0.12 0.15
  192 G     0   0   1   0  -4   0   1   1  -1  -2  -3   2  -2  -3   0   1   0  -4  -3  -1    8   3   8   5   0   4  11  13   1   3   1  16   1   1   5  10   6   0   0   4  0.20 0.17
  193 G     0  -1   0   1  -2   2   2   2  -2  -1  -2   0  -2  -3  -1   1  -1  -4  -2   0    8   2   5   8   1   9  14  17   1   4   3   6   0   1   3   9   2   0   1   7  0.18 0.16
  194 P     0  -1  -1  -1  -5   2   1  -2  -3  -3  -3   3  -4  -4   4   0  -2  -5  -4  -2    8   2   3   4   0   8   9   3   0   2   2  23   0   1  24   6   2   0   0   3  0.56 0.35
  195 E     0  -1   1   1  -3   2   4  -2   0  -4  -3   2  -3  -4  -1   0  -1  -1  -3  -1    8   1   7   7   1   9  29   2   3   0   2  13   0   0   2   7   3   1   1   4  0.39 0.29
  196 A     2   0   0   0  -1   0   2  -2  -1  -2  -3   2  -2  -4   0   1   1  -5  -4  -1   21   4   4   6   1   4  12   2   1   3   1  16   0   0   4  10   7   0   0   4  0.25 0.22
  197 A     1   0  -1   0  -4   1   1   1  -1  -1  -3   2  -1  -4   1   1   0  -4  -3  -1   13   4   2   6   0   8   9   9   1   3   2  18   1   0   5  10   4   0   1   5  0.20 0.18
  198 K    -1   0   0  -1  -5   2   2  -2  -2  -4  -4   5  -2  -6   1  -1  -1  -6  -5  -1    5   4   4   2   0   8  12   2   1   0   1  42   1   0   7   4   3   0   0   4  0.66 0.42
  199 S     0  -2   1   0  -3   2   3   0  -2  -3  -4   0  -2  -5  -1   3   1  -5  -4  -1    7   1   7   4   0   9  19   5   0   1   0   6   1   0   3  23   7   0   0   5  0.35 0.29
  200 D    -2  -2   2   4  -6   2   4  -3  -2  -3  -4   1  -4  -6  -3  -1   0  -6  -5  -3    2   1  10  28   0   7  29   1   1   2   1   7   0   0   1   4   5   0   0   2  0.74 0.43
  201 E     0  -1   1   1  -5   4   5  -2   0  -5  -5   0  -4  -6  -3   0   0  -6  -5  -4    7   2   7   8   0  16  41   2   2   0   0   3   0   0   1   5   5   0   0   1  0.78 0.45
  202 T    -1  -1   1  -1  -4   0   1  -1  -2  -2  -3   3  -2  -5   3   2   2  -5  -4  -2    3   1   6   2   0   3   9   3   0   2   2  19   1   0  15  17  13   0   0   3  0.39 0.29
  203 A     2  -2  -2   1  -1   1   2   0  -3  -3  -4   0  -2  -5   1   1   1  -5  -4  -2   22   0   1   6   1   8  16   7   0   1   0   4   1   0   7  11  11   0   0   3  0.32 0.26
  204 A     1  -1   1   0  -4   2   3  -2  -3  -4  -5   3  -4  -5   2   0  -1  -5  -3  -3   12   1   6   3   0   8  19   2   0   0   0  24   0   0  11   8   3   0   1   2  0.48 0.31
  205 K    -4   2  -3  -3  -6  -1   3  -5  -4  -6  -6   7  -5  -6  -4  -3  -4  -6  -5  -5    0   8   0   0   0   0  21   0   0   0   0  71   0   0   0   0   0   0   0   0  1.64 0.62

                      K         Lambda
Standard Ungapped    0.1313     0.3143
Standard Gapped      0.0453     0.2670
PSI Ungapped         0.1478     0.3175
PSI Gapped           0.0453     0.2670
