
Last position-specific scoring matrix computed, weighted observed percentages rounded down, information per position, and relative weight of gapless real matches to pseudocounts
            A   R   N   D   C   Q   E   G   H   I   L   K   M   F   P   S   T   W   Y   V   A   R   N   D   C   Q   E   G   H   I   L   K   M   F   P   S   T   W   Y   V
    1 M    -4  -4  -5  -6  -4  -3  -5  -6  -4   0   1  -4  10  -2  -5  -4  -3  -4  -4  -2    0   0   0   0   0   0   0   0   0   2   9   0  90   0   0   0   0   0   0   0  2.22 0.58
    2 R    -4   8  -1  -4  -4   0   0  -4  -1  -6  -5   1  -4  -6  -5  -3  -4  -5  -4  -5    0  85   2   0   0   2   4   0   1   0   0   4   0   0   0   1   0   0   0   0  1.77 0.52
    3 E    -4  -3  -3   1  -6   1   7  -2  -3  -6  -6  -2  -5  -6  -4  -2  -4  -6  -5  -5    0   0   0   5   0   4  87   3   0   0   0   0   0   0   0   1   0   0   0   0  1.73 0.57
    4 C    -2  -5  -5  -5   6  -5  -5  -5  -5   5   0  -5   1  -3  -5  -3  -2  -5  -3   3    2   0   0   0  21   0   0   0   0  47   4   0   2   0   0   2   2   0   0  20  1.03 0.38
    5 I    -1  -5  -2  -5   2  -4  -5  -5  -5   6   2  -4   1  -2  -5  -4  -2  -5  -3   3    4   0   2   0   5   0   0   0   0  50  13   0   3   0   0   0   0   0   0  24  0.87 0.34
    6 S    -1  -3   0  -3  -1  -1  -2  -3   6  -2  -2  -3  -3  -1  -4   4   2  -5  -1  -3    1   0   4   0   1   2   1   0  25   2   3   0   0   3   0  43  12   0   1   1  0.77 0.38
    7 I    -3  -5  -5  -5   1  -4  -5  -6  -5   6   2  -5   0  -1  -3  -3  -2  -4  -3   3    0   0   0   0   3   0   0   0   0  52  22   0   1   1   1   1   1   0   0  19  0.92 0.36
    8 H    -3  -2   0  -3  -5   4  -1  -4   9  -5  -4  -3  -3   0  -1  -1  -4  -4  -1  -5    2   0   4   1   0  21   1   1  58   0   1   0   1   4   3   3   0   0   0   0  1.55 0.52
    9 V     0  -4  -4  -4   1  -3  -4  -1  -4   4   1  -3  -1  -1  -4  -3   0  -4  -3   4    9   0   0   0   3   0   0   4   0  27  10   0   0   1   0   0   4   0   0  39  0.52 0.25
   10 G    -2  -3  -3  -2  -5  -4  -4   7  -4  -4  -6  -3  -5  -5  -5  -2  -4  -5  -2  -5    0   2   0   1   0   0   0  90   0   1   0   1   0   0   0   2   0   0   2   0  1.87 0.56
   11 Q    -4  -1  -3  -4  -6   9   0  -3  -2  -6  -4  -1  -4  -6  -3  -2  -4  -5  -5  -5    0   2   0   0   0  88   2   1   1   0   2   2   0   0   1   1   0   0   0   0  2.12 0.75
   12 A     5  -3  -4  -4   7  -4  -4  -1  -4  -4  -4  -2  -4  -3  -4  -1  -1  -5  -4  -3   63   1   0   0  25   0   0   3   0   0   0   2   0   1   0   2   3   0   0   0  1.28 0.50
   13 G    -3  -5  -3  -4  -5  -3  -5   7  -5  -6  -6  -4  -5  -5  -5  -2   0  -5  -2  -6    0   0   0   0   0   1   0  89   0   0   0   0   0   0   0   1   5   0   2   0  1.92 0.60
   14 V    -1  -3   4  -2   2  -3  -3  -3  -3   2  -2  -3  -2  -3   0  -2   1  -5  -3   4    5   0  27   1   4   0   0   1   0  14   1   0   0   0   5   1  11   0   0  30  0.52 0.31
   15 Q    -4  -1  -2  -3  -6   8  -1  -5  -2  -5  -4   0  -4  -6  -3  -2   0  -5  -4  -5    0   1   1   0   0  82   2   0   1   0   1   3   0   0   1   2   5   0   0   0  1.91 0.71
   16 I    -2  -4  -5  -5  -2  -4  -1  -5  -5   6   1  -4   4  -2  -4  -3  -1  -4  -3   2    1   0   0   0   1   0   5   0   0  50  11   0  12   1   0   1   2   0   0  13  0.86 0.38
   17 G     0  -5   0  -4  -5  -3  -4   7  -4  -6  -6  -3  -5  -4  -5  -1  -3  -5  -5  -4    5   0   4   0   0   1   0  79   0   0   0   1   0   1   0   4   1   0   0   1  1.59 0.54
   18 N     1  -2   6  -1  -4   0   1  -1   0  -3  -3  -2  -4  -4  -4   2   0  -5  -4  -3   13   1  42   2   0   3   7   3   2   1   2   1   0   1   0  18   4   0   0   1  0.71 0.36
   19 A     4  -1  -1  -3  -1  -1  -1   0  -2  -3  -3   3  -3  -4  -2   2   1  -4  -3  -2   39   2   1   0   1   2   1   5   1   1   1  19   0   0   1  14   9   0   0   2  0.47 0.29
   20 C    -2  -4  -4  -5   8  -4  -5  -4  -4   0  -1  -4  -1   6  -4  -3  -2  -3  -2   1    2   0   0   0  37   0   1   1   0   6   5   1   2  31   0   2   1   0   0  10  1.27 0.43
   21 W    -5  -5  -6  -6   1  -5  -6  -5  -5  -5  -5  -6  -5  -3  -6  -5  -5  13  -2  -6    1   0   0   0   3   0   1   1   0   0   1   1   0   0   0   1   1  89   0   1  4.16 1.02
   22 E    -3   0  -2   0  -5   2   7  -4  -3  -5  -5  -1  -4  -5  -2   0  -2  -5  -4  -5    2   6   1   3   0   6  68   1   0   0   1   2   0   0   2   7   1   0   0   0  1.32 0.56
   23 L    -3  -3  -3  -4  -3  -1  -3  -3   1   0   4  -3   1  -1  -4  -2   2  -4  -3   2    1   0   1   0   0   3   1   1   5   2  46   1   3   2   0   2  14   0   0  16  0.53 0.31
   24 Y    -3  -1  -3  -1  -4  -4  -2  -5  -2   4   0  -4  -1   3  -5  -4  -3  -2   6  -1    1   4   1   5   0   0   3   0   0  23   9   0   1  13   0   0   1   0  33   3  0.78 0.38
   25 C    -2  -3   0  -4   9  -4  -4  -2  -2  -3   0  -4   1  -4  -4   2   0  -1   0  -3    3   1   4   0  45   0   1   4   1   1   8   0   4   0   0  17   4   1   3   1  1.29 0.51
   26 L    -1  -2  -2   2  -3   0   0  -1  -2   0   3  -1   2  -2  -3  -2  -2  -3  -2   0    6   1   2  11   0   4   6   4   1   4  40   3   6   1   1   1   0   0   1   6  0.28 0.21
   27 E    -2  -3  -3  -1  -5  -1   7  -3  -3  -5  -1  -1  -4  -5  -4  -3  -4  -5  -5  -5    3   0   0   2   0   2  79   2   0   0   6   2   0   0   0   1   0   0   0   1  1.61 0.64
   28 H    -4   0  -1  -4  -5  -1  -1  -5  10  -5  -5  -2  -4  -4  -5  -2   0  -5   0  -5    1   4   2   0   0   2   3   1  71   0   1   2   0   0   0   3   6   0   2   1  2.21 0.72
   29 G     0  -1   1  -1   1  -1  -3   6  -1  -6  -6  -4  -5  -5  -5  -1  -4  -5  -5  -5    6   3   5   3   3   3   2  65   1   0   1   0   0   0   0   5   0   0   0   0  1.28 0.55
   30 I    -5  -1  -1  -6  -5  -5  -5  -6  -6   7   2  -2   0  -1  -2  -5  -4  -5  -5   1    0   4   4   0   0   0   0   0   0  59  15   2   2   2   2   0   0   0   0   6  1.29 0.56
   31 Q    -2   2   1   4  -2   3   0   0  -1  -5  -3  -1  -2  -2  -4   0  -1  -4   1  -4    3  10   6  28   1  15   5   7   1   0   3   2   1   1   0   6   5   0   5   0  0.49 0.32
   32 P     0  -2  -1  -3  -1  -1   0  -1  -1  -3  -1   0  -1  -3   6   1  -2  -6  -2  -3    6   2   2   2   2   3   7   5   2   2   7   5   1   2  37   9   2   0   2   2  0.67 0.40
   33 D     0  -2   3   6   0  -2   0  -3  -5  -5  -3  -2  -1  -6  -5   1   0  -6  -1  -2    8   2  11  40   2   2   5   2   0   0   2   2   2   0   0   9   6   0   2   3  0.81 0.44
   34 G     0   0  -7  -7   3  -7  -7   6  -8   0  -8  -7  -8  -8   1   0   0  -8  -8  -7    7   6   0   0   6   0   0  52   0   6   1   0   0   0   7   7   6   0   0   0  1.37 0.55
   35 Q    -1   0   0   0   2   0   0  -1   2   0  -1   0   2   1   0  -1   0   4   1  -1    5   5   5   5   5   5   5   5   5   5   5   5   5   5   5   5   5   5   5   5  0.09 0.08
   36 M    -1  -1  -4  -1   1   0  -4  -2   1   1   1  -1   3   1   0  -2  -1   2   4   0    4   4   0   3   3   4   0   3   3   7  15   3   9   6   4   3   3   3  17   5  0.28 0.27
   37 P     0   0   0   0   2   0   0  -1   1   0  -1   0   1   0   0   0   0  -2   1   0    5   5   5   5   5   5   5   5   5   5   5   5   5   5   5   5   5   0   5   5  0.03 0.05
   38 S     0  -2   0   1   0   0   1   2  -3  -3  -3  -1  -2  -3   1   3   0  -4  -1  -3    6   2   4   9   2   5   8  15   0   1   2   3   1   1   8  25   4   0   2   1  0.31 0.30
   39 D    -3  -4   2   6  -5   0   2   0  -1  -4  -4  -1  -5  -5   0  -2  -1  -6  -2  -4    2   0  10  37   0   5  15   9   1   1   2   4   0   0   5   3   3   0   1   2  0.76 0.50
   40 K     0   1   0   0   1   1   1  -2   0  -3  -2   3  -3  -4   1   1   0   0  -2  -2    7   6   5   4   3   7   9   3   3   1   3  18   0   0   5  12   6   1   1   3  0.21 0.22
   41 T     0  -2   2   2  -1   0   0  -1  -1  -3  -3   1  -1  -3   0   2   3   0  -4  -2    6   2   8  12   1   5   5   4   1   2   2   8   1   1   5  14  20   1   0   2  0.28 0.29
   42 I     0  -1   0   0   0   0   0  -2   0   2   1   0   0  -1   0   0   0  -3   0   0    6   2   4   5   2   5   8   3   2  13  14   6   2   1   5   6   6   0   4   7  0.04 0.08
   43 G    -1  -1   0   1   0   2   1   3   0  -2  -2  -1  -1  -2  -1   1   0  -4   0  -2    4   2   4   6   2  11   9  22   2   3   5   3   2   1   3  10   4   0   3   3  0.18 0.20
   44 G     0   0   1   1  -3   0   0   1   1  -1   0   0  -1  -1   1   0   0  -1  -1  -1    8   6   6   8   0   4   6  12   4   3  10   4   1   2   6   9   4   1   2   4  0.05 0.06
   45 G     1  -1   0   1   3   1   1   2   0  -2  -2  -1  -3  -1   0   1   0  -3  -2  -2   11   3   4   7   6   6  12  16   3   2   3   4   0   4   3  10   5   0   1   2  0.15 0.16
   46 D    -2  -1   1   5   3   1   2  -1   0  -2  -2  -1   0  -4  -1   0  -1   0  -3  -2    3   3   6  30   5   5  12   6   2   3   5   2   2   1   2   5   2   2   0   3  0.39 0.30
   47 D    -1  -2   2   4   1   0   4   0   0  -3  -2  -1   0  -1  -1   0  -2  -5  -4  -3    6   2   8  21   3   3  25   6   2   2   3   2   2   3   3   5   2   0   0   2  0.40 0.35
   48 S     1   2   0   0   2   0   0   0   1  -1  -1   0   0  -1  -1   2   0  -4   0  -1   10  13   4   4   4   3   4   6   3   3   6   3   3   3   3  18   4   0   4   3  0.11 0.16
   49 F    -1  -1  -4  -2   2  -1  -3  -2   0   1   1  -1   1   4   0  -1  -1   2   2   0    5   4   0   3   5   3   0   3   3   7  13   4   4  19   5   4   4   3   6   5  0.22 0.22
   50 N    -1   0   5   0  -2   1   0   0   0  -3  -2  -1  -3  -4  -2   2   0  -2  -2  -1    4   5  29   5   1   6   6   6   2   1   3   3   0   0   2  17   5   1   1   4  0.38 0.25
   51 T     0  -1  -1  -3  -2   0  -3  -3  -3  -2  -3   0  -2  -3  -2   2   5  -4  -2   2    6   2   2   0   1   4   0   1   0   0   1   5   1   1   1  14  40   0   1  19  0.59 0.36
   52 F    -4  -5  -5  -5  -4  -5  -5  -5  -1   0   0  -5  -1   7  -5  -4   0  -2   5  -2    1   0   0   0   0   0   0   1   1   6  10   0   1  53   0   1   7   0  15   2  1.34 0.51
   53 F    -5  -5  -1  -2  -5  -5  -5  -5  -4  -4  -3  -5   1   8  -6  -3  -5  -2   5  -4    1   0   3   3   0   0   0   1   0   0   1   0   4  68   0   2   0   0  15   0  1.93 0.67
   54 S     0  -2   4   0  -1   0   0  -3   0  -3  -4  -2  -1  -3  -3   4   2  -4   1  -2    6   2  19   6   1   4   4   1   2   1   1   1   1   1   0  30  13   0   6   2  0.46 0.30
   55 E    -1  -2  -2   0  -1   0   6  -3   2  -3  -4  -1  -2  -1  -2  -1  -1  -4  -4  -3    4   1   1   4   2   2  58   1   5   1   2   3   1   2   2   4   3   0   0   2  0.91 0.44
   56 T     1  -1   0   0  -1  -2  -2  -1   0  -1  -1  -1   0  -3  -3   1   5  -4  -3  -1   12   3   4   6   1   0   1   3   2   4   5   4   2   0   1  11  36   0   0   3  0.37 0.26
   57 G     1   0  -1  -1  -1   1   0   3  -1  -2  -2  -1   0   0   0   2   0   0  -1  -2    9   6   2   4   1   6   5  25   1   2   2   2   3   6   3  15   5   1   2   1  0.20 0.15
   58 A     2  -1   1   0   0   0  -1   1   1  -2  -2   1  -2  -1  -1   2   1  -3  -1  -1   20   2   6   4   2   4   3  11   5   1   2   8   1   3   2  16   9   0   2   3  0.16 0.13
   59 G    -1   2   0  -1  -2   0  -1   5   0  -3  -1   0  -2  -3  -3  -1  -2  -3  -2  -3    2  13   3   3   1   3   3  46   2   1   9   4   0   0   1   4   2   0   1   1  0.48 0.22
   60 K    -2   3  -1  -2  -3   2   1   0  -1  -3  -1   4  -1  -3  -1  -1   0  -3  -1  -2    1  14   2   1   0   8   7   6   1   1   6  39   1   0   3   2   5   0   2   2  0.40 0.23
   61 H    -1  -1  -2  -3   2   2   0  -3   4  -2  -1  -2   2   3  -3  -2  -2   1   5  -1    7   3   1   0   4  10   5   1  12   1   3   1   6  17   0   1   1   1  23   3  0.44 0.24
   62 V     0  -2  -2   0  -1   0  -2   0  -3   2  -1  -2   0  -2  -3   0   0  -3  -2   4    7   2   1   5   1   6   1   7   0   9   1   1   2   0   1   7   4   0   1  45  0.29 0.22
   63 P    -1  -1  -3   1  -4  -3  -1  -3  -3  -3   0  -1  -3  -4   7  -1  -3  -4  -4  -3    5   3   0   7   0   0   3   1   0   1  10   4   0   0  61   3   1   0   0   1  1.32 0.42
   64 R    -2   6  -1  -2   2   0   0  -3   0  -4  -3   1  -3  -3  -3  -2  -1   0   1  -3    1  63   2   1   5   3   6   1   2   1   1   3   0   0   1   1   4   1   5   1  0.87 0.35
   65 A     3   0  -1  -2   0  -1   0  -1  -2   0  -1  -1   0  -2  -2   2   1  -3  -2   1   33   6   2   1   2   0   7   2   0   4   2   1   3   0   0  16   6   0   0  13  0.19 0.15
   66 V    -1  -3   0  -3   1  -2  -3  -2  -3   2   2  -2   1   0  -1   0  -1  -3  -2   3    3   0   5   1   4   0   1   2   0  17  23   1   1   3   2   7   2   0   0  28  0.22 0.14
   67 F    -1  -2  -1  -3  -2   1  -2  -3  -1   0   2  -2   2   4  -3   0  -1   4   3  -1    4   1   3   1   0   9   1   1   0   5  21   1   6  20   1   9   1   7  11   1  0.27 0.15
   68 V    -1   0  -2  -2   0  -2  -2   0  -2   2   1   0   1   0  -2  -1   1  -3  -2   3    3   6   0   1   3   0   1   9   0  10   9   7   3   3   1   4   8   0   0  31  0.11 0.10
   69 D    -1  -3   1   6  -4  -1   1  -3  -2  -3   0  -2  -2   1  -3  -2  -2  -3   1  -3    5   0   4  54   0   0   7   1   0   0  12   1   0   7   0   1   1   0   5   1  0.64 0.26
   70 L    -1  -2   1  -2  -2  -1  -2  -2   2   1   1  -2   2   1   2   0   1  -2  -1   1    1   0   9   0   0   0   1   1   9  10  10   1   9   9  10  10  10   0   0  10  0.12 0.11
   71 E    -1  -1  -1   1  -3   2   3   0   3  -1  -2   0  -2   0  -2   1  -1  -3  -1  -2    1   0   0   9   0  12  27   6  10   6   1   6   0   5   0  15   1   0   0   1  0.27 0.15
   72 P    -2  -3  -3  -1  -4   0  -1  -4  -1  -3  -4  -3  -4  -5   7   1   0  -5  -4  -2    2   0   0   3   0   5   3   0   2   2   1   0   0   0  63  10   6   0   0   2  1.47 0.52
   73 T     1  -1   0   0  -2   0   0   2  -2  -1  -2  -2  -1  -3   1   1   3  -3  -3  -1    9   2   3   6   0   4   4  17   0   5   1   0   2   0   7  12  24   0   0   3  0.24 0.19
   74 V     0  -3  -3  -1   0   1  -2  -2  -3   0  -1  -2   0  -2   0  -1   2  -3   0   4    6   0   0   3   2   9   0   3   0   3   2   0   2   0   5   3  17   0   3  40  0.33 0.28
   75 I    -1  -3  -1  -3   2  -2  -3  -3   0   4   1  -3   3  -2  -3   1   1  -3  -2   1    4   0   3   0   4   0   0   1   3  31  13   0   9   0   0  11   9   0   0   9  0.29 0.22
   76 D    -1  -3   1   5  -4   0   0   0   1  -4  -4  -2   1   1   1   0  -1  -4  -3  -3    4   0   7  36   0   4   5   8   4   0   1   0   4   7   7   5   4   0   0   0  0.48 0.30
   77 E     0   1   1   1  -3   1   0   0   2   0  -2   0   1  -3   1   0   0  -3  -2   0    7   7   7   7   0   7   7   7   6   7   1   7   6   0   7   7   7   0   0   7  0.09 0.11
   78 V    -1  -3  -3  -4  -3  -3  -3  -1  -4   2   1  -1   2   1   0  -2   0  -3  -2   4    5   0   0   0   0   0   0   5   0  14  14   5   5   5   5   1   6   0   0  33  0.31 0.22
   79 R    -1   5  -1  -3   1   1  -2  -1   0  -3  -2   2   1  -4  -3   1   0  -4  -3  -3    5  41   2   1   3   7   1   5   2   0   3  12   4   0   0   9   4   0   0   1  0.55 0.33
   80 T     1  -1   0  -1   0  -2  -1   1   1  -1  -1  -1   0  -3  -1   2   3  -3  -1  -1    9   2   5   2   2   0   2  10   5   2   6   3   2   0   2  19  24   0   1   4  0.20 0.19
   81 G     0  -2   0  -1  -1  -3  -3   5  -3  -4  -3  -1  -4  -2   1   1  -1  -4  -4  -4    6   2   3   4   2   0   0  52   0   0   3   4   0   2   7  11   2   0   0   0  0.71 0.36
   82 T     0  -1  -2  -2  -2  -1  -1  -1   0  -1  -1   1  -2  -1   4   0   3  -4  -2  -1    8   2   1   1   1   2   4   5   2   5   6   8   0   3  21   7  20   0   1   3  0.30 0.23
   83 Y    -2  -1  -1  -4  -1  -2  -1  -3   1   0   0  -3  -1   3  -4  -3   0   2   7  -1    4   3   3   1   1   1   4   2   3   5  10   1   1  13   0   0   5   2  36   3  0.68 0.38
   84 R    -2   5  -2  -3  -1  -1  -2   3  -1  -4  -3   2   0   0  -1   0  -2  -4  -3  -3    2  31   1   0   1   2   0  25   1   0   2  14   3   5   3   5   1   0   0   2  0.55 0.34
   85 Q    -1   0   1   0   1   4   0   1   2  -3  -2   1  -2  -1  -2   1  -1  -4  -2  -3    4   4   7   6   3  26   5   9   6   0   4   9   1   3   1   9   2   0   1   1  0.31 0.24
   86 L    -3  -4  -2  -5  -3  -4  -4  -5  -4   2   5  -2   2   0  -4  -4  -3  -4  -3  -1    1   1   2   1   0   0   1   1   0   9  68   3   4   3   1   1   1   0   0   2  0.96 0.46
   87 F    -4  -4  -4  -5  -4  -4  -5  -5   1  -3   0  -4   2   8  -5  -4  -4   2   4  -3    1   1   1   1   0   0   1   1   3   1   7   1   5  61   1   1   1   3  11   1  1.55 0.61
   88 H    -2   4   2   0  -2   0   0  -2   7  -4  -3   0  -1  -3  -1   0  -2  -4  -1  -4    1  22   9   6   1   2   5   3  26   1   3   4   2   1   4   6   2   0   2   1  0.60 0.35
   89 P    -1   0  -3  -4  -2  -1  -2  -2  -1  -2  -3  -2  -2  -5   7  -1  -2  -5  -4  -2    4   5   1   1   1   3   2   2   2   3   3   2   1   0  60   5   3   0   0   3  1.36 0.57
   90 E    -2  -1   0   5  -4   1   4  -2  -1  -4  -2   0  -2  -3   0   0  -1  -5  -4  -4    2   3   4  34   0   5  26   2   1   0   4   3   1   1   4   6   3   0   0   0  0.63 0.37
   91 Q    -2  -1   4  -1   0   4  -1  -3   0  -4  -3   0  -1  -1  -3   2   0   1   0  -4    1   3  22   2   2  24   1   1   2   0   2   4   2   3   0  17   6   2   4   0  0.50 0.37
   92 L    -2  -2  -4  -4  -3  -3  -4  -4  -3   1   4  -4   3   4  -4  -3  -1  -2   1   0    2   2   0   0   0   0   1   1   0   8  40   0   8  21   0   1   4   0   3   6  0.64 0.35
   93 I    -1  -4  -3  -2  -3  -2   0  -2  -1   5   0  -3   0   0  -4  -1  -1  -4  -3   3    4   0   0   2   0   2   8   3   2  39   7   0   2   4   0   5   3   0   0  19  0.44 0.33
   94 T    -1  -1   1  -3   1  -1  -1  -1   1  -1  -3   0  -2   3  -3   2   3  -3   1  -1    4   2   6   0   3   2   2   4   3   3   1   7   0  16   0  19  20   0   4   3  0.28 0.28
   95 G     1  -2  -1   0   0  -3  -2   5   0  -1  -4  -1  -4  -4  -4   0  -1   2  -1  -4    9   3   3   4   2   0   3  50   3   5   1   3   0   0   0   5   3   3   3   0  0.66 0.41
   96 K    -2   0   0  -1   1   3   0   0   1  -1  -1   2   0  -1  -1  -1  -1  -3   0   0    1   4   4   4   3  17   4   8   3   3   6  15   3   3   3   4   3   0   3  10  0.14 0.19
   97 E     0   1   1   1   2   1   0   0  -2  -2  -1   0  -1  -3   1   0   0  -3  -2   0    7   7   7   7   6   7   7   7   0   0   7   7   0   0   7   7   7   0   0   7  0.06 0.10
   98 D     0  -2   1   3  -3  -1   1   3  -2  -3  -3   0  -3  -3   0   0  -2  -3   0  -1    8   0   8  17   0   0   9  23   0   0   1   5   0   0   5   7   0   0   4   5  0.23 0.21
   99 A     4  -1  -2  -1   0  -2  -2  -2  -3   0  -1  -1  -1  -3   2   0  -1  -3  -3  -1   49   4   0   4   2   0   1   1   0   7   6   2   1   0   8   5   2   0   0   1  0.36 0.29
  100 A     4  -2   1   1  -2  -2  -2   1  -2  -3  -3   0  -2   0  -2   1  -1  -3   1  -2   39   0   6   7   0   0   1  12   0   1   1   4   0   4   1  11   1   0   6   1  0.30 0.25
  101 N    -3  -2   7   0  -1  -2  -2  -2   0  -4  -4  -1  -3   0  -3   1   0   3  -3  -4    1   0  59   3   2   0   1   2   2   0   1   2   0   4   0   8   6   5   0   1  0.95 0.45
  102 N    -2  -1   5   1   2   0  -1  -2   0   0  -2  -1  -2  -3  -3   2   0  -3   0  -1    1   3  37   6   5   5   1   1   1   6   3   2   0   0   0  15   5   0   3   3  0.39 0.27
  103 Y    -1  -3  -3  -4  -3   0  -3  -4   0   0  -1  -1  -2   4  -3  -1   0   4   5  -1    6   0   0   0   0   5   0   0   2   5   4   5   0  22   0   3   7   6  28   4  0.55 0.30
  104 A     2  -2  -2  -3   1   0  -2   0   0   0   1   0  -1   1  -1   0   0   1  -1   0   29   0   0   0   4   5   0   6   3   7  13   5   0   8   3   4   3   2   0   5  0.10 0.13
  105 R     1   3  -1   1   1   1   0  -2   1  -1  -2   1  -1   0  -2   0   1  -2  -1  -2   12  22   1  10   4   5   5   1   4   5   2   7   0   5   1   5   9   0   1   1  0.15 0.11
  106 G     0   0   1   0  -3  -2  -2   4   1  -3  -1  -2  -2  -3  -2   1   1  -3  -3  -2    6   5   6   6   0   0   0  37   5   0   9   0   0   0   0  13   9   0   0   0  0.35 0.19
  107 H    -2   1   0  -1  -4   0   0  -1   6  -3  -2   0  -2   2  -3   0  -2  -2   3  -3    3   7   5   3   0   3   6   3  28   0   4   7   0  10   0   6   1   0  13   1  0.45 0.27
  108 Y    -3  -3   0  -2   1  -2  -3  -2   3  -2  -1  -2  -2   1   1  -1   1   4   6  -3    1   0   5   3   4   2   0   2   6   3   4   2   0   3   8   4  10   5  37   0  0.56 0.33
  109 T     0  -1  -1   1   3   1  -1   0  -2   1   0   0   2  -2  -2   0   1  -3  -2   0    8   0   0   8   8   8   0   8   0   8   8   8   8   0   0   8   8   0   0   8  0.07 0.10
  110 I    -1  -3  -2  -1   1   0   0  -3  -1   3   1  -2   2  -2  -4  -1  -1  -4  -1   3    5   1   2   4   3   4   8   2   2  21  13   1   4   0   0   5   2   0   2  21  0.24 0.22
  111 G    -1  -3  -1  -4  -1  -5  -2   7  -5  -6  -4  -5  -5  -6  -2   0  -4  -6  -2  -6    5   1   3   0   1   0   3  71   0   0   2   0   0   0   3   7   0   0   2   0  1.50 0.69
  112 K     0   3   1  -3  -1   1   0  -1   2  -5  -2   5  -2  -5  -3   0  -3  -1  -4  -4    7  14   6   0   2   7   5   5   6   0   3  33   1   0   1   7   0   1   0   1  0.52 0.37
  113 E    -2   1   0   0   0   1   5  -2   2  -4  -4   1  -2  -2  -3  -1  -3   2  -2  -3    2   6   5   3   2   6  43   4   5   1   2   7   1   2   1   5   1   2   1   1  0.64 0.44
  114 I    -2  -2  -2  -2  -3  -2  -3  -4  -1   4   2  -2   3  -1  -4  -2   0   0  -1   2    3   2   2   3   0   1   1   0   1  26  22   2   7   2   0   2   5   1   2  16  0.38 0.27
  115 I    -2  -4  -4  -5   2  -4  -3  -3  -1   5   2  -3   2  -1  -1  -3  -2   1  -2   3    3   0   0   0   4   0   2   2   2  35  15   1   6   2   3   1   2   2   1  18  0.55 0.35
  116 D    -2   0   1   6  -5  -1   2   0   1  -5  -5  -1  -2  -5   0   0  -2  -5   0  -5    2   5   6  42   0   1  13   7   3   0   1   3   1   0   5   5   2   0   3   0  0.74 0.44
  117 L     0   1   0   0  -3   2   0  -1   0  -1   1   0   1  -1   0   0   0  -3  -1   0    8   7   5   5   0  10   4   3   2   3  19   4   4   2   4   7   4   0   2   7  0.06 0.10
  118 V     0  -2  -4  -5   4  -4  -4  -2  -4   2   0  -4   0   1  -4  -1   1  -4  -1   5    6   2   0   0   8   0   0   3   0   8   7   0   2   5   0   4   8   0   2  43  0.60 0.38
  119 L    -1  -1  -1  -1   1  -2  -1   0  -3   0   2  -1   4   1  -1  -1  -1  -3   0   1    3   3   3   3   3   0   3   7   0   5  24   3  14   6   3   3   4   0   4   8  0.15 0.17
  120 D    -1   0   2   5  -4   0   2  -1   1  -4  -4   0  -3  -4  -3   0  -1  -4   0  -1    4   4   9  30   0   4  14   5   4   0   1   4   0   0   0   6   4   0   4   6  0.44 0.30
  121 R     0   5  -2  -2   1   2  -1  -2  -2  -1  -2   0  -1  -4  -3   0  -1  -2  -2   1    6  40   1   2   3   8   3   2   0   2   3   4   1   0   1   7   2   0   1  14  0.44 0.27
  122 I    -2  -4  -3  -4   0  -4  -4  -4  -5   6   1  -4   0  -1  -4  -3   0  -4  -3   4    2   0   1   0   2   0   0   1   0  47   9   0   1   1   0   1   5   0   0  27  0.81 0.36
  123 R    -4   8  -2  -4  -4   0  -1  -3  -1  -5  -4  -1  -4  -4  -5  -3  -2   0  -4  -5    0  80   1   0   0   3   3   2   2   0   1   1   0   0   0   1   2   1   0   0  1.73 0.63
  124 K    -2   4  -1  -3  -5   0  -1  -3  -1  -3  -2   6  -3  -5  -3  -1  -2  -5  -3  -3    2  20   2   0   0   3   2   1   2   2   3  56   0   0   1   3   1   0   0   1  0.95 0.43
  125 L    -2  -2  -2  -3  -1   0   2  -3  -3   1   3  -2   3   0  -3  -2  -1  -3  -2   0    2   2   2   0   1   4  17   1   0   6  39   1   9   3   0   1   3   0   0   6  0.33 0.23
  126 A     5  -3  -3  -3   1  -3  -3  -2  -3  -1  -1  -2  -2  -2  -3   0   1  -2  -2   1   54   0   0   1   2   0   0   1   0   2   5   2   1   1   0   4  10   0   1  13  0.56 0.33
  127 D    -3  -2   0   5  -5  -1   6  -3  -1  -4  -5  -2  -4  -5  -4  -2  -3  -5  -4  -5    1   1   4  34   0   0  51   2   1   1   1   1   0   0   0   1   1   0   0   0  1.24 0.50
  128 Q     0   0   4   1  -1   4   0   0  -1  -2  -3   0  -2  -4  -2   1  -1  -2  -3  -1    6   4  22   7   1  25   3   5   1   2   2   3   0   0   1  10   3   1   0   4  0.37 0.25
  129 C     0  -5  -5  -5  11  -5  -5  -4  -5  -4  -2  -5  -4  -3  -5  -1  -2  -5  -3  -4    6   0   0   0  77   0   0   1   0   0   4   0   0   1   0   5   2   0   1   0  2.61 0.75
  130 T    -1  -1   1   5  -2   0   1  -2  -1  -3  -4  -2  -3  -4  -3   2   4  -5  -3  -3    3   2   7  32   1   3   7   1   1   1   0   0   0   0   0  13  26   0   0   0  0.63 0.34
  131 G    -1  -1   3  -1   5  -1  -2   4  -2  -4  -4  -2  -2  -3  -3   1  -2  -4  -3  -4    4   4  14   3  15   3   1  38   1   0   1   2   1   1   0  11   1   0   0   0  0.64 0.31
  132 L    -3  -4  -5  -5  -2  -4  -5  -3  -5   0   6  -4   0   2  -1  -4  -3  -4  -3  -1    1   0   0   0   1   0   0   2   0   2  77   0   1   7   3   0   1   0   0   3  1.07 0.45
  133 Q    -2  -1  -3  -2  -5   8   0  -4   0  -2  -5  -1  -1  -6  -4  -1  -3  -5  -4  -5    2   2   0   1   0  78   3   1   2   2   1   1   1   0   0   4   1   0   0   0  1.71 0.68
  134 G     0  -5  -2  -4  -2  -4  -5   7  -4  -3  -6  -4  -5  -5  -5  -2  -4  -3  -4  -4    7   0   1   0   1   0   0  84   0   2   0   0   0   0   0   2   0   0   1   1  1.72 0.57
  135 F    -5  -5  -6  -6  -1  -2  -6  -6  -4  -1  -1  -5  -1   9  -6  -4  -5  -2   0  -3    0   0   0   0   1   2   0   0   0   3   4   0   1  83   0   1   0   0   1   1  2.07 0.67
  136 L    -3  -3  -4  -4  -2   3  -2  -5  -3   2   4  -2   3   1  -4  -3  -3  -3  -2   0    1   0   0   0   1  16   2   0   0  12  44   2   9   6   0   1   0   0   0   4  0.58 0.32
  137 V    -2  -2  -2  -4  -3  -4  -4  -5  -4   4   2  -4   2   1  -4  -3  -2  -4  -3   4    1   2   3   0   0   0   0   0   0  32  15   0   4   5   0   1   0   0   0  34  0.68 0.32
  138 F    -3  -4  -3  -5   1  -4  -5  -5  -3  -2  -2  -4   0   7  -5  -1   2  -2   3   0    1   0   1   0   3   0   0   0   0   1   2   0   2  58   0   4  12   0   9   5  1.21 0.48
  139 H    -4   2   2  -4   0  -2  -3  -5  10  -6  -5  -2  -4  -3  -5  -1  -4  -5   0  -5    0  11  10   0   2   1   0   0  65   0   0   1   0   1   0   5   0   0   2   0  1.91 0.65
  140 S     1  -4  -2  -3  -2  -3  -3  -2  -2  -2  -5  -3  -4  -5  -4   7  -1  -5  -4  -4   10   0   0   0   1   0   0   1   1   2   0   0   0   0   0  78   1   0   0   0  1.31 0.61
  141 F    -2  -4  -4  -5   0  -4  -4  -5  -1   1   2  -4   0   6  -4  -3  -1  -2   1   1    4   0   1   0   2   0   0   0   1   6  23   0   2  41   0   0   4   0   4  10  0.75 0.33
  142 G    -1  -2  -1  -4  -1  -4  -4   7  -4  -6  -6  -4  -5  -5  -4  -1  -4  -5  -5  -5    4   2   3   0   1   0   0  83   0   0   0   0   0   0   0   4   0   0   0   0  1.69 0.56
  143 G    -3  -5  -3  -3  -5  -4  -3   7  -4  -5  -5  -4  -5  -5  -4  -2  -4  -5  -5  -2    1   0   0   1   0   0   2  87   0   0   1   0   0   0   0   2   0   0   0   3  1.84 0.60
  144 G    -3  -5  -3  -2   1  -4  -3   7  -4  -5  -4  -4  -5  -5  -4  -3  -4  -5  -5  -5    1   0   0   2   3   0   1  86   0   0   2   0   0   0   0   1   0   0   0   0  1.85 0.61
  145 T    -3  -2  -3  -4  -4  -3  -4  -4  -4  -4  -4  -4  -2  -5  -4  -1   8  -5  -4  -3    1   2   0   0   0   1   0   1   0   0   1   0   1   0   0   3  89   0   0   0  1.92 0.74
  146 G    -2  -2  -3  -2  -5  -4  -4   7  -4  -5  -4  -4  -5  -3  -4  -2  -4  -5  -5  -5    1   3   0   2   0   0   0  85   0   0   2   0   0   2   0   1   0   0   0   0  1.78 0.60
  147 S     0  -3  -1  -1  -4  -3  -3  -2  -4  -4  -3  -3  -4  -5  -3   7  -2  -5  -2  -4    6   0   2   3   0   0   0   1   0   0   3   0   0   0   0  79   0   0   1   0  1.34 0.60
  148 G    -2  -1  -3  -4   0  -4  -4   7  -4  -5  -5  -4  -4  -5  -4  -3  -4   2  -5  -3    2   3   0   0   3   0   1  81   0   0   1   1   0   0   0   1   1   3   0   2  1.67 0.56
  149 F    -3  -4  -5  -5  -4  -4  -5  -3  -4  -1   3  -3   4   7  -5  -4  -1  -2   0  -2    2   0   0   0   0   0   0   2   0   2  24   2  13  47   0   0   3   0   2   1  1.05 0.44
  150 T     0  -2   0  -3  -1  -3  -2   4  -1  -3  -2  -3  -1  -4  -3   0   4  -4  -4  -3    6   2   3   0   1   0   1  34   2   0   4   1   2   0   0   7  35   0   0   1  0.67 0.36
  151 S     2  -3  -1  -2   2  -3  -3  -3  -3  -2  -4  -3  -1  -4   0   5   3  -4  -4  -3   13   0   3   1   4   0   0   0   0   3   1   0   1   0   3  48  20   0   0   0  0.74 0.41
  152 L    -1  -1  -4  -5  -4  -3  -4  -4  -2  -1   6  -2   1  -1  -5  -3  -3  -4  -2  -1    4   5   1   0   0   1   0   1   1   1  74   2   2   2   0   1   0   0   1   3  0.99 0.46
  153 L    -3  -4  -5  -3  -3  -4  -5  -5  -5   3   5  -4   1   1  -5  -4  -3  -4  -3   0    1   0   0   2   0   0   0   0   0  13  69   0   2   6   0   0   0   0   0   3  1.04 0.45
  154 M    -2  -4  -4  -3   0  -1  -4  -4  -4   3   3  -4   7  -2  -4  -3  -1  -1  -2   0    2   0   1   2   2   2   0   1   0  15  31   0  33   1   0   1   2   1   1   2  0.84 0.41
  155 E    -2  -2  -1   1  -5   1   6  -2  -3  -5  -4   0  -4  -5  -3   2  -2  -5  -4  -4    2   1   3   6   0   5  58   3   0   0   1   3   0   0   1  13   2   0   0   0  0.99 0.48
  156 R    -1   5  -1  -2  -1   1   0  -2   3  -3  -2   3  -3  -3  -2  -1  -2  -1  -1  -3    3  36   3   1   2   7   5   3   8   1   3  20   0   1   1   2   1   1   2   2  0.58 0.32
  157 L    -3  -4  -4  -5  -3  -4  -5  -5  -5   3   5  -4   2  -1  -3  -3  -3  -4  -3   0    2   0   1   0   0   0   0   1   0  18  64   0   4   2   1   1   0   0   0   4  0.98 0.42
  158 S     0   3  -1  -1   2   0  -1  -2  -1  -4  -3   0  -2  -3  -2   4   1  -4  -2  -3    7  17   2   3   4   3   2   2   1   0   2   3   1   1   1  42   7   0   1   1  0.48 0.32
  159 V    -1  -2  -1   1  -2   0   3  -3  -2   0  -1  -1   0  -3  -2   0   1  -4  -3   3    4   2   2   8   1   3  23   1   0   2   3   2   2   0   2   5   7   0   0  32  0.31 0.25
  160 D    -3  -2   1   6  -5   0   5  -3  -1  -5  -4  -2  -2  -4  -3  -2  -3  -2  -4  -4    1   1   5  41   0   2  38   2   2   0   1   1   1   1   0   1   1   1   0   1  1.09 0.47
  161 Y    -5  -5  -5  -6  -2  -4  -5  -6  -1  -4  -3  -5  -2   4  -5  -4  -2  -1   9  -2    0   0   0   0   1   0   0   0   1   0   2   0   1  16   0   1   3   0  71   2  2.08 0.72
  162 G     0  -1  -2  -2  -1  -3  -1   5  -4  -4  -4  -1  -1  -5   4   0  -2   0  -3  -3    8   3   1   1   1   0   4  41   0   0   1   2   2   0  22   5   2   1   1   1  0.73 0.35
  163 K    -3   1  -1   3  -5  -2  -2   0  -3  -5  -5   6  -4  -5  -1  -1  -2  -5  -4  -5    0   7   2  17   0   0   1   6   0   0   0  58   0   0   2   3   2   0   0   0  1.01 0.48
  164 K    -3   4  -2  -4  -2   0  -2  -4  -3  -2  -2   6  -1  -5  -3  -3   0  -5  -3  -3    1  23   1   0   1   2   0   0   0   2   4  54   1   0   1   0   6   0   0   2  1.02 0.49
  165 S    -1  -2  -1  -3   1  -2  -2  -1  -1   1  -2  -3   3  -1   1   4   1  -4  -2   0    3   1   1   0   4   0   1   4   2   8   3   0  10   2   7  40   8   0   1   5  0.38 0.31
  166 K    -3   2  -2  -3  -1   0  -2  -4  -2  -1  -1   6   4  -3  -3  -1  -1  -5  -4  -1    0   8   1   0   1   3   0   0   0   3   6  52  13   1   1   4   2   0   0   3  0.76 0.43
  167 L    -2  -3  -1  -5   1  -3  -4  -2  -4   2   4  -4   1   1  -4  -2  -2  -4  -3   1    3   1   3   0   4   0   1   4   0  13  54   0   3   5   0   2   1   0   0   6  0.59 0.32
  168 E    -1  -1  -1   0  -1   1   5   1  -2  -4  -4  -1  -4  -1  -3   1   2  -5  -4  -4    4   2   1   3   1   5  44  11   0   0   0   2   0   3   0   8  14   0   0   0  0.60 0.36
  169 F    -5  -5  -5  -6  -1  -5  -6  -5  -4   0   0  -6   0   8  -6  -5   0  -1   2  -1    0   0   0   0   1   0   0   1   0   4   6   0   2  71   0   0   7   0   3   4  1.64 0.61
  170 S     2  -3   0  -1   2  -3  -2  -1  -3  -3  -3  -3  -1  -2  -2   5   2  -5  -4  -2   17   0   3   2   5   0   2   4   0   1   1   0   1   2   1  49  10   0   0   2  0.63 0.39
  171 I    -3  -5  -5  -5  -1  -5  -5  -6  -5   5   0  -5  -1  -2  -5  -2  -2  -5  -4   5    0   0   0   0   1   0   0   0   0  40   7   0   0   1   0   3   1   0   0  47  1.16 0.49
  172 Y    -3  -4  -4  -4  -2  -4  -5  -4  -1  -1  -2  -4   0   4  -2  -3  -2   2   8   0    1   0   1   1   1   0   0   1   1   3   3   0   3  18   3   1   2   2  50   7  1.22 0.53
  173 P    -1  -5  -5  -5  -1  -5  -4  -5  -3  -6  -5  -3  -6  -7   8  -2  -4  -7  -6  -5    4   0   0   0   1   0   0   0   1   0   1   1   0   0  86   2   0   0   0   0  2.52 0.83
  174 A     4  -2  -2  -1   0  -3  -2  -1  -4  -4  -4  -3  -4  -5  -1   5  -1  -5  -3  -3   32   1   0   4   2   0   1   3   0   0   0   0   0   0   2  48   1   0   1   0  0.78 0.47
  175 P    -2  -2  -2  -1  -5  -2  -3  -5  -1  -5  -4  -3  -5  -5   8  -2  -3  -6  -3  -3    3   2   1   3   0   1   1   0   1   0   2   1   0   0  73   3   1   0   1   2  1.85 0.64
  176 Q    -2   1   0  -1  -3   6   0  -1   0  -3  -3   4   0  -5  -1  -1  -1  -4  -2  -4    1   7   4   2   0  37   2   4   2   1   1  25   2   0   3   3   2   0   1   0  0.66 0.39
  177 V    -2  -4  -3  -4  -2  -2  -4  -4  -2   3   1  -2   2  -1   1  -2  -1  -4   0   4    1   0   1   0   1   2   0   0   1  15  10   2   5   2   6   2   2   0   3  42  0.46 0.29
  178 S     1  -3  -2  -2  -2  -2  -3  -2   2  -4  -2  -1  -2  -2  -3   6  -1  -5  -4  -3   11   0   0   1   1   1   0   1   4   0   4   2   1   1   0  66   0   0   0   1  0.90 0.51
  179 T    -1  -1  -1   2  -1   0   0  -3  -3  -2  -2  -2  -2  -4   1   0   5  -4  -4  -2    3   3   2  13   2   3   4   1   0   1   4   0   1   0   7   6  44   0   0   1  0.51 0.34
  180 A     3  -3   1  -3   0  -2  -2   0  -3   0  -1  -2  -2  -3  -1   2   2  -4  -2  -1   36   0   6   0   1   0   0   5   0   5   4   0   0   0   2  17  15   0   1   4  0.35 0.27
  181 V    -2  -4  -4  -4  -1  -3  -3  -4  -4   3  -1  -4   0  -2   0  -3   0   2  -3   5    1   0   0   0   1   0   2   1   0  12   2   0   2   1   4   1   6   3   0  58  0.71 0.37
  182 V    -2  -4  -4  -4  -3  -4  -4  -4  -4   1   0  -4   0  -2  -4  -3  -1  -4  -2   6    1   1   0   1   0   0   1   1   0   2   6   1   1   1   1   1   3   0   1  75  1.06 0.45
  183 E    -3  -2  -3   0  -5   1   7  -4  -3  -5  -4  -2  -4  -5  -1  -2  -3  -4  -4  -4    1   1   0   4   0   3  80   1   0   1   1   1   0   0   2   1   1   0   0   1  1.51 0.57
  184 P    -2  -4  -4  -4  -5  -4  -4  -4  -4  -4  -4  -3  -4  -5   8  -2  -3  -5  -5  -2    2   0   0   1   0   0   1   1   0   0   2   1   0   0  82   3   1   0   0   3  2.24 0.67
  185 Y    -4  -4  -4  -4  -5  -4  -4  -5   1  -4  -4  -4  -4   0  -5  -4  -1  -1   9  -4    1   0   0   1   0   0   1   1   2   0   1   1   0   2   0   1   4   0  82   1  2.24 0.72
  186 N    -4  -1   8  -1   0  -3  -3  -3   2  -6  -6  -2  -5  -5  -5  -2  -3  -6  -4  -5    0   3  81   2   2   0   0   0   4   0   0   1   0   0   0   2   0   0   0   0  1.90 0.69
  187 S     4  -3  -2  -3   1  -1  -2  -2  -2  -3  -4  -2  -3  -4  -3   4   2  -4   0  -2   34   0   0   0   3   3   0   1   1   0   0   0   0   0   0  33  16   0   4   1  0.62 0.38
  188 I    -1  -4  -3  -4  -3  -4  -4  -4  -4   5   1  -4   1  -2  -4  -3   2  -4  -3   4    3   0   1   0   0   0   0   1   0  36  12   0   3   0   0   0  12   0   0  30  0.67 0.33
  189 L    -4  -4  -5  -6  -4  -4  -5  -6   0  -1   6  -5   0   0  -5  -3  -4  -4  -3  -2    0   0   0   0   0   0   0   0   2   0  87   0   1   4   0   2   0   0   0   0  1.42 0.58
  190 T     1   0  -1  -3   2  -2  -3  -1   2  -2  -2  -2  -1   1  -3   3   4  -4  -2  -2   11   5   3   0   5   0   0   4   6   2   3   0   1   6   0  26  27   0   1   1  0.41 0.32
  191 T     0  -3  -3  -4  -2  -3  -2  -4  -4   0   0  -2   1  -2   0   1   5  -4  -2   2    6   0   0   0   1   0   1   0   0   3   7   1   4   1   5   9  47   0   1  14  0.60 0.39
  192 H    -4  -4   0  -2  -6   0  -2  -4  10  -5  -1  -2  -4  -4  -5  -1  -3  -5   1  -5    0   0   3   2   0   3   2   1  70   0   8   1   0   0   0   5   1   0   3   0  2.05 0.75
  193 T     1  -1  -1   0   1   3  -1  -2   1  -2  -1  -1   0  -1  -2   2   3  -2  -1  -2   13   2   2   4   3  14   1   2   4   2   6   1   3   2   1  13  26   1   2   1  0.26 0.24
  194 T     0  -3  -1  -3   0  -3  -3  -3  -2   1   3  -3   1  -3  -2   1   5  -4  -3  -1    7   0   2   0   1   0   0   1   1   7  27   0   2   0   1   8  39   0   0   0  0.51 0.35
  195 L    -2  -2  -3  -2  -3   1  -3  -4   1   2   3  -2   3  -1  -2  -2  -2  -3  -2   2    1   2   1   3   0   8   0   0   4  10  40   1  11   1   1   2   2   0   0  13  0.40 0.27
  196 E    -2  -2   0   3  -5   0   6  -2  -2  -4  -2  -1  -3  -5  -2  -1  -2  -5  -2  -4    2   1   3  16   0   1  58   3   1   0   6   1   0   0   1   2   2   0   2   1  0.93 0.47
  197 H    -3  -2   3  -2  -2   0  -2  -4   8  -2  -2  -2  -3   2  -4  -2   0   4   2  -3    0   1  17   2   1   3   1   0  38   3   3   2   0   9   0   2   5   6   6   1  0.90 0.43
  198 S     1  -3   1  -2   1  -2  -2   0  -3  -1  -2  -2  -1  -2  -2   4   2  -4  -3  -1   11   0   7   1   4   0   2   5   0   4   2   1   1   1   1  43  14   0   0   4  0.46 0.33
  199 D    -1  -4   1   7  -5  -2   0  -2  -1   0  -5  -2  -5  -5  -4  -1  -3  -6  -5  -4    4   0   6  71   0   1   4   2   1   6   0   1   0   0   0   3   0   0   0   0  1.40 0.57
  200 C    -1  -3  -4  -4   9  -2   0  -4  -4  -1   1  -3  -1  -1  -4  -3  -3  -4  -3   2    4   1   0   0  47   1   8   1   0   3  13   1   1   3   0   1   0   0   1  13  1.14 0.47
  201 A     2  -3  -1  -2   4  -2  -2   0  -3   0  -2  -2  -1  -2  -3   1   3  -4  -3   1   24   0   2   2   8   1   1   7   0   6   1   0   1   1   0  11  23   0   0  10  0.33 0.25
  202 F    -4  -4  -3  -5  -1  -3  -5  -5  -4   1   1  -5   1   7  -5  -4  -3  -2   1   1    0   0   2   0   2   1   0   0   0   9  10   0   3  55   0   1   1   0   3  12  1.08 0.46
  203 M    -2   0  -3  -4   4  -2  -3  -4   1   1   2  -3   7  -1   1  -2  -2  -3  -2   0    2   5   0   0   9   1   0   1   4   6  16   0  36   1   7   1   2   0   1   5  0.56 0.32
  204 V     0  -3  -3  -4   0  -3  -3  -3  -3   2   2  -3   2   1  -3  -2  -1  -2   0   3    6   0   0   1   2   0   1   1   0  13  24   1   5   7   1   1   2   0   3  33  0.37 0.20
  205 D    -3  -3  -1   7  -4  -2   0  -2   2  -4  -4  -2  -4  -4  -1  -1   0   5  -3  -4    1   1   0  62   0   0   4   2   5   1   1   1   0   0   3   2   8   8   0   1  1.07 0.41
  206 N    -3   2   7  -1  -4  -2  -2  -3  -2  -2  -1   1  -3  -4  -3  -1  -2  -4  -3  -1    1  11  57   1   0   0   1   1   0   2   8   8   0   0   0   3   1   0   0   5  0.84 0.41
  207 E    -1  -1  -2   1  -4   2   5  -2   2   0  -3   1  -2  -3   0  -1  -1  -4  -3  -2    6   1   0   5   0   7  46   2   5   8   1   7   0   0   5   2   2   0   0   2  0.48 0.28
  208 A     4  -2  -2  -2  -2   1   1  -1  -3  -2  -1  -1   4  -3  -2   0   0  -4  -3  -1   51   0   0   2   0   5   8   3   0   0   3   3  14   0   0   4   3   0   0   2  0.48 0.33
  209 I    -2  -2  -3  -3   3  -2  -3  -2  -3   3   2   0   3  -2  -1   0  -1  -3  -2   1    0   0   0   0   7   0   0   4   0  25  22   7   9   0   3  10   3   0   0   6  0.25 0.23
  210 Y    -3  -3  -1  -3   0   0  -3  -4   1  -1  -1  -1   1   2  -1  -1   1   2   6  -1    1   0   2   0   2   5   0   1   2   4   3   3   4   9   2   3  10   2  35   3  0.45 0.36
  211 D    -1   0   2   5  -4   0   2  -1   0  -1  -3   0  -3  -3  -3  -1  -2  -4  -1  -3    3   5  10  37   0   3  12   3   3   6   1   3   0   0   0   3   0   0   3   0  0.43 0.32
  212 I     0   0   1  -2  -2   1  -1  -2  -2   0   0  -1   1   1   1   0   0  -2  -1   0    8   8   7   0   0   7   0   1   0   8   8   0   7   7   8   8   8   0   0   8  0.04 0.11
  213 C    -2  -5  -2  -6  10  -5  -6  -2   0  -2  -2  -1  -4  -1  -5  -2  -2  -5  -1   0    3   0   3   0  57   0   0   4   2   2   3   4   0   3   0   3   2   0   2   6  1.78 0.78
  214 R     1   3   0  -1   0   1   0  -1   2  -2  -1   1   0   0  -2   0   0  -3  -1  -1   11  20   5   3   2   5   3   3   6   2   4   8   3   6   2   5   6   0   2   5  0.14 0.15
  215 R    -4   6   1  -1  -5   1   0  -3   1  -3  -3   2  -1  -5  -2  -1  -1   0  -4  -2    0  41   7   3   0   6   4   2   3   2   2  13   2   0   2   3   3   2   0   2  0.71 0.44
  216 N    -1  -1   5  -3  -1  -1  -2  -2   3  -2  -3   1   0  -1  -3   1   3  -5  -1  -3    4   3  29   0   2   3   2   2   7   2   3  10   3   3   1   8  17   0   3   2  0.49 0.37
  217 L    -4  -5  -5  -6  -4  -5  -5  -4   0   1   6  -3   1  -1  -1  -2  -2  -5  -1   0    0   0   0   0   0   0   0   2   3   6  67   2   3   2   3   3   3   0   2   5  1.05 0.56
  218 D     0   0   2   4   0  -1   0   1   1  -5  -2   3  -4  -5  -4   0  -2  -5  -1  -4    6   4   9  24   3   2   4  11   3   0   4  19   0   0   0   6   2   0   2   0  0.43 0.32
  219 I    -3  -5  -2  -2   0  -3  -3  -5  -5   5   2  -3   1  -1  -1  -2   0  -5  -4   3    0   0   3   3   2   1   2   0   0  35  18   2   2   2   3   3   6   0   0  18  0.62 0.38
  220 E    -1   0   1   3  -1   1   3  -2   1  -3  -3   1  -3  -3   1   0   1  -4  -1  -2    4   3   5  14   1   5  21   3   4   1   3   8   0   1   6   6   8   0   3   2  0.27 0.23
  221 R    -2   4   1  -1   2   1  -1  -2   2  -3  -3   2  -2  -3  -4   1   2   0  -1  -4    2  27   6   4   4   5   2   4   4   1   2  10   1   1   0  11  12   1   2   0  0.43 0.33
  222 P     0  -5  -5  -5   0  -5  -5  -4  -5  -1  -3  -4  -5  -6   8  -2  -2  -6  -2  -3    9   0   0   0   2   0   0   1   0   4   2   0   0   0  71   3   2   0   1   2  1.93 0.78
  223 T    -1  -1   1   0  -3  -3  -3   0  -2  -4  -3  -1   0  -4  -3   3   4  -1  -3  -2    5   4   7   4   0   0   0   8   1   0   3   3   2   0   0  25  33   1   1   2  0.53 0.38
  224 Y    -3  -5  -1  -5  -2  -4  -5  -5   3  -3  -1  -5  -1   3  -5  -4  -2   0   9  -2    2   0   3   0   1   0   0   1   6   1   6   0   1  10   0   1   2   1  60   3  1.69 0.70
  225 T    -1   0   0   0   0   0   1   0   0  -1  -1   0   0   0   1   1   3  -3  -2  -1    3   3   2   5   2   3   8   6   2   3   4   5   2   6   7   8  25   0   0   4  0.14 0.15
  226 N    -3  -2   6   2  -4   0   0  -1   3  -4  -2   0  -3  -4  -3   0   0  -4   0  -1    1   0  42  10   0   3   5   3   8   0   3   4   0   0   0   6   4   0   3   5  0.64 0.36
  227 L    -1  -4  -4  -4  -3  -3  -4  -4  -4   3   4  -3   2   0   1  -1  -2  -3   0   1    5   0   0   0   0   0   0   1   0  16  47   0   4   4   8   4   0   0   4   6  0.52 0.30
  228 N    -4  -3   8  -2  -5  -2   0  -3   3  -5  -5  -3  -4  -5  -4  -2   1  -5  -4  -4    1   0  72   1   0   0   6   1   6   0   1   1   0   0   1   1   8   0   0   1  1.61 0.55
  229 R    -1   5   0  -3   0   1  -1  -2   3  -4  -3   0  -1  -3  -3   0  -1   5  -1  -4    5  42   4   0   2   7   2   2   7   0   1   4   2   0   0   6   4   7   2   1  0.65 0.30
  230 L    -3  -2  -4  -4   3  -3  -4  -4  -1   1   4  -3   2   1  -4  -3  -2  -3  -1   2    1   2   0   0   7   0   1   1   2   7  52   0   4   6   0   1   1   0   2  12  0.61 0.27
  231 I    -1  -3  -4  -4  -3  -2  -3  -4  -4   5   1  -2   1  -1   0  -1  -1  -4  -3   3    4   0   0   0   0   1   1   1   0  43   7   2   3   2   6   5   1   0   0  22  0.55 0.29
  232 S     4  -2  -1  -2  -1  -2  -2   1  -3   0  -3  -1  -3  -4  -3   4  -1  -4  -3  -2   38   1   2   1   1   0   1   8   0   6   1   2   0   0   0  31   2   0   0   2  0.50 0.33
  233 Q    -1   0  -1  -3   1   6  -1  -3   0  -3  -2   0  -1  -3   1  -1  -2  -4  -2  -2    5   4   2   0   3  50   1   1   2   2   4   4   2   1   7   3   2   0   1   2  0.69 0.40
  234 I     1  -3  -1  -3  -1  -2  -3  -1  -4   3  -1  -3   0  -1  -3  -2   1  -4  -3   4   12   0   4   0   1   1   0   4   0  17   3   0   2   3   0   1   8   0   0  38  0.37 0.26
  235 V    -2  -4  -4  -4  -1  -2  -4  -4  -4   3   1  -3   5  -1  -4   0  -1  -4  -2   4    2   0   0   0   1   2   0   0   0  14   7   0  21   2   0   7   2   0   1  36  0.58 0.35
  236 S     1  -2   1  -1   3  -1  -1   1   3  -2  -2  -1  -1   1  -2   1   1  -2  -1  -2   11   1  10   1  10   0   1  11  10   1   1   1   0  10   1  11  11   0   0   1  0.10 0.10
  237 S     1  -2   0  -1   0  -1  -2   2   4  -3  -3  -2  -2  -2  -1   3   0  -3  -2  -2   10   0   2   2   3   2   0  15  13   0   1   0   0   2   2  33   3   0   0   2  0.28 0.26
  238 I    -1  -2  -2  -3  -2   0  -2   0   0   3   1  -2   1   0   0  -1  -1  -3  -2   2    3   0   0   0   0   5   1  10   4  25  12   0   4   3   4   3   3   0   0  13  0.09 0.15
  239 T    -1  -3  -2  -3   2  -2  -2  -3  -3   0   0  -2   1  -1  -1   1   5   2  -2   0    3   0   0   0   5   0   1   1   0   4   7   0   5   2   2   7  46   3   0   5  0.36 0.31
  240 A     3  -2  -1  -2   2  -2  -2  -1   0  -1   0  -2   0  -2   2   0   2  -3  -2  -1   29   0   2   0   5   0   0   2   3   2  11   0   2   0   9   6  16   0   0   3  0.17 0.20
  241 S     1  -1  -1  -2   3  -1   0   0   1  -3  -3  -1   0  -2   0   4   0  -3  -1  -2    9   4   0   0   7   0   6   4   3   0   1   0   3   2   3  44   3   0   1   1  0.30 0.29
  242 L    -2  -2  -3  -3  -2  -1  -3  -3   2   1   3  -2   2   0  -3  -1  -1  -2   1   1    1   0   0   0   0   3   1   1   7   9  41   0   7   3   0   5   2   0   4   8  0.24 0.21
  243 R    -3   7  -3  -3  -5  -1  -2  -2  -3  -3  -2   0  -3  -4  -1  -1  -2  -1  -4  -4    1  73   0   0   0   0   0   2   0   1   4   0   0   0   3   3   2   1   0   1  1.24 0.58
  244 F    -4   0  -4  -5  -1  -4  -4  -4  -2  -2  -1  -4   0   8  -1  -3  -4   3   1  -3    1   5   0   0   1   0   0   1   1   1   4   0   2  65   3   2   0   3   2   0  1.19 0.53
  245 D    -2  -1   0   4   1  -1   1  -1   0  -2  -3   1  -1  -3   3   0  -1  -4  -2  -3    2   3   2  30   4   1   6   5   3   3   1   8   2   0  14   4   1   0   1   1  0.33 0.23
  246 G    -1  -2  -1   0   1  -3  -3   6  -3  -4  -2  -3  -4  -4   0  -1  -3  -4  -4  -4    1   2   1   6   4   0   0  64   0   0   4   0   0   0   5   3   0   0   0   0  0.90 0.42
  247 A     3  -1  -2  -1  -1   3   1  -1  -1  -3  -3  -1  -2  -3   1   2  -1   2  -1  -2   29   1   0   2   1  18  11   2   1   0   1   2   1   0   6  15   2   3   3   2  0.32 0.25
  248 L    -3   1  -2  -4   1   1  -3  -4  -1   0   5  -3   2  -1  -2  -2  -2  -3  -3  -1    0   8   2   0   3   9   0   0   2   2  60   0   4   1   2   3   0   0   0   2  0.55 0.35
  249 N    -3   1   7  -1  -4  -1  -2  -2   3  -4  -2  -1  -2  -2  -4  -1   0  -5  -2  -4    0   8  60   1   0   2   0   1   6   1   4   3   1   2   0   3   5   0   1   0  1.01 0.49
  250 V     2  -3  -1  -3  -1  -2  -2  -2  -3   1   0  -2   1  -2   0   1   0  -4  -3   4   17   0   2   0   1   1   1   3   0   3   5   1   5   1   4  10   4   0   0  41  0.32 0.27
  251 D    -3  -3   2   7  -5   0   0  -2   2  -5  -5  -1  -4  -5  -3   0  -1  -5  -2  -5    0   0  10  61   0   3   4   2   5   0   0   3   0   0   0   6   2   0   1   0  1.14 0.49
  252 L    -3   1  -4  -4  -2  -3  -3  -5   1   1   5  -3   1   1  -4  -3  -1  -3  -2   0    0   8   0   0   1   0   1   0   4   6  61   0   1   5   0   1   3   0   0   6  0.65 0.36
  253 T     0   2   2  -1  -2   0  -1   0  -2  -1  -2  -1   0  -2  -2   1   3  -4  -3   0    5  14  12   3   0   5   2   6   0   2   1   2   3   1   1   7  27   0   0   9  0.24 0.21
  254 E    -1  -2   0   2  -5   1   5  -4  -2  -4  -4   2  -4  -5   1  -1  -3  -5  -4  -2    4   0   4  11   0   3  51   0   0   0   0  14   0   0   7   2   0   0   0   2  0.83 0.42
  255 F    -4  -4  -4   1  -4  -4  -4  -5  -4   0   3  -5   0   7  -5  -4  -4   0   1  -2    0   0   0   8   0   0   0   0   0   5  29   0   1  49   0   0   0   1   4   1  1.04 0.47
  256 Q     1  -1   0  -1   0   6   0  -2   0  -4  -1   0  -1  -4  -2  -2  -2  -4  -4  -4   12   1   5   3   2  52   3   2   1   0   8   5   1   0   1   1   1   0   0   0  0.76 0.46
  257 T    -2  -1  -2  -2  -3   1  -3  -4  -4  -1  -3  -1  -1  -4   1  -1   6  -5  -3   2    2   2   1   1   0   7   0   0   0   3   1   2   1   0   7   3  56   0   0  13  0.77 0.46
  258 N    -3  -3   8  -1  -5  -3  -3   0  -1  -5  -5  -1  -4  -5  -4  -1  -1  -5  -2  -5    1   0  77   2   0   0   0   7   1   0   1   3   0   0   0   2   3   0   2   0  1.63 0.64
  259 L    -2  -4  -5  -5  -3  -4  -4  -5  -2   0   5  -4   3  -1  -3  -3  -3   1   0  -1    4   0   0   0   0   0   0   0   1   1  73   0   9   1   1   2   0   2   4   0  0.99 0.46
  260 V    -2  -4  -4  -5   1  -4  -4  -1  -5   3   0  -2  -1  -3  -4  -2  -1  -4  -2   6    0   0   0   0   3   0   0   6   0  12   7   2   0   0   0   2   2   0   1  63  0.82 0.42
  261 P     0  -4  -4  -4  -5  -4   0  -3  -5  -5  -3  -4  -5  -6   8  -2  -3  -6  -5  -5    6   0   0   0   0   0   6   1   0   0   2   0   0   0  79   2   1   0   0   0  2.11 0.69
  262 Y    -1  -4  -4  -5  -1  -4  -4  -5   0  -2   0  -3  -2   5  -5  -2  -3  -1   7  -1    5   0   1   0   2   0   0   0   2   1   6   1   0  26   0   3   0   0  48   5  1.20 0.50
  263 P    -3  -1  -3  -1  -5  -3  -3  -2  -4  -5  -3  -3  -4  -6   8  -2  -2  -6  -5  -2    1   3   1   3   0   1   0   3   0   0   2   1   0   0  77   3   2   0   0   3  1.98 0.65
  264 R    -3   7  -2  -1   0  -1  -1  -3   1  -4  -3   1  -3  -4  -1  -1  -2  -4  -3  -4    1  68   0   3   2   2   2   1   4   0   2   4   0   0   3   4   2   0   0   0  1.16 0.49
  265 I    -2  -4  -4  -1  -3  -4  -4  -4  -4   6   3  -4   1  -1  -4  -3  -1  -4  -3   1    2   0   0   4   0   0   1   1   0  52  26   0   2   2   0   1   4   0   0   4  0.73 0.35
  266 H    -2   2  -1  -4  -1  -1  -3  -4  10  -5  -4  -1  -4  -3   0  -3  -4  -5  -1  -5    3   9   2   0   1   2   0   0  70   0   2   3   0   1   4   1   0   0   0   0  1.87 0.66
  267 F    -4  -3  -5  -5  -1  -2  -2  -5  -3  -3   0  -5  -2   8  -5  -4  -3  -2   3  -3    0   1   0   0   1   2   3   0   0   0   5   0   0  74   0   0   2   0   8   0  1.65 0.60
  268 P    -2  -4  -4  -3  -3  -3  -1  -4  -4  -2   0  -2   2   3   7  -2  -2  -4  -3  -1    3   0   0   1   0   0   4   0   0   1  10   2   6  13  52   2   1   0   0   3  1.10 0.43
  269 L    -1  -3  -3  -3  -2  -1  -3  -2  -3   1   3  -3   4   0  -3   1   0  -3   0   1    4   0   0   0   0   3   0   3   0   7  35   0  15   3   0  12   6   0   3   7  0.31 0.23
  270 A     1  -3  -1  -2   3  -2  -2   0  -3   1   0  -2   1  -1   1   0   1  -3  -2   2   14   0   3   2   7   0   1   6   0   5   9   0   4   2   8   5  11   0   0  23  0.15 0.14
  271 T     1  -2   0  -2  -2   0  -2   2   1  -1  -3  -2  -2  -1   0   3   2  -3  -2  -1   10   0   3   0   0   4   1  19   3   4   1   0   0   4   4  28  15   0   0   3  0.29 0.22
  272 Y    -2  -1  -2  -4   0  -1  -3  -4   1   0   0  -3   2   4   0  -3  -2  -1   6  -1    3   4   2   0   2   2   0   1   3   6   8   0   6  15   4   1   2   0  38   2  0.61 0.32
  273 A     4   0   1  -2   2  -2  -2  -1   0  -1  -3  -1  -2  -2  -2   2  -1  -4  -3  -1   51   4   6   0   5   0   1   3   2   2   1   2   0   2   0  13   2   0   0   4  0.44 0.30
  274 P    -1  -2  -3  -3  -4  -3  -3  -4   0  -4  -4  -3  -4  -4   8  -1  -1  -4   0  -4    6   3   0   1   0   0   1   1   2   0   1   1   0   0  73   3   3   0   4   1  1.79 0.52
  275 V    -1  -3  -3  -3   1  -2  -3  -3   0   2   2  -3   1   1  -3  -1  -1  -3  -1   3    3   0   0   0   4   0   1   1   4  15  25   0   4   7   0   7   2   0   0  25  0.28 0.17
  276 I    -1  -2  -2  -3   0  -2  -1  -3   2   3   1  -2   0   0  -3  -1   2  -3   0   1    4   2   1   0   2   0   3   1   7  28   9   2   2   4   0   3  17   0   4  10  0.21 0.17
  277 S     1  -2  -1  -2  -1   1  -2  -2   1  -2  -3  -2  -3  -1   2   5   1  -4  -3  -2    9   1   2   2   1   7   1   2   3   2   1   1   0   3  12  46   6   0   0   2  0.54 0.33
  278 A     3   1  -1  -1  -1   0  -1   0   0  -2  -2   0  -2  -2   2   1   0  -1  -2  -1   27   9   3   3   1   3   3   5   2   2   1   7   0   1  10  13   5   1   0   3  0.21 0.16
  279 E    -1   2   0   1  -1   1   4   1  -1  -2  -3   0  -1  -4  -2   0  -1  -4  -2  -1    5  10   4   8   1   4  30  12   1   2   2   4   2   0   1   5   4   0   1   4  0.28 0.20
  280 K     0   2   0  -1   1   1   0  -2   1  -2  -3   4  -2  -2  -3   1   0  -4  -3  -1    6   9   4   2   4   5   5   1   4   2   1  34   1   2   0  14   4   0   0   4  0.38 0.26
  281 A     4  -1  -2  -1  -1   2  -2  -2  -1  -1  -2  -2   0  -3   0   1   0  -4  -2   0   39   2   1   3   1  11   1   1   1   4   3   1   2   1   5   9   6   0   1   8  0.33 0.28
  282 Y     0  -2   0  -1   0   2  -1  -1   1  -1  -2  -1   0   2  -2   0   0  -2   5  -1    6   1   4   3   2  11   4   6   4   3   4   3   2   7   2   8   7   0  20   3  0.23 0.22
  283 H    -2  -1  -2  -3  -5  -3  -1  -5   9  -4  -5  -2  -4   2  -5  -2  -1  -4   5  -5    3   4   1   1   0   1   4   1  48   1   1   2   0   9   0   3   4   0  16   0  1.59 0.67
  284 E    -4   2   0   0  -1   2   5  -3   0  -3  -3  -1  -4  -2  -5  -1  -2   0  -1  -1    1  12   4   4   2   9  41   2   2   2   2   4   0   2   0   4   2   2   2   4  0.69 0.49
  285 Q     1   1   2  -2   0   4   0  -2  -1  -2  -2   0   0  -1  -1   1   0  -4   0  -2   13   7   8   2   2  20   5   2   2   2   4   4   3   3   3  11   6   0   3   2  0.24 0.27
  286 L    -3  -1   0  -3   0   0  -1  -5   1   0   3  -1   3   0   1  -2  -2   1  -1   0    2   3   6   2   2   4   3   0   4   4  34   3   7   4   8   2   2   2   2   6  0.30 0.27
  287 S    -1  -2   1  -1   0  -1  -4  -2  -1  -3  -4  -1  -5  -6  -2   5   4  -6  -5  -5    4   2   6   3   2   2   0   3   2   2   2   3   0   0   2  40  23   0   0   0  0.79 0.59
  288 V    -2  -5  -1  -5   1  -5  -5  -3  -5   2  -2  -5   1  -2  -1  -2   2  -5  -4   6    3   0   3   0   3   0   0   3   0  12   3   0   3   2   3   3  12   0   0  49  0.86 0.52
  289 A     2  -1  -1  -1   0   2   0  -2   1  -2  -1   0  -1  -2   2   1   0  -4  -1  -1   18   3   3   3   2  12   5   2   4   2   5   5   2   1  10  12   5   0   2   5  0.18 0.19
  290 E    -2  -3  -1   3  -6   2   5  -1  -1  -3  -4  -1  -1  -6  -4  -1   0  -6  -2  -3    3   1   2  15   0   8  42   5   1   2   1   2   2   0   0   5   6   0   1   1  0.77 0.49
  291 I    -5  -6  -6  -1   0  -5  -6  -6  -6   6   4  -3   2  -4  -6  -6  -5  -6  -5   0    0   0   0   3   2   0   0   0   0  38  43   2   4   0   0   0   0   0   0   4  1.27 0.60
  292 T    -3  -5  -3  -1  -2  -5  -5  -6  -6  -3  -3  -4  -1  -2  -5   0   8  -6  -3  -2    1   0   1   4   1   0   0   0   0   2   2   1   1   2   0   5  74   0   1   3  1.76 0.86
  293 N    -1   1   4   1  -3   4  -1  -2   1  -2  -2   1   0  -1  -4   0  -1  -4  -1  -2    5   6  20   7   1  18   2   3   3   2   4   7   3   3   0   8   4   0   2   3  0.33 0.28
  294 A     3  -1  -1   1  -4   4   1  -3  -2  -3  -2  -2   2  -2  -3   1  -1  -5  -4  -3   23   3   3   8   0  22   9   1   1   1   5   1   5   2   1  12   2   0   0   2  0.44 0.36
  295 C     1  -6  -6  -7  10  -6  -6  -3  -3  -1   0  -6   4  -5  -6  -3  -3  -6  -2   2    9   0   0   0  47   0   0   2   1   3   9   0  11   0   0   1   1   0   1  13  1.72 0.73
  296 F    -4  -6  -7  -7  -6  -7  -7  -7  -5  -4   0  -7  -2   9  -7  -6  -6   1   1  -5    1   0   0   0   0   0   0   0   0   0   7   0   1  83   0   0   0   2   3   0  2.63 0.96
  297 E    -3  -2   1   4  -2   0   6  -3   0  -6  -4  -1  -5  -6  -4  -1  -3  -6  -5  -5    1   2   5  24   1   4  47   2   2   0   2   3   0   0   0   5   1   0   0   0  1.09 0.56
  298 P     1   0  -3  -3  -5  -1  -1  -3  -1  -5  -5  -1  -2  -4   7   0  -2  -6  -5  -5   12   6   1   1   0   2   3   1   1   1   1   4   1   1  53   8   2   0   0   0  1.29 0.61
  299 A     2   0   2   0  -1   0   0   0   0  -3  -4   2  -3  -3  -1   2   0  -4  -3  -3   18   5  10   5   2   4   4   7   2   1   1  12   0   1   2  19   6   0   1   1  0.28 0.24
  300 N    -2  -3   8  -3   0  -4  -4  -4   1  -6  -6  -3  -6  -3  -5   2  -2  -6  -2  -6    4   1  68   0   2   0   0   1   3   0   0   1   0   1   0  13   2   0   2   0  1.79 0.80
  301 Q    -3   0  -3  -5  -6   7  -3  -5  -1  -3  -2  -3   6  -4  -5  -2  -3   1  -2  -1    2   5   1   0   0  51   1   0   1   2   4   1  21   1   0   3   1   2   1   4  1.41 0.73
  302 M    -4  -2  -6  -7  -5  -5  -6  -6  -6  -3   2  -5  10   0  -4  -4  -1  -1  -5  -3    1   3   0   0   0   0   0   0   0   1  18   0  65   3   1   1   4   1   0   1  2.11 0.87
  303 V     2  -5  -5  -5   1  -3  -4  -5  -5   1   0  -4   0  -1  -4  -2  -1  -5  -4   5   21   0   0   0   3   1   0   0   0   7   7   0   2   3   0   3   3   0   0  48  0.80 0.45
  304 K     2   0   1   0  -5   0  -2  -3  -2  -4  -4   6  -1  -5  -2   0   0  -1  -4  -2   15   3   6   4   0   4   1   1   1   0   1  46   2   0   1   6   5   1   0   3  0.70 0.44
  305 C    -2  -5  -6  -7  11  -6  -7  -3  -1  -1  -4  -6  -5   0  -6  -1  -2  -6  -1  -1    3   1   0   0  69   0   0   2   2   4   1   0   0   4   0   4   2   0   2   5  2.49 0.91
  306 D    -5  -3   3   7  -1  -3  -1  -3  -3  -4  -6  -3  -6  -7  -1  -2  -3  -7  -6  -4    1   1  12  68   1   1   2   2   1   1   0   1   0   0   3   3   1   0   0   1  1.68 0.74
  307 P    -2  -4  -2  -3   0  -4  -5  -4  -4  -1  -3  -5  -5  -1   8  -2  -1  -6  -3  -4    4   1   2   1   2   1   0   1   0   3   4   0   0   2  69   2   4   0   1   1  1.81 0.78
  308 R    -2   6  -1  -2   0   0   0  -4   3  -3  -2   1  -2  -5  -5  -1  -1  -1  -2  -5    3  51   2   2   2   4   6   1   6   2   4   5   1   0   0   5   4   1   2   0  0.91 0.49
  309 H    -2   1   2   0  -2   2   0  -4   7  -4  -2   2   0  -2  -4  -1  -1  -4   1  -4    3   8  10   5   1   9   5   0  25   1   4  13   2   2   0   4   4   0   4   1  0.56 0.35
  310 G    -3  -3  -1  -1  -6  -3  -5   7  -3  -7  -7  -3  -6  -6  -5  -2  -2  -6  -6  -6    1   1   3   3   0   1   0  82   1   0   0   1   0   0   0   2   2   0   0   0  1.88 0.76
  311 K    -1   4  -3  -3  -4  -1  -3  -5   0  -4  -4   6  -1  -5  -2  -3  -2  -6  -3  -3    5  18   1   1   0   2   1   0   2   1   2  58   1   0   2   1   2   0   1   2  1.19 0.60
  312 Y    -4  -5  -4  -4  -2  -5  -5  -6   0  -4  -4  -5  -1   3  -6  -5  -3  -2   9  -3    1   0   1   1   1   0   0   0   2   1   1   0   2   8   0   1   2   0  77   2  2.41 0.91
  313 M    -4  -4  -6  -6  -5  -5  -4  -5  -5   2   2  -5  10  -4  -6  -4  -4  -5  -5  -2    1   1   0   0   0   0   2   1   0   9  19   0  62   0   0   1   1   0   0   1  2.04 0.84
  314 A     6  -4  -3  -4  -4  -4  -3  -3  -5  -4  -4  -4  -4  -5  -3   2   3  -6  -5  -2   59   0   1   0   0   0   1   1   0   0   1   0   0   0   1  16  18   0   0   2  1.15 0.62
  315 C     0  -3  -3  -6  10  -5  -6  -5  -6  -1  -3  -5  -2  -5  -6  -2  -1  -6  -1   3    8   2   2   0  56   0   0   0   0   3   1   0   1   0   0   3   4   0   2  18  1.88 0.72
  316 C     3  -6  -5  -5  10  -5  -5  -4  -6  -5  -3  -5  -2  -5  -5   1  -2  -1  -2  -3   25   0   0   1  53   0   0   1   0   0   2   0   1   0   0  11   2   1   2   1  1.91 0.75
  317 L     1  -5  -5  -6   1  -4  -5  -5  -5   1   5  -5   5   0  -5  -4  -1  -1  -4  -1   11   0   0   0   2   0   0   0   0   7  56   0  12   3   0   0   3   1   0   2  0.93 0.48
  318 L    -3  -5  -3  -4  -2  -1  -5  -6  -3   2   5  -5   4  -1  -5  -3  -1  -4  -1   0    1   0   1   1   1   3   0   0   1   9  60   0  10   2   0   1   3   0   2   6  0.93 0.47
  319 Y    -4  -5  -5  -3  -1  -3  -5  -6   0  -3  -4  -5  -3   5  -6  -4  -5  -1   9  -5    1   0   0   2   1   1   0   0   1   2   0   0   1  23   0   1   0   0  65   0  2.18 0.81
  320 R    -5   8  -4  -5   2  -2  -4  -2  -1  -6  -6   0  -5  -6  -5  -3  -5  -6  -5  -3    0  81   0   0   4   1   0   3   2   0   0   3   0   0   0   1   0   0   0   2  2.06 0.80
  321 G    -4  -6  -4  -3  -6  -5  -6   7  -6  -7  -7  -5  -2  -6  -6  -3  -5  -6  -6  -4    0   0   0   1   0   0   0  92   0   0   0   0   1   0   0   2   0   0   0   2  2.28 0.82
  322 D    -3   1   1   7  -4   0  -1  -3   0  -4  -4   1  -5  -4  -4  -2  -2  -6  -4  -2    2   6   7  56   0   5   2   1   2   1   2   8   0   1   0   2   2   0   1   3  1.05 0.50
  323 V    -3  -5  -5  -3   0  -5  -4  -5  -1   3  -1  -5   4  -1  -5  -3  -2   1  -4   6    1   0   0   2   2   0   1   1   2  14   2   0   9   2   0   2   2   2   0  57  1.04 0.51
  324 V     0  -3  -1  -3  -1  -2  -3  -3  -4   0  -2  -3  -1  -3   0   3   1   1  -4   5    5   1   3   1   1   2   0   2   0   2   2   1   1   1   4  25   7   2   0  40  0.54 0.39
  325 P     0  -2   1   0   2   1  -1   0   2   0   0  -2   1  -2   1   0   0  -3  -2   0    7   0   7   7   6   7   0   7   6   7   7   0   6   0   7   7   7   0   0   7  0.04 0.13
  326 K    -1   3   0  -2   1   1  -1  -2   0  -1  -3   4  -2  -1   0   1  -1  -3  -1  -2    4  14   3   0   3   7   0   3   3   4   1  32   0   3   4  11   3   0   2   3  0.30 0.26
  327 D    -1  -2   0   4  -4   0   4  -3   2  -2  -2  -1   1  -4  -3  -1  -2  -4  -1  -2    5   0   3  28   0   3  33   0   5   3   3   3   5   0   0   4   0   0   3   3  0.58 0.38
  328 V     0  -4  -4   0   2  -3  -3  -4  -4   3   0  -4   1  -3  -4  -1  -1  -4  -3   5    6   0   0   5   4   0   0   0   0  16   4   0   3   0   0   5   3   0   0  52  0.65 0.37
  329 N    -2   0   5   2  -4   0   1  -1   1  -2  -4  -2  -3  -2  -3   0  -1   0   0  -1    3   5  39  11   0   4  10   3   2   2   1   0   0   1   0   6   3   1   4   5  0.53 0.35
  330 A     2   0   1   2  -3   1   2  -2   0  -3  -2   0  -1  -2  -2   1   0  -3  -1  -1   19   4   6  15   0   5  14   2   2   0   3   6   1   1   0  13   4   0   2   3  0.23 0.19
  331 A     4  -1   0  -3   0   2  -1  -1  -1  -2  -3  -2  -1  -4  -2   1   1  -4  -3  -1   45   2   5   0   2  12   4   4   1   2   0   0   1   0   1   9   7   0   0   3  0.46 0.36
  332 I    -1  -4  -3  -5   1  -4  -4  -5  -5   5   1  -4   5  -1  -4  -4   0  -4  -3   3    4   0   2   0   3   0   0   0   0  41  11   0  14   2   0   0   5   0   0  16  0.79 0.41
  333 A     3   0   1  -1  -3   2  -1  -1   0  -2   0   0   0  -2  -3   1   0  -3  -1  -2   30   5   7   2   0  11   3   3   3   1   9   3   3   1   0  10   4   0   2   2  0.20 0.21
  334 T     1   0   2  -1  -2   1   0  -1   1  -2  -2   0   0  -2  -3   2   2   1  -1  -2   13   4  14   2   1   5   4   3   4   1   3   6   3   1   0  18  13   2   3   2  0.20 0.19
  335 I    -2  -2  -3  -5  -1  -4  -4  -5  -4   5   2  -4   4  -1  -4  -4  -2   2  -2   3    3   2   1   0   1   0   0   0   0  36  19   0  10   1   0   0   2   3   1  18  0.69 0.37
  336 K     0   2  -3  -3  -5   4  -2  -4  -2  -5  -4   6  -4  -5  -1  -2  -2  -5  -1  -5    6   8   0   0   0  17   0   0   1   0   2  56   0   0   3   2   1   0   3   0  1.09 0.57
  337 T     0   0   3   0   0   1   0  -2  -1  -2  -3   0  -2  -4  -3   2   3  -4  -3  -1    8   6  16   3   2   7   6   2   1   1   0   4   1   0   0  13  24   0   0   5  0.33 0.27
  338 K    -2   2   0  -1  -5   1  -1  -3  -1  -4  -2   5  -1  -4  -1   0   0  -5  -2  -4    3  10   4   2   0   6   2   1   1   0   5  48   2   0   3   7   4   0   1   0  0.67 0.41
  339 R    -2   5   4  -3   0  -1  -2  -2   1  -5  -4   3  -2  -5  -2  -1  -3  -1  -2  -5    2  37  22   0   2   2   1   3   4   0   1  15   1   0   2   5   1   1   1   0  0.82 0.48
  340 S    -1  -1   1  -2  -1  -1  -2  -1  -1  -4  -3  -1   0  -3  -2   4   4  -5  -4  -2    4   3   6   1   1   1   2   4   1   0   3   4   3   1   1  36  25   0   0   3  0.54 0.40
  341 I     0  -3  -1  -2  -2  -2  -3  -1  -3   4   1  -2   0   0  -2   1   0  -4  -2   2    5   0   3   2   1   1   1   5   1  31   9   1   2   5   2  12   4   0   1  14  0.28 0.24
  342 Q    -3   1   1  -1  -1   5   0  -3   2  -4  -3   0  -1  -1  -2   0  -1  -3   4  -3    0   6   6   3   1  32   3   2   5   0   3   6   1   2   1   8   3   0  16   1  0.57 0.41
  343 F    -2   0  -3  -3   2  -2  -3  -1  -2   0   1  -2   1   5   0  -2  -1  -1   2  -1    1   7   0   0   6   0   1   7   0   5  14   0   5  36   5   1   5   0   6   1  0.30 0.17
  344 V     0  -2  -2  -2  -2  -2  -1  -3  -2   1   1  -2   3   2  -2   0   0  -2  -1   3    6   1   1   1   0   1   6   1   0   6   6   1  14  10   1   6   6   0   0  35  0.20 0.15
  345 D    -1  -2   1   5  -3   1   2   0   0  -3  -3   0  -3  -3   0   0  -1  -4  -3  -2    3   1   5  38   0   6  12   7   3   1   1   3   0   0   5   7   3   0   0   3  0.43 0.19
  346 W    -3  -4  -4  -4   2  -3  -4  -1  -3  -3   0  -4  -2   2  -4   0  -3  11   2  -3    1   1   0   1   4   0   1   4   0   1   8   1   0   7   1   7   1  55   7   1  1.74 0.42
  347 C     0  -3  -2  -3   8  -1  -2  -3  -3   2  -1  -2   0  -2   0   0  -1  -3  -2   1    5   1   1   1  37   4   1   1   0  15   4   1   2   1   6   9   3   0   0   9  0.55 0.21
  348 P    -2  -3  -2   0  -3   0  -2  -3  -3  -3  -2  -1  -3  -1   7  -1  -2  -3  -3  -1    1   1   1   6   0   4   1   1   0   1   3   3   0   4  62   3   1   0   0   7  1.25 0.30
  349 T    -1  -1   3  -1   0  -1  -2  -1  -1  -1  -2  -1  -1  -3  -1   0   5  -3  -3  -1    4   3  15   2   2   1   1   3   1   2   1   3   2   0   1   2  52   0   0   2  0.48 0.27
  350 G     0  -2   2  -1  -3  -2  -2   5  -2  -4  -4  -1  -3  -3  -3   1   0  -3  -1  -3    6   2  14   3   0   0   1  53   0   1   1   2   0   0   1   8   4   0   2   1  0.65 0.25
  351 F    -1  -2  -2  -2   3  -2  -2  -2  -2   1   1  -2   2   2  -2   0   1  -1   2   1    1   0   0   0   9   0   1   1   0  10  10   1   9   9   0  10  10   0   9  10  0.09 0.11
  352 K     0   2  -1  -1  -3   2   1  -2  -1  -2  -1   4  -1  -3  -2   0   0  -3  -2  -2    6   9   0   1   0  11   6   1   0   0   6  36   0   0   0   6   6   0   0   1  0.23 0.16
  353 V     0  -1  -2  -3   2  -2  -2  -2  -3   1   0  -1   0   1  -2   0   2   3  -1   2    7   3   0   0   6   0   0   3   0  11   5   3   3   6   0   8  15   5   0  24  0.15 0.13
  354 G     2  -1   1  -1   2  -2   0   4   0  -3  -3  -1  -3  -4  -3   1  -1   1  -3  -3   24   2   7   3   6   0   5  31   2   0   0   2   0   0   0  13   2   2   0   0  0.40 0.22
  355 I    -1  -2  -3  -3   0   0  -3  -4  -1   4   1  -3   0  -1  -3  -1  -1   1  -1   3    4   2   0   0   2   5   0   0   2  35  13   0   1   0   0   6   2   2   2  20  0.33 0.21
  356 N    -1  -3   5  -1   7  -3  -3  -2   0  -1  -3  -3  -3  -4  -4  -1   1  -4  -4  -1    5   0  38   2  31   0   0   3   2   4   0   0   0   0   0   3   7   0   0   4  0.92 0.39
  357 Y    -2  -2   0   3   2  -2  -1  -2   1  -3  -2  -1  -1  -1   0   2   0   1   5  -3    2   2   4  20   4   1   2   2   3   0   3   3   2   1   5  15   4   2  25   0  0.41 0.28
  358 Q    -1   0  -1  -3  -1   4   0  -2  -1   3  -2  -1   0  -2  -3   0  -1  -3   0   1    2   5   3   0   1  27   5   2   1  18   2   2   2   2   0   8   3   0   3  13  0.29 0.25
  359 P     0  -1  -4  -3   0  -3  -1  -3   1   0  -3   0  -4  -5   7  -1  -2  -5  -4  -3    7   3   0   1   2   0   3   1   4   6   3   5   0   0  57   3   2   0   0   1  1.24 0.48
  360 P    -1  -1  -4  -4  -1  -2  -3  -4   0  -2  -3  -3  -1  -5   8  -2  -2  -5  -5  -1    5   4   0   0   2   2   0   0   2   2   3   0   2   0  69   2   2   0   0   5  1.68 0.60
  361 T     0   2  -2  -2   2  -1  -1  -3  -1   1  -1   1   0  -1  -2   0   3  -3  -1   1    7  13   1   1   5   1   3   0   2   9   4   9   2   2   1   4  25   0   2   9  0.20 0.20
  362 V     0   0   0  -1   1   0  -1   0   1   1   0  -1   1   0  -1   0   0  -3   0   1    9   6   4   3   3   5   3   7   5  10   5   0   4   4   3   8   4   0   4  13  0.02 0.07
  363 V     0  -1  -4  -4   2   0  -3  -4   1   2   1  -3   1   1   0  -1   0  -3   0   3    6   4   0   0   4   5   0   0   4  10  10   0   4   6   4   4   5   0   4  27  0.27 0.24
  364 P    -1  -3  -1  -1  -4  -1   0  -2  -3  -1  -2  -1   0  -4   7   0   0  -4  -4  -1    5   0   2   3   0   2   5   2   0   3   3   3   2   0  50   7   6   0   0   4  0.96 0.42
  365 G    -1  -1   1   1  -3   0   0   4   1  -4  -2  -1   0  -3  -3   0  -1  -3  -1  -3    3   4   7  10   0   4   4  41   4   0   3   4   3   0   0   6   4   0   3   0  0.44 0.26
  366 G     0  -2  -1   1  -3   0   1   3   1  -4  -2  -1   0  -4  -3   3  -1  -4  -3  -3    6   0   0   8   0   3   8  27   4   0   3   3   3   0   0  29   2   0   0   0  0.41 0.29
  367 D    -1   1   1   4   1   0   1   1   0  -2  -3  -1  -3  -4   1   0  -1  -4  -3  -3    5   7   6  28   3   3  10   9   2   2   2   3   0   0   7   8   3   0   0   0  0.32 0.21
  368 L    -2  -3  -3  -4   0  -1  -3  -4   1   2   3  -3   4   0  -1  -3   0   0   0   1    2   0   0   0   2   2   0   1   5  10  36   0  12   4   4   1   6   2   3   7  0.32 0.25
  369 A     5  -3  -3   0   0  -1  -2   1  -3  -2  -3  -2  -1  -1  -2  -1  -1  -4  -3   0   50   1   1   6   2   3   1  10   0   1   1   2   1   3   2   2   4   0   0   6  0.48 0.38
  370 K     0   0   0   0  -4   1   0   2  -1  -3  -3   3  -2  -1   1   0  -1  -4  -1  -3    5   4   4   4   0   7   3  15   1   1   1  26   1   2   8   7   3   0   3   0  0.26 0.25
  371 V     0  -2  -3  -3   1  -1  -3  -2  -3   0   1  -3   0   0  -1   0   1  -4  -1   4    6   2   0   1   3   3   1   2   0   3  11   0   2   4   3   8  11   0   2  35  0.24 0.28
  372 Q    -1   0   1   2   0   2   1  -2   1  -3  -2   2   0  -4   3   0   0  -4  -3  -3    3   4   5  14   2  12   6   1   3   1   3  12   3   0  13   6   6   0   0   1  0.25 0.24
  373 R    -2   4  -2  -3   0   1  -1  -1   0  -1  -1   1   4  -1   0  -1  -1   1  -1  -1    1  29   0   0   2   6   2   4   2   3   4   6  14   2   5   2   3   2   2   3  0.26 0.27
  374 A     2   0   0   0   1   0   0   0  -2  -2  -1  -1  -2  -1  -2   2   0  -3  -2  -2   20   5   4   4   4   4   4   4   0   0   4   0   0   4   0  26   5   0   0   0  0.13 0.16
  375 V     1  -2  -2  -3   4  -2  -2   0  -3   1   1  -2  -1  -2  -2   0   0  -3  -2   2   16   1   0   1  11   0   1   6   0   6  11   1   0   0   1   7   6   0   0  25  0.14 0.16
  376 C     0  -3  -1  -3   8  -3  -3  -2  -3  -1  -1  -3   0  -1  -3  -1   3  -4  -3   0    8   0   3   0  32   0   1   3   0   3   5   0   2   3   0   3  23   0   0   6  0.67 0.38
  377 M    -1   0  -2  -4   0  -1  -2  -3  -1   0   0  -2   7   3  -4  -2  -2  -3  -2   0    4   4   2   0   2   3   2   2   2   2   5   2  37  16   0   3   2   0   0   7  0.52 0.39
  378 L    -1  -3  -4  -4  -2  -3  -3  -1  -3   3   3  -3   3   0  -3  -3  -1  -3   0   1    2   0   0   0   0   0   0   5   0  18  39   0   7   4   0   0   3   0   3  10  0.34 0.24
  379 S     2  -1   0  -2   0  -2  -2   2  -2  -2  -3  -1  -1  -3  -2   3   0  -3   0  -1   19   2   5   0   2   0   0  13   0   2   0   3   1   0   0  36   2   0   4   3  0.28 0.27
  380 N    -3  -1   7   0   1  -2  -2  -2   1  -5  -5  -2  -4  -5  -4  -1  -1  -5  -4  -4    0   3  71   3   3   0   0   2   3   0   0   0   0   0   0   3   2   0   0   0  1.28 0.58
  381 T    -2   0   3  -2  -3  -2  -2  -1   2  -3  -3  -1  -3  -4  -3   3   4  -4  -3  -3    0   4  16   0   0   0   0   3   5   0   1   3   0   0   0  22  36   0   0   0  0.49 0.34
  382 T    -2  -1  -2  -1  -3  -2  -1  -3  -3  -2  -2  -2  -3  -4  -2   1   6  -4  -3  -1    1   3   0   3   0   0   3   0   0   1   3   0   0   0   1   8  64   0   0   3  0.82 0.48
  383 A     5  -3  -1  -3   1  -3  -3   0  -3  -3  -2  -3  -3  -4  -3   2  -1  -4  -3  -1   59   0   2   0   3   0   0   6   0   0   3   0   0   0   0  12   1   0   0   4  0.59 0.40
  384 I    -2  -4  -4  -5  -3  -4  -4  -5  -4   6   0  -4   2  -1  -4  -4  -2  -4  -1   2    2   0   0   0   0   0   0   0   0  63   3   0   6   1   0   0   1   0   1  13  0.89 0.45
  385 A     1   2   0  -2   1   2   0   0   1  -1  -2   0  -2  -1   0   1   0  -3   0  -1   13  12   3   0   3  10   4   6   3   4   0   4   0   3   4  11   6   0   3   5  0.07 0.17
  386 E     0   1   0   2  -3   2   3  -1   1  -1  -3   0  -3  -4   0   0   0  -4  -3  -1    6   9   5  10   0  11  19   4   4   4   1   4   0   0   4   5   4   0   0   4  0.20 0.23
  387 A     3  -1  -3  -3   1  -2  -3  -1  -3   1   0  -2   3  -2   1   0   0  -3   0   1   31   3   0   0   3   0   0   3   0   6   8   0   9   0   6   4   5   0   3   9  0.18 0.26
  388 W    -3  -2  -5  -5   1  -5  -5  -5  -4   0  -1  -5  -3   5  -5  -5  -4  10   1  -4    3   2   0   0   3   0   0   1   0   6   7   0   0  27   0   0   0  38   4   0  1.63 0.71
  389 A     1   1   0  -1   1   1   0  -1   0  -2  -3   2  -1  -3  -1   1   0  -3  -1  -2   16   8   5   2   3   6   3   2   2   2   1  17   1   0   3  11   7   0   2   2  0.14 0.19
  390 R    -1   6  -1  -3  -2  -1  -1  -3   0  -4  -3   2   0  -4  -3   0  -2   1  -4  -3    5  51   2   0   1   2   2   2   2   0   2   9   2   0   1   6   2   2   0   2  0.77 0.48
  391 L    -3  -4  -1  -4  -1  -4  -4  -4  -4   3   4  -4   1   0  -1  -2  -2  -4  -3   2    0   0   5   0   1   0   0   0   0  21  39   0   2   3   3   2   2   0   0  13  0.49 0.35
  392 D     0  -1   2   4   1  -1  -1   0   0  -1  -1  -1  -1  -3  -3   1   0  -4  -2  -1    8   3  13  23   3   1   1   7   2   2   7   2   1   0   0   9   4   0   1   5  0.17 0.21
  393 H    -2   1   1   1  -4   1   2  -2   7  -3  -3   0  -2  -2  -4  -1  -2  -4   1  -4    3   9   7   8   0   5  12   2  27   2   2   5   1   1   0   3   2   0   5   0  0.50 0.37
  394 K    -2   1   0  -3  -5   4  -2  -4   0  -5  -5   6  -4  -5  -4  -2  -2  -5  -1  -5    2   5   5   0   0  18   1   0   2   0   1  50   0   0   0   2   2   0   2   0  0.95 0.58
  395 F    -5  -5  -5  -6  -5  -5  -5  -3  -4  -3  -2  -5  -3   8  -6  -4  -2  -3   3  -2    0   0   0   0   0   0   0   2   0   0   2   0   0  71   0   2   2   0   8   3  1.86 0.80
  396 D    -3  -1   1   6   1   0  -1  -3   0  -4  -3  -2  -2  -5  -4   0   1  -5  -3  -3    1   3   5  45   3   4   2   2   2   0   2   2   1   0   0   8  11   0   1   1  0.67 0.44
  397 L     1  -2  -2  -3  -1   0  -2  -3  -2   0   3  -1   2  -2  -3  -2  -1  -3  -1   1   14   2   2   0   1   5   1   1   1   3  38   4   5   0   0   2   2   0   2   7  0.22 0.26
  398 M    -4  -5  -3  -6  -5  -4  -5  -4  -5  -2   2  -5  10  -3  -5  -5  -4   2  -4  -2    0   0   2   0   0   0   0   2   0   2  17   0  63   0   0   0   0   3   0   1  1.87 0.85
  399 Y    -5  -5  -4  -5  -1  -5  -3  -5   0  -2  -1  -5  -3   6  -5  -3  -4  -2   7  -4    0   0   1   0   1   0   2   0   2   2   6   0   0  34   0   2   0   0  40   0  1.41 0.65
  400 A     2   3   0  -1  -2   0  -1  -1   0  -3  -4   1  -2  -3  -2   2  -1  -4  -3  -2   23  20   4   2   1   3   2   3   2   1   0   7   1   1   1  17   3   0   0   1  0.29 0.29
  401 K    -4   5  -1  -4  -2   0  -1  -4  -2  -5  -5   6  -4  -5  -3  -2  -4  -5  -4  -5    0  28   2   0   1   3   3   0   1   0   0  50   0   0   1   2   0   0   0   0  1.14 0.60
  402 R    -3   6  -2  -4   1   0  -3  -1   0  -5  -4   4  -2  -5  -4  -3  -4  -2  -4  -5    1  48   1   0   3   3   0   5   2   0   1  24   1   0   0   1   0   1   0   0  1.03 0.56
  403 A     6  -2  -4  -2   0  -3  -4  -2  -4  -4  -4  -4  -2  -5  -4   0  -3  -5  -5  -3   77   2   0   2   1   1   0   2   0   0   0   0   1   0   0   4   0   0   0   0  1.26 0.67
  404 F    -5  -6  -6  -6  -5  -6  -6  -6  -5  -1  -2  -6  -3   9  -6  -4  -5  -3   1  -3    0   0   0   0   0   0   0   0   0   4   2   0   0  80   0   1   0   0   3   1  2.14 0.83
  405 V    -2  -4  -5  -5  -3  -4  -4  -4  -5   2   2  -4   0  -1  -2  -4  -1  -4  -2   5    2   0   0   0   0   0   0   1   0   7  23   0   1   1   2   0   2   0   1  50  0.71 0.44
  406 H    -5  -4  -3  -3  -2  -3  -4  -5  11  -6  -5  -4  -5  -3  -5  -3  -3  -5  -1  -5    0   0   0   1   1   0   0   0  79   0   1   0   0   1   0   2   2   0   1   1  2.57 0.92
  407 W    -5  -2  -6  -6  -1  -1  -5  -6   3  -5  -4  -4  -5  -2  -6  -3  -5  12  -2  -3    0   2   0   0   1   3   0   0   8   0   1   1   0   1   0   2   0  69   0   2  2.85 0.97
  408 Y    -1   1   1   1  -2  -1   1  -2   2  -1   0  -1  -1   1  -2   0  -1  -2   2   0    1   9   9   9   0   0   9   1   9   0   9   0   0   9   0   9   0   0   9   9  0.05 0.11
  409 V    -1  -2  -2  -3   3   1  -1  -3  -2   0   0  -1   1   0  -3  -2   1   5   0   2    4   0   0   0   8   8   4   1   0   5   5   4   4   4   0   1  10   8   4  23  0.16 0.19
  410 G     0   0   0  -1   0   0  -1   3   0  -2  -2  -1   0  -3  -2   1  -1  -3  -3  -2    9   4   5   3   3   3   3  30   2   3   3   2   4   0   0  15   3   0   0   0  0.22 0.20
  411 E    -1   1   0   1  -5   1   6  -3   2  -4  -4   0  -4  -4  -3  -2  -3  -4  -3  -4    6   7   3   6   0   4  55   0   6   0   1   3   0   0   0   0   0   0   0   0  0.78 0.44
  412 G    -2  -3  -2   1  -4  -2  -1   6  -3  -2  -4   0  -3  -1  -3  -2  -3  -4  -3  -4    0   0   0   9   0   0   3  61   0   3   1   7   0   4   0   0   0   0   0   0  0.78 0.37
  413 M    -2  -2  -3  -4  -3  -3  -3  -4  -3   0   1  -3   8  -2  -4   1  -2  -3   2  -1    2   2   0   0   0   0   0   0   0   3  10   0  50   0   0  12   0   0   7   3  0.78 0.46
  414 E    -2  -1  -2   2  -4   0   5   0  -2  -3  -3  -1  -2  -4   1   0  -1  -4  -3  -3    0   3   0  10   0   0  48   6   0   1   2   1   1   0   7   7   2   0   0   0  0.49 0.32
  415 E    -2   0  -2  -1  -4   1   5   1  -2  -1  -2  -1  -1  -1   1  -2  -2  -4  -2  -2    2   4   0   1   0   4  46  10   0   4   2   1   2   3   6   1   0   0   1   2  0.43 0.32
  416 G     0  -2  -1   0  -1  -1   0   4  -1  -1  -2  -2   2  -2  -3   0   0  -1   0  -2    4   1   3   5   1   2   6  40   1   5   3   1   8   2   0   6   7   1   3   1  0.35 0.20
  417 E    -1  -2   1   1   1   1   6  -3  -2  -3  -4  -1  -3  -3  -3  -1  -3  -4  -4  -3    5   1   7   6   3   6  62   1   0   1   1   1   0   2   0   2   1   0   0   1  0.94 0.42
  418 F    -4  -4  -4  -5  -4  -4  -4  -4  -3  -1   0  -4   1   8  -4  -4  -4  -2   0  -3    1   1   1   1   0   1   1   1   0   2   8   1   3  77   1   1   1   0   0   1  1.73 0.54
  419 S     0   0   0  -1   0   1  -1  -1   0   0  -1   0   0  -2  -2   3   2  -2  -1  -1    5   4   4   2   2   7   3   3   2   6   5   4   2   1   1  30  14   1   2   5  0.18 0.17
  420 E    -2  -3  -2   1  -5   0   6   0  -3  -2  -4   0  -4  -5  -4   0  -2  -5  -1  -3    1   0   1   7   0   3  61   6   0   3   1   5   0   0   0   5   1   0   2   2  0.96 0.47
  421 A     6  -2  -4  -4   2  -3  -4  -2  -4  -4  -1  -3  -3  -4  -4  -1  -1  -5  -4  -1   76   3   0   0   4   0   0   2   0   0   6   0   0   0   0   2   2   0   0   3  1.18 0.55
  422 R    -3   7  -3  -3  -1   0   1  -4  -1  -4  -3   0  -2  -3   0  -2  -3  -5   0  -4    1  62   0   1   2   4   9   1   1   1   3   2   1   1   5   2   0   0   3   1  1.13 0.50
  423 E    -2  -3  -1   1  -3   0   6  -3  -1  -4  -4  -2  -3  -5  -1   2  -2  -5  -3  -4    2   1   2   7   1   2  58   1   1   1   2   1   0   0   3  15   2   0   1   1  1.01 0.50
  424 D    -3  -2   5   6  -3  -1   0  -1  -1  -5  -5   0  -5  -2  -4  -2  -2  -5  -4  -4    2   1  26  45   1   2   5   4   1   0   0   6   0   2   0   2   2   0   0   1  1.02 0.46
  425 M    -2  -3  -5  -5  -4  -4  -4  -5  -4   3   4  -4   6  -2  -5  -4   0  -4  -3   1    4   1   0   0   0   0   0   0   0  15  38   0  26   0   0   0   6   0   0   7  0.90 0.41
  426 A     4   0   2   0   0   0  -1  -2  -1  -3  -2   2  -3  -5  -3  -1  -1  -5  -3  -1   45   4  10   5   2   4   3   1   1   1   3  11   0   0   0   3   2   0   0   4  0.48 0.33
  427 A     4  -3  -1   3  -1   0  -1  -2  -3  -2  -3  -2  -1  -2   0   0   2  -5   0  -1   38   0   2  16   1   5   2   1   0   1   1   1   2   1   5   5  13   0   3   3  0.45 0.33
  428 L    -5  -5  -7  -7  -5  -5  -6  -7  -6   2   6  -3   1  -3  -6  -6  -3  -5  -4   1    0   0   0   0   0   0   0   0   0   8  81   1   2   0   0   0   1   0   0   7  1.50 0.60
  429 E    -2  -2  -4  -2  -2   1   6  -5  -1   2  -2   0  -2  -5  -4  -3  -3  -6  -5   2    2   1   0   0   1   4  53   0   1  13   3   4   0   0   0   1   1   0   0  15  0.91 0.48
  430 K    -1   0   1   0  -3   2   1  -3   0  -4  -3   5  -2  -5  -4   2  -2  -5  -2  -4    4   4   6   4   1   7   6   1   2   0   2  44   1   0   0  15   1   0   1   1  0.64 0.37
  431 D    -5  -5   0   7  -7  -1   4  -5  -4  -7  -7  -4  -6  -7  -5  -4  -5  -8  -6  -7    0   0   4  69   0   1  25   0   0   0   0   0   0   0   0   0   0   0   0   0  1.97 0.70
  432 Y    -6  -6  -6  -7  -1  -6  -6  -7  -3  -2  -3  -6   2   1  -7  -6  -6  -2  10  -5    0   0   0   0   2   0   0   0   0   2   2   0   4   4   0   0   0   0  87   0  2.85 0.91
  433 E     0   0  -1   1  -6   4   5  -4  -3  -3  -3   1  -1  -5  -4  -3  -3  -5  -5  -3    7   3   2   8   0  18  47   1   0   2   3   7   2   0   0   0   1   0   0   1  0.85 0.42
  434 E    -2  -2   0   1  -7   4   7  -5   0  -6  -6  -2  -5  -6  -4  -2  -4  -6  -5  -6    3   1   3   4   0  16  69   0   2   0   0   0   0   0   0   1   0   0   0   0  1.53 0.60
  435 V     1  -5  -5  -5  -2  -4  -5  -4  -4   2   1  -4   0   0  -5  -4  -3  -3   4   5   10   0   0   0   1   0   0   0   0  10  15   0   2   2   0   0   0   0  15  44  0.76 0.36
  436 G     0  -3  -1   0  -1   3   2   4  -2  -4  -3  -1   0  -2  -3   0  -2  -4  -4  -3    8   0   2   5   1  13  12  38   1   0   2   2   3   1   0   7   0   0   0   2  0.50 0.27
  437 V     1  -1  -1   1  -1   0   1  -1  -2   1   0  -1   2  -1  -2   0   0  -3  -2   1   14   3   2   7   1   2   9   3   0   9   6   4  10   1   0   8   6   0   1  12  0.08 0.10
  438 D     2  -3   0   5  -3  -1   2  -3   0  -3  -4  -2  -4  -4  -2   1  -2  -5  -2  -1   16   0   4  42   0   1  13   0   3   1   1   0   0   0   1   8   1   0   1   6  0.66 0.32
  439 S     0  -2  -1  -1   0  -1  -2   1  -3  -2  -3  -2  -3   0  -2   4   4  -4  -3  -2    4   1   2   3   2   2   2  10   0   2   1   1   0   4   1  39  24   0   0   2  0.52 0.31
  440 V     1  -2  -1  -2  -2  -2   0  -2  -2   1   0  -2   0  -1  -1   0   1  -1   0   3   11   1   3   1   1   1   5   3   0   8   6   1   1   1   3   4  11   1   3  31  0.17 0.15
  441 E    -1  -1   1   4  -4   2   4  -1  -1  -3  -4  -1  -3  -3   0   0  -1  -4  -3  -3    5   2   5  27   0   9  27   5   1   2   1   2   0   1   5   5   3   0   1   1  0.49 0.22
  442 G     1  -2  -1   3  -3  -1   2   2  -2  -2  -1  -1  -2  -1   0   0  -1  -3  -3   0   12   0   2  23   0   0  14  15   0   1   7   3   0   2   4   5   3   0   0   9  0.22 0.14
  443 E    -2  -1  -1   4  -1   0   4   0  -2  -2  -3   0  -2  -4  -1  -1   0  -4  -3  -3    2   2   2  30   1   4  31   6   0   2   2   5   1   0   2   2   6   0   1   1  0.54 0.23
  444 G     0   0  -1   1  -3   1   4   2  -2  -3  -2  -1  -3  -2  -2  -1   0  -1   1  -2    6   4   1   9   1   4  34  19   0   1   3   2   0   1   1   2   5   1   6   2  0.36 0.19
  445 E     0  -1   0   3  -3   0   5  -2   0  -3  -4   0  -2  -3  -2  -1  -1  -4  -1  -3    7   2   3  15   1   2  49   1   2   1   1   3   1   1   1   4   3   0   3   1  0.62 0.26
  446 E    -1  -2   0   3  -4   1   5   0  -2  -3  -2  -2   1  -2  -2   0  -1  -4  -2  -2    2   0   3  16   0   4  42   7   0   0   3   0   4   2   1   8   3   0   2   3  0.50 0.24
  447 E    -1  -1  -1   4  -5   1   5  -2  -2  -4  -4  -1  -4  -4  -3   0  -1  -5  -1  -3    5   3   0  29   0   6  41   1   0   0   0   1   0   0   0   5   2   0   3   2  0.77 0.29
  448 G     1  -2   0   0  -3   2   0   4   2  -2  -2  -1   1  -2  -1  -1  -2  -3  -2  -2   10   1   5   3   0  12   7  36   6   3   2   3   5   1   3   1   0   0   1   1  0.34 0.16
  449 E     0  -2  -1   4  -5   3   6  -3  -2  -5  -4  -1  -4  -5  -3  -2  -3  -5  -3  -3    6   0   1  24   0  11  53   1   0   0   0   0   0   0   0   1   0   0   1   1  0.99 0.31
  450 E    -3  -1  -2   2  -6   2   7  -3  -2  -5  -4  -1  -4  -5  -2  -2  -3  -5  -4  -4    0   2   0   9   0   5  79   1   0   0   1   0   0   0   1   1   0   0   0   0  1.29 0.34
  451 Y    -4  -4  -4  -5  -4  -3  -4  -5   0  -3  -3  -4  -3   4  -5  -4  -3   2   9  -3    0   0   0   0   0   0   0   0   0   0   0   0   0  12   0   0   0   1  87   0  1.87 0.32

                      K         Lambda
Standard Ungapped    0.1364     0.3193
Standard Gapped      0.0415     0.2670
PSI Ungapped         0.1355     0.3176
PSI Gapped           0.0415     0.2670
