
Last position-specific scoring matrix computed, weighted observed percentages rounded down, information per position, and relative weight of gapless real matches to pseudocounts
            A   R   N   D   C   Q   E   G   H   I   L   K   M   F   P   S   T   W   Y   V   A   R   N   D   C   Q   E   G   H   I   L   K   M   F   P   S   T   W   Y   V
    1 M    -3  -4  -5  -5  -4  -3  -4  -5  -4   0   2  -4   9  -1  -5  -4  -3  -4  -3  -1    0   0   0   0   0   0   0   0   0   2  17   0  77   2   0   0   0   0   0   2  1.65 0.47
    2 S     3  -1  -2  -2   0  -1  -1  -2  -3  -3  -3   0  -3  -1  -2   4   0  -4  -3  -2   34   1   0   0   2   1   2   0   0   0   0   4   0   3   0  48   3   0   0   1  0.63 0.30
    3 T    -1  -3  -2  -3  -3   0  -3  -3  -3   0   2  -2   4   2   0   0   3  -3  -2  -1    4   0   0   0   0   5   0   0   0   5  21   0  14  10   4   5  31   0   0   1  0.34 0.21
    4 V    -1  -4  -4  -4  -3  -4  -4  -4  -4   4   0  -4   0   0  -4  -1   1  -4  -3   5    4   0   0   0   0   0   0   0   0  26   5   0   1   3   0   3   9   0   0  49  0.69 0.30
    5 H    -2  -1   0  -2  -2   3  -2  -4   7  -4  -1   0  -3  -3  -4   1   0   0   1  -2    1   3   3   1   1  14   0   0  39   0   5   5   0   0   0  13   6   1   5   3  0.74 0.34
    6 E    -2  -2  -2   3  -6   2   6  -3  -3  -5  -4   1  -4  -5  -1  -1  -3  -5  -4  -5    3   0   0  17   0   8  57   1   0   0   1   6   0   0   3   4   0   0   0   0  1.05 0.43
    7 I    -2  -2  -3  -2  -3  -3  -4  -3  -4   4   2  -2   1   3   0  -3  -2   1  -1   1    3   3   1   2   0   1   0   2   0  36  17   1   3  18   5   1   0   2   0   5  0.42 0.24
    8 L    -3  -3  -1  -4  -2  -1  -3  -5  -1   0   5   0   3   0  -3  -3  -1  -3  -3   0    0   0   3   0   1   4   1   0   2   4  60   6   7   3   1   0   4   0   0   5  0.63 0.31
    9 C    -1   0  -1  -2   5   0   0  -1  -1  -3  -2   1  -2  -2   1   3   0  -3   1  -2    2   4   2   0  13   4   7   3   1   0   3  12   1   1   5  30   3   0   6   3  0.30 0.23
   10 K    -1   0   0  -1  -4   4   1  -2   4  -4  -3   3  -3  -4   2   1  -2  -4  -2  -3    2   4   3   1   0  24   7   2  10   0   1  22   0   0  11   9   1   0   1   1  0.54 0.30
   11 L     1  -1  -3  -4  -3   0  -2  -4  -3   0   4  -2   1  -2   0  -2   0  -4  -3   1   12   3   1   0   0   5   1   0   0   3  45   2   3   0   5   1   5   0   0  11  0.37 0.25
   12 S    -1  -1   1  -1  -3  -1  -1   0   3  -3  -3   0  -2  -2   0   4   2  -4  -2  -2    2   3   5   3   0   2   3   8   9   1   1   4   1   2   4  38  13   0   0   2  0.39 0.28
   13 L    -1  -2   0  -1  -2   0  -2  -1  -1   1   3  -2   0   0  -1  -1  -2  -3   1   1    2   1   5   3   1   5   1   4   1   6  37   2   0   3   3   5   1   0   6  13  0.17 0.16
   14 E     0  -1   0   0  -3   2   3  -1   1  -3  -3   0  -3  -3   3   1  -2   0  -1  -2    6   2   5   3   0  12  25   5   4   1   2   4   0   0  15  11   1   2   2   2  0.38 0.23
   15 G     1  -4  -1  -2   0  -1  -3   5  -2  -3  -1  -3  -1  -2   0  -1  -1  -4   0  -1   14   0   2   2   2   2   0  47   1   0   5   1   2   1   4   4   3   0   4   5  0.58 0.31
   16 D    -1  -2   1   5  -4   0   0   1   0  -3  -3   0  -1  -2  -2   2  -1  -4   0  -3    4   1   6  32   0   4   4  13   2   1   1   5   2   2   1  14   3   0   3   2  0.42 0.26
   17 H    -2   0   0  -1  -2   2  -1   0   7  -3  -4   2  -3  -1   1  -1  -1  -2   1  -2    2   3   3   3   1   9   2   8  29   2   1  12   0   3   6   3   4   0   5   4  0.52 0.32
   18 S     1  -1   1  -1  -3  -1   0  -1   1  -1  -3   1  -2  -1   1   2   2  -4   0  -2    9   1   6   2   0   2   6   5   4   3   1   8   0   3   7  21  15   0   4   2  0.21 0.20
   19 T     1   0  -1  -1  -3   1   0  -1  -1  -1  -1   0   1  -1   0   1   2  -1  -1   0   12   3   2   3   0   7   5   3   1   3   6   7   4   3   3   8  19   1   1   8  0.10 0.13
   20 P     0  -2  -3  -1  -3   0  -2  -2  -1  -3  -1   1  -2  -2   6  -2  -1   0  -3  -2    8   1   1   3   1   3   2   3   2   2   7   9   1   1  44   3   4   1   1   3  0.83 0.42
   21 P    -1  -3  -3  -2  -5   1  -1  -2  -1  -3   0  -2  -1  -2   6  -1  -1   5  -3   0    5   1   1   1   0   6   3   4   1   1   9   2   2   2  41   5   3   8   1   6  0.80 0.42
   22 S     0   0   1  -2  -3   2  -1   2  -2  -2  -1   1  -1  -3  -1   2   1  -4  -2  -1    7   3   7   1   0   9   2  15   1   2   7  11   2   1   3  19   8   0   1   3  0.19 0.20
   23 A     2  -2  -1  -2   0   0  -1   1  -1  -2  -1  -1  -2   1   0   0   1  -3   3  -1   17   1   2   2   2   6   3  11   1   1   6   3   0   7   4   7  12   0  10   5  0.14 0.18
   24 Y    -2   4  -1  -2  -4   4  -1  -2   3  -4  -1   0   1   0  -4   0  -1  -1   3  -3    2  21   3   1   0  17   3   3   7   0   6   3   4   4   1   6   4   1  12   1  0.46 0.34
   25 G     1  -4  -5  -4  -6  -4  -4   6  -6  -5  -6  -5  -4  -7   5  -4  -5  -7  -6  -3   11   1   0   1   0   1   1  48   0   1   1   0   1   0  31   1   0   0   0   2  1.51 0.76
   26 S    -3  -5  -5  -6  -4  -4  -5  -6  -7  -6  -4  -4  -4  -6  -4   2   8  -7  -4  -5    2   0   0   0   0   1   0   0   0   0   1   1   0   0   1  14  77   0   1   0  2.10 1.04
   27 V    -4  -5  -7  -6  -5  -5  -7  -7  -7   5   1  -6  -1  -5  -5  -5  -3  -7  -4   6    1   1   0   1   0   0   0   0   0  33  13   0   1   0   1   1   1   0   0  47  1.48 0.70
   28 K    -3   3  -2  -4  -4   0  -3  -5   2   0  -2   4  -2   0  -2  -2   1  -5  -2   2    1  17   1   1   0   3   1   0   4   4   4  27   1   5   2   3   9   0   1  14  0.50 0.37
   29 P     2  -2  -3   2  -4  -4  -1  -2  -2  -7  -5  -4  -5  -6   7  -2  -1  -6  -3  -4   14   2   1   9   0   1   5   3   1   0   1   1   0   0  53   3   3   0   1   1  1.39 0.76
   30 Y     3  -2   0  -1   0  -1  -3  -3   2  -1  -2   0  -2   2  -1   0  -1  -1   4  -1   23   2   4   3   2   2   1   1   6   3   3   5   1   9   3   6   4   1  17   5  0.35 0.30
   31 T     0  -2  -1   0  -2   1   1  -3  -1  -3  -2   0  -2  -5   5   1   1  -6  -4  -2    9   2   2   4   1   6  10   2   1   1   4   6   1   0  28  11   7   0   1   4  0.49 0.36
   32 N    -2  -2   5   3  -2  -2  -3   1   1  -5  -4  -1  -4  -4   2   1  -2  -6  -2  -2    2   2  29  14   1   1   1  12   4   0   2   3   0   1  12  10   2   0   2   3  0.64 0.44
   33 F    -3  -7  -6  -7  -4  -7  -8  -7  -2  -2  -3  -7  -2   9  -1  -5  -5   2   1  -4    2   0   0   0   0   0   0   0   1   2   2   0   1  77   3   1   1   2   4   1  2.48 1.04
   34 D    -4  -4   6   6  -2  -4  -1  -4   1  -7  -6  -3  -4  -7  -5   1  -3  -7  -3  -5    1   1  31  42   1   1   3   1   3   0   1   1   0   0   1  11   1   0   1   1  1.45 0.75
   35 A     5  -6  -6  -5  -3  -5  -3  -4  -5  -4  -4  -3  -4  -7   5  -3  -4  -8  -7   1   46   0   0   1   1   0   2   1   0   1   2   2   0   0  32   2   1   0   0  10  1.36 0.78
   36 E    -1   1   0   2  -3   1   4  -2  -1  -3  -2   0  -1  -5  -3   1   0  -5  -3  -1    5   6   5  13   0   5  29   2   1   2   4   5   1   0   1  10   6   0   1   4  0.42 0.34
   37 R     2   2  -1   1  -2   2   2  -1   1  -3  -3   1  -2  -2  -2   0  -1  -2   1  -2   18  11   3   7   1   9  13   4   3   1   1   9   1   2   1   5   3   1   4   3  0.25 0.25
   38 D    -2  -7  -4   8  -4  -5  -1  -7  -2  -5  -7  -5  -8  -4  -7  -4  -4  -9  -5  -4    4   0   0  82   0   0   4   0   1   1   1   0   0   1   0   1   1   0   1   2  2.46 1.13
   39 A     6  -7  -6  -7   5  -6  -6  -5  -7  -3  -5  -6  -5  -5  -6  -2  -3  -8  -6   2   69   0   0   0  10   0   0   0   0   2   0   0   0   0   0   3   2   0   0  12  1.76 0.92
   40 L     0   0  -1   0  -5   3   5  -4   1  -2  -2   2  -1  -5  -5  -2  -2  -3  -3  -2    9   5   3   5   0  11  33   1   3   3   3  13   2   0   0   2   3   0   1   2  0.60 0.44
   41 N     2   1   1   0  -1   1   1  -3  -1   0  -2   1  -1  -3  -4  -1   1  -4  -2   0   23   7   6   5   1   5   8   1   1   6   3   9   1   1   0   3   9   0   1   8  0.20 0.22
   42 I    -6  -7  -9  -9  -4  -8  -9  -9  -9   3   7  -8  -1  -2  -9  -8  -7  -4  -7  -2    0   0   0   0   0   0   0   0   0  12  82   0   1   1   0   0   0   0   0   2  2.09 0.97
   43 E    -5   6   0  -2  -2   0   0  -4   5  -5  -4   2  -3   0  -7  -4  -6  -3   4  -5    1  35   5   2   1   4   7   1  14   1   2  11   0   3   0   1   0   0  12   0  1.07 0.62
   44 T    -1   2   1   1  -7   0   1  -3  -1  -5  -5   6  -4  -7  -6  -2   0  -5  -5  -5    5   8   6   7   0   4   8   2   2   0   1  46   0   0   0   3   6   0   0   1  0.95 0.58
   45 A     7  -6  -5  -7  -3  -7  -6  -5  -4  -5  -7  -7  -5  -6  -7  -1  -4  -8  -8  -6   90   0   1   0   1   0   0   1   0   1   0   0   0   0   0   4   1   0   0   0  2.39 1.16
   46 V    -6  -7  -8  -8   3  -7  -6  -2  -7   3   1  -6   9   2  -8  -7  -3  -7  -6  -1    0   0   0   0   5   0   0   4   0  16  11   0  50   9   0   0   2   0   0   3  1.94 0.92
   47 K    -2   1  -2  -2  -6   2   1  -4  -1  -7  -6   7  -2  -6  -6  -1  -1  -5  -5  -4    3   6   2   3   0   7   7   2   1   0   0  59   1   0   0   4   4   0   0   1  1.35 0.75
   48 T    -2  -1  -4  -3  -4  -4  -4   7  -4  -5  -6  -2  -7  -8  -5  -2   0  -8  -5  -4    3   3   1   1   0   1   1  75   1   1   1   3   0   0   1   3   5   0   0   1  1.78 0.88
   49 K    -1  -3  -6  -4  -3  -2  -5  -4  -5   1   3   1   2   5  -3  -3  -3   5  -2  -1    6   2   0   1   0   1   0   1   0   8  26  10   5  22   2   2   1   8   1   3  0.68 0.43
   50 G    -4  -4  -4  -4  -4  -5  -4   7  -5  -5  -6  -4  -7  -7  -6  -2  -4  -7  -5  -6    1   1   1   1   0   1   1  84   0   1   1   1   0   0   0   3   1   0   1   1  2.20 1.00
   51 V    -2  -6  -4  -5   5  -5  -6  -6  -6  -3  -5  -4  -4  -6  -3  -1   7  -7  -5   1    3   0   1   0   9   0   0   1   0   2   1   1   0   0   1   4  65   0   0  10  1.75 0.92
   52 D    -6  -4   4   8  -9  -5  -3  -5  -3  -9  -9  -2  -8  -9  -7  -4  -3  -9  -7  -7    0   1  16  73   0   0   1   1   1   0   0   3   0   0   0   1   1   0   0   0  2.34 1.09
   53 E    -4  -3  -2   0  -5  -3   7  -5  -3  -6  -8   1  -4  -7  -6  -3  -2  -8  -6  -4    1   1   2   4   0   1  75   1   1   1   0   7   0   0   0   2   3   0   0   2  1.95 1.01
   54 V     1   0   1   3  -6   2   1  -1  -2  -4  -4   4  -3  -5  -3   0  -1  -5  -4  -2   12   4   6  17   0   7   7   4   1   1   1  25   1   0   1   6   3   0   1   4  0.47 0.36
   55 T     4  -1  -4  -2  -1  -2  -2  -4  -4  -2  -3   0  -1  -6  -3   0   4  -7  -6   1   35   3   0   2   1   2   3   1   0   2   2   7   2   0   1   5  23   0   0  11  0.66 0.49
   56 I    -5  -6  -8  -8  -6  -8  -8  -9  -8   7   3  -8  -2  -1  -8  -7  -5  -7  -5   2    0   0   0   0   0   0   0   0   0  59  23   0   1   3   0   0   0   0   0  13  1.83 0.84
   57 V    -5  -6  -2  -8  -6  -8  -8  -7  -8   8  -1  -8   0  -4  -8  -5  -1  -8  -5   2    1   0   3   0   0   0   0   0   0  69   5   0   2   1   0   1   5   0   0  13  1.95 0.89
   58 N    -1   0   3   4  -7   1   4  -3   0  -6  -6   0  -3  -6  -5   1  -2  -4  -4  -5    4   6  15  22   0   6  22   2   2   0   1   5   1   0   0   9   2   0   0   0  0.73 0.49
   59 I    -4  -6  -8  -8  -4  -7  -5  -8  -8   7   0  -7  -2  -4  -7  -7  -2  -8  -6   5    2   1   0   0   0   0   1   0   0  55   8   0   1   0   0   0   2   0   0  30  1.79 0.83
   60 L    -6  -7  -8  -9  -5  -7  -8  -7  -8   2   6  -8   2  -1  -8  -7  -5  -7  -6   0    0   0   0   0   0   0   0   0   0  10  76   0   4   2   0   0   0   0   0   6  1.84 0.87
   61 T     3  -6  -5  -6   5  -5  -6   2  -5  -4  -5  -6  -4  -5  -2   1   5  -7  -5  -1   23   0   0   0  13   0   0  15   0   1   1   0   0   0   2  10  29   0   0   5  0.98 0.62
   62 N    -2   2   4  -2  -2   0  -3  -2   5  -6  -5   2  -5  -5  -3   2   1  -6   0  -5    4  10  17   1   1   4   1   3  14   0   1  14   0   0   1  17   8   0   3   0  0.65 0.46
   63 R    -6   8  -4  -7   1  -4  -6  -7   3  -3  -3  -1  -3  -7  -6  -4  -5  -8  -3  -6    0  76   1   0   3   0   0   0   6   2   3   4   1   0   0   1   1   0   1   1  2.27 1.07
   64 S    -4  -5   3   1   1  -5  -5  -4  -5  -6  -7  -4  -5  -7  -3   5   4  -6  -7  -4    1   1  15   7   2   0   0   1   0   0   0   1   0   0   1  42  26   0   0   1  1.29 0.79
   65 N     1  -1   7  -4   0  -3  -4  -4  -1  -2  -3  -2  -5  -3   0   1  -2   1   0  -2   10   3  47   0   2   1   1   1   2   2   3   2   0   1   5   9   3   2   3   3  1.00 0.62
   66 V     3  -1   0   1  -2   0   2  -2   0  -3  -2   1  -1  -2  -1   1   0  -1  -1  -2   24   3   4   9   1   5  14   2   2   1   5   7   1   2   2   9   4   1   2   2  0.24 0.25
   67 Q    -6  -4  -6  -4  -9   9   1  -6   1  -9  -8  -5  -6  -9  -8  -6  -5  -6  -6  -8    0   1   0   1   0  82   9   1   3   0   0   0   0   0   0   0   1   0   0   0  2.84 1.36
   68 R    -6   8  -7  -8  -5  -5  -6  -8  -5   0  -1  -3  -1  -8  -8  -7  -6  -8  -7  -4    1  81   0   0   0   0   0   0   0   6   8   1   2   0   0   0   0   0   0   1  2.50 1.16
   69 Q    -1   1  -3  -3  -5   7  -1  -6  -2  -2   0   0  -1  -5  -6  -3  -3  -4  -3  -1    6   6   1   1   0  54   3   0   1   3   9   5   2   0   0   2   1   0   1   4  1.27 0.77
   70 D     0  -1  -2   0  -6   4   4  -4  -1  -2   0   0   1  -4  -2  -2  -1  -6  -2  -2    9   3   2   5   0  18  29   1   1   2   9   6   3   1   2   2   4   0   1   4  0.54 0.43
   71 I    -6  -9  -7  -9  -5  -8  -9  -9  -9   8   1  -8  -1  -6  -8  -7  -3  -8  -7   1    0   0   0   0   0   0   0   0   0  79  10   0   1   0   0   0   1   0   0   7  2.41 1.04
   72 A     3   3  -2  -4   1   0  -2  -3  -3  -1  -2   3  -2  -1  -4   0  -2  -6  -3   0   25  14   2   1   3   3   2   1   0   4   4  20   1   3   0   6   2   0   1   7  0.43 0.35
   73 F     1   1   0   1  -3   3   2  -3   0  -2  -2   2  -2  -1  -4   0   0  -4  -3  -1   12   8   4   6   0  14  14   1   2   2   4  14   1   3   0   6   5   0   0   4  0.29 0.27
   74 A     4   0  -3  -4  -1   1   1  -3  -1  -2  -3   1   1  -3  -2   0   1  -4  -2   0   35   4   1   1   1   7   8   1   1   2   1  10   3   1   2   5   9   0   1   5  0.44 0.38
   75 Y    -8  -8  -9  -9  -9  -8  -9  -8  -4  -7  -6  -8  -7   6  -8  -8  -8  -3  10  -7    0   0   0   0   0   0   0   0   0   0   0   0   0  24   0   0   0   0  73   0  3.29 1.39
   76 Q    -3   1   0  -3  -5   3   1  -5   0  -6  -3   6  -2  -2  -4  -2  -3  -5  -3  -5    2   7   4   1   0  14   9   1   2   0   3  46   1   2   1   3   2   0   1   1  1.03 0.63
   77 R     1   1   0  -1  -4   2   2  -2  -1  -3  -2   1  -2  -5  -4   2   3  -6  -4  -2   12   8   4   4   0  10  11   2   1   2   3   7   1   0   0  12  20   0   0   2  0.37 0.34
   78 R     0   1  -1  -2  -1   0   0  -4  -1   0   2   2   5  -2  -5  -1   1  -5  -3  -2    7   7   2   2   1   4   6   1   2   6  19  11  16   1   0   5   7   0   1   2  0.32 0.29
   79 T    -3  -7  -5  -7  -3  -5  -7  -8   2  -3  -4  -4  -5   5  -7  -2   1  -4   8  -4    2   0   1   0   1   1   0   0   4   2   1   1   0  22   0   3   9   0  51   1  1.94 0.94
   80 K    -4  -1   1   0  -7   0  -2   6  -1  -8  -8   2  -5  -5  -6  -1  -5  -7  -7  -8    1   3   6   5   0   4   3  57   1   0   0  12   0   0   0   5   0   0   0   0  1.29 0.70
   81 K    -5   4  -3  -2  -4   2   2  -5  -1  -5  -6   6  -4  -6  -5  -3  -2  -8  -4  -6    1  23   1   2   0   8  10   1   2   1   1  46   0   0   0   1   2   0   0   0  1.34 0.74
   82 E    -4  -4   1   7  -7  -4   2  -5  -2  -6  -8  -4  -7  -6  -1   0  -2  -9  -6  -5    1   1   6  63   0   0  11   1   1   1   0   1   0   0   3   6   3   0   0   1  1.70 0.87
   83 L    -6  -7  -9  -9  -7  -8  -8  -8  -6   0   7  -8   0  -2  -8  -8  -7  -5  -5  -4    0   0   0   0   0   0   0   0   0   4  90   0   2   2   0   0   0   0   0   1  2.26 1.03
   84 P    -1  -1  -4  -1  -2  -1   2  -4  -3   4   1  -1   1  -2  -3  -2  -1  -5  -2   2    6   3   0   3   1   3  12   1   1  27  13   4   3   1   1   3   4   0   1  15  0.40 0.30
   85 S     0  -1  -1   4  -5   0   3  -3   1  -5  -5   4  -5  -7  -4   1  -1  -7  -4  -5    7   3   3  18   0   3  17   2   3   1   1  27   0   0   0  10   3   0   1   1  0.71 0.48
   86 A     1   1  -2   6  -2  -1   3  -5  -2  -4  -5  -1  -3  -7  -4  -1  -1  -7  -5   0   11   8   2  39   1   2  15   0   1   1   1   4   1   0   0   4   3   0   0   6  0.85 0.54
   87 L    -6  -7  -7  -8  -6  -7  -8  -8  -8   3   6  -7  -1   0  -8  -7  -5  -7  -6   0    0   0   0   0   0   0   0   0   0  14  73   0   1   4   0   0   0   0   0   5  1.79 0.85
   88 K    -4   1  -2   0  -3   1   1  -5   1  -2  -6   7  -4  -6  -5  -1  -3  -7  -5  -5    2   6   2   6   1   5  10   0   3   3   0  56   0   0   0   4   1   0   0   1  1.28 0.71
   89 S    -1  -1   0   0  -3  -3  -1   1  -1  -6  -5   2  -5  -7  -4   6  -2  -5  -3  -6    4   3   4   4   1   1   3  10   1   0   1  12   0   0   1  51   1   0   1   0  0.95 0.64
   90 A     0  -4  -4   2  -6  -2   7  -5  -4  -4  -5   1  -7  -8  -6  -4  -5  -8  -5  -3    9   1   1   9   0   1  64   1   0   1   1   7   0   0   0   1   1   0   0   2  1.58 0.87
   91 L    -6  -5  -6  -8  -1  -7  -7  -8  -7   0   6  -7  -1   1  -7  -4   3  -7  -4  -2    0   1   0   0   1   0   0   0   0   4  66   0   1   5   0   1  18   0   0   2  1.52 0.79
   92 S    -3   0  -2  -4  -4  -4  -4   1   1  -5  -7  -1  -4  -6  -3   6   1  -5  -6  -6    1   4   1   1   0   1   1  11   3   1   0   4   0   0   1  60   9   0   0   0  1.31 0.80
   93 G    -4  -5  -4  -3  -4  -7  -5   7  -5  -9  -8  -5  -8  -4  -5  -1  -5  -5  -5  -6    1   1   1   1   0   0   1  85   0   0   0   1   0   1   1   4   1   0   0   1  2.31 1.06
   94 H    -4  -2   5   5  -2  -3  -1  -4   6  -6  -6   2  -6  -5  -5  -1  -3   1  -1  -6    1   2  24  28   1   1   3   1  16   0   1  11   0   1   0   4   1   2   2   0  1.13 0.64
   95 L    -5  -7  -8  -8  -6  -7  -7  -7  -3  -4   3  -8   0   8  -8  -6  -4  -3   2  -3    1   0   0   0   0   0   0   0   1   0  22   0   2  61   0   1   1   0   6   2  2.10 0.94
   96 E    -3   2  -5  -2  -2   1   6  -1  -2  -7  -3   3  -5  -6  -6  -4  -5  -5  -3  -6    2  10   0   2   1   5  54   5   1   0   3  14   0   0   0   1   0   0   1   0  1.27 0.74
   97 T    -3   2   1   4  -5   0   2  -4  -1  -5  -5   3  -3  -4  -5  -1   1  -5  -3  -5    2  11   6  24   0   3  14   1   2   0   1  19   1   1   0   4   9   0   1   1  0.70 0.47
   98 V     2  -6  -6  -6   1  -5  -6  -2  -6   1   3  -6   0  -2  -5  -4   1  -6  -5   4   19   0   0   0   3   0   0   3   0   7  30   0   2   1   0   1   9   0   0  25  0.75 0.48
   99 I    -2  -7  -7  -7   3  -6  -7  -7  -7   5   3  -7   3  -2  -7  -5  -3  -6  -4   4    4   0   0   0   5   0   0   0   0  31  23   0   8   1   0   0   2   0   0  25  1.17 0.59
  100 L    -4  -2  -4  -3   0  -1  -1  -5  -1   1   4  -1   2  -2  -6  -4  -2   0  -2   4    1   2   1   1   2   3   4   0   1   7  35   4   5   1   0   1   2   1   1  26  0.64 0.41
  101 G     5  -3  -4  -3  -3  -3  -4   3  -4  -5  -1  -4  -1  -5  -5   0  -3  -2  -1  -3   51   2   1   1   1   1   1  19   0   0   8   1   1   0   0   7   1   1   2   1  0.98 0.61
  102 L    -6  -6  -8  -8   0  -7  -8  -7  -5   0   6  -7   4  -4  -8  -3  -4   5  -6  -3    0   0   0   0   2   0   0   0   0   4  69   0   9   0   0   2   1   8   0   1  1.72 0.84
  103 L    -2  -7  -6  -8   3  -6  -7  -7  -7   1   3  -6   8   2  -7  -5  -2  -6  -4   1    4   0   0   0   5   0   0   0   0   6  28   0  35   9   0   1   3   0   0   8  1.39 0.71
  104 K    -3   1  -3   0  -2   1   0  -5   0  -3   1   2   5  -3  -4  -3   3  -3   2  -1    1   8   1   6   1   6   5   0   2   1  12  14  14   1   1   1  16   0   7   3  0.41 0.36
  105 T    -3  -1  -2   2  -2  -2   0  -1  -2  -4  -4  -3  -4  -7   6   1   3  -4  -5  -5    2   3   2  11   1   2   6   5   1   1   2   1   0   0  35   9  17   0   0   1  0.89 0.58
  106 P    -1  -2  -6  -5  -7  -3  -5  -6  -3  -2   0  -1  -1  -6   7  -1   0  -5  -4  -4    5   3   0   0   0   2   1   1   1   2  10   3   2   0  58   6   5   0   1   2  1.49 0.81
  107 A     4  -1  -2   0  -2  -3  -1  -3   0  -1  -1  -3  -2  -3   3   0  -1  -3  -1   0   36   3   2   5   1   1   5   1   2   4   7   1   1   1  12   6   4   0   3   7  0.41 0.35
  108 Q    -2  -1  -2   1  -3   3   4  -3   1  -1  -1   0  -1  -3  -5  -2  -2  -4   0   1    3   3   1   8   0  13  31   2   3   3   7   5   2   1   0   2   3   0   3   9  0.47 0.38
  109 Y    -5   2  -3  -7  -3  -2  -5  -7   0  -4  -1  -6  -1   5  -8  -4  -5  -3   8  -2    1   9   1   0   1   2   1   0   2   1   6   0   1  23   0   1   1   0  45   3  1.66 0.83
  110 D    -4  -4  -1   7  -3  -3  -1  -7  -2  -4   1  -3  -1  -1  -7  -5  -6  -7   2  -6    1   1   2  63   1   1   4   0   1   1  11   1   2   2   0   1   0   0   7   0  1.63 0.85
  111 A     7  -7  -7  -7   3  -7  -7  -5  -7  -4  -5  -7  -5  -8  -7  -3  -3  -8  -7   1   80   0   0   0   5   0   0   0   0   1   1   0   0   0   0   1   1   0   0   9  2.06 1.04
  112 S    -2   2  -1  -1  -3   2   0  -5   3  -1  -3   4  -1  -1  -4   0  -1   3   2  -2    2  10   2   3   0   8   7   0   8   3   2  23   1   2   0   7   5   3   8   3  0.41 0.33
  113 E    -1  -2  -3  -2   5   3   5  -5  -1  -1   0  -3  -1  -2  -5  -1  -1  -1  -2  -2    6   2   1   1  10  12  35   0   2   3  11   1   1   2   0   5   3   1   2   3  0.65 0.48
  114 L    -1  -7  -8  -8   0  -7  -8  -8  -8   2   6  -7   1  -3  -7  -6  -5  -7  -6   1    5   0   0   0   2   0   0   0   0  12  70   0   2   1   0   0   0   0   0   7  1.61 0.79
  115 K    -6   4   3  -4  -4   0  -4  -6   7  -4  -6   3  -3  -2  -7  -4  -5  -1   4  -6    0  22  11   1   0   4   1   0  27   1   1  16   1   2   0   1   1   1  11   0  1.34 0.72
  116 A    -1   2   1   2  -6   1   2  -3   3  -5  -4   4  -5  -6  -4  -2  -2  -3   0  -3    5  11   7  13   0   6  12   2   6   1   1  25   0   0   0   3   2   0   3   2  0.57 0.40
  117 S     7  -7  -5  -7  -2  -5  -6  -3  -7  -4  -5  -6  -6  -7  -6   1  -3  -8  -7  -5   80   0   1   0   1   1   0   2   0   1   1   0   0   0   0  11   1   0   0   1  2.00 1.03
  118 M    -5  -7  -7  -8  -1  -6  -6  -6  -7   4   2  -6   9  -2  -7  -6  -1  -7  -6   1    1   0   0   0   2   0   0   1   0  22  15   0  44   2   0   0   3   0   0   9  1.79 0.86
  119 K    -1   0  -2   0  -2   1   1  -5  -1  -5  -5   6  -6  -5  -5   1  -2  -7  -2  -4    5   5   1   5   1   5   7   1   1   1   1  51   0   1   0   9   3   0   2   1  1.04 0.63
  120 G    -3  -1  -3  -3  -2  -4  -4   7  -7  -7  -6  -1  -2  -7  -6  -2  -4  -2  -7  -4    2   3   1   1   1   1   1  76   0   0   1   4   1   0   0   3   1   1   0   2  1.84 0.88
  121 L     3  -3  -3  -3  -3  -4  -3  -3  -4   1   3  -2   2   0   0  -1  -1   1  -3   0   22   1   1   2   0   0   1   1   0   8  33   3   5   4   5   3   3   2   1   5  0.43 0.33
  122 G    -4  -3  -4  -2  -4  -5  -4   7  -5  -5  -6  -3  -4  -5  -3  -2  -2  -5  -7  -5    1   2   1   2   0   0   1  78   0   1   1   2   1   1   2   3   2   0   0   1  1.91 0.91
  123 T    -4  -4  -4  -5  -2  -6  -6  -5  -7  -3  -4  -1  -4  -6  -3  -1   8  -8  -5  -3    2   1   1   1   1   0   0   1   0   2   1   5   0   0   1   3  78   0   0   2  2.08 1.07
  124 D    -3  -1   3   7  -6  -3  -1  -5  -1  -6  -7   2  -7  -6  -5  -2  -2  -8  -7  -6    2   3  15  54   0   1   4   1   2   1   0  12   0   0   0   3   3   0   0   1  1.48 0.78
  125 E    -6  -3  -1   2  -7  -3   7  -5  -2  -6  -2  -2  -4  -5  -6  -5  -5  -4  -2  -4    0   1   2   9   0   1  72   1   1   1   5   2   0   0   0   1   0   0   2   1  1.81 0.96
  126 D     0   1   1   4  -1   1   1  -1   0  -3  -4   1  -4  -5  -3   2  -1  -2  -4  -3    8   7   6  22   1   5  10   6   2   2   1  10   0   0   1  14   3   1   0   1  0.39 0.32
  127 S     2  -4  -5  -4   4  -5  -3  -5  -3   0  -1  -5  -1  -4  -5  -1   4  -2  -5   4   17   1   0   1   9   0   1   1   1   5   5   0   2   1   0   5  22   1   0  30  0.77 0.51
  128 L    -2  -7  -8  -8  -6  -7  -8  -7  -8   3   6  -7  -1  -1  -8  -7  -6  -7  -6  -1    4   0   0   0   0   0   0   0   0  13  74   0   1   2   0   0   0   0   0   4  1.76 0.85
  129 I    -3  -6   0  -5  -2  -6  -7  -7  -7   7   0  -7   0  -4  -7  -4   1  -7  -6   2    2   0   4   1   1   0   0   0   0  57   6   0   2   0   0   1   9   0   0  14  1.49 0.74
  130 E    -5  -3  -4   2  -9   0   7  -1  -4  -7  -8  -5  -5  -8  -7  -5  -5  -8  -6  -8    1   2   1   9   0   3  77   5   0   0   0   0   0   0   0   1   1   0   0   0  2.13 1.08
  131 I    -5  -8  -6  -8  -4  -7  -8  -8  -8   8  -1  -7  -1  -5  -7  -7  -2  -8  -5   3    1   0   0   0   0   0   0   0   0  71   4   0   1   0   0   0   3   0   0  18  2.16 0.95
  132 I    -2  -7  -7  -8  -3  -7  -7  -7  -7   4   6  -6   2   0  -7  -5  -5  -6  -5  -1    4   0   0   0   0   0   0   0   0  18  63   0   5   4   0   1   0   0   0   3  1.46 0.73
  133 C     2  -6  -7  -7  10  -7  -7  -4  -7  -2  -2  -7   0  -1  -7  -1  -1  -7  -3   1   16   0   0   0  51   0   0   2   0   2   5   0   2   3   0   5   5   0   1   8  1.95 0.89
  134 S    -1  -4  -3  -5  -1  -4  -5   0  -4  -3  -4  -5  -4  -5  -1   5   6  -7  -5  -4    5   1   1   0   1   1   0   7   0   2   1   0   0   0   3  34  42   0   0   1  1.23 0.76
  135 R    -2   8  -4  -6   0  -1  -5  -6   0  -6   0   0  -1  -6  -6  -1  -4  -7  -2  -6    3  66   1   0   2   2   0   1   2   0   8   5   1   0   0   4   1   0   2   0  1.70 0.87
  136 T    -3  -5   3   0  -3  -4  -3  -4  -6  -6  -6  -4  -4  -7  -2   5   5  -2  -5  -5    1   0  12   5   1   1   2   1   0   0   0   1   0   0   2  34  38   1   0   0  1.28 0.78
  137 N    -2  -5   8  -3  -5  -3  -3  -2  -1  -6  -6  -1  -5  -5   2   0  -1  -7  -2  -5    4   0  57   1   0   1   2   3   1   0   1   4   0   1  12   7   3   0   1   1  1.49 0.81
  138 Q     2  -1   0   1  -3   3   3  -3   0  -3  -3   1  -2  -5  -1   0  -1  -5  -2  -3   19   3   4   8   0  11  16   2   3   1   2  10   1   0   3   8   4   0   1   2  0.33 0.30
  139 E    -5  -2  -4   2  -5   5   6  -4   1  -5  -6  -3  -4  -8  -6  -3  -4  -4  -5  -6    1   2   0   9   0  25  51   2   3   1   1   1   1   0   0   2   1   0   0   0  1.58 0.88
  140 L    -6  -4  -6  -8  -6  -7  -7  -8  -7   7   4  -3   4  -3  -7  -6  -4  -7  -6   0    0   1   0   0   0   0   0   0   0  50  32   2   8   1   0   0   1   0   0   4  1.62 0.77
  141 Q     0   3   1  -2  -4   3   1  -4   2  -1  -1   3   0  -2  -4  -2  -2  -3  -2  -2    6  16   5   2   0  16   9   1   5   3   7  17   2   2   0   2   1   0   1   3  0.40 0.33
  142 E     4  -1  -1   1  -4   1   4  -2  -1  -3  -3   0  -1  -4  -3  -1  -1  -4  -3  -2   30   3   2   7   0   7  23   2   1   2   3   6   2   1   1   4   4   0   1   2  0.50 0.40
  143 I    -3  -7  -8  -8  -1  -7  -8  -8  -8   7   2  -7   2  -2  -7  -6  -3  -7  -5   1    2   0   0   0   1   0   0   0   0  64  15   0   5   1   0   0   2   0   0   8  1.79 0.82
  144 N    -1   3   2  -4  -1  -2  -3  -5  -3  -2  -3   6  -2  -5  -5   0  -2  -7  -5  -1    5  14  10   0   1   2   1   1   0   2   2  45   1   1   0   6   2   0   0   6  0.93 0.58
  145 R     1   2   1   1  -4   3   3  -3   0  -4  -4   1  -2  -5  -4   0   0  -6  -3  -3   12  11   6   8   0  14  19   1   2   1   1  10   1   0   1   6   5   0   1   1  0.48 0.37
  146 V     5  -3  -4  -4   2  -1   0  -4   0   1  -3  -2  -2  -4  -5  -1   1  -6  -1   2   44   1   1   1   3   3   6   0   2   6   2   2   1   1   0   3   8   0   2  14  0.67 0.48
  147 Y    -8  -8  -7  -8  -7  -8  -8  -9  -3  -8  -6  -7  -6   2  -9  -7  -8  -4  10  -7    0   0   0   0   0   0   0   0   0   0   1   0   0   6   0   0   0   0  90   0  3.68 1.53
  148 K    -2   1  -1  -3   0   3   2  -4   3  -4  -2   4  -2  -1  -2  -1  -2  -6   0  -4    3   7   3   1   2  14  12   1   6   1   5  28   1   3   2   3   3   0   4   1  0.56 0.42
  149 E     0   2   0   0  -3   2   3  -3   0  -3  -2   3  -1  -4  -3   0   0  -6  -2  -4    8  10   3   6   0  10  18   1   2   1   3  17   2   1   1   7   7   0   1   1  0.37 0.32
  150 M    -1   0  -2  -1  -4   0   2  -4  -2   1   2   1   4  -3  -4  -2   0  -3  -3   1    5   5   1   4   0   3  16   1   1   8  19   8  11   1   0   1   5   0   1   9  0.29 0.27
  151 Y    -5  -7  -4  -7  -3  -7  -7  -7   1  -5  -2  -5  -5   6  -6  -4  -2  -4   8  -4    1   0   1   0   1   0   0   0   3   0   4   1   0  28   1   2   3   0  53   1  2.19 1.02
  152 K    -3   0   2   1  -5   1   0   4   1  -7  -6   4  -5  -7  -4  -1  -4  -7  -4  -7    1   5   8   8   0   5   7  31   4   0   1  25   0   0   1   4   0   0   0   0  0.83 0.53
  153 T    -2   5   0  -3   0  -1  -3  -4   1  -3  -6   4  -5  -6  -5   1   1  -4  -4  -1    3  28   4   2   2   2   1   1   4   2   0  27   0   0   0   9  10   0   0   4  0.81 0.53
  154 D    -4  -3   1   5  -2  -2   1  -5  -2  -5  -6  -1  -6  -6   0   4   2  -7  -2  -5    1   1   7  30   1   2   8   0   1   1   1   3   0   0   5  27  10   0   2   1  0.84 0.57
  155 L    -4  -8  -8  -9  -7  -7  -8  -7  -8  -1   7  -8   1  -3  -7  -8  -7  -7  -6  -1    1   0   0   0   0   0   0   0   0   3  86   0   3   1   0   0   0   0   0   3  2.12 0.99
  156 E    -1  -4  -4   0  -8   0   7  -5  -3  -2  -4  -3  -1  -6  -5  -3  -3  -8  -6  -1    4   1   1   4   0   3  69   1   0   2   2   1   1   0   0   2   2   0   0   4  1.62 0.89
  157 K     0  -2   0   3  -4   1   3  -4   2  -5  -4   4  -3  -5  -5   1  -2  -6  -2  -5    7   2   4  16   0   5  20   1   4   1   1  21   1   0   0  11   3   0   1   0  0.62 0.45
  158 D     1  -4  -3   8  -6  -3   0  -5   0  -6  -7  -4  -3  -5  -7  -2  -4  -3  -5  -3   10   1   1  70   0   1   6   1   2   0   0   1   1   1   0   3   1   0   0   2  1.89 0.94
  159 I    -6  -8  -8  -8  -5  -7  -7  -8  -8   7   2  -7   0  -4  -8  -6  -5  -7  -6   4    0   0   0   0   0   0   0   0   0  51  20   0   2   0   0   1   0   0   0  25  1.75 0.82
  160 I     1   2  -1  -1   0   0   1  -2  -1   1  -3   4  -1  -3  -4   0   0  -5  -2  -1   11  11   2   3   2   4  10   2   1   9   2  23   2   1   0   6   5   0   1   5  0.30 0.27
  161 S     0  -2   0   1  -3  -2   0   3  -1  -6  -5   0  -4  -6  -5   4  -2  -3  -3  -5    7   2   4   7   1   1   5  24   2   0   1   6   0   0   0  35   1   0   1   1  0.73 0.52
  162 D    -5  -3  -1   7  -3  -1   4  -4   2  -7  -8  -2  -5  -8  -7  -4  -4  -8  -5  -6    1   2   3  54   1   3  26   1   4   0   0   3   0   0   0   1   1   0   0   1  1.66 0.86
  163 T    -2  -7  -4  -6  -1  -5  -6  -7  -5  -1   0  -6  -4  -1  -5  -2   7  -8  -7   0    4   0   1   0   1   0   0   0   0   3   8   0   0   3   1   2  69   0   0   7  1.73 0.94
  164 S    -3  -3  -2  -3  -2  -4  -4  -2  -2  -7  -7  -2  -7  -3  -5   7   0  -3  -4  -7    1   1   2   1   1   1   1   3   1   0   0   3   0   1   1  76   5   0   1   0  1.76 0.99
  165 G    -4  -5  -4  -2  -6  -5  -4   7  -2  -9  -6  -5  -1  -4  -4  -2  -5  -8  -8  -8    1   1   1   3   0   1   2  82   1   0   1   1   2   1   1   3   1   0   0   0  2.12 1.00
  166 D    -3  -4   2   5  -4  -2   0  -2   6  -4  -6  -1  -1  -2   1  -1  -2  -6   2  -4    2   1   7  35   0   1   5   3  17   1   0   4   1   1   6   4   3   0   6   2  0.92 0.56
  167 F    -6  -6  -5  -8  -7  -8  -7  -7   0  -2   2  -8  -3   8  -8  -5  -1  -2   3  -2    0   0   1   0   0   0   0   0   2   2  15   0   0  61   0   1   4   0   8   3  1.97 0.90
  168 R    -3   5  -4  -4   1   3   2  -3  -2  -7  -4   5  -3  -5  -5  -3  -3  -7  -6  -7    2  27   0   0   3  14  14   2   1   0   2  30   1   0   0   1   2   0   0   0  1.11 0.66
  169 K    -3   6   0   1  -4   0   0  -6   1  -5  -5   4  -3  -6  -5  -2  -1  -7  -3  -5    2  34   5   9   1   4   5   0   3   1   1  27   1   0   0   2   3   0   1   1  1.01 0.60
  170 L    -1  -7  -7  -8  -4  -6  -7  -6  -1   2   5  -7   2   1  -7  -6  -3  -3  -5   1    6   0   0   0   0   0   0   0   2  12  58   0   5   5   0   0   2   0   0   8  1.21 0.64
  171 M    -5  -6  -8  -8   0  -7  -8  -8  -7  -1   6  -7   4   1  -6  -7  -5  -4  -2  -1    1   0   0   0   2   0   0   0   0   3  72   0   9   6   0   0   1   0   1   3  1.69 0.83
  172 V    -3  -3  -4  -5  -3  -4  -4  -6  -5   3   3  -3   2  -3  -5  -4  -1  -6  -5   5    1   1   1   1   0   1   1   0   0  14  27   2   4   1   0   1   4   0   0  39  0.96 0.54
  173 A     4  -3  -1  -4  -1  -1  -3  -1  -3  -1  -2  -3   1  -4  -3   4  -1  -1  -3  -1   32   1   3   1   1   3   2   5   0   3   5   1   4   0   1  29   4   1   1   3  0.57 0.46
  174 L    -3  -5  -8  -8   1  -2  -7  -6  -7   2   6  -6   3  -3  -7  -7  -4  -6  -1   1    3   0   0   0   2   2   0   1   0  10  63   0   6   0   0   0   1   0   2   7  1.36 0.71
  175 A     2  -6  -6  -7   5  -5  -5  -6  -7   1   4  -6   0  -4  -6  -1  -2  -2  -5   3   15   0   0   0  13   0   0   0   0   6  37   0   2   1   0   5   2   1   0  18  0.92 0.54
  176 K     0  -1   1  -1  -1   5   0  -2  -2  -4  -3   2  -1  -6  -5   1   1  -6  -5  -3    7   3   7   3   2  29   6   3   1   1   2  14   2   0   0  10  10   0   0   1  0.61 0.47
  177 G     3  -4  -3  -5   2  -5  -4   5  -5  -3  -5  -3  -4  -5  -4  -1   0  -6  -3  -3   27   1   1   0   4   0   1  46   0   2   1   2   1   0   1   5   5   0   1   2  1.07 0.61
  178 R     0   1   4   1   0   1   1   0   0  -3  -4   1  -2  -2  -1   1   0  -5   0  -2    6   7  19   6   2   6   7   8   2   1   1   8   1   2   3   9   6   0   3   3  0.23 0.21
  179 R    -5   9  -4  -7  -5  -4  -5  -5  -2  -6  -6  -1  -5  -6  -6  -5  -6  -8  -7  -7    1  88   1   0   0   0   1   1   1   1   1   3   0   0   1   1   0   0   0   0  2.78 1.23
  180 A    -1  -3   0   6  -1  -1   2  -4   0  -4  -5  -2  -2  -4   0   0  -4  -6   1  -4    6   2   4  44   1   2  11   1   2   1   1   2   1   1   5   7   1   0   6   1  0.87 0.52
  181 E    -3  -3  -2   0  -3   1   7  -3  -4  -4  -4  -2  -5  -5  -1  -1  -3  -5  -4  -4    2   1   2   5   1   6  63   2   0   1   2   3   0   1   3   4   2   0   1   1  1.36 0.69
  182 D    -1  -2   2   3  -3  -1   0  -1  -1  -2  -3  -2  -2  -3   0   3   1  -4   0  -2    3   2  11  17   1   2   6   6   1   2   3   2   1   1   4  24   7   0   4   3  0.34 0.26
  183 G     0  -1   1   0   0   0  -1   3  -1  -2  -2  -1  -1  -1   1   1   0  -1  -1  -2    5   3   7   4   2   5   3  23   1   2   4   3   2   3   6  13   7   1   2   3  0.18 0.16
  184 S     0  -1   1   1  -2   1   2   1   1  -3  -3   0  -2  -2  -1   1   2  -1  -2  -2    9   3   8   7   1   5  13   9   4   2   2   5   1   2   3  11  12   1   2   2  0.17 0.17
  185 V    -1  -3  -1  -1  -4  -1   2  -3  -2   0  -2  -2  -1  -1   2  -2   1  -1   1   4    5   1   3   4   0   2  13   2   1   5   4   2   2   2   9   2   8   1   5  30  0.33 0.27
  186 I    -1  -2  -2  -1  -1  -3  -3  -3  -3   3   0  -2  -1   0  -1  -2   0  -3   0   4    6   3   2   3   1   1   2   2   1  16   7   2   1   3   4   2   5   0   3  35  0.44 0.25
  187 D    -5  -6   4   7  -7  -3  -3  -5  -2  -4  -6  -5  -6  -5  -5  -1  -4  -7  -4  -4    1   0  19  63   0   1   1   1   1   1   1   0   0   1   1   6   1   0   1   1  1.86 0.90
  188 Y     0   0  -1   0  -3   1   2  -3   0  -1  -1   0   2  -1   3  -1  -1  -2   2  -1    6   6   2   4   1   7  14   2   2   3   6   6   6   2  14   3   3   0   8   5  0.19 0.20
  189 E     1  -1   2   2  -2   2   3  -1   0  -3  -3   0  -2  -4  -3   0   0  -5  -2  -2   14   2  10  12   1   9  20   5   2   1   3   5   1   1   1   6   5   0   1   2  0.32 0.28
  190 L     0   1  -2  -3  -4   3   0  -4  -4  -1   3   3   1  -3  -5  -2  -2  -5  -4  -1    7   8   2   1   0  13   6   1   0   2  32  15   4   1   0   2   1   0   0   3  0.46 0.36
  191 I     6  -6  -5  -6  -2  -6  -5  -5  -6   2  -5  -4  -1  -4  -4  -3  -3  -5  -5   3   61   0   1   0   1   0   1   0   0  10   0   1   1   1   1   1   1   0   0  19  1.43 0.78
  192 D     0   2   0   2  -3   2   3  -2   0  -2  -2   3  -2  -3  -3  -1  -1  -5  -2  -1    6  12   4  12   0   8  16   2   2   2   3  16   1   1   1   3   3   0   2   4  0.33 0.27
  193 Q     1   1   0   0  -2   5   3  -3  -1  -3  -4   2  -2  -5  -4   0  -1  -2  -3  -3   12   6   5   5   1  23  17   2   1   1   1  11   1   0   1   6   4   1   1   2  0.49 0.39
  194 D    -3  -4  -3   8  -4  -2   2  -6  -2  -4  -5  -5  -6  -6  -6  -5  -5  -3  -4  -4    2   1   1  73   1   2  11   0   1   1   2   1   0   0   0   0   0   0   1   2  2.06 0.99
  195 A     7  -5  -5  -5  -3  -6  -6  -5  -7  -3  -6  -6  -5  -4  -5  -2  -3  -7  -7   2   76   0   1   1   0   0   0   1   0   2   0   0   0   1   1   2   1   0   0  13  1.80 0.95
  196 R    -1   2   0   0  -5   5   2  -5   0  -3  -3   4   0  -5  -5  -3  -1  -2  -3  -3    4  10   3   5   0  24  11   0   2   2   3  24   2   0   0   2   3   1   1   2  0.68 0.48
  197 E     3   1  -2   2  -2   0   2  -4  -1  -1  -2   2  -2  -4  -3  -1   0  -4  -2  -1   24   7   1  11   1   5  13   1   1   4   4  11   1   0   1   4   6   0   1   3  0.30 0.29
  198 L    -6  -7  -8  -8  -6  -7  -7  -8  -7   1   7  -7   0  -2  -7  -5  -6  -7  -6  -3    0   0   0   0   0   0   0   0   0   8  84   0   2   1   0   1   0   0   0   1  2.06 0.96
  199 Y    -3  -2  -2  -7  -2  -2  -4  -7   4  -2   0  -3  -3   4  -5  -3  -5   1   8  -3    3   2   2   0   1   2   1   0   8   3   8   2   1  14   1   2   1   2  47   2  1.47 0.75
  200 D     0   1   1   3  -6   2   4  -2  -2  -5  -5   3  -4  -5  -3  -1  -2  -5  -3  -5    9   6   7  15   0   8  24   2   1   1   1  17   0   0   1   4   2   0   1   0  0.60 0.43
  201 A     6  -5  -2  -1  -1  -5  -3  -2  -2  -4  -4  -2  -3  -6  -5  -1  -1  -7  -5  -3   70   0   2   3   1   0   2   2   1   1   2   3   1   0   0   5   3   0   0   2  1.41 0.79
  202 G    -3  -4  -3  -3   0  -3  -2   7  -6  -1  -4  -3  -4  -4  -2  -2  -1  -6  -5  -3    2   1   1   2   2   1   3  67   0   4   2   2   1   1   2   3   4   0   0   2  1.37 0.69
  203 V    -1  -4  -3  -1  -5   0   6  -3  -4   0  -3   0  -1  -3   0  -2  -2  -6  -6   1    5   0   1   2   0   4  51   2   0   5   2   4   2   1   4   3   3   0   0   8  0.91 0.59
  204 K     1   0   1   0  -3   0   0   3  -1  -4  -2   4  -4  -5  -5  -1  -4  -2  -5  -4   10   4   7   5   1   4   5  24   1   1   4  28   0   0   0   4   0   1   0   1  0.57 0.41
  205 R    -3   5   0  -1  -2   1  -3  -2   1  -2  -4   5  -2  -5  -3  -2  -2  -4  -4  -4    1  30   4   4   1   6   1   4   3   3   1  33   1   0   1   3   2   0   1   1  0.92 0.55
  206 K    -2  -2  -2  -4  -2  -3  -3  -5  -2   0   2   2   1   2  -3  -1  -2   9  -3   0    3   3   2   1   1   1   2   1   1   6  19  11   3   7   1   4   2  26   0   6  0.88 0.50
  207 G    -2  -2  -3  -2  -3  -1  -3   7  -2  -6  -6  -1  -6  -3  -3  -2  -2  -4  -3  -4    3   2   1   2   1   3   2  68   1   1   1   5   0   2   2   3   2   0   1   2  1.43 0.73
  208 T    -2  -3  -1  -3  -3  -5  -3  -4  -2  -3  -2  -2  -4  -4   0  -1   7  -7  -3  -2    3   1   3   2   0   0   2   2   1   1   5   3   0   1   4   3  65   0   1   3  1.40 0.81
  209 D    -4  -4   2   7  -7  -3   1  -5  -1  -7  -5  -3  -3  -7  -3  -1  -3  -5  -5  -5    1   1   9  65   0   1   7   1   2   0   1   1   1   0   2   4   2   0   1   1  1.76 0.87
  210 V    -2  -4  -1   1  -4  -1   7  -4  -2  -4  -6   0  -3  -5  -3  -2  -3  -7  -5   0    3   0   3   7   1   2  61   1   1   1   0   5   1   0   2   2   2   0   0   8  1.33 0.76
  211 P     1  -3   0   1  -2  -2   2  -1  -3  -2  -3   0  -1  -3   0   4  -1  -4  -4  -1    9   1   4   9   1   1  12   4   0   3   3   6   2   1   5  31   4   0   1   4  0.37 0.34
  212 K     0   0  -3  -2  -1   1   0  -4  -2   0  -2   3   0  -3  -3  -1   3  -5  -3   2    9   6   1   2   1   5   7   1   1   4   4  16   2   1   1   2  21   0   1  15  0.33 0.30
  213 W    -6  -6  -8  -8  -4  -7  -8  -8  -6   0   1  -7  -1   9  -8  -7  -6   5  -1  -1    1   0   0   0   0   0   0   0   0   6  10   0   2  66   0   0   0   7   1   5  2.21 0.96
  214 I    -3  -2   4  -4   2  -1  -3  -5  -3   5  -1  -2   1  -3  -5  -2   0  -6  -2   1    2   3  23   0   4   3   1   1   1  32   5   2   3   1   1   2   6   0   1  10  0.73 0.47
  215 S     0   3   1   1  -2   1   1  -3   0  -4  -3   1   1  -3  -3   1   1  -1  -1  -3    7  19   5   8   1   6   9   1   2   1   2   7   4   1   1  12   8   1   2   2  0.30 0.27
  216 I    -4  -6  -8  -8  -4  -5  -8  -8  -6   8   0  -7  -1  -5  -6  -7  -4  -8  -5   3    2   0   0   0   0   1   0   0   0  71   8   0   1   0   0   0   1   0   0  15  2.07 0.92
  217 M    -7  -6  -7  -8  -2  -7  -8  -8  -4   0   6  -8   4   5  -8  -7  -6  -3  -5  -3    0   0   0   0   1   0   0   0   0   5  62   0   8  21   0   0   0   0   0   1  1.71 0.83
  218 T     2  -5  -4  -6   7  -4  -4   0  -6  -1  -4  -5  -3  -3  -6   2   4  -7  -4   0   18   0   0   0  21   1   1   7   0   3   1   0   0   1   0  16  22   0   1   7  0.94 0.58
  219 E    -1   0   1  -3  -2   2   1  -2   2  -4  -2   1  -2  -3  -4   2   4  -6  -4  -3    4   5   8   1   1   7   7   3   5   1   4   9   1   1   1  17  24   0   0   1  0.42 0.37
  220 R    -3   8  -2  -4  -1   1  -2  -7  -2  -8  -5   0  -7  -5  -5  -3  -6  -1  -2  -6    2  69   2   1   1   6   3   0   1   0   2   5   0   0   1   2   0   1   2   1  1.88 0.95
  221 S    -4  -6   5  -3  -5  -6  -5  -4  -3  -8  -7  -5  -7  -8  -2   7  -3  -8  -7  -7    1   0  22   2   0   0   1   1   1   0   0   0   0   0   2  68   1   0   0   0  1.97 1.07
  222 V    -2   1  -1   0  -3  -2  -2  -4   1  -1  -2   0  -2   4   1  -2  -2   3   5   0    3   7   2   5   1   2   2   1   3   4   4   6   1  17   6   2   3   3  20   8  0.45 0.33
  223 C     2  -1   0  -1   1   0   0  -2  -1  -2  -2  -1  -1  -1   4   0  -1   0   1  -2   20   3   5   4   3   4   7   2   1   3   3   4   1   3  19   6   4   1   4   2  0.29 0.26
  224 H    -7  -3  -5  -3  -6   7  -3  -7   9  -8  -5  -5  -3  -3  -7  -6  -4  -4  -2  -6    0   1   0   2   0  49   2   0  38   0   1   0   1   1   0   0   1   0   2   1  2.46 1.18
  225 L    -5  -5  -8  -8  -4  -6  -7  -8  -6   2   6  -7   1  -4  -8  -6  -6  -7  -6  -1    1   1   0   0   0   0   0   0   0  11  79   0   2   0   0   0   0   0   0   3  1.89 0.90
  226 Q    -1   6   0  -4  -1   3  -2  -4   0  -3  -2   2  -1  -3  -4  -2  -3  -1  -3  -2    5  42   4   1   1  11   2   2   2   2   5  12   2   1   1   2   1   1   1   3  0.86 0.54
  227 K     4   2  -3  -3  -2   2   0  -4  -1  -3   1   1   0  -4  -5  -2  -3  -5  -4  -2   36  10   1   1   1   8   6   1   1   1  13   9   2   1   0   2   1   0   0   3  0.52 0.42
  228 V    -3  -7  -7  -7  -4  -7  -6  -6  -7   4  -1  -7   0  -4  -7  -5   4  -7  -5   5    2   0   0   0   0   0   0   1   0  24   5   0   2   0   0   0  23   0   0  42  1.41 0.75
  229 F    -1  -6  -1  -3   0  -6  -5  -6  -6  -1   0  -4  -1   8  -8  -1  -6   0  -1  -4    6   0   4   2   2   0   1   0   0   4   7   2   1  63   0   4   0   1   1   1  1.75 0.84
  230 E     0  -1   2   3  -5   3   3  -4   1  -3  -3   1  -3  -4  -4   0  -2  -3  -2  -2    7   3   8  17   0  14  21   1   4   1   3   8   0   1   0   5   2   0   1   3  0.52 0.39
  231 R     2   1  -3  -3  -1   2   5  -4   1  -2  -3   0  -2  -4  -5  -2  -2  -2  -1  -2   18   7   1   1   1   7  39   1   4   2   3   5   1   1   0   2   2   1   2   3  0.72 0.51
  232 Y    -8  -8  -8  -9  -6  -5  -8  -9  -2  -7  -4  -8  -7   3  -9  -8  -8  -3  10  -5    0   0   0   0   0   1   0   0   1   0   2   0   0  11   0   0   0   0  83   1  3.35 1.42
  233 K    -2   1  -1  -2  -4   4   3  -3   1  -3  -4   4  -1  -3  -4  -1  -1  -6  -2  -3    4   6   3   1   0  18  19   1   4   2   1  26   2   1   1   4   3   0   1   2  0.66 0.47
  234 S    -1   3   1   0  -6   2   1  -4   0  -3  -3   4  -3  -6  -4   0   0  -5  -3  -4    4  15   6   5   0  10   8   1   3   2   2  29   1   0   0   8   5   0   1   1  0.59 0.42
  235 Y    -2  -1  -2  -3  -3  -1  -2  -5  -2   4   3   1   3  -1  -5  -3  -2  -3   2   0    3   3   2   1   0   2   3   0   1  21  26   9   8   2   0   2   2   0   7   6  0.45 0.32
  236 S     2  -3  -2  -5   1  -4  -5  -4   3  -3  -5  -2  -3   1  -5   4   3  -3   4  -4   16   1   2   0   3   0   0   1   6   2   0   3   1   5   0  27  16   0  14   1  0.75 0.54
  237 P    -4  -2   2   0  -7   0  -2   6   0  -6  -7   2  -6  -7  -1  -2  -4  -7  -7  -6    1   2   8   5   0   5   3  53   2   0   0  12   0   0   4   3   1   0   0   0  1.15 0.65
  238 Y    -4   2   0  -4  -1   1  -1  -5   6  -2  -4   4  -2  -3  -5  -2   0  -6   2  -2    1  11   4   0   2   6   4   1  18   3   2  28   1   1   0   3   5   0   7   3  0.76 0.49
  239 D    -3  -4  -2   6  -5  -2   1  -2  -3  -5  -6  -2  -6  -6   1   3   3  -7  -6  -6    2   1   2  38   0   2   7   3   1   0   1   2   0   0   6  19  15   0   0   0  1.00 0.63
  240 M    -5  -7  -7  -8  -6  -7  -7  -7  -7   6   4  -7   4   2  -6  -6  -5  -6  -5   0    1   0   0   0   0   0   0   0   0  46  31   0   8   7   0   0   0   0   0   6  1.52 0.73
  241 L    -2  -2  -2   0  -6   1   6  -3  -2   0   0  -2   0  -5  -4  -2   0  -6  -1  -1    4   2   2   4   0   5  45   3   1   6   9   2   2   0   1   3   6   0   3   4  0.69 0.49
  242 E    -2  -2   0   3  -7   3   4  -3   0  -5  -6   4  -4  -7  -4  -1   0  -5  -4  -3    3   1   3  18   0  10  23   2   2   1   0  24   0   0   0   3   5   0   1   2  0.78 0.52
  243 S     4  -4  -4   1  -3  -5  -3  -2  -2  -2  -3  -4   0  -3  -4   3   1  -6  -4   2   36   0   0   7   0   0   1   3   1   2   2   0   2   1   0  23   7   0   1  13  0.68 0.50
  244 I    -6  -8  -8  -8  -4  -8  -8  -8  -8   8   2  -8   0  -3  -8  -7  -6  -8  -6   2    0   0   0   0   0   0   0   0   0  67  15   0   2   1   0   0   0   0   0  13  2.06 0.92
  245 K    -2   1  -1   2  -2   0   3  -4  -4  -4  -5   6  -2  -7  -5  -2  -2  -7  -5  -5    3   7   3  11   1   4  18   1   0   1   1  41   1   0   0   3   3   0   0   1  0.92 0.58
  246 K    -1   2   2   0  -4  -1  -1  -1  -1  -5  -3   4  -4  -5  -5   4  -2  -7  -4  -5    4  11   9   6   0   2   3   4   1   0   3  25   0   0   0  28   2   0   0   0  0.67 0.49
  247 E    -1  -2  -1   0   0   0   7  -4   0  -8  -6  -1  -5  -6  -6  -3  -5  -8  -4  -4    5   2   3   5   2   3  68   2   2   0   1   3   0   0   0   2   1   0   1   2  1.63 0.88
  248 V    -4  -4  -4  -4   1  -5  -6  -3  -6  -2   1  -4   6   6  -4  -3   3  -5  -1  -1    1   1   1   1   3   0   0   2   0   1  11   1  16  31   1   2  21   0   2   5  1.04 0.61
  249 K    -2  -3  -2  -1  -2  -3  -4  -3   2  -6  -5   2  -4  -7  -3   6   0  -7  -5  -5    2   2   2   3   1   1   1   2   5   0   1  10   0   0   2  62   5   0   0   1  1.30 0.80
  250 G    -4  -4  -3  -2  -8  -7  -4   7  -6  -9  -7  -3  -7  -5  -4  -2  -4  -3  -6  -8    1   1   1   3   0   0   1  83   0   0   1   2   0   1   1   3   1   0   0   0  2.18 1.03
  251 D    -4  -4   2   7  -3  -3   0  -5   4  -7  -6  -2  -7  -5  -3   0  -2  -4   0  -5    1   1  10  51   1   1   6   1   8   0   1   3   0   1   1   7   3   0   3   1  1.32 0.72
  252 L    -1  -6  -4  -3  -4  -3  -4  -6  -3   3   4  -6   2   4  -5  -3  -1  -4   2   0    6   0   1   1   0   1   1   0   0  14  32   0   5  17   0   2   5   0   7   7  0.69 0.42
  253 E    -2   3  -4  -3   0   3   5  -3  -1  -5  -1   4  -2  -4  -6  -3  -4  -5  -5  -5    3  14   0   1   2  10  33   2   2   0   6  22   1   1   0   2   1   0   0   1  0.90 0.59
  254 N    -1   1   2   4  -3   0   2  -4   0  -3  -4   3  -3  -3  -4   0   0  -6  -3  -3    5   7  11  21   0   3  12   1   2   2   2  19   1   1   0   6   6   0   1   2  0.50 0.37
  255 A     5  -6  -4  -6   2  -4  -6   4  -6  -3   1  -5  -2  -4  -6  -1  -1  -7  -5  -2   42   0   1   0   4   0   0  25   0   1  12   0   1   1   0   5   4   0   0   3  0.93 0.59
  256 F    -5  -7  -8  -8  -2  -7  -8  -7  -4  -1   5  -7   4   4  -8  -7  -6  -4   4  -2    1   0   0   0   1   0   0   0   0   2  54   0  10  15   0   0   0   0  13   3  1.49 0.76
  257 L    -4  -1  -3  -6  -2  -2  -4  -5  -1   1   5   1   1  -4  -6  -4  -1  -6  -4   1    1   4   1   0   1   2   1   1   1   6  54   8   2   0   0   1   4   0   1  10  0.88 0.53
  258 N     5  -5   0  -3  -3  -3  -4  -2  -2  -3  -4  -5  -3  -2  -5   0   4  -6  -1  -1   43   0   4   1   1   1   1   3   1   1   1   0   0   2   0   7  25   0   2   4  0.90 0.60
  259 L    -2  -4  -7  -8  -2  -3  -7  -8  -5   6   3  -6   1  -3  -6  -5  -2  -7  -5   3    3   1   0   0   1   2   0   0   0  43  28   0   3   1   0   0   2   0   0  15  1.27 0.64
  260 V     0  -5  -7  -8  -2  -7  -6  -4  -7   2   1  -7  -1  -2  -7  -5  -4  -5  -1   6    8   1   0   0   1   0   1   2   0  10  13   0   2   2   0   0   1   0   2  59  1.35 0.71
  261 Q    -2   4  -1  -2  -3   3   0  -3   0  -5  -2   5   1  -4  -4   0  -2  -1  -2  -5    4  20   3   2   0  14   6   2   2   0   4  29   3   1   0   6   2   1   1   0  0.70 0.48
  262 C     0  -3  -2  -6   9  -6  -6  -2  -1   0  -3  -6  -1  -1  -6   1  -1  -2   2   0    9   2   2   0  41   0   0   3   2   5   2   0   1   3   0  11   4   1   7   7  1.33 0.67
  263 I     3  -4  -3  -5   1  -3  -5  -3  -5   4   0  -4   2  -3  -5  -1  -1  -6  -3   3   28   1   2   0   3   1   1   2   0  25   6   0   4   1   0   4   4   0   1  18  0.68 0.43
  264 Q    -3   5  -1  -2  -2   3   1  -3  -1  -1  -2   3  -2  -5  -5  -2   0  -2  -3  -2    1  26   3   2   1  13  10   2   1   3   4  19   1   0   0   3   6   1   1   3  0.60 0.42
  265 N    -5  -4   7   5   0  -3  -3  -3  -1  -7  -7  -4  -5  -5  -4   2  -3  -7  -2  -7    1   1  44  27   2   1   2   2   1   0   0   1   0   0   1  14   1   0   2   0  1.49 0.80
  266 K    -2   4  -3  -4  -2   0  -2  -5  -2  -3  -2   4  -2  -6   5  -2   1  -7  -4  -2    3  18   1   0   1   4   2   1   1   2   4  23   1   0  25   2   8   0   1   3  0.79 0.52
  267 P     2  -4  -2  -2  -3   1  -1  -3   2  -1  -4  -4  -4  -3   6  -1  -1  -3  -1  -1   17   1   2   3   1   6   5   2   4   4   2   1   0   1  38   4   3   0   2   5  0.80 0.53
  268 L     2   1  -1  -1  -3   0   1   1  -1  -3   1   2   1  -3  -4   0  -1  -3  -3  -2   20   6   3   3   0   3  10  10   1   1  12  13   4   0   0   5   4   0   1   3  0.19 0.22
  269 Y    -4  -3  -5  -7  -1  -5  -5  -7   2  -5  -3  -6  -5   6  -8  -5  -4  -2   8  -5    1   2   1   0   1   1   1   0   5   0   3   0   0  30   0   1   1   0  51   1  2.19 1.01
  270 F    -5  -8  -6   0  -8  -5  -6  -8  -4  -2  -1  -8  -4   9  -8  -7  -7  -1   4  -2    1   0   0   6   0   1   0   0   0   2   6   0   0  66   0   0   0   1  13   2  2.24 1.00
  271 A     7  -6  -7  -6  -2  -6  -3  -5  -7  -7  -7  -6  -7  -8  -7  -2  -4  -8  -7  -2   89   0   0   0   1   0   2   0   0   0   0   0   0   0   0   2   1   0   0   3  2.31 1.13
  272 D    -3   1  -1   3  -3   1   5  -4   0  -5  -5   3  -3  -4  -5  -2   0  -3  -2  -5    2   6   2  14   1   5  38   1   2   1   1  17   1   1   0   2   5   0   2   0  0.87 0.56
  273 R    -2   5  -3  -3   1   2   0  -5  -3  -2   0   2  -1  -4  -5  -3  -2   1  -4   1    4  34   1   1   3   8   6   1   1   3   9  12   2   0   0   2   2   2   0   9  0.63 0.44
  274 L    -6  -5  -8  -9  -7  -7  -8  -9  -8   2   7  -8  -2  -1  -8  -8  -6  -7  -5  -3    0   1   0   0   0   0   0   0   0  11  82   0   1   3   0   0   0   0   0   1  2.04 0.95
  275 Y    -4   2   2  -4  -4   0   0  -6   7  -6  -5   0  -4  -2  -7  -4  -5  -2   7  -5    1  10   9   1   0   4   7   0  25   0   1   5   0   2   0   1   0   0  31   1  1.39 0.74
  276 D    -1   0   2   3  -4   1   1  -3   0  -5  -3   5  -3  -4  -4   0  -2  -2   0  -4    6   4  10  13   0   6   9   2   2   0   3  31   1   1   0   6   1   1   3   1  0.57 0.41
  277 S     5  -6  -4  -5   2  -6  -6  -4  -5  -6  -6  -6  -6  -5  -6   5   0  -7  -5  -5   47   0   1   0   4   0   0   1   0   0   1   0   0   0   0  39   4   0   0   0  1.53 0.87
  278 M    -4  -7  -8  -8  -3  -6  -8  -3  -5   2   1  -6  10   0  -8  -6  -2  -7  -6   0    1   0   0   0   1   0   0   3   0  10  12   0  61   4   0   0   3   0   0   5  2.28 1.05
  279 K     1   0  -1  -2  -4   0   0  -4   0  -4  -6   6  -3  -6  -5   0  -3  -3  -4  -3   12   4   3   2   0   4   6   1   2   1   0  53   1   0   0   6   1   0   1   2  1.10 0.65
  280 G    -3  -1  -3  -3  -3  -6  -2   7  -5  -8  -7  -1  -6  -6  -5  -3  -5  -7  -4  -7    1   3   1   1   1   0   3  79   0   0   0   4   0   0   1   2   1   0   1   0  1.98 0.92
  281 K     2  -3  -3  -4  -3  -3  -3  -4  -4   1   3  -1   3   1  -1  -1  -2   2  -3   0   18   2   1   1   0   1   1   1   0   7  33   5   8   6   3   4   2   2   1   5  0.42 0.32
  282 G    -4  -4  -3  -5  -7  -6  -2   7  -5  -5  -6  -4  -5  -7  -6  -3  -4  -7  -7  -5    1   1   1   1   0   0   3  85   0   1   1   1   0   0   0   2   1   0   0   1  2.24 0.99
  283 T    -3  -4  -3  -5  -2  -6  -5  -6  -5  -4  -5  -3  -3  -3  -2  -3   8  -7  -6  -2    2   1   1   1   1   0   1   0   0   1   1   2   1   1   2   2  80   0   0   3  2.14 1.05
  284 R    -3   2   4   6  -2  -2  -2  -5   1  -7  -6   3  -6  -6  -6  -2  -3  -7  -5  -7    2  11  18  41   1   1   2   0   3   0   1  15   0   0   0   3   2   0   0   0  1.22 0.66
  285 D    -6  -6   0   7  -6  -4   4  -6   0  -8  -7  -4  -6  -7  -5  -4  -5  -8  -1  -6    0   0   3  60   0   0  26   1   3   0   0   1   0   0   1   1   1   0   2   1  1.93 0.94
  286 K    -1   3   1   3  -3   0   1  -2   0  -4  -4   3  -4  -4  -4   2   0  -1  -2  -3    4  13   7  16   0   4   8   3   2   1   2  17   0   1   0  13   5   1   1   1  0.41 0.33
  287 V     1  -1  -2   2  -2   0  -3  -4  -2  -2  -2   1   1  -5  -4   0   5  -6  -5   0   13   3   2  10   1   5   1   1   1   2   4   7   3   0   1   7  33   0   0   6  0.50 0.41
  288 L    -5  -7  -8  -9  -7  -7  -8  -9  -8  -1   7  -8  -2   1  -8  -8  -6  -2  -5   0    1   0   0   0   0   0   0   0   0   3  84   0   1   5   0   0   0   1   0   5  2.03 0.95
  289 I    -4  -5   0  -7  -5  -3  -7  -7  -5   7  -3  -6   2  -4  -7  -3   3  -7  -5   1    1   0   4   0   0   2   0   0   0  60   1   0   5   1   0   2  14   0   0   9  1.59 0.79
  290 R    -5   8  -4  -5  -9  -2  -1  -4  -2  -8  -7  -3  -4  -5  -8  -4  -5  -4  -2  -7    1  83   1   1   0   2   5   1   1   0   1   1   0   1   0   1   1   0   2   0  2.49 1.14
  291 I    -3  -3  -3  -7  -1  -6  -7  -7  -5   7   2  -7  -2  -2  -6  -6  -1  -7  -6   3    2   2   2   0   1   0   0   0   0  52  15   0   1   1   0   0   4   0   0  19  1.40 0.69
  292 M    -4  -6  -7  -8  -2  -6  -7  -8  -7   6   2  -7   5  -1  -7  -6  -3  -7  -6   4    1   0   0   0   1   0   0   0   0  35  20   0  15   2   0   0   2   0   0  23  1.37 0.67
  293 V     0  -6  -7  -7   2  -7  -7  -6  -7   3  -2  -7  -2  -6  -7  -5  -1  -7  -5   7    6   0   0   0   4   0   0   1   0  14   2   0   1   0   0   1   4   0   0  66  1.68 0.81
  294 S    -1  -3  -2  -4  -1  -3  -3  -2   0  -5  -4  -4  -2  -4  -4   5   4  -2  -4  -4    5   1   1   1   1   1   1   3   2   1   2   1   1   1   1  47  27   1   1   1  1.11 0.69
  295 R    -7   9  -4  -7  -5  -2  -6  -7   2  -8  -7  -3  -5  -7  -6  -6  -5  -4  -3  -8    0  87   1   0   0   1   0   0   5   0   0   1   0   0   0   0   1   0   1   0  2.82 1.24
  296 S     2  -3  -3  -3   6  -5  -5  -5  -2  -5  -6  -5  -5  -4  -6   6   0  -5  -3  -5   17   1   1   1  15   0   0   1   1   0   0   0   0   1   0  53   5   0   1   0  1.44 0.82
  297 E    -5  -4   0  -1  -8  -3   8  -4   1  -6  -8  -3  -7  -4  -2  -5  -5  -2  -3  -5    1   1   4   2   0   1  78   1   4   1   0   1   0   1   2   1   0   1   1   1  2.05 1.04
  298 V    -2  -1  -3  -4  -2  -1  -3  -6  -4   6  -2   0  -1  -2  -2  -3   0   2  -2   3    3   3   1   1   1   2   2   0   0  41   3   6   1   1   2   2   5   3   1  20  0.80 0.47
  299 D    -7  -4  -4   8  -4   0  -1  -6   1  -6  -8  -6  -8  -4  -7  -5  -6  -9  -7  -5    0   1   0  83   1   5   3   1   3   1   0   0   0   1   0   1   0   0   0   1  2.54 1.15
  300 M    -7  -5  -8  -8  -7  -6  -8  -8  -7   0   6  -7   8  -3  -8  -7  -4  -7  -6  -4    0   1   0   0   0   0   0   0   0   4  60   0  32   1   0   0   1   0   0   0  2.10 0.97
  301 L     1   1  -1  -2  -4   2   1   1  -1  -1   1   1   0  -2  -1  -2  -2  -4  -3   1   11   6   3   1   0   8  10  14   1   2  14   9   2   1   4   2   1   0   1  10  0.13 0.17
  302 K     0   0   2   4  -4   2   2  -3   0  -4  -2   1  -3  -4  -3   0   0  -3  -1  -4    9   4  10  23   0  10  12   2   2   1   5   7   0   0   1   6   5   0   3   1  0.42 0.33
  303 I    -5  -8  -8  -8  -5  -8  -8  -9  -9   8  -3  -8  -3  -5  -8  -8  -2  -8  -7   2    1   0   0   0   0   0   0   0   0  81   2   0   0   0   0   0   2   0   0  13  2.53 1.08
  304 R    -2   4   0  -5  -1  -2  -3  -4  -5  -4  -5   7  -1   0  -6  -3  -4  -7  -6  -4    4  18   4   0   1   1   1   1   0   1   1  58   2   4   0   1   1   0   0   1  1.49 0.80
  305 S     1   1   0   2  -3   3   3  -1  -1  -3  -4   1  -3  -4  -4   0   0  -5  -4  -1   14   7   5   9   1  12  21   4   1   1   1   8   1   1   0   6   5   0   0   4  0.37 0.31
  306 E     3  -1  -3  -3   1   0   5  -5  -1  -2  -4   1   0  -5  -5  -2  -1  -5  -3  -1   23   3   1   1   3   4  39   0   2   2   2   7   2   0   0   3   3   0   1   4  0.76 0.53
  307 F    -8  -8  -7  -9  -8  -8  -8  -9  -4  -7  -5  -7  -7   7  -9  -8  -8  -4   9  -7    0   0   0   0   0   0   0   0   0   0   1   0   0  41   0   0   0   0  57   0  3.06 1.29
  308 K    -1   1  -2  -2  -5   4   2  -4   2  -3   0   4  -1  -1  -5  -3  -2  -3   0  -3    5   7   2   2   0  20  13   1   4   2  10  23   1   2   0   2   2   0   3   2  0.52 0.41
  309 R     0   3   0  -1  -6   2   2  -3   0  -3  -4   4  -3  -6  -5   0   0  -6  -5  -4    7  15   5   3   0   9  14   1   3   1   2  27   1   0   0   5   5   0   0   1  0.61 0.43
  310 K    -2   2  -1  -3  -3  -1  -1  -5  -3   1   2   4   5  -3  -4  -3  -1  -6  -2  -1    3  10   3   1   0   3   4   0   1   7  19  25  13   1   0   1   4   0   1   4  0.52 0.38
  311 Y    -4  -6  -1  -7  -4  -4  -6  -7   2  -5  -5  -6  -5   4  -8  -2  -1  -4   9  -6    2   0   4   0   1   1   0   0   4   1   1   0   0  14   0   4   5   0  63   0  2.24 1.04
  312 G    -3  -1   2   0  -3   0  -1   5   1  -7  -7   3  -6  -7  -4   0  -5  -7  -6  -7    1   3   8   5   1   4   4  46   3   0   0  17   0   0   1   6   0   0   0   0  1.02 0.59
  313 K    -4   2  -2  -4  -3   1   0  -4   0  -2  -5   6  -1  -6  -6  -2   1  -7  -2   0    1  11   2   1   1   6   5   1   2   3   1  47   1   0   0   3   9   0   1   6  0.96 0.59
  314 S    -3  -3  -2   2  -4  -4  -2  -4  -2  -7  -6  -3  -5  -6   1   5   4  -7  -5  -6    2   1   2  10   0   0   2   1   1   0   0   2   0   0   8  43  27   0   0   0  1.14 0.73
  315 L    -7  -8  -9  -9  -7  -8  -8  -9  -8   0   7  -8   0  -3  -7  -8  -7  -7  -7  -2    0   0   0   0   0   0   0   0   0   4  90   0   2   1   0   0   0   0   0   2  2.30 1.04
  316 Y     1  -1  -2  -1  -1  -1   4  -2   1  -1  -3   0  -2  -2  -3   0  -2   0   4  -1   13   3   1   3   1   3  29   3   4   4   2   5   1   1   1   6   2   2  13   4  0.39 0.34
  317 Y    -1  -1   0   3  -6   2   2  -3   1  -5  -5   2  -4  -6  -5   3   0  -6   0  -4    6   3   4  18   0   9  14   1   3   0   0  13   0   0   0  19   5   0   3   1  0.55 0.42
  318 Y     3   1  -4   3  -1  -3  -2  -5  -2  -4  -3  -3   3   2  -5   0  -1   5   0  -2   24   8   0  19   1   1   3   0   1   0   2   1   8   9   0   6   3   7   3   3  0.56 0.43
  319 I    -7  -8  -9  -9  -5  -8  -8  -9  -9   8   0  -8  -2  -5  -8  -8  -5  -8  -7   4    0   0   0   0   0   0   0   0   0  69   7   0   1   0   0   0   0   0   0  21  2.24 0.98
  320 Q     1   1  -2  -2  -3   3   2  -4   2  -2  -3   4  -2  -5  -5   1  -2  -6  -3  -2   10   8   1   2   0  11  15   1   4   3   2  27   1   0   0   9   3   0   1   3  0.55 0.41
  321 Q    -1  -2   0   3  -6   0   0   3  -1  -7  -6   2  -4  -6  -5   3  -2  -5  -6  -6    4   2   4  16   0   3   6  25   2   0   1  10   0   0   0  24   2   0   0   0  0.71 0.49
  322 D    -4  -5  -2   7  -9  -3   5  -6  -1  -7  -8  -1  -8  -5  -7  -5  -5  -5  -5  -7    2   0   1  51   0   1  35   1   2   0   0   4   0   1   0   1   1   0   1   0  1.82 0.92
  323 T    -3  -7  -5  -7   6  -6  -6  -7  -5  -2  -2  -7   1   0  -5  -3   7  -7  -4  -1    2   0   0   0  14   0   0   0   0   2   4   0   3   4   0   2  64   0   1   4  1.80 0.95
  324 K    -4  -1  -3  -4  -5  -4  -3  -2  -1  -6  -7   2  -5  -6  -5   7  -2  -5  -5  -7    0   3   1   1   0   0   1   4   2   0   0  11   0   0   0  72   3   0   0   0  1.70 0.97
  325 G    -4  -6  -5  -5  -5  -6  -5   8  -4 -10 -10  -6  -6  -5  -8  -3  -7  -9  -9  -8    1   1   0   1   0   0   1  91   1   0   0   0   0   1   0   2   0   0   0   0  2.64 1.17
  326 D    -3  -6   2   7  -3  -5  -1  -3   3  -6  -7  -4  -7  -7  -4  -1  -3  -8   0  -5    3   0   8  62   1   0   3   2   7   1   0   1   0   0   1   5   2   0   3   1  1.66 0.85
  327 Y    -6  -7  -7  -8  -2  -7  -8  -9  -2  -4   0  -8  -4   5  -9  -6  -5  -4   9  -4    1   0   0   0   1   0   0   0   1   1   8   0   0  18   0   1   1   0  66   1  2.61 1.16
  328 Q    -4   5  -5  -5   0   3   3  -3  -2  -8  -5   5  -5  -8  -6  -4  -5  -3  -7  -7    1  30   0   0   2  10  16   3   1   0   1  35   0   0   0   1   0   0   0   0  1.34 0.75
  329 K    -2   3   1   2  -5   0   0  -5  -1  -5  -5   6  -5  -7  -5  -1   0  -7  -3  -5    3  17   6  10   0   3   4   0   1   1   1  40   0   0   0   4   7   0   1   0  0.95 0.59
  330 A     3  -6  -6  -6   3  -5  -6  -1  -6   2   3  -6   3   2  -6  -3   0  -5  -4   0   21   0   0   0   5   0   0   5   0  12  29   0   7   8   0   1   5   0   0   7  0.66 0.44
  331 L    -6  -6  -9  -9  -1  -8  -9  -9  -8  -1   7  -8   4  -2  -7  -8  -7  -7  -3  -4    0   0   0   0   2   0   0   0   0   3  84   0   8   1   0   0   0   0   1   0  2.12 0.99
  332 L    -5  -5  -8  -6  -2  -2  -7  -8  -5   2   6  -4   0  -4  -8  -5  -3  -5  -5   3    0   1   0   0   1   2   0   0   0   8  65   1   1   0   0   1   1   0   0  16  1.43 0.73
  333 Y     5  -1  -2  -4  -2  -2  -1  -1  -3  -3  -4   0  -3  -5  -5   1   1  -7  -1  -2   51   3   2   1   1   2   3   4   1   1   1   6   1   0   0   9   9   0   3   2  0.81 0.56
  334 L    -6  -8  -9  -9   1  -7  -8  -9  -8   5   6  -7   1  -4  -8  -7  -6  -7  -6   0    0   0   0   0   3   0   0   0   0  27  62   0   2   0   0   0   0   0   0   5  1.74 0.83
  335 C    -1  -5  -8  -8   6  -7  -7  -6  -8   4   3  -7  -2  -5  -7  -4  -4  -7  -6   4    5   1   0   0  17   0   0   0   0  23  25   0   0   0   0   1   0   0   0  28  1.31 0.66
  336 G    -2   2   1  -3  -6   3  -1   5  -5  -6  -7   3  -5  -7  -6  -2  -3  -7  -7  -6    3  10   7   1   0  12   3  43   0   0   0  16   0   0   0   3   2   0   0   0  1.03 0.60
  337 G     3  -2  -2  -3  -1  -4  -1   6  -6  -7  -6  -2  -7  -7  -1  -2  -4  -7  -6  -6   23   2   2   1   1   1   4  56   0   0   1   3   0   0   4   3   1   0   0   0  1.31 0.69
  338 D    -6  -4   7   4  -8  -3   4  -3  -2  -8  -8  -4  -5  -8  -6  -3  -4  -8  -7  -7    0   1  48  24   0   1  22   1   1   0   0   0   0   0   0   2   0   0   0   0  1.73 0.83
  339 D    -5  -4   2   8  -7  -3   2  -4  -4  -6  -7  -3  -6  -7  -5  -3  -4  -7  -6  -6    0   0  10  76   0   0  14   0   0   0   0   0   0   0   0   0   0   0   0   0  1.95 0.67

                      K         Lambda
Standard Ungapped    0.1337     0.3161
Standard Gapped      0.0545     0.2670
PSI Ungapped         0.1782     0.3175
PSI Gapped           0.0545     0.2670
