
Last position-specific scoring matrix computed, weighted observed percentages rounded down, information per position, and relative weight of gapless real matches to pseudocounts
            A   R   N   D   C   Q   E   G   H   I   L   K   M   F   P   S   T   W   Y   V   A   R   N   D   C   Q   E   G   H   I   L   K   M   F   P   S   T   W   Y   V
    1 M    -2  -3  -4  -4  -3  -2  -3  -4  -3   0   3  -3   8  -1  -4  -3  -2  -3  -2   0    0   0   0   0   0   0   0   0   0   0  21   0  79   0   0   0   0   0   0   0  1.07 0.21
    2 A     5  -2  -2  -3  -2  -2  -2  -1  -3  -3  -3  -2  -2  -3  -2   2  -1  -4  -3  -1   83   0   0   0   0   0   0   0   0   0   0   0   0   0   0  17   0   0   0   0  0.81 0.21
    3 D    -3  -3   0   7  -5   1   2  -2  -2  -4  -3  -2  -4  -5  -3   0  -2  -5  -4  -4    0   0   0  74   0   6   9   2   0   0   4   0   0   0   0   5   0   0   0   0  1.14 0.26
    4 Y    -1  -2  -2  -1  -3   0   0  -3   0   1  -2   0  -1   1  -3  -2   1  -1   6   0    4   0   0   4   0   5   5   0   1  12   0   7   0   2   0   0  12   0  40   8  0.42 0.17
    5 L     0   2  -3  -3  -2  -2   1  -4  -3   1   4  -2   0  -1  -3  -2  -2  -3  -2   0   10  14   0   0   0   0  11   0   0  10  52   0   0   0   0   0   0   0   0   3  0.35 0.16
    6 I     0  -1  -3  -3   2  -2  -2  -3  -3   3   1   2   2  -2  -3  -2   0  -3  -2   1    7   0   0   0   5   0   0   0   0  31  13  22   6   0   0   0   7   0   0   8  0.25 0.14
    7 S     0  -1   0  -2  -1   1   0  -2  -2   0  -2   1   1  -3   1   4   0  -4  -3  -2    4   3   3   0   1   6   4   0   0   9   0   7   5   0   6  50   2   0   0   0  0.39 0.20
    8 G     1  -3   0   0  -3  -2  -2   5   1  -4  -3  -1  -3  -3  -2   0  -2  -3   1  -4    9   0   3   6   0   0   0  60   4   0   3   3   0   0   2   4   0   0   6   0  0.76 0.23
    9 G     2  -2  -1   1  -2   0  -2   3   0  -2   0  -2   2  -3  -2   1   0  -3  -3  -2   21   0   0  10   0   3   0  26   3   0  10   0  10   0   0   9   5   0   0   0  0.26 0.15
   10 T     1  -2  -1  -1  -2  -1   1   0  -2   0  -2  -1  -1  -3   1   2   3  -4  -3  -2    9   0   1   2   0   2   9   6   0   7   3   3   1   0   8  18  31   0   0   0  0.30 0.18
   11 S    -1   0   3  -1  -3   0   0   1   2  -4  -4   1  -2  -4   4   1   1  -4  -3  -3    2   5  18   2   0   3   7  11   5   0   0   8   1   0  19  10   9   0   0   1  0.40 0.18
   12 Y    -3   2   0  -3  -2   0   0  -5  -1  -2  -4  -2  -2   1   0  -1  -2   3   7  -4    1  13   4   1   1   3   7   0   0   2   0   1   1   4   5   3   1   3  51   0  0.99 0.40
   13 V    -1   0   0   0  -3  -2   0  -2  -3   2   0   0   1  -2   1  -1   0  -4  -2   3    2   5   6   4   0   0   8   1   0  10   4   5   5   0   7   4   5   0   1  33  0.19 0.17
   14 P    -2   1  -1   0   1  -1   0  -2   1   0  -1  -1  -2  -1   6  -1  -1  -4  -3  -3    1  11   2   4   3   1   8   2   4   7   6   2   1   2  38   5   2   0   0   0  0.62 0.27
   15 D    -2   1   1   3  -4   1   3  -1  -1  -2  -2   2  -2  -4  -2   0  -1  -4  -3  -1    0   6   8  18   0   6  22   4   1   2   3  16   1   0   1   5   2   0   0   4  0.37 0.21
   16 D    -4  -2   1   7  -6  -3   1  -2   0  -6  -7   0  -6  -6  -2  -2  -4  -7  -6  -6    1   2   5  70   0   0   9   3   2   0   0   5   0   0   2   2   0   0   0   0  1.58 0.59
   17 G    -2  -1  -3  -1  -5  -4  -5   7  -5  -3  -6  -4  -5  -6  -3  -3  -4  -5  -6  -1    2   4   0   3   0   0   0  81   0   2   0   0   0   0   2   0   0   0   0   4  1.70 0.62
   18 L    -2  -1  -1  -3  -1  -2  -2  -4  -1   0   3  -1   3   3  -4  -1  -3   5   1   1    2   4   4   1   1   1   2   0   2   2  32   3  10  12   0   4   0   8   3   9  0.42 0.27
   19 T    -1  -3  -1   2  -4  -3  -3  -2   0  -3  -3  -2  -3   2   2   3   4  -4  -1  -3    2   1   2  11   0   0   0   2   2   1   2   2   0  10  10  29  26   0   1   0  0.57 0.40
   20 A     4  -1  -3  -3  -1  -2  -3  -1  -4   1   0  -3   0  -2   0   1  -2  -4  -2   1   40   4   0   1   1   1   1   5   0   9   7   0   2   1   5  10   0   0   1  12  0.39 0.30
   21 Q     0   1  -1   2  -4   2   3  -1   1  -4  -2   1  -1  -3  -1   1  -1  -4  -2  -3    8   7   1  10   0  11  20   5   3   0   5   9   2   1   2  12   3   0   1   1  0.28 0.22
   22 Q    -1   0  -3   1  -5   4   3  -3  -1  -5  -5   4  -2  -5   0   0  -1  -5  -2  -5    5   4   0   7   0  20  22   1   1   0   0  23   1   0   5   5   3   0   1   0  0.65 0.40
   23 L    -3   0  -5  -6  -4  -4  -5  -6  -5   2   4  -2   1   1  -5  -5  -3  -4  -1   2    2   5   0   0   0   0   0   0   0  13  49   2   3   6   0   0   1   0   2  16  0.81 0.41
   24 F    -3   1  -2  -3  -5  -3  -3  -3  -2   0   1  -1   4   7  -3  -3  -2  -1   1  -2    2   7   2   2   0   1   2   2   1   4  10   3   9  42   1   2   3   1   4   2  0.90 0.45
   25 N    -1   1   4   2  -2  -1   2  -1  -1  -2  -4   1  -2  -5  -3   2  -1  -5  -2  -3    5   7  20  12   1   2  12   4   1   3   1   8   1   0   1  18   2   0   2   2  0.39 0.28
   26 C     1  -1   0  -2   2   2  -1  -2   0   0  -1  -1  -1  -2  -1   2   2  -1  -2   0   10   3   5   2   5  13   4   2   2   5   7   3   1   1   3  14  14   1   1   6  0.16 0.18
   27 G     0   0   0   0  -3  -1   1   3  -1  -1  -2  -1   0  -2   1  -1  -1   1  -2  -2    6   6   3   6   0   2  12  28   2   4   4   4   3   2   7   4   3   2   1   3  0.21 0.17
   28 D    -2   1  -1   2   0   0   3  -3   2  -1  -2   0  -1  -1   2  -2   1  -1   1  -1    1   7   1  11   2   2  24   1   5   3   4   5   1   2  10   2   8   1   4   5  0.26 0.22
   29 G     2  -1  -1  -2   0  -1  -1   4  -1  -4  -3  -1  -3  -4  -1   2  -1   0  -2  -2   19   2   1   1   2   2   5  36   1   0   1   3   0   0   2  15   3   1   1   3  0.45 0.29
   30 L    -1  -1  -3  -4   0  -3  -3  -3   1   1   3  -2   1   3  -2  -2   0  -2   2   0    5   5   0   0   2   0   0   2   4   7  35   2   2  14   2   2   5   0   9   4  0.28 0.22
   31 T     0  -2   0   0   1   1  -1  -1   0  -1  -3  -2  -2  -3  -2   1   5   2  -2  -1    5   0   5   4   3   7   3   4   3   4   1   0   0   0   0  11  43   3   0   3  0.41 0.27
   32 Y    -2   1  -3  -3   2  -2  -3  -3   2  -2   1  -2  -1   5   0  -1  -2   4   4  -2    1   9   0   0   5   0   1   1   5   0  13   0   0  26   6   6   1   5  19   1  0.52 0.26
   33 N     0   1   1   1   3   1   1   0   2  -3  -2   1   1  -3   1   0  -1  -3  -2  -2    8   8   7   8   7   7   8   8   7   0   1   8   7   0   8   8   0   0   0   0  0.18 0.15
   34 D    -5  -3  -3   8  -8  -2   1  -6  -6  -7  -8  -5  -1  -8  -6  -3  -6  -8  -7  -7    1   1   1  83   0   1   8   0   0   0   0   0   2   0   0   2   0   0   0   0  2.47 1.05
   35 F    -4  -6  -6  -5  -3  -3  -6  -6  -6   3   0  -6  -1   4  -6  -5  -4  -2   0   6    1   0   0   1   1   1   0   0   0  14   8   0   1  17   0   0   0   1   3  51  1.25 0.63
   36 L    -2  -1  -2  -4  -1  -4  -4  -5  -5   3   5  -5  -1   2  -5  -1  -1  -5  -2  -1    3   4   2   1   1   1   1   1   0  15  50   0   0   8   0   6   4   0   1   4  0.75 0.46
   37 I    -3  -6  -5  -6  -1  -6  -6  -5  -3   4   5  -6   2   0  -6  -4  -3  -5  -5  -1    3   0   1   0   1   0   0   1   1  23  54   0   4   4   0   1   1   0   0   4  1.15 0.60
   38 L    -2   1  -3  -4  -3  -1  -1  -4  -1   1   3  -1   1  -2  -2  -3  -1  -4  -2   3    2   8   1   1   0   3   5   1   1   8  30   4   2   1   2   1   3   0   1  24  0.41 0.31
   39 P    -4  -4  -6  -2  -7  -2  -4  -7  -7  -5  -7  -6  -7  -8   8  -4  -2  -8  -7  -7    2   1   0   3   0   2   1   0   0   1   0   0   0   0  84   1   3   0   0   0  2.76 1.21
   40 G     1   2   0  -2  -2   3  -3   4   0  -3  -4   1  -3  -5  -3   0  -3  -3  -4  -3   10  11   5   2   1  15   1  33   2   1   2   8   1   0   1   6   1   0   0   2  0.58 0.42
   41 Y    -1   2  -3  -4  -2  -1  -1  -4   5  -2  -1   1  -2   3  -3  -3  -3   1   6  -3    4  11   1   1   1   3   4   1  14   2   6   7   1   9   1   1   1   2  29   1  0.79 0.49
   42 I    -1  -4   0  -4  -4  -1  -3  -2  -4   2  -4  -2  -2  -2  -4   5   2  -5  -2  -1    5   0   4   0   0   2   1   2   0  14   1   2   1   2   0  48  12   0   1   5  0.81 0.57
   43 D     0  -1   2   4  -2  -1   2   0  -1  -3  -3   0  -3  -5  -2   1   1  -3  -3  -3    6   3   9  28   1   1  14   6   1   1   2   4   1   0   2  12   7   0   1   1  0.46 0.35
   44 F    -3  -4  -3  -5   2  -3  -4  -1  -2   4   0  -5  -1   4  -3  -4  -2  -2  -2   4    1   1   1   0   5   1   1   5   1  20   8   0   1  19   1   1   2   1   1  32  0.75 0.45
   45 T     0   0   0  -1  -2  -1   0   0  -1   0   1   1   0  -2   1   0   1  -3  -2   0    6   4   3   3   0   1   6   7   2   4  17   8   2   1   8   9  11   0   1   6  0.07 0.11
   46 A     1   1  -3  -4  -2  -3  -3  -3  -5  -3  -4  -3  -5  -4   6   3  -1  -6  -5  -1   10   8   1   0   1   1   1   2   0   1   2   1   0   1  38  26   4   0   0   4  1.00 0.61
   47 D    -1   5   1   3  -5  -1   0  -2   2  -4  -4   0  -4  -4  -2   2  -1  -2  -2  -4    4  29   7  17   0   1   5   3   6   1   2   6   0   1   1  14   3   1   1   1  0.57 0.41
   48 Q    -2  -1   0   4  -5   3   3  -1   0  -4  -4   0  -2  -5  -3   0   0  -5  -2  -4    3   3   4  27   0  12  23   4   2   1   1   6   1   0   1   6   5   0   2   1  0.60 0.41
   49 V     1  -5  -5  -5   0  -1  -1  -4  -5   2  -1  -4  -3  -1  -1  -1   1  -5  -3   5   10   0   0   0   2   3   4   1   0  11   3   1   0   2   3   4   8   0   1  48  0.73 0.49
   50 D    -3  -3   2   6  -1  -2   0  -4  -1  -2  -3  -2  -3  -3  -4   2  -1  -7  -6  -3    1   1   9  50   2   1   4   1   2   3   3   3   1   1   1  14   4   0   0   2  0.99 0.60
   51 L    -2  -5  -1  -6  -4  -5  -5  -3  -5   1   4  -5   0  -1  -3  -1   2  -5  -1   2    3   0   3   0   0   0   0   2   0   8  47   0   1   2   1   5  13   0   2  13  0.70 0.47
   52 T     0   1  -1   0   1  -1   0  -1  -1  -2  -3   1  -2  -3  -4   3   3  -1  -2  -2    5   8   3   4   3   2   7   4   1   2   1  10   1   1   0  22  20   1   1   2  0.30 0.34
   53 S    -1  -1  -1  -3   1  -2  -3  -3  -5  -3  -2  -3  -2  -1   0   3   5  -6  -5  -1    5   3   2   1   3   1   1   2   0   1   4   1   1   3   5  23  40   0   0   4  0.70 0.56
   54 A     1   2   1  -1  -1   1   0  -3   1  -2  -2   2  -1  -1   2   0  -1   0   0  -2   11  15   6   3   1   6   4   0   3   1   4  15   1   2  10   6   4   2   3   2  0.21 0.22
   55 L    -2  -2  -2  -1   0  -3  -1  -4   0   2   4  -3   1   2  -1  -3  -3  -3  -1   1    3   2   2   5   2   0   4   0   2  10  42   0   2  10   4   0   0   0   2   7  0.39 0.33
   56 T     0  -3  -1  -1   1   0  -2   0   0   0  -2  -3  -3  -2  -1   2   5  -4  -3  -1    7   0   3   3   2   3   2   6   2   5   2   0   0   2   2  15  37   0   0   4  0.41 0.40
   57 K    -1   3   0   1  -4   0   0   0  -1  -4  -3   3  -3   1   2  -1  -1   0  -3  -3    3  19   4   9   0   3   4   7   2   0   2  23   0   6   9   4   3   2   0   2  0.35 0.31
   58 K     0   1   3   0  -4   0  -1   2   1  -4  -3   1  -1  -1  -1   0   0  -4  -1  -2    7   8  19   6   0   3   3  19   3   0   2  12   1   3   2   4   5   0   2   2  0.28 0.24
   59 I    -2  -3  -3  -2  -3  -3  -4  -3  -1   5   1  -3   0   0  -3  -2   1  -4   0   2    2   1   1   3   0   1   0   1   2  42  13   1   1   4   1   3   8   0   4  12  0.54 0.31
   60 T     0   2  -1  -1  -2   0   1   0   0  -2  -2   2  -1  -2   0   1   2  -1   0  -1    4  11   1   2   1   3   9   8   2   1   1  12   2   1   4  14  15   1   4   4  0.16 0.16
   61 L    -2  -3  -2  -5  -2  -3  -4  -4  -4   1   5  -4   1   0  -5  -3  -1   3  -2   0    4   1   2   0   1   1   0   2   0   8  63   0   3   3   0   1   3   3   1   3  0.85 0.42
   62 K     0   1   4   0  -4   0  -1   0  -1  -4  -3   3   0  -4  -2   1   1  -4  -3  -3    5   8  23   3   0   3   3   7   1   0   1  19   3   0   1  12   7   0   1   0  0.38 0.27
   63 T     0  -1  -2  -1  -2  -2  -2  -3  -2   3   1  -2   1  -1   1  -1   2  -3   0   1    6   3   1   3   1   1   0   1   1  29   9   1   3   1   7   5  14   0   3  10  0.21 0.17
   64 P    -1  -5  -1  -4  -1  -2  -4  -3  -5  -5  -5  -4  -5  -6   8  -3  -4  -6  -5  -5    5   0   4   0   1   1   0   2   0   0   0   0   0   0  84   0   0   0   0   0  2.37 0.72
   65 L    -2  -1  -4  -4   0  -2  -4  -4  -4   4   3  -1   1   2  -4  -2  -2  -3  -2   1    0   3   0   0   2   1   0   0   0  28  32   3   3  12   0   3   0   0   0  10  0.47 0.25
   66 V    -1  -4  -4  -4   0  -3  -4  -4  -4   4   2  -3   1   0  -4  -2   0   1  -2   4    5   0   0   0   2   0   0   0   0  24  18   0   3   2   0   2   6   2   0  34  0.50 0.27
   67 S     1  -3  -1  -2  -3  -2  -1   0  -3  -2  -2  -2  -1  -4   1   5   0  -4  -3   0   10   0   1   0   0   0   2   5   0   1   4   0   2   0   6  57   4   0   0   6  0.61 0.38
   68 S     5  -3  -3  -3  -2  -3  -3  -1  -3  -1  -2  -3  -3  -2   0   3  -1  -4  -3  -2   57   0   0   0   0   0   0   2   0   4   4   0   0   2   5  22   2   0   0   1  0.70 0.40
   69 P     2  -3   4  -1  -1  -2  -2   0  -2  -1  -2  -2  -3  -4   4   0  -2  -4  -2  -2   25   0  27   2   1   0   0   5   0   4   3   0   0   0  24   4   0   0   1   2  0.61 0.32
   70 M    -1  -1  -4  -5  -4   0  -4  -5  -4   0  -1  -1   9  -3  -5  -2  -1  -4  -4  -1    5   3   0   0   0   4   0   0   0   4   3   4  68   0   0   2   4   0   0   2  1.66 0.69
   71 D    -2  -1   0   6   0   1   0   0  -1  -2  -3  -1  -3  -4   0  -1   1  -4  -4  -3    2   3   2  46   2   7   3   6   1   2   2   2   0   0   6   3  10   0   0   1  0.64 0.34
   72 T     0  -2  -1   0  -3  -2  -2   0   0  -3  -3  -2  -1  -3   0   2   5   3  -1  -2    9   2   2   6   0   0   0   7   3   0   1   2   1   0   4  16  39   5   2   1  0.48 0.32
   73 V    -1  -4  -4  -5   4  -4  -4  -5  -5   3  -1  -4  -2  -3  -4  -2  -1  -4  -3   6    3   0   0   0   8   0   0   1   0  13   4   0   0   0   0   3   2   0   0  62  1.01 0.46
   74 T     0  -3  -2  -3   2  -3  -3  -1  -3  -1  -1  -3  -1  -3   0   2   6   0  -3  -1    5   0   0   0   4   0   1   5   0   2   4   1   2   0   4  13  53   2   0   2  0.70 0.40
   75 E    -1  -1   1   1  -4  -1   4   3  -2  -4  -4  -1  -1  -4  -3   0   0  -4  -4  -4    2   2   6   8   0   0  37  24   0   0   1   2   2   0   0   6   7   0   0   1  0.59 0.32
   76 A     0   0   0   0   2   0   0  -1   1   0  -1   0  -2   0   0   0   0   3   1  -1    5   5   5   5   5   5   5   5   5   5   5   5   0   5   5   5   5   5   5   5  0.06 0.08
   77 G     0   4   1   1  -5   0   4  -1   0  -5  -4   2  -4  -4  -1  -1  -2  -5  -3  -4    9  20   5   9   0   3  26   5   2   0   2  10   0   0   4   3   1   0   1   1  0.51 0.33
   78 M    -3  -6  -6  -3  -5  -4  -6  -7  -6  -2   2  -6  10  -2  -6  -4  -2  -6  -5  -2    2   0   0   2   0   1   0   0   0   1  19   0  67   1   0   1   3   0   0   2  2.24 0.90
   79 A     6  -5  -5  -5   2  -4  -2  -1  -5  -5  -4  -3  -2  -5  -2  -2  -2  -6  -5  -3   78   0   0   0   4   0   2   5   0   0   1   1   1   0   1   1   2   0   0   1  1.47 0.69
   80 I    -1   1  -2  -3  -1   0   0  -4  -3   5   0   0  -1  -2  -4  -3  -1  -5  -3   1    5   7   1   1   1   4   8   1   1  45   6   6   0   1   0   1   4   0   0   8  0.55 0.34
   81 A     5  -3  -2  -4  -1  -2   0  -2  -1  -1  -2  -2  -2  -2  -4   0   1  -2  -3   1   50   1   1   0   1   1   8   2   2   4   2   2   0   2   0   4   9   0   1   9  0.58 0.40
   82 M    -1  -5  -5  -6   1  -2  -5  -4  -5   1   3  -4   8   0  -5  -4  -3  -5  -3   0    6   0   0   0   2   1   0   2   0   8  30   1  39   3   0   0   1   0   1   5  1.16 0.55
   83 A     6  -3  -2  -4  -1  -1  -2   1  -1  -2  -3  -2  -2  -1  -4   0  -2  -2  -2  -3   65   1   1   0   1   2   2   9   2   2   1   2   1   2   0   6   1   0   1   0  0.95 0.52
   84 L    -2   3  -2  -1  -3   2   1  -3  -1  -2   2   3   0  -3  -2   0  -2  -4  -3  -3    2  20   1   2   1  10   9   1   1   1  23  17   2   1   2   7   1   0   0   1  0.37 0.28
   85 T    -1   0   1  -2   1   1   1  -3   3  -1   1  -1   2   1  -3  -1  -1  -1   0   0    5   6   7   1   3   8  11   1   9   1  18   3   6   6   0   3   3   1   3   5  0.13 0.15
   86 G    -3  -2  -4  -1  -5  -2  -5   7  -5  -6  -6  -2  -5  -5  -5  -2  -3   1  -5  -6    1   2   0   3   0   2   0  81   0   0   1   2   0   0   0   3   2   2   0   0  1.81 0.68
   87 G     0  -5  -2  -4   2  -4  -4   6  -4  -2  -1  -4   1  -2  -4  -2  -4  -5  -5  -3    6   0   1   0   4   0   0  67   0   2   7   0   4   2   0   3   0   0   0   2  1.25 0.53
   88 I    -2  -3  -4  -4   1  -4  -4  -3  -4   5   3  -4   3   1  -1  -2  -2  -3  -2   1    2   1   0   0   3   0   1   2   0  34  25   0   9   7   3   2   2   0   1   8  0.61 0.31
   89 G     0  -4  -3  -2   1  -4  -4   6  -4  -3  -5  -4  -4  -5  -1   1   1   1  -4  -2    8   0   0   2   3   0   0  55   0   2   1   0   0   0   3   9  11   2   0   4  0.95 0.45
   90 F     0  -4  -5  -5   2  -4  -3  -5  -4   5  -1  -4   0   3  -2  -3  -1  -4  -3   4    9   0   0   0   5   0   1   0   0  31   1   0   2  14   2   0   3   0   0  29  0.76 0.39
   91 I    -2  -5  -5  -5  -4  -4  -5  -5  -5   6   2  -4   1   1  -5  -1  -2  -4  -1   1    3   0   0   0   0   0   0   0   0  49  22   0   3   5   0   5   2   0   2   6  0.91 0.46
   92 H    -4  -4  -1  -2  -1  -3  -2  -5   9  -5  -3  -4  -4  -1   4  -2  -2   3   1  -3    0   0   3   2   2   0   3   0  49   0   2   0   0   3  20   2   3   3   4   2  1.57 0.70
   93 H    -1   5  -1  -2   1   2  -2  -1   3  -2  -4   2  -3  -2  -2  -1  -1  -4   1  -1    4  33   2   2   3  11   0   4   8   2   1  10   0   2   2   4   3   0   6   5  0.49 0.33
   94 N    -2  -2   5   2  -4  -3  -1  -1   2  -4  -3  -2   0   3  -4   0  -1   0   0  -2    3   2  36  10   0   0   3   5   4   0   2   2   2  12   0   7   3   1   3   3  0.59 0.38
   95 C     0   0   0   0   2   0   0  -1   1   0  -1   0   1   0   0   0   0  -2   1   0    5   5   5   5   5   5   5   5   5   5   5   5   5   5   5   5   5   0   5   5  0.03 0.05
   96 T     0   0   0   1  -4   0   0  -1   1  -1  -2  -1  -4  -5   2   3   2  -5  -4  -1    5   6   4   6   0   3   4   4   3   4   4   4   0   0  12  22  14   0   0   3  0.30 0.29
   97 P     0   0   0   0   2   0   0  -1   1   0  -1   0   1   0   0   0   0  -2   1   0    5   5   5   5   5   5   5   5   5   5   5   5   5   5   5   5   5   0   5   5  -0.00 0.06
   98 E    -1  -1   0   2  -4   2   4  -1   1  -1  -2   0   0  -4  -1   0  -1  -4   0  -1    5   3   3   9   0   8  27   4   4   3   3   4   3   0   3   8   3   0   3   3  0.26 0.29
   99 F    -1   1   0   2  -4   1   3  -1   1  -1  -1   0   0   0  -1   0   0  -3   0  -1    5   8   3  12   0   6  20   3   3   3   5   5   3   4   3   6   5   0   3   4  0.16 0.18
  100 Q     0   1   1  -2  -2   1   0  -2   2   0   0   0   1  -2  -2   0   0   4  -1   0    7   7   7   0   0   7   7   0   7   7   7   7   7   0   0   7   7   7   0   7  0.12 0.14
  101 A     3  -1  -1  -1   2  -1   0  -1  -3   0  -1   0   0  -1  -3  -1   0   1  -3   2   31   4   2   3   4   2   5   3   0   6   5   6   2   2   0   3   5   2   0  15  0.20 0.23
  102 N     0   2   1   1  -3   1   2  -1   1  -1  -2   1  -1  -1  -1   0  -1  -3  -1  -1   10  11   6   9   0   4  18   3   3   3   4   9   2   2   2   5   3   0   3   3  0.16 0.16
  103 E    -1  -1  -1   0   2   3   2  -4   1   0  -1   0   4  -1  -4  -1  -1   2   0  -1    5   3   3   4   4  17  13   0   3   5   3   5  13   3   0   3   3   3   3   5  0.28 0.25
  104 V     0  -2  -2  -2   3  -2  -2   0  -2   1   0  -2   2   1  -2   0   1  -1   2   1    9   0   0   0   8   0   1   9   0   9   9   0   9   9   0   9   9   0   9   9  0.11 0.11
  105 R     0   3  -1   0   0   0   0  -1   2  -2  -2   3   0  -1  -3   0   0   1  -1  -2    9  15   3   6   2   4   7   3   6   2   3  18   2   3   0   6   4   2   2   2  0.18 0.19
  106 K     0   0   0   0  -3   1   0   0   2   0  -1   0   1   1  -3   0   0   3   1   0    6   6   5   6   0   5   6   6   5   6   6   6   5   5   0   6   6   5   5   6  0.06 0.10
  107 V     0  -4  -1  -1   2  -4  -4  -4  -4   1  -1  -4   1   0  -4  -1   0   3   0   5    9   0   4   4   4   0   0   0   0   7   5   0   4   4   0   4   4   4   4  41  0.54 0.37
  108 K    -2   2  -1  -3   1   1  -1  -4  -3  -1  -2   6   1  -1  -1  -1  -1  -4  -4  -3    3   7   3   0   4   4   3   0   0   4   3  52   4   2   3   3   3   0   0   0  0.71 0.46
  109 K     0   0   0   0   2   0   0  -1   1   0  -1   0   1   0   0   0   0  -2   1   0    5   5   5   5   5   5   5   5   5   5   5   5   5   5   5   5   5   0   5   5  0.03 0.05
  110 Y     0   1   0  -4  -4   0  -1   0   4  -1  -1  -1   0   2  -4  -1  -1   3   4  -1    7   7   5   0   0   4   4   6  10   4   5   4   3   9   0   5   4   4  14   4  0.27 0.25
  111 E    -1   0   0   0   0   1   3  -1   2  -1  -1   1  -1   0  -1   0   0   2  -1  -1    4   6   5   4   2   5  19   4   5   3   6   7   2   4   2   6   5   3   2   4  0.11 0.15
  112 Q    -1  -1   3  -1  -1   1  -2   1   3  -1  -3  -2   0  -2   1   3  -3   0  -2  -1    5   4  14   4   1   6   3  10   6   4   3   3   2   2   7  18   2   2   1   5  0.29 0.26
  113 G    -1  -3  -2  -1   1  -6  -1   4  -2  -1  -1  -1  -1   0   1  -1  -1   1  -1   0    6   2   2   4   3   0   4  31   1   4   6   3   2   4   7   5   4   2   3   6  0.38 0.28
  114 F    -1   0   0   0   2   0   0  -1   2   0  -1   0   2   1   0  -1   0   4   1  -1    5   5   5   5   5   5   5   5   5   5   5   5   5   5   5   5   5   5   5   5  0.09 0.08
  115 I    -2  -1  -6  -6  -6   0   1  -2   1   4   0  -1   1   2  -6  -2  -1   3   1   2    4   4   0   0   0   4   9   4   3  21   7   5   3   7   0   4   4   4   4  12  0.41 0.24
  116 T    -1   0   0   0  -3   0   0  -1   2   0  -1   0   1   0   0   0   0   3   1   0    5   5   5   5   0   5   5   5   5   5   5   5   5   5   5   5   5   5   5   5  0.06 0.08
  117 D     0   1   2   1  -3   0   0   0   1  -1  -2   0  -2  -1   1   1   0  -3   0  -1    7   7  11   8   0   3   4   6   5   4   4   4   0   3   7  14   6   0   3   4  0.11 0.12
  118 P     0   0   1   0  -2  -1   0   0  -1   0   0   0  -1   1   1   0   0  -2   1   0    7   7   7   7   0   0   7   7   0   7   7   7   0   6   7   7   7   0   6   7  0.04 0.06
  119 V    -1   0   0   0  -3   0   0  -1   2   0  -1   0   1   0   0   0   0   3   1   0    5   5   5   5   0   5   5   5   5   5   5   5   5   5   5   5   5   5   5   5  0.06 0.08
  120 V     0   0   0   0   2   0  -1   0   1   0  -1   0   1   0   0   0   0  -2   1   0    6   6   5   6   5   5   0   6   5   6   6   6   5   5   6   6   6   0   5   6  0.03 0.08
  121 L     0   0  -2  -2   2  -1   0   0   2   0   0   0   1   1  -3   0   0   4   1   0    6   6   0   0   6   0   6   6   6   6   6   6   6   6   0   6   6   6   6   6  0.09 0.14
  122 S     0   0   1   0   1   0  -1   0   1  -1  -1   1   0  -1   0   1   1  -3   0  -1   10   6   7   4   3   3   3   6   3   3   7   8   3   3   4  13   9   0   3   3  0.05 0.08
  123 P     0  -1  -1   0   1   0  -1  -2  -4  -1  -1  -1   0  -5   6  -1  -1  -5   0  -1    7   4   3   6   3   4   4   4   0   3   5   4   3   0  34   5   4   0   3   4  0.56 0.41
  124 K    -1   0   2   3  -4   0   1   0   1  -2  -2   0   0  -1  -1   0   0   2   0  -2    3   5  10  19   0   4   7   6   4   3   4   6   3   3   3   6   7   3   3   3  0.17 0.18
  125 D     0   0   0   0   2   1   0   0   2   0  -1   0   1  -2   1   0   0  -3   1   0    6   6   5   6   5   5   6   6   5   6   6   6   5   0   6   6   6   0   5   6  0.04 0.08
  126 R    -2   0  -1  -2   3  -1  -2  -3   0  -2  -2   0   1  -1  -1   1   5   2  -1  -2    4   5   3   3   5   3   3   3   3   3   5   5   3   3   4  11  27   2   3   3  0.40 0.31
  127 V     0   0   0   0   2   0   0  -1   1   0  -1   0   1   0   0   0   0  -2   1   0    5   5   5   5   5   5   5   5   5   5   5   5   5   5   5   5   5   0   5   5  0.03 0.05
  128 R    -1   0   0   0   2   0   0  -1   2   0  -1   0   2   1   0  -1   0   4   1  -1    5   5   5   5   5   5   5   5   5   5   5   5   5   5   5   5   5   5   5   5  0.09 0.08
  129 D    -2   0   0   5  -5  -1   4  -5   0  -2  -2  -1  -1  -2  -4   0  -1  -5  -1  -2    2   5   4  33   0   3  24   0   2   2   4   2   1   2   0   5   4   0   3   3  0.66 0.46
  130 V     4  -4  -4  -2  -1  -4  -2  -4  -4   2   1  -2   1  -1  -2  -1  -2   0  -1   3   34   0   0   2   1   0   2   0   0  10  11   2   3   2   2   5   2   2   2  19  0.46 0.37
  131 F    -1   1  -1   0  -4   0   0  -2   1   1   1   1   1   0  -1  -2  -1   3   0  -1    5   9   3   6   0   4   5   2   3   8  18   9   4   4   3   2   3   5   4   4  0.11 0.13
  132 E     1   1   0   1   1   1   3  -2   0  -2  -2   0   1  -1  -2  -1  -2   2   0  -1   10   8   5   9   2   6  16   3   3   3   4   7   3   3   3   5   3   2   3   4  0.17 0.15
  133 A     0  -1  -6  -1   1  -1  -1  -2   1   3   3   0   2   0  -6  -1  -1  -6   0   0    7   4   0   4   3   3   4   3   3  16  23   6   4   4   0   5   3   0   3   5  0.30 0.19
  134 K    -1   0  -1   0   2   0  -1  -1   1   0   0   2   4  -1  -1  -1   0  -4   0   0    5   5   3   5   4   4   3   4   3   7   6  15  15   3   3   5   4   0   3   5  0.15 0.20
  135 A     0   0   0   0  -2   1   0   0   1   0  -1   0   1   0   1   0   0  -2   1   0    6   6   5   6   0   5   6   6   5   6   6   6   5   5   6   6   6   0   5   6  0.03 0.06
  136 R     0   3  -1   0  -4   1   2  -2   1  -2  -2   2  -1  -2  -1   0  -1   0  -1  -1    7  15   3   6   0   5  12   3   4   2   4  15   2   2   3   6   3   1   2   5  0.22 0.22
  137 H    -2   1   0  -1   0  -1   0   1   3  -2  -1   0  -1   1  -1  -1  -1   2   4  -2    3   8   5   3   2   3   5  13   7   2   6   6   2   6   3   4   5   2  13   3  0.18 0.19
  138 G     0   0   1   0   1   0   0   4   0  -2  -3   1  -1  -5  -1  -1  -1  -5  -1  -1    9   4   6   6   3   3   6  27   3   2   2   8   1   0   3   5   4   0   2   4  0.28 0.24
  139 F    -1   0   0   0   1  -1  -1  -1   2   1  -1  -1  -2   4  -1  -1  -1  -3   2   0    4   5   4   6   3   3   3   5   4   8   5   3   0  21   3   3   3   0   8   8  0.19 0.20
  140 C     0   0   0   0   1   0  -1   2   1  -1  -1   0   0  -1   0   2   0  -3   0   0    8   4   4   4   4   3   3  15   3   3   5   5   3   3   4  16   5   0   3   7  0.08 0.12
  141 G     0  -2  -1   0   0  -1  -2   3  -2  -2  -1   0  -1   1   1   0   0   1   1  -1    7   1   3   6   3   2   0  24   0   2   5   5   1   9   6   9   6   2   5   4  0.16 0.16
  142 I    -1  -3  -2  -1   2  -3  -3  -2   0   3   1  -1   1   2  -3  -1  -1  -3   0   2    5   0   2   5   4   0   0   2   3  19  15   4   2  10   0   3   2   0   2  19  0.21 0.19
  143 P    -1  -2  -4  -2   1  -1  -3  -4  -4   2   1  -3   0  -1   5  -1  -1  -4  -3   2    3   2   0   2   3   3   0   0   0  11  15   0   2   3  29   4   3   0   0  19  0.57 0.35
  144 I    -2  -2  -4  -1  -3  -4  -1  -2  -4   3   1  -4   0   2  -4  -2  -2  -4  -3   5    2   3   0   5   0   0   3   3   0  14   9   0   2   8   0   3   2   0   0  45  0.57 0.38
  145 T     0   0  -1   0   2   1   0  -3   2   0   0   0   1   1  -2   0   0  -2   1   0    6   6   0   6   6   6   6   0   6   6   6   6   6   6   0   6   6   0   6   6  0.06 0.11
  146 D     0   0   1   0  -2   1   0   0   2   0  -1   0  -1  -2   1   0   0  -2   1   0    6   6   6   6   0   6   6   6   6   6   6   6   0   0   6   6   6   0   6   6  0.06 0.07
  147 T     0   0   2   2   1   0   1  -1   1  -1  -1   0   0  -3   0   1   1  -3  -2  -1    8   4  10  13   4   4   7   4   4   4   4   4   3   0   5  10   7   0   0   4  0.12 0.13
  148 G    -1   0   0   2  -4   0   0   4  -1  -2  -2   1  -3  -4  -1  -1  -1   1  -4  -2    4   4   4  10   0   3   7  37   2   2   5   8   0   0   2   3   3   2   0   2  0.43 0.31
  149 R    -1   0   0   0   2   0   0  -1   2   0  -1   0   1   0  -3   0   0   3   1   0    5   5   5   5   5   5   5   5   5   5   5   5   5   5   0   5   5   5   5   5  0.06 0.10
  150 M     0   0  -1  -1   0   0  -1   0   0  -1   0   0   1  -1   1   0  -1   1   0   0    6   7   2   4   2   4   3  10   3   4  12   4   6   3   7   9   3   2   3   6  0.03 0.05
  151 G    -1  -1   1   1   0   0   0   2   2  -1  -2  -1   0  -1  -1   0   0  -3   0  -1    4   3   8   9   3   4   5  20   6   4   4   4   3   3   3   6   7   0   3   3  0.12 0.13
  152 S     0   0   1  -1  -4   0  -1   3   1  -1  -2   0   0  -1   0   2   0  -4  -4  -4    6   4   6   3   0   4   4  25   3   3   4   5   3   3   4  16   6   0   0   0  0.27 0.25
  153 R    -1   1   0   0   1   0   0  -1   3  -1  -2   3   2  -1   1  -1  -1  -4   1  -1    4   7   4   5   3   3   4   4   7   3   3  23   6   3   6   3   3   0   5   4  0.21 0.23
  154 L    -2  -1  -1  -1   1  -1  -2  -2  -4   0   3  -1   2   1   0  -2  -1   2   1   0    3   3   3   3   3   3   3   4   0   5  34   3   5   6   5   3   3   3   4   6  0.22 0.24
  155 V     0   0   0  -1   0  -1  -1  -2   0   1   0   0   1   0   0  -1  -1  -3  -1   2    9   7   4   4   2   2   4   3   3   7  11   6   3   4   4   4   3   0   2  20  0.05 0.10
  156 G     0  -1   1  -1  -2   1   1   0  -1   0   0   1  -1  -2   2   0  -1  -3  -2   0    9   0   9   0   0   9   9   9   0   9   9   9   0   0   9   9   0   0   0   9  0.09 0.08
  157 I     0   0  -2   0   1   2   0  -3   0   2   0  -2   2   0  -3  -1  -1   2   1   0    8   4   0   5   3  11   6   1   3  19   7   0   7   3   0   3   3   3   4   6  0.13 0.16
  158 I     0  -1  -2  -2   3   1   0  -3  -2   1   0   0   2   1  -2  -1   0   4  -1   0    8   0   0   0   8   8   8   1   0   8   8   8   8   8   0   1   8   8   0   8  0.14 0.14
  159 S     0   0   0   0   2   0   0  -1   1   0  -1   0   1   0   0   0   0   3  -2   0    5   5   5   5   5   5   5   5   5   5   5   5   5   5   5   5   5   5   0   5  0.05 0.09
  160 S     0   0   0   0  -3   1   0   0   2  -2  -1   0   1   1   0   0   0   3   1  -1    6   6   5   6   0   5   6   6   5   0   6   6   5   5   6   6   6   5   5   6  0.08 0.12
  161 R     0   0   1   0   2   1   0   0   2  -2  -1   0  -2  -2   1   0   0   3   1  -1    6   6   6   6   6   6   6   6   6   0   6   6   0   0   6   6   6   6   6   6  0.10 0.13
  162 D    -1   0   1   5   1   0   1  -1   1  -1  -4  -1  -4  -4  -1  -1  -1  -4   0  -2    4   5   6  37   4   4   7   4   4   3   0   4   0   0   3   4   3   0   3   4  0.47 0.35
  163 I    -1  -1  -7  -2   2   0  -6  -1  -6   3   1  -2   3   1  -7  -2   0   4   2   1    5   3   0   3   4   4   0   5   0  14  13   3   8   6   0   4   6   6   7  10  0.43 0.25
  164 D    -1   0   0   0   2   0   0  -1   2   0  -1   0   2   1   0  -1   0   4   1  -1    5   5   5   5   5   5   5   5   5   5   5   5   5   5   5   5   5   5   5   5  0.09 0.08
  165 F    -2  -1  -1  -2   2  -6  -2  -1   1  -1   0  -2   1   6  -1  -1   0   3   2  -2    3   3   3   3   4   0   3   6   3   4   8   3   3  27   3   5   5   3   6   4  0.51 0.31
  166 L     0   0  -1  -1   3   0   1  -2   1   1   0  -1   1   1  -1  -1  -1   2   0   2    7   5   3   3   5   3   9   3   3   7   9   3   3   6   3   4   3   3   3  13  0.09 0.08
  167 K    -1   0   0   0  -3   0   0  -1   2   0  -1   0   1   0   0   0   0   3   1   0    5   5   5   5   0   5   5   5   5   5   5   5   5   5   5   5   5   5   5   5  0.06 0.08
  168 E     0   0   0   0   2   0   0  -1   1   0  -1   0   1   0   0   0   0  -2   1   0    5   5   5   5   5   5   5   5   5   5   5   5   5   5   5   5   5   0   5   5  0.03 0.05
  169 E    -1   1   1   2   1   0   1  -2   2  -2  -2   0   1   0   0   0   1   2   0  -2    4   9   6  12   2   5   9   4   4   3   4   5   3   3   4   6   7   3   3   3  0.13 0.12
  170 E     0   0   0   0   2   0   0  -1   1   0  -1   0   1   0   0   0   0  -2   1   0    5   5   5   5   5   5   5   5   5   5   5   5   5   5   5   5   5   0   5   5  0.03 0.05
  171 H    -2   1   1  -1   0   1  -1  -2   3  -1  -1   0   1   0   1  -1   0   2   0  -1    4   9   6   4   2   7   4   4   7   4   7   6   4   3   7   5   6   3   4   4  0.12 0.11
  172 D    -1   0   1   1   0   0   1  -1   1  -1  -1   1   0  -2   0   1   0   1   0  -2    5   5   6   9   2   4   8   5   4   4   6   7   3   2   5   9   5   2   3   3  0.05 0.08
  173 C    -1   1  -1  -1   0   0  -1  -2   0   1   0   1   0  -2  -2   1   3  -6  -1   1    5   8   3   3   2   4   3   3   2   7   9   8   2   2   3   9  17   0   2   9  0.15 0.15
  174 F    -2   0  -1  -1  -1  -1  -2  -2  -1  -2   0   2  -1  -1   4   1   1  -6  -1  -1    3   6   3   4   2   3   3   4   1   2   9  13   2   3  18  10   9   0   2   4  0.27 0.25
  175 L    -1  -1  -4  -4   0  -1  -1  -2   0   2   2  -1   2   1  -4  -3  -1   1  -1   3    5   4   0   0   2   2   4   3   2  12  16   4   5   5   0   0   4   2   2  25  0.32 0.26
  176 E     0   1   0   0   0   1   1   0   1  -1  -1   1   1  -1   0   1   0  -3   0  -1    6   8   3   3   3   5  10   6   3   5   4   8   4   3   5  10   5   0   3   5  0.05 0.08
  177 E    -1   0   0   2   0   0   2  -2   1  -1  -2   0   1  -3  -1   0   0   2   0   0    5   6   4  14   3   5  14   3   3   3   4   4   5   0   3   8   5   3   3   6  0.14 0.17
  178 I    -1   0   0   0   2   0   0  -1   2   0  -1   0   2   1   0  -1   0   4   1  -1    5   5   5   5   5   5   5   5   5   5   5   5   5   5   5   5   5   5   5   5  0.09 0.08
  179 M     0   0   0   0  -2   1   0   0   1   0  -1   0   1   0   1   0   0  -2   1   0    6   6   5   6   0   5   6   6   5   6   6   6   5   5   6   6   6   0   5   6  0.03 0.06
  180 T    -1   0   0   0   1   0   0  -1   1   0  -1  -1   2  -3   0   0   3  -4   0   0    4   4   4   4   3   4   4   3   3   7   5   4   6   0   4   6  22   0   3   7  0.13 0.20
  181 K    -1   0   0   0  -3   0   0   0   2  -1  -1   0   1   0   2   0   0   2  -2  -1    4   5   4   7   0   4   4   8   6   3   6   6   5   4  10   7   7   4   0   5  0.09 0.12
  182 R    -1   3   0   0   0  -1   0  -1   0   0   0   2   0   0  -1   0   0   0  -1  -1    6  19   3   4   2   1   6   3   2   5   9  13   2   3   3   6   5   1   2   5  0.11 0.13
  183 E     0   0   0   1   0   0   2  -1   0   0  -1   0   1   0   1   0   0   2  -2  -1    6   5   5   9   3   3  14   4   3   5   5   7   4   5   7   6   4   4   0   2  0.09 0.11
  184 D    -1   0   1   1  -3   0   0  -1   1  -1  -1   1  -2   1   1   0   0   2   0  -1    4   4   6  10   0   4   6   5   3   3   7   9   0   7   6   9   5   3   3   5  0.06 0.08
  185 L     0   0  -2   0   2   0   0   0  -2   0   0   0   1   0   1   0   0  -2   1   0    6   6   0   6   6   6   6   6   0   6   6   6   6   6   6   6   6   0   6   6  0.03 0.08
  186 V    -1  -1  -2  -2   1  -2  -1  -2   0   3   0  -1   0   0  -1  -2   0  -5  -1   3    5   3   2   2   3   2   4   4   2  20   7   4   2   4   3   2   6   0   2  25  0.30 0.25
  187 V    -2  -2  -2  -3   0  -2  -2  -3   0   0  -2  -1   0  -2  -2  -1   5  -6   0   3    3   2   2   2   2   2   3   2   2   4   4   4   2   2   2   4  34   0   3  21  0.60 0.48
  188 A     3  -1  -2  -2   0  -2  -2   2   1   0  -2  -1  -1  -1  -2   0  -1   0   0   1   29   3   2   2   2   1   3  13   3   4   4   3   1   2   2   5   4   1   3  11  0.27 0.26
  189 P    -1   0   0   2  -1   0   1  -2   1  -3  -4   1  -1  -2   3   1   0  -5  -1  -2    5   6   5  10   1   4   7   3   3   2   2   9   1   2  17  12   6   0   2   2  0.28 0.27
  190 A     0  -1  -1   2  -1   0   3  -1  -1  -1  -2   0   0  -2   1   0  -1   2  -1  -1    6   3   3  10   2   3  21   5   2   5   4   5   3   1   7   9   3   3   2   5  0.19 0.21
  191 G    -1  -1   2   2  -1  -1   0   4   0  -1  -3  -2   0  -2   2  -1   0  -6  -5  -3    4   3   9  11   1   2   6  27   2   4   2   2   2   2   9   4   6   0   0   2  0.38 0.31
  192 I     0   0  -1   0   2   0   0  -1   1   0  -1   0   1   0   1   0   0  -2   1   0    6   6   0   6   5   5   6   6   5   6   6   6   5   5   6   6   6   0   5   6  0.03 0.08
  193 T     0   0   0   0   2   1   0   0   2  -2  -1   0   1   0   1   0   0  -2   1  -1    6   6   5   6   5   5   6   6   5   0   6   6   5   5   6   6   6   0   5   6  0.05 0.09
  194 L    -1   0   0   0  -3   0   0  -1   2   0  -1   0   1   0   0   0   0   3   1   0    5   5   5   5   0   5   5   5   5   5   5   5   5   5   5   5   5   5   5   5  0.06 0.08
  195 K     0   0   0   0  -2   1   0   0   1   0  -1   0   1   0   1   0   0  -2   1   0    6   6   5   6   0   5   6   6   5   6   6   6   5   5   6   6   6   0   5   6  0.03 0.06
  196 E     0  -1  -1   1  -4   2   3  -1   1  -1  -2   0   0   0  -1  -1  -1   2   0  -2    6   3   3   8   0   9  23   4   3   4   4   6   3   4   3   4   4   3   3   3  0.20 0.22
  197 A     0  -2   0  -2   2   1   0   0   2   0  -1   0   1   0   1   0   0   3  -1   0    6   0   6   0   6   6   6   6   6   6   6   6   6   6   6   6   6   6   0   6  0.08 0.13
  198 N     0   1   4  -1  -1   0   0  -4  -1  -1  -1   2   0   2  -5  -1  -2  -1   2  -3    7   8  20   3   1   3   6   1   1   4   5  14   3   9   0   5   2   1   7   2  0.33 0.29
  199 E     0   1   1   2   0   1   2  -2  -1  -2  -2   1   2  -1  -2  -1  -2  -1  -3   0    8   8   6  12   2   5  15   3   2   2   3  10   7   2   2   3   2   1   1   6  0.19 0.20
  200 I     0  -2  -2  -1  -4  -1  -3  -5  -1   4   2  -1   3   1  -1  -2  -1  -4  -1   0    7   2   2   4   0   2   2   0   1  25  21   4   8   5   3   3   3   0   2   6  0.37 0.27
  201 L    -1  -5  -5  -1   1  -5  -5  -6  -5   1   4  -2   6   0  -3  -2   0  -5  -4  -1    5   0   0   3   3   0   0   0   0   7  39   3  20   4   2   3   6   0   0   4  0.87 0.51
  202 Q     0   1   0   1   0   1   1  -2   3  -1  -2   1  -1   0  -3  -1   0   1   0  -1   10  10   5   8   2   7   8   2   7   5   4   9   2   5   0   4   4   2   4   4  0.12 0.14
  203 R     0   1  -1   1   0   1   2  -2   1  -2  -2   2   2  -4  -1   0   1  -5  -4   0    7   7   2   7   2   5  13   2   3   2   4  12   7   0   3   8   8   0   0   6  0.19 0.20
  204 S     1   0   2  -1   1  -1   0  -1   5  -1  -1   0   0  -1  -2   1  -2  -4   0  -2   10   5  10   2   3   2   6   5  16   3   6   5   3   3   2  10   2   0   2   3  0.25 0.22
  205 K    -1   0   0   0   2   0   0  -1   2   0  -1   0   2   1   0  -1   0   4   1  -1    5   5   5   5   5   5   5   5   5   5   5   5   5   5   5   5   5   5   5   5  0.09 0.08
  206 K     0   0   0   0   2   0   0  -1   1   0  -1   0   1   0   0   0   0  -2   1   0    5   5   5   5   5   5   5   5   5   5   5   5   5   5   5   5   5   0   5   5  0.03 0.05
  207 G     0   0   1   0   2   1   0   0   2  -2  -2   0   1   0   1   0   0  -3   1  -1    6   6   6   6   6   6   6   6   6   0   1   6   6   6   6   6   6   0   6   6  0.08 0.13
  208 K    -1   2   0   1   0   0   0  -1   1  -1  -2   2   2   0  -1   0  -1  -4   0  -1    5  10   3   9   3   3   5   5   3   3   3  17   8   4   3   7   3   0   3   4  0.13 0.15
  209 L     1  -1   0  -5   2  -4  -4  -1  -4   1   3  -4   2   1  -4  -1  -1  -4  -3   1   10   4   4   0   4   0   0   4   0   7  34   0   5   5   0   5   4   0   0   8  0.36 0.29
  210 P     0  -2   0   0   1   0  -1   0  -2  -1  -1   0   0   1   3   0   0  -3   0   0    9   0   3   4   3   4   4   8   0   3   7   6   3   6  18   8   4   0   4   6  0.16 0.15
  211 I     0  -2  -2   0   2   0  -2  -3   2   0   0   0   1   1   1   0   0   4   1   0    6   0   0   6   6   6   0   0   6   6   6   6   6   6   6   6   6   6   6   6  0.12 0.16
  212 V     0   1  -2  -2   3   1   0  -2  -2   1   0   1   2   1  -2  -1   0  -2  -1   0    8   8   0   0   8   8   8   1   0   8   8   8   8   8   0   1   8   0   0   8  0.09 0.11
  213 N     0   0   2   3   1   0   0  -1   1  -1  -2   1   0  -3  -1   1   0  -3   0  -1    5   4  12  17   3   3   4   3   3   4   4   8   3   0   3   9   5   0   3   4  0.14 0.14
  214 E     0   0   1   0  -3   1   0   0   2  -2  -1   0   1   0   1   0   0  -2   1  -1    6   6   6   6   0   6   6   6   6   0   6   6   6   6   6   6   6   0   6   6  0.05 0.09
  215 D    -1   0   2   3   0   1   1  -1   2  -1  -2   1  -3   0   0  -1  -1  -4   0  -2    5   3  11  17   3   6   8   4   7   3   3   9   0   4   4   4   3   0   4   3  0.18 0.19
  216 D     0   0   1   0   2   1   0   0   2  -2  -1   0   1   1  -3   0   0   4   1  -2    6   6   6   6   6   6   6   6   6   0   6   6   6   6   0   6   6   6   6   0  0.11 0.15
  217 E     0   3   0  -1   2   0   1  -1   2  -2  -2   1   0  -1  -3   0   0   0   1   0    7  16   4   3   5   4   9   4   5   2   3   9   2   2   0   7   4   1   5   7  0.13 0.16
  218 L    -2  -3  -4  -2   1   0  -3  -1  -4   1   3  -2   1   1   0  -1   0  -3  -1   1    3   0   0   3   3   4   0   5   0   9  36   3   3   7   5   4   5   0   2   8  0.28 0.26
  219 V     0   0  -1   0   0   0  -1   0   0   0   0   0   1  -1   0  -1   1  -3  -1   2    5   6   2   6   2   5   4   7   2   5   9   4   3   3   4   2   9   0   2  19  0.03 0.09
  220 A     0   0   0   0   2  -1   0   0   2   0  -1   0  -1   1  -3   0   0   3   1   0    6   6   6   6   6   0   6   6   6   6   6   6   0   6   0   6   6   6   6   6  0.06 0.10
  221 I     0  -2  -1   0   2   1   0   0   2   0   0  -1   1   1  -2   0   0  -2  -1   0    7   0   0   7   7   7   7   7   7   7   7   0   7   7   0   7   7   0   0   7  0.06 0.12
  222 I     0  -3  -3  -1   1  -3  -3  -2   3   2   1  -1   1   0  -4   0   0   3   2   1    7   0   0   4   4   0   0   4   7  14  12   4   4   4   0   6   6   3   8  12  0.21 0.20
  223 A     0   0   0   0   2   0   0  -1   1   0  -1   0  -2   0   0   0   0   3   1  -1    5   5   5   5   5   5   5   5   5   5   5   5   0   5   5   5   5   5   5   5  0.06 0.08
  224 R    -1   0   0   0   2   0   0  -1   2   0  -1   0   2   1   0  -1   0   4   1  -1    5   5   5   5   5   5   5   5   5   5   5   5   5   5   5   5   5   5   5   5  0.09 0.08
  225 T     0   0   0   0   1   1   0  -1   1  -1  -1   2   1   0  -2   0   0  -2   2  -1    7   6   6   4   3   6   5   4   4   4   3  14   4   4   0   7   6   0   8   5  0.07 0.12
  226 D     0   0   0   0  -3   1   0   0   2  -2  -1   0   1   1   0   0   0   3   1  -1    6   6   5   6   0   5   6   6   5   0   6   6   5   5   6   6   6   5   5   6  0.08 0.12
  227 L     0  -2   0  -2   2  -2   0   0  -2   0   0   0   1   1   1   0   0   4   1   0    6   0   6   0   6   0   6   6   0   6   6   6   6   6   6   6   6   6   6   6  0.08 0.13
  228 K    -1   0   0   1  -3   1   1  -1   0  -1  -1   1   1   0   0   0   0  -3   0   0    5   6   4   9   0   5  12   3   3   4   6   9   5   3   4   6   5   0   3   6  0.08 0.10
  229 K    -1   0   0   0  -3   0   0  -1   2   0  -1   0   1   0   0   0   0   3   1   0    5   5   5   5   0   5   5   5   5   5   5   5   5   5   5   5   5   5   5   5  0.06 0.08
  230 N     0   1   2   0  -3   1   0  -2   1   0  -1   0   0  -1  -1   0   0   2   0  -1    9   7  10   4   0   5   7   2   4   7   6   7   3   2   2   8   4   4   3   5  0.07 0.11
  231 R     0   2   0   0  -4   1   1  -1   0  -1  -1   2   0  -1  -1  -1   0   1  -1  -1    6  14   3   4   0   8  10   3   2   4   6  13   2   2   3   4   5   2   2   5  0.12 0.16
  232 D    -1   0   0   0  -3   0   0  -1   2   0  -1   0   1   0   0   0   0   3   1   0    5   5   5   5   0   5   5   5   5   5   5   5   5   5   5   5   5   5   5   5  0.06 0.08
  233 Y    -1   0   0   0   2   0   0  -1   2   0  -1   0   2   1   0  -1   0   4   1  -1    5   5   5   5   5   5   5   5   5   5   5   5   5   5   5   5   5   5   5   5  0.09 0.08
  234 P    -1   0  -1  -1   1  -1  -1  -2   1  -1  -3   0   1  -1   6  -1  -1  -7   0  -2    5   5   3   4   3   3   4   3   3   3   3   6   3   3  33   4   4   0   3   4  0.58 0.44
  235 L    -1   0   0   0   2   0  -1  -1   2   0  -1   0   2   0   0  -1   0   3   1  -1    5   5   5   5   5   5   5   5   5   5   5   5   5   5   5   5   5   5   5   5  0.03 0.09
  236 A     2   0   0  -1   1   1   1  -1   1  -1  -1   0   0   0   0  -1  -1   2   0  -1   17   4   5   4   3   6   8   5   4   4   5   5   3   3   4   5   3   2   3   5  0.09 0.10
  237 S     0   0   0   0   2   0   0  -1   1   0  -1   0   1   0   0   0   0  -2   1   0    5   5   5   5   5   5   5   5   5   5   5   5   5   5   5   5   5   0   5   5  0.03 0.05
  238 K    -1   0   0   0  -3   0   0  -1   2   0  -1   0   1   0   0   0   0   3   1   0    5   5   5   5   0   5   5   5   5   5   5   5   5   5   5   5   5   5   5   5  0.06 0.08
  239 D     0   0   0   0   2   0   0   0   1   0  -1   0  -1   0   1   0   0  -2   1   0    6   6   5   6   5   5   6   6   5   6   6   6   0   5   6   6   6   0   5   6  0.03 0.06
  240 A     0   0   0   0   2   0   0  -1   1   0  -1   0   1   0   0   0   0  -2   1   0    5   5   5   5   5   5   5   5   5   5   5   5   5   5   5   5   5   0   5   5  0.03 0.05
  241 K    -1   0   2   1  -1   0   1  -1   1  -2   0   0   0  -1  -1   0  -1   1   0  -1    5   5  11   8   2   4  11   4   4   2  10   7   2   3   2   7   2   2   4   3  0.07 0.12
  242 K    -1   0   0  -1   2   0   0   2   1  -1  -1   1   0   1   1   0  -1  -3   1  -1    3   4   5   3   6   4   6  18   3   3   5   9   3   6   6   5   3   0   5   3  0.10 0.13
  243 Q    -1   2   1  -1   1   2  -1   0   2  -1   0   1   0  -1   0   0  -1  -3   0  -1    4  12   7   3   3   9   3   6   6   3   9   7   3   3   4   6   3   0   4   4  0.09 0.13
  244 L     0   0   0   0  -3   1   0   0  -2   0   0   0   1   1   1  -1   0   3   1   0    6   6   6   6   0   6   6   6   0   6   6   6   6   6   6   0   6   6   6   6  0.06 0.11
  245 L     0   0   0  -2   2   1   0  -3   2   0  -1   0   1   1   0   0   0   3   1   0    6   6   5   0   5   5   6   0   5   6   6   6   5   5   6   6   6   5   5   6  0.10 0.14
  246 C     0   0  -2   0   3  -2  -2   0  -2   0   0  -2  -1   1  -2   0   0   4   2   0    8   8   0   8   7   0   0   8   0   8   8   0   0   7   0   8   8   7   7   8  0.10 0.12
  247 G     0   0  -2   0   2  -1   0   0  -2   0   0   0   1   1   1   0   0   3   1   0    6   6   0   6   6   0   6   6   0   6   6   6   6   6   6   6   6   6   6   6  0.06 0.11
  248 A     2  -2  -2  -2   1  -2  -1   2  -2   0  -1  -2   1   0   0   1   1  -3  -2   0   28   0   0   0   4   0   4  15   0   5   5   0   4   4   5   9   8   0   0   6  0.16 0.14
  249 A     0   1   1  -1  -2  -1   0   0  -1   0   0  -1  -1   1  -2   0   1  -2  -1   0    9   9   9   0   0   0   9   9   0   9   9   0   0   9   0   9   9   0   0   9  0.04 0.07
  250 I     0  -2   1   1   2   1   0   0  -2   0   0  -1   1  -2  -2   0   1  -3  -2   0    8   0   7   8   7   7   8   8   0   8   8   0   7   0   0   8   8   0   0   8  0.08 0.11
  251 G     0   0   0   0   2   0   0   0  -1   0  -1   0   1   0   1   0   0  -2   1   0    6   6   5   6   5   5   6   6   0   6   6   6   5   5   6   6   6   0   5   6  0.03 0.06
  252 T     0   0   0   0   2   0   0  -1  -2   0  -1   0   1   0   0   0   0   3   1   0    5   5   5   5   5   5   5   5   0   5   5   5   5   5   5   5   5   5   5   5  0.05 0.08
  253 H    -1   2   1   1   0  -1  -1   2   3  -2  -2   0  -1   0  -2   0   0   1  -1  -2    6  12   6   8   2   2   4  17   6   2   3   6   2   4   2   6   6   2   2   2  0.17 0.18
  254 E    -1  -1   0   3  -4   0   2  -1   0  -1  -1   0   0  -1   2  -1  -1   2   0  -1    6   3   4  18   0   4  12   4   3   3   5   5   3   3  10   4   3   3   3   6  0.18 0.20
  255 D     0   0   0   0   2   0   0  -1   1   0  -1   0   1   0   0   0   0  -2   1   0    5   5   5   5   5   5   5   5   5   5   5   5   5   5   5   5   5   0   5   5  0.03 0.05
  256 D     1  -1  -1   3   1  -1   0  -1   1  -1  -2  -2   1   1  -1  -1   1   3   1   0   10   3   3  14   3   3   7   6   3   3   3   3   3   5   3   4   8   4   5   7  0.14 0.14
  257 K    -1   0  -2   0   2   0   0  -1   2   0  -1   0   1   0   0   0   0   3   1   0    5   5   0   5   5   5   5   5   5   5   5   5   5   5   5   5   5   5   5   5  0.06 0.10
  258 Y    -1  -1  -1   0   1  -1   4  -2   1  -1   0   0   1  -1  -2  -2  -1   2   1  -2    6   4   3   6   3   3  24   4   3   4  10   5   3   3   3   3   4   3   5   4  0.24 0.21
  259 R     0   0   0   0   2   0   0  -1   2   0  -1   0   1  -2   0   0   0   3   1   0    5   5   5   5   5   5   5   5   5   5   5   5   5   0   5   5   5   5   5   5  0.07 0.11
  260 L     0   0  -1   0   2   1   0   0   1   0   0   0   1   0   1   0   0  -3  -1   0    6   6   0   6   6   6   6   6   6   6   6   6   6   6   6   6   6   0   0   6  0.04 0.08
  261 D     0   0  -1   0   0   1   1  -2   1   2  -1   1   0  -1  -1  -1   0   0   0   0    6   4   3   6   2   5  12   3   3  14   5   9   3   2   3   3   4   2   3   6  0.06 0.10
  262 L     1   0  -1  -1   2   0   0  -1   1   0   1   0   1   0  -3   0  -1  -3   0   0   16   6   3   3   5   3   5   3   3   4  19   7   3   3   0   4   4   0   3   4  0.06 0.13
  263 L     0   0   0   0   2   0   0   0   1   0  -1   0   1   0  -2   0   0  -2   1   0    6   6   5   6   5   5   6   6   5   6   6   6   5   5   0   6   6   0   5   6  0.03 0.07
  264 A     0   0   0   0   2   0   0  -1   1   0  -1   0   1   0   0   0   0  -2   1   0    5   5   5   5   5   5   5   5   5   5   5   5   5   5   5   5   5   0   5   5  0.03 0.05
  265 Q    -1   0   1   2  -1   1   3  -1   0  -1  -3   2  -2  -2  -1   0  -1  -1  -4   0    5   4   7  13   2   6  19   3   2   4   2  13   1   2   2   5   3   1   0   7  0.23 0.21
  266 A     3  -1   0  -1   0  -1  -1  -1   0  -1  -1   0   1  -1   2   0  -1   0   0   0   26   2   4   2   2   2   3   4   3   4   5   7   5   2  10   7   2   1   3   6  0.15 0.18
  267 G    -2  -1  -1   1   0   0   1   5   0  -2  -3  -1  -1  -4  -4   0  -3   0  -1  -2    2   3   2   8   2   4   9  44   2   2   3   4   2   0   0   5   0   2   2   3  0.57 0.35
  268 V     2  -3  -3  -1   3  -3  -3  -1  -4   2   1  -3   1  -3   0   0   0  -4  -3   3   18   0   0   5   7   0   0   5   0  14  12   0   3   0   4   5   4   0   0  20  0.27 0.23
  269 D    -1   1   1   3   1   1   0  -1   1  -1  -2   1  -3  -1   0   0   0  -4  -3  -3    5   7   6  22   3   6   4   4   4   3   4  11   0   4   4   5   7   0   0   0  0.23 0.22
  270 V     0   0   0   0   2   0   0   0  -2   0  -1   0   1   1  -3   0   0   3   1   0    6   6   5   6   5   5   6   6   0   6   6   6   5   5   0   6   6   5   5   6  0.06 0.10
  271 V     0  -2  -2   0   2  -1   0   0  -2   0   0   0   1   1   1   0   0  -2   1   0    7   0   0   7   6   0   7   7   0   7   7   7   6   6   7   7   7   0   6   7  0.05 0.10
  272 V     0   0  -2  -1   3   0  -2  -3  -2   1   0   0   1   0   2  -1   0  -3   0   2    9   5   0   4   9   4   0   1   0   7   8   7   4   4  10   4   4   0   3  18  0.12 0.14
  273 L     0  -2  -1   0  -2   1   0   0  -2   0   0  -1   1   1   1   0   0  -2   1   0    7   0   0   7   0   7   7   7   0   7   7   0   7   7   7   7   7   0   7   7  0.06 0.10
  274 D     0   0   1   5  -3  -2   0   0   1  -3  -3  -2  -3  -1   1   0   0  -4  -3  -1    8   5   4  38   0   0   4   5   4   0   1   0   0   4   7   8   4   0   0   6  0.43 0.28
  275 S     1  -2   0  -2   3  -1  -2   0  -3   0  -1  -1   0  -3  -1   1   3  -3  -2   1   11   0   3   0   7   3   0   5   0   5   3   4   3   0   3  14  21   0   0  15  0.19 0.19
  276 S     0   1   1   1  -2   1   1   0  -2   0  -1  -1   1  -2   1   0   1  -3  -2   0    8   8   7   8   0   7   8   8   0   8   1   0   7   0   8   8   8   0   0   8  0.10 0.11
  277 Q    -2   1   1   1  -3   2   0   0   4  -1  -2   0  -2  -3   0   0   0  -3  -2   0    1   6   8  10   0  12   5   6  16   4   1   6   0   0   4   4   8   0   0   9  0.21 0.18
  278 G     1   0  -2  -2   2  -2  -1   3  -2  -2  -1   0  -2   0   0   0  -2  -2   0   0   10   5   0   0   5   0   4  33   0   0   5   5   0   5   4   7   0   0   4  10  0.23 0.17
  279 N    -1   0   2   1   0   1  -1  -1   5  -3  -2  -2  -2   2   0   0  -2   3   2  -1    4   6  11   8   2   6   2   5  17   0   3   0   0  11   4   5   0   5   7   4  0.26 0.22
  280 S     0   0   0   0   2   0   0  -1   1   0  -1   0   1   0   0   0   0  -2   1   0    5   5   5   5   5   5   5   5   5   5   5   5   5   5   5   5   5   0   5   5  0.03 0.05
  281 I    -1   0  -1   1   1   1   2  -3   0   1  -1   2   0  -4  -2   0   0  -4  -1  -1    5   4   2   8   3   5  15   2   3  10   6  15   2   0   2   7   4   0   2   5  0.17 0.19
  282 F    -1   1   1  -1   0   0  -1   0   4  -1  -1   0   0   1   1  -1  -1   3   2  -1    5   7   6   3   2   3   2   6  10   4   6   6   3   6   7   4   3   4   8   5  0.13 0.14
  283 Q     0  -4  -4  -1   2   3  -1  -2   0   0  -2  -2   3   2  -2  -1   0  -5  -1   3    9   0   0   3   4  15   4   3   2   4   3   3   8   8   2   3   5   0   2  22  0.36 0.34
  284 I     0   0   0   0   2   0   0  -1   1   0  -1   0   1   0   0   0   0  -2   1   0    5   5   5   5   5   5   5   5   5   5   5   5   5   5   5   5   5   0   5   5  0.03 0.05
  285 N    -2   0   1   3  -5   1   3  -2   1  -2  -2   1   0  -2  -1  -1  -1   1  -1  -2    3   6   5  16   0   7  22   4   3   2   4   8   2   2   3   4   3   2   2   2  0.30 0.28
  286 M     2  -1  -1  -2   0  -1  -2  -1   0   0  -1  -1   4   1  -4  -1   2  -4   0   0   18   3   3   3   2   2   2   4   2   5   6   3  14   7   0   3  13   0   3   7  0.23 0.26
  287 I    -1  -1  -4  -4   2  -3  -1  -4  -4   3   1  -3   1   0   0  -1   0   2   0   3    5   4   0   0   4   0   5   0   0  19  13   0   4   4   4   4   7   3   4  19  0.29 0.24
  288 K     0   0   0   0  -2   1   0   0   1   0  -1   0   1   0   1   0   0  -2   1   0    6   6   5   6   0   5   6   6   5   6   6   6   5   5   6   6   6   0   5   6  0.03 0.06
  289 Y     0   1   0  -1   0   0   0  -2   1   0  -1   0   1   0  -3  -1  -1   4   2  -1    9   7   5   4   3   4   8   3   3   5   6   7   4   4   0   3   4   7   9   5  0.13 0.13
  290 I     0   0  -2  -2   2  -1   0   0  -2   0   0  -1   1   1  -2   0   0  -2   1   0    8   8   0   0   7   0   8   8   0   8   8   0   7   7   0   8   8   0   7   8  0.06 0.11
  291 K     0   1   1  -1  -2   1   1  -2   2   0   0   1   1  -2   1   0  -1  -3  -2   0    8   8   7   0   0   7   8   1   7   8   8   8   7   0   8   8   0   0   0   8  0.10 0.12
  292 D     0   0   0   0   2   0   0  -1   1   0  -1   0   1   0   0   0   0  -2   1   0    5   5   5   5   5   5   5   5   5   5   5   5   5   5   5   5   5   0   5   5  -0.00 0.06
  293 K     0   1   0   0   1   1   1  -1   1   0   0   1   1   0  -1  -1   0   2   1  -1    7   6   4   6   3   6   8   4   3   5   9   9   3   4   3   4   5   2   4   5  0.04 0.04
  294 Y    -1   0   0   0   2   0   0  -1   2   0  -1   0   2   1   0  -1   0   4   1  -1    5   5   5   5   5   5   5   5   5   5   5   5   5   5   5   5   5   5   5   5  0.09 0.08
  295 P    -1  -1  -1  -2  -1  -3  -3   0  -3  -2  -3   0  -3  -4   6   0  -3   0   0  -1    5   3   3   3   1   1   2   7   1   2   3   6   1   1  44   6   2   1   3   4  0.90 0.52
  296 N    -2  -1   2   4  -5   0   2   1   2  -3  -2   0  -2  -3  -2   1  -1  -5  -2  -2    2   3  10  25   0   3  12  10   5   1   4   6   1   1   1   9   3   0   1   3  0.38 0.28
  297 L    -1  -2  -3  -1   1  -2  -2  -3   1   3   2  -1   1  -1  -1  -2  -1   0  -2   2    6   1   1   4   3   1   1   1   4  16  22   5   3   1   4   2   4   2   1  17  0.22 0.18
  298 Q    -1   1  -1   2  -1   2   0  -2   3  -2  -2   1  -1  -2   2   0   1  -1  -1   0    2   8   2  13   1   9   6   2   9   2   3   7   2   2   9   5   9   1   1   8  0.18 0.16
  299 V    -2  -3  -3   0   1  -3  -3  -4  -4   3   2  -1   1   1  -3  -3  -1  -3  -2   3    0   0   0   7   4   0   0   0   0  23  19   5   3   7   0   0   4   0   0  26  0.38 0.25
  300 I    -1  -2   0  -3   0  -1  -2  -2  -2   3   1   0   1   0   0  -1   0  -3   1   2    3   0   5   0   2   2   0   2   0  20  12   7   3   2   5   3   6   0   6  19  0.13 0.17
  301 G     3  -1  -2  -3   0  -2  -2   2  -2  -1   0  -2  -1   1  -1   0   0   1   0   0   29   3   0   0   2   0   0  16   0   3   9   0   0   7   3   4   6   2   2   5  0.16 0.20
  302 G     0   1   1  -1  -2   0   1   0   2  -2  -1   1  -1  -2  -2   1   1   4  -1  -2    9   9   9   0   0   0   9   9   9   0   9   9   0   0   0   9   9   8   0   1  0.17 0.12
  303 N     0   1   1   1  -2   1   1  -2  -1   0   0   1  -1  -2   1   0   1  -3  -2   0    8   8   7   8   0   7   8   1   0   8   8   8   0   0   8   8   8   0   0   8  0.10 0.08
  304 V     1  -3  -2  -1   2  -2  -1  -1  -3   2   1  -2   2   0  -3  -1   0  -3  -2   3   11   0   0   4   5   0   4   5   0  11  10   0   6   4   0   4   4   0   0  30  0.18 0.17
  305 V     2  -1   0  -1   1  -2  -1   0   0   0  -1  -2   0   0  -2   1   1  -3  -2   2   19   3   5   3   3   0   4   5   2   5   1   0   2   5   0   9  10   0   0  23  0.11 0.16
  306 T    -2  -1   1  -1   1  -3   0  -2  -3  -2  -3  -3   0  -1  -4   1   6  -4  -2  -1    2   3   7   2   4   0   5   3   0   2   2   0   2   3   0   7  50   0   1   4  0.65 0.48
  307 A     1   1   0  -2   0  -1   0   0  -1  -1  -2   0   0  -1   3  -1  -1   0   1  -1   17   8   4   0   3   2   7   8   1   5   3   5   3   1  15   3   2   1   7   3  0.16 0.16
  308 A     1   0   0   2  -4   0   4  -2  -1  -2  -3   0  -1  -4  -2   0  -1  -1  -2  -1   12   5   4  12   0   3  35   2   1   2   1   5   1   0   1   4   2   1   1   4  0.41 0.32
  309 Q     1   0  -2  -2   1   2   0   2   1  -1  -1  -1   2  -3  -2   0   0   2  -2  -1   14   5   0   0   4  13   4  22   4   4   4   0   8   0   0   5   5   3   0   4  0.19 0.16
  310 A     1  -2  -2  -2   3  -2  -2   1  -1  -1   0  -2  -1   2  -2   1   1  -1   2   0   11   1   0   1  10   0   1  11   0   1  11   1   0  10   1  11  11   0  10  11  0.12 0.09
  311 K     0   2  -2  -2   0   0   2   0   0  -1  -1   2   0  -1  -2  -3  -1   1   0  -1    8  11   2   2   2   5  14   7   2   4   8  13   3   2   2   2   4   2   3   5  0.18 0.15
  312 N     0   1  -1   4   1   0   0  -3   4  -1  -3  -1   0   1  -2  -2  -2   2   1  -2    8   8   3  18   3   4   6   3  10   4   3   4   3   5   3   3   3   2   4   3  0.33 0.21
  313 L     0   0  -2  -3   2  -2  -2   0   2   0   0  -2   2   1  -3   0   0   4   2   0    7   7   0   0   7   0   0   7   7   7   7   0   7   7   0   7   7   7   7   7  0.13 0.15
  314 I     0  -1  -1  -3   1  -1  -1  -1   1   4   0  -1   1   0  -1  -1   0  -3   0   1    7   3   3   0   3   3   4   4   4  29   6   3   4   3   3   3   6   0   3   7  0.19 0.22
  315 D     0   0   0   0   2   0   0   0   1   0  -1   0   1   0  -2   0   0  -2   1   0    6   6   5   6   5   5   6   6   5   6   6   6   5   5   0   6   6   0   5   6  0.03 0.07
  316 A     3   2   0  -3   0   0   1  -2   0  -1  -1   0   0   0  -3   0  -1   1  -1  -1   30  11   4   0   2   3   8   2   2   4   4   6   2   4   0   7   2   2   2   3  0.22 0.24
  317 G    -1  -1  -1   0   1  -4  -1   6  -4  -5  -5  -1  -5  -5  -1  -1  -1   2  -5  -5    3   4   3   6   3   0   4  55   0   0   1   4   0   0   4   4   3   3   0   1  0.95 0.51
  318 V     4  -1  -3  -3   3  -2  -3  -2  -3   0  -1  -2   0   0  -1   0  -1  -3   0   1   45   3   0   0   8   0   0   0   0   6   5   0   3   4   3   3   3   0   3  11  0.35 0.30
  319 D    -1   0   2   5  -3   0  -1  -1   1  -1  -3   0  -3  -3  -3   0   0   2   0  -1    4   4   9  37   0   4   1   4   4   4   1   4   0   0   0   5   7   3   4   4  0.40 0.27
  320 A     0  -2   1   0   3  -2  -2   0   2   0   0  -2  -1   1  -2   0   0   4  -1   0    8   0   7   8   7   0   0   8   7   8   8   0   0   7   0   8   8   7   0   8  0.11 0.13
  321 L    -1  -3  -2   0  -2  -2   0   0  -2   2   2  -2   2   0  -3  -2  -1  -2   0   2    4   0   0   6   0   0   6   9   0  13  23   0   7   4   0   1   0   0   4  21  0.17 0.15
  322 R    -1   4  -1  -2   0  -1  -1  -1   0  -1  -2   3   0  -3  -1   0  -2  -3  -1  -1    3  33   3   0   2   0   0   5   2   4   3  23   2   0   3   7   0   0   2   6  0.36 0.25
  323 V     0  -2  -2   0   3  -2   0  -3  -2   1   0  -2   2   1   1  -1   0   4  -1   0    8   0   0   8   8   0   8   1   0   8   8   0   8   8   8   1   8   8   0   8  0.16 0.14
  324 G     0  -3   1  -2  -3  -2  -2   4  -2  -3  -3  -2   2  -3   1   0   1   3  -3  -3    8   0   9   1   0   0   1  41   0   0   1   1   8   0   8   7   8   6   0   1  0.51 0.22
  325 M     0   1   1   0  -2   1  -1   0  -2   0   0   0   1  -2  -2   0   0   4  -2   0    7   7   7   7   0   7   0   7   0   7   7   7   7   0   0   7   7   7   0   7  0.09 0.12
  326 G     1  -3  -2  -3  -3  -3  -1   5  -3  -3  -3  -3  -3  -4  -3   1  -2   3  -3   1   12   0   0   0   0   0   4  51   0   0   1   0   0   0   0  10   0   5   0  15  0.76 0.34
  327 S     2  -1   0  -2   2  -2  -2  -1   2   1  -1  -1  -1  -2   2   0   0  -3   0   0   21   4   6   0   5   0   0   4   8  11   4   4   0   0  13   6   4   0   4   6  0.16 0.15
  328 G     0  -1   1   1  -2  -1   1   1  -2  -2  -2   1  -2  -2   2   1   1   4  -2   0    9   0   9   9   0   0   9   9   0   0   1   9   0   0   9   9   9   8   0   9  0.19 0.12
  329 S     0   1  -2  -2   2  -1   0   0   2  -2  -2   0   1   1   1   0   0   4   2  -2    7   7   0   0   7   0   7   7   7   0   1   7   7   7   7   7   7   7   7   0  0.17 0.18
  330 I     0   0   0  -2   2   1   0   0   1   0   0   0   1   0   1   0   0  -3  -1   0    6   6   6   0   6   6   6   6   6   6   6   6   6   6   6   6   6   0   0   6  0.04 0.09
  331 C     0   0   0  -1   8  -4  -4  -1   2  -1  -2  -4  -3   0   1  -1  -3  -5  -4   0    8   5   5   4  37   0   0   4   5   4   4   0   0   4   7   4   0   0   0   5  0.86 0.46
  332 I     1   0  -1  -1  -3  -2   0  -3   2   1  -1   0  -2  -1  -3   1   3   4  -2  -1   11   6   2   3   0   0   6   0   5  10   4   5   0   3   0  13  22   6   0   3  0.21 0.23
  333 T     0   0  -2  -3  -3  -2  -3   0  -3  -1   0   0   0   0   0   1   4  -3   1  -2    6   5   0   0   0   0   0   7   0   2  11   6   2   3   5   8  38   0   6   0  0.37 0.33
  334 Q     0   1   1  -2  -3   1   0   0   2  -2  -2   1   1  -2   1   0   0   4  -2   0    7   7   7   0   0   7   7   7   7   0   1   7   7   0   7   7   7   7   0   7  0.16 0.16
  335 E     0   0   1   0  -2   1   0   0  -1   0   0   0   1  -2   1   0   0  -2   1   0    6   6   6   6   0   6   6   6   0   6   6   6   6   0   6   6   6   0   6   6  0.05 0.08
  336 V     0   1   1   1  -2   1   0   0   2   0   0   0   1  -2  -2   0   0  -3  -2   0    7   7   7   7   0   7   7   7   6   7   7   7   6   0   0   7   7   0   0   7  0.06 0.09
  337 L     0   0  -2  -2   2  -1   0   0   2   0   0   0   1   1   1   0   0  -2   1   0    6   6   0   0   6   0   6   6   6   6   6   6   6   6   6   6   6   0   6   6  0.05 0.10
  338 A     1   0   0  -2  -3  -2  -1   4  -3  -3  -1  -1  -2   0   0   0  -1   2  -2  -1   12   5   4   0   0   0   4  36   0   0   7   4   0   5   4   5   4   4   0   4  0.32 0.23
  339 C     0  -3  -1  -1   5  -3  -3   0   0   1  -1  -3   1   2  -3  -1   0   4   1   1    9   0   3   4  14   0   0   6   3  12   4   0   4   9   0   4   4   7   4  12  0.23 0.20
  340 G    -1  -1  -3  -4  -4  -4  -4   6  -4  -4  -3  -3  -4  -1  -4  -1   0   3  -1  -2    4   4   0   0   0   0   0  63   0   0   3   0   0   3   0   3   5   5   3   4  1.06 0.49
  341 R     0   0  -2  -3   2   0  -2   0   2   0   0   0   1   1  -3   0   0   3   1   0    6   6   0   0   6   6   0   6   6   6   6   6   6   6   0   6   6   6   6   6  0.06 0.15
  342 P     0  -4  -3   0  -4  -3  -3   1  -4   0  -4  -3  -3  -4   6   0   1  -4   1   0    8   0   0   6   0   0   0  11   0   6   1   0   0   0  41   6   8   0   5   6  0.80 0.39
  343 Q     0   1   1  -1  -2   1   0   0   2   0   0  -1   1  -2   1   0   0  -3  -2  -1    8   8   7   0   0   7   8   8   7   8   8   0   7   0   8   8   8   0   0   0  0.10 0.12
  344 A     2  -2  -2   0  -2  -2  -2   0  -2   1   1  -2   2   1   1   0  -1  -3  -1   1   20   0   0   5   0   0   1   8   0   7  13   0   7   8   9   7   0   0   0  13  0.13 0.13
  345 T     0   0   0  -1  -3   0  -1  -2  -2   0  -1  -1   0   1  -3   1   4   3   0  -1    6   5   5   3   0   3   2   2   0   5   4   2   2   7   0  12  32   4   3   2  0.25 0.24
  346 A     5  -3  -3  -3   3  -3  -1  -1  -3   0  -2  -3   0  -1  -1   1  -1  -4  -3  -1   54   0   0   0   6   0   3   4   0   5   3   0   3   2   3   8   3   0   0   3  0.57 0.36
  347 V     0  -3  -3  -4  -2  -3  -3  -4  -3   3   1  -3   1  -1  -3  -1   0  -3   1   3    5   0   0   0   0   0   0   0   0  23  14   0   4   0   0   6   7   0   6  30  0.39 0.25
  348 Y     0   0  -1  -1   1   0  -1  -2   2   0  -1  -1   3   1  -4  -1  -1   3   5  -1   10   4   3   4   3   3   4   4   4   5   6   3   8   5   0   4   3   4  20   3  0.28 0.28
  349 K    -1   0   0   0   2   0   0  -1   2   0  -1   0   1   0  -3   0   0   3   1   0    5   5   5   5   5   5   5   5   5   5   5   5   5   5   0   5   5   5   5   5  0.06 0.10
  350 V     0  -2   1  -2   3  -1  -2   0  -2   1   0   0   2  -1  -2   0   1  -2   1   0    8   0   8   0   8   0   0   8   0   8   8   8   8   0   0   8   8   0   8   8  0.07 0.11
  351 S     3   0   1  -1   1  -1  -1  -1   0   0  -2  -1   0   0  -3   0  -1   2   0   0   25   4   7   3   3   3   3   4   3   7   3   3   3   4   0   8   3   3   4   8  0.13 0.15
  352 E    -1   2   0   1  -1   1   2  -2   0  -2  -2   2  -1  -1  -1   0  -1   0  -1  -2    5  11   5   8   2   5  16   2   2   2   5  13   2   2   3   6   3   2   2   3  0.17 0.18
  353 Y     3   0  -3  -2   0  -1   0  -1   0   1  -1  -1   0   0  -2  -1  -1   1   2   1   27   4   0   2   2   3   7   3   2   8   4   2   2   4   2   4   3   2   8   9  0.18 0.24
  354 A     3   0  -3  -1   3  -1  -1  -1   0  -1  -1   0   1  -1  -1  -1  -1   2   0   0   30   5   0   3   6   3   3   5   3   4   6   6   4   3   3   4   3   3   3   5  0.20 0.24
  355 R    -1   2   0   1  -4   0   0  -1   1  -1  -1   2   1  -1  -1   0  -1   2   0  -1    4  11   5   7   0   4   6   5   4   4   4  14   5   3   3   7   3   3   3   3  0.12 0.16
  356 R    -1   2   0   1   1   1   1   1   0  -2  -2   3  -1  -4   0   0  -1  -4  -1  -2    6  11   4   8   3   5  10  10   2   2   3  17   2   0   4   5   3   0   2   2  0.20 0.21
  357 F     0  -1   0  -1  -1   0  -1  -1   2  -2   0  -1   0   2  -2   1   0   0   4  -2    6   4   5   4   1   4   3   5   5   2   9   3   2  10   1  11   7   1  13   2  0.16 0.20
  358 G    -2  -1   1   2  -1  -2  -1   4   1  -2  -2   0  -4  -3   0   0  -2   1   1  -3    2   4   8  11   1   2   4  31   3   3   5   7   0   1   4   6   1   2   5   1  0.38 0.33
  359 V     0   0  -2  -3   2  -2  -2   0   2   0   0   0   1  -1   1   0   0   4   1   0    7   7   0   0   6   0   0   7   6   7   7   7   6   0   7   7   7   6   6   7  0.11 0.15
  360 P    -1   0  -1  -1   1   0  -1  -2   3  -1  -2   0   0   1   5   0  -1  -4   0  -1    5   4   3   3   3   3   3   3   7   3   4   6   3   5  25   8   4   0   4   3  0.36 0.28
  361 V    -2  -4  -4  -4   1  -1  -1  -5  -4   5   0  -4   1   0  -1  -3  -1  -4   0   3    3   0   0   0   3   4   5   0   0  36   8   0   3   4   4   0   4   0   3  22  0.58 0.37
  362 I    -2  -1   2  -2   3  -2  -3  -1  -3   4   0  -2   1   1  -3  -2  -1   1  -2   2    1   3  13   1   7   0   1   5   0  36   4   1   3   6   1   1   3   3   0  13  0.27 0.18
  363 A     2  -2  -1   0   0   0  -1   1  -2  -1  -1  -1   1  -2   2   2   0  -3  -2  -1   25   1   0   6   3   6   1   9   0   3   3   3   6   0   9  17   3   0   0   4  0.18 0.11
  364 D     0  -2   1   5   1  -1   0  -1   1  -3  -2   0  -3  -3  -2  -1  -1  -3   1  -3    8   1   4  51   4   0   1   4   4   1   5   6   0   0   1   1   4   0   6   1  0.56 0.23
  365 G     1  -3  -2  -2  -3  -2  -3   5  -3  -3  -3  -2  -3  -3  -3   0   0  -3  -3  -1   13   1   0   1   0   0   1  61   0   1   1   1   0   0   1   6   6   0   0   6  0.81 0.26
  366 G    -1  -3   0  -2  -3  -2   0   6   2  -4  -4  -2  -3  -4  -3  -2   0  -3  -3  -3    4   1   4   1   0   1   6  64   7   1   1   1   0   1   1   1   6   0   0   1  0.95 0.31
  367 I    -1  -3  -1  -3   3  -1  -3  -4   1   4   1  -3   2   0   0  -2   0  -3   1   1    6   0   4   0   7   4   0   0   4  30  11   0   6   4   4   0   5   0   4   9  0.28 0.23
  368 Q     0   2   1   0   1   2   0   0   1  -2  -2   2  -2  -3  -2   0   0   2  -2   0    5  12   6   4   3  11   4   6   4   0   4  14   0   0   0   6   7   3   0   8  0.15 0.15
  369 N    -1  -1   2  -1   2   0   0   0   2  -2  -1   0   0   0  -3   0   1   1   3  -1    3   2  13   3   6   2   6   5   6   2   5   6   3   4   0   8   9   2  12   3  0.15 0.18
  370 V     0  -2   0   0  -2  -1   0   0   2   0   0  -2   1   1   1   0   0   3  -1   0    6   0   6   6   0   0   6   6   6   6   6   0   6   6   6   6   6   6   0   6  0.04 0.13
  371 G     0   0  -2   0   1   0  -2   4   1  -3  -2   0  -2   0  -3   0  -1   2   1  -1    8   4   0   6   4   4   0  34   4   0   4   5   0   4   0   6   4   3   5   4  0.29 0.24
  372 H     0  -3   1   5   1   1   0  -3   5  -4  -4  -2  -4  -4  -3  -1  -1  -4   0  -4    7   0   6  43   3   7   4   1  15   0   1   0   0   0   0   4   3   0   4   0  0.81 0.43
  373 I     1  -3  -2  -4   0  -3  -3  -4  -3   4   1  -2   3   0  -1  -2  -2  -3  -1   2   11   0   3   0   2   0   0   1   0  37   9   3   9   4   3   3   0   0   2  13  0.42 0.28
  374 A     2  -1  -1  -3   1  -2  -2  -1  -3   1  -1  -1   0   0  -1   0   2   2  -2   2   19   2   3   0   3   0   0   4   0   8   4   3   2   4   3   5  15   3   0  20  0.15 0.17
  375 K     0   1  -1  -2  -2   1   0  -2   2   0   0   1   2  -1  -2   0   0  -2   1   0    8   8   0   0   0   7   8   1   7   8   8   8   7   0   0   8   8   0   7   8  0.09 0.12
  376 A     4  -3  -2   0   2  -2  -2   0  -3   0  -1  -2  -2  -2  -2   1   0  -3   1   0   49   0   0   5   5   0   1   5   0   5   6   0   0   0   0   7   5   0   5   5  0.36 0.25
  377 L    -2  -3  -3  -4   1  -1  -3  -2  -3   2   4  -3   2   1  -3  -3  -2   3   0   0    1   0   0   0   3   3   0   4   0  15  49   0   4   7   0   0   0   4   3   4  0.42 0.22
  378 A     3  -3  -2  -1   2  -2  -2   1  -3   0   0  -2   0  -1  -2   1   0   1  -1   0   41   0   0   3   5   0   0   8   0   5   8   0   3   2   0   9   3   2   2   6  0.26 0.21
  379 L     2  -2  -1  -3   2  -2  -2  -1  -3   0   2  -2   1   1  -1  -1   0  -3  -1   1   29   0   3   0   5   0   0   5   0   3  24   2   3   6   2   3   4   0   2   8  0.18 0.18
  380 G    -2  -1   0  -3  -4  -3  -3   6   0  -5  -4  -3  -4  -1  -4  -1  -3   1  -3  -4    1   3   3   1   0   0   1  77   3   0   1   1   0   3   0   3   1   2   0   1  1.33 0.45
  381 A     6  -3  -3  -2  -3  -3  -3   0  -4  -3  -2  -3  -3  -4  -3   0  -2  -4  -4  -1   76   0   0   2   0   0   0   7   0   0   3   0   0   0   0   5   0   0   0   3  1.04 0.46
  382 S    -1   0   1   5  -1  -1  -1  -1   1  -3  -4  -1  -3  -4  -3   3   0  -1  -2  -4    2   5   4  36   1   1   2   5   3   1   0   1   0   0   0  30   5   1   1   0  0.61 0.31
  383 T     0   0   0  -2   2   0   0   0   2   0  -1   0   1   0   0   0   0  -2   1   0    6   6   5   0   5   5   6   6   5   6   6   6   5   5   6   6   6   0   5   6  0.04 0.08
  384 V     0  -4   0  -4   3  -4  -4  -1  -5   2   0  -4   2  -4  -4  -3   0  -5  -4   5    7   0   5   0   7   0   0   6   0   8   7   0   6   0   0   1   6   0   0  44  0.70 0.36
  385 M    -1   1  -2  -2   3   1  -1  -3  -1   1   0  -1   2   2  -2  -2  -1  -1   2   1    1  12   0   1  11  12   1   1   0  12   1   1  11  12   1   1   1   0  11  12  0.16 0.10
  386 M     0   0  -2  -3   3   1  -2   0  -2   0   0  -1   2   1  -2   0   0   4  -1   0    8   8   0   0   7   7   0   8   0   8   8   0   7   7   0   8   8   7   0   8  0.12 0.14
  387 G     0   0  -2   0  -3  -2  -2   5  -3  -1  -3  -2  -3  -3  -3   1   0   4  -3  -3    6   6   0   6   0   0   1  44   0   6   1   1   0   0   0  14   6   6   0   1  0.54 0.24
  388 S     0   1   2  -1  -3  -1   0   2   1  -3  -3   0  -1  -1  -2   3   0  -3   0  -2    6  11  13   0   0   0   5  14   4   0   1   4   2   2   0  26   6   0   4   2  0.26 0.20
  389 L    -1  -2  -3  -3  -2  -1  -3  -2   2   1   3  -2   3   1   0   0  -1   4   0   0    3   2   0   0   0   2   1   2   6   8  32   2  10   5   5   7   2   6   3   5  0.25 0.18
  390 L    -2  -3  -4  -4  -3  -3  -4  -4  -3   0   4  -4   1   5  -1  -3   0   3   1  -1    2   0   0   0   0   0   1   1   0   4  41   0   2  29   3   1   5   4   2   3  0.64 0.32
  391 A     5  -3  -1  -3   1  -3  -1  -1  -3  -2  -3  -3  -3  -4  -3   1  -1   2  -3  -1   68   0   2   0   3   0   3   3   0   2   1   0   0   0   0   7   3   3   0   4  0.85 0.45
  392 A     0   1  -2  -3   0  -2  -2   5  -3  -2  -3  -2  -2  -4  -1   0  -2   1  -4  -3    6   9   0   0   3   1   3  56   0   3   2   2   1   0   4   5   1   2   0   2  0.75 0.34
  393 T    -1  -3  -2  -3   4  -3  -2  -3   2  -2  -2  -3  -1   1  -1   0   6  -3  -1  -1    4   0   0   0   8   0   2   1   6   1   2   0   2   7   3   3  55   0   1   3  0.77 0.43
  394 T    -1   0   0   3  -2   1   3  -2   0  -2  -1   0  -1  -2  -2   0   1  -3   1  -2    3   5   3  23   1   4  19   1   2   1   7   5   2   1   1   4  10   0   6   1  0.28 0.20
  395 E    -1  -3  -3   0  -5   0   7  -4  -3  -5  -5  -1   0  -5  -4  -2  -3   0  -4  -4    4   0   0   4   0   2  77   1   0   0   1   2   3   0   0   2   0   1   0   1  1.52 0.63
  396 A     3  -3  -1  -3   3  -2  -3  -2  -3  -3  -3  -2  -3  -4  -1   4   2  -4  -4  -1   26   0   1   0   6   1   0   2   0   0   2   0   0   0   3  41  12   0   0   3  0.65 0.39
  397 P     0  -4  -2  -2   2  -3  -2  -1  -4  -4  -3  -2  -3  -5   7  -2  -1  -5  -5  -3    8   0   1   2   5   0   3   4   0   0   2   2   1   0  64   2   3   0   0   2  1.53 0.56
  398 G     1  -4  -1  -1  -4  -3  -2   6  -4  -5  -4  -2  -4  -3   0  -1  -1  -1  -4  -4   10   0   2   3   0   0   2  64   0   0   2   2   0   1   4   4   3   1   0   0  1.01 0.42
  399 E    -1   0   0   2  -4   1   4  -1   1  -2  -2   1  -2  -3   1  -1  -1   1  -2  -3    3   4   4  11   0   4  34   4   3   2   4   8   1   1   7   4   2   2   1   1  0.37 0.24
  400 Y    -1   1  -2  -3  -2  -1  -1  -2   0   2   1   0   0   1  -2  -1   1  -1   2   2    3   8   0   0   0   1   3   2   2  15  11   8   2   5   1   3  10   1  10  15  0.13 0.14
  401 F    -2  -2  -3  -2  -3  -2   0  -3  -1   4   0  -2   1   3  -4  -3  -2   0   2   3    3   2   1   2   0   1   6   1   1  25   7   2   4  12   0   1   2   1   8  20  0.37 0.26
  402 F    -2   0   0   0  -2  -1   1  -3  -1   0   0   0   1   2  -1  -1   0   1   2   0    1   5   4   6   0   1  13   1   1   7  10   7   4  12   3   3   7   2   8   6  0.10 0.13
  403 S    -1   2  -1   0  -2   0   0  -3   1   1  -1   2  -1  -1   0   0  -1   0   2   0    2  11   1   5   1   4   4   1   4  11   5  15   1   2   5   8   3   1   8   8  0.11 0.14
  404 D    -2  -1   4   4  -5   1   3   1   0  -5  -5   0  -4  -4  -3  -1  -2  -5  -3  -5    3   2  21  24   0   7  19  10   2   0   1   4   0   1   1   3   1   0   0   0  0.68 0.39
  405 G    -1  -1   1  -2  -3  -3  -1   6  -4  -6  -5  -2  -5  -6  -3  -2  -3  -5  -3  -3    5   4   6   3   1   1   4  66   0   0   1   2   0   0   1   3   2   0   1   2  1.25 0.56
  406 I     0   4  -1  -2  -3   2  -1  -2   0  -1  -2   3  -1  -3  -2  -1   0  -2  -3   1    6  22   2   2   0   8   3   3   2   3   2  22   2   1   1   5   6   0   0  11  0.34 0.26
  407 R    -1   4  -2  -2  -3   0  -2  -2  -2  -2   0   3   1  -2   0  -1  -1  -1   0  -2    4  26   2   2   0   5   2   2   1   2  12  18   5   1   5   5   3   1   3   2  0.37 0.28
  408 L    -2  -2  -5  -5  -2  -2  -4  -5  -2   0   1  -3   2   4  -3  -3  -3   0   6   2    3   2   0   0   1   2   1   1   0   5  13   1   4  15   1   1   1   1  30  16  0.80 0.43
  409 K    -2  -1  -3  -2  -7  -3  -4  -3  -5  -4  -6   7   2  -5  -5  -3  -2  -7  -6  -1    4   2   1   2   0   0   0   2   0   1   0  74   4   1   0   2   2   0   0   5  1.73 0.81
  410 K     0   2  -2  -2  -2   0   1  -2  -1   1  -1   2  -1  -2   1   0   0  -4  -1   0    5  10   1   1   0   4  11   3   1   9   6  18   1   1   6   5   4   0   2   9  0.15 0.16
  411 Y    -2  -6  -2  -7  -3  -3  -4  -7   2  -1  -4  -3  -3   3  -7  -2  -2  -1   9  -3    4   0   2   0   1   1   1   0   4   4   1   2   1   9   0   4   2   1  61   2  1.84 0.81
  412 R    -2   7  -2  -4  -4   0  -2  -6  -3  -5  -4  -2  -2  -1  -6  -5  -2   4   3  -2    4  58   2   1   0   4   2   0   0   1   1   1   1   3   0   0   3   5  12   3  1.41 0.69
  413 G    -1  -6  -5  -5  -6  -3  -4   7  -6  -7  -7  -6  -2  -7  -6  -2  -4   0  -7  -7    4   0   0   0   0   1   1  86   0   0   0   0   1   0   0   2   1   1   0   0  2.21 0.88
  414 M    -3  -5  -4  -6  -6  -1   1  -2  -5  -3  -2  -5  10  -2  -6   0  -5   2  -5  -3    2   0   1   0   0   3   9   3   0   1   3   0  64   2   0   8   0   3   0   1  2.06 0.91
  415 G     4  -4  -4  -4  -2  -2  -5   5  -3  -5  -6  -4  -5  -6  -3   1  -2  -6  -5  -3   35   1   0   1   1   2   0  44   1   0   0   0   0   0   1  10   2   0   0   2  1.14 0.57
  416 S    -3  -5  -2  -4  -3  -4  -2  -1  -5  -6  -4  -4  -3  -6  -1   7  -1  -6  -4  -5    1   0   1   0   0   0   2   4   0   0   2   0   1   0   4  80   3   0   1   0  1.72 0.84
  417 L     0   1  -1   0  -3  -1   0  -2   0   1   2   0   0   0   0   0  -1  -3   0   0    6   9   3   5   0   1   5   2   2   8  22   8   2   5   5   6   3   0   3   5  0.06 0.09
  418 D     0   1  -1   2  -2   0   3   2   0  -3  -3   0  -1  -3  -2   1   0  -4  -3  -2    8   7   1  13   1   2  20  15   3   1   2   4   1   1   1  11   6   0   0   2  0.29 0.23
  419 A     6  -5  -4  -5  -4  -4  -2  -3  -3  -4  -3  -3  -1  -1  -4   0  -2  -5  -4   1   70   0   1   0   0   0   3   1   0   0   2   1   1   3   0   6   2   0   1   8  1.26 0.64
  420 M    -2   2   0  -4  -5   3  -2  -4  -4   0  -1   0   8  -1  -1  -2  -3   0  -2   0    3   9   5   0   0  12   2   1   0   4   4   5  37   3   3   2   1   1   1   7  0.83 0.49
  421 D     0   0   1   0  -3   2   2   0   0  -2  -1   2   0  -2  -2   0   1  -4  -2  -1    6   5   7   4   0   8  14   6   2   2   8  14   3   1   1   6   9   0   1   3  0.14 0.14
  422 K     0   2  -1   2  -3   2   1  -2  -1  -2  -1   3  -2  -3  -2   0   0   2  -2  -2    7   9   1  11   0   8   9   3   1   1   5  22   0   1   1   7   5   3   1   3  0.27 0.22
  423 H    -1   4   1  -2  -1   0  -2   1   3  -3  -2   1  -1  -1  -2  -1  -1  -1   2  -2    6  25   8   1   1   3   2  11   8   1   4   8   1   3   2   4   3   1   6   2  0.32 0.21
  424 L     1   0   1  -1  -2   0  -1   0   0  -1  -1   1   0   0  -1   1   0  -2   1  -1   16   6   6   3   0   3   2   7   2   3   6   8   3   4   2  14   5   0   6   4  0.08 0.09
  425 S     0   0  -1  -1  -2  -1   1   4  -2  -4  -3   0  -3  -2  -3   1  -1  -3   0  -3    8   5   2   3   1   3   8  36   1   1   2   5   1   2   1  12   4   0   4   1  0.47 0.29
  426 S     1   0   0   0  -1  -2  -1   2   0  -1  -2   1  -1  -3  -3   4   0  -3  -3  -2   10   6   5   4   1   1   3  14   2   3   3   7   1   1   1  30   4   0   1   2  0.31 0.25
  427 Q     0   1   0   0  -2   1   1   0   0  -1   0   1   1  -1  -2   0   0  -1  -1   0    9   9   3   6   1   6   7   7   2   3  10  10   4   2   1   7   4   1   1   7  0.05 0.06
  428 N     1  -1   1   4  -4  -1   1   0   1  -4  -4   1  -3  -3  -1   1  -1  -4   0  -3   12   4   6  26   0   3   7   6   3   1   1   8   1   1   3   9   3   0   4   2  0.35 0.23
  429 R    -2   6  -2  -1  -2   0   1   0  -2  -4  -3   0  -2  -3  -2  -1  -1  -4  -2  -3    3  49   2   3   1   3   9   7   1   1   2   5   1   1   2   4   3   0   2   2  0.92 0.43
  430 Y    -1   0   0   0  -3   0   0  -1   2   0  -1   0   1   0   0   0   0   3   1   0    5   5   5   5   0   5   5   5   5   5   5   5   5   5   5   5   5   5   5   5  0.06 0.08
  431 F    -1   0   0   1  -3   0   0   0   1  -1  -1   0   0   1   0   0   0  -2   1   0    5   6   4  11   0   5   7   6   5   4   5   6   4   7   4   6   6   0   5   6  0.05 0.07
  432 S    -1   0   0   0   2   0   0  -1   2   0  -1   0   2   1   0  -1   0   4   1  -1    5   5   5   5   5   5   5   5   5   5   5   5   5   5   5   5   5   5   5   5  0.09 0.08
  433 E    -1   0   1   1   0   1   2  -1   0  -1  -1   1  -2  -1  -1   0   0  -3   0  -1    5   5   6  10   3   5  17   5   2   3   5   9   0   3   3   5   6   0   4   5  0.12 0.14
  434 A     0  -1   1   1   0   0   1   1   0  -2  -2   1   0  -3  -1   1   0  -4  -1  -1    9   3   8   9   2   3  11  11   2   2   5   8   2   0   3   9   7   0   2   3  0.12 0.14
  435 D     0   0   0   3  -1   0   1  -1   0   0  -2   0   1  -1  -1   0   0   0  -2  -1    9   6   5  14   1   5   9   5   2   5   4   6   4   3   4   7   6   1   1   4  0.11 0.10
  436 K     0   1   0   2  -1  -1   1  -1   1  -3  -3   3  -1  -2  -1   0  -1   0  -1  -3    8   8   5   9   1   3  10   6   3   2   3  20   2   2   3   6   4   1   3   2  0.26 0.21
  437 I    -1  -1  -1   0  -1  -1   0  -1  -1   1   0   4   0  -3  -1  -1   0  -5   0   1    4   2   2   6   1   3   6   5   1   7   8  25   2   1   2   5   5   0   4  10  0.20 0.21
  438 K    -2   2  -2  -2  -5  -1  -2  -2   0   0   2   2   1   1  -2  -2  -2   1   1  -1    3  13   1   2   0   3   3   3   2   6  20  15   4   6   3   2   3   2   6   4  0.26 0.23
  439 V     1  -3  -2  -6  -5  -3  -3  -3   0   2  -2  -6  -1   3  -4  -4  -1  -6  -2   6   10   2   2   0   0   1   2   2   3  10   3   0   1  10   1   1   4   0   2  45  0.89 0.54
  440 A     3  -4  -6  -2  -6  -3   0  -3  -3  -2  -5  -4  -3  -7   6   1  -3  -7  -3  -1   26   1   0   2   0   1   6   2   1   3   1   1   1   0  37  10   2   0   1   5  1.07 0.71
  441 Q    -6  -2  -2  -2   0   4   7  -3  -1  -8  -8  -5  -3  -4  -7  -1  -6  -8  -2  -4    0   3   2   2   2  16  63   3   1   0   0   0   1   1   0   4   0   0   1   1  1.71 0.93
  442 G    -2  -2  -6  -3  -8  -7  -7   7  -1  -8  -8  -7  -8  -8  -7  -3  -2  -8  -8  -3    4   3   0   1   0   0   0  82   1   0   0   0   0   0   0   2   3   0   0   2  2.23 1.03
  443 V    -3  -1  -2  -3  -1  -3  -2  -4  -6   4  -3   0  -2  -2  -6  -2  -2  -6  -3   6    2   4   2   1   1   1   3   2   0  21   2   5   1   1   0   3   2   0   1  48  0.99 0.55
  444 S     0  -4  -3   0  -1  -1   5  -2   0  -4  -5  -3  -5  -3  -1   3   1  -6  -3  -2    8   0   1   5   1   2  36   4   2   1   1   1   0   1   3  22   8   0   1   4  0.69 0.51
  445 G     1  -1  -2  -3   0  -4  -3   5  -2  -2  -3  -1  -2  -3  -5   0   1  -5  -5   1   11   3   2   2   2   0   2  41   1   3   2   4   1   1   0   6  10   0   0   9  0.63 0.41
  446 A     0   1  -2  -1  -2   0   0  -2  -1  -1   1   1   1   0  -1   1   0   2   2   0    8   9   1   2   0   3   6   2   1   2  13   8   5   4   3   9   6   3   8   5  0.08 0.12
  447 V    -3  -2  -7  -7  -6  -4  -7  -7  -7   3  -2  -2   0  -3  -7  -6  -1  -2  -6   7    3   2   0   0   0   1   0   0   0  15   4   3   2   1   0   0   4   1   0  64  1.59 0.78
  448 Q    -1  -1  -1  -1   0   0   0  -5  -4  -2  -2   0  -1  -3   6  -4  -3  -2  -4   1    5   3   3   4   2   5   7   0   0   2   4   5   2   1  44   1   1   1   1  10  0.95 0.58
  449 D    -1  -6  -4   4   0  -3  -3  -4   1  -1  -2  -5  -3   1  -4  -2  -5  -4   8  -1    5   0   0  20   2   1   1   1   3   4   3   0   1   5   1   3   1   0  43   4  1.30 0.70
  450 K    -1   5  -4  -4  -6  -1  -3  -4  -3  -2  -5   6  -3  -3  -6  -2  -1   0  -6  -2    6  26   1   1   0   3   1   1   1   2   1  42   0   2   0   4   5   1   0   4  1.08 0.62
  451 G    -5  -3  -6  -4  -7  -3  -3   7  -7  -8  -6  -4  -7  -8   0  -4  -3  -7  -7  -7    0   2   0   1   0   1   2  84   0   0   1   1   0   0   5   1   2   0   0   0  2.26 1.01
  452 S    -1  -2  -1   0  -2  -3  -2  -2  -1  -6  -4   0  -1  -4   4   5   1  -1  -4  -5    4   2   2   5   1   1   3   3   2   0   1   5   2   1  21  39   7   1   1   0  0.81 0.56
  453 I     1  -6  -6  -6  -1  -4  -5  -4  -6   2   3  -6   1  -2  -6  -4  -2  -6  -5   5   11   0   0   0   2   1   1   1   0   9  22   0   3   1   0   1   3   0   0  44  0.99 0.54
  454 H     1   1  -1   0  -3   0   2  -1   3  -2  -2   2  -1  -2  -3   1  -1  -5  -1  -1   12   7   3   4   0   4  15   5   7   2   4  13   1   1   0  12   4   0   2   3  0.22 0.22
  455 K     0   0   0   4  -4   0   2  -2   1  -4  -4   2  -3  -3   1   0  -1  -4  -3  -3    8   4   5  23   0   3  12   3   4   0   1  13   1   1   6   7   3   0   1   1  0.41 0.31
  456 F    -3  -4  -3  -6  -5  -4  -4  -3  -3   4   1  -4  -1   3  -5  -3   2   1   1   4    2   1   1   0   0   1   1   2   1  21  11   1   1  12   0   2  12   2   5  25  0.65 0.39
  457 V    -2  -6  -7  -7  -2  -6  -6  -7  -1   5   3  -6   1  -2  -6  -6  -3  -3  -5   4    3   0   0   0   1   0   0   0   2  31  30   0   3   2   0   0   1   0   0  25  1.20 0.59
  458 P    -1   0   0   1  -5   0   1  -3   4  -3  -2   1  -3   0   4  -2  -1  -2   2  -4    5   6   5   8   0   5   7   2  11   2   5   8   0   4  19   2   4   1   7   1  0.38 0.29
  459 Y    -2   0  -2   2  -4   5   2  -3   1  -4  -3  -1  -2  -2  -4  -2  -2  -2   5  -3    3   4   2  10   0  26  12   2   3   1   3   3   1   2   1   3   3   0  19   2  0.71 0.49
  460 L    -3  -6  -6  -3  -2  -3  -6  -7  -4   4   4  -6   3   3  -6  -4  -1  -2   1   0    2   0   0   2   1   1   0   0   0  19  44   0   7  10   0   1   4   1   4   5  0.96 0.51
  461 I    -1  -2  -2  -3   2  -1  -1  -5  -2   3   2  -2   3  -2  -5  -2   1  -5  -1   3    5   2   1   1   5   3   5   0   1  15  20   2   8   1   0   3   8   0   2  17  0.37 0.27
  462 A     1  -2   0   0  -1   1   0   5  -2  -3  -4   0  -2  -5  -4   0  -1  -3  -4  -3   13   2   4   6   1   7   7  38   1   1   1   5   1   0   0   7   3   0   1   1  0.56 0.37
  463 G     0  -5  -3  -5  -6  -1  -4   7   0  -5  -5  -1  -6  -7  -6  -1  -4  -1  -4  -6    8   1   1   0   0   3   1  70   2   1   1   4   0   0   0   5   1   1   1   0  1.61 0.76
  464 I    -4  -6  -7  -7  -2  -6  -6  -7  -6   4   5  -5   1  -2  -6  -6  -4  -6  -5   3    1   0   0   0   1   0   0   0   0  23  49   1   2   1   0   0   1   0   0  21  1.29 0.62
  465 Q    -3   7  -5  -5   0   3  -3  -4  -3  -3  -5   4  -3  -7  -6  -4  -1  -7  -6  -5    2  49   0   0   2  14   1   1   0   1   1  22   1   0   0   1   3   0   0   1  1.48 0.75
  466 H     1   0  -1  -4  -5   1  -3  -3   5  -3  -5  -1  -3  -5  -5   5  -2  -6  -2  -4   13   4   2   1   0   7   1   1  14   1   1   4   1   0   0  46   1   0   1   1  0.99 0.62
  467 S     2  -4  -4  -3   0  -5  -4   5  -5  -6  -5  -5  -3  -6  -4   3   1  -6  -5  -4   18   1   0   1   2   0   1  44   0   0   1   0   1   0   1  20   9   0   0   1  1.07 0.60
  468 C    -3  -6  -7  -7   5  -6  -7  -5  -6   0   2  -6   8   4  -7  -6  -5  -5  -3  -2    2   0   0   0  13   0   0   1   0   5  19   0  40  14   0   0   0   0   1   2  1.70 0.79
  469 Q    -1  -1  -3  -4  -2   4  -2   3   0  -4  -5  -2  -1  -2  -5   3   3  -2  -2  -4    4   3   0   0   1  17   2  21   2   1   1   2   1   2   0  25  15   1   1   1  0.65 0.49
  470 D    -4  -2  -1   3  -7  -4  -3  -6   1  -5  -4  -2  -2  -1  -7  -4  -3  -4   8  -5    1   2   4  18   0   1   1   0   3   1   2   3   1   2   0   1   1   0  57   1  1.85 0.89
  471 I     1  -4  -4  -5   5  -3  -5  -2  -5   3   2  -5   0  -2  -5   0   1  -5  -3   2   12   0   1   0  13   1   0   4   0  18  16   0   2   1   0   6   9   0   1  17  0.55 0.36
  472 G    -4  -7   1  -2  -8  -7  -7   7  -4  -9  -9  -4  -8  -8  -7  -4  -7  -1  -8  -8    1   0   6   3   0   0   0  86   0   0   0   1   0   0   0   1   0   1   0   0  2.40 1.03
  473 A     5  -5  -4  -6   5  -4  -3  -3  -4  -2  -3  -5  -2  -1  -5   1  -1  -1  -3   2   50   0   1   0  11   1   1   2   0   1   2   0   1   3   0   9   4   1   1  12  0.97 0.58
  474 K     0   4  -1  -1   0   1  -1  -2   1  -3  -2   3  -2  -3  -1   0  -1  -2  -2  -2   10  26   3   3   2   6   3   3   4   1   4  17   1   1   3   6   3   1   1   2  0.39 0.30
  475 S    -4  -3   5   2  -1  -3  -3  -4  -3  -6  -6   0  -6  -6  -5   4   4  -7  -5  -6    1   1  26  10   1   1   1   1   0   0   1   5   0   0   0  28  23   0   0   0  1.07 0.65
  476 L    -4  -7  -7  -7  -5  -6  -7  -7  -7   6   4  -7   1  -2  -5  -6  -4  -6  -5   2    1   0   0   0   0   0   0   0   0  43  40   0   2   1   0   0   1   0   0  10  1.51 0.69
  477 T     1   0  -1   2  -4   1   2  -3  -2  -4  -4   3  -4  -5   2   1   0  -2  -2  -3   11   5   2  10   0   5  15   1   1   1   1  20   0   0  10   9   5   1   1   1  0.41 0.33
  478 Q    -1  -4  -1   3  -7   2   6  -4  -2  -5  -5  -1  -4  -6  -5  -1  -2  -7  -4  -3    5   0   2  14   0   9  52   1   1   1   1   3   0   0   0   4   3   0   1   2  1.13 0.65
  479 V    -1  -6  -6  -6  -5  -5  -6  -6  -6  -1   5  -6   4   4  -6  -5  -5  -5  -1  -2    6   0   0   0   0   0   0   1   0   3  60   0   9  14   0   1   0   0   2   3  1.31 0.63
  480 R    -4   5  -4  -3  -5   4  -3  -4   7  -5  -5   1  -4  -3  -2  -2  -4   4  -2  -5    1  28   0   1   0  19   1   1  24   1   1   8   0   1   2   3   1   6   1   1  1.27 0.62
  481 A     0   1  -1   2  -4   1   4  -3  -1  -3  -3   2  -1  -4  -2   0   1  -4  -3  -3    7   8   2  10   0   6  26   2   1   1   3  15   1   1   2   6   8   0   1   1  0.42 0.28
  482 M     0   1   1   0   0   0   0   0  -1  -1  -1   1   1  -1   0   0   0  -1  -1  -1    9  10   7   6   2   4   5   9   1   4   7   9   7   2   3   5   3   1   2   4  0.04 0.03
  483 M     1  -1  -1  -1   0  -1  -1   0  -1   0   1  -1   2   0   0   0   0  -1  -1   1   12   3   3   3   2   2   3   6   1   6  16   3   7   4   4   5   5   1   2  12  0.04 0.04
  484 Y    -1   0   0   0  -1   0   0  -1   0  -1   0   0   0   1  -1  -1   0   1   3   0    6   6   5   6   1   3   8   5   2   4   7   5   2   7   3   4   4   2  14   7  0.07 0.05
  485 S     0   0   2   0  -1   0   0   0  -1  -1  -1   1  -1  -1  -1   2   0   0  -1  -1    6   3  10   6   2   4   6   6   1   5   5   9   2   3   3  17   4   2   1   5  0.08 0.06
  486 G    -1   0   1  -1  -1   0   0   4  -1  -2  -2   0  -1  -2   0   0  -1   0  -2  -1    4   5   6   3   1   3   8  33   1   2   5   6   1   2   4   6   3   1   1   4  0.29 0.13
  487 E    -3   2   2   0  -4   1   2  -3  -2  -2  -3   4  -2  -4   0   0   0  -4  -4  -3    2  11  11   4   0   5  15   1   1   3   2  28   1   1   5   5   4   0   0   2  0.51 0.33
  488 L     4  -3  -3  -4   0  -2  -3  -2  -3   0   2  -3   0  -2  -2   0   1  -2  -1   2   34   1   1   1   2   2   1   3   1   5  18   1   1   1   2   5   7   1   2  14  0.41 0.30
  489 K    -3   5  -2  -2  -3   2   2  -3  -2  -1  -2   3  -2  -5  -4  -2   0  -5  -4  -1    1  37   2   2   1   8  11   2   1   3   4  15   1   0   0   2   6   0   0   4  0.74 0.44
  490 F    -4  -6  -6  -7  -4  -6  -6  -7  -5   0   1  -5   1   8  -6  -6  -6   2   2  -2    1   0   0   0   0   0   0   0   0   4  11   1   4  66   0   0   0   2   5   3  1.98 0.82
  491 E    -3  -1  -1  -2  -2  -1   4  -3   0   3  -2  -3   0  -3  -4  -3   0   0  -3   3    2   3   2   1   1   2  29   3   2  20   2   1   2   1   0   1   5   2   1  20  0.57 0.40
  492 K    -3   5  -4  -4  -2   1  -1  -5   0   0   0   3   0  -2  -4  -2  -3  -3  -2   1    2  37   0   0   1   5   4   0   2   5   8  15   3   1   1   2   1   0   2  10  0.68 0.43
  493 R    -3   4  -4  -5  -3   3  -4  -6  -3   4   0  -3   1  -2  -4  -4  -3  -2  -4   3    1  26   0   0   1  12   0   0   1  24   7   0   4   1   1   1   1   1   0  18  0.82 0.50
  494 T    -3  -6  -5  -5  -6  -5  -4  -5  -6  -6  -5  -5  -2  -7  -6   5   6  -7  -6  -5    1   0   0   0   0   0   1   1   0   0   1   0   1   0   0  40  55   0   0   0  1.87 0.96
  495 S     2  -2   1  -2  -4   2   0   0   1  -2  -3  -2   0  -3   4   1   0  -2  -2  -1   18   2   6   2   0   9   7   7   4   2   2   1   2   1  18  11   4   0   1   4  0.33 0.28
  496 S     5  -3   1  -5  -1  -2  -4   0  -2  -3  -4  -4  -2  -6  -5   4  -2  -6  -3  -4   47   1   6   0   1   2   0   6   1   2   2   1   1   0   0  27   2   0   1   1  0.97 0.60
  497 A     4  -6  -5  -5  -5  -5  -5   5  -6  -4  -5  -5  -6  -4  -5   2  -2  -1  -4  -3   33   0   0   0   0   0   0  46   0   1   1   0   0   1   0  14   2   1   1   2  1.27 0.67
  498 Q    -1   0  -2  -4  -5   5  -2  -4   0   1   2  -1   2   1  -4  -2  -3   0   2  -1    5   5   2   0   0  28   1   1   2   9  17   4   5   5   0   2   1   1   8   4  0.48 0.38
  499 V     0   3  -1  -2  -4   1   0  -2  -1   1  -1   2   0  -2  -4  -1   0  -4   0   0   10  20   2   1   0   6   5   3   1  10   5  14   2   1   0   4   5   0   3   9  0.21 0.21
  500 E    -5  -4  -5  -3  -9  -3   8  -4  -5  -6  -8  -2  -5  -8  -6  -5  -5  -8  -7  -5    1   1   0   1   0   0  91   2   0   1   0   2   0   0   0   0   1   0   0   1  2.56 1.14
  501 G     0  -3   0  -5  -5  -5  -4   5  -5  -5  -5  -5  -6  -4  -5   5  -2  -1  -6  -4    6   1   5   0   0   0   0  41   0   1   1   0   0   1   0  41   2   1   0   1  1.27 0.69
  502 G    -2   0   2  -1  -6  -1  -3   3   7  -6  -3   1  -1  -4  -5  -1   0  -6  -3  -5    3   6   8   4   0   2   1  26  26   0   2  10   2   0   0   3   5   0   0   1  0.81 0.47
  503 V     0  -5  -5  -6  -6  -6  -6  -6  -4   0  -5  -6  -2  -4   6  -2  -3  -7  -4   5    7   0   0   0   0   0   0   0   0   4   0   0   1   1  46   2   1   0   1  37  1.58 0.76
  504 H    -7  -2  -4  -5  -8  -4  -6  -7  11  -8  -5  -6  -3  -5  -8  -5  -7  -8  -1  -8    0   3   0   0   0   0   0   0  91   0   1   0   1   0   0   1   0   0   2   0  3.79 1.33
  505 S    -2  -5   1   6  -6  -4  -3   4  -1  -4  -6  -4  -6  -7  -5   2  -3  -7  -6  -5    3   0   6  45   0   0   0  26   2   1   1   0   0   0   0  14   1   0   0   1  1.20 0.60
  506 L    -4  -3  -6  -5  -5  -5  -6  -7  -6   4   4  -6   3  -2  -6  -5  -4  -6  -4   4    0   2   0   1   0   0   0   0   0  19  41   0   6   1   0   0   0   0   0  30  1.16 0.54
  507 H    -3  -2   1  -3  -5   3   2  -3   7  -2  -2  -2  -3   2  -3  -1  -1  -4   1   0    1   1   6   0   0  13  12   1  28   2   3   1   0  10   1   5   3   0   5   9  0.65 0.38
  508 S     0  -3  -1   0  -3  -2  -1  -1  -3  -2  -3   0   0  -4  -2   5   3  -5  -3  -1    7   0   1   4   0   0   2   3   0   2   1   6   2   0   1  49  16   0   0   5  0.62 0.38
  509 Y    -3  -4  -4  -5  -4  -4  -4  -3   1   2  -2  -3   0   4  -2  -4   0   2   7  -1    1   0   0   0   0   0   0   3   3  13   2   1   2  17   2   0   5   2  46   2  1.08 0.44
  510 E    -3   1  -2   1  -5   2   6  -4  -3  -5  -5   2  -4  -6  -4   0   1  -5  -4  -5    0   7   0   4   0   8  57   0   0   0   0  11   0   0   0   5   8   0   0   0  1.03 0.45
  511 K    -3   2  -3  -3  -6   1   1  -4  -3  -5  -5   7  -4  -6  -2  -2  -3  -6  -4  -5    0   8   0   0   0   3   9   0   0   0   0  77   0   0   1   1   0   0   0   0  1.48 0.52
  512 R    -1   5  -1  -1  -4   2   0  -3  -2  -4  -3   4  -3  -4  -2   0   1  -4  -3  -2    3  35   1   2   0   9   3   0   0   0   0  29   0   0   1   4  10   0   0   2  0.62 0.25
  513 L    -2  -2  -4  -1  -3  -3  -3  -4  -3   0   5  -3   0   0   1  -1  -2  -3   2  -1    1   1   0   4   0   0   0   0   0   3  67   0   0   1   8   5   1   0   9   0  0.61 0.26
  514 F    -4  -4  -4  -5  -4  -4  -4  -5  -1  -3  -2  -4  -2   6  -5  -4  -4   5   7  -3    0   0   0   0   0   0   0   0   0   0   0   0   0  45   0   0   0   7  48   0  1.61 0.36

                      K         Lambda
Standard Ungapped    0.1357     0.3185
Standard Gapped      0.0353     0.2670
PSI Ungapped         0.1152     0.3173
PSI Gapped           0.0353     0.2670
