
Last position-specific scoring matrix computed, weighted observed percentages rounded down, information per position, and relative weight of gapless real matches to pseudocounts
            A   R   N   D   C   Q   E   G   H   I   L   K   M   F   P   S   T   W   Y   V   A   R   N   D   C   Q   E   G   H   I   L   K   M   F   P   S   T   W   Y   V
    1 M    -5  -6  -7  -8  -6  -5  -6  -7  -6  -3   0  -6  11  -4  -7  -6  -5  -6  -5  -3    0   0   0   0   0   0   0   0   0   0   4   0  96   0   0   0   0   0   0   0  3.29 1.15
    2 P     1  -2  -4  -4  -5  -3  -4  -3  -5  -1  -3  -1  -1  -5   7  -1   3  -6  -5   0   11   2   0   0   0   1   0   2   0   4   1   3   1   0  46   3  18   0   0   8  1.05 0.53
    3 S    -1   3  -2  -3  -1  -2  -3  -4   2  -2  -3  -3  -4  -1  -3   4   5  -3  -4  -2    3  14   1   1   1   1   1   0   5   2   1   0   0   2   1  32  31   0   0   3  0.68 0.51
    4 R    -4   7  -2  -4  -5  -2  -3  -3   1  -6  -6   4  -3  -7  -5  -2  -2  -2  -5  -6    1  63   1   1   0   1   0   2   3   0   0  21   1   0   0   2   3   1   0   0  1.56 0.76
    5 L    -3   2  -3  -2  -4  -1  -1  -5   1  -2   3   2  -1   4  -1  -2  -2  -4  -2  -2    2  14   1   2   0   2   4   0   3   1  34  12   0  17   3   2   2   0   0   1  0.41 0.34
    6 R    -4   6  -4  -5  -7  -2  -2  -4  -2  -6  -6   6  -3  -7  -5  -1   0  -6  -5  -6    0  45   0   0   0   0   2   1   1   0   0  40   1   0   0   5   6   0   0   0  1.47 0.74
    7 K    -4   1  -2  -3  -7  -2  -2  -4  -3  -7  -7   8  -6  -7  -5  -2  -3  -7  -6  -6    1   5   2   1   0   1   2   1   1   0   0  83   0   0   0   2   1   0   0   0  1.99 0.95
    8 T    -2  -1   3  -3   0  -2  -3  -4   0   1  -3  -1  -1  -2  -4   2   5  -5  -1   1    2   3  14   0   2   1   1   1   2   7   1   4   2   1   0  13  35   0   2   9  0.52 0.44
    9 R    -4   7  -2  -5  -3   1  -3  -3   1  -5  -3   0  -3  -6  -6  -1  -1   3  -5  -3    0  62   2   0   1   6   0   2   3   0   3   4   1   0   0   5   4   4   0   2  1.35 0.74
   10 K    -5   2  -1  -5  -8  -2  -3  -5   1  -5  -5   8  -6  -7  -6  -4  -3  -8  -6  -3    0  10   2   0   0   1   0   0   4   1   1  76   0   0   0   1   1   0   0   3  1.83 0.93
   11 L    -2   0  -4  -5  -2   1  -2  -1   3  -2   3   2   3   1  -3  -3  -2  -4   3  -3    2   4   0   0   1   8   1   6   8   1  31  13   8   5   1   1   2   0   9   0  0.39 0.37
   12 R    -6   8  -5  -5  -2   1  -3  -3   1  -4  -3  -1  -5  -4  -4  -3  -5   4  -2  -7    0  70   0   1   1   5   2   2   3   1   3   2   0   1   1   2   0   6   1   0  1.76 0.90
   13 G    -1  -3  -5   0  -7  -6  -4   7  -6  -5  -7  -6  -7  -7  -6  -2  -6   2  -7  -7    6   1   0   5   0   0   1  75   0   1   0   0   0   0   0   2   0   3   0   0  1.74 0.91
   14 H    -3  -1  -1  -3  -5  -2  -3  -3   8  -4  -3  -2  -1  -2  -3   4  -1  -1   2  -5    1   3   2   1   0   2   1   1  34   1   3   3   1   2   1  26   4   1   7   0  0.96 0.66
   15 V    -2   5  -2  -5  -5  -1  -3  -1  -2   0  -2   0   1  -2  -5  -3  -1  -1  -4   3    2  32   2   0   0   3   1   5   1   6   4   6   4   1   0   1   3   1   0  23  0.49 0.45
   16 S    -2  -2   0  -4  -2  -3  -4  -4   0  -4  -4  -2  -3  -3  -5   5   4  -3   0  -2    1   2   3   0   1   1   0   1   2   1   1   3   1   1   0  44  26   0   3   2  0.85 0.68
   17 H     2  -1  -1  -4   3  -1  -4  -3   9  -4  -4  -2  -2  -3  -4  -3  -4  -1   1  -2   17   4   2   1   6   2   0   2  42   1   2   2   1   1   1   1   1   1   5   3  1.14 0.69
   18 G    -3  -3  -4  -3   3  -5  -4   7  -6  -4  -6  -4  -1  -6  -6  -1  -4  -2  -6  -5    1   2   0   2   5   0   1  71   0   1   0   1   2   0   0   5   1   1   0   1  1.54 0.84
   19 H    -3   1  -2  -3  -1   0  -4  -1   7  -5  -3   0  -3  -1  -3  -3  -2   7   4  -2    2   7   2   2   1   5   0   5  25   0   2   5   0   2   1   1   3  15  13   4  0.85 0.58
   20 G    -3  -2  -4  -2  -2  -5  -5   7  -1  -6  -5  -3  -6  -6  -2  -1  -2  -6  -6  -3    1   3   0   3   1   0   0  69   2   0   1   2   0   0   2   5   3   0   0   2  1.39 0.79
   21 R     0   4   0  -2   3   0  -2  -2   2  -3  -3   1  -2  -2  -1   0   0  -2  -3  -2    9  26   4   1   6   4   1   3   6   2   2   8   1   2   3   8   5   1   1   2  0.28 0.32
   22 I    -1  -1  -1  -3  -3  -1  -2  -2   1   3   0   1   2  -2  -2   0   1  -4  -2   1    5   3   2   1   0   3   1   2   3  24   5  10   5   1   1   6  11   0   1  11  0.15 0.24
   23 G     0   0  -2  -2   2  -1  -2   4   1  -3  -3   2  -3  -4  -2   1  -2  -1  -3  -2    6   6   1   1   5   2   2  33   3   1   2  14   0   0   2  10   1   1   1   3  0.36 0.34
   24 K    -1   2   0  -2  -5   2  -1   0  -1  -3  -3   5  -4  -5  -4  -1  -1  -5  -2  -4    5  10   4   2   0  10   2   8   1   1   2  41   0   0   0   4   3   0   1   0  0.58 0.48
   25 H    -3   2   0  -4  -2  -2  -3   0   9  -5  -4  -2  -4  -1  -3  -1  -1   1   1  -5    2   9   4   0   1   1   0   9  49   0   2   2   0   2   1   4   3   2   3   0  1.19 0.71
   26 R    -2   6  -2  -4  -1   1  -3   1   1  -3  -3   1   0  -1  -2  -2  -1   1  -3  -4    3  43   1   0   2   5   0  13   3   1   2   6   3   3   2   2   3   2   0   0  0.59 0.48
   27 K    -1   0  -1   0  -1   0   0   3   0  -5  -4   5  -1  -5  -4  -1  -3  -5  -4  -4    3   5   3   5   2   2   5  22   3   0   0  37   2   0   0   5   0   0   0   0  0.53 0.44
   28 H     0   0  -1  -2  -4  -1  -1   2   6  -4  -3   1  -1  -4  -1   2   0  -4   0  -4    8   5   2   2   0   2   2  14  23   0   2   7   2   0   3  14   4   0   2   0  0.39 0.38
   29 P    -1   0  -3  -3   0   0  -2   4   2  -1  -2  -1   0  -1   3   0  -1   1  -3  -3    4   6   0   0   2   3   2  28   5   4   4   3   3   3  16   5   3   2   0   0  0.31 0.31
   30 G    -1   1   0  -1   0   0   0   3   2  -2  -2   0  -1  -3   0   0  -1  -4  -1  -2    3   7   4   3   2   4   8  27   5   2   5   6   2   0   3   7   2   0   3   2  0.17 0.22
   31 G     0   0   1   0   2   1   0   0   2   0  -2   0   1  -3  -2   0   0  -3  -2   0    6   6   6   6   6   6   6   6   6   6   1   6   6   0   0   6   6   0   0   6  0.04 0.13
   32 R     0   0  -2   0   2   0  -2  -1   2   0  -1   0   1   0   1   0   0   3  -1   0    6   6   0   6   5   5   0   6   5   6   6   6   5   5   6   6   6   5   0   6  0.03 0.14
   33 G    -1   0   0   0   2   0   0  -1   2  -2  -1   0  -2   0   0   0   0   3   1  -1    5   5   5   5   5   5   5   5   5   0   5   5   0   5   5   5   5   5   5   5  0.04 0.12
   34 N     0   0   0   0   2   1   0   0   2  -2  -1   0   1   0  -3   0   0  -2   1  -1    6   6   5   6   5   5   6   6   5   0   6   6   5   5   0   6   6   0   5   6  0.02 0.11
   35 A     2  -1  -1  -2   0   0  -2   4   0  -2  -2  -1  -1  -1   0  -1   0   1  -1  -2   18   3   3   2   2   4   2  28   2   2   3   3   2   2   4   4   5   2   2   3  0.23 0.28
   36 G     0   0   0   0  -3   1   0   0   2   0  -1   0   1  -2  -3   0  -2   4   1   0    6   6   6   6   0   6   6   6   6   6   6   6   6   0   0   6   0   6   6   6  0.04 0.13
   37 G     2   0  -1  -2   1  -2  -2   3   0  -2  -2  -1   0  -1  -1   0   0   1  -1  -2   16   5   2   2   3   2   2  25   3   2   3   3   2   3   3   7   5   2   2   3  0.21 0.26
   38 M    -1   0   0   0   2   0   0  -1   2   0  -1   0   1   0  -3   0   0   3   1  -1    5   5   5   5   5   5   5   5   5   5   5   5   5   5   0   5   5   5   5   5  0.03 0.10
   39 H    -2   0   0   0   2   0   0  -1   2   0  -1   0   1   0   0   0   0  -3   1   0    0   5   5   5   5   5   5   5   5   5   5   5   5   5   5   5   5   0   5   5  0.01 0.10
   40 H    -1   0   0   0   2   0  -1  -1   2   0  -1   0   2   0   0  -1   0   4   1  -1    5   5   5   5   5   5   5   5   5   5   5   5   5   5   5   5   5   5   5   5  0.03 0.09
   41 H    -3   0  -1  -2   1  -1  -2   1   6  -2  -3   3   1  -1  -1  -1   0   2   1  -3    3   5   3   3   2   3   3   9  15   3   3  15   3   3   4   4   5   3   4   3  0.33 0.31
   42 R    -3   5  -2  -2   0   0  -1  -3   3  -5  -2   3  -1   0  -2  -2  -1   6   0  -5    2  27   2   3   2   3   3   3   5   0   4  14   2   5   2   2   3   9   3   0  0.55 0.49
   43 I     0  -1  -1  -1  -3   0  -1   0   3   2  -1   0   0   0  -1   0   0   3   0  -1    7   4   3   3   0   4   4   6   9  14   4   4   3   3   3   7   7   4   3   4  0.05 0.16
   44 N    -1   0   0   0  -3   0   0  -1   1   0  -1   0   1   0   0   0   0   3   1  -1    5   5   5   5   0   5   5   5   5   5   5   5   5   5   5   5   5   5   5   5  0.02 0.09
   45 F    -1   0  -2   0   2   0  -2  -1   2   0  -1   0   1   1   0   0   0   3   1   0    5   5   0   5   5   5   0   5   5   5   5   5   5   5   5   5   5   5   5   5  0.03 0.13
   46 D    -1   0   0   2   1   0   0  -1   0  -1  -1   1   1  -3   0   1   0   2  -1  -1    4   4   4  14   3   5   4   3   3   4   6   9   4   0   3  10   7   3   3   5  0.06 0.13
   47 K     0   0   0  -2  -3   1   0  -3   2   0  -1   0   1   1   1   0   0   4   1   0    6   6   5   0   0   5   6   0   5   6   6   6   5   5   6   6   6   5   5   6  0.06 0.14
   48 Y    -2  -1  -1  -3   0  -2  -3  -4   2   0  -2   1   1   0   2  -1  -1   2   6  -2    3   3   3   2   2   2   2   2   4   5   5   8   3   4   9   6   5   3  21   3  0.37 0.34
   49 H    -2   0   0  -1   0  -1  -1   0   4   0  -1   0   1  -1  -1  -1   1   2   2  -2    4   5   4   3   2   3   5   7   9   5   7   6   3   3   3   6   8   2   7   3  0.07 0.12
   50 P    -1   0   0   0  -3   0   0  -1   1   0  -1   0   1   0   0   0   0   3   1  -1    5   5   5   5   0   5   5   5   5   5   5   5   5   5   5   5   5   5   5   5  0.02 0.09
   51 G    -2   1  -1  -1   1   0   0   1   1  -1  -1   0   1  -1   0  -1  -1   4   0  -2    3   7   3   4   3   4   7  11   4   4   7   6   3   3   6   4   4   5   3   3  0.05 0.11
   52 Y    -1   1   0   0   0  -2   0  -2   2  -1  -1   0   0   1   0  -1  -1   3   3  -1    5   7   4   6   3   0   5   3   5   4   5   7   3   6   5   4   4   5  12   4  0.09 0.18
   53 F    -1   0   0   0  -3   0   0  -1   1   0  -1   0   1   0   0   0   0   3   1  -1    5   5   5   5   0   5   5   5   5   5   5   5   5   5   5   5   5   5   5   5  0.02 0.09
   54 G     0   0  -1   0   0  -1  -1   3   0  -1  -3   2  -1  -1   0  -2  -1   1  -1  -2    7   5   2   5   2   3   4  25   2   3   3  11   2   2   5   2   4   2   2   3  0.16 0.22
   55 K     0   0   0   0  -2   1   0   0   1   0  -1   0  -1   0   1   0   0  -2   1   0    6   6   5   6   0   5   6   6   5   6   6   6   0   5   6   6   6   0   5   6  0.01 0.06
   56 V    -2   0  -1  -1   0   1  -1  -1   3  -1  -1   1   0   2  -2  -1  -1   2   1   1    4   5   3   3   2   6   4   5   7   3   6   8   3   8   3   4   4   3   5   9  0.05 0.10
   57 G    -1   0   0   0   2   0  -1  -1   2   0  -1   0   2   0   0  -1   0   4   1  -1    5   5   5   5   5   5   5   5   5   5   5   5   5   5   5   5   5   5   5   5  0.03 0.09
   58 M     0   0   0  -2   2   0   0  -1   1   0  -1   0   1   0   0   0   0  -2   1   0    5   5   5   0   5   5   5   5   5   5   5   5   5   5   5   5   5   0   5   5  0.01 0.09
   59 R    -1   0   0   0   2   0   0  -1   1   0  -1   0  -2   0   0   0   0   3   1  -1    5   5   5   5   5   5   5   5   5   5   5   5   0   5   5   5   5   5   5   5  0.02 0.09
   60 H     0   0   0   0   2   0   0  -1   1   0  -1   0   1   0   0   0   0  -2   1   0    5   5   5   5   5   5   5   5   5   5   5   5   5   5   5   5   5   0   5   5  -0.00 0.06
   61 Y    -2  -1  -2  -3  -1  -4  -3  -1   1  -2  -2   0   0   5   4  -2  -2  -3   3  -1    3   3   2   2   2   0   2   5   3   2   3   6   2  25  17   3   2   0   9   4  0.46 0.43
   62 H    -2   1   0  -1   0   0  -1  -1   7  -1  -3   0  -4   1   0  -1   0  -4   0  -1    3   6   3   3   3   5   3   5  26   3   3   6   0   6   5   3   5   0   3   4  0.38 0.38
   63 L    -1   1  -1  -1   1   0  -1  -1   0  -1   0   2   0   1   1   0   0  -3   0  -1    4   6   3   3   4   3   3   4   3   4  11  14   3   6   7   5   5   0   3   3  0.02 0.11
   64 K     0   0   0  -2   2   0   0  -1   1   0  -1   0   1   0   0   0   0  -2   1   0    5   5   5   0   5   5   5   5   5   5   5   5   5   5   5   5   5   0   5   5  0.01 0.09
   65 R    -1   0   0   0   2   0  -1  -1   2   0  -1   0   2   0   0  -1   0   4   1  -1    5   5   5   5   5   5   5   5   5   5   5   5   5   5   5   5   5   5   5   5  0.03 0.09
   66 N     0   0   0   0   2   0   0  -1   1   0  -1   0   1   0   0   0   0  -2   1   0    5   5   5   5   5   5   5   5   5   5   5   5   5   5   5   5   5   0   5   5  -0.00 0.06
   67 Q    -2   0  -1  -1   1   2  -1  -1   2   0  -2   3   1  -1  -1  -1  -1   2   0  -1    4   6   3   4   3   9   5   6   5   5   4  14   3   3   4   5   4   3   4   4  0.08 0.14
   68 S    -1   1   0  -1  -1  -3   0  -2   2  -2  -3   3  -2   2  -1   1   0   0   1  -2    5   7   5   3   1   1   6   4   4   3   3  19   1   8   3  10   5   1   4   4  0.17 0.21
   69 F    -1   0   0  -1   0   0   0  -1   1   0  -2   1  -3   1   0   0   0   4   1  -1    5   6   4   3   2   3   7   5   3   5   4  10   0   7   5   5   5   6   6   4  0.06 0.13
   70 C    -2   0  -1  -2   5  -1  -1  -2   0   2  -1  -1   0  -1   0  -1   0   1   1   1    3   5   3   2  11   3   4   3   2  13   5   4   3   3   5   5   6   2   5   8  0.10 0.17
   71 P     0   0   0   0  -3   0   0   0   1   0  -1   0   1   0   0   0   0  -2   1   0    5   5   5   5   0   5   5   5   5   5   5   5   5   5   5   5   5   0   5   5  0.00 0.06
   72 T     0  -1   0  -1   1  -1  -1  -2   1   0   0   0   0   0   0   0   2   2   0   0    7   3   5   3   3   3   5   3   3   5   8   6   3   3   4   7  12   2   3   7  -0.00 0.06
   73 V     0   0   0   0   2   0   0  -1   1   0  -1   0   1   0   0   0   0  -2   1   0    5   5   5   5   5   5   5   5   5   5   5   5   5   5   5   5   5   0   5   5  -0.00 0.06
   74 N    -1   0   3   1  -4   1   0  -1   1   0  -1   0   1  -4   0   0   0  -5  -4   0    4   4  17   6   0   7   6   4   3   7   5   7   3   0   5   6   5   0   0   7  0.13 0.21
   75 L     0   0   0  -2   2   1   0   0   1   0  -1   0   1   0   1   0   0  -3  -2   0    6   6   5   0   5   5   6   6   5   6   6   6   5   5   6   6   6   0   0   6  0.01 0.09
   76 D     0   0   0   0   2   0   0   0   2   0  -1   0  -1   0  -2   0   0  -2   1   0    6   6   5   6   5   5   6   6   5   6   6   6   0   5   0   6   6   0   5   6  0.00 0.07
   77 K     0   0   0   0  -3   0   0   0   1   0  -1   0   1   0   0   0   0  -2   1   0    5   5   5   5   0   5   5   5   5   5   5   5   5   5   5   5   5   0   5   5  0.00 0.06
   78 L    -1  -1  -1  -1  -3   0  -1  -1  -2   1   2  -1   1   0   0   0   0   2   0   0    5   4   3   3   0   3   4   5   0  11  24   4   3   4   4   6   5   3   4   5  0.07 0.12
   79 W    -1   0   0   0   2   0   0  -1   2   0  -1   0   2   1   0  -1   0   4   1  -1    5   5   5   5   5   5   5   5   5   5   5   5   5   5   5   5   5   5   5   5  0.09 0.08
   80 T    -1   0   1   1  -3   0   1  -2   0  -1  -1   0   0  -1   1   1   1   0  -1  -1    4   5   6   7   0   3  12   2   2   5   7   5   3   2   6  13  10   1   2   4  0.09 0.13
   81 L    -1   0   0   0  -3   1   1  -2   1   0   1   0   1   1  -1  -1   0   2   0   0    4   5   4   4   0   6   8   3   4   5  20   6   3   5   2   5   5   3   4   4  0.06 0.10
   82 V     0   0   0   0   0  -1  -1  -1  -2   1   0  -1   1   0  -1  -1   0   2   1   1    6   6   6   4   3   3   4   5   0   9   9   4   4   4   3   4   4   3   6  13  0.03 0.06
   83 S     0   0   0   0   1   0   0   0   0   0   0   0  -1  -1   2   0   0  -3   0   0    7   4   5   5   3   3   8   6   3   6   8   6   0   3  10   9   6   0   3   5  0.06 0.06
   84 E     0   0   0   0   2   0   0   0   1   0  -1   0  -1   0   1   0   0  -2   1   0    6   6   5   6   5   5   6   6   5   6   6   6   0   5   6   6   6   0   5   6  0.03 0.06
   85 Q    -1  -1  -1   1   1   1   2  -2   1   0   1   0   1   0  -1  -1  -1   3   0  -1    4   4   3   7   3   7  15   4   3   5  11   5   3   4   3   5   3   4   4   4  0.12 0.11
   86 T    -1  -2  -1  -1  -1   0  -1   0  -1   0   0   1   0  -1  -2  -1   3   0  -1   2    4   3   3   4   1   4   4   8   2   5  10   8   3   3   2   4  15   1   3  15  0.13 0.12
   87 R    -1   4  -1  -1   0   1   0  -4   0   0   0   2  -1  -1  -1  -1  -1   2   0   0    5  17   3   3   2   5   7   2   2   5   9  12   2   3   3   4   3   3   3   6  0.19 0.16
   88 V     0   0   0   0   2   1   0   0   2   0  -1   0   1  -2   1   0   0  -3   1   0    6   6   5   6   5   5   6   6   5   6   6   6   5   0   6   6   6   0   5   6  0.04 0.08
   89 N     0   0   0   0   2   0   0  -1   1   0  -1   0   1   0   0   0   0  -2   1   0    5   5   5   5   5   5   5   5   5   5   5   5   5   5   5   5   5   0   5   5  0.03 0.05
   90 A     1   0  -1  -2   1   0   0   1   1  -1  -1   1   0   0  -1   0  -1  -3   3  -1   16   4   2   2   3   3   5   9   3   4   7   8   2   4   3   6   2   0  13   4  0.10 0.15
   91 A     0   0   0   0   2   0   0  -1   1   0  -1   0   1   0   0   0   0  -2   1   0    5   5   5   5   5   5   5   5   5   5   5   5   5   5   5   5   5   0   5   5  0.03 0.05
   92 K     0   0   0   0  -3   0   0  -1  -2  -1  -1   2   0   0   0   0   0   2   0   0    9   3   6   4   0   4   6   5   0   3   5  18   3   5   3   6   6   3   3   7  0.07 0.11
   93 N     0   0   0   0  -3   1   0   0   2   0  -1   0   1   0   1   0   0  -2   1   0    6   6   5   6   0   5   6   6   5   6   6   6   5   5   6   6   6   0   5   6  0.03 0.06
   94 K    -1   0   0   0  -4   0   1  -1   1  -1  -2   3   0  -1   1  -1   0  -4   0  -1    5   5   5   4   0   3   9   4   3   4   4  24   3   3   6   4   6   0   3   5  0.15 0.18
   95 T     0  -1   1   2   0   0   3  -1  -2  -2  -2   1   0  -4   0   1   1  -4  -1  -2    7   3   5   9   2   2  19   5   0   3   3   8   3   0   4  11  11   0   2   3  0.18 0.20
   96 G    -1   0   0   1   0  -1  -1   4  -3  -2  -1   1  -3  -1  -2  -1  -1   2  -3  -1    4   4   5   9   2   2   4  29   0   3   6   9   0   3   2   4   4   3   0   6  0.25 0.22
   97 V     0   0   0   1   0   0   0   1  -2  -1  -1   2   0  -2   0   1   0  -4  -3  -1    8   4   3   8   2   4   7  12   0   3   5  15   2   2   5   9   4   0   0   6  0.10 0.12
   98 A     2  -1  -1  -1   1  -1  -1   0  -1   0   0   1   0  -2   0  -1   0  -4  -1   1   22   3   2   3   3   2   2   6   1   4   9  10   2   2   5   4   5   0   2  14  0.10 0.15
   99 P     0   0   0   0  -3   0   0   0  -2   0  -1   0   1   1   1   0   0   3   1   0    6   6   5   6   0   5   6   6   0   6   6   6   5   5   6   6   6   5   5   6  0.06 0.08
  100 I    -1  -1   0   1  -3   0   0  -1   2   2   0  -1   1   0   0   0   0  -3   0   1    5   3   4   7   0   4   5   3   6  14   7   3   4   3   4   7   4   0   4  13  0.05 0.10
  101 I     0   0   1   0  -3   1   0   0   2   0  -1   0   1   0   1   0   0  -3  -1   0    6   6   6   6   0   6   6   6   6   6   6   6   6   6   6   6   6   0   0   6  0.04 0.07
  102 D    -1   0   1   4  -4  -2   0   1   1  -1  -2   0   0  -3   1   0  -1  -4   0  -1    4   4   6  26   0   0   4  10   4   4   4   7   3   0   7   5   4   0   4   4  0.23 0.21
  103 V     0   0  -1  -3   2   0   0  -2   2   0   1  -1   1   0  -3  -1  -1   1   1   2    6   6   3   0   5   4   8   3   5   3  13   4   3   4   0   4   2   2   5  18  0.07 0.13
  104 V    -1  -1  -1  -1   2  -1   0  -2  -1   0   1   0   0  -1   1   0   0   3  -2   2    3   3   3   2   5   3   8   3   1   4  12   6   3   3   6   8   6   4   0  17  0.07 0.12
  105 R     0   0   0   0   2   0   0  -1   2   0  -1   0  -2  -2   0   0   0   3   1  -1    5   5   5   5   5   5   5   5   5   5   5   5   0   0   5   5   5   5   5   5  0.03 0.11
  106 S    -1   0   0   0   2   0   0  -1   2   0  -1   0   2   1   0  -1   0   4   1  -1    5   5   5   5   5   5   5   5   5   5   5   5   5   5   5   5   5   5   5   5  0.09 0.08
  107 G     0   0   0   0   2  -1   0   0   2   0   0   0   1   1  -3   0   0  -2   1   0    6   6   6   6   6   0   6   6   6   6   6   6   6   6   0   6   6   0   6   6  0.03 0.08
  108 Y    -1   0   0   0   2  -2   0  -1   2   0  -1   0   1   1   0   0   0   3   1   0    5   5   5   5   5   0   5   5   5   5   5   5   5   5   5   5   5   5   5   5  0.05 0.09
  109 Y    -2  -1   0   1   1   0  -1  -1   1   0  -1   1   1   1  -1  -1   0   2   3  -1    4   3   4   7   3   4   5   6   3   5   7   7   3   6   3   5   6   3  11   5  0.11 0.10
  110 K    -1   1   0  -5  -6   0  -1  -2   1  -5  -2   6  -5  -1  -5  -1   0  -6  -5  -1    5   7   4   0   0   4   3   3   3   0   4  49   0   3   0   4   5   0   0   4  0.87 0.55
  111 V     0   1  -1   1  -2  -1  -1   0  -2   0   0   0  -1   1  -2   0   1  -2  -1   0    9   9   0   9   0   0   1   9   0   9   9   9   0   9   0   9   9   0   0   9  0.04 0.07
  112 L     0   1  -2  -3   1  -2  -2  -3  -3   1   2  -1   1  -1   0   0   0   4  -2   0    6   9   0   0   4   0   0   1   0   6  32   4   4   0   4  10   5   7   0   4  0.15 0.16
  113 G     0   0   0  -1   2   0   0   5  -3  -1  -1  -2  -3  -4  -3   0  -2  -4  -3  -3    6   6   4   4   5   4   7  44   0   4   7   0   0   0   0   8   0   0   0   0  0.45 0.26
  114 K    -1   3   0  -1  -3   1   1   0   0  -3  -2   3  -1   0  -1   0   1  -3  -1  -3    3  16   4   3   0   4   8   7   2   0   2  25   2   4   2   4  12   0   2   1  0.25 0.19
  115 G    -1  -2  -3   1  -1  -3   0   6  -4  -4  -3  -2  -4   0  -4  -1  -2  -4  -4  -1    4   2   0   7   1   0   6  58   0   0   3   2   0   4   0   4   2   0   0   4  0.85 0.43
  116 K     0   2   1   1  -2   1   1  -1   0  -2  -2   3  -1  -2  -1   1   0  -3  -2  -2    7   9   7   8   1   4   6   4   3   2   3  20   2   1   1  11   4   0   1   3  0.16 0.14
  117 L     0   0   0  -2   2  -1  -2   0   2   0   0   0   1   1   1   0   0  -2   1   0    6   6   6   0   6   0   0   6   6   6   6   6   6   6   6   6   6   0   6   6  0.05 0.11
  118 P    -1   0   0   0   2   0   0  -1   2   0  -1   0   2   1   0  -1   0   4   1  -1    5   5   5   5   5   5   5   5   5   5   5   5   5   5   5   5   5   5   5   5  0.09 0.08
  119 K     0   0   0   0   2   0   0  -1   1   0  -1   0   1   0   0   0   0  -2   1   0    5   5   5   5   5   5   5   5   5   5   5   5   5   5   5   5   5   0   5   5  0.03 0.05
  120 Q    -1   2   0  -3   2   2   0  -2   2  -1  -1   2   0   0  -1   0   0  -4   0   0    4   9   4   0   4  11   4   3   5   4   6  14   3   5   3   5   5   0   3   8  0.12 0.16
  121 P     0  -2   1  -2  -4  -1  -2  -2   0  -1   0   0   0  -2   6  -2  -1  -5   0  -2    8   2   8   2   0   2   2   3   2   3  11   6   2   2  33   3   4   0   3   3  0.51 0.38
  122 V    -2  -2  -4  -2   0  -1  -2  -5   0   2   2  -2   2   1  -3  -1  -1   1   1   3    3   2   0   2   2   3   3   0   2  13  20   2   5   7   1   4   2   2   5  22  0.30 0.26
  123 I    -2  -2  -1  -3  -4  -1  -1  -5   0   5   0   0   0   0  -5  -1   1  -5  -4   3    2   2   3   1   0   2   3   0   2  31   7   6   2   4   0   4  10   0   0  18  0.45 0.36
  124 V    -4  -5  -5  -1   0  -2  -3  -4  -1   5  -1  -3   0  -1  -5  -3  -2  -5  -4   6    0   0   0   4   2   2   2   2   2  25   4   2   2   2   0   2   2   0   0  45  0.91 0.53
  125 K    -2   0  -1  -4  -5   0  -1  -2   0   0  -3   6  -4  -5  -4   0   1  -5  -2   1    3   5   2   0   0   4   3   4   2   5   2  42   0   0   0   6   8   0   2  10  0.60 0.43
  126 A     5  -4  -3  -4   0  -1  -3  -2  -5  -1  -2  -5  -4  -5  -5   0   0  -6  -3   3   49   1   1   1   2   3   1   2   0   3   3   0   0   0   0   5   6   0   1  22  0.82 0.55
  127 K    -1   2   0   1  -5  -1   1  -2   1  -1  -1   4  -1  -3   1   0  -2  -2  -1  -3    4  11   4   9   0   2   7   3   3   3   5  28   1   1   7   5   2   1   2   1  0.33 0.29
  128 F     1   0  -1  -2  -2   0  -1  -2  -1  -2  -1   0  -1   4  -4   1  -2   1   3  -1   13   4   2   2   1   4   5   3   1   2   7   6   1  16   0  14   2   2  12   4  0.22 0.23
  129 F     3  -4  -5  -6   3  -2  -5  -5   0   1  -2  -5  -3   6  -6  -2  -3   2  -1   2   20   1   0   0   7   2   0   0   2   8   3   0   0  35   0   3   2   2   2  13  0.86 0.51
  130 S    -1  -3  -3  -5  -1  -2  -4  -4  -5  -4  -5  -5  -6  -7  -4   7   3  -7  -6  -4    4   1   1   0   1   1   1   1   0   1   1   0   0   0   1  67  18   0   0   1  1.51 0.85
  131 R     1   4  -2  -2  -5   0   3  -2   2  -5  -4   4  -2  -6   0  -1  -3  -3  -4  -4   11  20   1   2   0   3  16   2   4   0   1  28   1   0   4   4   1   1   0   1  0.61 0.43
  132 R    -1   4   0  -2  -5  -1  -1  -1  -1   0  -1   3  -2  -4  -2   2   1  -5  -4  -3    4  21   4   1   0   2   3   4   1   5   6  19   0   0   2  19   7   0   0   1  0.36 0.32
  133 A     7  -6  -4  -2  -5  -5  -5  -4  -6  -3  -3  -5  -5  -2  -5  -2  -2  -2  -6  -3   84   0   1   3   0   0   0   1   0   1   2   0   0   2   0   1   2   1   0   2  1.75 0.90
  134 E     0   2  -2  -2  -5   0   5  -3  -4   2  -3   2  -2  -5  -4  -3  -3  -6  -5   0    7  12   1   1   0   3  36   2   0  11   2  13   1   0   0   1   1   0   0   8  0.60 0.43
  135 E    -1   0  -1   0   0   1   6  -3  -4  -6  -5   3  -5  -6  -5  -2  -2  -6  -5  -5    5   4   3   3   2   5  52   2   0   0   1  17   0   0   0   3   2   0   0   1  1.01 0.60
  136 K    -3   2  -3  -5  -7  -3  -3  -6  -5  -7  -5   8  -3  -7  -5  -3  -3  -7  -6  -5    2   7   1   0   0   0   1   0   0   0   1  83   1   0   0   2   1   0   0   1  2.04 0.92
  137 I    -5  -7  -4  -7  -5  -6  -7  -7  -7   8   0  -6   1  -4  -6  -6  -3  -6  -5   3    0   0   1   0   0   0   0   0   0  72   6   0   2   0   0   0   2   0   0  16  1.80 0.75
  138 K    -2   0  -3  -3  -6  -1   4  -3  -4  -2  -2   6  -3  -6  -5  -2  -1  -6  -2  -3    3   3   1   0   0   2  29   2   0   2   4  45   1   0   0   2   5   0   2   2  0.91 0.54
  139 G     2  -1  -1   0  -3   1   4   2  -2  -4  -5   3  -4  -6  -4   1  -3  -5  -5  -4   15   2   3   4   0   4  26  17   0   1   0  17   0   0   0   8   1   0   0   1  0.52 0.37
  140 V     5  -4  -1  -5  -3  -4  -3  -3  -3  -1  -3  -3  -1  -1  -5  -1  -2   0  -4   3   55   1   4   0   0   0   1   1   1   3   2   2   1   3   0   2   1   2   0  23  0.88 0.54
  141 G    -4  -3  -2  -3  -6  -5  -5   7  -6  -7  -7  -1  -6  -7  -6  -2  -4   1  -7  -5    0   2   2   1   0   0   1  84   0   0   0   4   0   0   0   3   1   2   0   1  1.97 0.80
  142 G    -3  -2  -2  -2   0  -6  -4   8  -6  -8  -8  -5  -7  -7  -6  -3  -5  -7  -7  -7    2   2   2   2   2   0   1  87   0   0   0   0   0   0   0   2   0   0   0   0  2.11 0.82
  143 A     3  -1  -2  -1  -1   0   2  -1  -3  -1  -2   2  -3  -4  -3   0   1  -5  -4   1   26   2   1   2   1   4  15   3   0   2   3  16   0   0   0   7   7   0   0  10  0.28 0.26
  144 C     0  -5  -6  -7   8  -6  -6  -4  -6   3  -1  -6  -3  -3  -3  -3  -4   0  -3   5    9   1   0   0  30   0   0   1   0  14   3   0   0   1   1   1   0   2   1  37  1.23 0.57
  145 V    -2  -4  -4  -2  -4  -2   1  -3  -5   3   0  -2  -1  -1  -5  -3  -2  -5  -4   5    2   0   1   2   0   1  12   2   0  17   8   3   0   2   0   1   2   0   0  47  0.67 0.41
  146 L    -3  -5  -4  -6   1  -3  -5  -6  -5   1   5  -2   1  -3  -3  -4  -1  -5  -3   2    1   0   1   0   2   1   0   0   0   7  65   3   2   0   2   0   3   0   1  12  0.92 0.46
  147 V     0  -3  -4  -5   3  -2  -4  -4  -5   2   1  -3   0  -3  -2  -2   3  -5  -4   4    6   1   0   0   6   1   0   1   0  12   9   1   1   0   2   1  21   0   0  37  0.54 0.34
  148 A     6  -4  -3  -4  -3  -3  -3  -2  -4  -4  -4  -3  -3  -5  -3   2   1  -5  -4  -3   80   0   0   0   0   0   0   0   0   0   0   0   0   0   0  14   6   0   0   0  1.15 0.45

                      K         Lambda
Standard Ungapped    0.1398     0.3222
Standard Gapped      0.0346     0.2670
PSI Ungapped         0.1130     0.3173
PSI Gapped           0.0346     0.2670
