
Last position-specific scoring matrix computed, weighted observed percentages rounded down, information per position, and relative weight of gapless real matches to pseudocounts
            A   R   N   D   C   Q   E   G   H   I   L   K   M   F   P   S   T   W   Y   V   A   R   N   D   C   Q   E   G   H   I   L   K   M   F   P   S   T   W   Y   V
    1 M    -6  -7  -8  -9  -7  -6  -8  -8  -7   0   1  -7  10  -5  -8  -7  -6  -7  -6   0    0   0   0   0   0   0   0   0   0   5  10   0  77   0   0   0   0   0   0   7  3.00 1.18
    2 F    -5  -5  -6  -8  -7  -7  -8  -8  -7  -1   3  -7   4   8  -6  -6  -5  -5  -3  -1    1   0   0   0   0   0   0   0   0   4  26   0  11  53   0   0   0   0   0   3  1.85 0.82
    3 E    -5   3  -2  -1  -3   0   6  -5  -1  -7  -5   4  -4  -5  -6  -1  -3  -7  -2  -5    0  15   2   2   1   4  44   1   2   0   1  21   0   0   0   4   2   0   2   1  1.14 0.65
    4 A     4  -6  -6  -4   2  -5  -5  -3  -6   2   2  -5  -1   0  -4  -4  -3  -6  -4   2   41   0   0   1   5   0   0   2   0  12  20   0   1   4   1   0   1   0   0  11  0.80 0.50
    5 R    -2   4  -3  -3  -3   0   0  -3   0  -1  -3   4  -1  -5  -4  -1   1  -4  -4   1    2  21   0   1   1   4   5   1   2   3   1  28   1   0   1   5   9   0   1  12  0.59 0.40
    6 L    -4  -6  -6  -6  -3  -5  -6  -7  -2   3   4  -6   2   3  -5  -3   3  -3   2  -1    1   0   0   0   0   0   0   0   1  14  38   0   4  12   0   1  18   0   6   3  0.88 0.50
    7 I     0  -1   0   1  -2   0   1  -2  -1   0  -2   1  -2  -3   1   1   1  -4  -3   2    8   2   4   7   1   5  11   3   2   6   3   7   0   1   8   9   7   0   1  15  0.14 0.16
    8 Q    -4   0   3   4  -5   5   2  -4  -1  -7  -7   3  -5  -7  -4   0  -2  -7  -3  -4    1   4  12  20   0  23  13   1   1   0   0  14   0   0   1   6   2   0   1   1  0.85 0.54
    9 G     4  -5  -3  -4   0  -5  -3   3  -5  -1  -4  -3  -3  -6   1   1   0  -6  -5   1   39   0   1   1   2   0   1  19   0   4   1   1   0   0   6  11   4   0   0   8  0.71 0.48
   10 S     0   1   1   1  -3  -1   0   1  -1  -1  -2   2  -2  -2  -3   2   0  -3  -1  -2    6   8   6   9   0   2   6   9   1   3   4  13   0   2   0  20   4   0   2   3  0.21 0.21
   11 I     0  -2  -2  -1  -3  -1  -1  -4  -2   2   2  -1   1   0   0  -1   1  -2  -1   1    7   2   2   3   0   3   4   0   1  13  22   5   2   4   4   3  11   0   2  12  0.17 0.17
   12 L    -6  -7  -5  -8  -6  -7  -8  -8  -7   2   5  -5   1   6  -6  -7  -6   5  -4  -3    0   0   1   0   0   0   0   0   0  10  44   1   3  32   0   0   0   7   0   2  1.59 0.75
   13 K    -2   3  -3  -4  -2   0  -2  -5  -2  -2  -4   6  -2  -6  -5  -1  -3  -7  -2  -3    4  16   1   1   1   4   2   1   1   2   1  55   1   0   0   4   2   0   2   2  1.25 0.70
   14 K    -1   1   2   1  -2   1   0  -2  -2  -1  -4   4  -2  -4  -3   1   1  -5   1  -3    4   6   9   8   1   5   6   2   1   4   1  28   1   0   1  10   8   0   5   1  0.40 0.33
   15 V     0  -6  -6  -7   0  -6  -6  -6  -6   4   3  -6   1   0  -5  -1  -2  -3  -3   4    7   0   0   0   2   0   0   0   0  26  24   0   3   4   1   5   3   0   1  24  0.83 0.47
   16 L    -2  -7  -7  -7  -1  -6  -7  -5  -7   4   2  -5   2   4  -7  -4  -2  -5  -3   3    3   0   0   0   1   0   0   1   0  25  21   0   4  19   0   1   3   0   0  21  1.00 0.53
   17 E    -2  -1   0   4  -5   1   5  -2  -3  -6  -6   1  -4  -5  -4   1  -2  -7  -5  -6    3   2   5  24   0   6  32   3   1   0   1   9   0   0   0   9   3   0   0   0  0.84 0.54
   18 A     4  -3  -2  -5   1  -1  -4  -1  -1   0  -1  -3  -1  -4  -1   2   1  -6  -2   1   37   1   2   0   3   2   0   4   2   5   7   1   1   0   3  15   8   0   2   8  0.48 0.39
   19 L    -2  -7  -7  -7  -2  -6  -7  -6  -7   5   4  -7   3   0  -3  -5  -3  -6  -5   2    4   0   0   0   1   0   0   0   0  32  38   0   6   3   1   1   2   0   0  12  1.17 0.60
   20 K     0   1  -1  -2  -6   0  -1  -1  -1  -4  -3   5  -3  -5  -5   3  -1  -4  -4  -2    9   6   3   2   0   4   3   4   1   1   3  37   1   0   0  19   4   0   1   3  0.66 0.48
   21 D     0  -2   1   4  -2  -1   3  -1  -1  -4  -4   1  -5  -5  -1   1   0  -6  -4  -2    9   2   7  26   1   2  17   4   2   1   2   7   0   0   3   8   5   0   1   3  0.49 0.36
   22 L    -5  -5  -4  -7  -2  -5  -6  -7  -2   4   5  -4   2   2  -5  -5  -3  -2  -3   2    0   1   1   0   1   0   0   0   1  21  46   1   4   9   1   1   1   1   1  11  1.04 0.55
   23 I    -1  -5  -2  -6   1  -6  -5  -5  -6   4   2  -5  -1  -2  -6  -1   0  -6  -3   5    5   1   2   0   3   0   1   1   0  18  15   0   1   2   0   4   6   0   1  39  0.86 0.49
   24 N    -2  -2   2   5  -4   0   2  -3  -1  -5  -5   1  -6  -5  -1   0   2  -4  -4  -4    3   2  10  30   0   4  13   2   2   1   1   7   0   1   3   8  13   0   0   1  0.67 0.46
   25 E    -5  -5   0   4  -8  -3   6  -7   1  -3  -5  -2  -5  -4  -6  -2  -2  -8  -2  -3    1   0   4  23   0   1  52   0   3   2   1   2   0   1   0   3   3   0   1   2  1.37 0.77
   26 A     4  -6  -6  -6   4  -5  -5   1  -4   1  -2  -5  -2  -3  -5  -2   0  -6  -4   3   37   0   0   0   7   0   0  10   0   8   3   0   1   1   0   3   6   0   0  21  0.80 0.51
   27 C    -2   1   5  -2   3  -1  -2  -5   0  -1  -3   1  -2  -4   0  -1   2  -6  -2  -1    2   8  31   1   5   2   3   0   3   4   2   7   1   1   6   5  12   0   2   6  0.55 0.41
   28 W    -5  -8  -8  -8  -2  -5  -8  -8  -7   4   2  -8   1   7  -8  -6  -5   2  -3   1    1   0   0   0   1   1   0   0   0  21  21   0   3  41   0   0   0   3   0   7  1.53 0.73
   29 D    -3   1   1   3  -3   0   2  -4   2   0  -2   1  -1  -2  -5  -1   0  -4   0   0    1   7   6  17   1   4  15   0   6   6   3  10   2   2   0   4   5   0   3   8  0.31 0.27
   30 V    -1  -4  -7  -8   7  -7  -7  -7  -7   3   0  -5  -2   6  -6  -5  -3   0  -3   2    6   1   0   0  21   0   0   0   0  17   7   1   1  27   0   1   2   1   0  14  1.26 0.64
   31 S    -3  -2   3   3  -6  -3  -1   0  -1  -3  -3   0  -4  -4  -5   4   3  -7  -3  -5    1   3  15  15   0   1   3   7   1   1   2   5   0   1   0  26  18   0   1   0  0.67 0.50
   32 S    -1  -1   0   2  -6   0   4  -3  -3  -6  -5   2  -4  -3   3   2  -1  -7  -4  -5    5   4   4   9   0   3  26   2   0   0   1  12   0   1  14  13   4   0   0   1  0.58 0.44
   33 G    -3  -2   2   5  -7  -1   4  -2  -1  -4  -6   0  -4  -4  -6   1   1  -7  -4  -6    2   2   9  27   0   2  24   3   2   1   1   6   0   1   0  10   9   0   0   0  0.78 0.52
   34 G    -3  -3  -3  -4  -3  -3  -2   7  -1  -9  -6  -1  -5  -5  -8  -3  -6  -5  -5  -5    2   1   1   1   1   1   3  78   2   0   1   3   0   0   0   2   0   0   1   1  1.97 0.96
   35 V    -5  -8  -8  -8  -1  -7  -8  -9  -8   6   4  -8   4   2  -8  -7  -5   0  -6   1    1   0   0   0   1   0   0   0   0  40  33   0   8   7   0   0   1   1   0   9  1.46 0.72
   36 N    -2   2  -1  -2  -2   0   0  -2   2  -2  -2   2  -1   0  -5   3   1  -1   1  -1    2  12   3   2   1   4   7   2   4   2   3  14   1   5   0  20   7   1   6   4  0.29 0.29
   37 L    -2  -7  -7  -7  -2  -6  -7  -6  -7   5   4  -6   3   1  -7  -2  -2  -6  -5   2    4   0   0   0   1   0   0   1   0  28  36   0   7   6   0   3   3   0   0  12  1.07 0.57
   38 Q    -2   4  -1  -3  -2   6  -1  -5  -1   0  -1   2  -1  -4  -5  -2  -1   0  -4  -2    3  18   3   1   1  34   3   0   1   5   6  10   2   1   0   3   4   1   0   4  0.78 0.55
   39 S     5  -4  -3  -3   0  -1  -2   1  -4  -3  -4  -4   0  -3  -6   1   0  -1  -3  -1   52   1   1   1   2   2   3  11   0   2   1   1   2   1   0   9   5   1   1   5  0.86 0.58
   40 M    -3  -4  -3  -8  -3  -4  -7  -6  -7   2   1  -5   9  -1  -5  -4  -1  -7  -4   2    2   1   2   0   1   1   0   1   0  11  13   1  45   2   1   2   4   0   1  15  1.54 0.81
   41 D    -5  -7   0   8  -4  -6  -2  -3  -3  -8  -6  -6  -8  -9  -5  -2  -2  -9  -8  -8    1   0   4  81   0   0   3   2   1   0   1   0   0   0   1   3   3   0   0   0  2.48 1.17
   42 S    -1  -2   2  -1  -4  -1  -1  -2   0  -4  -4  -1  -3  -4   5   3   0  -7  -2  -4    5   2   8   4   0   2   4   3   2   1   2   4   1   1  31  22   6   0   1   1  0.72 0.52
   43 S     3  -2   1   0  -3  -5  -2  -2  -3  -4  -3  -2  -2  -3  -4   5   1  -7  -3  -5   23   2   5   5   1   0   2   2   0   1   2   2   1   1   1  42   6   0   1   1  0.82 0.60
   44 H    -4   2   3  -4  -4   2  -2  -4   8  -5  -3   2   0  -4  -5  -3  -2  -7  -3  -4    1  11  13   1   1   8   3   2  35   0   3  11   2   1   1   2   2   0   1   1  1.23 0.70
   45 V    -3  -4  -3  -6   0  -5  -6  -6  -7   4  -3  -5  -1  -1  -5  -2   1  -7  -4   6    2   1   1   0   2   1   0   1   0  18   2   1   1   3   1   4   9   0   0  53  1.26 0.70
   46 S     5  -6  -3  -4   4  -3  -5  -2  -6  -1  -2  -4   1  -4  -4   2   0  -2  -4   1   40   0   1   1   9   1   0   3   0   4   4   0   3   1   1  16   5   1   0   9  0.77 0.54
   47 L    -4  -3  -7  -8  -3  -1  -7  -5  -1   0   5  -5   7   0  -7  -5  -4  -2   0  -1    1   1   0   0   1   3   0   1   2   4  46   1  26   4   0   1   1   1   3   4  1.33 0.72
   48 V     0  -7  -7  -5   0  -6  -7  -4  -7   4   0  -6  -1   0  -6  -2  -1  -6  -2   6    6   0   0   1   2   0   0   1   0  21   8   0   1   4   0   3   4   0   1  45  1.08 0.60
   49 Q    -1  -3   0   4  -2  -1   2  -3   3  -1  -3  -1   1  -2  -5   2  -2  -3   0  -1    5   1   4  23   1   3  13   2   7   4   3   3   3   1   0  18   2   0   3   4  0.43 0.36
   50 L    -1  -6  -6  -4  -1  -3  -5  -5  -6   3   4  -6   3   3  -6  -5  -3  -1  -1   2    4   0   0   1   1   1   1   1   0  13  38   0   6  12   0   1   1   1   2  15  0.85 0.49
   51 T    -2   1   1   1  -1   0   1  -3   1  -2   0   2   1   2  -4   0   0  -2   0  -2    2   7   7   6   1   3  10   1   4   2  10  13   3   8   0   9   7   0   3   3  0.14 0.17
   52 L    -3  -3  -7  -7  -1  -4  -7  -7  -7   4   5  -6   3   1  -7  -4  -5   1  -2   0    3   2   0   0   1   1   0   0   0  19  50   0   8   6   0   2   0   2   2   5  1.18 0.64
   53 R    -2   1   0   1  -2  -1   0  -1   0  -4  -3   1  -2  -3   5   1  -2  -6  -2  -4    3   7   4   8   1   3   7   4   2   1   3   9   1   1  29  11   3   0   1   1  0.55 0.43
   54 S     2   1   0   0  -1  -2  -1  -2  -2  -4  -4   3  -2  -2   1   3  -1  -2  -3  -1   19   7   5   5   1   2   3   2   1   1   1  16   1   2   6  20   3   1   1   4  0.35 0.34
   55 E     0  -1   0   3   0   0   3  -1  -1  -3  -3   0  -2  -5  -1   2   0  -2  -3  -2    6   2   3  18   2   3  20   6   1   1   3   5   1   0   2  15   6   1   1   4  0.35 0.32
   56 G     3  -3   0  -1  -1  -3  -2   2  -1  -2  -2  -2   0   0  -4   1  -2   4   1   0   25   1   5   3   2   1   2  13   1   2   4   3   2   4   0  10   2   6   5   7  0.32 0.29
   57 F    -3  -7  -3  -4   0  -7  -4  -7  -1  -2  -2  -7  -1   9  -3  -4  -7   0  -1  -3    2   0   1   2   2   0   2   0   1   2   3   0   2  73   2   1   0   1   2   2  2.30 1.05
   58 D    -1  -2  -1   3  -1   1   4  -3   1  -3  -2   0  -1  -1  -3   1   1  -6  -2  -2    4   2   2  16   1   5  27   2   4   2   4   4   1   3   1   9   8   0   1   3  0.46 0.38
   59 T    -2  -1   0  -1  -1   1   4  -2   2  -2  -3   0  -1   0  -1   1   1  -5   0  -1    3   3   5   3   1   6  23   3   6   2   3   6   2   4   3  12   9   0   3   4  0.28 0.28
   60 Y    -3  -8  -2  -8   1  -8  -2  -4   0  -2  -3  -2  -1   5  -8  -4  -3   1   8  -1    3   0   2   0   3   0   4   2   2   2   3   3   2  19   0   2   2   2  45   4  1.68 0.83
   61 R    -3   1   1   2   3   0   3  -4   2   0  -3   1  -1  -1  -2  -1   0   0   0  -1    3   7   6  10   5   4  19   2   4   5   3   8   1   3   3   4   5   1   4   5  0.27 0.21
   62 C     0  -3  -2  -2   7  -2  -1  -2  -1   0  -1  -4   0   1  -2  -1  -1   2   1   3    7   2   2   2  22   2   4   3   2   5   6   2   2   5   3   5   4   2   4  15  0.62 0.35
   63 D    -1  -3   1   5   0  -2   1  -2   2  -3  -4   1  -1  -2  -1   0   1  -7  -2  -2    5   2   5  27   2   2  10   4   4   2   2   8   1   2   4   7   8   0   2   4  0.48 0.33
   64 R     0   0   0   0   2   0   0  -1   1   0  -1   0   1   0   0   0   0  -2   1   0    5   5   5   5   5   5   5   5   5   5   5   5   5   5   5   5   5   0   5   5  0.03 0.05
   65 N    -3  -3   3   1  -3   0   4  -1   1  -5  -5   0   0  -5   3   0  -1   0  -4  -3    2   1  13   9   1   4  23   5   3   1   1   6   2   1  13   8   4   1   1   2  0.55 0.41
   66 L    -2  -1  -3   0   0   0  -1  -3   0   3   1  -2   2   1  -2  -3   1   0   0   2    4   4   1   5   2   4   4   3   2  16  12   2   5   6   2   2   9   1   3  13  0.23 0.14
   67 A    -1   0   1  -1  -1  -1   0  -4  -2   0  -3   1   0  -3  -1   3   3  -2   0   1    5   5   6   3   1   3   6   1   1   5   3   8   2   1   3  19  15   1   3   9  0.27 0.24
   68 M    -2  -8  -3  -3  -1  -8  -9  -3  -2   5   3  -8   3   4  -9  -5  -3  -1  -2   2    4   0   2   2   1   0   0   2   1  25  24   0   7  13   0   1   2   1   2  12  0.96 0.48
   69 G    -2   0  -3  -5   3  -5  -6   6  -3  -4  -6  -3  -3  -4  -3   1  -1  -2  -3  -1    4   5   1   1   5   1   1  54   1   1   1   2   1   1   2   9   4   1   1   5  1.19 0.66
   70 V    -4  -5  -8  -5   0  -3  -8  -9  -1   5   2  -5   4   0  -8  -5  -3  -1  -8   4    2   1   0   1   2   2   0   0   2  30  19   1   8   4   0   1   2   1   0  24  1.18 0.57
   71 N     0   0   0   0   2   0   0  -1   1   0  -1   0   1   0   0   0   0  -2   1   0    5   5   5   5   5   5   5   5   5   5   5   5   5   5   5   5   5   0   5   5  0.03 0.05
   72 L     0   0  -1   0   2  -1  -1   0   2   0   0   0   1   0   1   0   0  -3  -1   0    7   7   0   7   6   0   0   7   6   7   7   7   6   6   7   7   7   0   0   7  0.04 0.10
   73 T     0  -2   2   3  -1   1   2  -1   0  -2  -3   1   1  -1  -2   0   0   0  -1  -2    7   2   8  13   1   6  11   6   2   3   3   8   4   3   2   8   6   2   2   3  0.17 0.14
   74 S    -2   0   2   1   1   1   1  -2   1   0  -2   0   0   0   1   0   0   2   0  -2    3   5   9   8   3   7   8   3   3   5   4   7   3   4   6   8   5   2   3   3  0.09 0.11
   75 M     0  -2   1   0   3  -2  -2  -2  -2   1   0  -2   2   1  -3   0   0   4   2   0    8   0   7   8   7   0   0   1   0   8   8   0   7   7   0   8   8   7   7   8  0.15 0.15
   76 S     0   0   1   0  -1   0  -1  -1   2  -1   0   1   0   0  -3   1   0  -3   1   0    8   4   8   5   2   4   3   3   5   3  11   9   2   4   0  14   6   0   6   5  0.07 0.12
   77 K    -3   1   1   1  -6   0   0  -3  -5  -6  -4   6  -2  -3  -5  -1  -1  -6  -6  -3    2   5   7   8   0   4   6   2   0   0   2  52   1   1   0   3   4   0   0   2  1.02 0.64
   78 I    -1  -4  -4  -4   1  -3  -6  -6  -2   5   1  -4   2   1  -4  -3   0  -5  -1   4    6   1   1   1   2   1   0   0   1  33  10   1   4   5   1   2   5   0   2  24  0.75 0.47
   79 L    -3  -6  -3  -4  -1  -3  -3  -5  -3   2   5  -6   3   1  -3  -3  -3  -6  -3   1    2   0   1   1   2   1   2   1   1  11  53   0   8   5   1   2   2   0   1   7  0.96 0.58
   80 K    -1   3   1   0  -6   0  -2   0   0  -3  -6   5  -2  -4  -1   1  -3  -6  -3  -4    4  13   6   5   0   3   2   6   2   2   0  38   1   1   4  10   2   0   1   1  0.70 0.52
   81 C    -1   4  -1  -2   6  -1  -4  -3  -1  -1   0   0   2   0  -3   0   1  -1  -1  -1    5  21   4   2  16   2   0   2   2   4   8   5   4   3   1   6   9   1   2   4  0.42 0.35
   82 A     4  -2  -3  -3   3  -4  -3  -1  -2   1  -1  -2   2   0  -3  -1  -1   0   0   1   34   3   1   1   5   0   1   5   1   8   6   2   6   4   1   4   3   1   3  10  0.38 0.35
   83 G    -1   1   1   2  -2   1   0   1   0  -3  -4   3  -2  -2  -2   0   1  -5  -3  -2    4   7   7  12   1   5   6  13   2   1   1  17   1   2   2   8   8   0   1   2  0.26 0.26
   84 N     0   0   3   2  -1  -1   0  -1  -1  -3  -4   3  -1  -3   2   1  -1  -6  -3  -3    6   5  15  10   1   2   6   5   2   1   2  19   1   1   9   9   3   0   1   2  0.34 0.32
   85 E    -2  -1   3   4  -2  -1   1   2   1  -3  -6   1  -2  -3  -2   0  -1  -6  -2  -4    2   3  14  25   1   2   8  14   3   2   0   8   1   1   2   7   4   0   2   1  0.52 0.40
   86 D    -4  -3  -1   7  -2   1   2  -2   1  -4  -5  -3  -6  -4  -3   0  -3  -7  -2  -4    2   1   3  52   1   6  12   3   3   1   1   1   0   1   1   7   2   0   2   1  1.21 0.75
   87 I    -1   0   0   0   2   0   0  -1   2   0  -1   0   2   1   0  -1   0   4   1  -1    5   5   5   5   5   5   5   5   5   5   5   5   5   5   5   5   5   5   5   5  0.09 0.08
   88 I    -3  -3  -9  -9   2  -3  -3  -5  -9   4   3  -5   2   0  -9  -3  -3  -1  -3   4    3   2   0   0   4   2   2   1   0  19  27   1   5   3   0   3   2   1   1  23  0.92 0.48
   89 T    -2  -1  -1  -2   0  -1   3  -2   0   2  -3   0   0  -1  -7   0   4   1  -2   0    3   3   3   2   2   2  15   4   3   9   3   5   2   3   0   7  23   2   1   8  0.40 0.31
   90 L    -4  -9  -3  -4  -2  -3  -4  -9  -9   5   4  -4   5   2  -9  -4  -3   0  -8  -1    2   0   2   1   1   2   2   0   0  25  36   1  10   7   0   2   2   1   0   4  1.17 0.59
   91 R    -2   2  -2  -1  -2   0   2  -3   1  -1  -2   3   1   1  -6   1   0  -1   1  -2    4  12   2   4   1   4  14   2   3   4   4  15   3   5   0   9   6   1   5   3  0.30 0.24
   92 A     2  -2  -3  -2   0  -2  -3  -2   2   1   1  -2   2   1  -3  -1  -1   1   3   1   15   3   2   3   2   2   2   3   4   8  14   3   4   6   1   6   4   2   9   8  0.21 0.15
   93 E    -2  -1   1   4   1   1   2  -2   1  -1  -3  -1   0  -1  -1  -1  -1   2   0  -2    3   3   6  21   3   5  14   4   3   3   3   4   3   3   4   5   3   3   4   4  0.31 0.25
   94 D    -2  -1   1   4   1  -1   3  -1   1  -2  -3  -1   0   0   0  -1  -2   2  -1  -2    4   4   7  20   3   3  16   4   3   3   3   5   3   4   5   4   3   2   3   3  0.33 0.26
   95 N    -1  -1   3   3   0  -2   2   1   0  -3  -4  -1  -7  -3  -2   0   0  -8  -2  -4    5   3  15  17   2   2  14  12   2   2   2   5   0   2   2   8   5   0   2   2  0.44 0.33
   96 A     0   0   0   0   2   0   0  -1   1   0  -1   0   1   0   0   0   0  -2   1   0    5   5   5   5   5   5   5   5   5   5   5   5   5   5   5   5   5   0   5   5  0.03 0.05
   97 D    -1   0   2   3   0   0   0  -1   1  -1   0  -1   1   0  -1   0  -1  -3   0  -1    5   6  10  18   3   4   6   5   3   4   8   3   4   4   3   5   3   0   4   4  0.11 0.14
   98 T    -1   2   0  -1   0   0   0  -2   2  -1  -2   2  -1   0  -1   0   1   0   1   0    4  13   5   3   2   3   6   3   5   3   4  14   2   4   3   5  10   1   4   7  0.13 0.16
   99 L     0   0   0   0   2   0  -2   0   2   0   0   0   1   1  -3  -2   0   4   1   0    6   6   6   6   6   6   0   6   6   6   6   6   6   6   0   0   6   6   6   6  0.08 0.14
  100 A    -1   0   0  -1   1   0  -1  -1   2   1  -1   1   3   1  -1   0   0   2   0  -1    5   4   6   3   3   3   4   4   5   9   6  10   7   7   3   6   6   2   3   4  0.11 0.09
  101 L    -1  -1  -1  -1   1  -1  -1  -2   2   2   1  -1   1   2  -1  -1  -1  -3   0   1    4   3   3   3   3   3   3   3   5  16  13   4   4  11   3   3   3   0   3   9  0.11 0.14
  102 V     0   0   0   0   2   0   0  -1   1   0  -1   0   1   0   0   0   0  -2   1   0    5   5   5   5   5   5   5   5   5   5   5   5   5   5   5   5   5   0   5   5  0.03 0.05
  103 F    -2  -1  -1  -1   2  -1  -2  -1   1   2   0  -2   2   4  -1  -1  -1   2   1   0    4   3   4   3   4   3   3   5   3  10  10   3   5  18   3   4   4   3   4   5  0.26 0.16
  104 E    -1   0   0   0   0   0   2  -1   1   0  -1   1   0  -1  -1   0   1  -3   0   0    4   3   4   4   3   4  17   5   4   8   4   7   3   3   3   5   8   0   3   6  0.07 0.12
  105 A    -1   0   2   1   1   0  -1   2   1  -1  -2  -1   0  -1  -1   1   0  -4   0  -1    4   4  13   8   3   3   3  16   3   5   3   4   3   3   3  10   4   0   3   3  0.12 0.15
  106 P     0   0   0   0   2   0   0  -1   1   0  -1   0   1   0   0   0   0  -2   1   0    5   5   5   5   5   5   5   5   5   5   5   5   5   5   5   5   5   0   5   5  0.03 0.05
  107 N    -1   1   2   1  -2   0   2   0   0  -1  -2   2  -3  -2  -1   0   0  -1  -1  -1    5   8  10   9   1   3  11   8   2   4   3  12   0   2   2   7   5   1   3   5  0.14 0.15
  108 Q    -1   1   0   0  -1   2   1   0   0  -1  -2   1   0  -2  -1   1   1   0   0  -2    3   7   5   4   1   9   8   8   2   5   4  10   3   2   2   9  11   1   3   3  0.11 0.13
  109 E    -1   1   1   2  -1  -1   0   1   0  -2  -2   1   0  -1  -1   0   0  -4  -1  -2    5   8   7  12   1   2   6  11   3   3   4  11   2   3   4   8   7   0   2   3  0.12 0.13
  110 K    -2   4  -1  -1   0   0   0  -3  -1  -1  -2   3   1  -1  -2   0   1   0   1  -1    3  20   3   3   2   3   6   2   1   5   4  16   4   3   2   6   7   1   5   5  0.27 0.24
  111 V    -1   0   1  -1   0   0   0  -2   0   2  -1   1   0   1  -1   0   2  -3   1   1    4   4   6   3   2   3   5   3   2  13   4   8   3   6   3   5  12   0   5   9  0.07 0.11
  112 S    -1   2  -1   0   1   0  -1  -2   1   0  -1   1   1   0  -1   1   0   2   0   0    6  11   3   6   3   3   4   3   4   5   6   8   3   4   3   9   7   3   3   6  0.07 0.07
  113 D    -1   0   0   0   2   0   0  -3   2   0  -1   0   1   1   0   0   0   3   1   0    5   5   5   5   5   5   5   0   5   5   5   5   5   5   5   5   5   5   5   5  0.08 0.12
  114 Y    -3  -2  -2  -2  -1  -2  -4  -4  -1   0  -2  -3   2   6  -3  -1  -2   1   5  -2    3   3   2   3   1   2   1   2   1   5   5   2   4  33   2   6   3   2  16   3  0.95 0.54
  115 E    -1   0   0   1  -2   0   2  -2  -1   0  -1   2  -1   0  -1   0   2  -6   0  -1    5   5   4   7   1   3  12   3   2   5   8  11   2   4   3   8  12   0   3   4  0.12 0.13
  116 M    -2  -2  -2  -3   1  -1  -3  -3  -7   2   4  -2   4   1  -2  -3  -2   2   0   1    4   2   2   2   3   3   2   2   0  10  31   3   8   5   3   2   3   3   3   8  0.48 0.29
  117 K    -1   0   2   0   1   0  -1  -2   1   0  -2   2   1   0   3   0  -1   2   0  -2    5   5   8   5   3   4   4   3   3   6   4  10   3   3  13   7   4   3   3   3  0.15 0.15
  118 L    -1   0   0   0   2   0   0  -1   2   0  -1   0   2   1   0  -1   0   4   1  -1    5   5   5   5   5   5   5   5   5   5   5   5   5   5   5   5   5   5   5   5  0.09 0.08
  119 M    -2  -1  -1  -1   1   0  -1  -2   1   1   1  -1   5   0   0   0   1   2   0  -1    4   3   3   4   3   4   3   4   3   8  11   4  13   4   5   8   7   2   3   4  0.20 0.16
  120 D     0   0   0   0   2   0   0   0   1   0  -1   0   1   0   1   0   0  -3  -1   0    6   6   5   6   5   5   6   6   5   6   6   6   5   5   6   6   6   0   0   6  0.03 0.07
  121 L    -1  -1  -1  -1  -3  -2   0  -1  -3   2   1  -1   1   0   1   0   0  -3  -1   1    5   3   3   3   0   0   6   4   0  18  12   3   3   3   7   7   7   0   2  12  0.11 0.15
  122 D     0   0   0   0  -3   1   0   0   2   0  -1   0   1  -2   0   0   0   3   1   0    6   6   5   6   0   5   6   6   5   6   6   6   5   0   6   6   6   5   5   6  0.07 0.10
  123 V     0  -1   1   0   0   1   2  -1   1   0  -3  -1   0  -3  -1   2   1   0   0   0    7   3   7   6   2   6  13   5   3   5   3   4   2   1   4  13   7   1   4   6  0.12 0.14
  124 E    -3  -1  -2   2  -2   0   5  -2  -1  -2  -5   1  -1  -3   1  -1  -1  -8  -2  -3    3   3   2  12   1   5  34   4   1   3   1   8   2   1   8   4   5   0   2   2  0.67 0.49
  125 Q    -3   1  -1   3  -1   1   3  -5   4  -1  -2   0  -2  -3   0   0  -1  -1  -1  -1    2   6   3  13   1   5  20   1   8   3   4   5   1   1   6   6   4   1   2   5  0.36 0.29
  126 L    -2   0  -1  -2   1   0  -2  -3   0   1   2  -2   3   1   1  -1   0   2   2  -1    3   5   3   3   3   4   3   3   3   8  18   3   6   5   8   4   5   3   6   5  0.17 0.14
  127 G    -1   0   0   0   2   0   0  -1   2   0  -1   0   2   1   0  -1   0   4   1  -1    5   5   5   5   5   5   5   5   5   5   5   5   5   5   5   5   5   5   5   5  0.09 0.08
  128 I    -2  -1  -1   0   1  -1   0  -2  -6   4  -1  -1   2   0   0  -1   0  -6   0   1    3   4   3   6   3   3   6   3   0  21   6   4   4   4   5   6   5   0   3  10  0.24 0.17
  129 P     0   0   0   0  -2   1   0   0   1   0  -1   0   1   0   1   0   0  -2   1   0    6   6   5   6   0   5   6   6   5   6   6   6   5   5   6   6   6   0   5   6  0.03 0.06
  130 E    -2   0   1   3   0   1   2  -1   1  -1  -2   1   0  -2   0  -1   0  -5  -1  -1    3   4   6  17   2   6  15   4   3   3   4   8   2   2   5   4   5   0   3   4  0.21 0.21
  131 Q    -1  -1  -1   0   1  -1  -1  -2  -1   1   1  -1   2   1   0  -1   1   1  -1   1    4   2   2   6   3   3   3   3   2  10  17   3   6   6   4   4   8   2   2   9  0.07 0.10
  132 E    -2  -2   0   4  -6   1   4  -2  -1  -1  -3   0  -1  -2  -1  -1   0  -1  -2  -3    3   2   4  19   0   6  28   4   1   3   2   6   2   2   4   4   5   1   2   2  0.50 0.41
  133 Y    -1   0   0   0   2   0   0  -1   2   0  -1   0   2   1   0  -1   0   4   1  -1    5   5   5   5   5   5   5   5   5   5   5   5   5   5   5   5   5   5   5   5  0.09 0.08
  134 S    -1  -2   1   3   0   1   0  -1   2  -3  -3   0  -1  -2   2   1   1  -5  -1  -2    5   2   6  16   2   5   6   4   5   1   2   6   1   2  11  11   9   0   2   3  0.26 0.25
  135 C     4  -2   0  -2   4  -2  -3  -2  -1  -1  -3  -2  -1  -1  -2   0   0  -5  -1   2   32   2   5   2   7   2   1   3   2   3   3   2   2   2   3   7   6   0   2  14  0.41 0.34
  136 V    -2   1  -1   0  -1   0   1  -3  -1   1  -2   1   0  -1   0   0   1   0  -1   1    2   8   3   5   2   3  10   2   2  10   3  11   2   3   4   8  11   1   2  10  0.11 0.15
  137 I     0   0  -2  -3   2   0  -2   0  -2   0   0   0   1   1   1   0   0   4   1   0    6   6   0   0   6   6   0   6   0   6   6   6   6   6   6   6   6   6   6   6  0.10 0.14
  138 K     0   1   0   0   0   0   0  -1   0   0  -1   1   0  -1  -1   0   1  -3   0   0    7   8   4   6   3   3   6   3   3   8   3  11   3   3   3   8   9   0   3   6  0.03 0.07
  139 M     0  -1  -1   0  -2   1   0   0  -2   0   0   0   1   1   1   0   0  -2   1   0    7   0   0   7   0   7   7   7   0   7   7   7   6   6   7   7   7   0   6   7  0.05 0.09
  140 P     0  -1   1   1  -4  -1   0  -1   0  -2  -1   0   0  -1   4   1   0   1  -1  -2    6   3   7   9   0   2   6   4   2   3   6   6   3   2  20  10   5   2   2   3  0.25 0.23
  141 S     1  -1  -1  -4   1  -1  -1   0  -4  -2  -2  -1   0  -2   0   4   1  -5  -1  -1   12   3   2   0   2   3   3   7   0   3   3   4   2   2   5  34   8   0   2   4  0.41 0.39
  142 G     1  -1   1   3   0   0   1   0   0  -2  -2   0  -1  -2  -1   1   0   0  -1  -2   10   4   6  15   2   4   7   7   2   2   3   7   2   2   3  12   7   2   2   3  0.14 0.16
  143 E     0   0  -1   1  -1   0   3  -2   1   0  -1  -1  -1   0  -1  -1  -1  -1  -2   0    8   6   3   8   1   4  21   3   3   4   6   4   2   4   2   5   4   1   1   8  0.14 0.16
  144 F     0  -2   0  -2   3  -2   0  -3  -2   0   0  -2   2   1   1   0   0   4   1   0    7   0   7   0   7   0   7   0   0   7   7   0   7   7   7   7   7   7   7   7  0.14 0.15
  145 A     1   1   0   0   0   1   0  -1   0  -2  -2   2   0  -1  -1   0   0  -4   0  -1   14   9   3   4   2   8   4   4   3   2   4  16   3   2   2   7   4   0   4   4  0.13 0.15
  146 R    -1   3   0   2   0   1   2  -1   1  -2  -2   2  -1  -2  -3  -1  -1   2  -1  -1    4  17   4  11   2   5  12   4   3   3   3  11   2   2   0   5   3   3   2   4  0.22 0.20
  147 I     2  -4  -2  -2   0  -3  -1   0  -1   4   0  -2   2   0  -1  -1   0  -4   0   1   17   0   2   2   2   0   4   6   2  24   9   2   5   3   3   4   5   0   3   7  0.23 0.21
  148 C    -1  -2  -3  -5   6  -4  -2  -3  -2   4   1  -2   2  -1  -2  -3  -2   2  -2   2    4   2   1   0  17   0   2   2   1  21  12   3   5   3   2   2   2   3   1  16  0.57 0.37
  149 R    -1   2   1   0   1   0   1  -1   1  -1  -2   3   0  -1  -3   0  -1   2   0  -2    5   9   6   6   3   4   8   4   3   3   4  20   3   3   0   7   4   3   3   3  0.16 0.19
  150 D    -1   1   0   4   0   0   1  -2   1   0  -1  -1   0  -1  -4  -1  -1   2   0  -1    6   7   5  25   3   5   7   3   4   6   5   3   3   3   0   4   3   3   3   3  0.23 0.23
  151 L     0   0   0  -2   2   1   0   0   2   0   0  -1   1   1  -3   0   0  -2   1   0    6   6   6   0   6   6   6   6   6   6   6   0   6   6   0   6   6   0   6   6  0.05 0.11
  152 S     0   0   0   1   1   1   1   0   0  -1  -1   0   0   0  -1   0   0  -3   1  -1    9   4   4   7   3   7   9   6   3   3   6   7   3   4   3   9   5   0   6   3  0.05 0.07
  153 H     0   0   0   0   2   0   0  -1   1   0  -1   0   1   0   0   0   0  -2   1   0    5   5   5   5   5   5   5   5   5   5   5   5   5   5   5   5   5   0   5   5  0.03 0.05
  154 I    -1  -1   0  -1   1  -1  -2  -2   1   3   1  -2   2   3  -4  -2  -1   1   1   2    3   4   4   4   3   2   2   3   4  17  11   2   5  12   0   3   3   2   4  12  0.18 0.18
  155 G     0  -1   0   0   0  -1  -1   4   1  -5  -3  -2  -4  -1  -4   3   0   2  -1  -2    7   3   5   5   2   2   4  27   3   0   2   2   0   3   0  24   4   2   3   2  0.44 0.38
  156 D    -2  -1   1   5  -6   0   3  -1   1  -2  -6  -1  -1  -6  -2  -1  -1  -6  -5  -2    3   3   7  36   0   3  19   4   3   2   0   3   2   0   2   4   4   0   0   3  0.75 0.49
  157 A     0  -1   1   0   0  -1   0  -2   3   0  -2   0   0   0  -2   1   2   0   2  -1    6   3   6   5   2   2   8   2   8   7   3   6   2   4   2  12  12   2   6   5  0.12 0.15
  158 V     0   0  -1   0   2  -1   0   0   1   0   0   0   1   1  -2   0   0  -2   1   0    6   6   0   6   6   0   6   6   6   6   6   6   6   6   0   6   6   0   6   6  -0.00 0.10
  159 V    -1   0  -1  -1   0   0  -1  -1   1   2  -1   0   1   0  -3  -1   1   1   1   1    4   5   3   3   2   3   4   4   4  14   4   4   5   5   0   4  11   2   4  14  0.07 0.13
  160 I    -2  -1  -2  -2  -4  -2  -2  -2  -4   4   1  -4   1   3  -1  -2  -1   3   0   1    3   3   2   2   0   2   3   3   0  32  11   0   3  11   3   2   4   4   3   8  0.39 0.31
  161 S    -1   0   0   0   2   0   0  -1   2   0  -1   0   1   0  -3   0   0   3   1   0    5   5   5   5   5   5   5   5   5   5   5   5   5   5   0   5   5   5   5   5  0.06 0.10
  162 C     1  -1  -1  -1   4  -1  -1  -1   0   1  -1  -1   1   0  -1   0   0  -3   0   2   14   3   3   3  10   3   3   3   3   7   5   3   3   4   3   6   5   0   4  15  0.12 0.15
  163 A    -1  -1   0   2   0   0   1  -2   1  -1  -2   0  -1  -2  -1   1   2   1  -1  -1    6   3   5  12   2   3   9   3   3   3   3   7   2   2   2   9  16   2   2   5  0.15 0.19
  164 K    -1  -1   1   2  -5   0   2   1  -1  -5  -3   3  -1  -2   1   0  -1   0  -2  -2    4   2   8  10   0   4  13   9   2   0   2  21   2   2   7   6   4   2   1   3  0.31 0.29
  165 N     0   0   0   0  -2   1   0   0   1   0  -1   0   1   0   1   0   0  -2   1   0    6   6   5   6   0   5   6   6   5   6   6   6   5   5   6   6   6   0   5   6  0.03 0.06
  166 G    -1   0   0   1   0   1   1   2   1  -2  -1   1  -1  -1  -1   1   0  -3   0  -1    4   4   5   6   2   5  11  15   3   2   5   7   2   3   3  10   5   0   4   3  0.09 0.12
  167 V     0   0   0   0   2   0   0  -1  -2   0  -1   0   1   0   0   0   0   3   1   0    5   5   5   5   5   5   5   5   0   5   5   5   5   5   5   5   5   5   5   5  0.05 0.08
  168 K    -1   1  -1   0   1   0   1  -1   1   0   0   1   0   0  -3   0   1   2   1   0    4   8   3   4   3   5   8   3   3   4   8  12   3   3   0   5   8   3   6   7  0.06 0.10
  169 F    -3  -3  -6  -6   0  -2  -3  -3  -5   2   2  -1   4   6  -6  -5  -2   1   0   1    3   2   0   0   2   2   2   2   0  10  18   4  10  30   0   0   2   2   3   8  0.80 0.47
  170 S    -1   0   0  -1  -1  -1   0  -2   1   1  -1   1  -1   0  -1   2   1   0   1   0    4   5   4   3   1   2   7   2   4   7   5   8   2   4   3  20   8   1   5   5  0.11 0.16
  171 A     0   0   0   0   2   0   0  -1   1   0  -1   0   1   0   0   0   0  -2   1   0    5   5   5   5   5   5   5   5   5   5   5   5   5   5   5   5   5   0   5   5  0.03 0.05
  172 S    -2  -1   1   0   1   0   2   0   1  -1  -2   1   0   0  -2   1   0   2   0  -2    3   4   7   5   3   4  14   8   3   3   4   8   3   4   3  10   6   2   3   3  0.12 0.13
  173 G     0  -2   0   1   1  -1   0   4   0  -2  -3  -2  -1  -2  -1   1  -2  -5  -1  -2    8   3   4   7   3   3   5  33   3   2   3   2   2   2   3   9   2   0   2   3  0.36 0.32
  174 E    -2  -1   0   5  -7   0   3  -2   1  -1  -3  -1   1   0  -1  -1  -1  -7   0  -2    4   4   4  24   0   4  18   4   3   4   3   4   3   3   3   5   4   0   3   3  0.46 0.33
  175 L    -1  -1   1   0   1   0   0   0   1   0  -1   0   1   0  -1   0   0   2   0  -1    4   3   8   6   3   5   6   9   3   6   7   5   4   4   3   8   6   2   3   4  0.04 0.04
  176 G     0   0   0   1   1  -1  -1   4   0  -2  -2  -1   1  -2  -2   0  -1  -5  -4  -2    7   5   3   9   3   2   4  31   2   3   3   4   4   2   2   8   4   0   0   3  0.32 0.28
  177 N    -1   0   1   1   0   0   2  -1   0  -1  -2   2  -1  -1  -2   1   1  -4   0  -1    4   5   6   7   3   3  12   5   2   4   2  11   2   2   2  12   9   0   3   5  0.13 0.16
  178 G     1   0  -1   0   1   0  -1   1  -1   0  -1   0   2  -1  -2   0   0  -1   2   0   14   4   2   5   3   3   3  11   1   4   5   5   7   3   1   7   5   1   7   8  0.07 0.11
  179 N     0   0   0   0   2   0   0   0   1   0  -1   0   1   0  -2   0   0  -2   1   0    6   6   5   6   5   5   6   6   5   6   6   6   5   5   0   6   6   0   5   6  0.03 0.07
  180 I    -1  -1  -1  -1   1  -1  -1  -2   0   3   0  -1   2   0  -1  -1   0   2   0   2    6   3   3   3   3   3   5   3   3  15   8   3   6   4   3   5   6   3   3  14  0.16 0.11
  181 K    -2   0  -1  -1   0  -1   2  -2   1   1  -2   1   0   0  -3  -1   2   1  -1   1    4   6   4   4   2   3  13   3   3   7   4   8   3   4   2   5  12   2   2  10  0.14 0.13
  182 L    -4  -3  -2  -3   2  -2  -3  -4   0   2   3  -3   2   2  -3  -2  -1   2   2   1    2   2   2   2   4   2   3   2   2  11  27   2   4   9   2   3   4   2   5   8  0.43 0.25
  183 S    -2   1   1   1   1  -1   1  -2  -1  -2  -3   2   0  -2   0   2   1   0  -1  -2    3   8   5   7   3   3   9   3   2   3   3  13   2   2   4  16   7   1   2   3  0.22 0.21
  184 Q    -1   0   0   0   2   0   0  -1   2   0  -1   0   2   1   0  -1   0   4   1  -1    5   5   5   5   5   5   5   5   5   5   5   5   5   5   5   5   5   5   5   5  0.09 0.08
  185 T    -1   0   1   2   1   0   1   0   2  -1  -2   0   1   1  -1   0   1  -5   0  -1    5   6   7  10   3   3   8   8   4   3   4   4   3   5   4   8   7   0   3   4  0.09 0.10
  186 S    -1  -1   2   1  -1   0   2  -1   0  -1  -2   0  -1  -2  -1   2   1  -6  -2  -2    5   4   8   9   2   4  13   5   2   3   5   6   2   2   3  14  10   0   2   3  0.16 0.17
  187 N    -1  -2   2   3  -1  -1   1   1   0  -1  -1  -1  -1  -2   0   1   0   0  -1  -2    5   3   9  14   1   2   8  12   2   4   6   4   2   2   4   9   7   1   3   3  0.15 0.14
  188 V     0  -1   0   0  -1   0   0   0  -2   1   0  -1   0  -1  -1   0   0   0  -1   2    7   3   4   7   1   4   6   8   0   8   8   3   2   3   3   9   7   1   2  15  0.04 0.07
  189 D     0   0   0   0   2   0   0  -1   1   0  -1   0   1   0   0   0   0  -2   1   0    5   5   5   5   5   5   5   5   5   5   5   5   5   5   5   5   5   0   5   5  0.03 0.05
  190 K     0   0   0   1   0   0   1   0   1  -1  -1   1   1  -1   0   0   0  -3   0  -1    5   4   5  10   3   4  10   6   4   4   6   9   4   3   3   8   4   0   3   4  0.05 0.07
  191 E    -1  -1   1   1   0   0   1  -1   0   0  -1   1   0   0   1   0   0   1   0  -1    5   4   6   9   2   3  10   6   2   5   7   8   2   5   7   6   4   2   3   3  0.06 0.06
  192 E    -1   0   0   1   1   0   2   0   0   0   0   0   0   0   0   0   0   1   0  -1    6   4   4   6   3   3  14   7   3   6   8   4   3   4   5   7   4   2   4   4  0.05 0.05
  193 E    -1  -1   1   1   1   1   2  -1   0   0  -1   0   0   0  -2   1  -1   1   0   0    6   3   6   9   3   6  13   4   2   5   5   5   3   3   2  10   4   2   4   6  0.08 0.09
  194 A     0   0   0   0   1   0   0   0   1   0   0   0   0   0   0   0   0   1   0   0    6   5   6   5   3   4   7   6   3   6  11   5   3   4   5   6   4   3   4   4  0.01 0.01
  195 V     0   0   0   0   2   0   0  -1   1   0  -1   0   1   0   0   0   0  -2   1   0    5   5   5   5   5   5   5   5   5   5   5   5   5   5   5   5   5   0   5   5  0.03 0.05
  196 T    -1  -1   1   2  -1   0   2  -1   1   0  -1   0  -1  -2  -1   1   1  -1  -1  -1    5   3   6   9   1   3  14   5   3   6   5   6   2   2   3  10   8   1   2   5  0.11 0.12
  197 I    -2  -3  -1   0  -1  -2   0  -4   0   4   1  -2   1  -1  -2  -1  -1  -5   0   1    4   2   3   6   2   2   7   2   2  24  13   3   3   3   3   4   5   0   3  10  0.34 0.20
  198 E    -2  -1   2   2  -1   1   4  -2   0  -2  -4   1  -1  -3  -2   0  -1  -1  -2  -2    3   3   9  12   1   6  25   3   2   3   2   8   1   2   3   7   5   1   2   3  0.41 0.32
  199 M    -1   0   0   0   1   0   0  -1   0   0  -1   0   3  -1  -1  -1   0   2   0   1    5   5   4   5   3   3   8   4   3   6   6   6   7   3   3   5   7   3   3  12  0.07 0.07
  200 N    -2  -1   2   2   1   0   1   0   1   0  -2   1   0  -1  -1   0   0   2   0  -2    4   4   9  10   3   5   8   7   3   5   3   8   3   3   3   7   7   3   3   3  0.11 0.11
  201 E    -2  -1   0   1   0   1   4   0   0  -3  -3   1   0  -2  -2   0  -1  -7  -1  -2    4   3   4   8   2   6  24   8   2   2   3   9   2   2   3   7   5   0   2   4  0.32 0.28
  202 P     0  -2   1   1  -2   0   2  -3   1  -1  -3  -1  -2  -5   4   0   0  -1  -3  -1    7   2   7   9   1   4  13   2   3   5   2   4   1   0  22   6   5   1   1   4  0.39 0.34
  203 V     2  -3  -3  -3   1  -2  -5  -3  -1   2  -1  -3   0   0  -5   0  -1   0  -1   4   15   1   1   2   3   2   0   2   2  11   6   1   2   3   0   7   4   1   3  33  0.52 0.39
  204 H    -2   2   0   0   0   1   1  -3   1  -2  -4   3  -1  -3  -5   3   1  -1  -2  -2    3   9   5   5   2   6   8   2   3   3   1  17   2   1   0  20   8   1   2   3  0.34 0.34
  205 L     1  -1   0  -1   1   0  -1   0   0   0   1  -1   1  -1  -1   1   0  -3   0   0   11   3   4   3   3   5   3   6   3   4  13   3   4   3   3  15   4   0   3   7  0.05 0.10
  206 T    -1   0   0  -1   1   0   0  -1   0   0  -1   0   1  -1  -1   1   2  -3   0   0    4   5   4   4   3   3   7   3   3   7   4   6   4   3   3  10  18   0   3   5  0.09 0.15
  207 F    -5  -5  -5  -6   0  -1  -2  -3   0   1  -1  -2   0   6  -6  -3  -5   3   6  -1    0   0   0   0   2   3   3   3   2   6   6   3   3  35   0   3   0   3  24   4  1.13 0.60
  208 A     1  -2   1   1  -1  -2  -1   0  -1  -1  -3   0  -1   0   0   4   0  -5  -2  -4   13   1   6   7   1   1   3   6   1   5   2   6   1   4   5  30   5   0   1   0  0.31 0.32
  209 L    -2  -1  -3  -5   0  -2  -3  -3  -2   1   5  -3   2  -2  -3  -1   0  -1  -2   1    3   3   1   0   2   2   2   2   1   6  48   2   5   2   1   4   7   1   1   8  0.58 0.40
  210 R    -2   3   0   2  -1  -1   2  -2   0  -3  -3   4  -2  -5  -2   0  -2   0  -4  -3    2  13   3  12   1   2  13   4   2   1   2  27   1   0   2   8   3   1   0   1  0.50 0.38
  211 Y    -4  -2  -1  -3  -2  -2  -3  -4   3  -3  -2  -3  -2   3  -3  -2  -3   3   8  -4    1   2   3   2   1   2   2   2   6   2   4   2   1   9   2   3   2   4  50   1  1.45 0.78
  212 L    -2  -5  -5  -6   1  -1  -2  -6  -5   1   5  -5   3   1  -2  -2  -2   2   0   0    3   0   0   0   2   3   3   0   0   7  48   0   8   6   3   3   3   2   3   6  0.74 0.46
  213 N    -1  -1   4  -1   0   0   0  -1   2   0  -1   2   0  -4  -4   1   0   1  -1  -1    4   3  19   3   2   5   5   4   5   5   5  15   3   0   0  10   5   2   2   5  0.23 0.23
  214 F     0   0   1   1   0   0   0  -1   0  -1   0   1   1   1  -1   1  -1   1   0  -1    8   3   9   8   2   3   4   3   3   3  10   8   4   7   3  11   3   2   3   2  0.05 0.09
  215 F    -2  -3  -6  -6   0  -5  -6  -6  -5   4   1  -6   5   6  -6  -4  -2  -4  -1   1    3   2   0   0   2   0   0   0   0  24  10   0  13  30   0   2   2   0   2   9  1.08 0.56
  216 T     1  -2  -1  -2   3  -2  -2  -2  -1   0   0  -1   1  -2  -3   1   3  -4  -2   1   12   2   3   2   7   1   2   2   2   6  10   3   4   1   1  10  20   0   1  10  0.24 0.24
  217 K    -2   2   0  -2  -6   0  -2  -2  -2  -3  -3   6   0  -6  -2  -1  -2  -6  -3  -3    3   8   4   2   0   3   3   3   1   1   3  55   3   0   2   5   2   0   1   2  1.06 0.62
  218 A     4  -3  -2  -2   2  -2  -3  -1  -1   0  -1  -3   0   1   0   0  -1  -4  -1   1   35   1   1   2   4   1   1   5   1   4   7   1   3   5   4   8   3   0   2  10  0.32 0.28
  219 T     2  -2   1  -2   0  -1  -2  -2  -1   1  -1  -1   1  -1  -2   2   2   0   0   0   16   2   6   2   2   2   1   3   1   8   5   3   3   3   2  17  15   1   3   5  0.19 0.21
  220 P    -1  -1   0  -1  -2   0  -1   0  -2  -3  -4   3  -3  -3   4   2   1  -6  -3  -4    5   3   5   4   1   4   3   8   1   2   2  17   1   1  20  15   7   0   1   1  0.42 0.35
  221 L    -1  -3  -2  -2  -2  -3  -2  -3  -2   2   4  -1   1   1  -2  -1  -2  -5  -2   1    6   1   2   2   1   1   2   2   1  11  39   5   2   5   2   5   2   0   1   8  0.40 0.29
  222 S     2  -3   1   0   4  -3  -1  -1  -3  -4  -5  -3  -5   0  -4   5   0  -6  -2  -3   16   1   5   6   8   1   3   4   1   1   1   2   0   4   1  38   5   0   1   2  0.69 0.52
  223 P    -2  -2   3   4  -2  -1   2  -1  -2  -3  -5   1  -5  -6   1   1   1  -6  -2  -4    3   2  12  22   1   3  15   4   1   1   1   9   0   0   6  10   8   0   1   1  0.52 0.40
  224 T    -1   1   2   1  -2   2   2  -4  -1   0  -2   0  -1  -3  -1   0   2  -2  -1   0    3   8   9   6   1  10  12   1   1   6   3   5   2   1   3   7  13   1   2   6  0.20 0.22
  225 V    -2  -5  -7  -7   0  -3  -7  -7  -7   4   0  -7   1  -3  -7  -5  -2  -7  -6   6    4   1   0   0   2   2   0   0   0  19   9   0   4   1   0   1   3   0   0  55  1.43 0.72
  226 T    -2   1   0  -1  -2   2   2  -3   1  -1  -3   1  -1  -3  -5   0   4   0  -2  -1    2   8   4   4   1   7  11   2   4   4   3  10   1   1   0   7  25   1   1   4  0.35 0.32
  227 L    -4  -7  -7  -7  -3  -6  -7  -6  -7   5   4  -7   2   0  -5  -4  -5  -3  -4   1    1   0   0   0   1   0   0   1   0  34  42   0   4   3   1   2   0   1   1  10  1.32 0.66
  228 S    -2   1   0  -2   1   0   2  -1   3  -4  -2   1   0   0  -5   3  -2  -1   2  -4    3   8   5   2   4   4  13   5   6   1   4   8   2   4   0  22   2   1   8   1  0.32 0.30
  229 M    -4  -6  -7  -7  -1  -3  -6  -7  -2   2   4  -5   5   5  -4  -5  -4   0   1  -1    1   0   0   0   1   1   0   0   1  10  37   1  14  22   1   1   1   1   4   4  1.13 0.59
  230 S     0  -2  -2   0   0  -2  -3   4  -2  -4  -5   1  -4  -4  -3   4  -1  -6  -3  -4    6   2   2   6   2   2   2  26   1   1   1   9   0   1   1  33   4   0   1   1  0.70 0.49
  231 A    -1  -1   4   1  -3   1   2  -4  -1  -4  -4   1  -3  -6   0   2   3  -6  -3  -3    5   2  18   7   0   7  12   1   2   1   1   8   1   0   5  13  15   0   1   1  0.46 0.38
  232 D    -3  -2   4   6  -7  -1   3   0  -2  -5  -6  -1  -4  -7  -4  -2  -3  -7  -4  -5    3   2  16  41   0   3  16   7   1   1   1   4   0   0   1   3   2   0   1   1  1.10 0.63
  233 V    -1  -1  -2  -4  -2   0  -2  -3   1   0   1   0   4   2  -4  -1   0  -2   3   1    6   3   2   1   1   4   2   2   4   5  14   7  11   9   1   5   5   0  12   9  0.26 0.23
  234 P    -4  -7  -5  -7  -8  -4  -7  -5  -4  -5  -4  -7  -7  -4   9  -3  -6  -8  -8  -6    2   0   1   0   0   1   0   1   1   1   2   0   0   1  87   2   0   0   0   1  2.92 1.31
  235 L    -2  -6  -6  -5   1  -5  -6  -3  -6   3   5  -6   4  -1  -4  -4  -3  -6  -5   2    3   0   0   1   3   1   0   3   0  13  47   0  10   2   1   1   2   0   0  13  0.99 0.53
  236 V    -3   2  -2  -3   1  -1  -1  -4  -1   1   0   4   3   0  -5  -2  -2  -2  -1   2    2  12   1   1   3   3   4   1   2   6  10  24   7   3   0   2   2   1   2  16  0.38 0.30
  237 V    -3  -6  -7  -7   0  -6  -7  -5  -7   4   3  -6   3   3  -7  -6  -4  -2  -3   4    2   0   0   0   2   0   0   1   0  21  27   0   6  10   0   0   1   0   1  27  1.07 0.55
  238 E    -3   0   0   1  -2   0   5  -3   1  -2  -3   1  -3  -3  -5   0   2  -6  -2  -2    2   6   4   7   1   4  34   2   3   3   2   9   0   1   0   8  11   0   1   4  0.52 0.40
  239 Y    -3  -7  -8  -7   1  -6  -6  -4  -2  -3  -2  -7  -1   6  -8  -3  -4  -1   8  -3    3   0   0   0   3   0   1   2   1   2   4   0   2  30   0   2   1   1  47   2  1.99 0.93
  240 K    -2   0   2   3  -2   0   2  -2  -2  -4  -4   3  -2  -4   1   0   0  -4  -2  -4    3   4  10  14   1   4  14   3   1   1   1  20   1   0   7   8   5   0   1   1  0.42 0.34
  241 I    -3  -5  -3  -3  -3  -4  -4  -5  -3   5   3  -4   2   3  -5  -3  -2  -3  -2   2    2   0   1   2   0   1   1   1   1  32  23   1   5  10   1   2   2   0   1  14  0.82 0.44
  242 A     3  -3  -1   1  -3  -2   1   3  -2  -3  -2   0  -3  -3   2   0  -1  -3  -2  -2   23   1   3   7   0   1  11  19   1   1   3   5   1   1   8   6   4   0   1   3  0.33 0.28
  243 D    -2  -2   2   5  -4   0   4   1   0  -5  -5  -2  -4  -3  -3   0  -2  -7  -3  -4    3   2   8  28   0   4  23  10   2   1   1   2   0   2   1   8   2   0   1   1  0.72 0.48
  244 M    -1  -2   1   0  -2  -1  -2   3  -1   0   1   0   4  -2  -3  -1  -1  -1  -1  -1    5   2   6   5   1   2   3  21   2   5  13   7  12   2   1   4   3   1   2   3  0.23 0.22
  245 G     1  -5  -2  -4   0  -5  -4   6  -7  -2  -3  -6  -4  -4  -5   1  -4  -7  -5  -3    9   0   2   1   2   0   1  61   0   3   3   0   1   1   0  11   1   0   0   2  1.35 0.72
  246 H    -4   1   0  -2  -2   0   1  -4   5  -4  -4   2  -3   1  -3   0   0   0   5  -2    1   8   4   2   1   3  10   1  12   1   1  12   0   6   1   8   6   1  17   3  0.54 0.40
  247 L    -2  -7  -7  -8  -1  -7  -7  -4  -7   5   4  -7   3  -1  -7  -5  -4  -3  -4   3    4   0   0   0   1   0   0   1   0  29  31   0   7   3   0   1   1   0   1  21  1.14 0.59
  248 K    -2   4   0  -2  -2   1   0  -3  -1  -2  -2   3  -1  -4  -5   0   2  -4  -2  -1    2  24   3   2   1   6   6   2   2   3   3  17   2   1   0   7  11   0   1   5  0.45 0.35
  249 Y    -5  -6  -5  -9  -1  -6  -8  -7  -6  -1  -1  -8  -2   7  -9  -6  -5  -5   7  -2    1   1   1   0   1   0   0   0   0   4   6   0   1  44   0   0   1   0  36   3  2.10 0.97
  250 Y    -5  -8  -8  -9   1  -6  -8  -5   0   0   1  -8   3   4  -8  -6  -6   3   8  -1    1   0   0   0   3   0   0   1   2   6  12   0   7  16   0   1   0   4  43   5  1.61 0.81
  251 L    -5  -8  -8  -9  -4  -4  -8  -9  -8   3   6  -8   0  -1  -8  -7  -5  -7  -6   1    1   0   0   0   0   1   0   0   0  15  68   0   2   3   0   0   1   0   0   9  1.68 0.80
  252 A     7  -5  -5  -7  -4  -6  -5  -5  -7  -6  -6  -3  -1  -7  -5  -1  -3  -8  -6  -4   86   1   0   0   0   0   0   0   0   0   1   2   2   0   0   3   2   0   0   1  2.18 1.06
  253 P    -5  -7  -6  -4  -5  -4  -7  -7  -4  -7  -7  -7  -9  -9   9  -2  -6 -10  -7  -9    1   0   0   1   0   1   0   0   1   0   1   0   0   0  90   4   1   0   0   0  3.14 1.40
  254 K    -5   6  -4  -7  -2  -1  -5  -4  -3  -4  -5   6  -2  -5  -7  -4  -5  -5  -5  -3    1  46   1   0   1   3   0   1   1   1   1  39   1   0   0   1   0   0   0   2  1.77 0.88
  255 I    -3  -6  -5  -6  -2  -4  -5  -4  -3   7  -1  -5   2  -1  -4  -4  -2  -7  -5   4    2   0   1   0   1   1   1   2   1  51   6   1   4   2   1   1   3   0   0  23  1.34 0.66
  256 E    -3  -3  -1   4  -4   1   6  -1  -3  -5  -6  -1  -5  -8  -3  -1  -1  -8  -4  -6    2   1   3  19   0   5  49   4   1   1   1   3   0   0   1   5   3   0   1   0  1.14 0.66
  257 D    -2  -3   2   6  -7  -2   4  -2  -5  -6  -8  -2  -7  -8  -4   1  -2  -8  -7  -5    3   2   8  44   0   1  24   3   0   0   0   3   0   0   1   8   3   0   0   1  1.24 0.66
  258 E    -3  -5  -1   6  -8  -3   6  -2  -3  -8  -8  -3  -7  -8  -6  -4  -3   0  -5  -5    2   0   3  37   0   0  48   3   0   0   0   1   0   0   0   1   2   1   0   1  1.62 0.79
  259 E    -4  -4  -1   5  -7   1   6  -5  -4  -7  -7  -3  -3  -7  -5  -2  -4  -7  -6  -6    1   0   2  35   0   4  56   0   0   0   0   0   1   0   0   2   0   0   0   0  1.71 0.73
  260 A     2  -2  -1  -1  -3   1   1   2  -2  -4  -4  -1  -3  -4  -2   3   1  -4  -3  -3   20   0   0   1   0   6  12  18   0   0   0   2   0   0   0  33   8   0   0   0  0.47 0.26
  261 S     0  -1   4  -1  -2   2  -1  -2  -1  -3  -3  -1  -2  -4  -2   3   3  -4  -3  -2    8   0  27   0   0  10   0   0   0   0   0   0   0   0   0  30  25   0   0   0  0.51 0.19

                      K         Lambda
Standard Ungapped    0.1319     0.3158
Standard Gapped      0.0368     0.2670
PSI Ungapped         0.1203     0.3178
PSI Gapped           0.0368     0.2670
