
Last position-specific scoring matrix computed, weighted observed percentages rounded down, information per position, and relative weight of gapless real matches to pseudocounts
            A   R   N   D   C   Q   E   G   H   I   L   K   M   F   P   S   T   W   Y   V   A   R   N   D   C   Q   E   G   H   I   L   K   M   F   P   S   T   W   Y   V
    1 M    -4  -4  -5  -6  -4  -3  -5  -6  -5  -2   0  -4  10  -3  -6  -4  -4  -4  -4   0    0   0   0   0   0   0   0   0   0   0   4   0  91   0   0   0   0   0   0   5  2.47 0.68
    2 A     4  -3  -2  -3  -2  -1  -1  -1  -3   0  -2  -2   0  -1  -1   1   1  -4  -3   1   45   0   1   0   0   3   4   2   0   4   1   1   2   3   2  12  11   0   0  12  0.39 0.24
    3 E    -2  -1   0   2  -5   2   5  -3   1  -4  -3  -1  -3   1  -2   1  -2  -4  -2  -3    1   1   4   8   0   9  50   1   3   0   2   2   0   7   1   9   0   0   1   1  0.70 0.33
    4 G     1   0   2  -1  -3   0   1   3  -2  -3  -3   1  -3  -3   0   0  -1  -4  -3  -1   13   3   9   2   0   3  10  28   0   0   1  11   0   0   4   8   2   0   0   5  0.30 0.17
    5 Q    -3   0   0  -2  -3   5   2  -2  -3  -5  -5   5  -3  -5  -3  -2  -2  -5  -4  -5    1   3   3   1   1  34  10   2   0   0   0  40   0   0   1   2   2   0   0   0  1.04 0.47
    6 V    -1   1  -3  -3  -2  -2   0  -3  -2   0  -1  -1   5   0   0  -2   0   0  -2   4    3  10   0   1   0   1   6   1   1   4   2   2  18   3   5   1   7   1   1  33  0.35 0.27
    7 L    -2  -3  -4  -5  -3  -3  -4  -5  -1   4   3  -1   3  -1  -4  -2   0  -4  -1   3    1   0   0   0   0   0   0   0   1  25  28   4   7   1   0   3   5   0   1  22  0.55 0.29
    8 V     0  -4  -3  -5  -3  -5  -5  -3  -4   3   0  -4  -1  -1  -5  -4  -2  -5  -1   6    6   1   1   0   0   0   0   2   0  18   6   1   1   2   0   0   1   0   2  61  0.97 0.45
    9 L    -3  -5  -5  -6  -4  -5  -5  -5  -5   5   2  -5   0   0  -1  -4  -3  -4   1   3    0   0   0   0   0   0   0   1   0  42  21   0   1   4   3   0   0   0   4  24  0.90 0.40
   10 D    -4  -5   2   8  -1  -4  -1  -3  -4  -6  -7  -4  -6  -2  -5  -3  -3  -7  -6  -6    1   0   7  83   2   0   1   2   0   0   0   0   0   2   0   1   1   0   0   0  2.03 0.73
   11 G     5  -4  -4  -3   2  -4  -4   5  -4  -5  -4  -4  -4  -3  -3  -1  -3  -5  -5  -3   50   0   0   1   5   0   0  39   0   0   1   0   0   1   1   2   1   0   0   1  1.12 0.51
   12 R    -1   4   0   0  -1   1   3  -3  -1  -3  -4   3  -1  -5  -1   1   1  -5  -4  -4    2  22   4   4   1   5  18   1   1   1   0  17   1   0   3   9  11   0   0   0  0.45 0.29
   13 G     0  -2   3   2  -5  -2  -2   5   3  -5  -4  -2  -3  -3  -4  -2  -3  -5   0  -5    6   2  18  10   0   1   2  45   7   0   2   2   1   1   0   1   0   0   3   0  0.79 0.39
   14 H     0  -3  -1  -4   2   0  -3  -3   8  -3   1  -2   0   1  -5  -3  -1  -4   0  -3    9   0   2   0   5   4   0   1  43   1  15   3   3   7   0   1   4   0   1   1  0.93 0.46
   15 L    -2  -3  -5  -5  -3  -4  -3  -5  -4   3   3  -3   4   0   1  -3  -2  -4  -1   2    2   1   0   0   0   0   2   0   0  22  30   1  11   3   7   1   1   0   2  18  0.57 0.31
   16 L    -1  -3  -5  -5  -2   1  -4  -5  -3   0   5  -3   3  -1  -5  -3  -3  -1  -2   0    6   0   0   0   0   7   1   0   1   4  64   1   6   2   0   1   1   1   1   5  0.84 0.42
   17 G     0  -5  -4  -4  -5  -5  -1   7  -5  -4  -6  -4  -5  -6  -5  -2  -4   0  -6  -4    7   0   0   0   0   0   4  84   0   1   0   0   0   0   0   1   0   2   0   2  1.82 0.65
   18 R    -1   8  -4  -2   1  -2  -3  -5   0  -6  -3   0  -4  -6  -2  -3  -4  -6  -2  -5    7  78   0   2   3   0   0   0   2   0   2   3   0   0   2   1   0   0   1   0  1.68 0.69
   19 L    -3  -3  -6  -6  -4  -2  -5  -5  -5   0   5  -5   4   0  -2  -5  -3   4  -3   0    1   1   0   0   0   2   0   1   0   2  66   0  10   3   2   0   1   6   0   5  1.09 0.53
   20 A     6  -4  -4  -3   2  -1  -3  -1  -5  -4  -3  -4  -4  -5  -4   1  -2   4  -4  -3   68   0   0   1   4   3   1   3   0   0   2   0   0   0   0   8   1   6   0   1  1.14 0.61
   21 A     2  -4  -2  -4  -4  -3  -2  -2   0  -1  -5  -3  -1  -3   1   5   2  -6  -4  -3   18   0   1   0   0   0   2   1   3   3   0   0   1   1   5  51  11   0   0   1  0.83 0.53
   22 I    -1   0   0  -1  -2  -1  -1  -3   0   4  -1   0  -1   1  -4   0   0  -1   2   1    3   5   4   4   1   2   4   1   3  29   2   5   1   6   0   8   5   1   7  12  0.18 0.20
   23 V     0  -4  -5  -5  -1  -2  -3  -5  -5   3   1  -4   2  -1  -2  -2  -1   4  -3   4    9   0   0   0   1   2   1   0   0  14  13   0   4   1   2   2   4   6   0  40  0.57 0.36
   24 A     6  -4  -4  -3  -1  -3  -1  -2  -4  -4  -4  -3  -1  -5   1   0  -2  -5  -4   0   72   0   0   1   1   0   3   1   0   0   0   0   1   0   6   4   1   0   0   6  1.11 0.58
   25 K    -4   0   1  -2  -5   0  -1  -4  -1  -3  -4   7  -4  -5  -2   0  -1  -5  -1  -5    0   2   7   2   0   3   3   0   1   2   2  65   0   0   2   5   3   0   2   0  1.18 0.61
   26 Q    -1   1  -1  -1  -4   4   3  -2   0  -1  -1   1  -1  -2  -3   1  -1   0  -1  -1    3   9   2   2   0  20  19   2   2   3   7   9   2   1   0   9   3   1   1   3  0.30 0.26
   27 V     1  -3  -4  -4   1  -3  -3  -4  -3   1   3  -3   1   0  -4  -1  -1  -3   2   2   17   0   0   0   2   0   0   0   0   7  36   0   3   3   0   4   3   0   7  15  0.40 0.27
   28 L    -3  -1  -1  -4   3  -1  -4  -3  -4   1   4   0   2  -1  -1  -1  -3  -4  -3  -1    0   3   3   0   7   3   0   2   0   5  55   5   4   2   3   4   0   0   0   3  0.54 0.35
   29 L    -1   0   3   1   0   1   0  -1   2  -1   0   0   1  -1  -3  -1  -1   4  -2  -1    3   4  15   7   3   5   7   5   7   3  12   6   5   3   0   3   3   6   0   3  0.17 0.18
   30 G     0   1   1   1   3   1   1   0   2  -2  -3   1  -2  -3  -2   0  -1   4  -2  -1    8   8   7   8   7   7   8   8   7   0   1   8   0   0   0   8   0   7   0   8  0.18 0.15
   31 R     0   0   0   0  -3   0   0   0   2   0  -1   0  -1   0   1   0   0   3   1   0    6   6   5   6   0   5   6   6   5   6   6   6   0   5   6   6   6   5   5   6  0.06 0.08
   32 K    -1   4   0  -1   0   0   1  -2   0  -4  -3   4  -1  -1  -1  -1   0  -4  -1  -2    5  20   3   3   3   4   9   2   2   0   2  26   2   3   2   4   4   0   2   3  0.39 0.30
   33 V    -1   0  -5  -2  -4  -4  -5  -5  -5   3   0  -4   1   0  -5  -2  -1   2   0   5    4   5   0   3   0   0   0   0   0  18   6   0   3   3   0   3   3   3   3  44  0.76 0.46
   34 V    -1   1   0  -1   0  -1  -1  -2   0   1   0  -1   0  -1  -3  -1   1   3   0   3    4   8   4   3   2   2   3   2   2   7   4   2   2   2   0   3   8   4   3  27  0.07 0.17
   35 V     0   0  -2  -3   1   0  -2  -3  -2   2   1  -2   1   1  -2  -1   0  -2  -1   2    5   8   0   0   4   4   0   1   0  14  10   0   4   8   0   5   5   0   0  23  0.09 0.15
   36 V     0   0  -2  -1   1  -2  -2  -3  -2   1   1  -2   1   0   0  -2   0  -2   2   2    6   8   0   4   4   0   0   0   0   7  11   0   4   4   5   0   4   0   8  25  0.08 0.15
   37 R    -1   4   3  -2   0   0  -2   0   1  -1  -2   0  -2  -3  -3   0  -1   1   0  -2    3  29  20   0   3   2   0   5   4   6   3   3   0   0   0   4   3   2   3   0  0.27 0.27
   38 C     0   0  -2  -3   2  -2  -2   0   2   0   0  -2  -1   1  -3   0   0   4   2   0    7   7   0   0   7   0   0   7   7   7   7   0   0   7   0   7   7   7   7   7  0.08 0.15
   39 E    -1   0   0   1  -4   0   5  -1  -2  -4  -2   1  -3  -4  -3  -1   0  -4  -3  -3    5   3   4   5   0   3  48   4   0   0   5   6   0   0   0   3   5   0   0   0  0.54 0.41
   40 G    -1   0   0   1  -3   2   2   1   0  -2  -2   3  -1  -1   0  -1  -1  -3  -2  -3    4   3   4   7   0   8  15  11   2   2   3  21   2   2   5   3   2   0   0   0  0.17 0.19
   41 I     0   0   1   0   2  -1  -1   0   2   0   0  -1   1  -2  -2   0   0  -3  -2   0    7   7   7   7   7   0   0   7   7   7   7   0   7   0   0   7   7   0   0   7  0.02 0.12
   42 N    -1   2   3  -2   2   0  -1  -3   0   1  -1  -1   0  -1  -1  -1  -1   1  -1   2    3  11  19   0   5   4   2   0   2   9   3   2   2   2   2   3   2   2   2  19  0.13 0.24
   43 I     0   1  -2  -2   2   1  -1  -2  -2   0   0   0   1   1  -2   0   0  -2   1   0    7   7   0   0   7   7   0   0   0   7   7   7   7   7   0   7   7   0   7   7  0.04 0.13
   44 S     1   1   0  -2   1   1  -1  -2  -2  -1  -1   1  -1  -2  -2   2   0   2  -2   0   11   7   5   1   4   8   1   1   0   4   7   8   0   0   1  22   5   4   0   6  0.09 0.16
   45 G     0   0   0   0   1   0   0   4  -2  -3  -1   0   0   0  -3   0  -2  -3  -3  -3    5   7   4   4   4   4   4  38   0   0   5   4   4   4   0   4   0   0   0   0  0.28 0.23
   46 N    -1   1   2   0  -3   0   0   1   1  -2  -3   1  -1  -4   2   1   1  -4  -3  -2    2   6  13   5   0   3   5   9   4   2   1   9   2   0  11  13   7   0   0   2  0.19 0.21
   47 F    -2   0  -3  -3  -3  -1  -1  -2   0   0   1   1   0   4   1  -1  -1   1   0  -1    2   6   0   0   0   2   4   2   2   6  13  13   3  20   6   4   4   2   2   3  0.12 0.20
   48 Y    -1   0   0   0   2   0  -1  -1   2   0  -1   0   2   0   0  -1   0   3   1  -1    5   5   5   5   5   5   5   5   5   5   5   5   5   5   5   5   5   5   5   5  0.03 0.09
   49 R    -1   0   0   0   2   0  -1  -1   2   0  -1   0   2   0   0  -1   0   3   1  -1    5   5   5   5   5   5   5   5   5   5   5   5   5   5   5   5   5   5   5   5  0.03 0.09
   50 N     0   0   0   0   2   0   0  -1   1   0  -1   0   1   0   0   0   0  -2   1   0    5   5   5   5   5   5   5   5   5   5   5   5   5   5   5   5   5   0   5   5  0.03 0.05
   51 K    -1  -1  -2  -1   0   0   0  -3  -1   1   0   3   1   1  -2  -1   0  -4   0   2    4   3   1   3   2   4   5   2   1   8  10  20   3   6   2   5   4   0   3  15  0.16 0.19
   52 L     0   0   0   0   1   0   2  -1   1  -1   0   1   1   0  -1  -1  -1   3   0   0    7   5   5   5   3   4  12   4   3   3   8   9   4   3   3   5   3   3   3   7  0.07 0.07
   53 K    -1   0   0   0  -3   0   0  -1   2   0  -1   0   1   0   0   0   0   3   1   0    5   5   5   5   0   5   5   5   5   5   5   5   5   5   5   5   5   5   5   5  0.06 0.08
   54 Y    -1   0   0   0   2   0   0  -1   2   0  -1   0   2   1   0  -1   0   4   1  -1    5   5   5   5   5   5   5   5   5   5   5   5   5   5   5   5   5   5   5   5  0.09 0.08
   55 L    -1   1  -1   0   1   0   0  -1   2   0   0   1   2   1  -1  -1   0   2   1  -1    6   6   4   4   3   3   5   5   5   5  11  10   5   5   3   4   5   3   4   3  0.07 0.07
   56 A    -1   0   0   0   2   0   0  -1   2   0  -1   0   2   1   0  -1   0   4   1  -1    5   5   5   5   5   5   5   5   5   5   5   5   5   5   5   5   5   5   5   5  0.09 0.08
   57 F    -2   2  -1  -2  -5   0  -2  -2   1  -1  -1   2   0   4  -2  -2  -1   3   3  -2    4  12   3   2   0   3   3   3   4   3   6  13   2  18   2   3   4   4   9   3  0.33 0.28
   58 L     0   0   0   0   2   0   0  -1  -2   0  -1   0   1   0   0   0   0   3   1   0    5   5   5   5   5   5   5   5   0   5   5   5   5   5   5   5   5   5   5   5  0.05 0.08
   59 R    -1   2   1   1   1   1   1  -1   2  -3  -2   1  -3  -3  -1  -1   0   2   0   0    5  11   6   7   4   6  10   5   6   0   4  10   0   0   3   4   5   3   4   7  0.16 0.18
   60 K    -1   3  -1  -1  -4   0  -1  -2   0   1  -1   3   0  -1   0  -1  -1   2  -1   0    3  17   3   2   0   4   3   2   2   7   7  22   2   3   5   4   4   3   2   6  0.24 0.24
   61 R     0   4   0  -1   0   1  -1   1   0  -2  -3   1   0  -2  -4   0  -1   1  -1  -2    8  23   3   2   2   8   3  13   2   3   3  10   2   2   0   6   3   2   2   3  0.28 0.26
   62 M     0   0   0   0   2   1   0   0   2   0  -1   0   1  -2   1   0   0  -3   1   0    6   6   5   6   5   5   6   6   5   6   6   6   5   0   6   6   6   0   5   6  0.04 0.08
   63 N    -1   2   2  -1   1  -1  -2  -1   2   0  -1   2   1  -1  -1  -1  -1   2   0  -1    4  11  11   3   3   3   3   4   4   5   7  12   3   3   4   4   4   3   4   4  0.16 0.13
   64 T    -1   1  -1  -2  -1  -1  -1   3  -1  -1  -2  -1  -1  -1   0   0   2  -4   0   0    5   8   2   2   1   2   4  23   2   4   3   4   2   3   4   7  13   0   4   7  0.18 0.20
   65 N     0   0   0   0   2   0   0   0   1   0  -1   0   1   0  -2   0   0  -2   1   0    6   6   5   6   5   5   6   6   5   6   6   6   5   5   0   6   6   0   5   6  0.03 0.07
   66 P    -1   0   0  -1  -4   0   0   0   1  -4  -2   0  -4  -4   5  -1  -1   2   0  -2    4   5   4   3   0   4   7   7   4   0   4   6   0   0  33   5   4   3   3   4  0.54 0.37
   67 S    -1   0   0   0   2   0   0  -1   2   0  -1   0   2   1   0  -1   0   4   1  -1    5   5   5   5   5   5   5   5   5   5   5   5   5   5   5   5   5   5   5   5  0.09 0.08
   68 R    -1   0   0   0   2   0   0  -1   2  -2  -1   0   1   0   0   0   0   3   1  -1    5   5   5   5   5   5   5   5   5   0   5   5   5   5   5   5   5   5   5   5  0.08 0.12
   69 G     0   0   1   0   2   1  -1   0   2  -2  -1   0  -2  -3   1   0   0   4  -2  -1    7   7   7   7   6   7   0   7   6   0   7   7   0   0   7   7   7   6   0   7  0.12 0.14
   70 P    -1  -2  -5  -5   0  -1  -1   0   0  -1  -2  -5  -5  -1   7  -1  -1  -6   1  -2    5   2   0   0   2   3   4   7   2   4   4   0   0   3  47   4   4   0   4   4  1.02 0.63
   71 Y    -2   0  -4  -2   0  -1  -2  -3   1   1  -1   1   0   5   0  -2  -1   2   4  -1    3   4   0   3   2   3   3   2   4   7   4   8   2  28   5   2   3   2  12   3  0.45 0.36
   72 H    -2   0  -2  -1   0  -1  -4  -3   7   1  -1  -2   0   2   0  -2  -2   3   3  -2    3   5   2   4   2   3   0   2  27   8   5   3   3   8   4   3   3   4   8   2  0.62 0.45
   73 F    -2  -1  -2  -4   0  -1  -2  -2   2   1  -1  -1   0   3   4   1  -2   1   2  -2    2   3   2   0   2   3   2   3   4   9   5   4   2  13  21  10   3   2   8   2  0.39 0.34
   74 R    -2   6  -2  -4   0   0  -2  -2   0  -3  -2   2   0  -2   1  -2  -2   1  -4  -2    3  43   2   0   2   4   2   3   2   2   3  11   3   2   7   4   3   2   0   4  0.78 0.50
   75 A     1   1   0   0   0   0  -1   0   0   0  -1   0   1  -1   1   0   0  -3   0  -1   14   9   4   4   3   4   3   7   3   5   5   3   5   3   6   7   7   0   3   3  0.05 0.07
   76 P     0   0  -5  -5  -5  -4  -1  -5   2   0  -2   0  -4   0   6   0  -1  -6  -5  -1    6   6   0   0   0   0   5   0   5   5   5   5   0   4  40   8   5   0   0   5  0.85 0.47
   77 S     0   0  -1   4  -1  -1   1  -1   2  -1  -2  -1  -1  -1   1   2  -1  -4  -1  -1    6   4   2  21   1   3   8   4   4   4   3   3   2   2   7  17   2   0   2   4  0.22 0.24
   78 R     0   3   0   0   0   1  -1   0   0  -2  -1   2   1  -2   1  -1   0   2  -1  -3    7  16   3   5   2   5   3   7   2   2   7  13   5   2   7   2   6   3   3   0  0.17 0.19
   79 I     0  -1  -1   0   1   0  -2  -2   2   2   0  -1   1   0   1  -1  -1  -3   0   0    7   4   3   5   3   6   0   3   7  18   6   3   4   5   7   4   3   0   4   7  0.08 0.13
   80 F    -1  -1  -3  -1   1  -3  -3  -1   1   1   0  -3   2   4   1  -1   0   3  -1   1    6   4   0   4   3   0   0   5   3   9   9   0   5  19   7   4   5   5   0  10  0.23 0.23
   81 W    -1   3  -1  -3   1   0  -1  -1   0  -1   0   1   0   0  -4  -1  -1   6   1  -1    4  17   3   0   3   4   4   5   3   3  10   8   3   4   0   5   3  13   5   3  0.32 0.28
   82 R     0   0   0   0   2   1   0   0   2  -3  -1   0   1   1   0   0   0   3   1  -3    6   6   5   6   5   5   6   6   5   0   6   6   5   5   6   6   6   5   5   0  0.11 0.15
   83 T     1   0  -2  -1   1   0   0  -1   1   0  -1  -1   1  -1   1   0   2  -3  -2   0   13   5   0   4   3   3   6   5   5   7   5   3   4   3   5   6  16   0   0   6  0.09 0.15
   84 V    -1  -1  -3  -1   2  -3  -3  -1  -4   3   0  -1   1   0   0  -1   0   2  -3   3    5   3   0   3   5   0   0   5   0  17   6   3   3   4   4   3   7   3   0  25  0.22 0.25
   85 R     0   0   0  -2  -3   1   0  -1   2   0  -1   0   1   1   0   0   0   3   1   0    6   6   5   0   0   5   6   6   5   6   6   6   5   5   6   6   6   5   5   6  0.07 0.11
   86 G     0   1   0   0   2   0  -1   2   1  -3  -1   0  -2   0   1   0  -1   2  -2  -1    6  10   4   5   5   4   4  18   4   0   5   7   0   5   6   5   3   3   0   4  0.12 0.15
   87 M     0   0  -2   0   2   1   0   0   2   0   0   0   1   1   1   0  -1  -2   1   0    6   6   0   6   6   6   6   6   6   6   6   6   6   6   6   6   0   0   6   6  0.04 0.10
   88 L     0   0   0   0   2   1   0   0   2   0  -1  -2   1  -2   1  -2   0   4   1   0    6   6   6   6   6   6   6   6   6   6   6   0   6   0   6   0   6   6   6   6  0.09 0.15
   89 P     0   0   0   0   2   1   0   0   2   0  -1   0   1  -2   1   0   0  -3   1   0    6   6   5   6   5   5   6   6   5   6   6   6   5   0   6   6   6   0   5   6  0.04 0.08
   90 H    -1   0   0   0   2   0   0  -1   2   0  -1   0   2   1   0  -1   0   4   1  -1    5   5   5   5   5   5   5   5   5   5   5   5   5   5   5   5   5   5   5   5  0.09 0.08
   91 K    -1   0   0   0   2   0   0  -1   2   0  -1   0   1   0   0   0   0   3   1  -2    5   5   5   5   5   5   5   5   5   5   5   5   5   5   5   5   5   5   5   0  0.08 0.12
   92 T    -2   1   0  -1   1   1  -2  -2   1  -1  -2   3   0  -1  -1  -1   4  -7   0  -2    3   6   4   3   3   6   3   3   3   3   5  14   3   3   4   6  21   0   3   3  0.27 0.27
   93 K    -1   0   0   0   2   0   0  -1   2   0  -1   0   2   1   0  -1   0   4   1  -1    5   5   5   5   5   5   5   5   5   5   5   5   5   5   5   5   5   5   5   5  0.09 0.08
   94 R    -2   5  -1  -2   1   0  -2  -2   1  -2  -2   1   0  -1  -1  -2   0   4   0  -2    3  31   3   3   3   4   3   3   3   3   4   9   3   3   3   4   5   5   3   3  0.57 0.39
   95 G     0   0   0   0   2   0   0   0   1   0  -1   0  -2   0   0   0   0   3  -1   0    6   6   5   6   5   5   6   6   5   6   6   6   0   5   6   6   6   5   0   6  0.06 0.09
   96 Q     0   3   0  -1   0   1   0  -1   0  -2  -2   2   0  -1  -1   0  -1   2  -1  -2    9  18   3   2   2   7   5   5   2   3   3  14   3   3   3   8   4   3   2   3  0.19 0.19
   97 A     2   0   0   1   0   0   2  -1   0  -1  -1   0  -1  -4  -1   0  -1   1  -3  -1   22   4   5   7   2   3  13   5   2   3   6   6   1   0   3   6   4   2   0   4  0.15 0.18
   98 A     3   0  -3  -1   2   0  -2   0  -3  -1  -1  -1   0  -3   0   0   0   3   0   0   34   6   0   3   4   3   0   5   0   4   5   3   3   0   4   5   4   4   4   5  0.24 0.27
   99 L     0   0  -2  -3   2   0   0   0   2   0   0  -2   1   1   1   0   0   4   1   0    6   6   0   0   6   6   6   6   6   6   6   0   6   6   6   6   6   6   6   6  0.09 0.15
  100 E     0   1   0   1   0   1   0   0   1  -1  -1   2   0  -1   0   0   0  -3  -2  -1    6   6   5   9   3   6   6   6   3   4   4  14   4   4   5   8   4   0   0   4  0.08 0.10
  101 R     0   0   0   0   2   0   0  -1   2  -2  -1   0   1  -2   0   0   0   3   1  -1    5   5   5   5   5   5   5   5   5   0   5   5   5   0   5   5   5   5   5   5  0.05 0.14
  102 L    -2  -1  -4  -4   1  -1  -1  -4  -4   1   4  -1   1   0   0  -2  -3  -4  -3   1    3   3   0   0   4   3   4   0   0   9  42   4   3   3   5   3   0   0   0  11  0.40 0.34
  103 K    -2   3  -1  -1   0   1   0  -1   0  -2  -1   4   1  -2  -2  -1  -1  -4  -3  -2    2  15   2   3   2   6   4   6   2   2   5  33   3   2   2   5   2   0   0   3  0.38 0.32
  104 V     0  -2  -2  -2   3   1   0   0  -2   0   0  -1   2   1   1   0   0  -2  -1   0    8   0   0   0   7   7   8   8   0   8   8   0   7   7   8   8   8   0   0   8  0.08 0.11
  105 L    -2  -2   0   0   2   0   0  -1   2  -2   0  -2  -2   3  -3  -1   0   3   4  -1    1   0   4   5   5   4   8   5   6   0   8   0   0  16   0   4   6   4  19   5  0.27 0.22
  106 D    -1  -1  -1   2   1   0   2  -1   0   1  -1   0   1  -3  -1  -1  -1   2  -1   0    5   3   3  11   4   4  20   3   2  11   3   5   5   0   2   2   2   4   2   8  0.14 0.17
  107 G    -1   0  -1   0  -5  -1  -2   5  -1  -5  -4  -1  -1  -5   0  -2  -1   2  -1  -3    5   4   2   5   0   2   2  51   2   0   2   4   2   0   4   3   3   3   3   2  0.76 0.44
  108 I    -1   0   0   0   2   0   0  -1   2   0  -1   0   2   1   0  -1   0   4   1  -1    5   5   5   5   5   5   5   5   5   5   5   5   5   5   5   5   5   5   5   5  0.09 0.08
  109 P    -5   0  -5   1   3  -5  -5  -6  -5  -5  -1   0  -5   1   7  -1   0   4  -5  -5    1   5   0   7   5   0   0   0   0   0   7   5   0   5  48   5   5   5   0   0  1.25 0.59
  110 P    -1   0   0   1  -4   0   2  -1   1  -1  -1   0   0  -1   3   0   0  -4   0  -1    5   4   4   7   0   4  12   4   3   4   6   7   3   3  13   6   7   0   4   3  0.14 0.15
  111 P     0   0   0   0   2   0   0  -1   1   0  -1   0   1   0   0   0   0  -2   1   0    5   5   5   5   5   5   5   5   5   5   5   5   5   5   5   5   5   0   5   5  0.03 0.05
  112 Y    -3  -1  -1  -1   2  -1  -1  -5   1   0   1  -1   1   2  -4  -1  -1   3   4   1    0   3   3   3   5   3   4   0   3   5  14   4   4   9   0   4   3   4  15  12  0.30 0.26
  113 D     0   0   0   0  -2   1   0   0   1   0   0   0   1   0   1   0   0  -3  -1   0    6   6   6   6   0   6   6   6   6   6   6   6   6   6   6   6   6   0   0   6  0.04 0.07
  114 K     0   0   0   0   2   1   0   0   2   0  -1   0   1  -2   1   0   0  -3   1   0    6   6   5   6   5   5   6   6   5   6   6   6   5   0   6   6   6   0   5   6  0.04 0.08
  115 K     0   0   0   0   2   0   0   0   1   0  -1   0   1   0  -2   0   0  -2   1   0    6   6   5   6   5   5   6   6   5   6   6   6   5   5   0   6   6   0   5   6  0.03 0.07
  116 K    -1   1   0   0  -4   1   1  -1   1  -1  -2   3   0  -3   0  -1   0  -4   0  -1    5   6   4   4   0   5  10   4   3   3   3  25   3   0   5   4   5   0   3   4  0.18 0.23
  117 R    -1   3  -1  -2   1   0  -1  -2   0   0  -1   3   1   1  -1  -1  -1   1  -1  -1    5  17   3   2   3   3   4   3   2   5   5  17   3   6   3   5   4   2   2   4  0.14 0.19
  118 M    -1   0   0   0  -3   0   0  -1   2   0  -1   0   1   0   0   0   0   3   1   0    5   5   5   5   0   5   5   5   5   5   5   5   5   5   5   5   5   5   5   5  0.06 0.08
  119 V    -1   0   0  -1   2   0  -1  -1   0   1  -1   0   1  -1  -1  -1   1  -4   0   3    4   4   5   4   4   3   4   4   3   6   5   6   3   3   3   5   8   0   3  23  0.09 0.15
  120 V    -1   0  -1  -1   1  -1  -1  -2   0   1   0   0   0   2   0  -1   0   1   0   2    4   5   2   3   3   3   5   4   3   9   9   5   2   9   5   3   4   2   3  18  0.07 0.10
  121 P    -1   0  -1   0  -5  -1   1  -2   0  -1  -2   1  -1  -1   5  -1  -1   1  -1  -2    5   6   3   5   0   3  10   4   3   3   4   7   2   3  29   4   3   2   2   4  0.45 0.37
  122 A     1   0   1   2   0   0   2   0  -1  -2  -3   1  -1  -2  -2   1  -1   1  -4  -1   12   5   5  13   2   3  12   7   2   3   2  11   2   2   2   8   3   2   0   4  0.17 0.19
  123 A     4  -2  -1   0   1  -1   0  -2  -4  -1  -1   1   1   0  -2   0   0  -4  -1  -1   32   2   3   4   3   2   6   3   0   4   5   8   3   4   1   7   5   0   3   3  0.25 0.27
  124 L     0  -1  -1   0  -1  -1   0  -2   0   1   2   1   2  -1   0   0  -1  -3  -1   0    7   2   2   5   1   3   5   2   3   6  25   9   6   2   5   6   3   0   2   5  0.10 0.14
  125 K     0   3   0   1  -1   0   0  -2   0  -1  -2   3   1  -2  -2   0   0   0  -1  -1    7  17   3   8   1   3   6   3   2   5   2  16   3   2   2   7   5   1   2   3  0.20 0.20
  126 V     0   0   0   0   0  -1  -1  -1   2   0  -1   1   0  -1  -2   0  -1  -3  -1   2    9   4   5   6   2   2   4   4   7   6   4   8   3   2   2   7   4   0   2  19  0.09 0.13
  127 V    -1   0   0   0   2   0   0  -1   2   0  -1   0   2   1   0  -1   0   4   1  -1    5   5   5   5   5   5   5   5   5   5   5   5   5   5   5   5   5   5   5   5  0.09 0.08
  128 R     1   4  -1  -1   4   0  -1  -2   1  -1  -1   0  -5   0  -2  -1  -1   2   0  -1   10  20   3   3   7   5   4   4   3   3   5   6   0   4   3   6   4   3   3   5  0.27 0.20
  129 L    -1  -2  -1  -1   1  -1  -1  -2  -1   0   3  -1   1   0  -2  -1   0  -4   0  -1    6   2   3   4   4   3   3   4   2   4  35   4   4   4   2   6   5   0   3   3  0.22 0.22
  130 K     0   0   0   0   2   0   0   0   1   0  -1   0   1   0   1   0   0  -3  -1   0    6   6   5   6   5   5   6   6   5   6   6   6   5   5   6   6   6   0   0   6  0.03 0.07
  131 P     0   0   0  -1   1   0   0  -1   0  -1  -1   0   0   0   4   0   0  -4   0  -1    6   5   5   3   3   5   5   5   3   4   6   5   3   4  22   5   6   0   3   3  0.22 0.20
  132 T     0   0   0   0   2   0   0  -1   1   0  -1   0   1   0   0   0   0  -2   1   0    5   5   5   5   5   5   5   5   5   5   5   5   5   5   5   5   5   0   5   5  0.03 0.05
  133 R    -1   0   0   0   2   0   0  -1   2   0  -1   0   2   1   0  -1   0   4   1  -1    5   5   5   5   5   5   5   5   5   5   5   5   5   5   5   5   5   5   5   5  0.09 0.08
  134 K     0   0   0   0  -2   1   0   0   1   0  -1   0   1   0   1   0   0  -2   1   0    6   6   5   6   0   5   6   6   5   6   6   6   5   5   6   6   6   0   5   6  0.03 0.06
  135 F     0   0   0  -2   2   0   0   0   2   0  -1   0  -2   1   0   0   0   3   1   0    6   6   5   0   5   5   6   6   5   6   6   6   0   5   6   6   6   5   5   6  0.07 0.11
  136 A     0   0   0   0   2  -1   0   0   1   0  -1   0   1  -2   1   0   0  -2   1   0    6   6   5   6   5   0   6   6   5   6   6   6   5   0   6   6   6   0   5   6  0.01 0.09
  137 Y    -1   1   0  -1   2   0   0  -2   1  -1   0   0   0   0  -1   0   1  -3   3   0    3   8   3   3   4   3   6   3   3   4   9   6   3   3   3   5  12   0  13   6  0.11 0.16
  138 L     0  -2  -2  -3   3  -2  -2   0  -3   1   0  -2   2   1   1   0   0   4  -1   0    8   0   0   0   8   0   0   8   0   8   8   0   8   8   8   8   8   8   0   8  0.17 0.14
  139 G     0   0   0   0   2   1   0   0   2  -2  -1   0   1  -2   1   0   0  -3   1  -1    6   6   5   6   5   5   6   6   5   0   6   6   5   0   6   6   6   0   5   6  0.03 0.11
  140 R    -1   2   0   1   2  -1   1  -2   1   0  -3   0   0   0  -2  -2  -1   4   0  -1    5  11   4   8   5   3   9   4   4   5   3   5   3   4   3   3   4   5   4   4  0.11 0.14
  141 L    -3  -1  -5  -5   3  -1  -4  -5  -5   2   4  -4   2   0   0   0  -3  -4  -4   1    1   4   0   0   7   3   0   1   0  11  41   0   4   3   4   9   0   0   0  10  0.60 0.39
  142 A     0  -2   1   1   2  -1   0   0  -2   0   0   0   1  -2   1   0   0  -3  -2   0    7   0   7   7   7   0   7   7   0   7   7   7   7   0   7   7   7   0   0   7  0.07 0.10
  143 H    -1   1   0  -1   1   0  -1   0   5  -1  -2   2   0   0  -1   0  -1  -4   0  -1    6   8   3   3   3   3   3   6  17   4   3  11   3   4   3   9   4   0   3   3  0.21 0.19
  144 E    -1   1  -1   0   0   0   3  -2   1   0   0   2   0  -1  -1   0  -1  -4  -1  -1    4   7   3   5   2   4  23   3   3   5   9  11   3   3   2   6   2   0   2   3  0.18 0.20
  145 V    -1  -1  -2  -4   3  -1  -3  -3  -4   1   2  -2   2   3  -4  -2  -2  -4  -1   3    4   4   2   0   5   3   2   2   0   7  22   3   6  13   0   3   2   0   2  20  0.36 0.26
  146 G    -1  -1  -4  -5  -5  -5  -5   7  -5  -2  -5  -4   0  -5  -5  -2  -1   3  -5  -5    5   4   0   0   0   0   0  71   0   3   1   0   3   0   0   3   3   4   0   0  1.57 0.68
  147 W     0   0  -5  -3   0  -5  -5   2  -5  -5  -2  -5  -5  -1  -6  -3  -5  11   1  -3    8   5   0   2   2   0   0  15   0   0   4   0   0   2   0   2   0  51   4   2  2.10 0.79
  148 K     0   1   1   1  -3   1   1   0   2  -2  -1   1  -2  -2   1   0   0  -2   1  -2    7   7   7   7   0   7   7   7   7   0   7   7   0   0   7   7   7   0   7   0  0.13 0.11
  149 Y    -1   0   0  -1   1   0   0  -1   5  -4  -2   1  -3   1  -1   0  -1   4   4  -2    4   4   3   3   3   4   6   4  14   0   3   9   0   4   3   6   3   5  17   3  0.34 0.28
  150 Q     0   0   0   0  -3   1   0   0   2  -2  -1   0   1   1   0   0   0   3   1  -1    6   6   5   6   0   5   6   6   5   0   6   6   5   5   6   6   6   5   5   6  0.08 0.12
  151 A     0   1   1   1  -3   1   0   0   2  -2  -1   0   1  -2   1   0   0  -3  -2   0    7   7   7   7   0   7   7   7   6   0   7   7   6   0   7   7   7   0   0   7  0.09 0.10
  152 V     0   0  -1   0   2   1   0   0  -2   0   0  -1   1   0   1   0   0  -3  -2   0    7   7   0   7   6   7   7   7   0   7   7   0   6   6   7   7   7   0   0   7  0.05 0.10
  153 T     0   0   1   1   2   1   0   0  -2   0  -1  -1  -1  -2   1   0   0  -3  -2   0    7   7   7   7   7   7   7   7   0   7   7   0   0   0   7   7   7   0   0   7  0.08 0.09
  154 A     0   0   1   1  -2   1   0   0  -2   0  -1   0   1   0   1   0   0  -3  -2   0    7   7   7   7   0   7   7   7   0   7   1   7   6   6   7   7   7   0   0   7  0.06 0.09
  155 T     0   0   0   0   2   1   0  -2   2   0   0   0   1   0   1   0   0  -3  -2   0    6   6   6   6   6   6   6   0   6   6   6   6   6   6   6   6   6   0   0   6  0.06 0.10
  156 L     0  -1   0  -1  -2   0  -2  -1   2   1   2  -2   2   0  -3   0  -1  -2   1   1    6   4   4   5   0   4   0   5   7   7  24   0   8   4   0   7   0   0   5  10  0.09 0.14
  157 E    -1   0   2   0  -3   2   3   0  -1  -1  -3   0  -2  -3   1  -1   0   3   0  -1    5   4  11   5   0   9  23   6   0   4   1   5   0   0   7   1   6   5   5   5  0.23 0.20
  158 E     0   0   1   0   1   1   3  -2   0  -1  -1   1  -1  -3   1   0   0  -3  -3   0    7   6   7   3   4   4  22   2   2   3   5   7   2   0   7   8   4   0   0   6  0.14 0.16
  159 K    -1   2   1  -2  -4   2   2  -3  -2  -1  -2   4  -2   0   0  -2  -2  -4  -3  -1    3  12   7   0   0   9  13   1   0   5   3  31   0   5   5   0   0   0   0   5  0.40 0.30
  160 R    -2   6   0  -1   0  -1   0  -2   0  -2  -2   0  -3   0  -4  -1  -3   4  -3  -4    3  52   4   3   2   1   5   3   2   2   3   4   0   5   0   4   0   5   0   1  0.82 0.45
  161 K    -1   2  -2  -3   3   0   0   0  -1  -2  -2   5  -1  -4   1  -1  -1  -4  -4  -2    3   9   0   0   7   3   5   6   1   3   4  43   1   0   7   2   3   0   0   2  0.52 0.36
  162 E     0   1  -2   0  -3   0   4  -3  -1   1  -1   0  -1  -3  -1   0  -1  -4   0   1    8   7   0   4   0   3  33   1   1   9   5   4   1   0   2   5   3   0   3  10  0.26 0.25
  163 K    -1   2  -1  -1  -4   1   1  -1  -1  -4  -4   5  -1  -1  -1   0  -2  -4  -3  -2    3  12   2   2   0   6   6   4   1   0   0  42   1   3   3   6   2   0   0   3  0.52 0.38
  164 A     2   0   0  -1  -1   1   1   0  -2  -2  -1   1  -2  -2   0   2   0  -3  -3  -1   23   3   4   2   1   6   9   5   0   0   6   8   0   2   5  17   4   0   0   4  0.18 0.19
  165 K     1   1   0   1  -3   1   1  -2  -1  -2  -2   3   0   0  -2   1   0  -3  -1  -2   13   8   3   6   0   6  10   1   1   2   3  21   2   5   0  11   4   0   1   2  0.19 0.19
  166 M     1   0  -1  -2  -2  -1   1  -2  -1   2   1   0   1   0   0  -1  -1   0  -2   1   12   5   2   1   0   2   9   1   1  17  18   8   3   4   4   2   2   1   0   7  0.09 0.13
  167 H    -1   0  -2  -2   2  -1   1  -2   4  -2  -1   0  -1   2  -3  -1  -1   3   4  -2    5   4   1   1   4   3  11   2  11   2   6   5   2   9   1   4   3   4  17   2  0.29 0.23
  168 Y     0  -3  -1  -3   0  -1   0  -1   3  -2  -1  -2  -2   1  -3  -1  -1   2   6  -1    8   1   3   1   2   2   5   4   7   2   6   2   1   5   1   4   3   2  36   5  0.58 0.36
  169 R     0   2  -2  -1   0   2   3  -2   0  -1  -2   2  -2  -2  -2  -1  -1   3  -1  -2    8  13   1   2   3  11  18   2   2   4   3  15   1   2   1   3   3   4   2   2  0.30 0.25
  170 K    -1   3   0  -1  -5  -1   2  -4   1  -4  -4   5  -4  -5  -1  -2  -2   1  -2  -4    5  13   4   2   0   2  11   1   3   1   1  44   0   0   3   2   2   2   1   1  0.75 0.47
  171 K    -1   2  -1  -2  -5  -1  -1  -4   0  -2  -3   6  -4  -5  -4  -2  -2  -5  -4  -1    4  10   3   1   0   2   3   1   2   2   3  59   0   0   0   2   2   0   0   4  1.04 0.58
  172 K    -2   2  -1  -2   0   2   0  -4  -2  -2  -1   5   1  -5  -2   0  -3  -5  -4  -1    2   9   2   2   2   8   4   1   1   2   5  45   4   0   2   7   1   0   0   4  0.66 0.45
  173 Q     1   1   0  -2  -1   4   1  -3  -1  -1  -1   2   0  -1   0  -2  -1  -4  -3  -1   11   7   5   1   1  20  10   1   1   3   6  15   2   3   5   1   4   0   0   3  0.27 0.27
  174 I    -1  -2  -1  -1  -3   0  -1  -3  -3   1   3  -1   2   2  -4  -2  -1  -3  -1   1    6   2   3   3   0   4   4   2   0   7  36   4   5   8   0   2   3   0   1  10  0.27 0.24
  175 L     1   0   2  -2  -4   2   0  -3  -1  -1   0   2   4  -3  -3  -1   1  -4  -3  -1   13   5   9   2   0   8   5   0   1   3   9  14  16   0   0   4   7   0   0   3  0.27 0.28
  176 R     1   4   1  -2  -5  -1  -1  -2  -2  -3  -4   5  -2  -4  -3   0  -3  -5  -1  -3   10  25   6   1   0   2   2   3   1   2   1  37   1   1   1   6   0   0   2   1  0.74 0.48
  177 L     0  -2  -2  -3  -4  -1  -2  -5  -1   2   5   0   0   0  -5  -2  -2  -4  -1  -1    8   1   2   1   0   3   2   0   2   9  53   6   2   2   0   2   2   0   2   2  0.56 0.40
  178 R    -1   5  -3  -4  -5   1  -1  -4  -2  -1  -1   2  -2   0  -4  -2   2   4  -2  -2    4  30   0   0   0   7   3   0   1   4   6  13   1   3   0   2  16   7   1   2  0.56 0.41
  179 K     1   1   0  -2  -4   0   2  -2  -2  -1  -3   4  -2  -4  -2   1   0  -1  -2  -1   13   7   3   1   0   3  12   1   0   4   2  31   0   0   1   8   5   1   1   4  0.35 0.31
  180 Q     0   2  -2  -1  -1   5   2  -4  -2  -4  -2   3  -1  -3  -4  -1  -1  -1  -4  -2    9   8   1   2   1  25  16   0   1   0   4  21   1   1   0   3   3   1   0   2  0.58 0.43
  181 A     6  -5  -2  -3   0  -4  -2  -2  -5  -2  -3  -2  -4  -3  -1  -1  -2  -5  -2  -1   70   0   2   2   2   0   2   2   0   3   2   2   0   1   3   3   1   0   2   4  1.08 0.65
  182 E    -2   1   0  -2  -5   0   4  -1  -1  -2  -1   3  -1  -4  -3   0  -1   1  -4  -2    3   8   4   1   0   2  32   4   1   2   7  19   1   1   0   7   3   2   0   3  0.42 0.35
  183 K     0   1   0  -2  -5   1   1  -3  -2  -3  -4   6  -4  -2  -4  -1  -2  -5  -4  -2    8   6   3   1   0   5   8   2   1   1   1  51   0   2   0   5   2   0   0   3  0.79 0.50
  184 N     1  -1   5  -1  -1   0   1  -2   0  -3  -4   3  -3  -1  -4   0  -1  -5  -4  -2   12   2  34   2   2   3   9   2   2   1   1  17   1   3   0   5   2   0   0   3  0.53 0.39
  185 V     3  -3  -3  -2  -1  -3  -2  -4  -4   1   0  -2   2  -1  -3  -1  -2  -4  -2   4   28   1   1   2   1   0   2   0   0   7   8   3   5   3   1   4   1   0   1  34  0.46 0.36
  186 E     1   0   1   0  -4   0   4  -2  -3  -2  -2   2  -2  -2  -3  -1  -2  -4  -2  -2   14   3   6   4   0   2  36   3   0   3   5  13   1   2   0   4   1   0   1   2  0.42 0.34
  187 K     0   0  -1   0  -4   1   1   1  -3  -2  -4   5  -3  -5  -1   1  -1  -5  -4  -2    5   3   2   4   0   5   9   9   0   2   0  41   0   0   2  10   3   0   0   3  0.53 0.38
  188 K    -2   1  -2  -2  -5   1   1  -2  -3  -2  -3   6  -4  -5  -4   0   0  -5  -4  -1    1   6   1   2   0   5   7   2   0   3   2  53   0   0   0   6   6   0   0   5  0.83 0.50
  189 I    -1  -3  -1  -2  -2  -2  -3  -4  -3   3   2  -3   2  -1  -4  -1   1  -4  -2   2    5   0   3   2   1   1   1   0   1  23  23   0   4   2   0   5  11   0   1  16  0.36 0.27
  190 C     3  -1   1   2   0  -1   2   0  -3  -2  -3   1  -3  -3   0   1  -2  -4  -4  -2   29   2   6  12   2   2  13   7   0   2   1   8   0   1   3   9   1   0   0   2  0.29 0.26
  191 K     0   0  -2  -1  -4   0   1  -3  -3  -4  -3   4  -3  -5   4   0  -1  -5  -4  -2    8   4   1   2   0   3   8   1   0   0   3  34   0   0  21   8   3   0   0   3  0.62 0.40
  192 F    -3  -2  -1  -2  -1   2   0  -3   1   0   0  -1  -1   4  -4  -2  -1  -2   5  -1    1   1   2   2   1  13   5   1   3   4   8   4   1  18   0   1   3   0  24   5  0.47 0.34
  193 T    -1  -2   2   0  -4   3  -1  -3  -3  -2   0  -1  -1  -4  -3   0   4  -4  -2  -1    5   1  11   5   0  17   3   0   0   1  11   2   1   0   0   5  31   0   1   5  0.44 0.36
  194 E     2  -2  -2   2  -5   2   4  -3  -2  -5  -5   3  -4  -5  -2  -1  -2  -5  -4  -3   22   0   1   9   0   8  27   1   0   0   0  23   0   0   2   2   1   0   0   1  0.67 0.44
  195 V    -1  -4  -3  -4  -3   0  -1  -5  -3   3   1  -2   2  -1  -2  -3  -1  -4  -3   4    4   0   1   0   0   6   4   0   1  21  10   3   5   2   2   1   2   0   0  39  0.55 0.36
  196 L    -4  -5  -6  -6  -4  -5  -4  -7  -6   4   6  -3   0  -3  -4  -5  -3  -1  -4  -2    0   0   0   0   0   0   1   0   0  22  71   1   1   0   1   0   1   1   0   0  1.33 0.64
  197 K     2   1   0  -2  -2   2   3  -3  -3  -4  -3   4  -1  -5  -3  -1   0  -5  -4  -3   17   6   3   0   1   7  23   0   0   0   1  31   1   0   0   3   5   0   0   1  0.58 0.40
  198 T     1  -1   0  -2  -4   4   1  -1  -2  -3  -4   1  -3  -5  -3   3   3  -5  -4  -3   10   1   4   0   0  19   7   3   0   1   0  10   0   0   0  24  20   0   0   1  0.50 0.38
  199 N    -2  -3  -1  -5  -2  -3  -4  -5   6  -4  -1  -3   0   3  -4   0  -1  -2   7  -4    3   1   3   0   1   1   0   0  19   0   7   1   2  14   1   7   3   0  39   0  1.06 0.54
  200 G    -2  -2  -3  -3  -6  -3  -4   7  -5  -7  -7  -1  -6  -6  -5  -1  -4  -6  -6  -6    1   2   0   1   0   1   1  87   0   0   0   3   0   0   0   3   0   0   0   0  1.92 0.73
  201 L    -4  -5  -5  -6  -5  -4  -5  -6   0  -1   3  -5  -2   3  -2  -5  -4  -1   7   0    0   0   0   0   0   0   0   0   2   3  26   0   0  12   2   0   0   0  50   5  1.32 0.57
  202 L    -3  -3  -3  -4   0  -3  -2  -4   3   0   4  -3   0   0  -4  -3   1  -2   3  -1    0   0   0   0   2   0   3   0   8   0  63   0   0   0   0   0  10   0  15   0  0.58 0.26
  203 V    -1  -3  -4  -4  -2  -3  -3  -4  -4   2   2  -3   1  -2  -3  -2   0  -4  -2   5    0   0   0   0   0   0   0   0   0   2  15   0   3   0   0   0   6   0   0  74  0.64 0.21

                      K         Lambda
Standard Ungapped    0.1384     0.3235
Standard Gapped      0.0324     0.2670
PSI Ungapped         0.1059     0.3174
PSI Gapped           0.0324     0.2670
