
Last position-specific scoring matrix computed, weighted observed percentages rounded down, information per position, and relative weight of gapless real matches to pseudocounts
           A  R  N  D  C  Q  E  G  H  I  L  K  M  F  P  S  T  W  Y  V   A   R   N   D   C   Q   E   G   H   I   L   K   M   F   P   S   T   W   Y   V
    1 M   -1 -3 -3 -4  6 -3 -4 -4 -3  1  2 -3  2  2 -3 -2 -1 -2 -1  1    0   0   0   0  31   0   0   0   0   0  31   0   7  16   0   0   0   0   0  16  0.48 0.07
    2 L   -2 -2 -3 -4 -2 -2 -3 -4 -3  1  3 -3  3  3 -3 -1 -2 -2  0  0    0   2   0   0   0   0   0   0   0   4  52   0   9  20   0   8   0   0   1   3  0.42 0.11
    3 L   -1 -2 -2 -3 -2 -2 -2 -3 -2  0  2 -2  1  3 -1  1  0 -2  0  1    4   2   1   0   0   1   0   1   0   0  35   0   3  16   2  13   4   0   1  15  0.20 0.10
    4 P    1 -2 -2 -2 -1  0 -2 -2 -2 -2 -2 -2 -2 -1  4  4  0 -3  1 -2   13   0   0   0   1   3   1   0   0   2   3   0   0   3  23  42   4   0   5   0  0.54 0.22
    5 A    4 -1 -2 -2  2 -1 -1 -1 -3 -1 -2 -1 -2 -3 -2  2  0 -4 -3  0   53   3   0   0   5   1   3   2   0   2   0   2   0   0   1  16   3   0   0   9  0.45 0.21
    6 T   -1  0  1 -2 -1 -1  1 -3 -2 -2 -3  3 -2 -4 -3  0  4 -4 -3 -2    3   3   5   0   1   0  10   0   0   3   0  29   1   0   0   4  40   0   0   0  0.53 0.27
    7 M   -4 -2 -5 -5 -4 -3 -4 -5 -4 -1  0  1  9 -3 -2 -3  0 -5 -4 -1    0   1   0   0   0   0   0   0   0   1   6   8  73   0   2   1   5   0   0   2  1.78 0.68
    8 S    3 -3  0 -1  2 -2 -2  0 -3 -4 -4 -1 -3 -1 -1  5  0 -5 -4 -3   23   0   3   3   5   0   1   5   0   0   0   2   0   3   2  51   3   0   0   0  0.69 0.40
    9 D   -3 -4  0  7 -6  1  0 -2  0 -6 -6 -2 -5 -6 -4 -2 -3 -6 -4 -6    1   0   3  78   0   5   4   3   3   0   0   1   0   0   0   1   1   0   1   0  1.69 0.61
   10 K   -2  1  2 -3 -6  0 -1 -4 -2 -5 -3  7 -4 -6 -4 -2 -2 -6 -4 -2    1   4   9   0   0   3   2   0   1   0   2  73   0   0   0   1   1   0   0   3  1.31 0.57
   11 P   -1 -2 -5 -3  0 -2 -3 -4  0 -4  0 -3 -4 -4  7 -3 -2 -6 -5 -4    6   2   0   1   2   2   1   1   3   1   9   1   0   0  70   1   1   0   0   0  1.75 0.62
   12 D   -3 -3  2  6 -5 -2 -1  0  2 -1 -2 -1 -2 -4 -2  0 -2 -5 -2 -1    1   1   9  50   0   0   2   6   5   3   5   3   1   0   1   5   1   0   1   6  0.70 0.36
   13 M   -2 -1 -2 -5 -3 -3 -4 -5 -4  2  2  0  7 -1 -4 -3 -1 -4 -3  1    1   3   2   0   0   0   0   0   0  12  20   7  38   2   0   1   4   0   0  10  0.77 0.41
   14 A    3 -2 -1 -1 -1  1  0  2 -3 -3 -4  1 -2 -3 -1  2  0 -4 -3 -2   32   1   2   1   1   6   6  13   0   0   0   9   0   0   2  19   5   0   0   2  0.38 0.27
   15 E   -2 -2 -3 -1 -6  0  6  2 -3 -5 -5  0 -3 -5 -4 -1 -3 -5 -5 -4    1   1   0   1   0   2  67  15   0   0   0   6   1   0   0   2   0   0   0   1  1.18 0.56
   16 I   -2 -3 -5 -4 -3 -4 -5 -4 -5  6  0 -4  3 -3 -5 -3 -1 -5 -3  4    1   1   0   1   0   0   0   1   0  48   4   0   8   0   0   2   3   0   0  30  0.97 0.44
   17 E    1 -1 -1 -1 -3  1  6 -3 -2 -4 -4  0 -4 -5 -3 -1  1 -3 -3 -3   12   1   1   0   1   4  54   1   0   0   0   6   0   0   0   3  11   0   1   1  0.82 0.44
   18 K   -2  0  2 -1 -3  0  0 -1  1 -3 -4  5 -3 -5 -3  2  1 -5 -4 -4    1   4   8   2   0   2   5   4   3   1   0  43   0   0   0  19   7   0   0   0  0.63 0.37
   19 F   -5 -6 -6 -4 -5 -6 -6 -6 -4 -1 -1 -6 -3  9 -6 -3 -5 -2  0 -3    0   0   0   1   0   0   0   0   0   2   3   0   0  87   0   2   0   0   1   1  2.32 0.75
   20 D   -4 -2  3  7 -5  0 -1 -1  0 -4 -5 -2 -5 -5 -2 -1 -2 -6 -3 -4    0   1  15  61   0   4   0   4   3   1   0   2   0   0   1   4   2   0   1   1  1.22 0.50
   21 K   -1  2 -2 -1 -5 -1 -1 -4 -1 -4 -4  6 -2 -2  1 -2 -1 -5 -3 -3    4   8   1   2   0   1   2   0   2   1   0  63   1   2   7   2   3   0   1   1  0.98 0.48
   22 S    1 -1  0  0 -1  0  0  0 -1 -2 -1  0 -1 -3 -2  3  1  0 -3 -1   12   2   4   3   1   3   5   4   1   1   7   5   1   1   1  33  11   1   0   4  0.22 0.20
   23 K   -1  0  0 -2  0  2  0 -2 -1 -3 -3  6 -2 -4 -3  0 -2 -4 -3 -3    3   2   3   0   2   7   3   2   1   1   1  63   1   0   0   5   1   0   0   1  0.80 0.40
   24 L   -3 -3 -2 -5 -3 -4 -4 -5 -1 -1  6 -4  1 -2 -2 -2 -2 -4 -3  0    0   1   2   0   0   0   0   0   2   0  84   0   2   0   2   3   1   0   0   3  1.06 0.46
   25 K   -3  2  0 -3 -5 -1  0 -4  0 -5 -5  7 -2 -5 -3 -2 -2 -5 -4 -5    0   7   3   0   0   0   3   0   2   0   0  80   1   0   0   2   1   0   0   0  1.38 0.57
   26 K   -3  1 -1 -1 -5  0  0 -3  4 -4 -3  6 -3 -5 -1 -2 -2 -5 -3 -3    0   6   1   2   0   1   5   1  13   0   2  64   0   0   2   0   1   0   0   2  1.00 0.46
   27 T    1 -1 -2 -1 -3 -1 -3 -3 -3  0 -2 -2  1 -4 -2 -1  6 -4 -3  1   10   3   0   3   0   3   0   0   0   7   0   1   5   0   1   1  59   0   0   7  0.72 0.41
   28 E   -2 -1  1  2 -5  1  6 -3 -1 -3 -3  0 -3 -5 -3 -1 -1 -5 -4 -3    1   1   6  11   0   6  58   1   1   1   2   5   0   0   0   4   2   0   0   1  0.87 0.40
   29 T   -2 -2 -3 -4 -3 -3 -3 -4 -4 -1 -1 -2  3 -4 -2 -1  6 -5 -4  0    1   2   0   0   0   0   0   0   0   3   4   2  11   0   1   1  70   0   0   4  1.07 0.52
   30 Q   -1  0 -1 -1 -2  6  3 -4  0 -4 -2  1 -2 -4 -2 -2 -2 -4 -3 -2    3   2   1   1   1  52  16   0   1   0   3   9   0   0   1   1   1   0   0   4  0.83 0.43
   31 E   -3 -1 -2  0 -5  0  7 -2 -2 -2 -4  1 -4 -5 -3 -2 -3 -5 -4 -1    0   2   0   2   0   1  77   3   0   2   0   6   0   0   0   0   0   0   0   4  1.28 0.53
   32 K   -3  1 -1 -3 -5  1 -1 -4 -3 -3 -4  7 -3 -5 -3 -1 -1 -5 -4 -4    0   3   2   0   0   4   1   0   0   2   0  80   0   0   0   3   2   0   0   0  1.32 0.53
   33 N   -4 -2  8  0 -2 -1 -2 -3 -2 -5 -5  0 -4 -5 -3 -1 -1 -6 -3 -3    0   1  80   2   1   2   0   0   0   0   0   4   0   0   1   2   3   0   1   2  1.62 0.60
   34 P   -1 -3 -3 -3 -4 -2 -2 -4  0 -2 -2 -2 -2 -3  6 -1  3 -4 -1 -1    3   1   0   0   0   1   1   0   2   2   4   2   1   1  45   4  27   0   2   4  1.00 0.41
   35 L   -3 -1 -5 -5 -3 -2 -4 -5 -4  0  6 -4  1 -1 -1 -4 -2 -4 -2 -1    0   4   0   0   0   2   0   0   0   2  82   0   1   1   3   0   2   0   1   2  1.06 0.46
   36 P   -3 -2 -5 -4 -5 -2 -4 -5 -5 -4 -1 -4 -2  0  8 -2 -3 -2 -4 -4    1   2   0   0   0   2   0   0   0   0   7   0   1   5  78   2   1   1   0   0  2.04 0.64
   37 S   -1 -3 -1  0 -1  0 -2 -3 -3 -3 -3 -2 -3 -4 -2  4  5 -5 -4 -3    2   0   1   4   1   3   0   0   0   0   1   1   0   0   1  43  43   0   0   0  0.88 0.46
   38 K   -1  1 -1 -2 -5  0  0 -4 -3 -5 -4  7 -3 -5 -2 -1 -2 -5 -4 -3    4   3   1   1   0   2   5   0   0   0   0  77   0   0   1   2   1   0   0   1  1.24 0.52
   39 E   -2 -1 -2  2 -5  1  6 -3 -2 -5 -5  1 -4 -5 -3 -2 -2 -5 -4 -4    2   2   1   9   0   4  71   2   0   0   0   7   0   0   0   1   1   0   0   0  1.18 0.48
   40 T    0 -2 -2  0 -3 -1  0 -3 -3  0 -1 -1  3 -3 -2  0  4 -4 -3  1    8   0   1   7   0   1   6   1   0   6   2   3  11   0   1   4  42   0   0   8  0.42 0.29
   41 I   -2 -2 -2 -4 -3 -3 -3 -5 -4  6  0 -3  1 -1 -2 -3  2 -4 -3  1    1   2   3   0   0   1   1   0   0  62   4   1   4   2   1   0  14   0   0   5  0.81 0.40
   42 E   -1 -1 -1  1 -3  2  6 -2 -2 -4 -4  1 -1 -3 -3 -1 -2 -5 -4 -4    3   2   1   6   1   8  62   2   0   1   0   7   1   1   0   3   2   0   0   0  0.94 0.43
   43 Q   -1  0 -2  0 -5  7  1 -4  1 -4 -1 -1 -2 -5 -1 -2 -2  0 -3 -4    5   3   0   5   0  61   8   0   3   0   6   1   1   0   3   1   1   1   0   0  1.05 0.50
   44 E   -2 -2 -3  0 -6  0  7 -3 -3 -5 -5  0 -2 -5 -4 -2 -3 -5 -4 -3    2   1   0   4   0   2  83   1   0   0   0   3   1   0   0   2   0   0   0   2  1.52 0.59
   45 K   -3  1 -2 -3 -5  0 -1 -3 -3 -3 -4  7 -2 -5 -4 -2 -3 -5 -4 -3    0   6   1   0   0   3   1   1   0   1   1  84   1   0   0   1   0   0   0   1  1.51 0.60
   46 Q   -1  3 -2 -2 -1  6  1 -2 -1 -3 -4  3 -3 -5 -3  0 -2 -1 -3 -4    3  13   1   0   1  46   5   3   1   1   0  15   0   0   1   8   0   1   0   0  0.81 0.41
   47 A    4 -1 -2 -2  2 -2  0  0 -1 -3 -3 -1 -2 -4  0  1  0 -4 -3 -1   53   3   1   1   5   0   5   4   2   0   1   2   1   0   4  11   4   0   0   4  0.48 0.30
   48 G    1 -3  1  2  0  0  1  4  0 -3 -3 -1 -3 -4 -3  0 -2 -4 -4 -2   11   0   6  11   2   3  11  41   2   2   1   1   0   0   0   6   1   0   0   3  0.49 0.23
   49 E   -2  0 -2  0 -4  1  5 -3 -1  0 -3  3 -2 -4 -2 -1 -1 -4 -3 -3    2   4   0   2   0   5  49   1   1  10   0  19   0   0   1   4   2   0   0   1  0.65 0.32
   50 S    1 -3 -1 -2  0 -2 -2 -2 -3 -4 -4 -2 -3 -4 -2  6  0 -4 -3 -3   11   0   0   0   2   0   0   0   0   0   0   0   0   0   0  85   3   0   0   0  1.08 0.39

                      K         Lambda
Standard Ungapped    0.1176     0.2976
Standard Gapped      0.0533     0.2670
PSI Ungapped         0.1743     0.3185
PSI Gapped           0.0533     0.2670
