
Last position-specific scoring matrix computed, weighted observed percentages rounded down, information per position, and relative weight of gapless real matches to pseudocounts
            A   R   N   D   C   Q   E   G   H   I   L   K   M   F   P   S   T   W   Y   V   A   R   N   D   C   Q   E   G   H   I   L   K   M   F   P   S   T   W   Y   V
    1 M    -2  -3  -4  -4  -2  -3  -3  -4  -3   3   4  -3   3   0  -3  -3  -2   2  -1   1    0   0   0   0   0   0   0   0   0  20  59   0  12   0   0   0   0   3   0   7  0.50 0.09
    2 M    -5  -5  -6  -7  -5  -4  -6  -7  -5  -2   2  -5  10  -4  -6  -5  -4  -5  -5  -1    0   0   0   0   0   0   0   0   0   0  15   0  83   0   0   0   0   0   0   3  2.63 0.86
    3 E    -3  -4   0   7  -6  -2   5  -5  -4  -6  -6  -3  -6  -6  -4  -3  -1  -7  -6  -6    2   0   4  58   0   0  33   0   0   0   0   0   0   0   0   0   3   0   0   0  1.61 0.62
    4 A     5  -4  -2  -4  -3  -1  -3  -2   1  -2  -4  -2  -1  -5  -4   2   1  -5  -4   0   63   0   1   0   0   2   0   1   3   1   0   2   1   0   0  13   6   0   0   6  0.89 0.48
    5 I    -4  -6  -6  -6  -4  -6  -6  -7  -6   7   2  -6  -2  -3  -6  -5  -4  -5  -2   1    0   0   0   0   0   0   0   0   0  72  19   0   0   0   0   1   0   0   1   7  1.59 0.61
    6 K    -4   2   0  -3  -6   0   1  -5  -4  -6  -6   7  -4  -6  -4  -2  -3  -6  -5  -5    0  10   4   0   0   2   6   0   0   0   0  75   0   0   0   1   1   0   0   0  1.57 0.65
    7 K    -3   3  -2  -4  -6  -1   0  -5  -1  -6  -5   7  -2  -6  -4  -2  -4  -6  -5  -5    1  13   2   0   0   1   5   0   1   0   1  73   1   0   0   3   0   0   0   0  1.53 0.66
    8 K    -4   2  -4  -4  -7  -2  -3  -5  -4  -6  -6   8  -5  -7  -5  -4  -3  -7  -5  -6    0   7   0   0   0   0   0   0   0   0   0  92   0   0   0   0   1   0   0   0  2.24 0.86
    9 M    -5  -6  -6  -7  -5  -5  -6  -7  -6   3   0  -5  10  -4  -6  -3  -4  -6  -5   0    0   0   0   0   0   0   0   0   0  13   7   0  73   0   0   2   0   0   0   5  2.36 0.91
   10 Q    -1   1  -2  -1  -5   7  -1  -4  -1  -2   0  -1  -1  -3  -5  -2  -1  -5  -2  -3    4   8   2   3   0  57   1   1   1   2  11   1   1   1   0   1   4   0   2   1  1.04 0.59
   11 M     3  -2  -2  -3  -3   2  -2  -2   0  -2   0  -1   6  -4  -4   1   0  -4  -4  -1   26   2   2   1   0  10   1   1   2   0   7   2  25   0   0  12   5   0   0   4  0.50 0.39
   12 L    -2  -5  -6  -6   0  -4  -5  -6  -5  -1   5  -5   7  -1  -6  -5  -1  -5  -4   0    2   0   0   0   2   0   0   0   0   2  57   0  28   1   0   0   4   0   0   5  1.28 0.59
   13 K    -3   1  -3  -3  -1   1   2  -4   0  -6  -5   7  -4  -6  -4  -2  -3  -6  -5  -3    1   6   0   0   2   5  13   1   2   0   0  66   0   0   0   1   1   0   0   2  1.32 0.64
   14 L     0  -3   0   0  -3   0   2  -3  -3   1   3  -2   2  -1  -4  -1   0  -4  -2   0    7   0   5   5   0   4  14   1   0   6  38   1   5   2   0   3   5   0   1   4  0.28 0.25
   15 D    -3  -2  -1   5  -7   1   5  -5   0  -6  -5  -1  -5  -6  -4  -2  -4  -6  -5  -5    1   2   1  38   0   5  46   0   2   0   1   3   0   0   0   1   0   0   0   1  1.34 0.63
   16 K     0  -1  -1  -4  -5  -2  -3  -4  -2  -2   1   6   2  -5  -4  -3   1  -5  -2  -3    8   1   2   0   0   0   0   0   1   1  12  58   5   0   0   0   9   0   1   1  0.93 0.55
   17 E    -2  -4  -2   5  -7  -2   6  -5  -1  -6  -6  -3  -6  -4  -2  -2  -4  -7  -6  -6    3   0   1  37   0   0  54   0   1   0   0   0   0   1   1   1   0   0   0   0  1.56 0.71
   18 N     0   1   6  -1  -5   0  -1  -1  -1  -5  -4   1  -3  -5  -2   0  -3  -6  -4  -3    8   8  50   2   0   4   3   3   1   0   1   9   1   0   2   5   0   0   0   2  0.88 0.48
   19 V     6  -4  -3  -5  -4  -4  -4  -3  -4  -4   0  -4  -1  -2  -4  -1  -1  -5   0  -3   77   1   1   0   0   0   0   0   0   0   8   0   2   1   0   3   2   0   4   1  1.27 0.66
   20 L    -2  -2  -2  -2  -3   1   2  -3  -3   2   3   0   3  -2  -4  -2  -1   0  -2   0    1   1   2   1   0   7  16   1   0  15  28   6   8   0   0   2   3   1   1   6  0.29 0.26
   21 D    -1  -3  -2   7  -6  -2   3  -5  -4  -6  -6  -2  -6  -3  -5  -3  -1  -7  -6  -5    5   1   0  63   0   1  21   0   0   0   0   2   0   1   0   1   3   0   0   1  1.52 0.68
   22 R    -2   7  -3  -1  -2   0   1  -4  -1  -6  -4   3  -4  -6  -5  -2  -2  -6  -5  -5    3  58   0   3   1   2  10   1   1   0   1  14   0   0   0   3   3   0   0   0  1.23 0.60
   23 A     6  -2  -5  -5   2  -4  -2  -3  -5  -1   0  -2  -1  -4  -4  -1  -2  -5  -2  -2   71   2   0   0   4   0   2   0   0   3   7   2   1   0   0   2   2   0   1   2  1.07 0.60
   24 E     0  -3   0   4  -5  -1   5  -2  -1  -3  -3  -1  -4  -5  -4  -1  -2  -6  -5  -2    8   0   4  23   0   1  47   3   1   2   3   2   0   0   0   3   2   0   0   2  0.89 0.51
   25 Q     1   0   0  -2  -2   6   2  -3  -1  -3  -2   0  -2  -5  -4  -1   1  -5  -4  -1   10   4   5   1   1  39  12   1   1   1   4   3   1   0   0   3  11   0   0   4  0.63 0.45
   26 A     4  -4  -3  -5   4  -2  -4  -2  -2  -2   2  -2  -1  -1  -3  -1  -2  -1   0  -1   45   0   1   0   9   1   0   2   1   1  24   2   1   2   1   2   1   1   4   4  0.62 0.43
   27 E    -3  -3  -2   0  -7   1   7  -6   0  -6  -3  -1  -5  -7  -5  -2  -2  -6  -5  -6    1   1   2   3   0   6  75   0   2   0   3   3   0   0   0   2   2   0   0   0  1.58 0.77
   28 A     2   0   2  -1  -1   3   1  -1  -2  -2  -3   0  -2  -3  -2   1   1  -4  -4  -2   22   5  10   3   1  17   9   5   0   3   1   4   0   1   1   8   8   0   0   2  0.30 0.27
   29 E    -2   1  -2   4  -5   4   2  -4  -3  -4  -2   3  -3  -5  -1  -1  -2  -5  -2  -2    3   6   1  24   0  19  13   0   0   0   5  19   0   0   2   3   2   0   1   2  0.61 0.40
   30 Q     1   1  -2  -3  -2   0  -2  -3  -3  -1   3   3   0  -2  -3  -1  -2  -4  -3   0   16   6   2   1   1   3   1   1   0   2  30  22   2   1   1   4   1   0   1   6  0.30 0.29
   31 K    -2   3  -1   1  -5   1   1  -4  -3  -5  -3   6  -4  -6  -4   0  -2  -6  -5  -3    3  15   2   8   0   5   7   0   0   0   2  49   0   0   0   6   2   0   0   1  0.91 0.52
   32 Q     1  -2  -2   2  -4   3   4  -1  -1  -3  -3   0  -2  -3  -1  -1  -1  -5  -4   0   13   1   0  13   0  16  29   5   1   1   1   3   1   1   2   3   2   0   0   6  0.46 0.35
   33 A     5  -3  -2  -2  -2  -2   0  -3  -2  -2   0   1   0  -2  -2   0  -1  -4   0  -2   49   1   1   2   1   1   7   0   1   2   8   9   2   1   1   6   2   0   3   2  0.49 0.40
   34 E    -1   0   4   0  -5   1   5  -3   0  -3  -3   0  -2  -5  -2  -1  -1  -6  -4  -3    4   4  18   2   0   4  47   1   2   2   2   4   1   0   1   3   2   0   0   2  0.78 0.49
   35 E    -1   0   0   4  -3   0   3  -2   0  -2  -1   1   0  -4  -2  -1  -1  -5  -4  -2    6   5   3  27   1   2  21   2   2   2   8   8   3   0   1   3   4   0   0   2  0.38 0.29
   36 R     0   6  -2  -2  -6  -1   1  -4  -3  -3  -3   3  -1  -6  -5  -2  -1  -6  -5  -4    8  48   1   2   0   1   9   1   0   2   2  19   2   0   0   2   3   0   0   1  0.98 0.56
   37 S     3   0   1  -2   5  -3  -1  -2  -3   0  -1  -1   2   0  -4   2  -2  -3  -3  -1   24   6   7   1  13   0   3   2   0   5   4   4   5   4   0  17   1   0   0   2  0.32 0.31
   38 K    -1  -1   0   3  -5   1   4  -3   0  -4  -4   3  -2  -1  -4  -1  -1  -5  -4  -3    5   1   4  14   0   4  31   1   2   0   1  24   1   3   0   3   3   0   0   2  0.60 0.41
   39 Q    -2   1  -2   0   0   5   2  -3  -1  -5  -4   4  -4  -4  -1  -2   0  -5  -4  -3    2   6   1   6   2  33  12   1   1   0   1  24   0   1   2   2   5   0   0   2  0.72 0.47
   40 L     1  -2  -1  -1  -1  -1  -2  -2  -1   1   3   0   0  -1  -3   0   0  -3  -1   1   14   1   2   5   1   3   0   2   2   6  31   6   2   2   0   7   4   0   1  12  0.16 0.18
   41 E    -3  -2   1   1  -5   1   6  -2  -3  -5  -4   0  -1  -5  -4  -2  -1   0  -3  -4    1   1   8   6   0   5  58   4   0   0   2   4   2   0   0   2   3   1   1   1  1.01 0.55
   42 D     0  -1   1   3   0   1   5  -2  -2  -4  -3  -1  -4  -4  -3   1   0  -4  -4  -4    7   3   5  16   2   5  40   2   1   0   2   1   0   0   0   9   4   0   0   1  0.62 0.39
   43 E    -2   1  -2   3  -5   0   5  -3  -1  -4  -3   2  -3  -4  -2  -1  -2  -4  -4  -2    3   8   0  15   0   3  43   2   1   0   3  10   0   0   2   3   2   0   0   4  0.69 0.41
   44 L    -1  -2  -3  -4  -2  -1  -3  -2  -2   3   3  -3   5  -2  -2  -3  -2  -4  -2   2    4   2   1   0   1   3   1   3   1  15  30   1  17   0   2   1   1   0   1  15  0.55 0.35
   45 A     0   2   0   2  -3   1   2  -2  -1  -2  -1   1   1  -3  -3   0  -1  -4  -3  -1   10  13   5  10   0   7  18   3   1   2   4   7   4   1   0   5   3   0   0   5  0.22 0.19
   46 T     3  -1   0   2  -2   1   2  -1   0  -2  -3   1  -2  -4  -2   0   1  -4  -3  -1   25   2   4  12   1   7  12   4   3   2   1   8   1   0   1   4   8   0   0   4  0.27 0.24
   47 M    -1  -3  -3  -5  -1  -3  -4  -5  -4   2   4  -3   2   0  -4  -3  -1   0  -1   3    6   1   1   0   1   1   1   1   0  11  42   2   4   3   0   1   4   1   2  20  0.60 0.35
   48 Q    -2   2   0  -2  -5   4   2  -1  -2  -3  -3   4  -2  -5  -4  -1   0  -5  -4  -2    2  11   5   1   0  21  10   5   1   2   2  28   1   0   0   3   5   0   0   3  0.60 0.40
   49 K    -1   4   0  -2  -3   0   1  -3  -2  -5  -5   5  -1  -5  -2  -1  -2  -5  -4  -4    6  22   4   1   1   3   7   2   1   0   1  41   1   0   2   4   2   0   0   1  0.83 0.49
   50 K    -4   3  -2  -4  -6   0  -1  -2  -4  -5  -3   7  -1  -6  -1  -3  -4  -6  -5  -5    0  16   2   0   0   3   3   4   0   0   3  60   1   0   4   1   0   0   0   0  1.35 0.69
   51 L    -2  -3  -5  -5  -2  -4  -5  -5  -3   5   3  -3   5   0  -1  -2  -2   0  -2   0    3   1   0   0   1   0   0   0   1  29  29   2  17   3   3   3   2   1   1   4  0.78 0.45
   52 K     0   2   0   1  -4   4   0  -2   0  -2  -2   3  -1  -3  -2   0   0  -4  -3  -2    9  11   3   6   0  19   3   3   2   2   3  20   1   1   1   6   6   0   0   3  0.35 0.30
   53 G     0  -1   0  -1  -2   3   1   1  -2  -1  -2   0   0  -1  -1   1   1  -4  -3   0    9   2   4   2   1  19   7  11   1   2   3   4   3   3   3  11   8   0   0   8  0.18 0.22
   54 T    -1  -4  -4  -3  -3  -4  -4  -3  -4   2   3  -3   2  -3  -1  -1   3  -4  -1   1    5   0   0   1   0   0   0   2   0  10  34   2   5   0   3   4  19   0   2  11  0.49 0.36
   55 E    -4   2  -2  -1  -6   4   5  -4  -3  -5  -4   2  -1  -3  -1  -2   0  -5  -5  -5    0  10   2   2   0  19  37   1   0   0   2  12   1   1   3   2   5   0   0   0  0.86 0.56
   56 D    -2  -2   3   3  -2   3   3   0   0  -3  -2  -1  -4  -2  -4  -1   0  -5  -2  -3    3   1  13  20   1  12  19   6   2   2   4   2   0   2   0   3   6   0   1   2  0.43 0.35
   57 E    -1   0  -1   4  -5   3   4  -3  -1  -5  -4   1   0  -5  -1   0  -2  -5  -4  -3    4   4   2  19   0  12  32   2   1   0   2   6   3   0   2   6   2   0   0   2  0.66 0.47
   58 L     1   0  -2  -2   3  -2  -2  -2  -1   1   3  -1   1   0  -3  -1  -1  -3  -1   0   15   6   2   3   7   2   1   3   2   8  29   3   3   4   0   3   3   0   1   6  0.20 0.21
   59 D    -2  -2   0   6  -5  -1   3  -2  -1  -3  -4  -2  -2  -3   1  -2  -2  -5   0  -2    3   2   3  41   0   2  21   3   1   2   2   2   1   1   7   2   2   0   3   3  0.80 0.52
   60 K     0   1   0   1   0   1   2  -2   0  -2  -1   2  -1   0   0   0   0  -4  -3  -1    8   6   3   6   2   7  15   2   2   2   5  16   1   4   4   4   7   0   0   3  0.15 0.17
   61 Y     2  -1  -1  -2   0  -2  -2  -3   2   0  -1  -1   1   0   0   0   0   1   2   1   22   2   3   2   2   0   2   0   5   6   6   4   5   3   4   8   6   2   7  10  0.13 0.18
   62 S     0   0   0   0   0   1   2  -2   1  -1  -1   1   1  -2   0   1   0  -4  -3  -2    6   3   3   5   2   7  16   2   4   4   4  11   5   2   4  13   4   0   0   2  0.14 0.18
   63 E     0   1   1   1  -3   1   1   0  -1  -2  -1   1  -1   0   1   0   0  -3  -2  -2    8   8   7   8   0   7   8   8   0   0   8   8   0   7   8   8   8   0   0   0  0.11 0.09
   64 A     0   2   1   0   1   1   1  -1   1  -2   0   1   0   0  -2   0   0  -3  -2  -1    6  13   6   5   4   8   7   5   3   0   9  10   3   5   0   7   4   0   0   4  0.08 0.11
   65 L     2  -2   0  -4   1  -2  -1  -3  -1   0   3  -1   0   0  -2  -1  -1  -3   1   0   18   2   5   0   3   1   5   1   2   4  32   3   2   3   1   3   3   0   4   7  0.23 0.25
   66 K     0   0   0   0   0   2   3  -1   3  -1  -1   1   0  -1  -3  -1   0  -4  -1  -2    8   3   5   4   2  10  19   4   8   5   5   8   3   3   0   3   6   0   2   2  0.17 0.21
   67 D     0   0   0   2  -3   1   2  -1   1   0  -1   0   0  -1  -3   0   0  -3   0  -1    8   6   4  11   0   6  13   4   3   6   4   5   3   3   0   6   7   0   4   4  0.10 0.12
   68 A     0   0   0   0   2   0   0   0  -1   0  -1   0   1   0   1   0   0  -2   1   0    6   6   5   6   5   5   6   6   0   6   6   6   5   5   6   6   6   0   5   6  0.03 0.06
   69 Q    -1   0   2   0   1   3   2  -3   1  -2  -2   1   0  -1  -3   0   1  -4  -3  -1    4   5  11   4   3  17  14   0   3   2   3   8   2   2   0   6   9   0   0   4  0.28 0.28
   70 E     0   3   0   0  -3   0   2  -2   1   0  -2   1  -1  -1  -1   0   0  -3  -1  -1    7  17   4   3   0   4  14   3   4   5   4   8   2   2   3   6   7   0   2   4  0.15 0.17
   71 K     0   1   0   0   1   1   1  -1   0  -1  -1   2   0  -3  -1   1  -1   2  -3  -1    6   6   4   6   4   6  12   3   3   3   7  14   3   0   3  10   3   3   0   3  0.12 0.15
   72 L     0   0  -1   0   2   1   0   0   2   0   0   0   1   1  -2   0   0  -2   1   0    6   6   0   6   6   6   6   6   6   6   6   6   6   6   0   6   6   0   6   6  0.04 0.09
   73 E    -1   0   2   3   2   1   4  -2   1  -1   0   0  -6  -7  -6  -1  -1  -7  -6  -1    5   4   9  13   3   5  21   4   3   3   8   6   0   0   0   5   4   0   0   5  0.40 0.27
   74 L    -1   0   0   0   2   0   0  -1   2   0  -1   0   2   1   0  -1   0   4   1  -1    5   5   5   5   5   5   5   5   5   5   5   5   5   5   5   5   5   5   5   5  0.09 0.08
   75 A     0   0   0  -2   2   1   0  -1   2   0  -1   0   1  -2   0   0   0   3   1   0    6   6   5   0   5   5   6   6   5   6   6   6   5   0   6   6   6   5   5   6  0.08 0.13
   76 E    -1   2   2   1   1   0   1  -2   1   1  -2   1   0  -1  -1  -1  -1  -4  -3  -1    3  12  10   7   4   4  11   3   3   9   4  10   3   3   3   4   3   0   0   5  0.13 0.16
   77 K    -1   0   0   0   2   0   0  -1   2   0  -1   0   1   0  -3   0   0   3   1   0    5   5   5   5   5   5   5   5   5   5   5   5   5   5   0   5   5   5   5   5  0.06 0.10
   78 K     0   0   0   0   2   0   0  -1   1   0  -1   0   1   0   0   0   0  -2   1   0    5   5   5   5   5   5   5   5   5   5   5   5   5   5   5   5   5   0   5   5  0.03 0.05
   79 A     2   1  -1   0   2   0  -1  -2   1  -1   0  -1   1   1   0  -1  -2   2   1  -1   17   8   3   5   4   4   3   3   3   3  10   4   3   6   4   5   3   3   5   4  0.11 0.11
   80 A    -1   0   0   0   2   0   0  -1   2   0  -1   0   1  -2   0   0   0   3   1   0    5   5   5   5   5   5   5   5   5   5   5   5   5   0   5   5   5   5   5   5  0.07 0.11
   81 D     0   0   1   0   2   1   0   0   2   0  -1   0   1  -2  -3   0   0   3  -2   0    6   6   6   6   6   6   6   6   6   6   6   6   6   0   0   6   6   6   0   6  0.08 0.12
   82 A     5  -2  -1  -2   1  -1  -2  -2   1  -2  -2  -2   1   0  -2  -2  -1   3  -1   0   36   3   3   3   3   3   3   3   3   3   5   3   3   4   3   3   4   4   3   5  0.47 0.32
   83 E     0   0   1   0   2   1   0   0  -1  -2  -1   0   1  -2   1   0   0  -3   1   0    6   6   6   6   6   6   6   6   0   0   6   6   6   0   6   6   6   0   6   6  0.06 0.11
   84 A     0   1   2   0   1   0   0   0  -2  -1  -2   0   1  -3   0   1   0   2   0  -1    7   8  10   4   4   3   4   7   0   4   3   5   4   0   4  13   7   3   4   4  0.09 0.13
   85 E    -1   1   0   2   2   1   3  -1   1  -1  -2   0  -3  -1   1   0  -1  -4  -1  -1    5   7   3  11   6   5  21   4   4   4   3   4   0   3   7   5   4   0   2   3  0.20 0.21
   86 V     0   2   0  -2   1  -2  -2  -1   1   0   0   0   0  -1  -1   0   0   0   1   2    9  12   4   2   3   0   0   5   3   3   9   4   3   2   3   5   6   2   5  19  0.08 0.15
   87 A     2   0   0   1  -1   0   1   0   0  -2  -2   1  -1  -3   0   0   0   1  -1  -1   22   5   3   7   1   4  10   6   3   2   4   9   2   0   3   6   4   2   2   4  0.12 0.16
   88 S     1  -1   0  -1   1   0   0   0   0  -1  -1   0  -1   0  -1   2   0  -3   0   0   14   2   3   3   3   4   7   8   2   2   4   5   2   5   3  19   5   0   3   6  0.09 0.15
   89 L    -1  -2  -2  -4   1  -1  -1  -2   2   0   4  -2   2  -1   0  -1  -2   1  -1  -1    4   2   2   0   3   3   4   3   5   3  41   2   5   2   5   4   2   2   2   4  0.37 0.32
   90 N     0   0   0   0   2   1   0   0   1   0  -1   0  -1   0   1   0   0  -3  -1   0    6   6   6   6   6   6   6   6   6   6   6   6   0   6   6   6   6   0   0   6  0.04 0.07
   91 R    -1   3   1   0   1   0   0  -1   1  -3  -2   1   0   1   0   0   0  -4  -2  -1    4  23   6   6   4   3   4   4   4   0   4   6   3   6   6   7   5   0   0   4  0.18 0.21
   92 R     0   0   1   0   2   1   0   0   2  -2  -1   0  -2  -3   1   0   0   4  -2  -1    6   6   6   6   6   6   6   6   6   0   6   6   0   0   6   6   6   6   0   6  0.11 0.13
   93 I    -1  -1  -1  -1   2   0   0  -1  -2   2   1  -1   1  -2   0   0   0   2   0   1    4   3   3   3   4   3   7   4   0  15  13   4   4   0   4   7   7   3   3   9  0.05 0.10
   94 Q    -1   0   0   0   2   0   0  -1   2   0  -1   0   2   1   0  -1   0   4   1  -1    5   5   5   5   5   5   5   5   5   5   5   5   5   5   5   5   5   5   5   5  0.09 0.08
   95 L    -2   0  -1  -1   1   2  -1  -2   0   0   2   0   2  -5  -2  -2  -1   5   0  -1    4   5   3   4   3   9   4   3   3   6  22   5   4   0   3   4   5   7   3   4  0.27 0.21
   96 V    -1  -1  -1   1   0  -1  -1  -4  -4   1   2  -1   1   0  -1  -1   0   2  -1   1    4   3   2   7   2   2   5   0   0   6  25   4   3   4   3   5   7   3   2  11  0.16 0.18
   97 E    -2   0  -1   2   1  -1   6  -3  -5  -6  -2  -2   0  -6   0  -1  -2  -6  -6  -3    3   5   3  11   3   3  43   2   0   0   4   3   2   0   5   4   2   0   0   2  0.78 0.56
   98 E     0   0   1   0  -2   1   0   0   2   0  -1   0  -1  -2  -2   0   0  -2   1   0    6   6   6   6   0   6   6   6   6   6   6   6   0   0   0   6   6   0   6   6  0.02 0.08
   99 E    -1   0   1   2  -3   2   3   0  -2  -3  -2   1  -2  -3  -2   0   0   3  -2  -1    4   5   9  12   0   9  19   5   0   0   4   6   0   0   0   6   4   5   0   4  0.20 0.22
  100 L     0   0   0  -2   2   0   0  -1   2   0  -1   0   1   1  -3   0   0   3   1   0    6   6   5   0   5   5   6   6   5   6   6   6   5   5   0   6   6   5   5   6  0.08 0.12
  101 D    -1  -1   1   4   1   1   3  -1   1  -4  -3   0   0  -5  -4  -1  -1  -5  -4  -2    5   3   6  22   3   6  22   4   4   0   2   6   3   0   0   4   4   0   0   2  0.38 0.36
  102 R     0   0   0   0   2   0   0   0   1   0  -1   0   1   0   0   0   0  -3  -1   0    5   5   5   5   5   5   5   5   5   5   5   5   5   5   5   5   5   0   0   5  0.00 0.07
  103 A     1   0   0  -2  -3   0  -1  -1  -2   0   0   0   1   0  -3   0   1   2   0   0   17   4   5   0   0   5   3   4   0   4  12   4   3   4   0   8   8   3   4   7  0.04 0.15
  104 Q    -1   0   0   0  -4   3   4  -1   0  -2  -2   0  -3  -4  -1   1  -1  -4  -1  -2    5   4   3   4   0  13  29   5   2   2   3   4   0   0   2   9   3   0   3   2  0.30 0.35
  105 E    -1   1   1   1  -1   1   3  -1  -2  -3  -2   0  -1  -4  -1   0   1  -4  -1  -2    5   6   7   5   2   5  27   4   0   0   3   4   2   0   2   7  10   0   2   3  0.22 0.29
  106 R    -1   5   0  -1  -1   3  -1  -1   1  -2  -2   2  -1  -4  -2  -1  -2  -4  -4  -3    3  34   4   3   1  12   3   4   4   3   4  10   1   0   2   4   2   0   0   2  0.43 0.41
  107 L     0   0   0  -2   2  -1   0   0   2   0  -1   0   1   1  -3   0   0   3   1   0    6   6   5   0   5   0   6   6   5   6   6   6   5   5   0   6   6   5   5   6  0.04 0.13
  108 A     3  -1   0   0  -3   1   2  -1   0  -2  -2   1  -2  -1  -3   1   0  -4  -1  -1   25   3   4   4   0   6  13   4   3   1   4   8   0   3   0   8   7   0   1   3  0.18 0.22
  109 T    -1  -1   0   2   0   2   2  -1  -1  -1  -1   0   0  -4  -1   1   2  -4  -3  -2    5   2   3  10   3   8  18   4   1   4   5   4   3   0   3  10  14   0   0   2  0.18 0.22
  110 A     4   0  -1  -4  -3   0  -3  -1  -1  -1   0   0   0  -1  -3  -1   2  -4  -3   0   38   5   2   0   0   4   0   4   2   2  11   6   2   3   0   3  13   0   0   5  0.35 0.34
  111 L    -1   0   0  -1  -1   2   1  -1  -3  -1   2   1   0  -3  -3  -1   2  -4  -3  -1    3   4   4   3   2  11  10   4   0   3  20  11   2   0   0   4  16   0   0   2  0.20 0.24
  112 Q     0   1   0   0  -3   1   0  -1   1   1   0   1   1   0  -1   0   0   2   0  -1    7   7   5   6   0   6   4   4   3   9   7  10   4   4   3   6   6   3   3   4  0.04 0.06
  113 K    -1   1   0   0  -5   0  -1  -2   1   1  -1   4   1  -1   0  -1  -1   3  -4  -4    5   6   4   5   0   4   4   3   3   8   6  31   4   3   4   4   4   4   0   0  0.33 0.31
  114 L     0  -2  -3  -5  -1   0  -3  -2  -2  -1   4  -1   0   0  -3  -2  -2   0   1   0    7   2   1   0   1   5   1   4   1   3  50   4   2   3   1   3   2   1   5   4  0.50 0.40
  115 E     0  -1   1   2   0   1   4  -1  -1  -2  -1   0  -1  -2  -3  -1   0  -4  -1  -1    9   3   5   9   2   5  30   5   1   2   5   4   2   2   0   2   6   0   2   6  0.26 0.26
  116 E    -1   0   0   1  -5   1   5  -2   0  -4  -2   0  -1  -3  -1   0  -1  -5  -2  -2    4   5   4   6   0   5  44   3   2   0   3   5   2   1   3   7   4   0   1   3  0.59 0.45
  117 A     3  -3  -2  -3   0  -1   0  -1  -1   0   0  -1   1  -1  -1  -1   1  -4  -1   1   33   0   2   0   2   2   8   3   2   4  10   3   3   2   3   3   8   0   2  10  0.22 0.26
  118 E    -1  -1  -1   0  -1   0   4  -2   0  -2  -1  -1  -1  -2   2   2   0  -4  -3  -2    4   3   2   4   1   4  31   2   2   2   7   2   2   2   8  15   5   0   0   3  0.33 0.32
  119 K     0   1   0   0  -3   2   1  -1   2  -3  -1   3  -2  -3   0   0   0   2   1  -1    6   6   4   4   0   8   9   4   6   0   6  21   0   0   3   5   4   3   6   4  0.19 0.20
  120 A     0   0   1   0  -2   1   0   0  -1   0   0   0   1  -2   1   0   0  -2   1   0    6   6   6   6   0   6   6   6   0   6   6   6   6   0   6   6   6   0   6   6  0.05 0.08
  121 A     2  -1  -1  -1   1  -1  -1   0   0   0   0  -1   0   0  -1   0   0  -3   0   1   24   4   3   3   3   2   3   7   2   6   8   2   2   3   3   6   4   0   4   9  0.07 0.12
  122 D    -2   0  -1   5   0   0   3  -2   2  -2  -2   1  -4  -4  -4  -1  -1  -5  -1  -1    4   4   2  33   3   3  17   3   5   3   5   8   0   0   0   3   2   0   2   4  0.49 0.37
  123 E    -2   0   0   2  -5   1   5  -2   0  -1  -3  -1   0  -4   0  -1  -1  -5   0  -2    3   6   5  12   0   5  38   2   2   4   2   3   2   0   4   3   3   0   3   3  0.51 0.40
  124 S    -1   0   0   0   2   0   0  -1   2   0  -1   0   1   0  -3   0   0   3   1   0    5   5   5   5   5   5   5   5   5   5   5   5   5   5   0   5   5   5   5   5  0.06 0.10
  125 E    -1   1   0   1  -4   0   3  -1   1  -1  -1   0   0   0   1  -1  -1  -3   0  -1    5  10   3   8   0   4  22   5   3   4   5   5   3   4   6   4   3   0   3   3  0.16 0.18
  126 R     0   0   1   0   2   1   0   0   2   0  -1   0   1  -2  -2   0   0  -3   1   0    6   6   6   6   6   6   6   6   6   6   6   6   6   0   0   6   6   0   6   6  0.05 0.09
  127 G     1   0   0  -1   1   0   0   0   0   0  -2   1   2  -1  -1  -1   0   3  -1   1   14   5   4   4   2   4   6   7   3   5   3   7   6   3   4   3   5   4   3   9  0.09 0.09
  128 M    -2   4  -1  -2   2  -1  -2  -3  -1   0   0   0   3   0  -4  -2  -1   3  -1   1    2  22   4   2   5   2   2   2   2   6   9   5   8   5   0   3   4   4   2  11  0.28 0.26
  129 K    -1   2   0  -1   0   0   1  -2   1  -1  -2   4   0  -2   0  -1  -1   2  -3  -2    4  11   5   3   2   3   7   3   3   4   3  30   2   2   5   5   2   3   0   3  0.32 0.30
  130 V     0   0   0   0   1   0   0   0  -2   0  -1   0   1  -2  -3   1   0  -3   0   1    9   7   4   4   3   4   7   6   0   7   5   5   4   0   0  12   4   0   5  14  0.06 0.12
  131 I     0   0   0   0   2   0  -1   0   2   0  -1   0   1   0   0   0   0  -2   1   0    6   6   5   6   5   5   0   6   5   6   6   6   5   5   6   6   6   0   5   6  0.03 0.08
  132 E     0   1   1   1  -3   1   1   0   2  -2  -1   1  -1  -2  -2   0  -1   4  -1   0    8   8   7   8   0   7   8   8   7   0   8   8   0   0   0   8   0   7   0   8  0.14 0.13
  133 N     0   0   0   0   2   1   0   0   1   0  -1   0   1   0   1   0   0  -3  -2   0    6   6   5   6   5   5   6   6   5   6   6   6   5   5   6   6   6   0   0   6  0.03 0.07
  134 R    -1   5  -1  -1  -4   0   0  -2   1  -1  -2   1   0   1  -1  -1  -1   1  -3  -2    4  30   3   4   0   4   6   3   3   3   3   9   2   6   3   5   4   2   0   3  0.31 0.32
  135 A     1  -1   0   1   0   1   2  -1   0  -1  -1   0   0  -1  -3   0   0  -3   0  -1   13   3   5   6   2   5  19   4   2   3   7   4   3   2   0   8   4   0   3   4  0.12 0.16
  136 L     0   0   0   0   2   1   0   0   1   0  -1   0   1   0  -2   0   0  -2   1   0    6   6   5   6   5   5   6   6   5   6   6   6   5   5   0   6   6   0   5   6  0.03 0.07
  137 K     0   1   0   0   1   1   1   0   1  -1   0   1   1  -1  -2   0   0   2  -2  -1    6   7   4   6   3   6  11   6   4   4   8   8   5   3   0   5   5   3   0   5  0.06 0.09
  138 D    -1   0   1   3   2   0   1   0   1  -1  -1  -1   0  -1  -3   0   0  -3   0  -1    5   5   6  23   4   3   8   7   3   3   6   3   3   3   0   5   4   0   3   5  0.16 0.18
  139 E    -1   1   0   2  -4  -1   3  -1   1  -3  -2   0   0  -1   0   0  -1  -3   0  -1    5   7   4  10   0   0  26   5   3   0   3   5   3   3   4   5   3   0   3   4  0.18 0.22
  140 E     0   0   1   0  -2   1   0   0  -2   0   0   0   1  -2  -2   0   0   4  -2   0    7   7   7   7   0   7   7   7   0   7   7   7   6   0   0   7   7   6   0   7  0.08 0.11
  141 K    -2   3   1   0  -3   1   1  -1   1  -3  -1   3   0  -3  -3   0   1  -4  -3  -1    1  19   6   6   0   6   7   4   4   0   5  20   4   0   0   5   9   0   0   4  0.26 0.21
  142 M     0  -3  -3  -4   1  -2  -2  -2  -4   4   2  -2   6  -2  -2  -1  -1  -4  -1   1    8   1   1   0   3   1   3   3   0  21  15   2  23   1   2   4   2   0   2   6  0.50 0.38
  143 E     0  -1   1   2  -1  -1   4  -2  -1  -2  -2  -1  -1  -4  -3   0   0   2  -2  -1    6   2   7  12   1   2  33   3   2   2   3   3   1   0   0   7   7   3   1   4  0.40 0.34
  144 L    -1   1  -1   1  -3   3   2  -2   2   0   1   0   0  -2  -3   0  -1   0  -2  -1    5   7   2   7   0  14  12   2   5   6  13   6   3   1   0   7   4   1   0   4  0.15 0.18
  145 Q    -1  -2  -3  -4   0   3  -2  -3  -1   0   4  -3   2   0  -4  -2  -2   3  -1  -1    4   1   1   0   2  14   2   2   1   4  46   0   4   3   0   2   2   4   2   3  0.58 0.43
  146 E    -2  -1  -2   0  -2   1   6  -5  -1  -5  -3  -1  -2  -6  -4  -3  -1  -6  -5  -1    3   3   2   4   1   6  61   0   2   0   3   2   1   0   0   1   4   0   0   4  1.17 0.71
  147 I     0   1   0   1  -1   1   1  -2   0   0  -1   0   1  -1  -1   0   1   0  -1  -1    7   7   5   7   2   7  11   2   2   8   3   6   4   2   3   7  11   1   2   4  0.07 0.10
  148 Q    -1   1   0   0  -4   4   1  -2   0   0  -1   1   0  -4  -1   0  -1   0  -3  -2    4   6   5   5   0  24   8   2   2   6   5   7   3   0   2   6   4   1   0   2  0.21 0.28
  149 L    -1  -3  -1  -1   1  -1  -1  -2  -1   1   3  -2   1  -1  -3  -2  -1   1   0   2    4   0   2   4   3   2   3   3   2   7  34   2   2   2   0   0   4   2   2  14  0.17 0.23
  150 K     0   2   0   0  -3   1   1   0   1  -2  -1   2  -2  -3  -2   0   1  -3   0  -1    6  16   4   4   0   4   7   5   3   0   5  16   0   0   0   7   8   0   4   4  0.12 0.18
  151 E    -1   1   0   1   1   2   3  -1   1  -1  -2   1  -2  -3  -2   0   0  -3  -3  -1    5   8   4   6   3  10  23   3   3   5   4   6   0   0   0   4   5   0   0   4  0.16 0.21
  152 A     3  -1   0  -1   2   0  -1  -1  -2   0   0  -1   0  -1  -3   0   1  -3   0  -1   30   3   4   2   4   4   3   2   0   4   8   3   3   2   0   4   9   0   3   3  0.11 0.22
  153 K    -1   2   0  -1  -1   1   1  -2  -3  -1  -2   4   1  -5  -1  -1   1  -5  -4  -2    4  11   5   3   2   5   7   3   0   5   5  27   4   0   3   4   8   0   0   2  0.28 0.32
  154 H     1   0   0   0   0   1   1  -2   3  -1  -1   0   0   0  -3   0   0   1   0  -1   11   4   4   5   2   8  10   2   8   3   7   7   3   5   0   5   6   2   2   4  0.05 0.13
  155 I     0   0   0   0   1   1   0  -3   1   1   0   1   2   0  -3   1   0  -3  -2   0    6   6   4   4   3   5   5   0   3   8   9   8   7   4   0  10   6   0   0   5  0.03 0.14
  156 A    -1   0   0   0   2   0   0  -1   1   0  -1   0   1   0  -3   0   0   3   1   0    5   5   5   5   5   5   5   5   5   5   5   5   5   5   0   5   5   5   5   5  0.03 0.10
  157 E    -2  -1   1   2  -5   2   5  -3   2  -3  -3   1  -4  -3  -4  -1  -1  -5   0  -3    3   2   5   9   0   8  35   2   6   2   2   9   0   1   0   4   3   0   3   1  0.52 0.47
  158 E    -3  -2  -1   3  -6   0   5  -3   1  -3  -3  -1   0  -5  -4  -1  -1  -5  -2  -3    2   2   3  14   0   3  44   2   3   2   3   3   3   0   0   5   3   0   1   2  0.73 0.57
  159 A     3   0   1  -3  -3  -3  -2  -2  -3  -2   0  -1   0  -2  -2   1   0  -4  -1   0   31   4   8   0   0   0   2   2   0   2  11   3   2   2   1  12   5   0   2   6  0.24 0.33
  160 D    -2  -6   0   3  -7   0   4  -2   3  -7  -2   1   1  -7  -7  -1   0  -7   0  -1    4   0   4  17   0   5  21   4   6   0   4   7   3   0   0   4   6   0   3   5  0.46 0.37
  161 R    -1   0   0   0   2   0  -1  -1   2   0  -1   0   2   0   0  -1   0   3   1  -1    5   5   5   5   5   5   5   5   5   5   5   5   5   5   5   5   5   5   5   5  0.03 0.09
  162 K     0   1   1   0   1   1   1  -1   1  -3  -1   2   0  -3   0   0  -1  -4  -3  -1    5   8   9   4   3   6   8   4   3   0   5  18   3   0   3   7   3   0   0   4  0.12 0.19
  163 Y    -1   0   0   0   2   0   0  -3   2   0  -1  -2   1   1  -3   0   0   3   1   0    6   6   5   6   5   5   6   0   5   6   6   0   5   5   0   6   6   5   5   6  0.06 0.16
  164 E     0  -1   0   2   0   0   3  -1   1  -2  -2   0  -1  -4   0  -1   0   1  -3  -1    7   3   3  13   2   3  23   5   3   2   4   5   2   0   4   4   5   2   0   3  0.17 0.23
  165 E    -1   1   0   1  -4   1   4  -2  -3  -4  -2   0  -3  -1  -3   0  -1  -4  -4  -1    4   8   4   6   0   7  34   3   0   0   5   5   0   3   0   7   3   0   0   4  0.37 0.37
  166 V     2   0  -1  -2   1  -2   0  -3  -3   1   1  -1   0  -3  -2  -1  -1   0  -2   3   16   5   3   1   3   1   6   0   0   5  13   2   2   0   1   3   3   1   1  25  0.16 0.25
  167 A     2   0  -1  -2   0   1   1  -1  -1  -1  -1   0  -1  -2  -2   1   0   3  -1  -1   19   5   2   0   2   7  12   5   1   3   7   4   2   1   1   8   6   4   2   3  0.09 0.20
  168 R     0   0   0   0   2   0   0   0   1   0  -1   0  -1   0   0   0   0  -2   1   0    5   5   5   5   5   5   5   5   5   5   5   5   0   5   5   5   5   0   5   5  0.00 0.06
  169 K    -1   1   0  -3  -4   1   0  -2   1  -1  -2   3   0   1  -1   0   0   2  -2  -2    4   7   3   0   0   5   5   3   4   3   3  25   3   6   3   8   6   3   0   3  0.18 0.28
  170 L    -1   0   0   0   2   0  -1  -1   2   0  -1   0   2   0   0  -1   0   3   1  -1    5   5   5   5   5   5   5   5   5   5   5   5   5   5   5   5   5   5   5   5  0.03 0.09
  171 V    -1   0  -1   0   1   0   0  -2   0   0   0   0   1   0  -4   0   0  -4   0   2    6   5   3   6   4   4   8   4   3   5  10   5   3   3   0   6   5   0   3  13  0.02 0.07
  172 I    -1  -1  -1  -1  -3   0  -1  -1   0   2   0  -1   2   0  -1  -1  -1   1   1   1    5   3   3   4   0   4   4   5   3  16   9   4   6   4   3   4   3   2   5   9  0.04 0.11
  173 I    -1   0   0   0   2   0  -2  -3   2   0  -1   0   1   1   0   0   0   3   1   0    6   6   5   6   5   5   0   0   5   6   6   6   5   5   6   6   6   5   5   6  0.09 0.14
  174 E    -1   0   0   0  -4   1   4  -1   1  -3  -2   0  -3   0   0   0   0   1  -3  -1    4   3   3   5   0   5  35   4   3   0   4   6   0   4   4   6   5   2   0   5  0.33 0.30
  175 G     0   1   0   0  -3   1   1   0   1  -1  -1   0   0   0  -2   0   0  -2   0  -1    9  10   4   3   0   9  10   8   5   5   6   4   2   5   0   8   4   0   4   5  0.07 0.10
  176 D     0   0   0   3  -3   1   2  -1   0  -1  -1   0  -2   0   0   0   0  -4  -2  -1    8   5   3  20   0   6  15   3   3   4   5   5   0   5   5   4   4   0   0   3  0.18 0.19
  177 L    -2  -1  -1  -5   1  -2  -2  -5   0   1   4  -2   1   1  -5  -1   0   0  -2   0    4   3   3   0   3   2   2   0   2   5  46   3   3   6   0   5   6   1   1   6  0.50 0.37
  178 E     0  -2  -2   2  -2   1   5  -3   0  -4  -2   1  -2  -5  -1   0   0   0  -1  -3    6   2   2  11   1   5  34   2   2   1   4   8   1   0   3   7   5   2   3   1  0.49 0.40
  179 R    -1   4  -1  -1  -1   1   0  -2   0  -2  -1   2  -2   1  -1  -2  -1   1  -1  -2    6  27   3   3   2   7   6   3   2   3   6  11   1   6   3   2   4   2   2   3  0.31 0.27
  180 T     3  -1   0  -2   0   0  -1  -2  -3  -1   1  -1  -1   0   1   0   1  -1  -1   0   26   3   5   1   2   5   4   2   0   4  14   2   1   4   6   6   8   1   2   5  0.17 0.21
  181 E    -1  -1  -1   1   0   1   5  -2   0  -1  -1  -1  -2   0  -2  -2  -2  -5  -2  -2    5   3   3   6   2   6  40   3   2   3   8   3   1   4   2   2   3   0   1   3  0.53 0.42
  182 E    -1   0   0   2  -4   0   3  -1   1  -1  -1   0   0   0   1   0  -1  -4  -2  -1    4   4   3  10   0   3  26   3   4   5   6   6   3   5   6   4   4   0   0   4  0.19 0.20
  183 R    -1   5   0   0   2   1   0  -1   2  -1  -2   1  -3  -4  -1  -1  -1   3  -3  -3    3  32   5   5   5   4   5   5   5   4   4   9   0   0   3   4   3   4   0   0  0.39 0.32
  184 A     2   0  -1  -1   2  -1  -1  -1   0   0   0  -1   0  -1   1   0  -1  -3   0   0   21   5   3   3   6   3   4   4   3   5   9   3   3   3   6   5   4   0   3   8  0.08 0.12
  185 E     0   0   0   0   2   0   0   0   1   0  -1   0  -1   0   1   0   0  -2   1   0    6   6   5   6   5   5   6   6   5   6   6   6   0   5   6   6   6   0   5   6  0.03 0.06
  186 L     0   0   0   0   1   0   0  -2   0  -1   1   1   0  -1  -1   0   0  -3  -1   0    9   5   5   5   3   4   7   2   2   3  15   9   3   2   2   8   6   0   2   6  0.03 0.07
  187 A     2  -1   0  -1   0   0  -1   0  -1  -1  -1   0   0   0   0   2   0   1  -1  -1   16   3   3   2   2   5   4   8   2   3   7   5   2   5   5  14   6   2   2   4  0.08 0.12
  188 E     0   0   0   0   2   1   0   0   2  -2  -1   0   1  -2   0   0   0   3   1  -1    6   6   5   6   5   5   6   6   5   0   6   6   5   0   6   6   6   5   5   6  0.09 0.14
  189 S     0   0   1   0   1   1   0   0   1  -1  -1   0   0   0   0   2   0  -3   0  -1    9   5   6   5   4   6   7   5   3   4   4   4   3   4   3  18   5   0   3   3  0.08 0.13
  190 K    -1   0   0   0   2   0   0  -1   2  -3  -1   0   1   0   0   0   0   3   1  -2    5   5   5   5   5   5   5   5   5   0   5   5   5   5   5   5   5   5   5   0  0.06 0.16
  191 C     0   0   0  -2   2   0  -2   0  -2   0   0   0   1   1  -3   0   0   4   1   0    6   6   6   0   6   6   0   6   0   6   6   6   6   6   0   6   6   6   6   6  0.04 0.14
  192 S     0   2   0  -1   1   0  -1   0   1  -1  -2   2   1  -1  -1  -1  -1   2   0  -1    8  12   4   4   3   4   4   6   3   4   4  12   3   3   4   4   3   2   3   5  0.05 0.10
  193 E    -1   0   0   0   2   0   0  -1   1   0  -1   0   1   0   0   0   0   3  -2  -1    5   5   5   5   5   5   5   5   5   5   5   5   5   5   5   5   5   5   0   5  0.02 0.10
  194 L    -1  -2  -4  -1   1  -2  -2  -2  -4  -1   4  -2   2   0  -4  -3   0  -4  -1  -1    6   2   0   4   3   1   2   3   0   2  49   2   5   3   0   1   7   0   2   2  0.46 0.41
  195 E    -3   0  -2   2  -1   0   5  -1   0  -3  -5   0   0  -1  -4  -1  -1  -5  -4  -4    2   5   1  13   1   4  41   4   2   2   0   5   3   3   0   5   3   0   0   0  0.62 0.51
  196 E     0  -1   0   3   0   0   4  -3   0  -1  -2   0   0  -4  -2  -1   1  -4  -2  -2    6   3   4  14   3   2  30   1   2   4   3   5   2   0   1   4   8   0   1   2  0.32 0.34
  197 E    -2   1  -2   1  -5   2   4  -1   1  -1  -4   0  -4  -1  -2   0   0  -5  -4  -2    3   7   1   6   0  10  32   4   3   4   0   4   0   3   2   8   5   0   0   2  0.39 0.39
  198 L    -1  -1  -1  -4   1  -1  -4  -2   1   1   3  -3   2   0  -1  -1   0  -4   0   1    5   3   3   0   3   3   0   3   4   8  30   0   4   3   4   4   5   0   3  10  0.22 0.24
  199 K    -1   2   0   1   0   1   0  -1   1   0  -1   2   1  -1  -1   0   0  -3   0  -1    3  12   3   7   3   6   4   4   4   6   6  13   5   3   3   6   6   0   3   4  0.09 0.12
  200 N     0  -1   1   0   1   1   0  -1   1   0   0  -1   1  -1  -1   0   1  -3   0   0    5   3   8   6   4   8   5   5   4   7  10   3   4   2   2   8   9   0   3   6  0.04 0.08
  201 V     0  -1  -4  -4   0  -2  -2  -3  -4   0   2  -2   3   0  -1  -1   0   2  -1   3   10   3   0   0   2   2   2   2   0   5  17   2  10   4   3   4   6   3   2  25  0.29 0.28
  202 T    -1  -1   0   3   1   1   1   2   1  -2  -1  -1  -3  -2  -3   1   1  -4  -2  -1    4   2   3  15   4   6   7  20   3   2   6   2   0   1   0   9   9   0   2   4  0.22 0.23
  203 N    -1   0   4   0  -2   3   1  -1   0  -3  -1  -1  -2  -1  -1   0  -1  -2  -1  -1    4   4  21   5   1  17  10   5   2   1   5   3   1   3   3   6   3   1   2   4  0.31 0.30
  204 N    -1  -1   4   0   0   2   0  -1   0  -1  -1   2   0  -1  -3   1   0  -4  -1  -2    4   2  22   3   2   9   5   3   2   3   8  12   2   3   0   9   4   0   3   2  0.23 0.25
  205 L    -1  -1  -1  -4   0  -1  -2  -4  -1   1   4  -2   4  -1   0  -2  -1   2  -1   0    3   3   3   0   2   2   3   0   2   7  41   2  10   2   4   3   2   3   1   6  0.39 0.32
  206 K    -1   2   0  -1  -5   1   0  -4   1  -1  -2   5  -3  -2   0  -2  -1  -5  -1  -2    4  10   4   3   0   6   4   0   4   3   4  41   0   2   5   2   4   0   2   2  0.54 0.42
  207 S     0  -1   0  -1   2   1   1  -1   1  -3  -2   0  -2   1   0   3   0   2  -2  -1    7   3   4   3   4   7   9   4   3   0   4   5   0   7   4  26   3   3   0   4  0.18 0.24
  208 L    -1  -1  -3  -4   1  -1  -3  -2   0   0   3  -1   2   0   0  -1  -1   2   0   0    5   3   0   0   3   3   0   3   3   4  38   4   5   3   5   4   4   3   3   5  0.25 0.26
  209 E    -2   0  -1  -1   0   1   5  -5  -4  -1  -2   0   2  -1  -2   0  -1  -5  -1  -1    2   6   2   3   2   6  38   0   0   3   4   4   6   2   2   7   3   0   2   4  0.53 0.43
  210 A     3   1  -1  -1   2   0  -1  -2   1   0  -1  -1   0  -1  -1   0  -1  -4   0   1   30   7   2   3   4   3   3   2   3   6   5   3   2   2   2   6   3   0   3   9  0.19 0.22
  211 Q     1   2   1  -2   0   1  -1  -1   0  -1  -2   1   2  -1  -4   2   0   1  -1  -2   13  11   6   2   2   7   3   5   2   3   3   7   5   3   0  19   4   2   2   2  0.17 0.22
  212 A     0  -2  -1   1   1   1   5  -3   0  -1  -2  -1  -1  -1  -2  -1  -1  -5   0  -2    8   2   2   8   3   6  35   2   2   4   5   2   1   3   2   3   4   0   3   3  0.42 0.37
  213 E    -1  -1   1   2  -2   0   4  -2   0  -1  -2  -1   0   0  -1  -1   0  -5   0  -3    5   3   6  11   1   3  32   3   2   3   3   3   2   4   3   5   7   0   3   2  0.37 0.34
  214 K     0   0   1   0   2   1   0   0   2   0   0   0   1  -2  -2   0   0  -3  -2   0    6   6   6   6   6   6   6   6   6   6   6   6   6   0   0   6   6   0   0   6  0.06 0.09
  215 Y     2  -1  -1  -1  -3   0  -1  -1   1  -3  -1  -1   0   1   1   0   0   2   3  -1   18   3   3   3   0   5   3   4   3   0   6   3   3   6   8   5   6   3  14   3  0.18 0.22
  216 S     0  -1   1  -1   2   0   2  -1  -1  -2  -2  -1   0   1  -1   3   0   1  -1  -2    6   3   7   2   5   3  13   4   2   2   5   2   2   5   3  25   4   2   2   2  0.22 0.26
  217 Q    -2   0   0   2  -5   5   3  -2   1  -2  -3   0  -4  -5  -4   0  -1  -5   0  -1    4   4   3  12   0  24  19   3   3   2   3   4   0   0   0   7   4   0   3   4  0.51 0.40
  218 K    -2   5  -1  -2  -5   0   0  -2  -4  -3  -1   4  -4  -5  -3   0  -1   0  -4  -4    3  32   2   2   0   3   6   3   0   1   7  28   0   0   1   6   4   1   0   0  0.74 0.48
  219 E    -3   0  -1  -1  -5  -1   6  -3  -2  -1  -1  -2  -1  -1  -2  -1  -2  -5  -2  -1    2   4   3   3   0   2  54   2   1   4   6   2   2   3   2   3   2   0   1   4  0.83 0.55
  220 D    -1  -2   1   5  -1   1   4  -2  -1  -2  -4  -1   0  -5  -4  -1  -1  -5  -5  -3    5   2   5  31   1   5  27   2   2   2   1   4   3   0   0   3   4   0   0   1  0.71 0.46
  221 K     0   0   0   0   0   1   2  -1   1  -1  -1   2   0  -1  -3   1   0  -3  -1  -1    6   5   3   5   2   4  14   5   4   3   5  17   3   3   0  11   4   0   2   3  0.12 0.15
  222 Y    -1  -2   0  -4   0  -2  -4  -3   0  -1   2  -1  -1   2  -5   0  -1  -2   6  -2    5   2   4   0   2   2   0   2   2   4  18   5   1   9   0   7   3   0  33   2  0.61 0.42
  223 E    -2  -1  -2   1  -5   1   6  -3   0  -2  -2   1  -4  -2  -4  -2  -1  -5  -1  -3    3   3   1   6   0   6  48   2   2   2   4   9   0   2   0   3   5   0   2   1  0.75 0.49
  224 E    -1   0   0   2   0   0   5  -3   0  -3  -3   0  -2  -4  -2   0   0  -4  -4  -3    4   5   5  10   2   3  38   2   2   2   2   6   1   0   2   5   7   0   0   2  0.52 0.37
  225 E    -1   2   0  -1  -4   4   3  -2   0  -2  -3   3  -3  -4  -2  -2   0  -4  -2  -4    6  10   4   3   0  17  20   3   2   2   2  20   0   0   1   2   5   0   1   1  0.49 0.36
  226 I    -2  -3  -2  -4   1  -4  -3  -5  -4   6   2  -3   2  -1  -1  -2  -2  -4  -2   2    2   1   2   0   3   0   1   1   0  43  16   1   4   2   3   3   1   0   1  12  0.71 0.43
  227 K     0   4   0  -1  -4   0   0  -3   1  -2  -2   3   0  -1  -3  -1   0  -4  -1  -1    9  21   3   3   0   2   6   0   3   2   3  24   2   3   0   3   5   0   2   5  0.32 0.31
  228 I    -1   0  -1   1   0   2   1  -2   1   0   0   1   0   2  -3   0   0  -3   0  -1    3   4   2   9   3  13   8   2   3   6   8   8   2  10   0   7   5   0   2   4  0.08 0.13
  229 L    -2  -3  -2  -2  -3  -1  -4  -4   0   1   4  -2   3   0   0  -2  -1   2   0   0    3   0   2   2   0   2   0   0   3   5  48   3   7   3   6   3   3   3   2   4  0.48 0.38
  230 T    -1  -1   0  -1  -1   0   1  -1  -1  -1  -3   2   2  -4   0   1   3   0  -3  -2    3   3   4   3   1   4   8   6   2   4   2  14   5   0   5  12  21   1   0   2  0.23 0.27
  231 D     0  -1   1   3   1   1   2  -1   1  -2  -2   0  -1  -2  -3   1   0  -4  -1  -1    9   3   6  17   4   5  14   5   3   1   3   3   1   2   0  11   5   0   2   4  0.20 0.22
  232 K    -1   3  -1  -1  -1   3   0  -3  -1  -2  -1   4  -3  -4  -4  -2  -1  -4  -4  -1    5  18   2   3   1  14   5   1   1   2   8  27   0   0   0   2   3   0   0   4  0.44 0.39
  233 L    -2  -2  -1  -5  -2  -3  -4  -4  -1   0   5  -3   0   1  -5  -3  -3   0   1   1    3   2   4   0   1   1   0   1   2   3  54   2   2   4   0   2   0   1   6   8  0.62 0.46
  234 K    -1   1   0   0  -5   0   1  -3  -1  -3  -2   5  -2  -2  -1  -1  -2  -5  -4  -2    4   8   3   6   0   4   9   2   1   1   3  41   1   2   3   3   2   0   0   3  0.52 0.43
  235 E     0  -2  -1   2  -6   2   6  -4   0  -4  -5   0  -5  -6  -4  -1  -2  -6  -5  -4    7   1   2   8   0   9  53   1   2   1   0   4   0   0   0   3   3   0   0   1  0.98 0.67
  236 A     5  -3  -2  -4  -1  -2  -2  -3  -4  -1   0  -3   0  -2  -4  -1   1  -5  -3  -1   55   1   2   1   1   1   2   0   0   3   7   1   3   2   0   4   8   0   1   5  0.69 0.56
  237 E    -3  -2  -2   1  -2   1   6  -5  -4  -3  -2  -2  -2  -6  -3  -1  -2  -6  -5  -2    2   2   1   6   1   4  61   0   0   2   5   1   1   0   1   4   2   0   0   3  1.09 0.73
  238 T     1   0   0  -1   0   2   0  -3  -2  -1  -2  -1   1  -3  -2   0   4  -4  -2  -1   13   5   5   3   2   9   6   1   1   4   2   4   4   1   1   6  26   0   1   3  0.22 0.30
  239 R    -2   8  -4  -5  -2  -1  -1  -5   0  -6  -2   0  -2  -6  -6  -3  -1  -6  -5  -6    3  69   0   0   1   2   3   1   2   0   4   5   1   0   0   2   3   0   0   0  1.58 0.89
  240 A     6  -2  -2  -5   0  -4  -1  -3  -2  -1  -2  -3   0  -1  -3  -2  -1  -5   0   0   59   2   2   0   2   0   4   1   1   3   3   1   2   3   1   2   3   0   4   5  0.78 0.61
  241 E    -3  -2  -2   2  -6  -1   7  -4  -2  -4  -5  -2  -2  -6  -3  -2  -2  -6  -6  -4    2   2   2  11   0   2  64   1   1   1   1   1   1   0   1   2   3   0   0   1  1.32 0.83
  242 F     0  -2  -1   1   0  -1   2  -2  -1  -2  -1  -2   0   5  -4  -1   0  -3   1  -3   10   1   3   8   2   2  16   3   1   2   5   2   2  26   0   3   5   0   4   1  0.30 0.33
  243 A     6  -3  -4  -5  -4  -4  -2  -1   0  -4   0  -1  -1  -2  -2   0  -1  -5  -1  -2   61   1   1   0   0   0   3   3   2   0   8   3   2   2   1   5   3   0   2   2  0.86 0.59
  244 E    -3  -2  -2   0  -1  -1   7  -6  -4  -6  -5  -1  -5  -4  -5  -2  -3  -6  -6  -2    2   2   1   4   1   2  75   0   0   0   1   3   0   1   0   3   1   0   0   3  1.67 0.92
  245 R     0   7  -2  -3  -6   0  -1  -3  -1  -5  -4   2   2  -4  -3  -2  -2  -6  -5  -4    8  57   2   2   0   3   3   2   2   0   1  10   4   1   1   2   2   0   0   1  1.17 0.68
  246 S    -2   1   0   0  -4   2   2  -4   0  -4  -3   2  -1  -4  -4   4   1  -3  -2  -4    1   8   5   4   0   9  13   0   2   1   3  10   1   0   0  32   8   0   1   1  0.49 0.44
  247 V     0  -2  -2  -5   2  -3  -2  -5  -5   2  -1  -4  -1  -2  -5  -2  -1   0  -2   6    8   2   3   0   4   1   2   0   0  11   5   1   1   1   0   3   3   1   1  53  0.81 0.53
  248 A     3   0   0  -1  -2   3   0   0   0  -3  -2   2  -2  -3  -2   0   0  -4  -2  -2   25   5   4   3   1  14   4   5   2   1   3  15   1   1   2   4   6   0   1   3  0.26 0.28
  249 K    -3   2  -1   0  -2   1   1  -3  -4  -3  -3   6  -1  -4  -1  -1  -1  -6  -5  -3    1   8   2   4   1   7   7   2   0   2   2  50   2   1   2   4   4   0   0   2  0.81 0.56
  250 L    -4  -2  -3  -7  -3  -2  -6  -7  -6  -2   6  -3   1  -2  -5  -6  -4   0  -1  -2    1   2   2   0   0   2   0   0   0   1  79   2   3   1   1   0   1   1   2   1  1.42 0.77
  251 E    -2   0   1  -2  -7   6   6  -4  -2  -6  -5  -2  -5  -6  -5  -3  -4   0  -5  -4    3   5   6   2   0  30  46   1   1   0   1   1   0   0   0   1   0   2   0   1  1.30 0.79
  252 K    -2   4   0  -3  -5   1  -2  -3   0  -1  -3   5  -4  -3  -4  -2  -1  -5  -4  -1    3  18   4   1   0   4   2   2   3   3   3  45   0   1   0   3   4   0   0   4  0.77 0.52
  253 T    -1   1  -1   1  -5   1   4  -3  -3  -2  -2   0  -4  -5  -3  -1   3  -5  -4  -2    3   6   2   6   0   7  31   2   0   2   4   6   0   0   1   4  23   0   0   3  0.52 0.43
  254 I    -2  -2  -1  -5  -2  -2  -4  -6  -5   5   1  -2   1  -2  -3  -3  -1  -5  -3   4    3   3   4   0   1   2   1   0   0  37  14   2   4   1   2   1   3   0   1  25  0.71 0.45
  255 D    -3  -5  -1   7  -1  -2   2  -4   1  -6  -3  -1  -6  -3  -5  -2  -3  -7  -6  -5    2   0   2  64   2   2  12   1   3   0   3   4   0   1   0   2   1   0   0   1  1.45 0.77
  256 D    -1   3   0   4  -5   2   2  -2   1  -5  -4   1   0  -3  -4  -1  -1  -5  -4  -4    6  19   3  26   0   7  12   2   3   0   1  10   3   1   0   3   3   0   0   1  0.55 0.40
  257 L    -2  -2  -6  -6  -1  -3  -4  -6  -5   1   5  -4   2   0  -5  -2  -2  -5  -2   0    3   3   0   0   1   1   1   0   0   8  65   1   4   3   0   3   2   0   1   5  0.97 0.56
  258 E    -2  -2   0   1  -3  -1   7  -4  -4  -4  -5   0  -2  -6  -3  -2  -3  -6  -5  -4    2   2   4   5   1   2  71   1   0   1   1   4   1   0   1   3   1   0   0   1  1.45 0.79
  259 D    -1  -2   0   6  -6  -2   4   0  -4  -3  -3  -2  -2  -6  -4  -2  -1  -6  -4  -2    6   2   3  39   0   1  27   7   0   2   2   1   1   0   0   2   3   0   0   2  0.86 0.54
  260 E    -2   1  -2   2  -5   0   5  -3  -1  -5  -4   3  -4  -4  -4  -1   0  -5  -3  -3    3   6   1  12   0   3  40   2   1   0   2  19   0   1   0   3   5   0   1   1  0.75 0.51
  261 L    -3  -3  -3  -6  -2  -4  -3  -6  -3   3   5  -3   0  -2  -5  -3  -3  -3  -2   1    1   1   1   0   1   0   1   0   1  15  63   2   1   1   0   2   1   0   1   7  1.02 0.58
  262 Y     1   0   0   1  -2   1   2  -2  -1  -1  -1   1  -1  -1  -3  -1  -1  -2   2   0   12   4   4   9   1   5  17   1   1   3   7   8   1   2   0   4   1   0  10   8  0.15 0.19
  263 A     1   1   1  -1   1   2   1  -2   2  -2  -2   1  -2  -4  -3   2   0  -4  -2  -2   15   7   6   2   4  12  11   2   5   2   3   9   0   0   0  14   6   0   1   2  0.24 0.24
  264 Q     2  -3  -3  -2  -2   2   4  -4  -2  -1  -1  -1  -2   0  -3  -1   0   4   0  -2   20   0   1   1   1  10  31   0   0   3   5   3   0   4   0   3   5   5   4   2  0.48 0.42
  265 K    -3   2  -2  -3  -3   2   1  -4   0  -2  -2   6  -1  -6  -5  -3  -2  -6  -5  -4    1   9   2   1   1   9  10   1   2   2   4  54   1   0   0   1   3   0   0   1  1.03 0.63
  266 L    -1  -1  -1   1  -2   1   5  -2   0  -2   0   1   0  -4  -4  -1  -1  -5  -4  -3    4   3   3   7   1   6  42   2   2   3   8   8   2   1   0   4   3   0   0   2  0.56 0.43
  267 K    -1   2   1  -2  -6   1   3  -4  -1  -5  -3   5  -2  -6  -4  -1  -2  -6  -5  -3    4  12   7   1   0   6  19   1   1   0   2  38   1   0   0   3   2   0   0   2  0.76 0.51
  268 Y    -3   0   4  -4   2  -2  -4  -4   3   0  -1   0  -4   2  -5  -2   0  -3   6  -2    2   5  20   0   4   1   0   1   8   5   5   5   0   7   0   1   7   0  26   2  0.65 0.47
  269 K     0   1  -1   0  -3   0   2  -2   1  -3   0   4   0  -4  -3  -1  -1  -4  -3   0    6   7   3   6   0   3  11   3   4   1   9  30   2   0   0   2   3   0   1   8  0.31 0.30
  270 A     1  -1   1   1   2   1   2   1  -1  -2  -1   1  -1  -3  -3   0  -1  -4  -1  -2   14   3   6   7   6   5  15   9   1   3   7  10   2   0   0   5   3   0   2   2  0.15 0.18
  271 I     0  -5  -5  -5  -1  -3  -5  -5  -1   4   3  -3   4  -3  -5  -3   0  -5  -4   2    9   0   0   0   1   1   0   0   2  25  29   2  10   0   0   1   7   0   0  13  0.67 0.44
  272 S    -2   1  -1  -2   1   3   2  -2   4  -3  -3   3  -4  -5  -4   2  -1  -5  -4  -4    2   7   2   1   4  14  12   3  11   2   3  19   0   0   0  17   4   0   0   0  0.51 0.41
  273 D     0   2   1   3  -4   3   3  -2   0  -5  -4   1  -1  -6  -4   0  -2  -6  -4  -5    9  10   5  17   0  13  23   2   2   0   1   8   1   0   0   6   2   0   0   0  0.54 0.40
  274 E    -4  -3  -2   2  -7  -1   6  -5  -4  -5  -5  -1   3  -6  -3  -3   1  -7  -6  -2    1   1   2   8   0   2  62   0   0   0   0   2   8   0   1   2   8   0   0   4  1.33 0.77
  275 L    -5  -5  -7  -7  -5  -4  -5  -7  -6   0   6  -6   6  -2  -7  -5  -5  -2  -1  -1    0   0   0   0   0   0   0   0   0   5  68   0  18   1   0   1   0   1   3   3  1.51 0.77
  276 D    -3  -1   0   7  -7  -1   3  -3  -2  -5  -7  -1  -6  -7  -5  -3  -2  -7  -5  -5    2   3   4  57   0   3  21   2   1   1   0   4   0   0   0   0   2   0   0   1  1.43 0.73
  277 H     1   1   0  -1  -3   5   2  -4   3  -3  -1  -1  -2  -3  -4   1   0  -3  -3  -3   10   6   4   3   0  29  12   0   7   1   7   2   0   1   0   9   5   0   1   1  0.48 0.40
  278 A     3  -5  -4  -4   1  -4  -3  -2  -5   0  -1  -4   2  -5  -4  -1   6  -6  -2  -1   22   0   0   1   2   0   1   3   0   4   5   0   5   0   0   2  49   0   1   4  0.92 0.62
  279 L    -4  -5  -4  -7  -2  -4  -6  -7  -5   0   5  -6   4   4  -5  -4  -2  -4   0  -1    1   0   1   0   1   1   0   0   0   4  55   0  10  19   0   1   2   0   3   4  1.12 0.59
  280 N     1  -1   4   0  -1   2  -1  -3   1  -3   0   0   1  -4  -4   0  -1  -5  -4  -1   13   2  26   5   1  11   3   1   4   1  11   5   3   0   0   6   4   0   0   4  0.32 0.31
  281 D    -3  -4   0   5  -7  -1   6  -2  -1  -7  -5  -3  -6  -7  -5  -3  -5  -7  -6  -4    1   0   3  30   0   1  57   3   1   0   1   0   0   0   0   1   0   0   0   1  1.55 0.79
  282 M    -5  -5  -7  -7  -5  -4  -6  -7  -6   3   5  -6   5   0  -6  -6  -4  -5  -2  -1    0   0   0   0   0   1   0   0   0  15  63   0  15   3   0   0   0   0   1   2  1.35 0.66
  283 T    -1  -3   5  -1   0   2   1  -1   2  -3  -3  -1  -1  -5  -4   1   3  -5  -3  -4    4   0  32   2   2  10   8   5   4   1   2   2   2   0   0   8  18   0   1   0  0.57 0.41
  284 S    -2  -3   4   2   2  -1   3   2  -3  -5  -5  -2  -5  -5  -4   3  -1  -6  -5  -5    2   0  19  11   5   1  20  13   0   0   0   1   0   0   0  27   2   0   0   0  0.69 0.45
  285 I    -4  -5  -6  -6  -4  -5  -6  -6  -5   5   3  -5   7   1  -6  -5  -4  -4  -3   1    0   0   0   0   0   0   0   0   0  30  28   0  31   6   0   0   0   0   0   5  1.24 0.57

                      K         Lambda
Standard Ungapped    0.1208     0.3020
Standard Gapped      0.0375     0.2670
PSI Ungapped         0.1224     0.3176
PSI Gapped           0.0375     0.2670
