
Last position-specific scoring matrix computed, weighted observed percentages rounded down, information per position, and relative weight of gapless real matches to pseudocounts
            A   R   N   D   C   Q   E   G   H   I   L   K   M   F   P   S   T   W   Y   V   A   R   N   D   C   Q   E   G   H   I   L   K   M   F   P   S   T   W   Y   V
    1 M    -1  -1  -2  -3  -1   0  -2  -3  -1   1   2  -1   5   0  -2  -1  -1  -1  -1   1    0   0   0   0   0   0   0   0   0   0   0   0   0   0   0   0   0   0   0   0  0.00     0.00
    2 K    -1   2   0  -1  -3   1   1  -1  -1  -3  -2   4  -1  -3  -1   0  -1  -3  -2  -2    0   0   0   0   0   0   0   0   0   0   0   0   0   0   0   0   0   0   0   0  0.00     0.00
    3 P    -1  -2  -2  -1  -3  -1  -1  -2  -2  -3  -3  -1  -2  -3   7  -1  -1  -4  -3  -2    0   0   0   0   0   0   0   0   0   0   0   0   0   0   0   0   0   0   0   0  0.00     0.00
    4 G     0  -2   0  -1  -2  -2  -2   5  -2  -4  -3  -1  -3  -3  -2   0  -2  -2  -3  -3    0   0   0   0   0   0   0   0   0   0   0   0   0   0   0   0   0   0   0   0  0.00     0.00
    5 F    -2  -3  -3  -3  -2  -3  -3  -3  -1   0   0  -3   0   6  -3  -2  -2   1   3  -1    0   0   0   0   0   0   0   0   0   0   0   0   0   0   0   0   0   0   0   0  0.00     0.00
    6 S     1  -1   1   0  -1   0   0   0  -1  -2  -2   0  -1  -2  -1   4   1  -3  -2  -2    0   0   0   0   0   0   0   0   0   0   0   0   0   0   0   0   0   0   0   0  0.00     0.00
    7 P    -1  -2  -2  -2  -3  -1  -1  -2  -2  -3  -3  -1  -3  -4   8  -1  -1  -4  -3  -3    0   0   0   0   0   0   0   0   0   0   0   0   0   0 100   0   0   0   0   0  2.05 0.00
    8 R    -2   6   0  -2  -4   1   0  -2   0  -3  -2   2  -1  -3  -2  -1  -1  -3  -2  -3    0 100   0   0   0   0   0   0   0   0   0   0   0   0   0   0   0   0   0   0  0.75 0.00
    9 G     0  -2   0  -1  -3  -2  -2   6  -2  -4  -4  -2  -3  -3  -2   0  -2  -3  -3  -3    0   0   0   0   0   0   0 100   0   0   0   0   0   0   0   0   0   0   0   0  1.04 0.00
   10 G     0  -2  -1  -1  -3  -2  -2   6  -2  -4  -4  -2  -3  -3  -2   0  -2  -3  -3  -3    0   0   0   0   0   0   0 100   0   0   0   0   0   0   0   0   0   0   0   0  1.07 0.01
   11 G     0  -2   0  -1  -2  -1  -2   5  -2  -3  -3  -1  -2  -3  -2   2   0  -3  -3  -3    0   0   0   0   0   0   0  70   0   0   0   0   0   0   0  30   0   0   0   0  0.72 0.02
   12 F    -2  -2  -1   2  -3  -2  -1  -3   0  -1  -1  -2  -1   5  -3  -2  -2   1   5  -2    0   0   0  23   0   0   0   0   0   0   0   0   0  47   0   0   0   0  30   0  0.48 0.02
   13 G     0  -2   0  -1  -2  -2  -2   5  -2  -4  -4  -1  -3  -3  -2   1  -1  -3  -3  -3    0   0   0   0   0   0   0  79   0   0   0   0   0   0   0  21   0   0   0   0  0.86 0.05
   14 G     1   2   0  -1  -2   0   1   1  -1  -2  -2   0  -1  -3  -1   1   2  -3  -2  -1   19  18   0   0   0   0  14  12   0   0   0   0   0   0   0  16  21   0   0   0  0.23 0.02
   15 R    -2   5  -1   1  -4   0   0  -3  -1  -3  -3   1  -2  -3   3  -1  -1  -3  -2  -3    0  72   0  13   0   0   0   0   0   0   0   0   0   0  15   0   0   0   0   0  0.71 0.07
   16 G     0   3   2  -1  -3   0  -1   3  -1  -3  -3   1  -2  -3  -2   1  -1  -3  -2  -3    0  28  15   0   0   0   0  27   0   0   0  12   0   0   0  18   0   0   0   0  0.37 0.04
   17 G     0  -2  -1   0  -3   0   2   4  -1  -4  -3  -1  -3  -3   3   1  -1  -3  -3  -3    0   0   0   0   0   0  30  40   0   0   0   0   0   0  18  12   0   0   0   0  0.55 0.04
   18 F    -1  -3  -2  -3  -2  -2  -3   1  -2   1   1  -2   0   4  -3   0  -1  -1   1   0    0   0   0   0   0   0   0  13   0  15  17   0   0  40   0  15   0   0   0   0  0.23 0.04
   19 G     0  -2  -1  -2  -2  -2  -2   5  -2  -2   0  -2  -1  -3  -2   1  -1  -3  -3  -2    0   0   0   0   0   0   0  68   0   0  16   0   0   0   0  16   0   0   0   0  0.65 0.07
   20 D    -1  -1   0   4  -3   0   2   1  -1  -3  -3   1  -3  -4  -2   0   1  -4  -3  -3    0   0   0  47   0   0  13  11   0   0   0  16   0   0   0   0  13   0   0   0  0.48 0.06
   21 R     1   4  -1  -2  -3   0  -1   3  -1  -3  -3   1  -2  -3  -2  -1  -1  -3  -3  -3   16  51   0   0   0   0   0  33   0   0   0   0   0   0   0   0   0   0   0   0  0.53 0.07
   22 G     1   1  -1  -1  -2  -1   0   3  -2  -3  -3  -1  -2   0   2   1  -1  -2  -1  -2   13  11   0   0   0   0   8  32   0   0   0   0   0   9  12  14   0   0   0   0  0.30 0.04
   23 G     1   2   0   3  -3  -1   0   2  -1  -3  -3   0  -2  -3   2   1  -1  -3  -3  -2   14  20   0  25   0   0   0  16   0   0   0   0   0   0  12  13   0   0   0   0  0.34 0.05
   24 R    -2   6  -1  -2  -4   2   0   0  -1  -4  -3   1  -2  -4  -3  -1  -2  -3  -2  -3    0  79   0   0   0  12   0   9   0   0   0   0   0   0   0   0   0   0   0   0  0.82 0.12
   25 G    -1  -2  -1   1  -3   0   2   3  -1  -2   0  -1  -1  -1  -2   0  -1  -2   2  -2    0   0   0   9   0   0  28  30   0   0  13   0   0   0   0   8   0   0  12   0  0.25 0.05
   26 G     0   0  -1  -1  -3  -1   2   4  -2  -3  -3  -1  -2   0  -2   1  -1  -3  -2  -3    0   7   0   0   0   0  21  51   0   0   0   0   0   7   0  13   0   0   0   0  0.48 0.08
   27 R     0   0  -1  -1  -2  -1   1   3  -2  -1  -2  -1  -1  -2  -2   0   3  -3  -2   0    1   6   0   1   0   0  11  34   0   0   1   1   0   0   0   1  32   0   0  10  0.28 0.07
   28 G     0   1   0   0  -2   1  -1   4  -1  -3  -3  -1  -2  -3  -2   1   1  -3  -2  -2    1  10   0   6   0  12   1  46   0   0   1   0   0   0   0  11   9   0   0   1  0.42 0.08
   29 G     1  -2   2   2  -2  -1  -1   3  -2  -3  -3  -1  -2  -1   1   1  -1  -3  -2  -2   18   0  11  17   0   0   0  26   0   0   0   0   0   5   8  15   0   0   0   0  0.33 0.07
   30 F    -1   0  -2  -2   2  -1  -1   1   2   0   1  -1   0   2  -3  -1   0  -2   0   0    0   8   0   0   5   0   5  18   9   0  20   0   0  17   0   0  10   0   0   9  0.09 0.05
   31 G    -1   1  -1  -2   2  -1  -2   3  -2  -2   0  -1  -1  -1   2   1  -1  -3  -2  -2    0  15   0   0   8   0   0  30   0   0  16   0   0   4  11  15   0   0   0   0  0.26 0.09
   32 G     1   3   1  -2  -3   0  -1   2   2  -3  -3   2  -2  -3   2  -1  -1  -3  -2  -3   15  25   8   0   0   0   0  23   6   0   0  13   0   0   9   0   0   0   0   0  0.37 0.12
   33 G     0  -3  -2  -3  -3  -2  -2   2  -3  -3  -3   0  -3  -1   6  -1  -2  -4  -3  -1    7   0   0   0   0   0   0  22   0   0   0   7   0   3  53   3   0   0   0   6  1.06 0.23
   34 R    -2   4  -1   0  -4   0   1   0  -2  -3  -3   3   1  -2   2  -1  -2  -4  -3  -3    0  37   0   4   0   0   9   8   0   0   0  19   7   2  10   3   0   0   0   0  0.46 0.18
   35 G     1   0  -2  -2   2   1  -2   4  -2  -2  -3  -1  -2  -3   0   0   0  -3  -3   0   10   7   0   0   5  10   0  44   0   0   0   0   0   0   4   3   6   0   0  11  0.41 0.16
   36 R    -2   4   1   1   1   2   1   1   2  -4  -3   2  -2  -4   0  -1  -2  -4  -2  -3    0  32   5  10   5   8   6  10   7   0   0  12   0   0   4   0   0   0   0   0  0.40 0.15
   37 G     1   1  -1   0  -3  -2  -1   4  -2  -1  -3  -1  -2   0   0  -1  -2  -3   0  -2   14  11   0   6   0   0   3  44   0   6   0   3   0   5   4   0   0   0   4   0  0.39 0.16
   38 G     2   2   2   1   1   0  -1   3  -2  -3  -3  -1  -2  -2  -2   1  -1  -3  -3  -3   21  17  11   8   5   4   0  23   0   0   0   0   0   3   0   8   0   0   0   0  0.30 0.14
   39 G     1   2  -1   1  -3  -1   0   3  -2  -3  -3   0  -3  -4   1   0  -1  -4  -3  -1   16  14   0  11   0   0   3  34   0   0   0   3   0   0   7   8   0   0   0   4  0.37 0.14
   40 F     1   3  -2  -2  -2   0  -1   0  -2  -1   0  -1  -1   1  -3   0   0   4  -1   0   21  23   0   0   0   4   4   6   0   0  13   0   0   9   0   4   5   6   0   6  0.16 0.12
   41 R     0   1  -1  -1  -3  -1   0   1   1  -2  -1   1  -2   0   3   1   0  -3  -2  -1    6  13   0   3   0   0   6  15   4   0   6   8   0   5  15  11   4   0   0   6  0.18 0.08
   42 G     1   2   0   0  -3  -1   0   2  -2  -2  -1   2  -2   0  -2  -1   0  -3  -2  -1   17  19   3   5   0   0   6  18   0   0   4  14   0   6   0   0   5   0   0   5  0.18 0.11
   43 R    -1   4  -1  -1  -3  -1  -2   3  -2  -2  -1   1  -2  -3  -3  -1   0  -3  -3  -1    0  36   0   3   0   0   0  33   0   0   7   6   0   0   0   0   5   0   0   7  0.46 0.19
   44 G     0   2   0   3  -3  -1  -1   2  -2  -3  -2   1  -2  -1   0   0  -1  -3  -2  -2   10  13   3  20   0   0   0  19   0   0   5  13   0   4   4   7   0   0   0   0  0.23 0.11
   45 R    -2   4  -1   0  -3  -1  -1   1   1  -2   0   2  -2  -3   0   0  -2  -3  -2  -2    0  38   0   4   0   0   0  11   5   0  15  11   0   0   5   8   0   0   0   0  0.34 0.17
   46 G     1   1   1   0  -2   0  -1   2   2  -3  -3   0  -2  -3  -2   2   2  -3  -2  -1   10  11   5   4   0   3   0  20   6   0   0   5   0   0   0  18  14   0   0   4  0.24 0.13
   47 G     1   4   0  -1  -3  -1  -2   2  -2  -1  -3   0  -2  -3  -3   1  -1  -4  -3   0   11  34   5   2   0   0   0  19   0   5   0   0   0   0   0  15   0   0   0   9  0.35 0.19
   48 G     1   0   1   2  -3   0  -1   2  -2  -2  -3   0  -2  -2  -2   1   0   2  -2  -1   15   6   9  16   0   5   0  18   0   0   0   3   0   2   0   9   5   4   0   6  0.21 0.11
   49 G     0   2   0   1  -3   0   0   3  -2  -3  -1   0  -2  -3   2  -1  -2  -3  -3  -2    5  16   5  12   0   4   3  25   0   0   8   5   0   0  12   0   0   0   0   3  0.28 0.12
   50 G     1   3   0  -2  -3  -1  -2   4  -2  -3  -3   0  -2  -3  -3   0  -2  -3  -3  -1   14  22   3   0   0   0   0  39   0   0   0   5   0   0   0   8   0   0   0   6  0.48 0.19
   51 G     2   2   0   1  -2  -1  -1   3  -2  -3  -3  -1  -2  -2   1   0   0  -3  -3  -1   25  14   3   8   0   0   0  24   0   0   0   0   0   2   8   5   4   0   0   4  0.29 0.14
   52 G     0  -1  -1   2  -3  -1   0   4  -2  -3  -2   0  -3  -2   1   0  -2  -3  -3  -3    5   2   0  16   0   0   5  40   0   0   6   8   0   2   8   7   0   0   0   0  0.44 0.17
   53 G     0   2   0   2  -3  -1  -1   2   0  -2  -2  -1  -1   1   3  -1  -2  -3  -2   0   10  18   5  13   0   0   0  15   2   0   0   0   2   8  15   2   0   0   0   8  0.24 0.14
   54 G     1   4   0   1  -3   1   0   1  -1  -3  -3   2  -2   0  -2   0  -1  -3  -2  -3   12  29   4  10   0   8   2   9   0   0   0  11   0   5   0   8   0   0   0   0  0.31 0.15
   55 G     1   1  -1   0  -3   0   0   4  -2  -1  -2   0  -2  -1  -2   0  -1  -3  -2  -1   10   9   0   5   0   3   5  37   0   5   1   5   0   4   0   8   2   0   0   5  0.28 0.12
   56 G    -1   2  -1  -1  -2  -1   1   2   0  -1  -2   0  -2  -2   1   1   1  -3  -2   0    1  13   0   0   0   0  10  23   2   2   1   6   0   2   6  10  13   0   0  11  0.18 0.11
   57 G     0   0   0   1  -3  -1   0   3  -2  -3  -2   0  -2   1   1   0  -1  -3  -2  -2    8   7   5   7   0   0   4  32   0   0   4   7   0   9   8   5   2   0   0   0  0.24 0.11
   58 G     0   1   1  -1   0   0  -1   3  -2  -1  -2   1  -2  -2   1  -1   0  -3   0  -1    5  10   7   2   2   3   0  32   0   3   4   9   0   0   7   0   4   0   5   5  0.22 0.11
   59 R     0   5  -1  -2  -3  -1   1   1  -2   0  -2   1  -2  -2  -3   1   0  -3  -3  -1    5  42   0   0   0   0   8  10   0   7   0   6   0   2   0   9   4   0   0   4  0.39 0.20
   60 G    -1   2   0   1  -3  -1  -1   4   2  -4  -3   2  -3  -4  -3   1  -2  -4  -3  -3    0  11   3   9   0   0   0  38   5   0   2  17   0   0   0  13   0   0   0   0  0.49 0.20
   61 G     0   1   1   1  -3   0   1   2   2  -3  -3   1  -2  -2   2   1  -1  -3  -2  -3    4   9   8   8   0   3   7  17   6   0   0  10   0   3  13  11   0   0   0   0  0.28 0.11
   62 G     1   2  -1  -2  -3   0   0   3  -2  -3  -2   1  -2  -2   0   1  -2   2  -2  -3    9  16   0   0   0   2   7  31   0   0   4  10   0   2   3  11   0   3   0   0  0.33 0.16
   63 G     0   1   1  -2  -1  -1  -1   3   2  -3  -2  -1  -2   0   3   1  -1  -3  -2  -2    6  11   6   0   1   0   4  24   8   0   3   2   0   6  15  10   1   0   0   2  0.27 0.14
   64 F     0   1  -1  -2  -3   1   0   2   0  -1  -2   1  -2   2   1   0   1  -3  -1  -1    7   6   1   0   0   6   6  17   2   2   0  11   0  13   6   4  12   0   0   5  0.13 0.10
   65 H     0   3  -1  -1  -4   1  -1   2   4  -3  -3   2  -2  -2  -3  -1  -2  -3   1  -1    8  22   0   3   0   5   2  17  16   0   0  13   0   1   0   1   1   0   4   7  0.36 0.20
   66 S     0   3   0   0  -3   0  -1   2   0  -2  -3   0  -3  -4   2   2   0  -4  -3  -2    5  21   4   6   0   3   0  15   2   2   0   1   0   0  12  22   4   0   0   3  0.32 0.18
   67 G    -1   1   0  -1  -3  -1  -1   4   0  -3   1  -1  -2  -1   1   0  -2  -3  -3  -3    4   9   3   2   0   3   4  37   2   0  17   3   0   3   9   5   0   0   0   0  0.32 0.18
   68 G     1   0   0   1   1   1  -1   3   0  -4  -3  -1  -3  -3   3  -1  -2  -3  -1  -3   11   6   4   9   4   9   0  29   3   0   1   3   0   0  14   3   0   0   3   0  0.36 0.18
   69 N    -1   2   1   1   0   0   0   1  -1  -2  -2   1  -1  -3   2   1   0  -4  -3  -3    0  17   8   8   3   3   4  13   1   2   3   7   1   0  12  12   7   0   0   0  0.24 0.13
   70 R     0   4  -2  -2  -3  -1   0   1  -2  -3  -1   3  -2  -4  -3   0   0  -4  -3  -3    7  27   0   1   0   0   5  12   0   0   8  26   0   0   0   8   6   0   0   0  0.40 0.22
   71 G     0   3  -1  -1  -3   0   0   3  -2  -3  -3   0  -2  -1   2   1   0  -4  -3  -1    5  19   0   3   0   5   4  24   0   0   0   2   0   3  11  11   6   0   0   7  0.30 0.18
   72 R    -1   3  -1   0  -3  -1   0   1   0  -1  -2   2  -2  -2  -1   1  -1  -3  -2  -1    2  24   0   6   0   0   7  14   2   4   3  12   0   2   2  14   2   0   0   5  0.21 0.16
   73 G    -1   2  -1  -1  -3   0  -1   2  -2   0  -2   1  -1  -1   2  -1   0  -3   0  -2    4  14   2   3   0   2   3  23   0   8   1  11   1   4  10   2   6   0   5   1  0.19 0.12
   74 R    -1   3  -1   0  -3   1   1   1  -2  -3  -2   1  -2   1  -1   0  -1  -3  -2  -2    4  24   2   4   0   4  10  15   0   0   4  11   0   9   3   4   2   0   0   3  0.22 0.14
   75 G     1   2   1  -1  -3  -1   0   3   0  -2  -3   1  -1  -3   1   0   0  -3  -3  -2   11  17   8   1   0   0   7  24   2   1   0   9   1   0   6   3   6   0   0   3  0.27 0.15
   76 G     0   2   0  -2  -3   1  -1   4   3  -3  -3   1  -3  -3  -2  -1   0  -3  -2  -3    6  16   4   1   0   7   1  33  11   1   0  10   0   1   1   0   6   0   0   0  0.43 0.22
   77 K     0   3   2  -1  -2   1   0   2  -2  -3  -2   2  -2  -3  -3  -1  -2  -3  -1  -2    7  22  13   3   1   7   2  17   0   0   3  17   0   0   0   2   0   0   2   2  0.34 0.19
   78 R    -2   4  -1  -2  -1   1   0   2  -2  -3  -1   2  -2   0  -3   0  -1  -3  -2  -3    0  29   1   0   1   5   3  20   0   0   7  16   0   4   0   8   3   0   0   1  0.37 0.22
   79 G    -1   0  -2  -2  -3  -2   0   5   0  -3  -2  -1  -3   0  -1   2   0  -3  -3  -3    1   4   0   0   0   0   6  47   3   1   4   4   0   5   2  16   4   0   0   0  0.55 0.26
   80 N    -1   1   2  -1  -3   1   1  -1   0   1  -1  -1   5   0  -2   0  -1  -3  -2  -1    3   9  11   2   0   5  10   4   2   8   2   3  24   5   2   6   2   0   0   3  0.23 0.22
   81 Q    -1   2   1  -1  -4   2   1  -1   1  -1  -4   4  -3  -4   0   1  -2  -4  -3  -3    3  12   8   2   0   9   6   3   3   5   0  36   0   0   4   9   0   0   0   0  0.47 0.27
   82 S    -1   2  -1   1  -2   1  -1   3  -2  -3  -2   1  -3  -4  -1   1   0   1  -3  -3    3  15   0   7   1   5   2  25   0   0   4  10   0   0   3  15   5   2   0   1  0.32 0.22
   83 G    -1   0  -1  -2  -4  -2  -1   4  -3  -2  -3   1  -3  -2   2   1  -2  -4  -2  -4    4   6   3   1   0   1   3  42   0   3   3   8   0   2   9  13   0   0   2   0  0.53 0.29
   84 K     0   2   0  -2  -2   1   0   0  -1  -3  -2   3  -3  -3  -2   3   0  -4  -3  -2    7  13   4   1   0   7   3   5   1   1   2  18   0   1   1  28   3   0   0   3  0.32 0.26
   85 N    -2   1   3  -1   0   0   1  -2   0  -3  -4   4  -3  -4   0   0   0   0  -3  -3    1   6  15   2   2   2   9   2   2   1   1  38   0   0   4   7   4   1   0   2  0.51 0.32
   86 V    -1  -1  -4  -3  -3  -2  -2  -2   0   2  -1  -2   0   2  -1  -3   0   1  -1   4    5   3   0   1   0   1   3   4   2  11   1   2   1   8   3   0   7   2   2  43  0.39 0.29
   87 M    -1  -1   0  -2  -3  -1  -1  -2  -2   2   0  -1   3   0  -3  -1   1   2  -1   3    3   3   4   2   0   3   2   3   1  16   5   3  12   3   0   5   9   3   1  22  0.21 0.20
   88 V    -3  -3  -3  -3  -4  -4  -5  -6  -5   4   0  -2   2  -1  -5  -4  -1  -5  -2   5    1   1   1   2   0   0   0   0   0  30   8   2   5   2   0   0   3   0   1  44  0.92 0.46
   89 E    -2   2  -1  -1  -5   1   4  -3  -1  -2  -2   2  -1  -4   0  -2   0  -2  -2   0    2  10   3   2   0   4  37   1   1   2   3  13   2   0   4   1   5   1   1   9  0.47 0.33
   90 P    -1  -1  -1  -3  -5  -1  -2  -4  -2  -5  -4   0  -1  -6   7  -1  -3  -6  -5  -4    4   4   3   1   0   3   3   1   1   0   2   5   2   0  66   5   1   0   0   1  1.65 0.66
   91 H    -3  -2  -3  -4  -5  -2  -1  -2   9  -3  -4  -2  -4  -1  -5  -1   2   0   0  -5    2   2   0   0   0   1   3   3  55   1   1   2   0   3   0   4  16   2   3   0  1.55 0.65
   92 R    -2   5   0   0  -5   0   0  -2  -3  -3  -2   3  -2  -4  -1  -1  -1  -5  -3  -1    2  38   3   5   0   2   4   2   0   1   3  22   1   0   3   3   4   0   1   4  0.66 0.37
   93 H    -5  -3  -1  -3  -5  -3  -3  -5   8   0  -2  -4   1   5  -4  -4  -1   1   3  -3    0   1   3   1   0   0   1   0  35   5   2   1   4  26   1   0   5   2  11   1  1.27 0.58
   94 E     0  -1  -1   1  -2   1   4  -3  -2  -2  -2   0  -2  -1   3   0  -2  -2  -2  -2    7   3   2   8   1   5  32   2   1   2   3   4   1   3  16   6   1   1   1   2  0.47 0.32
   95 G    -1  -4   3  -2  -5  -4  -2   6  -1  -5  -5  -2  -5  -1  -5  -2  -1  -5  -5  -4    3   0  14   2   0   0   2  65   1   0   0   2   0   3   0   2   3   0   0   1  1.28 0.56
   96 V    -2  -5  -5  -5   0  -5  -5  -2  -5   4   0  -5   0  -1  -5  -3  -3  -5   0   6    3   0   0   0   2   0   0   3   0  20   8   0   1   2   0   1   0   0   3  54  1.02 0.49
   97 F    -5  -1  -5  -4  -1  -5  -5  -2  -1  -4  -2  -5  -4   7  -2  -3  -5   2   6  -4    0   3   0   1   1   0   0   3   1   0   3   0   0  46   2   2   0   2  32   0  1.59 0.67
   98 I    -2  -1  -2  -3  -2  -1   0  -4  -3   4   1   0   1  -2  -2  -1  -1   4  -2   1    2   2   2   0   1   3   6   1   0  33  13   6   4   1   2   5   4   6   1  11  0.37 0.26
   99 C     2  -1  -2   0   2  -1   0  -2  -1   1   0  -1  -1  -2  -1   1   1  -3  -1   1   24   4   0   4   5   2   7   2   1   8   9   1   1   1   2  11   7   0   2   9  0.13 0.15
  100 R    -2   4   0   0  -4   1   1   0   1  -3  -2   3  -2  -3  -2  -2  -1  -1  -1  -1    2  23   3   5   0   6   7   9   4   1   3  23   1   0   1   2   3   1   2   4  0.38 0.25
  101 G     0  -1   0   2  -2  -2  -1   4  -1  -2  -1  -1  -3  -2  -1   0  -2  -3  -2  -2    7   3   3  13   1   1   3  42   1   2   6   3   0   2   2   5   1   0   1   3  0.46 0.26
  102 K    -2   3   1   0  -4   1   2  -1   0  -2  -3   4  -3  -4  -1  -1  -1  -4  -3  -2    2  15   6   6   0   6  11   5   2   2   2  32   0   0   2   2   2   0   0   4  0.43 0.27
  103 E    -2   1   1   2  -4   1   4   0   0  -3  -3   2  -3  -1   0   0  -1  -3  -3  -3    2   6   5  14   0   5  30   7   2   1   2  11   0   4   4   4   3   0   0   1  0.38 0.24
  104 D    -2   1   2   4  -1   0   1   0   0  -3  -3   1   0  -2  -1   0  -1  -3  -2  -3    1   6  13  27   1   3   6   7   2   1   3  10   3   2   2   5   3   0   2   1  0.34 0.20
  105 A     2   1   0   0   2   0  -1  -1   0  -1  -1   2   0  -1  -1   0   0   0  -1  -1   21   9   5   4   5   4   2   3   2   2   6  16   3   2   2   5   4   2   2   5  0.10 0.11
  106 L    -3  -2  -4  -4  -3  -3  -4  -4  -4   3   5  -3   0   0  -1  -3  -1   1   0   0    1   2   0   0   0   0   1   1   0  17  58   1   0   4   3   1   3   2   4   3  0.71 0.35
  107 V     1  -3  -2  -3   3  -2  -3  -3   0   0   2  -1  -1   1  -3  -1  -1   3   4   1   12   0   2   0   7   0   1   1   2   2  22   4   0   6   0   4   2   4  18  12  0.29 0.23
  108 T    -1  -4  -1  -4  -4  -3  -1  -1  -4   0  -3  -3   1  -4  -4  -1   6  -5  -4  -1    5   0   3   0   0   0   4   4   0   5   0   0   4   0   0   3  65   0   0   4  1.12 0.60
  109 K    -1   3   0  -2  -4   1   0  -2  -2  -1   0   4  -2  -2  -1  -1   0   2  -3  -1    5  18   4   0   0   4   4   3   0   4   9  29   0   2   2   4   5   3   0   4  0.30 0.25
  110 N    -1  -3   5   0   1   0  -1  -1  -2  -1  -2  -2   1  -4   0   2   0  -4  -3  -1    4   0  30   4   4   4   4   5   0   5   4   0   4   0   5  16   6   0   0   5  0.38 0.31
  111 L     0   0   0  -2   2   0  -2   0   2   0   0   0   1   1   1   0   0  -2   1   0    6   6   6   0   6   6   0   6   6   6   6   6   6   6   6   6   6   0   6   6  0.05 0.10
  112 V     0   0   0   0   2  -1   0  -3  -2   0   0   0   1   1  -3   0   0   4   1   0    6   6   6   6   6   0   6   0   0   6   6   6   6   6   0   6   6   6   6   6  0.09 0.13
  113 P    -1   0  -1   0   0  -1  -1   1   0  -2  -1   0  -2  -4   5   1   0  -4  -3  -1    3   5   3   4   2   2   3  11   2   3   7   7   0   0  28   9   6   0   0   4  0.38 0.25
  114 G     0   1   1   1  -3   1   1   0   2  -2  -2   1  -2  -2  -2   0   0  -2   1   0    8   8   7   8   0   7   8   8   7   0   1   8   0   0   0   8   8   0   7   8  0.13 0.12
  115 E    -1   0   1   0   0   1   2  -1   0  -1  -1   1  -1   0  -1   0   0   1   0   0    3   5   7   5   2   5  16   5   2   4   5  10   2   5   3   6   4   2   4   7  0.08 0.11
  116 S    -1   0   0   0  -4   1   0   0   1  -1  -2   1  -3  -1   1   2   0  -4   0  -1    5   5   4   4   0   8   5   6   3   3   3  11   0   3   8  15   6   0   4   5  0.13 0.17
  117 V    -1   0   0   0   2   0   0  -1   2   0  -1  -2   1   0   0   0   0   3   1   0    5   5   5   5   5   5   5   5   5   5   5   0   5   5   5   5   5   5   5   5  0.07 0.11
  118 Y    -2  -1  -2  -1   1  -1  -3  -4   3   0  -1  -2   0   2  -1  -2  -1  -1   7  -3    2   4   2   3   4   3   1   1   7   7   5   2   2   7   4   2   3   0  42   1  0.78 0.44
  119 G    -1  -1   2   3  -4  -1  -1   4  -3  -4  -2   0   0  -4  -1  -1   0   0  -4  -3    4   3  11  18   0   2   3  34   0   0   4   5   3   0   3   3   5   2   0   0  0.45 0.29
  120 E     0  -1  -1   1  -5   2   6  -2  -3  -4  -5   0  -4  -5   0  -1  -3  -5  -4  -1    7   3   2   7   0   7  54   3   0   0   0   4   0   0   4   3   0   0   0   4  0.86 0.50
  121 K    -1   2   0   1  -4   1   1  -1   0  -1  -1   3  -2  -3  -1   0   0  -4  -1  -1    5  11   4   8   0   4   7   4   3   3   6  28   0   0   3   4   4   0   2   4  0.23 0.22
  122 R    -2   2  -2  -1   1   0  -1  -1  -2   1   1   1   1   0  -3   0   0  -3   0   0    0  16   0   4   3   3   3   4   0  11  15   8   4   5   0   6   7   0   3   6  0.11 0.16
  123 V     0   0   0   0   2  -2  -2   0   2   0   0   0   1   1  -3   0   0   3   1   0    6   6   6   6   6   0   0   6   6   6   6   6   6   6   0   6   6   6   6   6  0.07 0.13
  124 S     0   0   0   0   2   0   0   0   1   0  -1   0  -1   0   1   0   0  -2   1   0    6   6   5   6   5   5   6   6   5   6   6   6   0   5   6   6   6   0   5   6  0.03 0.06
  125 I     0  -1   0   0  -2   0   0  -3  -2   1   0   0   1   0   0   0   0   2   0   1    6   3   4   6   0   6   6   0   0  10   5   5   5   5   5   7   5   4   3  15  0.07 0.12
  126 S     0   0   0   0  -2   1   0   0   1   0   0   0   1   0   1   0   0  -3  -1   0    6   6   6   6   0   6   6   6   6   6   6   6   6   6   6   6   6   0   0   6  0.04 0.07
  127 E     0   0   0   0  -2   1   0   0   1   0  -1   0   1   0   1   0   0  -2   1   0    6   6   5   6   0   5   6   6   5   6   6   6   5   5   6   6   6   0   5   6  0.03 0.06
  128 G     0   1   1   1   0   0   1   0   0  -1  -1   0   0  -2   1   0   0  -3   0   0    7   9   7   7   3   3   8   7   3   3   3   5   3   0   7   5   6   0   5   6  0.07 0.09
  129 D    -1   0   0   1  -3   0   1   2   0  -1  -2   1  -2  -1   0   0   0  -3   0  -2    4   4   4  10   0   5  11  20   3   4   4   8   0   2   5   4   5   0   4   3  0.15 0.14
  130 D     0   0   0   1  -3   0   1   1  -2   0  -1   0   0  -3   0   0   1   3  -2  -1    6   5   5   9   0   4   8  11   0   6   4   7   3   0   3   6  14   5   0   4  0.12 0.14
  131 K     0   0   1   0  -3   1   0   0   2   0  -2   0   1   0   1   0   0  -2   1   0    6   6   6   6   0   6   6   6   6   6   1   6   6   6   6   6   6   0   6   6  0.06 0.10
  132 I    -1   0   0   0   1   0  -1  -1   3   0  -1   1   1   0  -3   0   0   2   0   0    5   6   4   5   4   3   4   3   9   4   4  10   5   4   0   6   8   3   3   6  0.09 0.12
  133 E     0   0   1   0   2   1   0   0  -1   0  -2   0   1  -2   1   0   0  -3   1   0    6   6   6   6   6   6   6   6   0   6   1   6   6   0   6   6   6   0   6   6  0.07 0.11
  134 Y    -1  -2  -2  -3  -2  -2  -2  -3   1   0   0   0   1   3  -3  -1   0   5   4  -1    5   0   0   0   0   0   1   1   4   8   8   7   4  16   0   5   6  11  21   1  0.37 0.18
  135 R    -1   1   1  -1   3   0   1  -2  -1   0   0   1  -1   1  -2   0  -1  -2  -1  -1    1  11  10   1  10   0  11   1   0  11  11  11   0  10   1  11   1   0   0   1  0.09 0.09
  136 A    -1   1   0  -2  -1   1   2  -2  -1   1   0  -1  -1  -1  -2   0  -1  -3  -2   2    4   9   6   1   1   6  15   1   1  10   8   2   1   2   1   6   2   0   1  24  0.15 0.16
  137 W    -5  -5  -5  -5   2  -4  -5  -1  -5  -4  -2  -5  -1   2  -5  -5  -5  11   0  -2    1   0   0   1   4   0   1   6   0   0   4   1   1   7   1   1   1  67   2   3  2.79 0.85
  138 N    -3  -1   5   4  -4  -1   0  -3  -2  -2  -4  -1   0  -4  -1   0   0  -5  -4  -2    1   2  34  27   0   3   4   1   0   2   1   2   3   0   3   8   6   0   0   2  0.73 0.38
  139 P    -1  -3  -4  -4  -1  -3   0  -4  -1  -4  -3  -3  -2  -3   8  -2  -2  -5  -4  -3    4   2   0   0   1   0   7   1   1   0   2   0   1   2  71   3   2   0   0   2  1.80 0.66
  140 F    -2  -1  -1  -2  -1  -1  -1  -3   0   0  -1   0  -1   5  -2   1  -2   1   4  -2    2   4   3   1   1   2   3   2   2   5   4   7   1  30   1  13   2   1  14   1  0.43 0.28
  141 R    -1   5   0   1  -1   0  -1  -2   1  -2  -2   1  -1  -3  -3  -1   0  -3  -1  -2    3  47   3   7   2   2   2   3   4   3   3   8   2   0   0   2   5   0   1   3  0.53 0.30
  142 S    -1   0   1   0   3   1  -1  -2  -2  -3  -2  -1  -2  -1  -2   5   0  -3  -3  -3    1   6   5   3   7   7   1   1   0   0   4   1   0   3   0  56   4   0   0   1  0.54 0.33
  143 K    -2   1   0   0  -4   0   0  -1  -2  -3  -2   5   1  -4   0   0  -1  -4  -3  -3    1   4   4   3   0   0   3   5   0   0   3  57   4   0   3   7   3   0   0   0  0.59 0.34
  144 L    -1  -3  -4  -4   1  -3  -3  -4  -3   1   4  -3   2   1  -1  -2  -2   5   0   0    3   0   0   0   4   0   0   1   0   4  49   0   7   7   3   3   0   9   3   4  0.48 0.26
  145 A     3  -2  -2  -2   3   1   0   0   0  -1  -1   0  -2  -1  -2   0   0  -3  -2  -1   39   0   0   0   7   6   7   8   3   3   3   6   0   3   0   6   4   0   0   4  0.23 0.19
  146 A     0  -2   1  -2   3  -2  -2   1  -2  -1   0  -2  -1   1   2   1   1  -2  -1   0   10   0   9   0   9   0   1  10   0   0  10   1   0   9  10  10  10   0   0  10  0.12 0.09
  147 A     3  -3  -2  -1   1  -2  -2   1  -2   0  -1  -2   1   0   1   0   0   2   0   0   31   0   0   4   4   0   0   9   0   4   5   0   4   4   8   5   6   4   4   6  0.19 0.17
  148 I    -1  -4  -4  -1  -3  -3  -1  -2  -4   5   2  -4   2   1  -4  -3  -1  -3   0   1    5   0   0   3   0   0   4   4   0  39  19   0   6   5   0   0   4   0   4   7  0.52 0.33
  149 L    -1   1  -2  -1   1   0  -1  -3   1   1   1   1   2   0  -3  -1   0   2   0   0    5   8   0   3   4   3   3   0   5   9  19   9   7   4   0   4   5   3   4   5  0.09 0.14
  150 G     0   0   1   0   2   0   0   1   1  -1  -1   2   0  -3  -3   0  -1  -3  -3  -1    9   4   9   3   6   4   4  12   4   3   6  17   4   0   0   6   3   0   0   5  0.12 0.15
  151 G    -2  -2   0   0  -2  -3  -2   6   0  -6  -6  -1  -5  -5  -5  -1  -2  -5  -2  -5    2   2   4   6   1   1   3  64   2   0   1   5   0   0   0   3   3   0   2   0  1.28 0.66
  152 V    -1  -3  -1  -3   0  -2  -2   0  -4   2   2  -2   1   0   0  -2  -2   0  -2   3    6   0   3   2   2   2   2   7   0  14  23   2   3   5   5   2   1   1   1  19  0.25 0.22
  153 D    -1   2   0   3   0   0   1   0   0  -1  -3   2  -1  -2   0   0  -1  -4  -2  -3    3  10   3  18   2   3  10   7   2   4   1  15   2   2   4   8   4   0   1   2  0.24 0.23
  154 Q    -1   1   3   1  -1   1   1   0   1   0   0   0   0  -3  -1  -1   0  -3   0  -1    3   7  16   6   1   5   9   8   4   5   9   4   2   0   3   4   5   0   4   5  0.10 0.13
  155 I    -1  -3  -1  -1   0  -1  -2   0   0   3   1  -3   1   1   0  -3  -1   3   0   1    4   0   3   4   2   2   3   7   3  24  12   0   4   7   5   0   4   4   2  10  0.20 0.21
  156 H    -1  -1  -1   0   1   0  -1   0   3  -1  -1  -1  -3   0   3  -1   0   4   1  -1    5   3   3   7   3   4   3   7   7   4   8   3   0   4  15   3   6   7   4   5  0.20 0.18
  157 I     0  -2   1   0   2   1   0  -3   2   0   0  -2   1   1   1   0  -1   4  -1   0    7   0   7   7   6   7   7   0   6   7   7   0   6   6   7   7   0   6   0   7  0.12 0.16
  158 K    -1   1   1   0   1   0   1   1   0  -1  -2   2   0  -1   0   0   0  -3  -1  -1    4   7   8   3   4   3   8  11   2   3   4  18   2   2   4   7   4   0   2   4  0.12 0.14
  159 P    -1   1   0   0  -3   0   1  -1   1  -1  -1   1   0  -3   3   0  -1   2   0  -1    4   7   3   6   0   5   9   5   4   3   7   9   3   0  16   7   3   3   3   3  0.18 0.16
  160 G     0   1   1   1   2   1   0   0   2   0  -2   0  -2  -2  -2   0   0  -2   1   0    7   7   7   7   6   7   7   7   6   7   1   7   0   0   0   7   7   0   6   7  0.08 0.11
  161 A     2  -1   0   0   0  -1  -1  -2   0  -2   0   0  -1  -2  -2   3   1   0  -2  -2   19   2   4   4   2   2   4   2   3   1  10   5   1   1   1  27   8   1   1   2  0.22 0.22
  162 K    -1   3  -1  -1  -1   1   1  -3   0  -2  -2   3  -1  -1   1  -1   0  -1  -1  -2    2  18   2   1   1   6   9   1   3   2   2  25   1   3   8   3   8   1   1   2  0.30 0.21
  163 V     0  -2   0  -2   3   1  -2  -1  -2   1   0  -2   0   1   1  -1  -1   1  -1   3    8   0   6   0   8   9   0   3   0   8   3   0   2   8   6   2   2   2   0  31  0.16 0.16
  164 L    -2   0   0  -3   2  -2  -2   0  -2   0   3  -2   1  -1  -1  -1  -1  -3  -2   0    1   6   7   1   5   0   1  10   0   3  45   1   3   0   3   5   1   0   0   7  0.22 0.18
  165 Y    -1  -2  -2  -2   2  -2  -2   0   3   0   0  -2  -1   3  -2   0   0   0   4   0    1   1   1   1   6   1   1   7   9   7   6   1   0  12   1   6   7   0  26   7  0.25 0.15
  166 L    -1  -2  -2  -3  -2  -2  -2  -3   3   1   2  -1   2   1   0  -2  -1   5   0   1    6   0   0   0   0   0   0   1  10  12  26   6   6   6   5   1   0  10   0   9  0.23 0.14
  167 G    -1   0   0   2  -3  -1   0   4  -2  -3  -3  -1   0   1  -3  -1  -2  -2   0  -2    3   6   4  13   0   0   8  41   0   0   0   0   5   7   0   3   0   0   4   4  0.36 0.19
  168 A     2   0   0   1   1   2   0  -1  -2  -1  -1   0  -2  -1   0   0  -1  -3   0   0   25   6   4   7   3  10   5   3   0   3   4   4   0   3   5   6   3   0   3   5  0.12 0.16
  169 A     0   0   1   1  -2   1   0   0  -1   0  -1  -1  -1  -2   1   0   0  -2   1   0    7   7   7   7   0   7   7   7   0   7   7   0   0   0   7   7   7   0   7   7  0.06 0.08
  170 S     0  -1   0  -1   3   0   0   0   2  -3  -1  -2   0   1  -3   3   0  -3   1  -2    5   3   5   1   8   4   4   5   5   0   7   0   3   7   0  30   5   0   5   0  0.24 0.25
  171 G     0   0  -2  -3  -4   0   0   6  -3  -4  -2  -3  -3  -1  -3  -1  -3  -4  -4  -2    8   5   0   0   0   4   6  60   0   0   3   1   0   2   0   4   1   0   0   3  0.92 0.45
  172 T    -1   0   0  -3   1  -1  -1  -3   1   1  -2  -1   0  -3   1   0   4  -3  -1  -1    5   5   5   0   3   2   3   1   3  11   2   3   2   0   7   3  40   0   2   2  0.39 0.32
  173 T    -1  -2   0   0   1   1   0  -1  -2   0   0  -1  -2  -2   0   0   3  -3   1  -1    4   0   3   6   3   6   4   5   0   6   9   3   0   0   3   7  28   0   6   3  0.17 0.23
  174 V     0  -1  -3  -3   1   0  -2   0   1   1   0  -1  -1  -2  -1  -1  -1   3   1   3    6   3   0   0   3   6   0   6   4   6   5   4   0   0   3   3   3   5   6  29  0.13 0.23
  175 S     0   0   0  -2   2  -1   0   0  -2  -1   0   0   1   1   1   0   0   4  -1   0    7   7   7   0   6   0   7   7   0   0   7   7   6   6   7   7   7   6   0   7  0.09 0.14
  176 H    -2   2   0  -1   1   1  -1  -3   5   0  -1  -2   1   2   0  -1  -2  -2   2  -2    1  11   4   4   4   8   4   0  21   6   6   0   4  11   4   4   0   0   7   0  0.33 0.28
  177 V     0  -2  -3  -3   3  -2   0  -3  -2   2   1  -2   3   2  -2  -2  -1  -2  -1   2   12   1   0   1  10   0   7   1   0  14  12   1  11  10   1   1   1   0   0  17  0.20 0.13
  178 S     1  -1  -1  -2   2   1  -1   0   1   0  -1   0  -1   2   0   2  -1  -2  -1  -1   10   0   0   0   5   6   1   5   6   7   6   5   0  12   5  28   1   0   0   1  0.13 0.13
  179 D    -1   0   1   5   1   1   0  -1  -2  -3  -1   0   0  -3  -3  -1  -2  -3   0  -1    6   5   4  44   4   5   4   4   0   0   5   4   4   0   0   1   0   0   4   4  0.44 0.26
  180 I    -1  -2  -2  -2   3   1  -2  -3   2   1   0  -2   2   1   1   0  -1  -2   2   0    1   0   0   0   8   9   1   1   9   9   9   0   9   9   9   9   0   0   9   9  0.16 0.14
  181 V    -1  -1   0  -1   4   0  -3  -2  -4   2   0  -3   1  -3  -4  -3   0  -4  -4   4    6   4   5   3   9   5   0   3   0  12  10   0   4   0   0   0   6   0   0  31  0.42 0.32
  182 G     0  -1  -1  -1   3   0   0   4   2  -1  -2  -1  -5  -6   1  -1   0  -6   0  -6    7   4   3   4   5   4   6  30   4   4   4   4   0   0   7   5   5   0   4   1  0.43 0.28
  183 P    -1   0   0   0   2   0   0  -1   2   0  -1   0   2   1   0  -1   0   3   1  -1    5   5   5   5   5   5   5   5   5   5   5   5   5   5   5   5   5   5   5   5  0.09 0.08
  184 D    -2  -1   2   2  -6   1   2   0   1  -1  -2   1   1  -1  -1   0   0  -6   0  -2    4   4   9  10   0   6  11   8   3   4   5   8   3   3   3   7   6   0   4   3  0.14 0.14
  185 G     0   1   1   1  -2   1   1   0  -1  -1  -1   1   1  -2   1   0   0  -3  -2   0    7   7   7   7   0   7   7   7   0   0   7   7   7   0   7   7   7   0   0   7  0.09 0.10
  186 L    -1   0   0   0   2   0   0  -1   2   0  -1   0   2   1   0  -1   0   3   1  -1    5   5   5   5   5   5   5   5   5   5   5   5   5   5   5   5   5   5   5   5  0.09 0.08
  187 V    -1  -7  -7  -8   4  -7  -7  -1  -8   4  -1  -7   2   1  -7  -1   1   3  -7   5    5   0   0   0   7   0   0   6   0  18   5   0   4   5   0   5   7   4   0  32  0.98 0.42
  188 Y     0   0   0  -3   2  -2  -2   0   2   0   0   0   1   1   1  -2   0   4   1   0    6   6   6   0   6   0   0   6   6   6   6   6   6   6   6   0   6   6   6   6  0.10 0.15
  189 A     2   1  -2  -3   2   0   0   0  -3   1  -1   0   1  -3  -3   0  -2  -3  -3   1   25   7   0   0   6   5   5   8   0   8   5   7   4   0   0   5   0   0   0  13  0.18 0.19
  190 V    -1  -1  -3  -3   2  -3  -3  -3  -3   2   0  -3   1   0   0   0   0  -3  -2   4    4   3   0   0   5   0   0   1   0   9   7   0   5   5   5  10   5   0   0  39  0.33 0.26
  191 E    -1  -2   0   2  -4   1   4   0  -2  -3  -3   0  -3  -3   1   1  -1  -3   1  -2    5   0   3  10   0   6  33   6   0   0   1   6   0   0   7   9   2   0   8   2  0.39 0.25
  192 F    -3  -2  -1  -4  -1   1  -2  -4   2   1   0  -1  -1   5  -2   0  -2   3   1   1    1   2   3   0   1   6   2   1   5  10   7   5   1  28   2   7   2   5   4  10  0.41 0.28
  193 S     1  -3  -1   0  -3  -3   0  -1  -1  -2   0  -3  -1  -1  -2   5  -1  -4  -4  -1   12   0   2   4   0   0   7   4   1   2   8   1   1   2   2  46   2   0   0   4  0.57 0.41
  194 H    -1   0   0   0  -4   1   0  -1   5  -3  -3   1  -3   1   3   0   0   0  -1  -3    5   4   3   4   0   6   4   5  15   1   2   9   0   7  18   7   5   2   2   2  0.34 0.23
  195 R    -1   0   0   0   2   0   0  -1   2   0  -1   0   2   1   0  -1   0   3   1  -1    5   5   5   5   5   5   5   5   5   5   5   5   5   5   5   5   5   5   5   5  0.09 0.08
  196 S     1  -1   1  -1   2  -5  -2  -1   1  -1  -2   0   2  -1   2   2  -1  -6   1   0   10   3   6   4   4   0   3   4   3   3   4   7   5   3  10  15   4   0   5   7  0.19 0.18
  197 G     0  -1   0   0  -3  -2  -2   1   1   0   0  -1   3   3   0  -1  -1  -3   1   0    8   3   4   6   0   0   0  13   4   5   6   4  11  15   4   5   4   0   4   5  0.14 0.18
  198 R     0   4   0   0   1   1  -1  -1   1   0  -1   0   0  -3  -1   0  -1  -4   0  -1    6  24   5   6   3   6   3   5   3   5   4   5   3   0   3   7   4   0   4   4  0.18 0.20
  199 D    -1  -1   0   3   1   0   1  -1   0  -1  -1   0  -2   0  -1   0   0  -3   0  -1    5   3   4  21   4   4  11   3   3   4   5   7   0   5   3   5   4   0   4   4  0.15 0.14
  200 L    -1  -1  -1   1   2   1   0   0  -2   0   0   0   1   1   1   0  -1  -2  -1   0    1   0   0   8   7   7   8   8   0   8   8   8   7   7   8   8   0   0   0   8  0.07 0.12
  201 I     0   0  -1  -2   1   0   0  -1   0   1   1  -2   1   1  -3   0   0  -2   0   1    5   4   3   0   3   5   5   4   3  10  14   0   5   8   0   8   6   0   3  11  0.05 0.09
  202 N     0   0   2   1  -1   1   1  -1   2  -2  -2   0  -1   0   0   1   0   1   0  -2    6   4  14  10   2   6   9   5   5   2   4   4   1   5   4  10   5   3   2   2  0.14 0.14
  203 L    -2   0   0  -2   0  -3  -4  -4  -4   2   3  -2   4  -1  -4  -2  -1   3  -3   2    3   5   5   3   2   0   0   0   0  13  26   2  15   2   0   2   3   4   0  15  0.44 0.32
  204 A     4  -3  -3  -3   5   0   0  -1  -4  -2  -1  -1  -3  -1  -3   2  -1  -4  -4   0   35   0   0   0  12   4   5   4   0   2   5   4   0   3   0  15   4   0   0   6  0.47 0.37
  205 K     0   1   0   0  -3   0   2  -1   2  -2  -3   2  -1  -2   0   0   0   3  -2  -2    8   8   3   4   0   3  16   4   6   1   2  18   2   2   4   7   5   4   0   2  0.23 0.21
  206 K    -1   2   1  -1  -4   1   1   0   0  -2  -3   3  -1  -1  -2  -1  -1   2   1  -2    4  10   6   2   0   7   8   8   2   2   2  26   2   2   2   4   2   3   5   3  0.26 0.23
  207 R    -4   7  -1  -1   2  -1  -1  -3   0  -1  -3   0  -4  -5  -5  -2  -2   0  -2  -5    0  59   3   3   4   2   4   2   2   4   2   5   0   0   0   3   2   2   2   0  1.15 0.62
  208 T    -1   1   0   0  -4   0   1  -2   1  -2  -2   2  -1  -1   2   1   2  -4  -2  -2    5   9   4   5   0   2   7   3   3   3   3  15   1   3  10  11  13   0   1   2  0.20 0.19
  209 N     0   1   1   1  -2   0  -1   1   3  -3  -2   1  -2  -2  -2   1   1  -2   2  -2   10  10   9  10   0   0   1  10   9   0   1  10   0   0   0  10  10   0   9   1  0.17 0.11
  210 I    -2   0  -3  -4   2  -3  -3  -4   2   4   1  -3   4  -2  -4  -1   0  -4  -3   3    1   6   0   0   5   0   1   1   6  25  10   0  11   0   0   6   6   0   0  20  0.44 0.27
  211 I     0  -1  -2  -3   1  -2  -1  -1   2   3   0  -1   1   1  -3  -1   0   2   1   1   10   3   0   0   3   0   4   3   8  22   5   3   4   5   0   4   6   3   5  10  0.15 0.15
  212 P    -1  -3  -1  -3   1  -3  -1  -4   0  -3  -1  -1  -3  -1   6  -1  -1   2   0   0    3   1   3   1   3   0   3   1   2   1   5   3   0   3  51   3   3   3   3   8  1.01 0.42
  213 V    -2  -3  -4  -4   2  -3  -4  -4  -3   5   1  -3   2   0   0  -3  -2  -3   0   3    1   1   1   1   5   1   1   1   0  45   8   1   5   4   5   1   1   0   3  17  0.65 0.29
  214 I    -2  -3  -1  -2  -3  -2  -3  -4  -1   3   3  -1   1   1  -1  -2  -1   2  -1   1    1   1   3   2   0   2   1   1   1  19  31   5   4   7   3   2   2   3   2  12  0.31 0.20
  215 E     2   0  -1   0  -3   0   3   1  -1  -2  -3   1  -1  -2  -2  -1  -1  -3  -2  -2   22   4   2   5   0   4  24  12   1   2   2   7   2   2   2   3   2   0   1   3  0.27 0.20
  216 D    -2  -1   3   5   1  -2   0  -2   3  -4  -4   0  -4  -1  -3   0   0  -4   0  -2    3   3  13  32   3   0   6   3   7   0   0   7   0   3   0   5   6   0   4   3  0.50 0.35
  217 A     3  -1   0   0   3  -2  -2   0   1  -1  -3  -1  -3  -3   2   1  -1  -3   2  -1   27   3   3   7   7   0   0   5   3   3   1   3   0   0  12   9   3   0   9   4  0.29 0.28
  218 R    -1   3   1  -1   0   0   0   0   1  -3  -2   0  -1  -1   0   0   0   2   1  -2    5  19   7   3   3   5   4   9   4   0   3   2   2   3   5   7   6   3   6   3  0.14 0.16
  219 H    -1   2   1   1   0   0  -1  -3   5  -1  -1   0   0   1   0   0  -1  -3   1  -1    4  10   8   8   2   3   3   0  15   4   6   7   3   5   4   5   3   0   6   4  0.21 0.19
  220 P    -3  -3  -5  -5   0  -2  -3  -5   2  -2  -1  -5  -5  -2   7  -2  -2  -6   0  -2    2   2   0   0   2   2   2   0   5   3   6   0   0   2  61   4   2   0   4   4  1.56 0.78
  221 H     0   1  -1   0   2   0   2  -2   3  -2  -1   1   1  -1  -3  -1  -1   4   2  -2    9   7   3   4   4   4  17   3   8   1   5   7   4   1   0   4   3   7   7   1  0.24 0.22
  222 K    -1   1   1   0  -4   1   1  -2   3  -3  -2   4   0  -2  -3   0   0   0  -2  -3    5   8   5   6   0   6   9   3   7   1   4  25   3   2   0   5   7   1   1   1  0.31 0.26
  223 Y    -5  -5  -5  -5  -1  -5  -3  -5   1  -2  -2  -1   0   0  -5  -2  -5   2   9  -3    1   0   0   1   1   0   2   1   2   2   4   3   3   2   1   3   1   3  68   2  2.06 0.87
  224 R     1   5  -2  -4   1   0  -1  -2   1  -2  -2   0  -2  -1  -2   1  -1  -1  -2  -2   12  36   2   0   3   3   4   3   3   2   3   5   1   3   2  11   4   1   1   2  0.51 0.36
  225 M    -1  -1   1   1   1   0   0  -1   2  -1  -2   1   4   0   1  -1  -1   3   0  -1    5   3   6   8   2   3   5   4   5   4   4  10  10   5   6   6   3   4   3   4  0.17 0.14
  226 L    -2   1  -5   0  -6   1  -1  -6   1   2   2   0   3   2  -6  -2  -1   3   1   0    4   7   0   5   0   5   5   0   3   9  19   5   7   8   0   4   4   3   5   7  0.32 0.20
  227 I    -1  -4  -1  -2  -4  -4  -2  -2  -4   3   0  -4   1   0  -1  -4   0  -4   0   5    4   0   3   3   0   0   3   3   0  17   8   0   4   4   3   0   4   0   3  40  0.58 0.39
  228 A    -1   0   0   0   1   0   1   2   0  -1  -2   0  -2  -1   2   1   0   2  -2  -1    5   4   5   6   3   3  10  15   3   3   4   4   0   3  10  10   4   4   0   4  0.13 0.15
  229 M     0   0   0   0   2   0   0   0   1   0  -1   0   1   0   1   0   0  -3  -1   0    6   6   5   6   5   5   6   6   5   6   6   6   5   5   6   6   6   0   0   6  0.03 0.07
  230 V     1  -2  -1  -4   3  -3  -4  -4  -4   1  -1  -3   2  -1  -1  -1  -1  -4  -3   5   10   3   3   0   6   0   0   1   0   6   4   0   5   3   4   5   2   0   0  47  0.58 0.37
  231 D    -3   0   1   5   1  -2   1  -1   2  -4  -4  -2   1  -3   0   0   0  -4   0  -4    1   5   5  41   4   0   7   5   5   0   1   0   5   0   5   7   5   0   4   0  0.56 0.34
  232 V     0  -3  -1  -1   1  -2  -3  -1   3   1   0  -3   1   1  -3  -1   0   6   1   2    8   0   3   4   3   0   0   5  11   8   5   0   3   5   0   4   4  13   4  17  0.29 0.22
  233 I    -2  -3  -3  -1  -2  -3  -3  -1  -3   4   2  -3   3   0  -3  -3  -2  -3  -2   2    1   0   0   4   0   0   1   6   0  38  17   1   9   4   0   1   1   0   0  17  0.49 0.25
  234 F    -2  -3  -4  -4   0  -3  -4  -4   1   1   0  -4   0   6  -4  -3  -3   3   5   0    4   0   0   0   2   0   1   1   3   7   6   0   2  41   0   1   0   3  21   5  0.85 0.33
  235 A     1   0  -1  -2   2   4   0   1  -2  -1  -2  -1   0  -2   0   1  -1  -3  -3  -1   13   5   2   1   5  29   3  10   0   3   3   1   2   2   5  11   3   0   0   5  0.27 0.22
  236 D    -1  -3   1   6  -5  -1   2  -3  -3  -5  -5  -3  -4  -5   0  -2  -1  -5  -2  -4    4   0   7  58   0   3  13   1   0   0   1   1   0   0   4   1   3   0   1   1  1.21 0.51
  237 V    -1  -4  -4  -2  -3  -3  -1  -4  -4   4   1  -1   1  -1   0  -2   0  -4   0   3    4   0   0   3   0   0   5   0   0  25  11   5   4   2   4   3   6   0   3  25  0.42 0.30
  238 A     2   0  -1   2  -3   0  -1   0   0  -3  -2   0  -3  -4   2   1  -1  -4  -3   0   24   5   3  11   0   3   3   6   3   0   5   5   0   0  11   9   3   0   0   8  0.23 0.24
  239 Q    -1   1  -1  -1   0   4   0  -1   4  -2  -2   0   0  -4   1  -1  -1   1   0  -1    4   8   3   3   2  24   5   6  12   2   4   4   2   0   6   4   2   2   3   5  0.35 0.31
  240 P     0   0   0   0   2   1   0   0   2   0  -1   0  -1  -2   1   0   0  -2   1   0    6   6   6   6   6   6   6   6   6   6   6   6   0   0   6   6   6   0   6   6  0.05 0.08
  241 D    -1   0   1   3   1   1   0  -1   1   0  -1  -1   1  -1  -3  -1  -1  -3   1   0    5   7   7  20   3   7   4   4   4   5   4   3   5   3   1   4   3   0   6   7  0.14 0.15
  242 Q     0   1   1   1  -3   1   1  -2   2  -2  -1   1   1  -2   1   0   0  -2   1  -2    7   7   7   7   0   7   7   0   7   0   7   7   7   0   7   7   7   0   7   0  0.13 0.14
  243 T     0   0  -2   0   2   1   0   0   2   0  -1  -2   1  -2   1   0   0   3   1   0    6   6   0   6   6   6   6   6   6   6   6   0   6   0   6   6   6   6   6   6  0.09 0.14
  244 R    -1   3   0   1   1   1   2   0   1  -3  -2   0   2   0  -3   0  -1   4  -2  -3    5  16   4   6   3   5  17   6   3   0   4   4   6   4   0   6   4   6   0   0  0.24 0.25
  245 I    -1  -4  -1  -1  -3  -3  -2  -4   1   5   0  -3   2   1  -1  -1  -1   2   1   0    3   0   3   3   0   0   2   0   4  42   6   0   7   4   3   4   4   3   6   4  0.48 0.37
  246 V     1  -3  -4  -4  -3  -3  -3  -2  -3   2   3  -3   2   3  -3  -1  -1  -2   0   1   14   0   0   0   0   0   0   3   0  12  27   0   6  17   0   4   3   0   3  10  0.37 0.26
  247 A     1  -2   0  -2   1  -1  -2  -1   0   2   1  -1   1   0  -1  -1   0   0   0   1   17   2   4   1   4   3   1   5   2  13  13   2   3   3   2   4   6   1   3  10  0.06 0.10
  248 L     0   2   1   0  -3   0   0  -3   0  -1   1   2   0   0  -3  -1  -1   0  -1  -1    8  11   8   4   0   3   7   0   3   2  20  17   3   3   0   3   2   1   2   2  0.17 0.19
  249 N    -3  -4   8  -3  -1  -4  -2  -4  -1  -3  -4  -2  -2  -1  -5  -1  -2  -6  -1  -5    3   0  72   0   1   0   2   0   1   2   2   2   1   3   0   5   1   0   2   0  1.75 0.83
  250 A     4  -3  -3  -4   4  -3  -3  -2  -2  -1  -1  -3   0   0   0   0  -1   2  -1   0   41   1   0   1   9   0   1   2   1   4   6   1   2   4   5   7   4   3   2   6  0.47 0.35
  251 H     0   0   0   0  -2   1   0   0   2   0   0   0   1   0  -2   0   0  -2   1   0    6   6   6   6   0   6   6   6   6   6   6   6   6   6   0   6   6   0   6   6  0.04 0.07
  252 T    -1   0   0  -3   1   0  -1  -1   3   0   0  -1   1   1  -1  -1  -1   2   3   0    5   6   4   0   3   3   3   5   8   4   8   3   4   7   3   5   4   3  14   7  0.14 0.16
  253 F    -2  -5  -6  -6   1  -5  -6  -6   1  -1   0  -5   1   7  -6  -2  -5   2   5  -4    3   0   0   0   2   0   0   0   3   4   8   0   4  50   0   4   0   2  17   0  1.49 0.64
  254 L    -2  -2  -5  -5  -4  -1  -2  -2  -5  -1   5  -2   1   1  -2  -2  -4  -4  -3   0    3   2   0   0   0   2   2   3   0   2  62   3   3   6   2   3   0   0   0   5  0.85 0.45
  255 R     0   1   1   1   2   1   0   0   2  -3  -1   0  -2  -3   1   0   0   4  -2  -2    7   7   7   7   6   7   7   7   6   0   7   7   0   0   7   7   7   6   0   0  0.15 0.15
  256 N     0   0   0   0   2   1   0   0   1   0  -1   0   1  -2   1   0   0  -3  -2   0    6   6   6   6   6   6   6   6   6   6   6   6   6   0   6   6   6   0   0   6  0.06 0.09
  257 G     0   0   2   0   0  -1   0   4   1  -1  -4   0   0  -1  -4  -1  -1   3  -1  -2    6   5   9   5   2   3   7  29   3   3   0   5   3   3   0   4   2   5   2   3  0.31 0.26
  258 G    -1   0  -1  -2   0   0  -1   5   0  -2  -5  -1  -5  -1  -2  -1  -1  -5  -5  -2    4   5   2   2   2   4   5  51   2   2   0   3   0   3   2   4   3   0   0   3  0.78 0.50
  259 H    -2  -1  -1   0   2   1  -1  -1   4   0   0  -1   0   2  -3  -1   0   2   2  -1    3   4   2   6   5   6   4   6  12   6   9   4   2  10   0   2   6   3   8   3  0.17 0.18
  260 F     2  -4  -4  -4   1  -4  -4   1  -4   2   1  -4   1   3  -4  -1  -1  -3   2   1   18   0   0   0   3   0   0  13   0  11  13   0   3  16   0   3   2   0   6   9  0.37 0.27
  261 V     0  -1  -2  -1   1   0  -2  -3  -2   2   1  -2   2   1  -3  -1  -1  -2   1   2    7   4   0   4   4   5   0   1   0  15  14   0  10   8   0   4   0   0   5  17  0.13 0.13
  262 I     0  -2  -2  -2  -2   1  -1   0   2   1   0  -2   2   1  -2   0   0  -2   2   0    8   0   0   0   0   8   0   8   8   8   8   0   8   8   0   8   8   0   8   8  0.08 0.12
  263 S     1  -2   0  -2   2   0   0  -2   1   0  -1  -1   2   0   0   1   0  -2   1   0   13   1   3   1   6   4   5   1   4   6   5   4   7   5   5  14   5   0   5   8  0.08 0.11
  264 I    -1  -1  -3  -3   1  -2  -3  -3  -3   3   1  -1   1   1  -3  -1   0  -3  -2   3    4   3   0   1   3   0   1   1   0  26  13   3   4   6   0   4   8   0   0  21  0.27 0.19
  265 K    -1   1   1   1   2   1   1   0   2  -3  -3   1  -2   1   1   0  -1  -2   1  -3    1   8   7   8   7   7   8   8   7   0   1   8   0   7   8   8   0   0   7   0  0.18 0.15
  266 A     0  -2   0  -2   2  -1   0   0   2   0   0   0   1  -2   1   0   0  -2   1   0    7   0   7   0   6   0   7   7   6   7   7   7   6   0   7   7   7   0   6   7  0.06 0.12
  267 N    -1   2   3   1   1   0   0  -1   1  -1   0   1   0  -3  -1   0   0  -3  -2  -1    5  14  15   8   3   4   4   3   3   4   9   6   3   0   3   6   3   0   0   4  0.13 0.15
  268 C     0   0   1   0   2  -1  -1   0   2   0   0   0  -1   0  -2   0   0  -3  -1   0    7   7   7   7   7   0   0   7   7   7   7   7   0   7   0   7   7   0   0   7  0.04 0.09
  269 I     0   0   0   0  -2  -1   0  -1   1   2   0  -1   2  -2  -2   1   1  -3  -2   1   10   7   5   4   0   0   6   4   4  19   5   0   8   0   0  10   8   0   0   8  0.08 0.13
  270 D    -1   0   2   4   2   0   1   1   0  -1  -3   0  -3  -3  -1   0   0  -3  -1  -2    5   4   8  27   6   3   6  10   3   4   1   6   0   0   3   5   4   0   3   2  0.26 0.20
  271 S     0  -1  -2   0  -1   1  -1   0  -2  -1   0  -2   0   0   1   2  -1   3  -2   1    6   3   0   4   1   8   4   6   0   2   8   0   3   5   6  24   3   5   0  10  0.14 0.20
  272 T     0   1  -1   0  -3   0  -1   1  -2   0  -1  -1   0   0   0   1   3  -3   0   0    4   7   2   5   0   4   2  11   0   5   6   3   3   4   4   8  23   0   3   6  0.12 0.17
  273 A     1   1  -1  -1   0   0   1  -1  -2  -1  -1   1   1  -1   0   0   0  -3  -1   0   16   7   2   3   2   3   8   5   0   3   5  10   4   3   3   9   4   0   3  10  0.06 0.09
  274 S    -1   0   0   1  -4   2   1   0  -1  -3  -3   1  -3  -1   4   1  -1  -4  -3  -3    4   6   5   7   0   8   9   7   1   1   2   9   0   3  23  10   3   0   0   1  0.39 0.28
  275 A     1  -2  -1   0  -4   0  -1   0  -1  -3  -3  -1  -1  -2   5   0  -1  -4  -2   0   15   2   3   5   0   3   4   6   1   1   2   3   1   2  32   8   3   0   1   6  0.52 0.34
  276 E    -1   2   0   1  -4   0   4  -1   0  -2  -4   3  -1  -4  -2  -1  -1  -4  -2  -2    4  11   4   6   0   3  29   4   2   3   1  19   2   0   1   3   3   0   1   3  0.43 0.33
  277 A     2  -1  -1   3  -3   1   2  -2   1  -1  -2   1  -1  -1  -2   0   0  -4  -3   0   18   2   2  16   0   6  15   2   3   5   3  10   1   2   1   4   4   0   0   6  0.22 0.22
  278 V    -1  -2  -2  -2  -1  -3  -2  -3  -2   4   0  -3  -1  -3  -1  -2   0  -4  -1   4    5   2   2   2   1   0   3   2   1  22   7   1   1   0   3   3   5   0   2  39  0.51 0.36
  279 F    -3  -3  -3  -5  -1  -3  -3  -5  -3   1   1  -3   0   7  -5  -4  -3   1   4  -1    2   2   2   0   2   1   1   1   0   9  13   2   2  45   0   1   1   2  12   4  0.99 0.51
  280 A     3   1   0   1  -1   1   1  -2   0  -2  -2   0  -2  -2  -2   1  -1  -4  -2  -1   27   8   5   9   1   7  11   1   2   2   2   5   0   2   1   9   2   0   1   5  0.22 0.23
  281 S     1   2   1   1  -3   1   2  -1   1  -2  -2   1  -1  -3  -1   1   0  -4  -2  -2   12  10   7   6   0   6  16   4   3   1   3   7   1   0   2  12   6   0   1   2  0.21 0.19
  282 E     1  -2  -2  -1  -1   2   5  -3   1  -3  -4  -1  -2  -3  -4  -1  -2  -5  -4   1   12   1   1   3   1   8  46   2   4   1   1   2   1   1   0   3   2   0   0  11  0.73 0.51
  283 V    -1   1  -3  -2   0  -1   0  -3   0   2   1   0   2   0  -3  -2  -1  -3   0   3    5   9   0   1   2   1   7   1   2  13  10   7   5   4   0   1   3   0   3  25  0.20 0.22
  284 K    -1   2   1   1  -4   1   2  -2  -1  -3  -3   3   0  -3  -2   0  -1  -4  -1  -2    5  12   7   6   0   6  16   2   1   1   1  23   3   1   1   7   2   0   2   2  0.36 0.30
  285 K    -1   3   1  -2   0   0   1  -1  -2  -2  -2   4  -1  -2  -1  -2  -1  -4  -2  -2    4  13   7   1   2   4  11   4   1   3   5  31   1   2   3   1   4   0   1   2  0.38 0.32
  286 M    -4  -3  -5  -2  -4  -2  -3  -4  -5   1   5  -3   3  -1  -3  -5  -3  -5  -4  -1    1   1   0   3   0   2   2   1   0   6  67   2   6   2   2   0   2   0   0   3  1.06 0.60
  287 Q    -2   2  -1  -2  -3   3   3  -3  -1  -1  -1   3  -1  -3  -3   0  -1  -4  -2  -1    3  12   2   1   1  16  21   1   1   3   6  17   1   1   0   6   3   0   1   4  0.42 0.34
  288 Q     1   1   0   1  -4   3   2   0  -1  -4  -3   3  -2  -4  -2   1   0  -4  -3  -3   12   7   4   8   0  13  14   6   1   0   1  17   1   0   1  10   4   0   0   1  0.35 0.29
  289 E     0   1   0   1  -4   0   3  -1   2  -2  -1   1   0  -2  -3   0  -2   0  -1  -1    8   6   4   9   0   3  25   4   5   1   5   8   3   2   0   7   1   1   2   4  0.23 0.22
  290 N    -2   2   1  -1  -2   3   1   3   1  -3  -3   1  -2  -2  -2  -2   0  -3  -1  -3    2  10   8   2   1  17   8  22   3   1   2   9   1   2   1   2   6   0   2   1  0.35 0.28
  291 M    -5  -6  -6  -6  -1  -6  -6  -6  -3   1   3  -6   2   7  -4  -4  -5  -1   2  -2    0   0   0   0   2   0   0   0   0   6  29   0   5  44   1   1   0   1   7   2  1.34 0.67
  292 K    -2   1   0   0  -3   1   3  -4  -1  -2  -5   5  -2  -3  -4  -1   0  -5  -3  -3    3   7   4   5   0   5  20   1   1   3   0  36   1   1   0   4   7   0   1   2  0.64 0.46
  293 P    -3  -2  -4  -4  -3  -2  -4  -5  -6   4  -1  -4  -4  -3   6  -3  -1  -6  -5   2    1   2   1   1   0   2   0   1   0  28   4   1   0   1  37   1   4   0   0  15  1.12 0.64
  294 Q    -1   1  -2  -2  -1   1  -1  -3  -1   2   2   1   1  -1  -2  -1  -1  -2  -1   0    3   7   2   2   1   8   4   1   1  14  22  10   4   2   2   6   2   0   2   7  0.12 0.16
  295 E    -2  -2  -1   2  -6   3   6  -4   2  -6  -5  -1  -3  -4  -5  -2  -4  -1  -5  -5    4   1   2   9   0  15  54   1   4   0   1   4   0   1   0   2   1   1   0   0  1.22 0.71
  296 Q    -1   1  -2  -2  -4   5   0  -2   1   0  -1   0   2  -2  -2  -1   1   0  -1   0    3   7   1   1   0  28   6   2   3   7   4   6   6   1   2   4   9   1   2   7  0.35 0.33
  297 L    -1  -1  -5  -4  -2  -3  -3  -4  -2   4   2   0  -1  -2  -5  -3  -1  -5  -4   4    4   4   0   1   1   1   1   1   1  25  18   6   1   1   0   1   3   0   0  32  0.64 0.41
  298 T    -2   0   1   3  -1  -2  -1  -2  -1  -2  -2   0   1  -5  -1   1   4  -1  -1  -3    1   5   8  20   1   1   2   2   1   2   3   5   4   0   3   8  31   1   2   1  0.50 0.42
  299 L    -5  -6  -7  -7  -5  -6  -7  -7  -7   2   6  -6   0  -3  -7  -4  -5  -1  -5  -3    0   0   0   0   0   0   0   0   0  10  84   0   1   1   0   1   0   1   0   1  1.86 0.88
  300 E    -1  -1  -1   3  -6  -1   5  -3  -1  -5  -4   0  -1  -6  -4   1  -2  -6  -3  -4    6   3   2  17   0   2  46   2   2   0   1   5   1   0   0   9   2   0   1   1  0.90 0.57
  301 P    -3   1  -4  -2  -6  -3  -3  -2  -4  -6  -4  -2  -5  -6   8  -2  -3  -6  -4  -4    1   6   1   3   0   1   1   4   0   0   2   2   0   0  71   3   1   0   1   1  1.98 0.91
  302 Y    -5  -5  -4  -6  -3  -5  -5  -5   2   0  -2  -6  -2   6  -6  -4  -3   2   7  -3    0   0   1   0   1   0   1   1   4   5   3   0   1  37   0   1   1   2  40   2  1.73 0.80
  303 E    -2  -2  -3   2  -6   2   5  -2   5  -5  -5   0  -2  -2  -4  -1  -3  -2  -1  -1    4   1   0  11   0   7  42   2  15   0   0   4   1   2   0   3   1   1   2   4  0.90 0.56
  304 R    -1   5  -1  -1  -5  -1   1  -2   1  -1  -4   4  -1  -5  -2  -1  -2  -5  -4  -4    4  34   2   2   0   1   8   4   3   4   1  28   2   0   2   3   2   0   0   1  0.77 0.49
  305 D    -1  -4   1   6  -2  -1   1   2   0  -6  -5  -1  -4  -4  -5  -1  -2  -6  -4  -5    6   0   5  53   1   3   6  13   2   0   1   3   0   1   0   3   2   0   0   0  1.09 0.60
  306 H    -6  -3  -1  -6  -7  -2  -3  -7  11  -7  -7  -5  -6  -3  -7  -6  -4  -6   3  -7    0   1   3   0   0   1   1   0  81   0   0   0   0   1   0   0   1   0   9   0  3.25 1.28
  307 A     5  -3  -5  -5   2  -3  -3  -2  -3  -1  -1  -3   2  -1  -3  -1  -2   0   3   0   48   1   0   0   4   1   1   2   0   3   6   1   5   2   1   4   2   1  13   7  0.69 0.50
  308 V     1  -4  -5  -6   5  -4  -5  -2  -5   1   2  -5   6   3  -5  -3  -4  -4   1   2   12   1   0   0  11   0   0   3   0   7  16   0  20  11   0   0   0   0   4  14  0.72 0.46
  309 V    -1  -5  -6  -3  -4  -5  -5  -6  -5   4   1  -5   0   3  -5  -5  -3  -4   0   5    5   0   0   2   0   0   0   0   0  24  11   0   2  13   0   0   1   0   3  39  0.94 0.52
  310 V    -2  -3  -6  -6  -4  -5  -5  -4  -2   4   1  -4   0   0  -5  -3  -2   0  -2   5    2   2   0   0   0   0   0   1   1  19  13   0   1   3   0   2   2   1   1  51  0.99 0.54
  311 G     3  -5  -4  -5   4  -5  -5   6  -5  -4  -3  -4  -2  -5  -5  -2  -4  -5  -5  -3   24   0   0   0   9   0   0  57   0   1   3   0   1   0   0   2   0   0   0   2  1.31 0.63
  312 V    -1   3  -2  -2  -3   1  -1   2  -3   0  -2   2  -1  -3  -3   0   0  -4  -2   2    4  16   1   1   0   7   3  17   0   4   2  14   1   0   0   5   5   0   1  18  0.25 0.24
  313 Y    -4  -1  -4  -6  -5  -4  -4  -5  -1  -4  -3   1  -1   4  -4  -5  -5   1   8  -4    1   3   0   0   0   0   1   1   1   0   1  11   1  14   1   0   0   2  63   0  1.85 0.77
  314 R    -3   7  -3  -3   1   1  -1  -5  -2  -4  -4   3  -3  -6  -2  -2  -4  -5  -4  -5    1  67   0   1   3   5   2   0   1   1   1  15   0   0   2   1   0   0   0   0  1.46 0.64
  315 P    -1  -3  -2  -3  -2  -2  -3  -4   0  -1  -1  -1   7  -3   5  -1  -2  -4  -3   1    3   1   2   1   0   1   0   0   3   1   3   4  34   0  30   4   1   0   0  13  0.87 0.43
  316 P    -2  -3  -3  -3  -5   1  -1  -3   2  -4  -4  -2  -3  -5   7   0  -1  -5  -4  -3    1   0   0   1   0   6   2   2   6   0   1   1   1   0  67   8   3   0   0   1  1.59 0.46
  317 P    -2   0  -1  -2  -4  -1   1  -2  -3  -2  -4   4  -3  -4   6  -1  -2  -5  -4  -1    1   4   2   0   0   0   7   3   0   3   0  34   0   0  39   2   0   0   0   5  0.87 0.30
  318 K    -2   1  -1  -1  -5   0   3  -3  -2  -4  -4   6  -3  -1  -3  -1  -2  -4  -3  -2    0   3   2   2   0   1  21   0   0   0   0  63   0   4   0   1   0   0   0   2  0.84 0.33
  319 V     0  -1   0   1  -3   3   1  -2   0   0  -1   1  -1  -3   0   1  -1  -3  -2   0    4   0   3  11   0  24   8   0   1   9   3  13   0   0   3  11   0   0   0  11  0.21 0.13
  320 K    -2   1   0   2  -4   2   2  -3  -2  -4  -3   5  -2  -1  -2  -1  -2  -4  -3  -3    0   3   4  13   0   7  12   0   0   0   2  56   0   4   0   0   1   0   0   0  0.61 0.21
  321 N    -1  -1   4   0  -3   2   1  -2  -1  -3  -3   2  -2  -4  -2   3   1  -4  -3  -3    0   0  31   1   0   9   8   0   0   0   0  13   0   0   0  28  11   0   0   0  0.45 0.14

                      K         Lambda
Standard Ungapped    0.1418     0.3178
Standard Gapped      0.0360     0.2670
PSI Ungapped         0.1176     0.3175
PSI Gapped           0.0360     0.2670
