
Last position-specific scoring matrix computed, weighted observed percentages rounded down, information per position, and relative weight of gapless real matches to pseudocounts
           A  R  N  D  C  Q  E  G  H  I  L  K  M  F  P  S  T  W  Y  V   A   R   N   D   C   Q   E   G   H   I   L   K   M   F   P   S   T   W   Y   V
    1 M   -2 -3 -4 -4 -2 -3 -3 -4 -4  2  3 -3  4 -1 -4 -3 -1 -3 -2  3    0   0   0   0   0   0   0   0   0   6  37   0  18   0   0   0   0   0   0  39  0.59 0.16
    2 P    0 -4 -3 -3 -4 -1 -2 -4 -4 -4 -5 -3 -4 -5  8  0 -1 -5 -5 -4    7   0   0   0   0   3   2   0   0   0   0   0   0   0  79   6   3   0   0   0  2.00 0.36
    3 N    3 -2  3 -1 -2 -2 -1 -2 -2 -3 -3 -1 -3 -4  0  3  0 -4 -3 -1   30   0  21   2   0   0   1   0   0   0   0   1   0   0   5  34   1   0   0   5  0.50 0.20
    4 S    1 -2 -1 -2  0  1 -1  1 -2 -3 -3  0  0 -3  1  4  1 -4 -3 -2   11   0   1   0   2   7   1   9   0   0   1   6   3   0   5  45   7   0   0   2  0.40 0.18
    5 E    1 -1  0  2  2  0  1  1 -2 -3 -2 -1 -2 -3 -1  2  1 -4 -3 -2   17   1   3  16   6   2  11  12   0   0   2   2   0   0   2  17   7   0   0   0  0.26 0.11
    6 P    2 -2  1 -1 -2  2 -1 -1 -2 -1 -2 -1 -2 -3  3  2  2 -3 -3 -1   18   0   6   1   0  11   2   4   0   3   1   1   0   0  17  17  15   0   0   2  0.34 0.13
    7 A    1 -2 -1 -2  3  0 -1  1 -2 -1  0 -1 -1 -3  0  2  1 -3 -2 -1   14   0   1   0  11   6   3  12   0   2  11   2   0   0   5  18  10   0   0   4  0.18 0.10
    8 S    1 -2  0  1 -3  1  0  2 -2 -4 -4  0 -3 -4 -1  4  0 -4 -3 -3   10   0   2  10   0   6   5  15   0   0   0   3   0   0   1  44   3   0   0   0  0.47 0.20
    9 L    3  0 -1 -1  0 -1 -1  0 -1 -1 -1 -1 -2 -3  2  1  0 -4 -3  0   32   7   1   2   1   0   3   4   1   1   4   2   0   0  13  14   5   0   0  10  0.24 0.12
   10 L    0  0 -1  1 -2  0  0 -1 -2  0  1  0  0 -1 -1  0  1 -3 -2  0    7   4   1   9   0   3   6   5   0   8  22   7   2   3   1   8  11   0   0   2  0.05 0.05
   11 E    1 -1 -1  3 -3  1  3  1 -2 -2 -3  0 -2 -4 -2  1 -1 -4 -3 -1   10   2   1  17   0   3  32   9   0   1   1   4   0   0   0  12   1   0   0   6  0.35 0.14
   12 L   -3 -4 -5 -5 -3 -4 -4 -5 -4  2  5 -4  0 -1 -4 -4 -2 -3 -3  2    0   0   0   0   0   0   0   0   0  10  79   0   0   0   0   0   0   0   0  10  1.00 0.27
   13 F   -2 -3  1  1 -3 -2 -2 -3  0 -2 -1 -2 -2  4  1  1 -1 -1  5 -2    1   0   9   9   0   0   1   0   1   0   3   2   0  19   7  11   3   0  33   1  0.51 0.19
   14 N    1 -1  2  1 -3  2  2 -1 -1 -2 -2  0 -2 -3 -2  1  0 -4 -3  0   18   1  14   9   0   9  21   2   1   0   1   2   0   0   0   8   4   0   0   9  0.27 0.12
   15 S    0  2 -1 -1  0  3  2 -2 -2 -4 -3  4 -2 -4 -2  0 -2 -4 -3 -3    6  10   1   0   2  17  15   1   0   0   0  40   1   0   0   6   0   0   0   0  0.57 0.20
   16 I   -2 -4 -4  0 -2 -3 -3 -4 -4  5  1 -3  2 -2 -4 -3 -2 -4 -3  3    0   0   0   8   0   0   0   0   0  47   9   0   7   0   0   0   0   0   0  28  0.67 0.22
   17 A    2 -2 -1 -1 -1  1  2  0 -2 -2 -2 -1 -2 -3 -2  1  3 -3 -3  0   21   0   1   0   1   9  15   8   0   1   1   2   0   0   0   8  28   0   0   5  0.29 0.15
   18 T    3 -1 -1 -1 -2  0  2 -2 -2 -2 -2  1 -2 -3 -2  0  2 -3 -3 -1   40   1   1   2   0   3  20   0   0   0   1  12   0   0   0   2  14   0   0   2  0.36 0.17
   19 Q    0 -1 -2 -2 -4  7  0 -3 -1 -4 -3  1 -2 -4 -3 -2 -1 -3 -3 -3    7   0   0   0   0  77   0   0   0   0   1   8   0   0   0   0   3   0   0   0  1.30 0.38
   20 G    1 -3 -2  0 -3 -2 -2  6 -3 -4 -4  0 -3 -4 -3 -1 -2 -4 -4 -4   11   0   0   6   0   0   0  70   0   0   1   7   0   0   0   0   0   0   0   0  1.03 0.26
   21 E   -2 -1  2  4 -4  3  4 -3 -1 -4 -2 -1 -3 -4 -2 -1 -2 -4 -3 -3    1   0   8  35   0  17  31   0   0   0   3   0   0   0   0   0   0   0   0   0  0.77 0.23
   22 L    0  0 -2 -2 -2  0  0 -3 -1  0  2  2  0 -1 -2 -1  0 -3 -2  1   10   4   0   0   0   2   8   0   1   4  24  25   1   1   0   1   4   0   0  16  0.16 0.12
   23 V   -1 -4 -4 -4 -3 -4 -4 -1 -5  2 -1 -4 -1 -3 -4 -3  0 -4 -3  6    3   0   0   0   0   0   0   7   0  11   0   0   0   0   0   0   5   0   0  73  0.89 0.33
   24 R   -3  6 -2  0 -2  0  0 -1 -2 -1 -3  2 -3 -4 -3  0 -2 -4 -3 -3    0  62   0   6   1   1   6   5   0   5   0   8   0   0   0   5   0   0   0   0  0.87 0.30
   25 S    0 -1  1  2 -3  0  1  0 -2 -3 -3  2 -3 -4  2  2  0 -4 -3 -3    5   2   5  14   0   2   9   5   0   0   1  16   0   0  10  26   4   0   0   0  0.36 0.17
   26 L   -1 -4 -1 -5  1 -4 -4 -5 -4  0  5 -4  0 -2 -4 -3 -3 -4 -3  1    5   0   5   0   3   0   0   0   0   1  80   0   0   0   0   0   0   0   0   6  0.92 0.35
   27 K   -2  2 -2 -2 -4  2 -1 -3 -2 -1 -2  6 -2 -4  0  0 -2 -4 -3 -3    0   9   0   0   0  10   0   0   0   5   4  60   0   0   4   5   0   0   0   0  0.81 0.35
   28 A    3 -2 -1  0 -2  0  0  0  2 -2 -3  0 -2 -3 -2  2  2 -4 -3  0   30   0   0   4   0   5   3   5   5   0   0   5   0   0   0  20  17   0   0   5  0.32 0.21
   29 G    1  0  0  1 -1  0  2  1 -2 -3 -3  2 -2 -3  0  0 -1 -3  0 -1   15   4   4   5   1   1  19  11   0   0   0  19   0   0   4   7   1   0   4   4  0.22 0.15
   30 N   -2  1  0  0 -4  0  1  0 -2 -1 -2  5 -3 -4  0 -2 -1 -5 -4 -3    0   6   5   5   0   2   9   9   0   4   3  51   0   0   4   0   2   0   0   0  0.60 0.32
   31 A    5 -3 -3 -3 -2 -2 -3 -1 -3 -2  0  0 -1 -3  0  0  0 -4 -3  0   58   0   0   0   0   0   0   2   0   0  11   7   1   0   4   6   4   0   0   8  0.58 0.34
   32 S    1  1 -1  2 -3 -1  1  0 -2 -3 -2  1 -3 -1  2  2 -1 -4 -3 -3   15   6   0  15   0   0  11   5   0   0   3   8   0   3  11  21   1   0   0   0  0.31 0.21
   33 K    1  0 -2 -3 -4  0  1 -3 -3 -4 -1  6 -3 -5 -1  0 -3 -5 -4 -4   13   1   0   0   0   4   6   0   0   0   7  62   0   0   3   5   0   0   0   0  0.90 0.44
   34 D    1 -1  0  3 -3  1  2 -2 -2 -2 -2  1  0 -4  0  1  0 -4 -3 -2   15   3   2  22   0   4  17   1   0   3   3   8   3   0   5  11   4   0   0   0  0.30 0.20
   35 E    0  0 -1  2 -4  1  4 -1 -2 -2 -3  2 -3 -4 -3 -1  1 -4 -3 -1    6   3   1  12   0   7  31   5   0   2   1  16   0   0   0   1   9   0   0   5  0.41 0.26
   36 I    0 -4 -4 -4 -3 -3 -1 -2  0  5  0 -3  1 -2 -4 -3  0 -4 -3  3    7   0   0   0   0   0   6   3   3  42   7   0   3   0   0   0   7   0   0  23  0.57 0.32
   37 D   -2 -1  1  6 -5  0  1 -3 -3 -2 -5  0 -4 -5 -1  0 -1 -6 -5 -4    3   2   6  58   0   4   6   1   0   3   0   6   0   0   3   5   4   0   0   0  1.00 0.45
   38 S    3 -1 -2 -2  1  0  1 -2 -3  0  0 -1 -2 -3  2  1  1 -4 -3 -1   30   3   0   1   3   2  13   1   0   7   9   2   0   0   9   9   8   0   0   3  0.25 0.22
   39 A    4 -3 -2 -3  1 -2  2 -1 -3 -2 -2 -2  1 -4 -3  0  1 -4 -4  1   47   0   1   0   3   1  14   4   0   0   3   0   5   0   0   3   7   0   0  12  0.50 0.36
   40 V   -1 -4 -4 -5  1 -2 -4 -2 -5  0  0 -2 -2  3 -4 -1 -2 -4 -2  5    3   0   0   0   4   2   0   3   0   1   8   2   0  13   0   5   0   0   0  60  0.78 0.44
   41 K   -2  1  0  0 -5  1  1 -4 -3 -5 -3  6 -3 -1 -3  0 -1 -5 -4 -4    2   6   5   5   0   6   7   0   0   0   2  56   0   3   0   5   4   0   0   0  0.83 0.46
   42 M    0 -1 -1  0 -1  1  1 -2 -2  0  1  0  2  0 -3  0  1 -3 -2  1    7   2   1   6   1   9  11   1   0   3  14   7   7   6   0   6   9   0   0  10  0.10 0.14
   43 L   -3 -4 -4 -2  3 -3 -4 -2 -4  0  4 -4  2  0  0 -2 -1 -3  0 -1    0   0   0   2   6   0   0   3   0   4  59   0   5   3   5   3   4   0   3   2  0.62 0.37
   44 V    0 -2 -2  0  0 -2 -2 -3  0 -1  3 -1  2 -1 -3  0 -1 -3 -2  1   10   0   0   7   2   1   0   0   2   0  37   5   4   2   0  10   2   0   0  14  0.24 0.23
   45 S    0 -1  0  2  1  0  1 -1 -2 -3 -3  1 -2  0  0  3 -1 -3 -2 -1    9   1   3  10   3   4  12   4   0   0   0   8   0   5   4  28   2   0   0   6  0.24 0.22
   46 L   -2 -1  0 -3  1 -1  0 -1 -3  0  3 -2  2 -2 -1  0 -2 -3 -3  0    0   3   4   0   3   3   9   5   0   5  41   0   7   1   3  10   0   0   0   5  0.26 0.25
   47 K   -2  1 -2  0 -4  1 -2 -3  2 -4 -2  5 -3 -1 -3  2  0 -4 -3 -4    0   5   0   5   0   4   0   0   7   0   3  51   0   3   0  14   6   0   0   0  0.74 0.44
   48 M    3 -1 -3 -3 -3  0  0 -3 -3 -1  1 -1  3  0 -3 -1  2 -3 -2  0   28   3   0   0   0   5   6   0   0   3  15   2   9   4   0   2  17   0   0   5  0.27 0.26
   49 S   -1  1  0  2 -4  2  3 -2 -2 -4 -3  1 -3 -4 -1  2  1 -4 -3 -3    3   8   4  10   0   9  21   2   0   0   2  10   0   0   3  16  11   0   0   0  0.38 0.27
   50 Y   -1  0 -1  0  1 -2  0 -4  1  0 -1 -2 -2  1 -4 -2 -1  1  6  1    5   7   3   5   3   0   6   0   3   5   6   2   0   5   0   2   2   2  33  10  0.43 0.32
   51 K    0  2  0 -3 -4  0 -1 -3  1 -2 -4  5  0 -4 -1  1  1 -4 -3 -3    6   8   4   0   0   3   2   0   4   2   0  45   3   0   3   9   8   0   0   0  0.61 0.40
   52 A    2 -1  1  0 -1  1  1 -2 -2 -1 -2  0 -2 -3  1  1  0 -3  0 -1   21   3   8   5   1   7   9   0   0   2   4   6   0   0   7  12   5   0   4   5  0.17 0.18
   53 A    3 -2  0 -3  0  0 -1 -3  0  1  1 -1 -1 -3 -1  1  0 -4 -3  1   29   0   5   0   2   4   3   0   2   7  13   4   1   0   3   9   5   0   0  13  0.21 0.23
   54 A    1  0  0  0  1 -2 -1  0 -3  0 -1  0 -1 -4 -1  1  4 -4 -4 -1   10   5   3   4   3   0   2   9   0   6   5   7   1   0   2   7  32   0   0   3  0.29 0.28
   55 G    0 -1  1 -1 -4 -1 -3  4 -3 -2 -4  0 -4 -4  2  2  0 -4 -4 -2    8   2   6   4   0   3   0  39   0   2   0   5   0   0   9  14   5   0   0   3  0.56 0.35
   56 E    0  0 -1 -1 -4  3  2 -2  2 -2 -2  1 -1 -2 -4  0  3 -4  0 -2    8   4   2   3   0  14  15   3   6   3   2   7   2   2   0   5  19   0   3   3  0.31 0.28
   57 D    0  0  1  3 -3  0  2 -1  0  0 -3  0 -3 -4 -3  1  1  3 -3 -1   10   4   7  19   0   3  12   3   3   5   0   4   0   0   0  14   8   4   0   3  0.29 0.25
   58 Y    0 -1 -1  0  2  0  0  0  1 -1 -1 -1  1  1 -1 -1  0  4  3 -1    6   4   3   5   4   4   6   8   4   4   5   4   4   6   3   5   6   6  10   5  0.12 0.11
   59 K    0  1  1 -2 -2  1  0  0 -2  0  0  0  1 -2  1  0  0 -3 -2  0    7   7   7   0   0   7   7   7   0   7   7   7   7   0   7   7   7   0   0   7  0.09 0.10
   60 A    0  0  0  0  1  1  0  0 -2 -3 -1 -1  0 -1  4  0  0 -4  0 -1    8   5   3   4   3   7   5   8   0   0   4   3   3   4  20   9   5   0   3   5  0.22 0.19
   61 D    0 -2  1  1  2  1  0  0 -2  0  0 -1 -1  0  1  0  0 -3 -2  0    7   0   7   7   7   7   7   7   0   7   7   0   0   7   7   7   7   0   0   7  0.06 0.09
   62 C    1 -2  0  0  1  0  0 -1  1  0 -1  0  0  0  1  0  0 -3  0  0   13   0   4   7   4   4   5   5   4   9   4   6   3   4   6   6   7   0   4   5  0.04 0.09
   63 P    0  0  0  0  2  0  0  0  1  0 -1  0  1  0  1  0  0 -3 -1  0    6   6   5   6   5   5   6   6   5   6   6   6   5   5   6   6   6   0   0   6  0.03 0.07
   64 P    0  0 -1  0 -3  1  1 -2 -3 -1 -1  1 -1 -4  4  0  1 -4 -3  0    9   4   3   5   0   6   8   2   0   4   4   7   2   0  24   7   8   0   0   6  0.33 0.25
   65 G    1  1  0  0  0  0  0  0  0 -1 -2  0 -1 -3  2  1  0 -3 -3  0   16   7   3   6   2   3   6   8   2   2   3   6   2   0  11   8   6   0   0   8  0.13 0.13
   66 N    0  0  2  1 -3  1  1 -1  0 -1 -1  0  0 -3  1  1  0 -3 -2 -1   10   5  10  10   0   5   7   4   2   3   4   7   4   0   7  12   6   0   0   3  0.14 0.13
   67 P    0 -1  1  1  1  1  1  0  0 -1 -1  0  0 -3  1  1  0 -3 -2  0    7   0   8   7   4   5  10   6   3   5   5   6   3   0   8  10   6   0   0   6  0.09 0.11
   68 A    0  0  1  0 -3  1  0  0  2  0 -1  0 -1 -2  1  0  0  3 -2  0    6   6   6   6   0   6   6   6   6   6   6   6   0   0   6   6   6   6   0   6  0.09 0.10
   69 P    1 -1  0  0 -1  1  1 -2 -1  0 -1  0  1 -3  3  0  0 -4 -2  0   13   2   4   6   1   5   8   1   1   5   4   7   4   0  14   6   7   0   1   8  0.16 0.19
   70 T    1 -1  0  0  0  2  1 -1  0 -1 -1  0  0 -3  2  0  0 -4 -1  0   11   2   5   6   3   9  11   3   2   4   4   6   3   0   9   7   7   0   2   6  0.12 0.15
   71 S    0  1  0  0 -1  1  0  0  0 -1 -2  1 -1 -2  2  1  0 -3 -1  0    9   6   3   4   1   6   6   7   3   3   3   9   1   1   9  11   7   0   1   8  0.09 0.11
   72 N    0 -1  2  1 -3  1  1 -1  0 -1 -2  1  0 -4  1  1  0 -4 -3  0    9   3  11   9   0   7   8   4   2   4   2   8   3   0   6  12   7   0   0   6  0.15 0.17
   73 H    0  0  1  1  0  1  1  0  1 -1 -1  0  0 -1  0  1  0  1 -2 -1    7   3   6   7   2   6  11   8   4   3   4   5   3   2   5   9   7   2   0   6  0.07 0.09
   74 G    0  0  1  1 -3  0  1  0  1 -1 -1  1  0  0  1  0  0 -3  0 -1    7   3   7   8   0   4   8   9   3   3   4   8   3   4   7   5   7   0   3   5  0.07 0.08
   75 P    0  0  0  0  2  1  0  0  1  0 -1  0  1 -2  1  0  0 -3 -2  0    6   6   6   6   6   6   6   6   6   6   6   6   6   0   6   6   6   0   0   6  0.06 0.09
   76 D    0  0  0  0 -2  1  0  0  2  0 -1  0  1 -2  1  0  0 -2  1  0    6   6   6   6   0   6   6   6   6   6   6   6   6   0   6   6   6   0   6   6  0.05 0.08
   77 A    0  0  0  0  2  1  0  0  1  0 -1  0  1 -2  1  0  0 -3 -2  0    6   6   6   6   6   6   6   6   6   6   6   6   6   0   6   6   6   0   0   6  0.06 0.09
   78 T    1  0  0  1 -4  1  1 -1 -1 -2 -2  1 -1 -2  2  1  1 -4 -3 -1   13   4   3   8   0   6   8   5   2   2   4   9   2   2  10  10   8   0   0   4  0.17 0.19
   79 E    0 -1  0  0  1  1  1  0  0  0 -1  0  1 -1  0  0  1 -3 -2  0   10   2   5   6   3   6  10   6   3   4   4   7   5   3   4   8   8   0   0   6  0.06 0.10
   80 A    0  0  1  1  2  0  1 -1  0 -1 -1  0  0 -1  1  0  0 -3  0 -1    8   4   7   7   5   5  13   5   3   3   5   5   3   3   6   9   4   0   3   4  0.08 0.10
   81 E    0  0  0  0  2  0  0 -1  2  0 -1  0  1 -2  0  0  0  3  1  0    5   5   5   5   5   5   5   5   5   5   5   5   5   0   5   5   5   5   5   5  0.07 0.11
   82 E    0  0  1  1  0  0  2  0  0 -2 -2  1 -2 -1  1  0  0 -3 -1 -2    5   3   8   8   2   4  17   6   2   2   4  12   0   2   7   7   4   0   2   3  0.16 0.17
   83 D    0 -2  0  1 -3  2  0 -1  1  1 -1  0  1  0  1  0  0 -3  0 -1    6   0   4   9   0  13   6   4   3   9   4   6   5   5   7   5   5   0   3   4  0.09 0.14
   84 F    0  0  0  0 -2  1  0  0  1  0  0  0  1  0  1  0  0 -3 -1  0    6   6   6   6   0   6   6   6   6   6   6   6   6   6   6   6   6   0   0   6  0.04 0.07
   85 V    0 -2  0  0  2  0  0  0  1  0 -1  0  1  0  0  0  0 -2  1  0    6   0   5   6   5   5   6   6   5   6   6   6   5   5   6   6   6   0   5   6  0.04 0.08
   86 D    0  0  1  0  2  1  0  0  2 -2 -1  0 -2 -2  1  0  0 -2  1 -1    6   6   6   6   6   6   6   6   6   0   6   6   0   0   6   6   6   0   6   6  0.08 0.10
   87 P    0  0  0  0  2  1  0  0  1  0 -1  0  1 -2  1  0  0 -3 -2  0    6   6   6   6   6   6   6   6   6   6   6   6   6   0   6   6   6   0   0   6  0.06 0.09
   88 W    0 -3 -1 -1 -4  0  0 -2 -3 -1 -1 -1 -3  1 -1  0 -1  8  1 -1    8   0   3   3   0   5   7   3   0   5   5   4   0   6   3   7   4  26   4   5  0.57 0.38
   89 T    0  0  1  0  2  1  0  0  2  0 -1  0 -1 -2  1  0  0 -3 -2  0    6   6   6   6   6   6   6   6   6   6   6   6   0   0   6   6   6   0   0   6  0.07 0.08
   90 V    0 -2  0 -1 -3  0 -1 -2  0  1 -1 -1  0 -2  1  0  0 -4 -3  4    8   2   4   3   0   3   5   3   2   6   5   4   1   2   7   5   4   0   0  36  0.26 0.28
   91 Q    0  0  1  0 -1  2  1 -1  0 -1 -1  1 -2 -2 -1  2  1 -3  0  0    9   3   6   3   2   9   9   3   2   3   5   9   0   2   2  16   8   0   3   6  0.11 0.15
   92 T    1 -1 -1 -1  1 -1 -1  2 -2 -1  0 -1 -2 -1 -3  1  0  2 -2  0   17   3   3   4   3   3   3  20   0   3   8   3   0   3   0   9   6   4   0   8  0.14 0.16
   93 S    1  0  0  0  1  0  0  2 -2 -1 -1  1 -2 -1  1  0  0 -3 -2 -1   11   4   4   5   3   3   6  18   0   4   7   8   0   4   6   7   5   0   0   4  0.10 0.12
   94 S    0  0  0  0  2  0  0  0 -2  0 -1  0 -1  0  0  0  0  3  1  0    6   6   5   6   5   5   6   6   0   6   6   6   0   5   6   6   6   5   5   6  0.05 0.08
   95 A    0 -1  0  2  0  0  1  0  0  0 -1  0  0 -2 -1  1  0 -3 -2  0    8   2   4  12   2   5  10   6   2   6   4   5   2   2   2  11   7   0   0  10  0.08 0.09
   96 K    0  1  0  0 -3  1  1  1  0 -1 -1  2  0 -3 -2  0  0 -3 -2  0    6   6   4   5   0   9   9  11   2   3   5  16   3   0   0   6   7   0   0   6  0.12 0.13
   97 G    0  0  0  0  1  1  0  1  0  1 -2  0 -1  0  0  0  0 -2  1  0    4   5   3   4   4   9   6  10   3  10   1   7   0   3   4   5   4   0   6   9  0.05 0.10
   98 I    0  0 -1  0 -2  1  0  0 -1  0  0  0  1  1  1  0  0 -2  1  0    6   6   0   6   0   6   6   6   0   6   6   6   6   6   6   6   6   0   6   6  0.04 0.07
   99 D   -2 -2  2  5 -4 -1  1 -2 -3 -4 -1  2 -4 -4 -1  0 -1 -5 -4 -4    2   0   8  44   0   2  10   3   0   0   6  12   0   0   3   5   4   0   0   0  0.73 0.42
  100 Y   -1 -3 -1 -2 -4  1 -1 -2  0 -1 -2  1  0  0 -4 -1 -1 -2  7 -1    5   0   3   2   0   8   4   2   2   3   3   9   2   2   0   3   4   0  43   4  0.72 0.46
  101 D   -1  0  1  2 -3  1  2  1  1 -3 -1  1  0 -3 -2  0 -1 -3 -3 -2    5   4   8  12   0   5  16  14   3   0   5  12   2   0   0   7   3   0   0   3  0.22 0.18
  102 K   -1  2  1  1 -3  1  1 -1  1 -1 -2  3 -2 -3  1  0 -1 -4 -3 -2    5  10   6   8   0   4   9   5   3   3   3  27   0   0   5   5   3   0   0   3  0.25 0.21
  103 L    0  0  1  0  2  1  0 -2  2  0  0  0  1  0 -2  0  0 -3 -1  0    6   6   6   6   6   6   6   0   6   6   6   6   6   6   0   6   6   0   0   6  0.06 0.11
  104 I    0 -1 -1 -1  1  0 -1 -2 -3  3  1 -1  2  0 -1 -1  0 -3  0  1    6   3   3   3   3   3   3   3   0  23  11   4   7   4   3   4   5   0   3   8  0.11 0.16
  105 V    0  0  0  0  2  1  0  0  1  0 -1  0  1 -2  1  0  0 -3  1  0    6   6   5   6   5   5   6   6   5   6   6   6   5   0   6   6   6   0   5   6  0.04 0.08
  106 R    0  1  1  0  2  1  0 -2  2  0 -1  0 -1 -2 -2  0  0 -2  1  0    7   7   7   7   6   7   7   0   6   7   7   7   0   0   0   7   7   0   6   7  0.07 0.11
  107 F   -1 -4 -2 -1  0 -2 -1 -2 -3 -1  1 -2 -2  6 -4  0 -1  4  2 -1    4   0   2   3   2   2   5   3   0   2  11   2   0  40   0   7   3   5   5   3  0.60 0.41
  108 G   -1 -1  0  0  0  0 -1  4  0 -3 -1  0 -1 -4 -1 -1 -1 -4  0 -1    3   2   5   5   2   4   5  42   2   0   5   8   2   0   2   2   2   0   4   4  0.43 0.32
  109 S    0 -2 -1 -1  3 -1 -1 -1 -3  1  1 -1  0 -1 -3  1  2 -3 -2  0    8   0   3   3   9   3   4   4   0  12  12   4   2   2   0  16  13   0   0   6  0.14 0.18
  110 S    0  0  1  0  2  1  0  0 -1 -2 -1  0  1 -2  1  0  0 -2  1  0    6   6   6   6   6   6   6   6   0   0   6   6   6   0   6   6   6   0   6   6  0.06 0.11
  111 K   -1  2 -1 -1 -4  0  2 -1  0 -2 -1  3 -3 -2  2 -1 -1  0 -2 -2    5  11   1   3   0   3  14   4   2   2   6  23   0   1  12   4   3   1   1   3  0.28 0.25
  112 I    1 -3 -4 -4 -3 -3 -1 -4 -3  3  2 -1  2  2 -1 -1  0  2  0  1   12   0   0   0   0   0   3   0   0  22  17   4   6   9   3   3   5   3   3   7  0.28 0.25
  113 D   -1 -1  1  3  1  0  1 -1 -3 -1 -2  0 -3 -1  0  1  2 -4 -3 -1    3   3   6  21   3   4   8   4   0   3   4   7   0   3   4   9  14   0   0   3  0.22 0.22
  114 K   -1  0  0  2  0  1  1 -1  1 -1 -1  2 -2  0  0 -1 -1 -3  0 -1    4   3   4  11   3   8  11   3   4   3   7  17   0   4   5   4   4   0   3   3  0.14 0.17
  115 E    0  0  0  0 -2  1  0  0 -1  0 -1  0 -1  0  1  0  0 -2  1  0    6   6   6   6   0   6   6   6   0   6   6   6   0   6   6   6   6   0   6   6  0.04 0.06
  116 L   -2 -2 -1 -1  2  0  0 -3  0  1  4 -2  1  0 -1 -4 -1  1  0 -1    2   2   3   3   4   5   7   2   3   7  38   2   4   4   3   0   3   2   3   3  0.32 0.29
  117 I   -1  1  0 -1 -3  0 -3 -4 -3  2  2  0  2  0  0 -1 -1  2  0  1    5   8   5   4   0   3   0   0   0  11  22   5   6   4   5   3   3   3   3   8  0.17 0.18
  118 N    0  0  0  0  2  0  0 -1  1  0 -1  0  1  0  0  0  0 -2  1  0    5   5   5   5   5   5   5   5   5   5   5   5   5   5   5   5   5   0   5   5  0.03 0.05
  119 R   -1  4  0  0 -4  0  1 -1  1 -4 -2  1  1  0 -1  0 -1 -4 -3 -1    5  28   3   5   0   4  10   5   3   0   5   7   3   4   4   6   4   0   0   4  0.34 0.28
  120 I    0  0 -2  0  2 -2 -2  0 -2  0  0  0  1  1  1 -1  0  4  1  0    7   7   0   7   6   0   0   7   0   7   7   7   6   6   7   0   7   6   6   7  0.09 0.14
  121 E    0  0  0  0  0  1  4 -1  2 -1 -2  1  0  0 -1 -1 -1 -3  1 -2    7   3   3   3   2   4  28   4   5   3   4  10   2   4   2   3   3   0   5   3  0.24 0.24
  122 R    0  2  1  1  0  1  1 -1  0 -1 -2  3 -2 -1 -3  0  0 -4 -3 -1    6  14   6   7   2   4  10   5   3   4   4  19   0   3   0   5   4   0   0   4  0.21 0.20
  123 A    0  0  0  0 -2  1  0  0  1  0 -1  0  1  0  1  0  0 -2  1  0    6   6   5   6   0   5   6   6   5   6   6   6   5   5   6   6   6   0   5   6  0.03 0.06
  124 T    0 -1 -1  0  1 -1  0 -2 -3  0 -1  1  0 -2 -1  1  4 -4 -3 -1    7   3   3   4   3   3   7   3   0   6   5   8   2   2   3   8  32   0   0   3  0.28 0.30
  125 G   -1  0  1  0  0  0  0  3  0  0 -1  0 -2  0  0  0 -1 -3  0 -1    4   4   6   4   3   4   5  25   3   6   4   7   0   4   4   5   3   0   3   5  0.13 0.15
  126 Q    0  0 -1  0  2  0  0  0  1  0 -1  0  1  0  0  0  0 -2  1  0    6   6   0   6   5   5   6   6   5   6   6   6   5   5   6   6   6   0   5   6  0.03 0.08
  127 R    0  1  0  0 -3  0  1 -1  1 -1 -1  2  0 -1  2  0  0 -3  1 -1    6   6   4   6   0   4  11   3   3   4   4  13   3   3  11   4   6   0   5   4  0.12 0.13
  128 P   -1  1  0  0  0  0  0 -1 -2  0 -1  0  0  0  3 -1  0  2 -2 -1    5   8   6   5   3   3   7   5   0   8   5   6   3   4  17   4   5   4   0   4  0.16 0.16
  129 H    0  0  0  0  2  1  0  0  2 -1 -1  0 -1  0  1  0  0 -2  1 -2    6   6   6   6   6   6   6   6   6   6   6   6   0   6   6   6   6   0   6   0  0.05 0.09
  130 H   -2  2 -1 -1  1 -1 -2 -3  3  1 -2  0  1  0  2 -2 -1  3  4 -1    4  11   3   4   3   3   3   3   6   7   5   6   3   4  11   3   3   3  12   5  0.28 0.21
  131 F    0  0  0 -2 -3  0  0  0  2  0 -1  0  1  1  0  0  0  3  1  0    6   6   5   0   0   5   6   6   5   6   6   6   5   5   6   6   6   5   5   6  0.07 0.11
  132 L    0 -2 -2  0  2 -1  0 -3  2  0  0  0  1  1  1  0  0  4  1  0    6   0   0   6   6   0   6   0   6   6   6   6   6   6   6   6   6   6   6   6  0.11 0.15
  133 R    0  3  0  0 -3  0  1 -1  1 -1  0  1 -2 -3 -3  1  0 -4 -3  0    5  22   3   5   0   3   9   3   3   3   9  10   0   0   0  12   4   0   0   7  0.20 0.20
  134 R    0  0  1  0 -3  1  0  0  2 -2 -1  0  1  1  1  0  0  3  1 -2    6   6   6   6   0   6   6   6   6   0   6   6   6   6   6   6   6   6   6   0  0.11 0.14
  135 G   -1  0  0  0 -4  1  0  4  0 -3 -1  0 -3 -2 -1  0 -2 -4 -3  0    4   5   5   4   0   8   6  35   3   0   6   4   0   2   3   8   0   0   0   7  0.34 0.27
  136 I    0 -2 -3 -3  2  0 -1 -1  0  3  1  0  2  0 -3 -1  0 -3  0  2    6   0   0   0   5   6   4   4   3  19  11   6   6   4   0   5   4   0   3  13  0.14 0.17
  137 F    0 -2  0  0  2  0  0  0 -2  0  0  0  1  1  1 -1  0  3  1  0    6   0   6   6   6   6   6   6   0   6   6   6   6   6   6   0   6   6   6   6  0.07 0.13
  138 F   -1  0  0 -2 -3  0  1 -1 -1  0 -1 -1 -1  3 -3 -2 -1  4  3  0    4   6   5   0   0   4  13   4   0   5   5   4   0  20   0   1   4   7  11   5  0.24 0.19
  139 S    0  1  1 -1  3  1  1  0 -1  0  0  1 -1 -2 -2  0  1 -3 -2 -1    8   8   8   0   8   8   8   8   0   8   8   8   0   0   0   8   8   0   0   0  0.09 0.10
  140 H    0  0 -1  0  2  0  0  0  1  0 -1  0  1  0  0  0  0 -2  1  0    6   6   0   6   5   5   6   6   5   6   6   6   5   5   6   6   6   0   5   6  0.03 0.08
  141 R    0  0 -2  0  2  0  0 -1  2  0 -1  0  1  1  0  0  0  3  1 -2    6   6   0   6   5   5   6   6   5   6   6   6   5   5   6   6   6   5   5   0  0.08 0.14
  142 D    0 -1  1  0 -2  1  0  0  2  0  0  0  1 -1 -2  0  0 -2  1  0    7   0   7   7   0   7   7   7   6   7   7   7   6   0   0   7   7   0   6   7  0.05 0.10
  143 M    0 -2 -2  0 -3  0  0  0  2  0  0  0  1  1  1  0  0  3  1  0    6   0   0   6   0   6   6   6   6   6   6   6   6   6   6   6   6   6   6   6  0.08 0.12
  144 N   -2 -2  2  5 -5  1  3  0  1 -2 -5 -1 -4 -5 -1 -1 -1 -1 -2 -5    3   2  11  32   0   5  19   8   3   2   0   4   0   0   2   3   3   1   1   0  0.67 0.45
  145 Q    0  0 -1  0 -3  1  2 -2 -1  0  0  2  0 -1  0 -1  0  1 -1 -1    6   5   2   4   0   6  14   2   1   5  10  17   2   3   4   3   5   2   2   5  0.11 0.14
  146 V    0 -2 -3 -2 -1 -1 -2 -3 -4  5  2 -2  1  1 -4 -4 -3  1  0  1    7   2   1   2   1   2   3   2   0  36  17   2   2   7   0   0   0   2   3  10  0.49 0.35
  147 L   -2 -1 -4 -1  1 -1 -2 -3 -4  1  4 -1  2  0 -1 -2 -2  0  0  0    3   4   0   4   3   3   3   1   0   6  45   5   5   3   3   2   2   1   3   5  0.38 0.32
  148 D   -1  1  2  4 -4  1  2 -2  0 -4 -2  2 -3 -4 -1  0  0 -4 -1 -4    5   6  10  25   0   5  11   3   2   0   4  11   0   0   3   7   6   0   2   0  0.39 0.31
  149 A    2  1  0  0  1  0  0 -1  2 -1  0  0  0 -2 -1  0 -1  2 -1  0   19   8   3   5   4   3   7   3   6   4  11   5   3   0   2   5   3   3   2   5  0.07 0.12
  150 Y   -1  0 -2 -3 -3  0 -1 -1  1  2  1 -1  1  1  0 -1 -1  2  3  0    4   4   0   0   0   5   4   5   5  13  12   4   5   5   4   4   3   3  12   8  0.11 0.15
  151 E    0  0  1  0  2  1  0  0 -2  0  0  0  1 -2  1  0  0 -3 -2  0    6   6   6   6   6   6   6   6   0   6   6   6   6   0   6   6   6   0   0   6  0.06 0.08
  152 N    0  1  2 -1 -4  2  0  0 -1 -2 -3  3 -2 -3 -3  1 -1 -4 -2 -2    6   7  10   3   0  10   5   6   1   2   2  26   1   1   0  13   3   0   1   2  0.35 0.29
  153 K   -1  0  0 -2  1 -1  0  4  0 -5 -5  4 -4 -5  0 -2 -1 -5 -2 -4    3   4   5   2   3   3   6  33   2   0   0  25   0   0   5   2   4   0   1   0  0.62 0.40
  154 K   -1  0  1  0 -2  0  2  0  0 -3 -2  3 -2 -3  0  0  0 -4  0 -3    4   5   7   4   1   3  18   7   2   1   4  23   1   0   5   5   6   0   4   1  0.27 0.24
  155 P   -2  2  1  0 -1  0  0 -2  0 -3 -3  3 -3  0  4  0  0  0 -3 -2    2   9   6   6   1   3   4   3   2   1   3  18   0   5  22   5   5   1   0   3  0.37 0.27
  156 F   -2 -2 -2 -4 -1 -2 -3 -3 -1  0  0 -1  1  5  3 -1  0  2  1  0    2   1   1   0   1   1   1   2   1   5  10   5   4  29  15   5   6   2   3   5  0.45 0.31
  157 Y    0  1 -1 -3 -1 -2 -3 -1 -1  1 -1  1  0  2 -3 -1 -1  0  4  1    9  10   3   0   1   0   0   5   1  11   5   9   2  10   0   3   2   1  18   9  0.22 0.20
  158 L    0 -3 -1  0  2 -2 -2 -1 -1  2  2 -1  0  1  0 -2 -1 -3 -2  2    9   0   3   6   5   1   0   5   1  12  22   4   2   6   4   1   2   0   0  16  0.14 0.15
  159 Y   -1 -4 -4 -1 -4 -1 -4 -5  1  1  1 -4  3  3 -4 -2 -3 -2  6  1    4   0   0   3   0   4   0   0   3   7  14   0   8  10   0   4   0   0  29  12  0.65 0.38
  160 T   -1 -1  0  0  0 -1 -2 -1  0  0 -1 -2  0 -1  1  2  3  1 -3 -1    4   3   5   4   2   3   0   3   3   5   5   0   3   3   6  20  26   2   0   3  0.27 0.27
  161 G   -1  0 -3 -3  1  0 -3  5 -4 -1 -4  0  0 -4  1  0 -3 -4 -4 -1    3   6   0   0   3   5   0  46   0   3   1   6   3   0   8   8   0   0   0   5  0.68 0.41
  162 R   -1  3 -1 -1  1  0 -1 -3  1  0  0  1  2  2 -3 -2 -1  1  1  0    5  19   2   4   3   3   3   0   4   7   6   9   8  10   0   0   3   2   6   6  0.19 0.19
  163 G    1  1  0 -2  2  0  0  1 -2 -2  0  0  2  2 -3  0 -1 -2  0 -1   14   9   6   0   6   4   6  10   0   0   6   4   8  12   0   4   3   0   3   5  0.09 0.12
  164 P    0  0  1  1 -4 -3 -2 -3 -3 -3  0 -2 -3 -4  6 -2  0 -4 -4  0    8   6   7   9   0   0   1   1   0   0   9   1   0   0  44   1   6   0   0   7  0.85 0.35
  165 S   -1 -1 -1 -1  0  0  0 -1 -3 -1 -2  0 -3 -4  0  4  3 -4 -3 -1    2   3   2   3   2   4   6   3   0   3   3   4   0   0   3  40  17   0   0   4  0.45 0.36
  166 S    0  0  0 -1 -4 -1 -3  4  1 -4 -3 -1 -4 -4 -4  4  0 -4  0 -4    5   6   4   3   0   3   0  29   3   0   3   3   0   0   0  33   4   0   3   0  0.58 0.42
  167 E    0  1  1  1 -3  1  2  1  1 -2 -1  1  1 -3  0  0  0 -3 -2 -1    6   7   8   7   0   5  14  11   4   1   6   8   4   1   5   5   5   0   1   4  0.13 0.12
  168 A    1  0  1  0 -2  0  0  0  0 -1 -1  0  1 -1  0  2  0 -3  0 -1   13   6   6   4   0   3   4   5   3   4   5   5   5   3   5  18   4   0   3   4  0.08 0.11
  169 M    0 -2  1  0  2  0 -1 -2  2  0  0 -2  1  1  1  0  0 -2  1  0    7   0   7   7   6   7   0   0   6   7   7   0   6   6   7   7   7   0   6   7  0.09 0.14
  170 H   -2 -3 -1 -1  2 -1  0 -4  8  0 -1 -3 -3  0 -4 -1  0 -4  0 -1    3   0   3   3   4   2   5   0  45   6   6   0   0   5   0   4   8   0   2   3  0.86 0.48
  171 V    0  0 -2 -2  2 -1 -2  0 -2  0  0  0  1  1 -2  0  0 -2  1  0    8   8   0   0   7   0   0   8   0   8   8   8   7   7   0   8   8   0   7   8  0.06 0.10
  172 G    1 -1  0 -3 -1  1  0  5 -4 -2 -3 -1 -4 -5 -4 -1 -3 -5 -4 -4   11   3   5   0   2   5   6  55   0   2   2   3   0   0   0   3   0   0   0   0  0.89 0.47
  173 H   -2 -3  2 -1 -1  1 -1 -1  8 -3 -2 -1 -1 -3 -4 -2  1  1  1 -2    2   0   8   3   2   7   3   5  39   1   3   3   1   0   0   2   8   2   5   3  0.83 0.46
  174 L   -1 -1 -3 -3  0 -2 -1  1  0  0  1  1  2  1 -3 -1 -1  2  3  0    4   3   0   0   2   0   3  10   2   6  18  11   6   5   0   3   3   3  14   4  0.15 0.19
  175 I   -1 -1 -2 -3  1  0 -1 -1  1  1  1 -1  2  1 -1 -1  0 -2  0  2    4   4   0   0   3   4   3   6   4  11  12   3   6   6   3   4   5   0   3  17  0.08 0.12
  176 P    0 -3 -2 -1 -3  0 -2  2  0  0 -1 -1  1  0  2 -1  0  2 -2  1    7   0   0   3   0   3   0  21   3   6   5   4   4   3  11   4   8   3   0  11  0.19 0.20
  177 F    0  0  0  0  2 -1  0  0 -2  0 -1  0  1  1  0  0  0  3  1  0    6   6   5   6   5   0   6   6   0   6   6   6   5   5   6   6   6   5   5   6  0.05 0.09
  178 I    0 -1  0  1 -3  0  0 -1  0  1  2  0  1 -1 -1 -1 -1  1 -1  0    6   3   4   9   0   3   5   4   2  10  19   5   5   2   2   3   4   2   2   8  0.07 0.11
  179 F   -1  0  0 -1  1  2  1 -2  1 -1  0  2  2  3 -1 -2 -2 -5  0 -1    4   6   4   3   3   9   8   3   3   4   8  13   4  11   3   3   3   0   3   4  0.18 0.15
  180 T   -1 -2  4 -1  2 -1 -1 -2  0  1 -1  0  1 -1 -2 -1  1  3  0  1    5   3  17   3   4   3   4   3   3   7   6   5   3   3   3   4   9   4   3   9  0.23 0.18
  181 K    0  0  0  0 -3  0  0 -1  1  0 -1  0  1  0  0  0  0  3  1  0    5   5   5   5   0   5   5   5   5   5   5   5   5   5   5   5   5   5   5   5  0.06 0.08
  182 W   -1  0  0  0  2  0  0 -1  2 -2 -1  0  1  0  0  0  0  3  1 -1    5   5   5   5   5   5   5   5   5   0   5   5   5   5   5   5   5   5   5   5  0.08 0.12
  183 L   -2 -1 -1  0  1 -1 -1 -1  1  1  1  1  1  1 -3 -2 -1  1  1  1    3   3   3   5   4   3   3   4   4   7  18  10   3   7   0   2   2   2   4  13  0.11 0.14
  184 Q   -1  0 -2 -1  0  4  0 -3  0  1  1  0  2  0 -2 -1 -1 -4 -1 -1    4   5   2   3   2  23   5   2   2   7  15   6   5   3   2   5   4   0   2   3  0.26 0.29
  185 D   -1  0  0  0  2  0  0 -1  2  0 -1  0  2  1  0 -1  0  3  1 -1    5   5   5   5   5   5   5   5   5   5   5   5   5   5   5   5   5   5   5   5  0.09 0.08
  186 V    0  0  1  0  3  3  0 -1  1  0 -2  0  1 -1 -1  0  0 -6 -5  0    7   5   7   5   6  14   6   4   3   5   4   6   4   3   3   6   5   0   0   6  0.20 0.17
  187 F   -1 -1  0  1  0 -1  0  1  2 -1 -1 -1  0  3 -1 -1 -1  1  1 -1    5   2   3   9   2   3   6  13   5   3   6   4   2  17   2   4   3   2   6   3  0.14 0.15
  188 N    0  0  1  2 -4  1  1  2  1 -3 -2  1 -3  0 -3  0  0 -4 -3 -1    6   4   7  11   0   6  10  20   4   0   5   7   0   4   0   5   7   0   0   4  0.21 0.20
  189 V    0  0  0  0  2  0  0  0  1  0 -1  0  1  0 -2  0  0 -2  1  0    6   6   5   6   5   5   6   6   5   6   6   6   5   5   0   6   6   0   5   6  0.03 0.07
  190 P   -1  1  0  1 -4  0  1 -1  1 -1 -2  1  0  0  2 -1  0  2  0 -1    6   7   5   9   0   3  12   3   3   3   3   8   3   5  11   3   6   3   4   3  0.13 0.15
  191 L   -1 -1 -1 -1  2 -1 -1 -2  0  1  1 -1  1  2 -1 -1  0 -2  1  1    5   3   3   4   6   3   4   3   3   7  12   3   4  11   3   4   4   0   5  14  0.07 0.11
  192 V    0  0  0 -2  2 -1  0  0  2  0  0  0  1  1 -3  0  0  3  1  0    6   6   6   0   6   0   6   6   6   6   6   6   6   6   0   6   6   6   6   6  0.08 0.13
  193 I   -1 -4 -4 -2  2 -4 -4 -2  0  4  0 -2  1  3 -1 -3 -1 -3  2  1    5   0   0   3   5   0   0   3   3  27   8   3   4  16   3   0   3   0   6  10  0.42 0.31
  194 Q    0  0 -2  0  2  0  0 -1  2  0 -1 -2  1  1  0  0  0  3  1  0    6   6   0   6   5   5   6   6   5   6   6   0   5   5   6   6   6   5   5   6  0.07 0.13
  195 M    0  0  1  0  2 -1  0 -2  2  0  0 -1  1  1 -2  0  0 -3 -1  0    7   7   7   7   7   0   7   0   7   7   7   0   7   7   0   7   7   0   0   7  0.06 0.12
  196 T    1 -1  0  0  1 -2 -1 -1  0  0 -1 -2 -2  0  0  0  1  2  2  0   18   4   5   5   3   0   4   5   3   4   7   0   0   4   3   6  12   3   9   5  0.08 0.14
  197 D   -2 -1  0  6 -1 -1 -1 -2  4 -3 -2 -3 -4  0 -2 -2 -2 -5  1 -2    3   4   4  44   2   2   2   3  12   1   5   0   0   4   2   2   2   0   4   3  0.74 0.48
  198 D    0 -1  0  2 -3  0  0 -3  1  0 -1 -1  1  1 -3 -1  0  5  1 -1   10   3   4  16   0   3   5   0   5   5   5   4   5   6   0   4   6  10   4   5  0.20 0.20
  199 E    0  0 -1  0  2  1  0 -2  2  0  0  0  1  1 -2  0 -1 -2  1  0    7   7   0   7   6   7   7   0   6   7   7   7   6   6   0   7   0   0   6   7  0.07 0.12
  200 K    3 -1 -1 -2 -4 -1 -2 -2  0 -1 -4  4 -1 -5 -2  0  1  1 -4 -1   28   3   2   2   0   2   2   3   2   4   1  25   2   0   2   7   9   2   0   4  0.52 0.41
  201 Y   -2 -2  0 -3  1 -1 -3 -3  1 -1  1 -1  1  4 -5 -2  1  2  5 -2    3   2   4   2   3   3   2   2   4   4  13   3   3  18   0   3   8   3  18   3  0.48 0.34
  202 L   -1 -2  0 -1 -4 -1 -2 -2 -1  0  2 -1  1  1  0  0  2  2  0  0    6   2   5   3   0   2   2   2   2   4  24   4   4   5   5   6  12   3   3   6  0.14 0.17
  203 W   -1 -2  1  1  0  0 -2 -2  2 -1 -2  0  0  3 -1 -1  2  4  0 -1    6   2   6   7   2   3   2   2   5   3   3   6   2  13   3   5  14   7   3   5  0.22 0.22
  204 K    0  0  1  0 -3  1  0  0  2 -2 -1  0  1 -2  1  0  0 -2  1  0    6   6   6   6   0   6   6   6   6   0   6   6   6   0   6   6   6   0   6   6  0.07 0.10
  205 D   -1  0  1  1 -3  0  1  0  1  0 -1  1  0  0  0  0 -1 -2  2 -1    4   4   6  10   0   3   9   7   3   8   4  10   3   4   5   4   3   0   8   5  0.06 0.10
  206 L   -1 -1 -2  0 -1  0  0 -2  1  1  2  0  2  0 -1 -2 -1 -3  1  0    4   3   1   7   1   4   7   3   4   9  26   5   6   3   2   2   2   0   4   6  0.15 0.17
  207 T   -2 -1  2  3 -5  0  1 -2 -1 -5 -3  0 -4 -5  0  3  2 -5 -2 -2    2   3   9  17   0   3   8   3   2   0   2   6   0   0   5  20  14   0   2   3  0.44 0.37
  208 L   -1 -1 -2 -3 -1  0 -2 -3 -2  1  3 -2  1  0  2 -2  1  1 -1  0    4   3   1   1   1   4   3   2   1   7  30   3   3   4  10   2   9   2   2   7  0.26 0.24
  209 D   -1  0 -1  3 -6  0  4 -1  0 -5 -3  1 -1 -2 -2  1 -2 -6 -5 -3    6   4   3  15   0   3  32   4   2   0   2   8   1   2   2  10   2   0   0   2  0.57 0.44
  210 Q   -1 -1 -1  2 -5  1  4 -1  2 -2 -2  1  0 -2 -1 -1 -1  1  0 -2    4   3   3  11   0   7  26   4   4   2   3   8   3   2   3   5   4   2   4   3  0.30 0.29
  211 A    1 -1 -1 -2  2 -1 -1 -1 -3  2  0 -1  1  0 -1  0  1 -3  0  1   14   3   2   2   4   3   3   5   0  17  10   2   3   4   2   6   8   0   4   8  0.10 0.14
  212 Y    0  0  0  0 -3  0  0 -1  1  0 -1  0  1  0  0  0  0  3  1  0    5   5   5   5   0   5   5   5   5   5   5   5   5   5   5   5   5   5   5   5  0.06 0.08
  213 S    0  2  0  0  1  1  1 -1  1 -1 -1  2  0 -3 -1  0  0 -4  0 -1    6  10   5   6   3   6  10   4   3   3   5  15   3   0   3   4   5   0   3   4  0.13 0.15
  214 Y   -1  0  0  0  2  0  0 -1  2  0 -1  0  1  0 -3  0  0  3  1  0    5   5   5   5   5   5   5   5   5   5   5   5   5   5   0   5   5   5   5   5  0.06 0.10
  215 A    3 -2 -3 -2 -1 -2 -2  2 -4  1 -2 -3 -1 -1 -4  0  1 -1 -1  1   29   2   0   2   1   1   3  15   0  10   3   0   1   2   0   7  10   1   3   8  0.33 0.31
  216 V   -2  2 -1 -1  0  0  1 -2  0  1  1  0  1  1 -2 -1 -1  1  2  0    0  16   3   4   2   3   9   3   2   8  12   5   3   7   2   3   4   2   7   7  0.12 0.15
  217 E   -2  0  0  2 -5  1  4 -2  1 -2 -2  0  0  1 -4  0 -2 -3  3 -2    3   4   5  10   0   5  27   3   3   3   3   4   3   5   0   6   2   0  13   2  0.39 0.33
  218 N   -1 -1  4 -1  0 -1  0 -1  0  0  0 -1  3  2 -4 -2 -1  2  1  0    4   2  20   2   2   2   6   4   3   6   7   2   8  11   0   2   3   3   4   8  0.23 0.24
  219 A    1 -1 -3 -3  2  0 -1 -1 -3  2  0  1  1  0 -3 -1  0 -3  0  2   14   3   0   0   4   3   4   4   0  13   8  10   4   4   0   4   4   0   4  17  0.14 0.17
  220 K    0  0 -1  0  2  0  0  0  1  0 -1  0  1  0  0  0  0 -2  1  0    6   6   0   6   5   5   6   6   5   6   6   6   5   5   6   6   6   0   5   6  0.03 0.08
  221 D    0  0  0  0  2  0  0 -1  2  0 -1  0  1 -2  0  0  0  3  1  0    5   5   5   5   5   5   5   5   5   5   5   5   5   0   5   5   5   5   5   5  0.07 0.11
  222 I   -1 -1 -2 -4 -3 -3 -4 -4 -3  3  1 -3  1  2 -4 -2 -3  6  3  1    6   4   2   0   0   0   0   0   0  23  16   0   3  10   0   2   0  13   9  10  0.55 0.31
  223 I   -1  1 -2 -3  3 -1 -1 -3 -2  2  1  1  1  1 -3 -2  0 -2  0  0    6   7   0   0   7   2   3   1   0  21  18  12   3   7   0   1   4   0   2   4  0.15 0.16
  224 A    4  0 -2 -2  1  0  0 -1  1 -1 -1 -2 -2 -1  1  1 -1 -3 -2 -1   43   5   0   0   2   4   4   4   4   4   4   0   0   3   7   9   3   0   0   3  0.29 0.25
  225 C    1 -2 -2 -3  4  0 -2 -3 -2  1  1 -2  1  1 -3  1  1  2  0  0   11   0   0   0  13   6   0   0   0  12  11   0   3   6   0  14   8   4   3   6  0.21 0.19
  226 G    0  1  1  1  2 -1  0  0 -2  0 -2  0 -1  0 -2  0  0 -3 -1  0    8   8   7   8   7   0   8   8   0   8   1   8   0   7   0   8   8   0   0   8  0.06 0.09
  227 F   -1 -3 -3 -1  0 -3 -3  0 -3  1  1 -3  2  5  0 -3 -1 -2  1  0    4   0   0   4   3   0   0   9   0   7  14   0   8  30   6   0   3   0   5   5  0.37 0.27
  228 D   -1 -1  2  4  0  1  0 -1  1 -1 -1  0 -2 -3  0  0 -1 -4 -1 -2    4   2  11  31   2   6   5   5   4   3   6   5   0   0   4   6   2   0   2   2  0.30 0.22
  229 I   -1 -2 -2  0 -1 -1  0 -2 -1  0  0  1  2 -2  5 -2 -2  2 -2  0    4   2   1   5   1   3   5   2   1   6   9   8   5   1  31   2   2   3   1   7  0.46 0.29
  230 N   -1  0  2  2  0  0  3  0  0 -4 -3  2 -1 -4 -2  0  0 -4 -3 -3    3   4  10  13   2   3  23   7   2   0   2  13   1   0   2   6   7   0   0   1  0.36 0.26
  231 K   -2  2  1 -1 -1  0  0 -2  0 -1 -2  4 -1 -4  0 -1 -1 -4 -2  0    3  11   6   3   1   2   5   3   2   4   3  34   1   0   5   5   4   0   2   6  0.39 0.29
  232 T    1 -1  0 -1  3 -1 -1 -1  0  0 -1 -1  1 -1 -1  1  2 -4  0  0   10   3   3   3   7   3   3   4   3   4   4   3   4   3   3  13  18   0   3   7  0.14 0.19
  233 F    0  0  0  0  2  0  0 -1  1  0 -1  0  1  0  0  0  0 -2  1  0    5   5   5   5   5   5   5   5   5   5   5   5   5   5   5   5   5   0   5   5  0.03 0.05
  234 I   -1 -3 -3 -4 -3 -3 -2 -1  0  4  1 -2  1  3 -3 -1 -1 -2  1  2    4   0   0   0   0   0   3   4   3  28  12   3   3  16   0   3   3   0   4  12  0.33 0.25
  235 F   -3 -4 -4 -4  1  0 -4 -4  1  0  0 -4  1  5 -4 -2 -1  5  5  0    0   0   0   0   3   5   0   0   3   6   6   0   3  27   0   4   4   7  23   5  0.78 0.43
  236 S   -1  0  0  0  2  0  0 -1  2  0 -1  0  2  1  0 -1  0  3  1 -1    5   5   5   5   5   5   5   5   5   5   5   5   5   5   5   5   5   5   5   5  0.09 0.08
  237 D    0  0  0  0 -3  0  0 -1  1  0 -1  0  1  0  0  0  0  3  1  0    5   5   5   5   0   5   5   5   5   5   5   5   5   5   5   5   5   5   5   5  0.06 0.08
  238 L    0 -1 -1 -1  1  1 -1 -2  0  0  0 -1  0  2 -1  1  1  1  0  0    6   3   2   3   3   7   4   3   3   6   7   2   2   9   3  15  10   2   3   7  0.07 0.12
  239 D    0  0  0  0  2  0  0 -1  1  0 -1  0  1  0  0  0  0 -2  1  0    5   5   5   5   5   5   5   5   5   5   5   5   5   5   5   5   5   0   5   5  0.03 0.05
  240 Y    0 -2  0  0  2  0  0 -1  2  0 -1 -2  1  1  0  0  0  3  1  0    6   0   5   6   5   5   6   6   5   6   6   0   5   5   6   6   6   5   5   6  0.08 0.13
  241 M   -1  0  0 -2  0  0  0 -1  2  1  0 -1  1  1  2 -1  0  1  0  1    5   5   5   0   2   5   6   3   6  10   7   4   5   6   9   4   4   2   3  10  0.07 0.10
  242 G    0  0  0  0 -3  0  0 -1  1  0 -1  0  1  0  0  0  0  3  1  0    5   5   5   5   0   5   5   5   5   5   5   5   5   5   5   5   5   5   5   5  0.06 0.08
  243 M   -1  0  0  0  2  0  0 -1  2  0 -1  0  2  1  0 -1  0  3  1 -1    5   5   5   5   5   5   5   5   5   5   5   5   5   5   5   5   5   5   5   5  0.09 0.08
  244 S    1  0  1 -1  1  0 -1 -1  0  1  1 -1  0 -1 -1  1  0 -3 -2  0   13   5   6   3   4   4   4   4   2   9  15   3   3   2   3  10   6   0   0   4  0.06 0.09
  245 S   -1  0  0  0  0  1  2  0  1 -2 -1  1  0 -1  2  0  0  1 -1 -2    5   4   5   4   2   6  15   7   3   3   5   8   3   2  10   6   6   2   2   3  0.12 0.13
  246 G    0 -1  0  0 -3  0  1  0  1 -1  0 -1  1  0  0  1  0  3  0 -1    8   4   4   6   0   3   9   6   3   3  12   3   5   3   4   9   4   5   3   4  0.06 0.09
  247 F    0 -2  0 -2  2 -2 -2  0  2  0  0 -2  1  1  1  0  0  4  1  0    7   0   7   0   6   0   0   7   6   7   7   0   6   6   7   7   7   6   6   7  0.13 0.16
  248 Y   -2 -2 -1 -2 -5 -1 -1 -3  0  0  1 -1  1  1 -5 -2 -2  6  6 -1    3   3   3   2   0   3   4   2   2   5  12   4   4   6   0   3   3  10  27   4  0.67 0.45
  249 K   -1  0  0  1  1  0  0 -1  2 -1 -1  1  0 -1  2  0  0  2  0 -1    4   6   5   8   3   3   6   4   5   4   5   8   3   3  11   6   7   2   3   4  0.11 0.11
  250 N    0  0  0  0  2  0  0 -1  1  0 -1  0  1  0  0  0  0 -2  1  0    5   5   5   5   5   5   5   5   5   5   5   5   5   5   5   5   5   0   5   5  0.03 0.05
  251 V   -1  0  0 -2  2  0  0 -1  2  0 -1  0  1  0  0  0  0  3  1  0    5   5   5   0   5   5   5   5   5   5   5   5   5   5   5   5   5   5   5   5  0.07 0.11
  252 V   -1  0  0  0  2 -1 -2 -1  0  1  1 -1  1  1 -1 -1  0  2  0  1    4   6   6   6   5   3   0   5   3   7  15   3   5   7   3   4   5   3   3   9  0.05 0.10
  253 K   -2  2  0 -1 -1  0  1 -2 -1  1  0  1  1 -1  0 -1  0  4  0 -1    2  10   4   4   1   5   8   3   2   8   9  10   4   2   5   5   6   7   3   3  0.13 0.15
  254 I    0  0 -1  0  2 -1  0  0  2  0  0  0  1  1 -2  0  0 -2  1  0    6   6   0   6   6   0   6   6   6   6   6   6   6   6   0   6   6   0   6   6  0.03 0.09
  255 Q    1 -1  0 -2  1  1 -1  1  0 -1 -1 -1  1 -5  1  2  0  2 -1 -2   12   4   4   3   3   5   5  11   3   4   6   3   3   0   7  14   5   3   3   3  0.14 0.16
  256 K   -2  3 -1 -2  1 -1 -2 -3  3 -1 -2  4  1  0 -1 -2 -1  2  0 -2    3  17   3   3   3   3   3   3   6   3   4  22   3   4   3   3   4   3   3   3  0.43 0.30
  257 H    0  1  1 -1  2  0 -1 -1  2 -1  1  1  1 -1 -1  0  0 -3  0  0    7   8   7   3   5   3   3   3   6   3  14  11   5   3   3   4   4   0   3   6  0.05 0.10
  258 V    0  0  0 -2  2  0  0  0  1  0 -1  0  1  0  0  0  0 -2  1  0    6   6   5   0   5   5   6   6   5   6   6   6   5   5   6   6   6   0   5   6  0.04 0.08
  259 T   -1  2  2 -1 -4  0 -2 -2  0 -4 -3  0  0 -4  0  1  5 -5 -1 -2    4  11   8   2   0   4   2   3   3   0   3   5   3   0   4   8  34   0   2   3  0.48 0.42
  260 F   -1 -1  0 -3  1  0 -2 -2  0  1  2 -2  1  2 -2 -1 -1  2  1  1    6   2   5   0   3   5   2   2   2   8  21   2   4  10   2   3   3   3   6  10  0.14 0.16
  261 N   -1  0  4  0 -4 -1 -1 -1  2 -3 -2  2 -1 -1  1  2 -1 -4 -1 -3    6   4  24   4   0   1   3   4   4   1   5  12   1   2   8  14   3   0   2   1  0.35 0.31
  262 Q   -1  2  0  1 -4  3  2 -4  2 -4 -2  2  0 -4 -3  0  1  1 -1 -2    4  12   3   8   0  15  13   0   5   0   5  10   2   0   0   5  10   2   2   3  0.33 0.30
  263 V    0 -1 -1 -2  0  0  0 -2 -3  2  1 -1  2  0 -3 -1  0 -3  0  2    9   2   4   2   2   5   5   2   0  11  11   4   7   4   0   3   4   0   3  20  0.13 0.16
  264 K   -1  1  0 -1 -4  1  1 -2  1  0 -1  3  1 -1  0  0  0  2  0 -1    4   8   3   3   0   5   8   3   4   6   5  20   4   3   4   6   5   3   3   4  0.14 0.16
  265 G    2  2  0 -1 -3  1  0  1  1 -1 -2  1  0 -4  0  0  0 -4 -3 -1   16  11   4   4   0   6   5  10   4   3   4  10   3   0   4   6   6   0   0   4  0.15 0.17
  266 I    0 -1  0 -1  3  1  0 -2 -1  2  0  1  1 -1 -2 -1  0 -4 -1  1    9   2   4   3   8   6   7   2   2  15   6   9   5   2   1   3   5   0   2  10  0.14 0.17
  267 F   -1 -1 -4 -3  1  0 -2 -2 -1  0  1  0  1  4 -1 -1 -1 -3  3 -1    5   3   0   2   3   4   2   3   2   5  14   5   3  20   4   5   5   0  11   5  0.28 0.25
  268 G    0 -1 -1 -1 -4  2  0  3 -1 -1 -2  1 -3 -2 -2 -1  0 -5 -2  0    8   4   3   4   0  10   6  28   1   3   3   8   0   2   2   4   7   0   2   6  0.29 0.27
  269 F   -1 -1  0 -1  0 -1 -1  0  1  2  0 -1  0  4 -1 -1  0  0  0 -1    3   2   4   4   2   3   4   7   4  12   9   4   2  19   3   4   5   1   3   4  0.13 0.15
  270 T    0  0  0  0  2  0  0 -1  1  0 -1  0  1  0  0  0  0 -2  1  0    5   5   5   5   5   5   5   5   5   5   5   5   5   5   5   5   5   0   5   5  0.03 0.05
  271 D   -1 -1  1  3  0  1  1  1  0 -1 -1 -1  1 -1  0 -1 -1 -4  0 -2    3   3   6  18   3   6   9  14   3   3   5   4   4   3   5   4   3   0   3   3  0.16 0.18
  272 S    0  0  0  0  2  0  0  0  1  0 -1  0  1  0  1  0  0 -3 -1  0    6   6   5   6   5   5   6   6   5   6   6   6   5   5   6   6   6   0   0   6  0.03 0.07
  273 D    0 -1  0  2  1  0  0 -1  1  0  0  0  0 -3  0  0  0  0 -1  0    9   3   5  14   3   4   4   4   5   6   8   4   3   0   4   9   6   1   2   5  0.06 0.11
  274 C    0  1  2  0  1  0  0 -1  1 -1 -2  0  0 -1  0  1  1 -3  0  0    6   7  14   4   3   3   6   4   4   3   4   5   3   3   4   9   8   0   3   6  0.09 0.13
  275 I   -1 -2  0  0  2  0  0 -1  2  0 -1  0  1  0  0  0  0  3  1  0    5   0   5   5   5   5   5   5   5   5   5   5   5   5   5   5   5   5   5   5  0.07 0.11
  276 G    1 -2 -1 -2  0 -1  1  5 -1 -2 -3  0 -1 -2 -3  0 -2 -7 -2 -7   10   3   3   2   2   3   8  40   2   3   3   5   2   2   2   6   2   0   2   0  0.66 0.44
  277 K   -1  0 -1 -2  0  2  0 -1  3  0  0  3  1  1 -3  0 -2  1 -1 -3    5   5   3   3   2   8   5   5   6   5  10  17   4   6   2   7   3   2   3   2  0.20 0.17
  278 I   -1 -1  0 -1  2 -1 -2 -2  1  3  1 -2  2  1 -1 -1 -2  2  2  0    5   4   5   3   4   3   3   4   3  15  12   3   6   6   3   4   3   3   7   7  0.19 0.13
  279 S   -1  0  0  0  2  0  0 -1  2  0 -1  0  2  1  0 -1  0  3  1 -1    5   5   5   5   5   5   5   5   5   5   5   5   5   5   5   5   5   5   5   5  0.09 0.08
  280 F    0 -2 -3  0  0 -1 -2 -2  2 -1  0 -2 -1  4 -4 -1 -1  2  4 -1    9   2   0   5   2   3   3   3   5   4   7   2   2  22   0   5   3   3  17   4  0.40 0.32
  281 P    0 -2 -2 -1 -1  0  0  0  0 -1 -2 -2  1 -2  5 -1 -1 -5 -4 -1    9   2   2   4   2   4   5   8   2   4   3   2   3   2  35   3   4   0   0   4  0.57 0.40
  282 A    1 -1 -1 -1  1  0  0  0  0  0  0 -2  0  1  0  0  0 -2  1  0   17   4   3   3   4   4   7   6   2   5   7   0   3   6   5   8   5   0   5   8  0.04 0.09
  283 I    0  0  0  0  1  0  0 -1  1  1  0  0  1  0 -1  0  0 -2  1  0    7   7   4   5   4   5   5   3   4   9   8   4   4   3   3   5   5   0   6   8  0.01 0.04
  284 Q   -1  0  0  0 -4  4  0 -1  1  0 -1  0  2 -1 -1 -3 -1 -4  0  1    6   4   4   5   0  24   4   5   3   6   5   4   6   3   3   0   3   0   4   9  0.26 0.29
  285 A    1  0  0 -1  1  0 -1  0  0  0  0 -2  1  0 -1  0  1 -2  1  0   18   4   4   3   4   4   2   7   2   7   8   0   4   3   3   6   9   0   8   5  0.06 0.12
  286 A    2 -2 -1 -1  0 -1 -1 -1  0  0  0 -1 -2  1  1  0  0 -3  1  0   25   0   2   3   2   3   2   4   2   5  10   3   0   5   6   7   5   0   5   8  0.12 0.18
  287 P    0 -2  0  0  2  0  0  0  2  0  0 -2  1  1  1  0  0 -2  1  0    6   0   6   6   6   6   6   6   6   6   6   0   6   6   6   6   6   0   6   6  0.05 0.11
  288 S    1 -2 -2 -3  2  0 -1 -1  1  1  0 -1  2  1 -3  1  0 -2  2  0   15   0   0   0   5   4   4   4   4  10   9   4   7   7   0  10   5   0   7   4  0.11 0.16
  289 F    0 -1 -1  0 -2  1 -1 -2 -1  0  0  0  1  1  1  0  0 -2  1  0    8   0   0   8   0   7   0   1   0   8   8   8   7   7   8   8   8   0   7   8  0.08 0.11
  290 S    0  0 -1 -1  3  0 -1 -2  2  0  0 -1  1  0  0  0 -1  2  0  0    8   6   3   3   6   5   3   4   5   7  11   3   3   4   6   7   4   3   3   6  0.06 0.05
  291 N    0 -1  0  0  1  1  0 -1  1  0  0  0  0  0  1  0  0 -2  2  0    7   3   4   4   3   6   6   5   4   4   8   4   3   3   6   9   6   0   9   6  0.04 0.08
  292 S    0  0  0  1  2  1 -1 -1  0 -1 -1  0  0 -1  1  1  0 -3  0 -1    7   4   5   7   5   7   3   4   3   3   5   6   3   3   6  14   6   0   4   3  0.07 0.12
  293 F    0  0 -2  0  2  0  0 -1  1  0 -1  0  1  0  0  0  0  3  1  0    5   5   0   5   5   5   5   5   5   5   5   5   5   5   5   5   5   5   5   5  0.06 0.10
  294 P   -1 -1  0  0  2 -1  0 -2  0  0  0  0  1  0  4 -1 -1 -4 -3 -1    4   4   5   6   4   3   5   3   3   6  10   7   4   4  22   4   3   0   0   3  0.24 0.22
  295 Q    0  0  0  0  2  0  0 -1  1  0 -1  0  1  0  0  0  0 -2  1  0    5   5   5   5   5   5   5   5   5   5   5   5   5   5   5   5   5   0   5   5  0.03 0.05
  296 I    0 -2  0  0 -3  0  0  0  2  0 -1  0  1  1  0  0  0  3  1  0    6   0   5   6   0   5   6   6   5   6   6   6   5   5   6   6   6   5   5   6  0.07 0.11
  297 F   -1 -1 -1 -1  1 -1  0 -2  1  0  0 -1  1  4  1 -2 -1  3  0 -1    5   3   3   4   3   3   5   4   3   6   9   4   3  18   8   3   3   3   3   5  0.23 0.16
  298 R    0  0  0  2  1  0  1  0  1 -1 -1  0  1  0 -1  0 -1 -4  0 -1    8   4   4  10   3   4  11   9   3   3   6   6   3   3   3   7   4   0   3   4  0.07 0.08
  299 D    0  0  0  0  2  0  0 -1  1  0 -1  0  1  0  0  0  0 -2  1  0    5   5   5   5   5   5   5   5   5   5   5   5   5   5   5   5   5   0   5   5  0.03 0.05
  300 R    0  0  0  0 -2  1  0  0  1  0 -1  0  1  0  1  0  0 -2  1  0    6   6   5   6   0   5   6   6   5   6   6   6   5   5   6   6   6   0   5   6  0.03 0.06
  301 T    0  0  0  1 -1  0  0  1  0 -1 -1  1 -1  0  0  0  0 -3  1 -1    7   4   3  10   1   4   6  11   3   4   5   8   2   4   5   7   6   0   5   2  0.04 0.08
  302 D   -1 -1  2  0  2  1  0 -1  1 -1 -1  0  1  1  1 -1 -1 -4  2 -1    5   4   9   6   4   7   5   4   3   3   7   6   3   6   8   4   3   0   6   5  0.08 0.11
  303 I   -1  1 -1  0  1 -1 -1 -2  1  1  0  1  2  0 -1 -1 -1  2  0  1    5   9   3   5   3   3   3   3   3   8  10  10   5   3   4   3   4   3   3   8  0.05 0.07
  304 Q    2  0 -1 -1  0  0  0  0  0 -1 -2  0  0 -2  3 -1  0 -3 -1 -1   20   5   2   3   2   4   5   6   2   4   4   4   3   2  18   3   5   0   2   5  0.20 0.20
  305 C   -1 -2 -1  2  6 -1 -1 -1  3 -1 -1 -2 -2 -1 -3 -1  1 -3 -1  0    5   2   3  14  19   2   4   4  10   4   7   2   0   3   1   3   8   0   2   6  0.36 0.28
  306 L   -2 -2 -1 -2  0 -1 -2 -2  0  3  3 -2  1  0 -4  0 -1 -3 -1  1    2   2   3   2   2   3   2   2   3  21  30   2   2   4   0   8   2   0   2   6  0.26 0.23
  307 I    1  0 -3 -1  3 -2  0 -3  1  2  0 -2  1  0 -3 -1  1 -3 -2  2   14   5   0   4   7   0   7   0   4  13   5   0   4   4   0   4   9   0   0  18  0.19 0.20
  308 P   -1 -1 -2  0 -3  2 -1 -1  1  0 -1 -2  1  0  4 -1  1  2  0  0    4   3   0   5   0  10   3   4   3   8   5   0   5   3  20   3   8   3   4   6  0.23 0.20
  309 C    0 -1 -2 -2  4 -1 -1  1 -1  0  0 -1  0  1 -3  0  0  3  2  1    7   3   0   2  11   2   4  10   2   6   8   2   2   7   0   7   6   4   7   9  0.12 0.13
  310 A    0  0  1  0 -2  1 -1  0 -1  0  0  0 -1  1 -2  0  0 -2  1  0    7   7   7   7   0   7   0   7   0   7   7   7   0   7   0   7   7   0   7   7  0.04 0.08
  311 I   -1  0 -1  0  0  0  0 -1 -2  2  0  0  1 -1  0  0  0  1 -1  0    4   7   2   4   3   5   8   6   0  20   4   4   6   2   3   4   8   2   2   4  0.03 0.13
  312 D    0  1  1  1 -3  1  1  0  2 -1 -2  1 -2 -2  1  0  0 -2  1 -2    7   7   7   7   0   7   7   7   7   7   1   7   0   0   7   7   7   0   7   0  0.13 0.12
  313 Q   -1  1  1  0  1  4  0 -3  3 -1 -1  0 -2 -3 -1 -1 -2 -3  0 -1    6   9   6   4   4  26   3   0   8   3   5   5   0   0   3   3   0   0   4   6  0.24 0.27
  314 D    0  0  0  0  2  0  0  0  1  0 -1  0  1  0 -2  0  0 -2  1  0    5   5   5   5   5   5   5   5   5   5   5   5   5   5   0   5   5   0   5   5  -0.00 0.07
  315 P    1  0 -1 -1  1  1 -1 -2  1 -1 -2  0 -3 -1  5  0  0 -4  0 -1   10   4   3   3   3   7   4   3   3   4   3   5   0   3  28   5   5   0   3   3  0.38 0.32
  316 Y    1 -2  0 -3  1  0 -2 -3  5  1  0 -1  1  1 -3 -1  0 -2  2  0   14   0   4   0   4   4   0   0  17   9   6   4   4   6   0   4   5   0  10   8  0.22 0.22
  317 F    0 -1  1 -2 -2 -2 -1 -1  2  1  0 -2  1  2 -3  0  0  2  1  1    8   4   8   0   0   0   4   4   6  10  10   0   4  12   0   7   4   3   4   9  0.08 0.12
  318 R    0  3 -1  0  0  0  2 -3  0 -1  0  0  3  0 -3 -1 -2  1 -2 -1    7  20   2   4   2   3  15   0   3   3   7   4  13   5   0   4   0   2   0   4  0.21 0.24
  319 M   -1 -1 -1 -1 -3  0 -1 -1  0  1  2  0  3  1 -1 -1 -1 -3 -2  0    4   3   4   3   0   4   4   4   3   9  24   6   9   8   3   5   3   0   0   5  0.09 0.13
  320 T    2 -3 -3 -3  2  0 -1 -1 -3  1 -1 -2  2  0 -3  1  2 -3  0  1   20   0   0   0   5   4   4   5   0   7   5   0   8   4   0  10  16   0   4   8  0.21 0.23
  321 R   -1  5  0 -1  3  0 -1 -1  1 -1 -2  1 -3 -4 -4 -1 -1  2 -3 -1    4  35   3   4   7   3   3   4   3   5   4   9   0   0   0   3   4   3   0   5  0.45 0.37
  322 D   -1  0  0  3 -3  0  2 -1  2 -1 -1  0  0 -1  0  0  0 -3  0 -2    3   5   4  20   0   4  14   3   5   4   7   4   3   3   4   4   6   0   3   0  0.17 0.21
  323 V   -1 -3 -1 -3  0 -1 -2 -4  0  3  1 -1  0  0 -1 -2 -1 -3  2  3    4   0   3   0   2   2   2   0   2  22  11   5   2   3   3   3   3   0   8  21  0.21 0.24
  324 A    4 -3 -3 -1  3  0 -1 -1 -3 -1 -1 -3  0  0 -3  1 -1 -4 -1  0   42   0   0   3   7   4   2   3   0   2   5   0   3   5   0   8   3   0   2   7  0.38 0.38
  325 P    0  0  0  0  2  0  0  0  1  0 -1  0 -1  0  1  0  0 -2  1  0    6   6   5   6   5   5   6   6   5   6   6   6   0   5   6   6   6   0   5   6  0.03 0.06
  326 R    0  0  0  0  2  0  0  0  1  0 -1  0  1  0  0  0  0 -3 -1  0    5   5   5   5   5   5   5   5   5   5   5   5   5   5   5   5   5   0   0   5  0.00 0.07
  327 I    0  0  0 -2  2  0  0 -1  1  0 -1  0  1  1 -3  0  0  3  1  0    5   5   5   0   5   5   5   5   5   5   5   5   5   5   0   5   5   5   5   5  0.04 0.13
  328 G   -3  0  4  0 -7 -1 -2  3  1 -2 -7  3 -7 -2 -2 -2 -2 -7 -1 -1    3   6  17   5   0   3   3  24   3   3   0  15   0   2   3   3   3   0   3   5  0.59 0.38
  329 Y   -2  0 -1 -1  2  0 -1 -2  2 -1 -1 -1  1  4 -2 -1 -2  3  4 -2    3   5   3   3   4   4   4   4   4   4   7   5   4  14   3   5   3   3  15   3  0.36 0.25
  330 P   -2 -1  0 -2  1  1  0 -2  2 -1 -1  2  1  1  3 -2 -1  2  1 -1    4   4   4   3   3   6   5   4   4   4   6  12   3   5  16   4   4   2   5   4  0.22 0.20
  331 K    0  0  0  0 -2  1  0  0  2  0 -1  0  1 -2  1  0  0 -2  1  0    6   6   6   6   0   6   6   6   6   6   6   6   6   0   6   6   6   0   6   6  0.05 0.08
  332 P   -1 -2 -2 -3  1 -2 -3 -1 -5 -2 -4 -2 -5  1  7 -2 -1 -6 -5 -2    4   2   2   2   3   2   2   5   0   2   2   2   0   7  55   2   4   0   0   4  1.31 0.76
  333 A    2 -1 -1 -1  2  1  0 -1 -1  1 -1  0 -1 -1 -1  1 -1 -3  0  0   17   4   2   4   4   7   7   4   1  12   4   4   1   2   3  12   3   0   3   5  0.09 0.15
  334 L    1 -1  0 -1  1 -1  0 -1 -2  1  1 -1  0  0  0  0  0 -3  0  1   12   3   4   2   3   3   7   3   0   7  18   3   2   4   5   7   4   0   3   9  0.06 0.10
  335 L   -1 -1 -1 -1 -3 -1 -1 -1  0  2  1 -1  1  1  0 -1  1  2  0  0    3   4   3   3   0   3   3   5   3  15  13   3   4   5   5   4  11   3   3   6  0.07 0.11
  336 H    0  0  0  0  2  0  0 -1  1  0 -1  0  1  0  0  0  0 -2  1  0    5   5   5   5   5   5   5   5   5   5   5   5   5   5   5   5   5   0   5   5  0.03 0.05
  337 S    0 -1  1 -3  1 -3 -1  0  5 -1 -3 -3 -1 -1 -1  3  1  0 -2 -1    7   4   5   2   3   1   3   7  11   3   3   2   2   3   4  22  10   1   2   5  0.35 0.29
  338 T   -1  1 -1  0  0  0  1 -2  2 -1 -2  3 -1 -4  1 -1  1 -5 -1 -1    5   7   3   6   2   4  11   3   5   3   3  17   2   0   8   5  10   0   2   4  0.21 0.23
  339 F   -2  0  0 -1  0 -2 -2 -2  0 -1  0 -1  3  5 -1 -1 -1 -3  2  0    3   5   4   3   2   2   3   4   2   4   8   3   9  28   3   4   4   0   6   5  0.41 0.31
  340 F    0 -1 -1 -2  0 -1 -1 -2  1  1  1 -2  1  2  2 -1 -1  1  0  0    6   3   3   2   2   3   3   3   3   8  17   2   4  11  10   4   4   2   3   7  0.12 0.14
  341 P    0  0  0  0  2  0  0 -1  1  0 -1  0  1  0  0  0  0 -2  1  0    5   5   5   5   5   5   5   5   5   5   5   5   5   5   5   5   5   0   5   5  0.03 0.05
  342 A    0  0  0 -1 -3  0 -1  2  1  0  0 -1  0 -1  1  0 -1 -3  0 -1    8   4   3   3   0   3   4  21   4   5   8   3   3   3   6   8   4   0   3   5  0.11 0.13
  343 L    0 -2  0  0  2 -1  0  0  1  0  0  0  1  0  1  0  0 -3 -1  0    6   0   6   6   6   0   6   6   6   6   6   6   6   6   6   6   6   0   0   6  0.01 0.10
  344 Q    0  0  0  0  2  0  0 -1  1  0 -1  0  1  0  0  0  0 -2  1  0    5   5   5   5   5   5   5   5   5   5   5   5   5   5   5   5   5   0   5   5  0.03 0.05
  345 G   -1 -1  0  0 -5  0 -1  4  1 -1 -2  0 -4 -1 -1 -1  0 -5 -4 -2    4   3   4   5   0   4   4  38   3   4   4   5   0   3   3   4   7   0   0   3  0.44 0.33
  346 A    0  0  0  2  0  0  1  1  0  0 -1  0  0 -1  2  0 -1 -3 -1 -1    8   5   3  12   2   3   8  12   3   5   6   5   2   3   9   5   4   0   2   4  0.08 0.08
  347 Q   -2  0  1  2 -2  3  0  3  1 -2 -3  1 -1 -2 -1  0 -1 -4 -1 -2    3   4   5  10   1  13   6  20   4   2   2   9   1   2   4   5   4   0   2   3  0.26 0.26
  348 T   -1  0  0  0  2  0  0 -1  2  0 -1  0  2  1  0 -1  0  3  1 -1    5   5   5   5   5   5   5   5   5   5   5   5   5   5   5   5   5   5   5   5  0.09 0.08
  349 K    0  0  1  0 -2  1  0  0 -1  0  0  0  1 -2  1  0  0 -2  1  0    6   6   6   6   0   6   6   6   0   6   6   6   6   0   6   6   6   0   6   6  0.05 0.08
  350 M    0  1 -3 -3  3 -2 -3  0 -3  0  0  1  5  1 -3  0  0 -3 -2  0    6   8   0   0   8   0   0   7   0   6   7   9  20   8   0   8   6   0   0   6  0.30 0.27
  351 S    0  0  0  0  2  1  0  0  2 -2 -1  0  1  0 -2  0  0 -2  1  0    6   6   6   6   6   6   6   6   6   0   6   6   6   6   0   6   6   0   6   6  0.05 0.10
  352 A    1 -1 -2 -1 -2  0  0 -1  0 -1  0  1  1 -1  1  1  1 -3 -2  0   15   3   0   3   0   3   5   4   2   4   7   9   4   3   5  15  11   0   0   7  0.10 0.16
  353 S    0  0  0  0  2  0  0  0 -2  0  0  0  1  0  1  0  0 -2 -2  0    6   6   5   6   5   5   6   6   0   6   6   6   5   5   6   6   6   0   0   6  0.00 0.07
  354 D   -1  0  1  3 -4  0  1  0  0 -1 -2  0 -1 -2 -2  1  0 -4  1 -1    3   5   7  20   0   4   8   7   3   4   2   6   1   2   1  14   5   0   5   5  0.20 0.20
  355 P   -1  0  0  0 -4  0  1  1 -3 -3 -1 -1 -3 -2  5  0 -1 -4  1 -1    4   5   3   5   0   4   8  10   0   1   5   3   0   1  30   8   3   0   5   4  0.45 0.33
  356 N   -1 -2  5  1 -4 -1  1  1  0 -2 -3  0  0 -4 -2  0  2 -5 -1 -3    4   1  28   8   0   2   8   9   2   3   3   5   3   0   2   6  11   0   2   1  0.40 0.34
  357 S    0 -1  2 -1  2 -1 -1 -1  0 -2 -2 -1  2 -1 -1  3  2 -4  1 -1    6   4  11   3   4   2   3   4   2   2   3   3   5   2   3  24  12   0   5   3  0.24 0.24
  358 S    1 -1 -1 -1  1  0  1 -1  3 -1 -2  0  1  0  1  1  0 -3  1  0   13   3   3   3   3   3  10   3   7   3   3   5   4   3   8  10   5   0   5   6  0.10 0.11
  359 I   -4  0  0 -5 -4 -4 -5 -5 -5  5  1 -1  2  1  0 -1 -4 -5 -4  2    0   5   5   0   0   0   0   0   0  39  10   5   5   7   5   5   0   0   0  11  0.73 0.38
  360 F   -1 -2 -1 -1  1 -3 -1 -2 -1 -2  0  0  0  4  0  2  0  1  3 -2    4   2   3   3   3   0   3   3   1   2   7   5   2  20   5  17   6   2  10   2  0.31 0.25
  361 L    0 -2 -2  0  2  1 -1 -2 -2  0  0  0  1  1  1  0  0 -2  1  0    7   0   0   7   7   7   0   0   0   7   7   7   7   7   7   7   7   0   7   7  0.08 0.12
  362 T    0 -1  0  0  1  0  0  0  1 -1  0 -1  0  0 -1  1  3 -3  0 -1    5   3   4   4   3   4   4   6   4   3   8   3   3   5   3  12  20   0   3   3  0.11 0.15
  363 D    0 -1  0  0 -2  1  0  0  2  0  0  0  1  1 -2  0  0 -2  1  0    6   0   6   6   0   6   6   6   6   6   6   6   6   6   0   6   6   0   6   6  0.01 0.09
  364 T    0  0  0  0 -2  1  0  0  2  0 -1  0  1 -2  1  0  0 -2  1  0    6   6   6   6   0   6   6   6   6   6   6   6   6   0   6   6   6   0   6   6  0.05 0.08
  365 A    0 -1 -1  0 -4 -1  1 -2  0 -1 -2 -1  1 -1  5  0  1  1 -1 -1   10   3   2   6   0   2  10   3   2   4   3   3   4   2  26   6   7   2   2   3  0.37 0.32
  366 K    0  0  0  1 -4  0  3 -2  0 -2 -3  3  1 -1 -1  0 -1 -4  0 -2    9   4   4  10   0   2  18   3   2   2   2  19   4   3   2   7   2   0   3   2  0.24 0.27
  367 Q   -1  1 -1  2  0  2  3 -1  0 -2 -1  0 -1 -4 -1 -1  1 -4 -3  0    3   6   2  11   2  12  21   5   2   2   5   4   2   0   2   4   8   0   0   7  0.25 0.26
  368 I    0  0  1  0  2 -1  0  0 -2  0  0  0  1 -2 -2  0  0  3 -2  0    7   7   7   7   6   0   7   7   0   7   7   7   6   0   0   7   7   6   0   7  0.08 0.12
  369 K    0  2  1 -1  0  1  1 -2  0 -1 -1  2  0 -1  0  0  0 -3  0 -1    9  13   7   3   3   6  10   2   2   3   4  13   3   3   4   4   4   0   3   5  0.12 0.13
  370 T    0  1  1  0 -3  0  1 -1  0 -1 -1  2  0 -1 -1  0  0  1  0 -1    8   6   6   5   0   4   7   3   3   3   4  18   3   3   3   8   5   2   3   3  0.09 0.13
  371 K    0  1  1 -1 -2  1  0  0  2  0  0  0  1 -2 -2  0  0 -3 -2  0    7   7   7   0   0   7   7   7   7   7   7   7   7   0   0   7   7   0   0   7  0.07 0.10
  372 V    0 -1 -1  0  2  1  0  0 -2  0  0  0  1  1 -2  0  0 -2 -1  0    7   0   0   7   7   7   7   7   0   7   7   7   7   7   0   7   7   0   0   7  0.05 0.10
  373 N   -1  0  0  0  2  0  0 -1  2  0 -1  0  2  0  0 -1  0  3  1 -1    5   5   5   5   5   5   5   5   5   5   5   5   5   5   5   5   5   5   5   5  0.03 0.09
  374 K   -1  0  0  0  2  0  0 -1  2  0 -1  0  1  0 -3  0  0  3  1  0    5   5   5   5   5   5   5   5   5   5   5   5   5   5   0   5   5   5   5   5  0.06 0.10
  375 H    3 -1  0 -1  0  0 -2 -3  2  0 -2  0  4  0 -4  0 -3 -4  3 -1   22   4   5   4   2   3   2   2   5   4   3   5  11   4   0   6   0   0  12   3  0.35 0.32
  376 A    3  0 -2 -1  1 -2 -2 -2  0  0 -1 -1  0  2 -1 -1 -1  0  3  0   26   6   2   3   3   2   2   3   3   5   6   4   2   7   3   3   3   1  10   6  0.22 0.21
  377 F   -1  0  0 -2  2  0  0 -1  2  0 -1  0  1  0  0  0  0  3  1  0    5   5   5   0   5   5   5   5   5   5   5   5   5   5   5   5   5   5   5   5  0.07 0.11
  378 S    0  0  0  0  2  1  0  0 -2  0 -1  0 -1 -2  1  0  0  3 -2  0    6   6   6   6   6   6   6   6   0   6   6   6   0   0   6   6   6   6   0   6  0.09 0.11
  379 G    0  1 -1 -1  0 -1  0  2 -3 -1 -1 -1  3 -1  2  0  0  2 -1 -1    6   9   2   2   2   2   7  15   0   3   6   3   9   3  13   6   5   3   2   3  0.16 0.19
  380 G    0  0  0  0  2  0  0  0 -2  0 -1  0  1 -2  0  0  0  3  1  0    6   6   5   6   5   5   6   6   0   6   6   6   5   0   6   6   6   5   5   6  0.06 0.11
  381 R   -1  2  1  0  1  1 -1 -1  1 -1 -2  1  0 -3  0  0  2  2 -3 -1    5  16   6   4   3   6   3   4   3   4   3  10   3   0   4   5  15   3   0   5  0.16 0.20
  382 D    0  0  0  2 -3  1  1 -1  0  0 -1  0  0 -3  2 -1  0 -3  0  1    6   4   3  14   0   7   7   5   3   6   4   5   3   0   9   4   4   0   4  12  0.11 0.14
  383 T   -1 -1  0  0 -3  0  0 -1  1 -1 -2 -1  0 -1  1  1  4 -4  0 -1    4   4   5   4   0   4   4   3   4   3   3   4   3   3   6  13  27   0   3   3  0.23 0.27
  384 I    0  0  0  0 -2  0  0  0  0  0  0  0  0  0  0  0  0 -2  0  0    9   5   7   4   0   3   5   5   2   8  13   9   2   4   3   5   4   0   3  10  0.00 0.03
  385 E    0  0  0  0 -2  1  0  0  1  0 -1  0 -1  0  1  0  0 -2  1  0    6   6   6   6   0   6   6   6   6   6   6   6   0   6   6   6   6   0   6   6  0.04 0.06
  386 E   -1  0  0  2  1  0  1  0 -2  0 -1  0  0 -1  0 -1  0  1  0 -1    5   4   4  12   3   3  13   7   0   8   6   6   4   3   5   4   4   2   3   4  0.05 0.10
  387 H   -1  1  0  0 -4  2 -1 -2  4  0 -2  0  0  0  1 -1 -1 -3  1 -1    5   8   3   6   0   9   3   3  15   7   3   7   3   4   6   3   4   0   5   4  0.18 0.21
  388 R    0  2  0  0 -3  1  1 -1  0  0  0  1  0 -1  0 -1  0 -3 -2  0    6  14   3   4   0   7   8   4   3   6  10   9   3   3   4   3   4   0   0   7  0.08 0.11
  389 Q    0  1  0  1 -1  1  2 -1  0  0 -1  2 -1 -2 -3  0  0 -4 -1 -1    9   6   4   8   2   4  18   3   2   6   5  14   2   2   0   5   6   0   2   3  0.16 0.18
  390 F   -1 -1  0  3  0  0  0 -2  1  0  0  1 -1  1 -2 -1 -1  0  1  0    3   2   3  19   2   3   6   2   4   7   9  11   2   5   2   4   4   1   6   6  0.14 0.17
  391 G   -1 -3 -1 -2  0 -2  0  5 -4  0 -3 -1  0 -5  4 -1 -2 -5 -4 -2    5   2   3   2   2   2   6  39   0   5   2   3   3   0  19   3   2   0   0   3  0.69 0.44
  392 G    0  0  0  0  2  1  0  0  1  0 -1  0 -1  0  1  0  0 -3 -1  0    6   6   6   6   6   6   6   6   6   6   6   6   0   6   6   6   6   0   0   6  0.04 0.07
  393 N   -1  0  2  1 -3  0  0 -1  1 -1  0  0  0  0  2  0  0 -3  1 -1    4   5  11  11   0   3   6   4   3   4   9   5   3   4   9   6   4   0   5   4  0.10 0.12
  394 C    0  0 -2  0  2  0  0 -1 -2  0 -1  0  1  1  0  0  0  3  1  0    6   6   0   6   5   5   6   6   0   6   6   6   5   5   6   6   6   5   5   6  0.06 0.10
  395 D   -1  0  0  0  2  0  0 -1  2  0 -1  0  2  1  0 -1  0  3  1 -1    5   5   5   5   5   5   5   5   5   5   5   5   5   5   5   5   5   5   5   5  0.09 0.08
  396 V   -1  1  0 -1  1  0  1  0 -4  0  0  0  3  1  0 -1 -1 -5  1  0    4   7   5   3   3   4  10   7   0   4   9   6   8   5   5   5   4   0   5   7  0.10 0.11
  397 D   -1  0  0  0  2  0  0 -1  2  0 -1  0  2  1  0 -1  0  3  1 -1    5   5   5   5   5   5   5   5   5   5   5   5   5   5   5   5   5   5   5   5  0.09 0.08
  398 V    0 -1  1 -1  0  0 -1 -2 -3  2  0 -2  1 -2  1  0 -1 -4 -3  3    6   3   6   4   2   4   3   3   0  14   8   2   3   1   8   7   4   0   0  22  0.20 0.22
  399 S    0 -1 -1 -1 -1 -1 -2 -2 -4  2  0  0 -1  0  2  0 -1  0 -2  3    8   3   2   3   1   2   2   2   0  10   7   7   1   3   9   9   2   1   1  23  0.17 0.22
  400 F   -2  0 -1 -3 -1 -4 -1 -3  0  0 -2 -2 -1  5 -5 -3 -2  2  6 -1    4   5   3   2   2   0   4   2   2   6   3   2   1  26   0   2   3   2  28   4  0.87 0.55
  401 M   -1 -1  0  0 -3  2  1 -1  1  0  0  1  0  0  0  0  0  1  0 -1    5   3   3   5   0  10   9   3   4   7  10  11   3   3   4   5   5   2   3   3  0.07 0.11
  402 Y   -2  0  0 -1  1 -1  0 -1  1  0  0 -1  1  1 -4 -1 -1  4  4 -1    3   4   4   4   3   3   7   6   3   6  11   3   3   5   0   3   4   6  17   4  0.22 0.22
  403 L   -1  0  0  0  2  0  0 -1  2  0 -1  0  1  0  0  0 -2  3  1  0    5   5   5   5   5   5   5   5   5   5   5   5   5   5   5   5   0   5   5   5  0.06 0.11
  404 T    0  1  1  0  1  0  0 -1  1 -1 -1  1  1  0  0  0  0 -3  0 -1    6   8   7   5   3   3   5   4   4   4   4  12   5   5   5   6   7   0   4   3  0.07 0.10
  405 F   -1 -2  0 -1  0  0 -1 -1  2  0  0 -1  0  4 -2 -1 -1  3  3  0    4   2   5   3   3   3   4   4   5   7   7   4   2  18   2   4   3   4  10   6  0.21 0.20
  406 F   -3 -2 -2 -2  0 -5 -2 -1  2 -1  1 -2  1  6 -1 -2 -2  1  2 -2    3   2   2   3   2   0   3   4   5   3  11   3   3  36   3   3   3   2   7   3  0.70 0.46
  407 L   -1 -1  2  0  0 -1  1  0  0  0  0 -1  1  0 -1  0  0  1  0 -1    5   1  12   5   3   2   9   6   3   4  13   4   4   5   2   8   4   2   3   5  0.05 0.09
  408 E   -2 -2 -1  1 -1  0  3 -1 -1 -2 -2  1 -1 -2  3  0  0 -5 -2 -2    3   2   3   8   1   3  23   4   2   2   5   8   1   2  17   6   6   0   1   3  0.35 0.31
  409 D   -3  0  2  6 -5 -1  0 -1 -1 -5 -3 -1  0  0 -1  0  0  0 -2 -3    2   4   9  41   0   3   5   4   1   0   2   3   2   5   3   7   5   1   1   2  0.71 0.48
  410 D   -1 -1 -1  5 -5  0  0 -2  0 -2 -3  1  0  1  0 -1  0 -4  2 -2    4   3   3  31   0   4   6   3   2   2   2   8   2   5   5   4   5   0   9   2  0.42 0.35
  411 D    1  0  1  3 -1  1  3 -2 -1 -2 -3  1 -1 -2 -4 -1  0 -5 -4 -1   11   4   7  15   2   5  23   3   1   2   2   8   2   1   0   4   6   0   0   4  0.33 0.31
  412 K   -1  1 -1  0  0  1  4 -2  0 -2 -2  1  0 -1 -4 -1  0  1  0 -1    5   7   3   4   3   5  28   3   2   2   4  10   3   3   0   5   5   2   3   4  0.27 0.26
  413 L   -1 -2 -2 -2  0 -2 -2 -3 -4  1  3 -2  1  2 -2 -2 -1  2  1  1    4   2   2   2   2   2   2   2   0   7  33   2   3   9   2   3   3   3   5  12  0.31 0.25
  414 E    2  0  0  1 -4  0  4 -2  0 -2 -2  1 -4 -2 -1 -1  0 -5 -4 -2   15   4   5   7   0   4  25   3   2   3   4  10   0   2   3   4   5   0   0   3  0.31 0.30
  415 Q    0  0 -1  1  1  1  2 -2  1 -2 -2  1  0  0 -2  0 -1  4  0 -1    8   5   3   8   3   5  15   3   4   3   4   8   2   4   3   7   4   5   3   5  0.17 0.15
  416 I   -2  0 -6 -1  1 -6 -2 -2  2  5  1 -1  1  0 -7 -2 -1 -6  1  2    4   5   0   3   3   0   3   3   4  27  11   4   4   4   0   4   4   0   4  12  0.51 0.27
  417 R    1  2 -1  0  0  0  0  0  0 -1 -2  1  0  1 -4 -1 -1  3  2 -1   11  12   2   5   2   4   7   6   3   3   3  10   2   5   0   4   4   4   9   5  0.14 0.16
  418 K    0  0  0  0 -3  0  0 -1  1  0 -1  0  1  0  0  0  0  3  1  0    5   5   5   5   0   5   5   5   5   5   5   5   5   5   5   5   5   5   5   5  0.06 0.08
  419 D    0  0  0  0 -3  1  0  0  2  0 -1  0  1 -2  1  0  0  3 -2  0    6   6   6   6   0   6   6   6   6   6   6   6   6   0   6   6   6   6   0   6  0.08 0.11
  420 Y   -4 -2 -5 -1  7 -5 -2 -5  1 -4 -2 -2 -4  1 -5 -2 -4 -3  7 -2    0   2   0   4  24   0   3   0   3   0   3   3   0   6   0   3   0   0  44   3  1.59 0.75
  421 T   -1  2  0 -1  0  1  1  0  0  0 -1  1  0 -1 -2  0  0 -3  0  0    4  14   3   3   3   6   7   9   3   5   6   9   4   3   0   6   6   0   3   6  0.07 0.11
  422 S    0  0  0  0  2  1  0  0  1  0 -1  0  1 -2  1  0  0 -3  1  0    6   6   5   6   5   5   6   6   5   6   6   6   5   0   6   6   6   0   5   6  0.04 0.08
  423 G    0 -1  0 -1  0 -3 -1  6  0 -5 -5 -1 -4 -5 -1 -1 -4 -5 -5 -3    9   3   3   3   2   0   5  59   2   0   1   3   0   0   3   3   0   0   0   2  1.02 0.52
  424 A    0  2  1  0  0  1  2  1  0 -1 -2  2 -2 -4 -3  0  1 -4 -3 -2    9  10   6   4   2   5  14  12   2   4   3  12   0   0   0   5  10   0   0   3  0.18 0.18
  425 M   -2  0 -2 -2 -3 -1 -1 -4 -1  3  3 -2  4 -1 -4 -2 -2  2 -1  1    2   6   2   2   0   2   4   0   2  19  25   2  15   2   0   2   2   3   2   8  0.41 0.30
  426 L   -2 -1 -1 -2 -3  0 -1  2  3 -1  2 -2  2 -1 -1  1  1 -3 -1 -1    2   4   2   1   0   3   3  17   8   2  25   2   7   2   2  10   8   0   1   3  0.20 0.23
  427 T   -1 -4  0  0  7 -3 -2 -2  0 -3 -3 -3  0 -4  2  1  3  0  3 -2    3   0   4   6  22   0   2   2   3   1   2   1   2   0  11  11  17   1   9   2  0.64 0.45
  428 G    0 -1 -1  0  1 -2  0  4 -3 -1 -1  0 -1 -3 -2 -1 -1  0 -4  0    5   2   2   4   4   1   5  39   0   2   6   5   2   1   2   5   3   2   0   9  0.39 0.28
  429 E   -1 -1 -2  4 -5  1  5 -2 -1 -2 -4 -1 -1 -3 -3 -2 -1 -5 -1 -3    6   3   1  21   0   6  39   3   1   3   1   3   2   1   1   2   4   0   2   2  0.69 0.45
  430 L   -2 -4 -3 -2  6 -2 -4 -5 -2  1  3 -3  1 -1 -5 -3 -1 -4 -4  2    2   0   1   2  19   2   1   0   1   6  34   2   4   3   0   1   4   0   0  17  0.72 0.42
  431 K   -2  0 -4 -5  1 -1 -4 -5 -5 -6 -6  7 -5 -7 -5 -4 -5 -7 -6 -3    4   3   0   0   3   2   0   0   0   0   0  84   0   0   0   0   0   0   0   2  2.14 0.98
  432 K    0  0  1  0 -4  2  1 -1 -2 -2 -3  4  0 -3 -1 -1 -1 -4 -4 -2    9   5   6   6   0  10  10   4   1   2   2  30   3   1   3   3   4   0   0   3  0.36 0.30
  433 A    0  3 -1 -1 -1  0  1 -2 -1  1  0  1  0 -2 -2 -1 -1 -3  1  0   11  17   2   2   1   2  12   2   1   8  10   8   2   1   2   4   2   0   6   5  0.13 0.16
  434 L    0 -2 -4 -5  4 -2 -5 -3 -2 -1  4 -4  1 -2 -5 -3 -2 -4 -3  1   10   3   1   0  10   2   0   2   1   2  50   0   3   1   0   1   2   0   1  11  0.73 0.45
  435 I    3 -2 -1 -4 -1 -3 -3 -1 -2  4  0 -2 -1 -1 -4  0  1 -2 -2  1   24   2   2   0   1   1   1   4   1  26   6   2   1   2   0   7   9   1   1  10  0.36 0.29
  436 E   -1  0 -1  3 -2  1  4 -1 -2 -4 -4  2 -1 -5 -2 -1 -2 -5 -4 -4    5   4   3  17   1   6  34   6   0   1   1  13   1   0   2   3   2   0   0   1  0.63 0.42
  437 V    1  1 -1 -2  0 -1 -1 -2  0  1  1  1 -1 -1 -2 -1  0 -1  0  2   12   8   3   2   2   1   4   1   3   8  11   8   1   3   1   5   4   1   3  19  0.09 0.13
  438 L   -2 -5 -5 -6 -4 -5 -5 -6 -3  4  4 -5  4 -1 -5 -5 -3 -5 -2  2    3   0   0   0   0   0   0   0   1  22  45   0   9   2   0   0   1   0   1  14  1.03 0.52
  439 Q   -1 -1  3 -1 -2  3  0 -2 -1  0 -2  0 -1 -3 -3  0  1 -1 -1  0    5   2  18   2   1  17   6   2   1   7   4   5   1   1   1   7   9   1   2   7  0.27 0.26
  440 P    0  1  0  2 -2  1  3 -2  0 -2 -3  2 -2 -5  0 -1 -1 -5 -4 -2    7   8   4  10   1   6  25   3   2   3   1  15   1   0   5   4   3   0   0   2  0.39 0.30
  441 L   -2 -2 -2 -3 -2 -3 -2 -4 -1  2  2 -3  1  5 -3 -3 -1  3  3  0    2   2   2   1   1   1   3   1   1  13  17   1   4  26   1   1   3   4   9   7  0.55 0.34
  442 I   -3 -4 -4 -6 -2 -3 -5 -6 -3  2  4 -4  2  1 -5 -4 -2 -5 -3  3    1   1   1   0   1   1   0   0   1  10  47   1   4   5   0   1   2   0   1  24  0.94 0.51
  443 A    2  2 -1  0 -3  1  3 -1 -1 -2 -1  2 -2 -3 -3  0  0 -4 -4 -2   16  10   2   4   0   4  22   5   1   2   6  13   1   1   0   5   4   0   0   2  0.30 0.27
  444 E   -1  1 -1  2 -5 -1  3 -2 -3 -5 -5  1 -3 -4  5 -1 -2 -6 -4 -4    4   6   3  13   0   3  20   3   0   0   1   9   0   1  27   4   2   0   0   1  0.72 0.46
  445 H   -3 -5 -4 -4 -3 -3 -5 -6  8  3 -1 -5  1  5 -6 -3 -4  1  2 -1    2   0   0   1   1   1   0   0  34  17   5   0   3  20   0   1   1   2   6   3  1.32 0.65
  446 Q   -2  5 -3 -4 -3  6 -2 -3  1 -5 -4  0 -4  0 -5 -2 -4  0 -2 -5    3  30   1   0   1  40   2   2   4   1   2   4   0   5   0   3   1   1   1   0  1.21 0.69
  447 A    1  1 -1  0 -5  1  5 -3  1 -3 -4  2 -2 -3 -4 -1 -1 -5 -3 -3   10   8   2   4   0   6  39   2   3   1   1  12   1   1   0   3   3   0   1   2  0.67 0.45
  448 R    1  6  0 -3 -3 -1 -1 -4 -2 -4 -4  4 -3 -5 -4 -2 -3 -2 -1 -4   13  40   4   1   1   1   3   1   1   1   1  24   1   0   0   2   1   1   2   1  0.99 0.57
  449 R   -3  7 -3 -2 -1 -3 -3 -5 -2 -4 -3  2 -1 -1 -5 -4 -4 -6 -1 -4    2  65   1   3   1   1   1   0   1   1   3  12   2   3   0   1   1   0   2   1  1.59 0.78
  450 K    3  1 -1  0 -4  0  3 -3 -2 -4 -3  3 -2 -4 -2  0 -2 -5 -3 -3   24   8   2   4   0   3  19   1   0   1   2  23   1   0   1   7   1   0   1   1  0.54 0.40
  451 E    0  0  0 -1 -5  1  4 -2 -1 -4 -2  3 -2 -3 -3 -1 -1  0 -3 -3   10   4   5   3   0   7  30   3   1   0   5  20   1   1   1   4   3   1   1   2  0.49 0.37
  452 V    2 -4 -2 -4 -2 -2 -4 -4 -2  3  2 -3 -1  1 -4 -3 -2 -1  0  3   18   0   2   0   0   1   1   1   1  16  16   2   1   6   0   1   1   1   4  27  0.48 0.33
  453 T    0  2 -1 -1 -4 -1  0 -3 -2  0 -1  2 -1 -3 -3  1  4 -4 -2 -2    7  10   2   3   0   1   6   1   1   5   6  11   2   1   0   8  34   0   1   2  0.42 0.36
  454 D   -2 -2  1  6 -6 -1  2 -3 -3 -5 -4  2 -1 -3 -1 -2 -3 -6 -5 -4    3   2   5  47   0   2  15   2   0   0   2  11   2   1   4   2   1   0   0   1  0.98 0.56
  455 E   -1  0 -1  3 -5  1  4 -3  1 -2 -4  3 -3 -5 -3 -2 -3 -2 -3 -4    4   4   2  20   0   6  33   1   4   3   2  17   0   0   0   1   1   1   1   1  0.74 0.47
  456 I   -1 -1 -3  1 -2 -1 -1 -4 -3  3  1 -2  3 -1 -3 -3 -1 -4 -1  2    3   4   1   9   0   3   5   0   0  18  15   2  11   2   1   1   4   0   2  19  0.32 0.26
  457 V   -2 -2 -3  0 -3 -2 -2 -4 -2  1  2 -3  0 -2 -4 -3 -3 -1 -2  5    2   2   1   6   0   1   3   1   1   7  20   1   1   1   0   2   1   1   1  47  0.72 0.46
  458 K   -1  3  0  4 -6  0  2 -4 -1 -4 -4  4 -1 -5 -3 -1 -2 -6 -3 -4    4  17   4  21   0   4  14   0   1   0   1  24   2   0   1   4   1   0   1   1  0.67 0.44
  459 E    2  0 -1 -1 -3  2  3 -3  1 -2 -2  2 -2 -1 -3  0 -2 -4  1 -2   16   5   1   3   0   8  25   1   3   1   3  11   1   3   1   7   1   0   5   3  0.33 0.30
  460 F   -5 -6 -5 -7 -1 -6 -4 -7 -5  3 -1 -6 -1  7 -7 -5 -5  2  3 -1    0   0   1   0   1   0   1   0   0  16   6   0   2  57   0   1   0   3   9   3  1.71 0.76
  461 M   -4 -2 -3 -6 -2 -1 -2 -6 -3  0  3 -2  8  0 -6 -2 -1 -5 -1 -3    1   3   1   0   1   2   3   0   1   4  26   2  45   3   0   3   4   0   2   1  1.24 0.67
  462 T    2  1  1  1 -3 -1  0 -1 -2 -2 -2  1 -2 -3 -1  1  2 -4 -2  0   19   9   6   8   0   1   7   3   1   2   3   9   0   0   2   9  14   0   1   6  0.19 0.20
  463 P   -1 -1 -2 -1 -1 -1  0 -3 -3  1 -2  1 -2 -4  5 -2  1 -2 -2  2    3   4   2   4   1   2   7   1   0   9   3   9   1   0  28   2   9   1   1  15  0.47 0.32
  464 R   -4  7  0  0 -6 -1 -2 -3 -1 -6 -5  1 -3 -6 -1 -3 -2 -2 -1 -2    0  64   4   5   0   2   2   2   1   0   0   8   0   0   3   0   2   1   3   3  1.32 0.67
  465 K   -1  1 -1 -3 -2  0 -1 -4 -2 -5 -3  5 -2 -5  5  0 -2 -6 -5 -3    3   7   3   1   1   3   2   0   1   0   3  40   1   0  28   6   1   0   0   2  0.91 0.51
  466 L   -4 -4 -5 -5 -4 -4 -3 -6 -5  4  5 -3  2  1 -3 -3 -3 -4 -3  0    0   1   0   0   0   0   2   0   0  26  56   1   5   5   1   2   0   0   0   2  0.98 0.48
  467 S    1 -2  1  2  0  0  2 -2  0 -2 -2  1 -2 -3  2  1  1 -4 -2 -1   10   0   6  10   2   2  14   2   3   2   3   8   0   0  12  13   8   0   1   4  0.22 0.16
  468 F   -3 -4  2 -4 -4 -2 -4 -4 -1  0  1 -3 -2  6 -2 -3 -3  6  4 -2    1   0  11   0   0   1   0   0   1   6  11   1   0  39   2   1   0  14  13   0  0.94 0.38
  469 D   -2  0  1  3 -4 -1  0 -3  0 -3 -3  4  3 -4 -1  1  0 -4 -3 -3    0   3   4  20   0   0   3   0   2   0   0  35  13   0   2  12   4   0   0   1  0.49 0.28
  470 F   -3 -2 -4 -5 -4 -3 -4 -4 -2 -1  1 -4  2  6 -5 -3 -1  1  5 -2    0   2   0   0   0   0   0   0   0   0  10   0   6  50   0   0   3   1  27   1  1.04 0.30
  471 Q   -2  0  3  1 -4  3  3 -2 -1 -4 -3  3 -2 -4 -2 -1 -1 -4 -3 -3    0   1  22   7   0  25  22   0   0   0   0  23   0   0   0   0   0   0   0   0  0.56 0.15

                      K         Lambda
Standard Ungapped    0.1359     0.3199
Standard Gapped      0.0276     0.2670
PSI Ungapped         0.0901     0.3175
PSI Gapped           0.0276     0.2670
