
Last position-specific scoring matrix computed, weighted observed percentages rounded down, information per position, and relative weight of gapless real matches to pseudocounts
           A  R  N  D  C  Q  E  G  H  I  L  K  M  F  P  S  T  W  Y  V   A   R   N   D   C   Q   E   G   H   I   L   K   M   F   P   S   T   W   Y   V
    1 M   -2 -2 -3 -4 -2 -2 -3 -4 -3  1  2 -2  7 -1 -3 -2 -1 -2 -2  1    0   0   0   0   0   0   0   0   0   7  10   0  75   0   0   0   0   0   0   9  0.82 0.22
    2 S    2 -2  0 -1 -2 -1 -1 -1  0 -3 -3 -1 -2 -3  0  5  1 -3 -2 -2   12   0   0   0   0   0   0   0   3   0   0   0   0   0   3  80   2   0   0   0  0.64 0.19
    3 D   -2 -2  2  6 -4 -1  1 -1 -1 -3 -4 -1 -3 -3 -2 -1 -1 -4 -1 -2    2   0   9  71   0   0   6   2   1   0   0   0   0   0   0   0   2   0   3   4  0.85 0.17
    4 A    3 -2 -2 -2 -1 -2 -2 -1 -2  0 -1 -2 -1 -2 -2  0  2 -3 -2  2   52   1   0   0   0   0   0   0   0   0   0   0   1   0   0   0  22   0   0  24  0.37 0.14
    5 A    4 -2 -2 -1 -1  0 -1 -1 -2 -2 -2  0 -2 -1 -1  1  0 -3 -2 -1   74   0   0   4   0   3   2   0   0   0   0   4   0   4   2   5   2   0   0   1  0.47 0.16
    6 V   -1 -3 -3 -3 -2 -2 -1 -2 -3  2  1 -3  2  0 -3 -2 -1 -3 -2  4    3   0   0   0   0   0   4   2   0   5   4   0  10   4   0   0   0   0   0  69  0.45 0.16
    7 D   -2  0  0  6 -4 -1  1  0 -2 -4 -4 -1 -4 -1 -2 -1 -2 -4 -3 -4    0   5   1  84   0   0   2   5   0   0   0   0   0   3   0   0   0   0   0   0  1.12 0.23
    8 T    1 -2  0 -2 -2 -1 -2 -2 -2 -1 -2 -1 -1 -1 -1  1  5 -3 -2 -1    9   0   3   0   0   0   0   0   0   1   0   0   0   3   1   6  75   0   0   2  0.64 0.20
    9 S    1 -1  0 -1 -2 -1 -1  0 -2 -3 -3 -1 -2 -3 -2  5  0 -4 -3 -2    9   3   2   0   0   0   0   5   0   0   0   0   0   0   0  80   0   0   0   0  0.68 0.22
   10 S    1 -2  0 -1 -2  0 -1 -1 -2 -3 -3 -1 -2 -2 -1  5  1 -1 -2 -2    3   0   0   0   0   4   0   0   0   0   0   1   0   2   2  83   2   1   0   2  0.67 0.22
   11 E   -1  0 -1  2 -4  2  5 -2 -1 -4 -3  2 -2 -4  0 -1 -1 -3 -3 -3    3   0   0  11   0   5  62   0   0   0   0  15   0   0   3   0   0   0   0   0  0.71 0.17
   12 I   -2 -3 -3 -3 -2 -3 -3 -4 -3  5  0 -2  0 -1 -3 -1  1 -3 -2  2    0   0   0   0   0   0   0   0   0  75   0   2   0   0   0   6  11   0   0   6  0.56 0.19
   13 T    0 -2 -1 -2  1 -1 -1 -2 -2  0 -2 -2 -1 -3 -2  1  5 -3 -2 -1    5   0   0   0   3   0   3   0   0   6   0   0   0   0   0   6  78   0   0   0  0.68 0.22
   14 T    0 -2  0 -1 -2 -1 -1 -2 -2 -2 -2 -1 -2 -3  0  1  5 -3 -2 -1    6   0   2   2   0   0   0   0   0   0   0   3   0   0   3   9  75   0   0   0  0.66 0.21
   15 K   -1  1 -1 -1 -4  1  1 -2 -1 -3 -3  5 -1 -4 -2 -1  0 -3 -2 -3    0   1   0   0   0   6   9   2   0   0   0  75   2   0   0   0   4   0   0   0  0.70 0.21
   16 D   -2 -2  1  6 -4 -1  1  0 -2 -4 -4  0 -3 -4 -2  0 -2 -4 -3 -4    2   0   5  77   0   0   1   4   0   0   0   7   0   0   0   4   0   0   0   0  1.00 0.22
   17 L   -1 -2 -3 -3 -2 -2 -3 -3 -3  1  4  0  1  1 -3 -2 -1 -2 -1  0    2   0   0   0   0   0   0   0   0   0  76   7   0   5   0   0   3   0   0   3  0.48 0.16
   18 K   -2  2  0 -1 -4  2  1 -2 -1 -3 -2  5 -2 -4 -2 -1 -1 -4 -3 -3    0   3   2   0   0   8   3   0   0   0   2  78   0   0   0   0   2   0   0   0  0.79 0.23
   19 E   -1 -1 -1  0  0  1  5 -1 -1 -3 -3  2 -2 -3 -2 -1 -1 -3 -3 -3    2   0   0   0   3   2  70   3   0   0   1  15   0   0   0   2   0   0   0   0  0.75 0.21
   20 K   -1  1  0 -1 -4  0  1 -2 -2 -3 -3  6  0 -4 -2 -1 -2 -4 -3 -3    2   1   4   0   0   0   4   0   0   0   0  83   2   0   0   3   0   0   0   0  0.87 0.26
   21 K   -1  2 -1 -1 -3  1  1 -2 -1 -2 -3  5 -2 -3 -2 -1 -1 -3 -2 -1    1   8   0   0   0   3   6   1   0   0   1  70   0   0   0   1   2   0   0   5  0.64 0.19
   22 E   -1 -1 -1  2 -4  1  5 -3 -1 -3 -3  1 -3 -4 -2 -1 -2 -4 -3 -1    1   0   0  10   0   2  73   0   0   0   0   7   0   0   0   0   0   0   0   5  0.84 0.23
   23 V    0 -3 -3 -2 -1 -2 -2 -2 -3  2  1 -2  2 -1 -2 -2  0 -3 -2  4    4   0   0   2   0   0   1   3   0   3   8   0   7   0   0   1   2   0   0  66  0.42 0.16
   24 V    0 -2 -3 -3  1 -2 -1 -1 -3  1  0 -2  1  1 -2 -1 -1 -2 -1  4    5   1   0   1   3   0   3   6   0   1   3   1   3   7   1   2   1   0   0  64  0.32 0.15
   25 E   -1 -1  0  1 -4  1  5 -1 -1 -3 -3  0 -2 -3  1 -1 -2  1 -2 -2    1   0   2   3   0   3  67   4   0   0   2   4   0   0   7   1   0   2   0   2  0.69 0.19
   26 E   -1  0 -1  1 -3  1  5 -2 -1 -2 -3  0 -2 -3 -2 -1 -1 -3 -2 -1    4   3   1   5   0   3  69   1   0   1   1   3   0   0   1   1   1   0   0   7  0.68 0.19
   27 A    3  1 -2 -2  2 -1 -1 -1 -2 -1 -1  0 -1 -2  0  0  1 -3 -2  0   54   9   0   0   6   0   1   1   0   0   3   6   0   0   3   2   8   0   0   6  0.28 0.12
   28 E   -1 -1 -1  1 -3  1  5 -2 -1 -3 -3  1 -1 -2 -2 -1 -1 -2  1 -2    3   0   0   6   0   3  64   2   0   0   1   7   2   0   0   1   0   0   8   2  0.60 0.17
   29 N   -2 -1  6  1 -3 -1 -1 -1  1 -2 -3  1 -2 -3 -2  0  1 -4 -2 -3    1   0  66   3   0   0   0   0   2   4   1   9   0   0   0   4   8   0   0   0  0.72 0.20
   30 G    0 -1 -1 -1 -3 -1  0  5 -2 -3 -3 -1 -3 -3 -2 -1 -2 -3 -3 -3    3   3   1   1   0   1   8  76   0   1   1   1   0   1   1   1   1   0   0   1  0.91 0.17
   31 R   -2  6 -1 -2 -3  1  0 -1 -1 -3 -2  2 -2 -3 -2 -1 -1 -3 -2 -3    1  68   1   1   0   2   4   5   0   1   1   9   0   1   1   4   1   0   0   1  0.73 0.17
   32 D   -1 -1  1  5 -3  0  3  1 -1 -3 -3 -1 -3 -3 -2 -1 -1 -3 -3 -3    3   2   2  54   0   1  20  10   0   1   1   1   0   1   1   1   1   0   0   1  0.64 0.14
   33 A    4 -2 -2 -2 -1 -1 -1 -1 -2 -1 -2  0 -1 -2 -1  1  1 -3 -2  0   71   1   1   1   0   1   1   1   0   1   1   4   0   1   1   3  10   0   0   4  0.46 0.15
   34 P   -1 -2 -2 -2 -3 -1 -1 -2  1 -3 -2  0 -2 -3  7 -1 -1 -3 -2 -2    4   1   1   1   0   1   1   1   6   1   5   7   0   1  66   4   1   0   0   1  1.29 0.19
   35 A    5 -2 -2 -2 -1 -1 -1 -1 -2 -2 -2 -1 -2 -3 -1  1  0 -3 -2  0   80   0   0   0   0   0   3   1   0   0   1   1   0   0   0   3   4   0   0   3  0.60 0.19
   36 N   -2 -1  5  2  0 -1 -1  0  3 -2 -3  0 -2 -3 -2  0 -1 -3 -1 -3    1   1  55  10   3   0   1   6  10   2   1   3   0   0   0   2   2   0   1   1  0.57 0.16
   37 G   -1  0 -1 -2 -3 -2 -2  6 -2 -3 -3 -1 -3 -3 -2 -1 -2  1 -3 -3    1   8   1   1   0   0   1  78   0   1   1   1   0   0   1   3   1   2   0   1  0.97 0.18
   38 N   -2 -1  6  1 -3 -1 -1 -1 -1 -3 -2  1  1 -3 -2  1 -1 -3 -2 -3    1   1  62   7   0   0   1   1   0   1   1   8   8   0   1   7   1   0   0   1  0.66 0.18
   39 A    4 -2 -2 -2 -1 -1 -1 -1  1 -1 -2 -1 -1 -2 -1  0  1 -3 -2  0   67   1   1   1   0   1   1   1   6   1   1   1   0   1   1   1   9   0   0   7  0.46 0.17
   40 Q    0  1  0  0 -1  1  1  0 -1 -1 -1  0  0 -1 -1  1  1 -2  0  0    5  13   5   4   1   4  11   5   1   2   3   5   5   1   2  12   9   0   4  10  0.08 0.04
   41 N    0 -1  4  1 -2 -1  1 -1 -1  0 -2  0 -2 -2 -2  1 -1 -3 -2  1    5   1  36   5   0   1  10   1   0   7   1   5   0   1   1  11   1   0   0  13  0.29 0.16
   42 E   -1  2 -1  0 -3  1  5 -3 -1 -3 -1  1 -2 -3  1 -1 -2 -3 -3 -3    5  11   0   0   0   5  54   1   0   0   8   5   0   0   8   1   0   0   0   0  0.60 0.26
   43 E   -1  2 -1  1 -3  1  4  0 -1 -3 -3  2 -2 -3  1 -1 -1 -3 -2 -2    1  11   1   6   0   3  39  10   0   1   1  14   0   0   7   1   1   0   0   4  0.40 0.16
   44 N    0  2  5  0 -3  0  1 -1 -1 -2 -3  1 -2 -3 -2  0 -1 -3  0 -2    8  12  42   1   0   0  13   4   0   3   1   6   0   0   1   3   1   0   3   1  0.40 0.17
   45 G    0  1 -1 -2 -3  0  0  5 -2 -3 -2 -1  2 -3 -2 -1 -2 -3 -3 -2    3  13   1   1   0   3   7  54   0   1   1   1  12   0   1   1   1   0   0   1  0.59 0.20
   46 E   -1  1  1  1 -3  1  4  1 -1 -3 -3  1 -2 -3  1 -1 -1 -3 -2 -3    1   7   8   3   0   2  53  11   0   1   1   5   0   0   5   1   1   0   0   1  0.52 0.18
   47 Q   -1 -1 -1  0 -3  5  2  0 -1 -2 -1  0  3 -3  0 -1 -1 -2 -2 -2    1   1   1   2   0  46  14   9   0   1   5   1  12   0   5   1   1   0   0   1  0.48 0.21
   48 E   -1  2 -1  1 -3  1  4 -1 -1 -3 -3  1 -2 -3  1  0  0 -3 -2 -2    1  12   1   4   0   3  45   4   0   1   1  10   0   0   6   3   8   0   0   1  0.44 0.16
   49 A    3 -1 -1 -1 -1  1 -1  1 -1 -1 -2 -1 -1 -2  1  1  0 -2 -2  0   41   1   2   1   0   9   1  10   0   1   1   1   0   1   7   8   6   0   1   8  0.23 0.10
   50 D   -1  0  1  4 -3  0  2  0  0 -3 -3 -1 -2 -3  2 -1 -1 -3 -2 -2    2   6   4  41   0   1  15   9   3   1   1   1   0   0  11   1   1   0   0   2  0.49 0.14
   51 N   -1 -1  5  0 -2 -1 -1 -1  1 -2  0 -1 -1 -2  0  1  1 -2 -1 -1    1   1  43   3   0   1   1   1   3   1  10   2   0   1   5   9   9   0   3   4  0.33 0.13
   52 E   -1  1 -1  1 -3  1  4 -1 -1 -2 -2  1 -2 -3 -1 -1 -1 -2 -2 -1    2  10   1   7   0   4  46   5   0   1   2  11   0   1   1   2   1   0   1   4  0.40 0.12
   53 V   -1 -2 -2 -1 -1 -1  0 -2 -2  1  1 -2  1 -1 -2 -1 -1 -2 -1  3    3   1   1   4   0   1   8   2   1   4  18   1   3   1   1   2   1   0   1  47  0.21 0.10
   54 D   -1  1  0  5 -3  0  1 -1  1 -2 -2 -1 -2 -3 -1 -1 -1 -3 -2 -1    5  10   1  51   0   1   9   4   5   1   2   1   0   1   1   1   1   0   1   5  0.49 0.14
   55 E    0 -1  1  2 -3  1  4 -2 -1 -3 -3  0 -2 -3  1 -1 -1 -3 -2 -2   10   1   9  10   0   3  48   1   0   1   1   5   0   0   6   1   1   0   0   3  0.45 0.16
   56 E   -1  0  0  1 -3  2  5 -1 -1 -3 -3  0 -2 -3  2 -1 -1 -3 -2 -2    1   2   4   5   0   8  58   4   0   0   1   3   0   0   9   1   1   0   0   2  0.62 0.20
   57 E   -1  0 -1  1 -3  0  5 -2 -1 -2  0  0  0 -3 -2 -1 -1 -3 -2  0    2   3   0   5   0   0  60   2   0   0  10   2   3   0   0   1   1   0   0   9  0.50 0.19
   58 E   -1  0 -1  1 -3  0  5  0 -1 -3 -3  0 -2 -3 -2  0 -1  4 -2 -1    1   3   1   6   0   0  56   9   0   1   1   2   0   0   1   4   1   8   0   4  0.56 0.19
   59 E    0  1 -1  1 -3  0  4  1 -1 -3 -3  1 -2 -3 -2 -1 -1 -3 -2 -1   11   7   0   5   0   0  51  10   0   1   1   6   0   0   1   1   1   0   0   4  0.44 0.16
   60 G    1  0 -1  0 -3  0  2  4 -2 -2 -3  0 -2 -3 -2 -1 -1 -3 -3 -1   11   8   0   3   0   0  24  40   0   0   1   3   0   0   0   1   0   0   0   7  0.40 0.14
   61 G   -1  0 -1  1 -3 -1  2  4 -2 -3 -3  0 -2 -3  0 -1 -2  2 -3 -1    0   5   0   8   0   0  22  40   0   0   0   7   0   0   5   2   0   3   0   6  0.41 0.15
   62 E   -1  2  0  1 -4  0  4  2 -1 -3 -3  0 -3 -3 -2  0 -1 -3 -3 -3    0  15   2   5   0   0  46  20   0   0   0   2   0   1   0   6   0   0   0   2  0.50 0.19
   63 E   -2  1  0  1 -4  0  5  0 -1 -1 -3  1 -2 -4  1 -1 -2 -4 -3 -2    0   7   5   4   0   0  57   6   0   6   0   5   0   0   8   1   0   0   0   0  0.55 0.21
   64 E   -1  0 -1  2 -3  1  4 -1  2 -2 -1  0 -2 -3 -2  0 -1 -3 -2 -1    0   4   0  10   0   2  50   3   9   0   5   3   0   0   0   6   0   0   0   6  0.46 0.18
   65 E   -1  0 -1  1  3  0  5  0 -1 -3 -3 -1 -3 -3  1 -1 -2 -3 -3 -2    3   4   0   7   9   0  58   7   0   0   1   0   0   0   6   2   0   0   0   2  0.59 0.22
   66 E    0  0 -1  0 -3  1  5  0 -1 -3 -3  0 -2 -4 -2  1 -1 -3 -3 -2    6   4   0   2   0   5  60   8   0   0   0   3   0   0   0   9   0   0   0   3  0.60 0.23
   67 E   -1  2 -1  1 -4  0  5  0 -1 -4 -3  0 -3 -4 -2  0 -1 -3 -3 -3    0  13   0   6   0   0  61   7   0   0   0   2   0   0   0   9   0   0   0   0  0.69 0.24
   68 E   -1 -1 -1  2 -4  1  4  1 -1 -3 -1  0 -2 -3  1 -1 -2 -3 -3 -3    2   0   0  14   0   2  47  14   0   0   7   5   0   0   8   0   0   0   0   0  0.49 0.18
   69 E   -1 -1 -1  3 -4  0  4  2 -1 -3 -3  0 -3 -3  1 -1 -2 -3 -2 -1    2   0   0  16   0   0  48  16   0   0   0   3   0   0   7   1   0   0   1   5  0.53 0.20
   70 G    0 -2 -1  1  0 -1  3  4 -2 -3 -3 -1  1 -3 -2  0 -2 -3 -3 -3    7   0   0   9   3   0  28  42   0   0   0   0   6   0   0   2   0   0   0   0  0.50 0.18
   71 D   -1  1  0  4 -3  0  3  0 -1 -2 -1  0 -2 -3 -2 -1 -1 -3 -3 -1    1  10   2  33   0   0  26   9   0   0   7   4   0   0   0   2   0   0   0   5  0.39 0.15
   72 G    0  0  0  1 -3 -1  2  4  0 -3 -3  1 -3 -3 -2  0 -2 -3 -3 -2    6   5   2  10   0   0  19  44   2   0   0   8   0   0   0   2   0   0   0   2  0.48 0.15
   73 E   -1  0 -1  2 -3  0  3  2 -1 -3 -3  2 -2 -3 -2 -1 -1  3 -2 -2    1   3   0  13   0   0  35  18   0   0   1  15   0   0   0   1   0   7   0   4  0.40 0.15
   74 E    0  0  0  1 -3  0  4  1 -1 -2 -1  0  0 -3 -2 -1 -1 -3 -2  0    6   6   3   5   0   0  45  11   0   0   7   4   3   0   0   1   0   0   0   8  0.31 0.15
   75 E   -2 -1 -1  2 -3  0  4 -1 -1 -2 -1  0  1 -3  1 -1 -2 -3 -3 -2    1   0   1  11   0   0  53   5   0   0   7   2   5   0   8   2   0   0   0   2  0.50 0.20
   76 D   -1 -2  0  5 -3  0  3  0 -1 -3 -3 -1 -3 -3  1 -1 -1 -3 -3 -2    5   1   2  43   0   1  26   5   0   1   1   1   0   0   7   1   3   0   0   2  0.60 0.19
   77 G    0 -1  0  2 -3 -1  2  4 -2 -3 -3 -1  0 -3 -2  0 -1 -3 -3 -3    8   2   2  15   0   0  15  45   0   1   1   1   5   0   1   3   1   0   0   1  0.48 0.16
   78 D   -1 -1  1  4 -3  0  2  0 -1 -2 -3  0 -2 -3  1 -1  0 -3 -3 -2    2   1   6  37   0   0  17   8   0   1   1   7   0   0   7   1   8   0   0   1  0.44 0.15
   79 E   -1  1 -1  2 -3  0  4 -2 -1 -1 -2  1  0 -3 -2  0 -1  2 -2 -2    5   8   0  10   0   0  46   1   0   5   1   7   4   0   0   7   0   4   0   0  0.43 0.18
   80 D   -1  1  0  5 -3  1  1 -1 -2 -3 -3  0 -3 -3  1 -1 -1 -4 -3 -2    3  12   1  49   0   5   9   2   0   0   1   4   0   0   8   1   3   0   0   2  0.58 0.19
   81 E   -1  2 -1  2  0  0  4 -1 -1 -3 -3  0  0 -3  2 -1 -1 -3 -3 -2    4  13   0  10   2   0  47   3   0   0   1   1   4   0   9   0   4   0   0   2  0.47 0.19
   82 E    0  1 -1  0 -3  2  4 -2 -1 -2 -1  1 -2  1 -2 -1 -1 -2 -2 -2   10   6   0   3   0  10  45   1   0   0   6   6   0   8   0   1   0   0   0   2  0.38 0.17
   83 A    3 -1 -1 -2 -1 -1  0  0 -2 -1 -1  0 -1 -2  1  1  1 -3 -2  0   44   0   0   0   0   0   4   5   0   2   3   6   0   0   5  12  12   0   0   5  0.27 0.14
   84 E   -1 -1 -1  1 -3  2  4 -1 -1 -2 -3  0 -2 -2  1  0 -1 -3 -2  0    2   0   0   5   0   8  50   4   0   0   1   5   0   2   7   6   0   0   0   8  0.45 0.18
   85 A    4 -2 -1 -2 -2 -1  0  1 -2 -2 -2 -1 -2 -3 -2  2  0 -3 -2 -2   52   0   0   0   0   0   4  11   0   0   1   0   0   0   0  25   3   0   0   0  0.49 0.21
   86 P    3 -2 -2 -1 -2 -1  0  0 -2 -2 -2 -1 -2 -3  4  0  0 -3 -2 -1   43   1   1   1   0   1   4   4   0   1   3   2   0   0  30   2   3   0   0   3  0.58 0.18
   87 T   -1 -1 -1 -2 -2 -1 -1 -2 -2 -1 -1 -1  2  1 -1  0  5 -2 -2  0    1   2   0   0   0   2   4   1   0   2   2   2   8   7   2   1  58   0   0   7  0.44 0.22
   88 G   -1 -3 -1  0  0 -2 -2  5 -3 -3 -1 -2 -1 -3 -3  0 -2 -3 -3 -3    2   0   0   4   2   0   0  74   0   0   8   0   2   0   0   5   0   0   0   0  0.94 0.26
   89 K    0  2 -1 -2 -3  0  0 -2 -2 -3 -3  5 -2 -4 -2 -1  0 -4 -3 -3    5   6   0   0   0   1   3   2   0   0   0  72   0   0   0   0   7   0   0   0  0.77 0.29
   90 R    0  5 -1 -1 -4  2 -1  0  1 -4 -3  0 -2 -3 -1 -1 -2  4 -2 -3    9  55   0   3   0  10   0   8   3   0   0   0   0   0   3   0   0   8   0   0  0.67 0.26
   91 V    4 -2 -2 -2 -1 -2 -2 -1 -3  0  0 -2 -1 -2 -1  0  0 -3 -2  1   63   0   0   2   0   0   0   2   0   4  10   0   0   0   2   2   2   0   0  12  0.43 0.22
   92 A    5 -2 -2 -2 -2 -1 -1 -1 -3 -2 -1 -1 -2 -2 -2  0 -1 -3 -3 -1   81   0   0   2   0   3   1   0   0   0   7   2   0   1   0   1   1   0   0   0  0.69 0.29
   93 E   -2 -1  0  1 -4  1  6 -3 -1 -4 -3  0 -1 -4 -2  1 -2 -4 -3 -3    0   0   3   2   0   1  77   0   0   0   0   4   2   0   0   9   0   0   0   0  0.98 0.32
   94 D   -2 -2  0  6 -4 -1  1 -1 -2 -3 -3  0 -1 -3 -2 -1 -2 -4 -3 -2    2   1   2  75   0   0   2   5   0   1   1   4   2   0   1   1   1   0   0   3  1.02 0.28
   95 D   -1 -1  0  6 -4 -1  1  0 -2 -4 -4 -1 -3 -3  2 -1 -2 -4 -1 -3    3   2   1  65   0   0   5   5   0   0   0   2   0   0  10   0   1   0   3   0  0.86 0.26
   96 E   -2 -1 -1  2 -4  2  5 -2 -1 -4 -4  0 -3 -4 -2 -1 -2 -4 -3 -3    0   0   0  12   0   7  70   3   0   0   0   4   0   0   0   0   0   0   0   0  0.93 0.29
   97 D   -2 -2  1  6 -4 -1  2 -2  1 -3 -3 -1 -3 -3 -2 -1 -2 -4 -3 -2    1   0   3  70   0   0   8   1   5   0   3   1   0   0   0   1   0   0   0   3  0.93 0.24
   98 D   -2 -2  2  6 -4 -1  1  0 -2 -3 -4 -2 -3 -4 -2 -1 -2 -4 -2 -3    0   0   9  75   0   0   3   5   0   0   1   0   0   0   0   1   0   0   2   2  1.06 0.27
   99 D   -1 -2  0  6  0 -1  0 -1 -2 -3 -4 -2 -3 -2 -2 -1 -2 -4 -1 -2    3   0   1  81   2   0   0   2   0   0   1   0   0   1   0   0   0   0   2   3  1.10 0.29
  100 V    0 -3 -3 -2  0 -2 -3 -1 -3  2  0 -2  0 -2 -2 -1 -1 -3 -2  5    7   0   0   2   1   0   1   4   0   7   1   1   0   0   0   2   1   0   0  72  0.50 0.20
  101 D   -1 -2  0  6 -4 -1  2 -2  0 -4 -4 -1 -3 -4 -1 -1 -2 -4 -2 -3    3   0   1  77   0   0   8   0   3   0   1   0   0   0   2   0   0   0   2   1  1.08 0.27
  102 T    0 -1 -1 -2 -2 -2 -2 -3 -3 -1 -2 -2 -2 -3  2  0  5 -4 -3 -1    7   3   0   0   0   0   0   0   0   2   0   0   0   0  12   0  76   0   0   0  0.84 0.30
  103 K   -2  2  0 -2 -4  0  0 -3 -2 -4 -4  6 -3 -4 -2 -1 -2 -4 -3 -3    0   5   3   0   0   0   3   0   0   0   0  88   0   0   0   0   0   0   0   0  1.07 0.31
  104 K   -2  1 -1 -2 -4  1  0 -3 -2 -4 -3  6  0 -4 -2 -1 -2 -4 -3 -3    0   0   0   0   0   5   2   0   0   0   0  89   3   0   0   2   0   0   0   0  1.05 0.32
  105 Q   -2  1 -1 -2 -4  7  0 -3 -1 -4 -3  1 -2 -4 -3 -1 -2 -3 -3 -3    0   4   0   0   0  91   0   0   0   0   2   4   0   0   0   0   0   0   0   0  1.39 0.39
  106 K   -2  2 -1 -2 -4  0  0 -3 -2 -4 -4  6 -3 -4 -2 -1 -2 -4 -3 -3    0   5   0   0   0   0   1   0   0   0   0  94   0   0   0   0   0   0   0   0  1.19 0.34
  107 T   -1 -2 -1 -2 -2 -2 -2 -3 -3 -1 -2 -2  0 -3 -2  0  6 -4 -3  0    3   0   0   0   0   0   0   0   0   1   0   0   3   0   0   0  90   0   0   3  1.04 0.33
  108 E   -2 -2  2  6 -4 -1  1 -2  2 -1 -4 -2 -3 -4 -3 -1 -2 -5 -3 -3    1   0  11  73   0   0   2   1   6   5   0   0   0   0   0   0   0   0   0   0  1.02 0.25
  109 E   -2 -1 -1  2 -4  1  6 -1 -1 -4 -4  1 -3 -4 -2 -1 -2 -4 -3 -3    0   0   0   7   0   2  80   3   0   0   0   8   0   0   0   0   0   0   0   0  1.02 0.27
  110 D   -3 -3  1  7 -5 -1  1 -2 -2 -4 -5 -2 -4 -5 -3 -1 -2 -5 -4 -4    0   0   3  90   0   0   5   2   0   0   0   0   0   0   0   0   0   0   0   0  1.46 0.31
  111 D   -3 -3  0  7 -5 -1  1 -2 -2 -4 -5 -2 -4 -5 -3 -1 -2 -5 -4 -4    0   0   0  95   0   0   5   0   0   0   0   0   0   0   0   0   0   0   0   0  1.51 0.29

                      K         Lambda
Standard Ungapped    0.1158     0.2845
Standard Gapped      0.0415     0.2670
PSI Ungapped         0.1356     0.3173
PSI Gapped           0.0415     0.2670
