
Last position-specific scoring matrix computed, weighted observed percentages rounded down, information per position, and relative weight of gapless real matches to pseudocounts
            A   R   N   D   C   Q   E   G   H   I   L   K   M   F   P   S   T   W   Y   V   A   R   N   D   C   Q   E   G   H   I   L   K   M   F   P   S   T   W   Y   V
    1 M    -4  -5  -6  -7  -5  -4  -6  -6  -5  -2  -1  -5  11  -3  -6  -5  -4  -5  -4  -3    0   0   0   0   0   0   0   0   0   0   0   0 100   0   0   0   0   0   0   0  3.15 0.94
    2 A     4  -3   0  -3  -3  -3  -3  -2  -1  -2  -3  -3   1  -4   1   3   0  -5  -4   0   49   0   4   0   0   0   0   0   2   2   0   0   4   0   8  23   4   0   0   5  0.66 0.39
    3 T     3  -2  -1   0  -3  -2  -2   0  -3  -1  -3  -3  -3  -4  -3   4   2  -5  -4  -2   24   1   2   4   0   1   1   6   0   4   1   0   0   0   0  40  14   0   0   1  0.58 0.39
    4 N     0  -2   3   2  -4  -1  -1  -1   1  -4  -1  -1  -1  -4   3   3   0  -5  -3  -3    5   0  19  11   0   1   3   3   4   0   6   4   2   0  13  24   5   0   0   0  0.41 0.29
    5 D     1   0   2   4  -4  -2   1  -2  -2  -3  -3   0  -3  -4  -1   2   1  -5  -4  -3   10   5  12  22   0   0  11   2   0   1   2   5   0   0   2  19   8   0   0   1  0.40 0.28
    6 A     3   0   0  -1  -1   0   2  -2  -2  -2  -2   0  -1  -3   2   0   0  -3  -2   0   26   4   4   3   1   3  17   1   0   1   2   6   1   0   8   7   7   0   1   6  0.23 0.19
    7 V     0   0  -3   1  -1  -2  -1  -4  -1   2   0  -2   0   0  -3  -1   0  -4  -2   4    7   5   0   8   1   1   3   0   1  11   9   2   2   4   0   4   6   0   0  34  0.26 0.23
    8 L    -3  -4  -5  -5  -4  -4  -4  -4  -4   2   4  -2   5   3  -5  -3  -2  -3  -1   2    0   0   0   0   0   0   0   1   0  12  39   3  14  11   0   2   2   0   2  12  0.70 0.39
    9 K     1  -1   2   1  -4   2   2  -2   2  -4  -3   2   0  -2   2   1  -2  -4  -3  -3   11   1   9   6   0   8  15   1   4   0   2  16   3   1   8  12   0   0   0   2  0.32 0.27
   10 R    -1   5  -2  -2  -5   1   0  -2   1  -3  -3   3  -4  -5   0   0   0  -5  -4  -3    4  36   1   2   0   5   4   2   4   2   2  19   0   0   4   8   5   0   0   1  0.64 0.41
   11 L    -2  -5  -6  -6  -4  -5  -2  -6  -2   3   5  -3   1   1  -6  -3  -4   0  -2   0    3   0   0   0   0   0   3   0   1  19  57   2   2   5   0   2   0   1   1   5  0.93 0.51
   12 E    -2   0  -1   1  -6   2   5  -5   1  -2  -2   1  -3  -3  -2  -1  -2  -5  -2  -2    3   3   3   8   0   8  45   0   3   3   4   9   1   1   1   3   2   0   2   2  0.70 0.48
   13 Q    -1   0   1   0  -2   4   2  -3  -3  -4  -1   1  -3  -4   3   0   1  -5  -3  -3    3   4   6   5   1  19  11   1   0   0   6  10   0   1  18   6   9   0   1   1  0.46 0.37
   14 K    -2   4   4  -2  -6   0   0   2  -3  -5  -2   3  -4  -5  -4  -2  -3  -6  -5  -5    3  23  18   1   0   4   6  16   0   0   4  22   0   0   0   1   1   0   0   0  0.73 0.48
   15 G     4  -4   3  -1  -4   0  -2   1  -1  -2  -2  -2  -4  -5  -2   0  -2  -5  -3  -1   42   0  13   3   0   5   1  11   2   2   4   2   0   0   2   7   2   0   1   4  0.54 0.42
   16 A     2   0   0  -1  -1   2   1  -2  -3   1  -2   1  -2  -2  -3  -1   0  -4  -3   1   21   6   4   4   2  10   9   2   0  10   2  10   0   1   0   3   6   0   0  10  0.20 0.23
   17 E     0  -1  -3   0  -5   2   4  -3  -2  -1   0   1  -3  -4  -4  -1   0  -5  -4  -1    9   3   0   5   0  11  33   1   1   3  12   8   0   1   0   3   6   0   0   5  0.46 0.39
   18 A     4  -3   2   0   0  -4  -3  -2  -4   2  -2  -3   2  -3  -4   0  -2  -5  -4   0   41   1  10   5   2   0   1   3   0  12   3   1   5   1   0   6   2   0   0   7  0.53 0.43
   19 D    -2  -3   3   4  -6   2   4  -5  -4  -2  -2   1  -2  -4  -4  -2  -2  -6  -3  -4    2   0  15  24   0   7  28   0   0   2   5   9   1   1   0   2   2   0   1   1  0.76 0.52
   20 Q    -1   0   0   0  -5   4   2   2  -1  -3  -5   2  -1  -5  -4   0  -1  -5  -4  -4    6   5   3   5   0  23  14  15   2   2   0  14   1   0   0   6   3   0   0   1  0.52 0.41
   21 I    -1  -1  -3  -3  -3  -3  -1  -2  -2   3   2   1   1  -2  -4  -1   1  -1  -2   1    5   4   0   1   0   0   5   2   1  20  22  10   3   1   0   4   8   1   1  11  0.27 0.25
   22 I    -4  -4  -7  -7  -5  -6  -7  -7  -7   6   3  -4   1   0  -6  -6  -3  -6  -5   0    1   1   0   0   0   0   0   0   0  52  31   1   3   3   0   0   1   0   0   5  1.45 0.73
   23 E     1  -1   0   2  -3   2   3  -3  -1  -4  -3   2  -3  -5  -2   2   0  -5  -3  -2   12   3   3   9   1   8  24   0   1   1   2  11   1   0   1  16   5   0   1   2  0.42 0.37
   24 Y    -1   0   0   0  -4   2   1  -3   1  -1   0   0  -2   3  -4   0  -1   2   3  -1    4   4   5   5   0   9  11   1   3   3   8   7   0  13   0   6   3   3  10   4  0.20 0.22
   25 L    -3  -4  -5  -6   0  -5  -4  -7  -6   3   5  -6   0   0  -6  -5   0  -5  -4   1    1   1   1   0   2   0   1   0   0  15  59   0   2   3   0   0   5   0   0   9  1.12 0.62
   26 K    -4   2  -1  -1  -6   1   1  -5  -4  -3  -2   6  -4  -2  -3   0  -2  -5  -1  -2    0  11   2   4   0   4   9   0   0   2   5  45   0   2   1   7   2   0   2   4  0.79 0.54
   27 Q    -1   1   0  -1  -5   4   0  -2   4  -3  -2   2  -2  -3  -4   2   0  -5  -1  -1    5   6   4   3   0  19   6   3   9   1   4  13   1   1   0  15   4   0   2   4  0.37 0.35
   28 Q    -2   0   0  -1  -3   5   3  -2   2  -2  -2   2  -4  -5  -3  -2  -2  -5   0   1    2   3   4   4   1  25  17   3   5   2   3  11   0   0   1   3   2   0   4  11  0.49 0.42
   29 V    -2  -5  -4  -2  -1  -3  -3  -6  -2   4   4  -5   1  -2  -5  -3  -4  -5  -1   3    2   0   1   3   1   1   2   0   1  24  33   0   3   1   0   1   0   0   2  22  0.78 0.47
   30 A     2  -1   0   1  -1   1   1   0  -1  -2  -1   0  -1   2  -2   1  -2  -1  -1  -2   17   2   5   9   1   7   8   8   1   2   6   5   1  10   1  11   1   1   2   2  0.14 0.19
   31 L     0  -1   0   0   0   1   2  -2   0  -1   1   0   0  -1   2   0   0  -3  -2   0    8   2   3   5   2   5  14   2   3   2  16   5   2   3  10   6   5   0   1   9  0.10 0.13
   32 L    -1  -3  -3  -4  -2  -3  -5  -5  -5   2   5   0   0  -1  -1  -4  -1  -5  -1   0    6   2   2   1   1   1   0   0   0  12  51   5   1   2   4   1   3   0   2   5  0.69 0.46
   33 K    -1   2   0  -1   1   1   2   0   0  -1  -2   4  -1   1  -4  -1  -1  -4  -3  -2    4   9   4   2   3   7  12   6   2   4   3  28   1   6   0   4   3   0   0   2  0.34 0.31
   34 E    -2   1   0   1  -3   2   4  -3  -1  -2  -3   2  -2  -4  -2   2   0  -5  -3  -3    3   6   4   6   0   8  26   1   1   3   2  12   1   1   1  18   4   0   1   1  0.45 0.39
   35 K     0   1   0   0  -4   1   1  -3   0  -2  -1   3   0  -3  -1   0   0  -1  -1  -1    9   7   4   5   0   7  11   1   2   2   7  22   2   1   3   5   4   1   2   5  0.20 0.21
   36 A     4   0   0  -3   1   0  -1  -1  -2  -2  -2   0  -3   2  -3  -1   0  -4   0   0   35   6   4   1   4   4   4   3   1   2   4   4   0   9   0   4   5   0   3   7  0.31 0.30
   37 I    -1  -1  -1  -1   1   0   0  -1   0   3   0   0   1   0  -1  -1   0  -3  -1   1    3   4   3   4   3   4   6   4   2  19  10   5   5   4   3   4   6   0   2  10  0.08 0.11
   38 L     0  -2   0  -1  -1   1   1  -2  -1   1   1   0   0   1   1  -1  -1  -1  -1   1    8   1   4   3   1   7   8   1   1   7  18   7   1   6   6   5   3   1   2  10  0.07 0.11
   39 Q     0   0   1   0   0   2   1  -1  -2  -1  -1   2  -1  -1   0   1  -1  -1  -2  -1    7   3   6   5   2  12   9   4   0   5   5  12   1   3   4  14   2   1   1   3  0.14 0.19
   40 A     2  -1  -1   1  -2  -2  -1  -2   1  -1   0   0  -2   2  -1   0  -1   2   0   0   24   4   3   7   1   1   4   2   4   3  11   5   0   9   2   6   2   3   4   6  0.14 0.19
   41 T     0  -1   0   0   0   0   0   0  -3   1   0   0   0  -1  -3   2   1  -1  -2   1    6   3   3   4   2   3   6   6   0   7   7   6   2   2   0  16  10   1   1  13  0.09 0.14
   42 M    -1   0   0   0  -3   2   0  -1  -1  -1   0   1   1   0   0   0  -1  -1  -1   0    5   4   6   5   0  10   6   3   1   3  11  10   5   5   4   7   3   1   2   8  0.05 0.09
   43 R     0   3  -1   0  -1   0   1  -2   1  -2  -1   2  -1  -3  -1   0  -1  -1  -1   0    8  18   3   6   1   4   9   2   4   2   6  15   1   1   2   7   3   1   2   6  0.19 0.20
   44 E     0   0  -2   0  -4   1   4   0   0   0  -2   1  -2  -2  -2  -2   0  -4  -2   1    7   5   1   4   0   5  28   7   2   7   4   9   1   1   1   2   6   0   1   9  0.26 0.27
   45 E     0  -1   2   0  -1   0   3  -1  -2   2   0   0  -1  -2  -1   0  -2  -1  -3  -1    6   3  11   4   2   3  23   4   0  13   9   5   2   1   2   6   2   1   1   3  0.20 0.24
   46 K     0   1   1   0  -4   2   1  -1  -3  -3  -2   4  -1  -2  -1   1   0  -1  -2  -3    7   7   7   6   0   8   7   5   0   1   3  27   2   2   3   8   4   1   1   1  0.32 0.30
   47 K    -1   2   1   1   0   1   1  -3  -3  -4  -3   4  -2  -2   0  -2  -1  -2   2  -2    4  13   6   7   2   7   8   2   0   1   2  23   1   1   5   2   3   1   9   3  0.37 0.34
   48 L    -3  -5  -3  -6  -5  -2  -4  -3  -1   2   5  -5  -1   3  -6  -2  -1   1   0  -1    2   0   1   0   0   2   1   2   2   9  54   0   1  11   0   3   4   2   2   4  0.88 0.56
   49 R    -1   2  -1  -1  -2   2   2  -2  -3   0  -1   2   1   0  -2  -2   1  -4   1  -1    6  13   2   3   1  11  12   3   0   5   7  11   4   4   1   1   9   0   5   3  0.19 0.23
   50 V     0   1   0   2  -4   2   2  -3   0  -1  -2   1  -1   0  -2   0   0  -4  -1   1    9   6   4  10   0   9  13   1   2   3   3  10   1   4   1   5   5   0   2  14  0.18 0.22
   51 E    -1  -2  -2   1  -7   0   6  -2   1  -6  -1   0  -5  -5  -3  -1  -1  -7  -4  -3    4   2   1   6   0   4  51   3   4   0   6   6   0   0   1   5   3   0   1   2  0.95 0.67
   52 N    -1  -2   7  -3  -3  -2   1  -2   1  -1  -4  -1  -2  -6  -4  -2  -2  -6   2  -1    5   2  50   1   1   2   8   3   3   4   2   4   1   0   1   2   2   0   6   4  1.07 0.70
   53 A     2   0  -1   0  -2   0   3  -1  -2  -1  -1   0  -4  -2   3  -1  -1  -5  -2  -1   19   4   2   6   1   5  18   5   1   3   5   5   0   2  14   3   3   0   2   4  0.26 0.28
   54 K    -1   1  -1   0  -5   2   1  -2   0  -1  -1   2  -4  -4  -5   1  -2   6  -1  -1    5   8   2   6   0  11   9   3   2   3   6  12   0   0   0  10   2  12   2   5  0.39 0.35
   55 L    -3  -3  -2  -5  -3  -3  -4  -5  -2   0   5   1  -1  -1  -2  -4  -2  -2  -2   0    2   2   2   1   1   1   1   1   1   4  60   8   1   2   2   1   2   1   2   6  0.91 0.59
   56 K    -2   2  -4  -3  -1   0   2  -2  -2  -1   0   4   1  -2  -3   0  -1   2   0  -1    2  13   0   1   1   4  13   2   1   4   9  24   3   1   1   6   4   2   4   4  0.34 0.34
   57 K     1   1   1  -1  -5   2   1  -2   2  -1  -1   4  -1  -2  -3  -1   0  -5  -4  -3   12   6   6   2   0   8   9   3   4   3   5  26   1   2   1   3   6   0   0   1  0.35 0.34
   58 E     0   0   0   3  -4   2   5  -3   0  -5  -4   1  -1  -6  -2  -1  -2   0  -5  -3    7   6   4  18   0   8  32   1   2   1   2   6   2   0   2   4   2   1   0   2  0.65 0.51
   59 I    -1  -3  -1  -1   0  -1  -2  -3  -3   4  -1  -2  -3   2  -3  -1  -1  -2   0   3    6   1   3   3   2   3   3   2   1  28   5   2   0  10   1   4   3   0   3  20  0.44 0.36
   60 E     1  -4   0   2  -2   2   5  -2  -2  -2  -3   0  -2  -2  -3   0  -2  -6  -5  -2   13   0   4  11   1  10  34   3   1   3   3   4   1   2   1   6   2   0   0   3  0.59 0.49
   61 E     1   1  -1   2  -2   1   2  -1   0  -1  -2   2  -2  -3   1   1  -1  -5  -2  -2   11   7   3  10   1   5  15   4   3   3   3  11   1   1   6   9   3   0   2   2  0.19 0.22
   62 L     0  -5  -5  -3   0  -3  -1  -6  -1   1   4  -4   0  -1  -3  -4  -3   5   0   1    8   0   0   2   2   1   4   0   1   7  45   1   2   3   2   1   2   8   3   8  0.74 0.48
   63 K    -3   2  -2  -2  -6   1   0  -3  -5  -3  -1   6  -3  -4  -4  -1   0  -6  -3   0    2   9   2   2   0   5   6   2   0   2   6  46   1   1   1   4   5   0   1   7  0.84 0.58
   64 Q     0   1   0   0  -5   3   2  -1   0  -1  -2   3  -2  -1  -2   0   0  -5  -3  -1    9   7   5   5   0  13  12   4   2   4   3  18   1   3   2   6   4   0   0   4  0.24 0.26
   65 E    -1   1  -1   0  -3   3   3  -3   1  -2  -1   2  -3  -3  -1  -1  -1  -5  -3  -2    6   8   3   5   1  12  22   1   3   2   7  14   0   1   3   4   4   0   0   3  0.35 0.33
   66 L    -3  -3  -6  -6  -1  -1  -3  -4  -6   1   5  -2   1   0  -1  -4  -2  -5  -1   2    2   1   0   0   1   2   2   1   0   7  52   3   3   3   4   1   2   0   2  12  0.83 0.54
   67 I    -1   0  -1  -2  -1   0  -1  -2   2   3   0  -2   0   0  -2  -2   0  -1   0   2    5   5   2   2   2   5   4   3   6  22   8   2   2   3   2   2   5   1   3  17  0.21 0.21
   68 L    -1  -1   1   1  -3   1   2  -2   0  -1   0   1  -1  -1   2   0   0  -4  -1  -1    5   3   6   8   0   8  12   2   2   3   9  11   1   3  10   5   6   0   2   5  0.14 0.17
   69 A     2   0  -2  -2  -2   0  -1   0  -2  -1   2   1   0  -2  -2   0   0   1  -1   0   18   6   2   2   0   4   5   6   1   3  21   9   2   1   1   6   5   2   2   5  0.13 0.18
   70 E    -2   0  -1   2  -3   2   5  -4  -4  -4  -2   0  -5  -2  -2  -1  -1  -2  -3  -3    4   4   2  12   1   8  42   1   0   1   4   5   0   2   2   4   5   1   1   2  0.76 0.56
   71 I    -1   0   0  -3   2  -1  -2  -4  -2   2   2   0   0  -1  -1  -1   1  -4  -2   2    5   5   4   1   4   2   2   1   1  14  19   7   2   2   3   3   9   0   1  15  0.21 0.21
   72 H     1   2   0  -1  -3   2   0  -2   0  -1   0   2  -3   0  -1   0  -2   0  -2  -1   11  14   3   3   1   8   6   3   3   4  10  15   0   4   3   7   1   1   1   4  0.16 0.19
   73 N     0   1   5  -1  -3   0   0  -1   1  -1  -3   1  -4  -2   0   1  -1  -5  -3  -3    8   7  28   3   1   4   6   5   3   3   3   7   0   2   5   8   4   0   1   2  0.41 0.35
   74 G     1  -1   0  -1  -1  -1  -2   4   0  -3  -1   0  -1  -1   0   0   0   0  -4  -2   12   3   4   3   1   2   2  33   2   1   6   5   1   3   6   6   5   2   0   2  0.37 0.30
   75 V     0  -2  -4  -3  -1  -2  -3  -2  -3   3   1   1   0  -2  -2  -2  -2  -2  -1   4    8   2   1   1   2   2   2   3   1  15  11   9   2   2   2   3   2   1   2  30  0.41 0.32
   76 E    -1   1  -1  -1  -2  -1   2  -3   0  -2  -2   5  -2  -5   1  -2   0  -5   0  -2    4   8   3   3   1   2  14   2   2   2   4  30   1   0   7   2   7   0   4   3  0.48 0.39
   77 Q     0   0  -2  -1  -2   6  -1  -4  -1  -2  -1   1  -1  -3  -1   0  -1  -1  -2   0    9   5   2   3   1  32   3   1   1   3   6   8   1   1   4   7   4   1   1   8  0.53 0.45
   78 V     0  -4  -4  -4  -2  -1  -2  -5  -2   4   1  -1  -2   0  -3  -2  -3  -1   3   4    8   1   1   1   1   4   2   1   1  19  12   4   1   4   2   4   1   1  10  25  0.49 0.35
   79 R     1   0  -1  -3  -2   1   1  -2   0  -1  -1  -1  -1  -1   4   1  -2  -2   1  -2   13   6   2   1   1   6   9   3   3   3   7   4   1   3  19   9   2   1   5   2  0.26 0.27
   80 V    -1  -1   2  -1  -1  -2  -1  -2   1   2   1  -1   0   0  -1  -1  -1  -4  -2   2    4   3  10   4   1   1   3   2   3  12  15   5   2   4   3   5   2   0   1  19  0.17 0.18
   81 R     0   0  -1  -1  -1   0  -1  -2  -1  -2  -1   1  -4   1   5   0  -1  -5  -3  -2    7   5   3   3   2   4   4   3   1   2   8  10   0   7  27   8   4   0   1   2  0.40 0.34
   82 L     0   0   0  -2   0   0  -1  -1  -1   0   1   0   1   0   1   1   0  -1  -1   0    8   4   4   1   2   4   3   4   2   5  16   8   3   3   7  10   7   1   1   6  0.05 0.08
   83 S     0   0   0   0  -1  -1   0   0   1  -1  -1   1  -1   0   2   1   0  -4  -2  -1    8   5   5   5   1   2   6   6   3   4   5  10   1   4  11  12   5   0   1   3  0.10 0.12
   84 T     0   0   0   0  -1   0   0  -1  -1  -1  -1   1   0   0   1   1   2  -1  -1  -1    9   5   4   5   1   4   5   4   1   4   6  10   2   4   8   8  13   1   2   5  0.08 0.11
   85 P     0  -1  -1   0  -2   0   0  -2  -1   0  -1   0   0   1   4   0   0  -1  -3  -1    8   3   3   5   1   4   7   3   2   5   6   7   2   6  21   6   5   1   0   5  0.22 0.21
   86 L     0   0   0   0  -3   0   0  -2   0   1   0   1   1   0   1   0   0   0   0   0    8   3   4   4   0   5   6   2   2   8  10   9   4   3   6   8   5   2   4   7  0.03 0.06
   87 Q     0   1  -1   0  -1   0   2  -1  -1  -2  -2   2  -3  -2   2   0   1  -4  -1  -1    7   8   3   4   1   4  12   4   2   2   3  14   0   2  12   8   9   0   2   4  0.20 0.21
   88 T     0  -1   0  -1  -1   0   1  -1   0  -1   0   1  -1  -2   0   1   1  -4  -2   0    9   2   5   3   2   5   9   4   3   4   8   8   1   2   4  13  10   0   1   7  0.08 0.12
   89 N     0   0   2   0   0   0   0   0   0  -1  -2   1   0   1   0   1   1  -4  -2   0    9   4  10   4   2   4   5   5   2   4   4   7   2   6   4  11  10   0   0   6  0.08 0.12
   90 C     1  -2   0  -1   1   0   1   0   1  -1  -2   0  -1   0   2   1   1   0  -1   0   12   1   3   3   3   4   8   6   3   2   4   7   2   4   9   9   8   1   1   9  0.08 0.12
   91 T     1  -1   0   0   0   0   0  -1  -1  -1  -1   0  -1  -2   1   1   2   0   0  -1   14   2   4   5   2   5   7   3   2   3   6   5   2   2   8  10  14   1   3   4  0.10 0.15
   92 A     1   0   0   0   0   0   1   0   0  -1  -1   1   0   0   1   1   0  -3  -1  -1   10   4   3   4   2   4   8   5   2   4   6   8   2   5   6  13   6   0   2   4  0.05 0.09
   93 S     1  -1   0   0   0   0   0  -1   0   0  -1   0   0   0   1   1   1   1  -2   0   12   3   4   5   2   4   7   4   3   5   4   6   2   4   6  14   7   2   0   6  0.07 0.11
   94 E     0   0   0   1   0   1   1  -1   1  -1  -1   0   0   0   2   0   0   2  -2  -1    8   4   4   7   3   6  11   4   3   3   6   7   3   4   9   5   4   3   0   5  0.08 0.10
   95 S     0   0   0   0   2   0   0  -1   1   0  -1   0   1   0   0   0   0  -2   1   0    5   5   5   5   5   5   5   5   5   5   5   5   5   5   5   5   5   0   5   5  0.03 0.05
   96 V     1  -1  -1  -1  -3   0   0  -1  -1   0   0   1  -1   0   1   0   0  -1  -1   1   13   2   3   3   0   4   5   5   1   4   9  11   1   5   6   8   5   1   2  12  0.06 0.10
   97 V     0  -1  -1  -1   0  -1   0  -1  -1   0   1   0   0   0   1   0   0   0  -1   0    8   2   3   4   2   2   7   4   1   6  14   7   2   6   9   7   5   2   1   8  0.04 0.06
   98 Q     0   0   1   0  -2   2   1   0   1  -3  -1   2  -1  -2   1   1   0  -4  -1  -2   10   4   6   6   1   8   9   7   4   1   6  12   2   2   6   9   5   0   2   2  0.13 0.15
   99 S     1  -1   0   1  -2   1   0  -1  -2  -1  -2   1  -1  -2   1   2   1  -1  -2  -2   11   3   4   8   1   5   6   3   1   3   4  11   1   2   8  16   8   1   1   3  0.16 0.19
  100 P     0  -1   0  -1  -1   0   0  -1  -4  -1  -1   1  -1  -2   5   0   0  -5  -2  -1    9   2   4   3   1   4   5   4   0   4   7   8   2   2  27   7   5   0   1   4  0.38 0.32
  101 S     1  -1   1   0  -1   0   1  -1  -1   0  -2   1  -3  -2   1   2   0   0  -2  -1   13   3   7   4   1   5   7   5   1   5   4   7   0   1   7  15   7   1   1   4  0.11 0.15
  102 V     0   0   0  -1  -1   1   0  -1  -1   0  -1   1  -2  -1   1   0   0   0  -1   0    9   5   4   3   1   6   7   3   1   4   7   9   0   3   8   8   6   2   2  10  0.06 0.09
  103 A     1   0   1   0   0   0   0  -1   0  -1  -1   2  -1  -1   0   0   1  -4  -1   0   12   3   6   5   2   4   6   4   2   3   5  12   1   3   5   8  10   0   2   7  0.08 0.12
  104 T     0   0   0   0   0   0   0  -1   0   0  -1   1   0  -1   1   0   1   1  -3   0    9   4   6   4   2   5   5   3   2   6   6  11   2   2   7   8   9   2   0   7  0.07 0.10
  105 T     0   0   1   0   1   0   1   0   1  -1  -1   1   0   1   0   0   0   2   0  -1    7   5   6   5   3   4   8   6   4   5   4   8   3   7   5   5   6   3   3   5  0.04 0.05
  106 A     0   0   0   0   2   0   0  -1   1   0  -1   0   1   0   0   0   0  -2   1   0    5   5   5   5   5   5   5   5   5   5   5   5   5   5   5   5   5   0   5   5  0.03 0.05
  107 S     1   0   0   0  -3   0   1  -1  -1  -2  -1   1  -1  -2   0   1   0  -4  -2   0   13   4   5   6   0   4   8   5   1   2   8  11   2   1   4  12   6   0   1   6  0.10 0.14
  108 P     0   0  -1   1  -5   0   0  -1   0  -4  -3   2  -2  -4   5   1   0  -3  -4  -1    9   4   3   7   0   4   6   4   2   1   2  11   1   1  24  10   5   0   1   4  0.41 0.34
  109 A     2  -1  -1  -2  -1   0   1  -1  -2  -1  -2   1  -2  -2   2   1   0  -3  -3   0   22   3   3   2   1   4   8   5   1   3   3   9   1   2   9  11   6   0   1   7  0.19 0.21
  110 T     0   0   0   0  -1   0   1  -1  -1   0  -1   1  -1  -1   2   1   1  -1  -1   0    9   4   6   4   1   3   8   5   1   6   7  11   1   2   9   9   8   1   2   5  0.07 0.09
  111 K     1   0   0   1  -1   0   1  -1  -1  -1  -1   2   0  -2   1   1   0  -1  -2  -1   13   4   5   7   1   4   8   5   1   4   6  13   2   1   6   8   6   1   1   5  0.08 0.10
  112 E     1   0   0   1  -3   1   2  -2  -2  -2  -2   2  -2  -3   1   0   0  -4  -2  -1   12   4   5   7   0   7  14   2   1   2   4  15   1   1   7   7   5   0   1   6  0.18 0.20
  113 Q     1  -1   1   0  -1   1   1  -1   0  -1  -1   2   0  -2   1   0   0  -4  -3  -1   10   2   7   5   1   5   8   5   2   3   6  14   2   2   6   8   6   0   0   5  0.10 0.13
  114 I     1   0   0   0  -2   0   1   0   0  -1  -1   1   0  -1   1   0   0  -1  -1  -1   11   3   3   5   1   5   9   5   3   5   7  12   3   3   7   6   6   1   2   4  0.05 0.07
  115 K     1   2   1   0  -4   1   2  -1  -2  -2  -3   3  -3  -4   1   1   0  -3  -4  -1   10   9   6   5   0   5  13   5   1   2   2  17   0   1   6   9   6   0   0   5  0.24 0.24
  116 A     1   0   0   1  -3   0   0  -1  -1  -1  -1   1  -2  -3   2   0   0  -2  -3   0   15   6   5   7   0   4   6   5   2   3   6  11   1   1  10   8   5   0   0   6  0.14 0.16
  117 G     1   0   0   0   0   1   1   0  -1  -1  -1   1  -1   0   1   1   0  -1  -2  -1   14   4   3   6   2   5   9   7   1   5   6   8   1   4   6   9   4   1   1   4  0.06 0.08
  118 E     1   0   0   0  -2   0   1   0  -2  -1  -2   2  -2  -2   1   1   1  -1   0  -1   12   6   3   5   1   2  10   6   1   3   4  12   0   1   7  10   8   1   3   4  0.12 0.15
  119 E     0   0   1   1  -4   1   2  -1  -2  -3  -3   2  -2  -2   2   0   0  -2  -2  -2    9   4   6   7   0   6  16   5   1   1   3  16   1   2   9   7   4   1   1   3  0.24 0.25
  120 K     0   0   0  -1  -4   1   2   0  -3  -1  -2   4  -2  -5   1   0   0  -5  -4  -2    8   4   3   3   0   6  11   6   0   3   5  26   1   0   8   6   5   0   0   3  0.31 0.30
  121 K     0   1   0  -2  -1   1   1  -2  -1  -2  -3   4  -2  -2   2   0   0  -5  -4  -2    8   7   5   2   1   5  11   3   1   2   3  26   1   2   9   8   4   0   0   3  0.32 0.31
  122 V     1   0   0   0  -2   0   1   0  -1   0   0   2  -1  -2   1   0   0  -4  -2   0   12   4   4   4   1   4   8   6   1   5   8  15   1   1   7   8   4   0   1   6  0.08 0.11
  123 K     0   0   0   0  -2   0   1   0  -1  -1  -2   3  -2  -1   0   0   1  -4  -3  -2    9   4   4   6   1   4   7   7   2   3   3  22   1   4   5   6   9   0   0   3  0.18 0.21
  124 E     0   0  -1   0  -2   1   2  -1  -1  -3  -4   3  -2  -4   2   0  -1  -5  -3  -2   10   5   3   5   1   6  15   4   1   2   1  20   1   1  10   8   3   0   1   3  0.32 0.30
  125 K     1   1  -1   0   0   0   1   0  -2  -1  -2   3  -2  -3   0   0   0  -4  -2  -1   14   7   3   5   2   4   8   6   1   3   3  21   1   1   5   6   5   0   1   6  0.17 0.20
  126 T     1  -1   0   0  -2   0   0   0  -2  -2  -2   2   0  -3   1   1   1  -4  -2  -2   13   3   4   4   1   3   7   8   1   2   4  16   3   1   8  11   9   0   1   2  0.17 0.21
  127 E     1   0  -1   0  -1   0   2  -2  -1  -2  -2   3  -2  -3   1   0   0  -4  -1   0   11   3   2   6   1   4  16   3   1   2   4  20   1   1   6   7   4   0   2   7  0.22 0.25
  128 K     1  -1  -1  -1  -2   0   1  -1  -3  -2  -2   3  -3  -2   1   0   0  -1  -3   0   14   2   3   3   1   4  10   5   0   2   3  25   0   1   8   4   5   1   1   7  0.26 0.29
  129 K     0  -1  -1  -1  -2   1   2  -1  -1  -1  -2   3  -1  -2   1   0   0  -4  -2  -1    8   2   3   3   1   5  12   5   1   3   4  24   1   2   7   5   7   0   1   5  0.21 0.24
  130 G     1   0   0   0  -2   1   1   1  -2  -2  -2   2  -2  -1   1   0   0  -4  -2  -2   14   5   3   5   1   5   8  11   0   3   4  16   0   2   6   5   7   0   1   3  0.13 0.18
  131 E     0  -1   1   0  -4   1   2   0  -1  -2  -3   3   0  -3   2   0   0  -4  -2  -2    8   2   6   3   0   6  14   6   1   2   2  22   2   1   9   7   5   0   1   2  0.28 0.29
  132 K     0   0   0  -1  -1   1   1   0  -1  -3  -2   4  -3  -3   1   0   0  -4  -2  -1    9   4   3   3   1   5   7   8   2   1   4  30   0   1   6   7   4   0   2   4  0.29 0.30
  133 K     1   0   0  -1  -4   1   0   0   1  -1  -2   3  -1  -2   1   0  -1  -4  -2   0   10   3   4   3   0   5   7   7   3   3   3  25   1   1   6   7   3   0   1   7  0.20 0.23
  134 E     1   0   0  -1  -4   1   2   0   0  -2  -3   3  -1  -2   1   0   0  -4  -1  -2   10   3   5   3   0   5  15   6   2   2   2  21   1   2   6   6   5   0   2   3  0.22 0.25
  135 K     1   0   0  -1   0   0   0   0   0  -1  -2   3   0   0   1   0  -1  -4  -1  -1   11   4   3   3   2   5   5   6   2   3   3  26   2   4   6   6   4   0   2   3  0.19 0.22
  136 Q     0   1   0   0  -3   1   1   0   1  -1  -1   1   0  -2   1   0   0   2   0  -1    9   9   5   4   0   6   9   6   3   3   5  10   3   0   8   5   5   3   3   4  0.09 0.11
  137 Q     0   0   0   0  -2   1   0   0   1   0  -1   0   1   0   1   0   0  -2   1   0    6   6   5   6   0   5   6   6   5   6   6   6   5   5   6   6   6   0   5   6  0.03 0.06
  138 S     1  -1   1   1  -2  -1   1   0  -2  -3  -2   1  -3  -3   3   1   0  -4  -3  -2   14   2   6   6   1   2   9   8   1   1   3  10   0   1  14  12   6   0   1   2  0.25 0.22
  139 A     2  -1  -1  -2  -1   0   0   0  -2  -2  -3   2  -2  -2   2   0   0  -4  -3  -1   23   3   3   2   1   4   6   8   1   2   1  15   1   2  10   7   6   0   1   5  0.24 0.22
  140 A     2   0   0  -1  -4   1   1   0  -1  -3  -2   2  -2  -4   3   0   0  -4  -4  -1   18   3   5   3   0   7  11   6   1   1   4  11   1   0  13   6   5   0   0   5  0.25 0.22
  141 A     3  -2  -2  -1  -4   0   0   0  -2  -3  -2   1  -3  -4   3   1  -1  -2  -3  -1   25   1   2   4   0   3   6   6   1   1   3  11   0   1  17   9   4   0   1   5  0.36 0.29
  142 S     2   0   0   0  -3   0   1   0  -2  -2  -2   0  -2  -3   2   1   0  -2  -2   1   17   4   3   6   0   5   9   6   1   2   3   6   1   1   9  11   6   0   1  10  0.15 0.16
  143 T     2  -1   1   0   0  -1   1   0  -2  -1  -2   1  -1  -3   2   0   0  -4  -2   0   18   2   8   4   3   2   9   7   1   4   2  10   2   1  10   8   5   0   1   7  0.16 0.16
  144 D     0   0   0   4  -4   0   2  -1  -3  -2  -3   1  -3  -3   1   1   0  -5  -3  -2    9   4   4  22   0   2  16   4   0   2   3   8   1   1   8   9   4   0   1   3  0.33 0.25
  145 S     1   0   0   2  -2   0   2   0  -2  -1  -2   0  -1  -3   1   1   0  -4  -2   0   11   5   3  10   1   3  14   6   0   3   3   6   1   0   8  10   7   0   1   8  0.15 0.14
  146 K     0   0   0   1  -3   0   1   0  -2   0  -2   2  -2  -3   2   0   0  -4  -2  -1    8   6   3   9   0   3  10   6   1   6   4  16   0   0  10   6   6   0   1   4  0.17 0.15
  147 P     0   0  -2  -1  -2   0   3  -3  -3  -2   0   0  -2  -1   4  -1  -1  -2  -2  -1    7   5   2   3   1   4  20   1   0   2   9   6   1   3  24   4   4   1   2   4  0.41 0.28
  148 I    -1  -2  -2   1  -1  -1   0  -3  -3   2   1  -1   3   1   1  -1  -1  -3  -1   1    4   1   1  10   1   2   6   1   0  12  11   2   9   7   7   5   4   0   2  13  0.13 0.14
  149 D    -1  -1   1   5  -2  -2  -1  -2  -1  -3  -3  -2  -2  -2   0   1  -1  -4   0  -2    5   4   7  39   1   1   3   4   1   1   2   1   1   2   6  11   3   0   4   3  0.60 0.34
  150 A     0  -1  -3  -4  -3  -3  -3  -2   1   1  -1  -2   0   4   3  -2  -2   0  -1   3    7   4   1   0   0   0   1   3   4   8   5   1   2  19  16   2   2   1   1  21  0.39 0.27
  151 S     1  -1  -1   1  -1  -1   0  -1   0   0  -3   0   1  -2  -2   4   0  -1  -2  -2   14   3   3   6   1   2   4   3   2   6   2   4   4   1   1  33   6   1   1   2  0.30 0.26
  152 R    -1   4  -2  -2  -2   1  -1  -3  -1   0  -1   2   1  -2   0  -1  -2  -1  -1  -1    3  30   1   2   1   8   1   1   1   5   7  16   4   1   5   3   1   1   3   5  0.33 0.24
  153 L     0  -1  -3  -3   2  -2  -3  -3  -3   2   2  -2   1   0  -1   0  -1   0  -2   2   10   4   0   0   6   0   0   0   0  10  30   0   3   2   3   8   2   1   0  17  0.23 0.18
  154 D    -1   0   2   4   0   0   1   1   0  -3  -3  -1  -2  -2  -3  -1  -1   0  -1  -3    4   4   9  35   2   3   9  13   3   0   3   3   1   1   0   3   2   1   3   2  0.40 0.23
  155 L    -1  -1  -3  -3   0  -2  -3  -3  -3   2   2  -2   2   3   1  -1  -1  -2  -1   1    3   4   0   0   2   0   0   1   0  16  29   0   6  16   6   6   0   0   0   7  0.25 0.16
  156 R    -1   4  -2  -2   0   1  -1  -3  -2  -1   0   1  -1   1   0   0   0  -3  -2  -1    3  35   0   0   3   9   3   1   0   3   8   5   0   9   4   6   6   0   0   3  0.26 0.19
  157 I     0  -2   0  -2   1  -1   0  -1  -2   1   0  -2  -1   1  -2   0   0  -2  -1   2    9   0   7   1   4   0   8   5   0   6   5   1   0  10   1   9   5   0   0  28  0.09 0.10
  158 G     0  -2  -2  -2   3  -2   1   4  -2   0  -2  -2  -2  -2  -2   0  -2   5  -2   0    9   0   0   1  10   0  10  33   0   6   1   1   0   0   1   8   1  11   0   7  0.42 0.19
  159 C    -3   4  -2  -2  -1   1   0  -4   1  -1   0   4  -2  -2  -1  -2  -1  -4  -1  -1    0  26   1   2   1   7   4   0   4   3  11  26   1   2   3   1   3   0   2   4  0.46 0.33
  160 I    -4  -5  -5  -2  -2  -5  -5  -6  -1   7  -1  -5   1  -2  -5  -5  -4  -5  -1   3    0   0   0   2   1   0   0   0   2  65   3   0   3   1   0   0   0   0   2  19  1.44 0.63
  161 V    -2   0  -2  -3   0  -1  -1  -4  -1   2   2  -1   2  -2  -3  -1   1  -1  -3   3    1   4   1   1   2   2   4   1   2  13  20   4   5   0   0   4  12   1   0  23  0.27 0.23
  162 T    -1   0   0   1  -4   0   3  -1   3  -4  -4   3  -3  -2  -3   2   0  -4  -3  -3    3   4   5   7   0   2  19   3   8   0   0  20   0   2   0  20   5   0   0   2  0.43 0.32
  163 A     3  -3  -4  -5   4  -4  -4  -3  -4   2  -2  -4  -2  -3  -4  -1  -1  -5  -1   4   29   1   0   0   9   0   0   1   0   9   2   0   0   0   0   4   4   0   2  37  0.72 0.44
  164 K    -1   2  -1  -1  -2   2   4  -2  -1  -3  -3   1   0  -2  -3  -1  -2   6   0  -2    6  11   2   3   1   9  26   2   1   2   1   9   3   1   0   3   2  13   2   3  0.51 0.34
  165 K    -1   3   1   0  -3   1   1  -3   1  -2  -3   4  -2  -4   2  -1  -1  -4  -2  -1    5  14   6   3   1   4  11   1   3   1   2  27   1   0   9   2   2   0   1   6  0.36 0.26
  166 H    -3  -2  -1  -4  -5  -2  -1  -3  10  -1  -2  -4  -2  -4  -2  -3  -4  -5  -1  -1    2   2   2   0   0   1   3   2  69   3   3   0   1   0   2   2   0   0   1   5  2.00 0.79
  167 P    -2  -4  -4  -2  -5  -2   1  -3  -4  -5  -4  -2  -5  -5   8  -1  -3  -5  -1  -5    2   0   0   2   0   1  10   2   0   0   2   2   0   0  68   5   1   0   3   0  1.80 0.72
  168 D    -2  -1   2   4  -2   0   2   0  -1  -1  -2   1  -3  -1  -3   0   0  -4  -1  -3    2   1  13  24   1   2  13   9   1   3   5   9   0   3   0   5   5   0   2   1  0.31 0.23
  169 A     4  -1   0  -1  -3  -2  -2  -1  -3  -1  -3   0  -3  -1  -1   3  -1  -4  -3  -2   45   2   5   2   0   0   1   2   0   3   0   5   0   3   3  23   3   0   0   2  0.53 0.39
  170 D    -1   0   0   6  -5  -1   3  -2  -1  -4  -5  -1  -4  -5   0  -1  -1  -5  -2  -3    4   6   3  47   0   1  19   2   1   0   1   2   0   0   5   3   3   0   1   1  0.84 0.44
  171 S     1   1   1  -1  -3  -1   0  -1   0  -3  -2   4  -2  -2  -1   2   1  -4  -2  -2   10   5   6   3   0   1   3   3   3   0   4  29   0   2   2  18   7   0   1   2  0.28 0.24
  172 L    -4  -4  -5  -5  -4  -1  -4  -5   0   0   5  -4   2   1  -5  -2  -3   2   0  -2    1   0   0   0   0   3   0   0   3   4  67   0   5   5   0   3   0   3   3   0  0.97 0.47
  173 Y    -2  -4  -4  -1   0  -4  -4  -4   0   0   1  -4   0   2  -4  -1  -2   3   7  -1    3   0   0   3   2   0   1   1   2   5  12   0   2   6   0   4   2   3  49   3  1.04 0.49
  174 V    -1  -1  -2  -4   4  -1  -3  -2  -3   2   1  -1   0  -1  -3  -1  -1  -4  -3   4    3   3   2   0  12   3   1   2   0  10  13   5   2   2   0   5   2   0   0  34  0.37 0.25
  175 E     0   0   0   0   2   0   0   0   1   0  -1   0   1   0   1   0   0  -3  -1   0    6   6   5   6   5   5   6   6   5   6   6   6   5   5   6   6   6   0   0   6  0.03 0.07
  176 E    -3  -1  -2   0   0   3   4  -4   0  -4  -4   3  -3  -5  -4   0   2  -5  -4  -3    1   2   1   5   2  16  31   1   2   1   1  20   1   0   0   5  12   0   0   2  0.68 0.43
  177 V    -2  -6  -6  -6   0  -5  -6  -6  -6   6  -1  -5   1  -4  -6  -5  -2  -6  -4   5    3   0   0   0   2   0   0   0   0  47   3   0   2   0   0   0   1   0   0  40  1.41 0.62
  178 D    -2  -3   0   7  -6  -1   1  -3  -2  -6  -4  -3  -6  -5  -5  -2  -4  -7  -6  -5    4   1   4  74   0   2   6   1   1   0   2   1   0   1   0   2   0   0   0   1  1.74 0.73
  179 V    -2  -5  -5  -4   3  -4  -5  -5  -2   3   2  -5   2  -1  -4  -4  -2  -5  -3   5    2   0   0   1   5   0   0   0   1  19  20   0   4   3   1   1   1   0   1  40  0.81 0.43
  180 G    -2  -4  -1  -3  -6  -4  -3   7  -2  -6  -6  -3  -4  -6  -5  -3  -4  -6  -6  -6    2   1   3   1   0   1   1  85   1   0   0   2   1   0   0   1   1   0   0   0  1.98 0.78
  181 E    -3  -3  -1   2  -6  -1   6  -1  -2  -5  -5  -1  -3  -4  -2  -1  -3  -5  -5  -4    1   1   3  11   0   1  64   5   1   0   1   3   1   1   1   3   1   0   0   1  1.27 0.63
  182 A     1  -1   0   2  -4  -1   3   2   0  -3  -2   0  -3  -3   1  -1  -1  -4  -3  -3   15   2   3  12   0   1  21  18   2   1   3   5   0   1   7   3   4   0   1   1  0.33 0.25
  183 A     0  -1   0   0  -1   1   3   1  -1   0  -3   2  -3  -3  -2   0   0  -4  -3  -1    9   1   5   4   1   7  20  10   1   5   1  16   0   1   1   7   6   0   0   5  0.23 0.21
  184 P    -3  -3  -3  -3  -1  -3  -1  -4  -1  -1  -2  -2  -3  -5   7  -2   1  -5  -2   0    1   1   1   1   1   1   4   1   2   3   5   2   1   0  56   3   8   0   1   7  1.27 0.58
  185 R    -3   8  -4  -4  -6  -2  -3  -6  -4  -2  -1   1  -4  -6  -4  -4  -2  -6  -4  -4    2  76   0   1   0   1   1   0   0   3   5   6   0   0   1   0   2   0   1   1  1.83 0.79
  186 T    -2  -1  -1  -2  -3   4  -1  -4   0  -1  -2  -2  -1  -4  -2   0   5  -5  -4  -2    2   2   2   2   0  23   3   0   2   3   4   1   1   1   2   5  44   0   0   3  0.82 0.52
  187 V    -1  -5  -5  -5  -4  -5  -5  -3  -5   5   0  -5   1  -3  -5  -3  -3  -5  -4   5    4   0   0   0   0   0   0   2   0  37   5   0   3   0   0   2   0   0   0  45  1.12 0.52
  188 V     1  -5  -5  -5   6  -3  -5  -2  -5   2  -1  -4  -1  -2  -4  -2  -3  -5  -4   5   10   0   0   0  16   1   0   4   0  11   4   0   1   1   0   2   0   0   0  49  0.94 0.47
  189 S     1  -2  -1  -3  -1  -2  -3  -2   1  -5  -5  -3   0  -5  -4   6   0  -5  -4  -4   10   1   2   0   1   2   0   2   3   0   0   0   3   0   0  71   3   0   0   0  1.28 0.66
  190 G    -1  -2  -1  -2  -5  -1  -2   6  -4  -4  -6   0  -5  -2  -1  -2  -4  -5  -5  -5    4   2   2   1   0   3   3  68   0   1   0   6   0   2   4   2   0   0   0   0  1.30 0.62
  191 L    -3  -5  -5  -2  -4  -5  -5  -6  -2   2   6  -5   1  -1  -3  -3  -4   0  -4   0    1   0   0   3   0   0   0   0   1   9  70   0   3   2   2   3   0   1   0   4  1.14 0.60
  192 V     1   2  -1  -4  -1   0  -2  -1  -4   0  -2   0  -1  -2  -4  -2  -1  -5  -4   4   14  14   3   0   1   3   1   5   0   4   1   6   1   1   0   1   2   0   0  40  0.48 0.39
  193 N     0   0   1   0  -1   1   0   1  -1  -1  -2   3  -3  -2   1   0  -1  -1  -2  -3    7   4   8   4   1   6   6  11   1   4   2  25   0   2   7   7   2   1   1   0  0.23 0.22
  194 H    -3  -2  -2  -4  -1  -2  -2  -5   6  -1  -2   0  -1   5  -5  -2  -3   1   5  -2    2   2   2   0   1   1   3   0  19   3   4   5   1  24   0   2   2   2  24   2  0.94 0.53
  195 V    -1  -4  -4  -5   2  -1  -4  -5   0   3   0  -2   3   1  -1  -3  -1  -3   5   3    4   0   0   0   4   3   0   0   2  17   6   2   8   4   3   0   4   0  21  19  0.53 0.38
  196 P    -1  -2  -1  -1  -1   0   0  -2  -1  -4  -3   0  -4  -1   5   2   1  -5  -4  -2    5   2   3   3   1   4   5   3   2   0   1   6   0   4  35  15   9   0   0   3  0.65 0.43
  197 L     0   0  -2  -2   1  -1   0  -3   0   2   2   0   1  -1   3  -2  -1  -4  -3   0    7   5   1   2   3   3   6   0   2  12  22   5   4   2  15   2   2   0   0   5  0.21 0.20
  198 E    -1  -1  -1   3   1   0   5  -2  -1  -3  -4  -1  -4  -2  -2  -1  -2  -5  -2  -3    4   2   3  18   3   3  45   2   1   1   2   2   0   2   2   5   2   0   1   2  0.74 0.50
  199 Q     0   0   0   0  -2   1   0   0   2   0   0   0   1   0  -2   0   0  -2   1   0    6   6   6   6   0   6   6   6   6   6   6   6   6   6   0   6   6   0   6   6  0.04 0.07
  200 M    -2  -2  -1  -1   2  -1  -2  -4  -4   1   3  -2   6   0  -4  -1  -3   1  -3   1    3   2   3   4   4   3   3   0   0   5  29   2  23   4   0   4   0   2   0   8  0.49 0.39
  201 Q    -1   0   0  -1   0   3   0  -2   0   0   2   0   1  -2  -1  -1   0  -3  -1   0    4   5   5   3   2  17   7   3   2   6  22   6   3   0   3   2   4   0   2   5  0.12 0.18
  202 N     0   0   1   0   2   1   0   0   2   0  -1   0  -1  -2  -2   0   0  -2   1   0    6   6   6   6   6   6   6   6   6   6   6   6   0   0   0   6   6   0   6   6  0.05 0.09
  203 R    -1   5  -1  -1   0   0  -2   0   0  -2  -2   2   0  -5  -4  -1  -1   1  -4  -2    4  36   2   4   2   5   2   8   2   3   4  12   2   0   0   5   4   2   0   3  0.55 0.41
  204 M    -1   0   0   0   2   0   0  -1   2   0  -1   0   2   1   0  -1   0   4   1  -1    5   5   5   5   5   5   5   5   5   5   5   5   5   5   5   5   5   5   5   5  0.09 0.08
  205 V     0  -4  -5  -5   3  -4  -4  -2  -5   2   0  -4  -2  -2  -4  -3  -1   1  -3   6    7   0   0   0   7   0   0   3   0   8   7   0   0   1   0   0   2   2   0  59  0.94 0.45
  206 V    -2  -4  -3  -1   4  -4  -4  -4  -4   3   1  -4   1   0  -4  -3  -2  -3   1   4    2   0   1   4   9   0   0   0   0  14  13   0   3   3   0   0   1   0   5  42  0.61 0.33
  207 L     0  -4  -4  -4   1  -3  -4  -3   0   1   1  -3   1   1  -4  -1  -1   2  -1   5    7   0   0   0   3   0   0   2   3   4  13   0   3   6   0   5   2   3   2  46  0.49 0.31
  208 L    -1  -4  -4  -4   0  -4  -4  -4  -4   2   3  -4   1   2  -4  -1  -2  -3   0   3    5   0   0   0   2   0   0   0   0  10  35   0   4   9   0   4   0   0   2  27  0.54 0.30
  209 C     2  -3  -2  -4   8   0  -3  -2  -4  -2  -2  -2  -1  -2  -4  -1   1  -4  -2   0   22   1   1   0  39   4   1   3   0   1   2   2   1   2   0   3   7   0   1   8  0.94 0.42
  210 N    -4  -3   8  -2  -5   0  -1  -3  -2  -5  -5  -3  -4  -5  -4  -1   0  -5  -4  -5    1   0  78   0   0   3   3   1   0   0   1   0   0   0   0   4   6   0   0   1  1.85 0.71
  211 L    -1  -3  -3  -1   1  -1  -2  -4  -4   1   4  -3   2   0  -4  -1  -1  -3  -3   1    3   0   0   3   3   2   2   1   0   6  52   0   6   3   0   6   3   0   0   9  0.51 0.30
  212 K    -2   1   0  -1  -4   0   1  -2   1  -4  -3   6   0  -2  -1  -2  -2  -4  -3  -4    2   6   4   3   0   2   9   2   3   0   2  54   3   2   3   2   2   0   0   1  0.77 0.40
  213 P     0  -2  -3   0  -4  -2  -1  -2  -1  -4  -3  -2  -1  -4   7  -1  -1  -5  -2   0    7   2   0   6   0   2   4   2   2   0   2   2   1   0  55   3   4   0   1   7  1.14 0.46
  214 A     1   2   0  -2   2   0  -1  -1  -2   0  -1   1   0  -1  -2   0   0   2  -2   1   17  14   3   0   4   3   4   4   0   4   4   9   3   3   0   5   6   3   0  11  0.11 0.15
  215 K     0   1   1   1  -2   1   1   0  -1  -1  -1   1   1  -2   1   0   0  -3  -2   0    7   7   7   7   0   7   7   7   0   0   7   7   7   0   7   7   7   0   0   7  0.09 0.10
  216 M    -3  -1  -4  -2   0  -3  -3  -4  -3   1   3  -2   6   1  -4  -3  -1  -3  -2   1    1   4   0   3   2   0   0   1   0   6  30   3  30   6   0   1   3   0   0   9  0.62 0.34
  217 R     0   5  -2  -1   0   0  -2   0   0  -1  -2   1   0  -2  -3  -1  -2   0  -3   0   11  40   0   3   2   3   0   7   2   4   2   8   2   2   0   2   0   2   0   9  0.40 0.27
  218 G    -1  -1  -1   1  -4  -1  -1   6  -3  -5  -4  -1  -4  -1  -3  -1  -1  -4  -4  -4    3   3   3   8   0   3   3  63   0   0   1   3   0   3   0   3   3   0   0   0  0.97 0.41
  219 V    -1  -1  -3  -3  -2  -1  -1  -1  -1   3   0  -2   1   2  -3  -2   0  -3   0   3    2   4   0   0   0   3   4   4   2  20   4   2   3  13   0   1   8   0   2  27  0.25 0.20
  220 L    -1   0  -1   0   0   0   3  -2  -2  -1  -1   3   1  -1   0   0   0  -4  -1   0    4   3   2   4   2   2  26   2   0   2   4  19   4   2   4   5   6   0   2   6  0.25 0.21
  221 S     0   0   0  -3  -4  -3  -3  -1  -4  -5  -5  -3  -4  -5   0   6   0  -5  -5  -4    5   5   5   0   0   0   0   5   0   0   1   0   0   0   5  68   5   0   0   0  1.22 0.62
  222 Q    -1   0   2  -1   2   4   1  -2   3  -4  -2   0   0   0  -3  -1   1  -3   0  -3    4   5  10   3   5  24  11   3   6   0   3   3   2   5   0   3   9   0   3   0  0.36 0.27
  223 A     4   0  -3  -4   2  -3  -4   5  -4  -4  -4  -3  -4   1  -4  -2  -3  -4  -4   0   31   6   0   0   4   0   1  42   0   0   1   1   0   6   0   1   1   0   0   6  0.87 0.37
  224 M     0   0  -4  -4  -4   0  -3  -4  -3  -1   0  -1   9   1  -4  -3  -2  -4  -3  -1    7   5   0   0   0   5   1   1   0   3   4   4  59   5   0   1   2   0   0   3  1.27 0.52
  225 V    -2   0  -4  -4   0  -3  -3  -4  -4   2   3  -3   1   1  -4  -3  -1  -3  -2   4    2   7   0   0   2   0   0   1   0  10  26   0   2   5   0   1   3   0   0  39  0.52 0.26
  226 M    -1  -3  -4  -4  -3  -3  -3  -4  -3   0   4  -2   5   0  -4   0  -1  -3  -2   0    4   0   0   0   0   0   0   1   0   2  55   2  16   3   0   7   3   0   0   4  0.65 0.31
  227 C     3  -3  -4  -4   8  -3  -3  -2  -3  -3  -2  -3  -1  -3  -3  -1  -1  -4   1  -2   30   2   0   0  44   0   2   2   0   0   3   0   2   0   0   4   2   0   5   2  1.17 0.42
  228 A     5  -3  -3  -2   1  -2  -2  -1  -3  -3  -2  -1  -2   1  -3   1  -1  -1  -2  -1   60   0   0   2   3   0   1   4   0   0   2   4   0   7   0   9   2   1   0   4  0.60 0.33
  229 S     0   0   0   0   2   1   0   0   1   0   0   0   1   0  -2   0   0  -3  -1   0    6   6   6   6   6   6   6   6   6   6   6   6   6   6   0   6   6   0   0   6  0.03 0.08
  230 S     0   0   2   1   1   0   0   0   1  -1  -2   0  -2  -1  -1   1   0  -3   0  -1    7   4  12  10   3   3   6   8   3   3   3   7   0   3   3  13   7   0   3   3  0.11 0.13
  231 P     0  -1   0   2   0   1   2   0   1  -2  -2   1  -3  -3   2   0   0  -4  -1  -1    9   3   3  13   2   5  12   8   3   2   3   7   0   0  11   7   5   0   2   4  0.19 0.18
  232 E    -2   0   0   5  -5   0   3   0   0  -3  -3   0  -1  -5  -2  -1  -1  -5  -2  -2    3   4   3  36   0   3  17   9   2   2   2   5   2   0   2   3   3   0   2   2  0.58 0.42
  233 K    -1   1   1   0  -1   0  -1   1   4  -2  -3   3  -1  -2   0  -1   0  -4  -2  -1    5   6   7   4   2   3   4  10  10   2   2  23   2   2   4   4   6   0   1   5  0.24 0.24
  234 V    -1   0   0   0   2  -2   0  -1   1   0  -1   0   1   0   0   0   0   3   1   0    5   5   5   5   5   0   5   5   5   5   5   5   5   5   5   5   5   5   5   5  0.05 0.09
  235 E    -1   0  -2   0   1   0   3  -2  -2   1  -1   0  -2  -1   0  -1  -1   2   0   1    4   5   0   4   3   4  28   3   0   8   6   4   0   3   4   5   3   3   3  10  0.17 0.21
  236 I    -1  -3  -3  -3   1  -2  -1  -1  -3   1   2  -1   1   2   1  -1  -1   2   0   1    4   0   0   0   3   0   5   4   0   9  21   4   3   8   8   5   4   4   3  14  0.16 0.17
  237 L    -1  -4  -4  -4   1  -3  -1  -4  -4   2   3  -3   2  -2   1  -3  -1  -4  -3   3    5   0   0   0   4   0   4   1   0  12  35   0   5   0   6   1   4   0   0  22  0.48 0.29
  238 A     0   0   0   0  -1   0   2  -2   0   0   0  -1   0  -2  -2   0   1  -1  -2   2    7   4   4   6   1   2  17   2   3   5   7   2   2   1   1   7   9   1   1  16  0.10 0.15
  239 P    -1  -3  -1  -1  -2  -4  -1  -3  -2  -1  -3  -3  -5  -2   7  -2  -1  -6  -5   0    4   2   3   4   1   0   4   2   1   4   3   2   0   2  54   2   4   0   0   8  1.22 0.64
  240 P    -1  -5  -3  -1  -1  -3  -1  -1   1  -3  -4  -2  -5  -2   7  -1  -2  -6  -5  -2    5   0   1   4   1   1   4   4   3   2   2   2   0   2  58   5   2   0   0   3  1.38 0.69
  241 N     2  -1   0   1  -2   0   3   0   0  -3  -3   0  -2  -3   2   0  -1  -4  -2  -3   18   3   4   7   1   3  22   7   2   1   2   4   1   1  11   7   2   0   2   2  0.31 0.27
  242 G    -2  -3   1   4  -1  -2   0   4  -1  -4  -4  -2  -2  -5  -1   0  -1  -1  -5  -4    3   1   5  23   1   2   6  35   1   1   1   3   1   0   3   8   4   1   0   1  0.65 0.41
  243 S     4  -4  -4  -2   3  -3  -2  -1  -4   0  -2  -4  -1  -3  -2   3  -1  -5  -4   1   34   0   0   1   6   0   2   3   0   5   4   0   1   1   2  27   3   0   0   8  0.60 0.44
  244 V     1   0  -1  -2  -2   2   2  -3   0  -1  -2   3   0  -3   2  -1  -1  -5  -4   0   14   5   2   1   1   8  12   1   2   4   3  19   2   1  10   3   4   0   0   9  0.28 0.26
  245 P     0  -5  -2  -3  -5  -3  -2  -4  -5   2   0  -3  -4  -5   6  -2  -3  -6  -5   2    9   0   2   1   0   1   2   1   0  12   9   1   0   0  44   3   1   0   0  12  1.05 0.58
  246 G    -3  -3  -1  -2  -6  -6  -6   7  -6  -7  -7  -6  -6  -7  -6  -5  -6  -6  -7  -3    2   1   2   2   0   0   0  89   0   0   0   0   0   0   0   0   0   0   0   2  2.31 0.93
  247 D    -2  -4  -2   5  -2   0   4  -3  -2  -5  -5  -2  -1  -6  -3   1   1  -6  -5  -5    3   0   1  36   1   3  30   2   1   0   1   1   2   0   1  10  10   0   0   0  1.00 0.56
  248 R    -2   6  -3  -4  -2   0  -1  -4   1  -1  -1   2  -4  -3  -1  -1  -3  -3  -3  -1    3  48   1   1   1   4   3   1   3   4   6  10   0   1   3   5   1   0   1   5  0.83 0.48
  249 I    -1  -2  -6  -6  -1  -5  -5  -6  -6   3   0  -5  -1   0  -3  -3  -2  -5  -4   6    4   3   0   0   1   0   0   0   0  18   7   0   1   3   2   1   2   0   0  57  1.16 0.57
  250 T    -2   0  -2  -2   0   0  -1  -1   2   0  -1   0   0   2  -3   0   2   3   2   1    2   6   1   2   2   3   3   4   5   5   5   5   2   9   0   6  18   5   9   9  0.18 0.18
  251 F    -1  -5  -5  -5   4  -4  -4  -5  -3   0   0  -5  -2   6  -1  -3  -4   1   0   3    4   0   0   0   9   1   1   1   1   5   9   0   1  37   4   1   0   2   2  22  0.95 0.48
  252 D     0  -2  -1   3  -3   1   5   0   0  -5  -4  -1  -4  -3   2  -1  -2  -5  -3  -4    6   2   2  15   1   5  37   7   2   0   2   4   0   1   9   4   1   0   1   1  0.63 0.40
  253 A    -1  -4   0   0  -5  -3  -3   6  -3  -5  -3  -2  -3  -5  -1   0  -3  -5  -5  -2    3   1   4   6   0   1   2  61   1   1   2   2   0   0   3   8   2   0   0   3  1.12 0.55
  254 F    -2  -3  -3  -2   0  -2   0  -3   2   0   0  -3   0   5  -2  -2  -2   1   5   0    2   1   1   2   2   1   7   1   5   6  10   1   3  22   2   2   2   2  22   7  0.57 0.34
  255 P    -1  -2   0   1  -3   0   4  -3  -2  -2  -3  -1  -3  -4   4   0   1  -5  -4  -1    4   1   3   8   0   3  27   1   1   2   2   4   1   1  20   8  10   0   0   4  0.54 0.37
  256 G    -1   1   0   0   0   0  -1   4   1  -1  -3  -1   0  -2   1   0  -1   0  -1  -1    5   8   4   5   2   3   3  30   4   3   1   2   2   2   8   6   3   1   2   5  0.26 0.21
  257 E    -1   1   0   1  -3   1   5  -1  -2  -2  -4   1  -1  -4   0   0  -1  -3  -4  -3    5   6   5   7   1   5  36   4   0   2   1   8   1   1   4   7   4   0   0   2  0.48 0.35
  258 P     0  -5  -5  -3  -7  -3   0  -4  -2  -4  -5  -2  -3  -4   8  -1  -3  -3  -4  -5    9   1   0   2   0   1   6   1   1   1   1   3   1   1  64   4   2   0   1   1  1.74 0.86
  259 D     0  -4   0   5  -4  -1   3  -2  -2  -4  -2  -2  -2  -1   0  -2  -2  -1  -4  -2    9   0   3  37   0   2  18   4   1   1   4   2   1   3   5   3   2   1   0   4  0.69 0.44
  260 K     2   0  -2   1  -5   0   2  -2  -1  -3  -4   2  -2  -5   3   0   0  -5  -1  -2   15   5   1   6   0   3  14   3   2   1   1  14   1   0  15   8   6   0   2   3  0.35 0.29
  261 E    -1  -2  -1  -2  -3   4   2  -2  -4  -1  -2  -1   0  -3   1  -1  -1  -5  -3   3    5   1   3   1   0  21  14   3   0   3   4   3   2   1   8   3   4   0   1  22  0.42 0.35
  262 L    -1  -4  -1  -4  -2  -1  -3  -2  -5   1   5  -2   2  -1   0  -2  -2  -4  -4   0    5   1   4   1   1   3   1   3   0   6  50   2   4   2   4   2   2   0   0   7  0.59 0.37
  263 N    -3  -2   6   0  -4   1  -2  -3   0   0  -4   2  -2  -4  -1   0  -1  -5  -3  -1    2   2  41   5   0   6   2   1   2   5   2  13   1   1   3   6   4   0   1   4  0.79 0.48
  264 P    -1  -1  -2  -1  -1   1  -2  -4  -1  -2  -2   1  -2  -3   6   0  -2  -5  -5  -2    4   3   2   4   1   7   2   1   2   3   4   7   1   1  44   6   3   0   0   3  0.89 0.49
  265 K    -1   0  -2  -5  -6  -2  -3  -3  -3  -2  -6   7  -2  -4  -4  -3  -4  -6  -3  -5    5   3   1   0   0   1   1   2   1   2   1  76   1   1   1   2   1   0   1   0  1.85 0.87
  266 K    -3   0  -1  -2  -6   1   0  -2  -1  -3  -5   6  -4  -3  -3   1  -1  -2  -5  -4    1   4   2   2   0   5   6   3   1   1   1  53   0   1   1  11   4   1   0   1  1.03 0.59
  267 K    -3   0   0  -2  -6  -2  -2  -4  -3  -6  -5   7  -2  -6  -5  -3  -2  -6  -5  -6    2   4   4   2   0   1   2   1   1   0   1  75   1   0   0   2   3   0   0   0  1.84 0.87
  268 I    -1  -4  -3  -3  -4   0  -4  -5   0   5   1  -4   1  -1  -1  -4  -2  -1  -1   4    6   1   1   2   0   5   1   1   2  30   9   1   2   2   3   1   3   1   2  28  0.66 0.40
  269 W    -5  -6  -8  -4  -4  -5  -6  -7  -7  -4   0  -7  -2   6  -8  -3  -4  11  -1  -4    1   0   0   1   1   0   1   0   0   1   8   0   1  29   0   2   1  51   1   1  2.75 1.13
  270 E    -2  -2  -2   3  -7   0   6  -3  -5  -4  -5   0  -4  -5  -2  -2  -3  -7  -5  -4    3   2   1  13   0   3  60   2   0   1   1   5   0   1   2   2   2   0   0   1  1.34 0.75
  271 Q     1   1  -1  -1  -4   2   0  -2   0  -4  -2   4  -2  -2  -3  -1   2  -5  -3  -2   12   6   2   3   0  11   5   2   2   1   4  26   1   2   1   3  16   0   0   2  0.40 0.34
  272 I    -1  -5  -6  -6   2  -5  -6  -6  -6   4   2  -6   1   0  -6  -4  -3  -3  -5   5    5   0   0   0   3   0   0   0   0  21  16   0   3   4   0   1   1   0   0  43  1.09 0.56
  273 Q     3  -2  -3  -4  -1   6  -2  -3  -4  -2  -1   0   2  -2  -5   0  -2  -3  -3   0   21   2   1   0   1  35   1   2   0   2   7   6   5   2   0   5   3   0   1   6  0.69 0.50
  274 P     0  -3  -4  -2  -4  -2   1  -2  -5  -4  -4   1  -3  -5   7  -1  -2  -7  -6   0    6   1   1   2   0   1  10   4   0   1   2   7   1   0  49   5   2   0   0   8  1.16 0.65
  275 D    -3  -2   0   5  -3  -2   1   2   4  -4  -1   0  -4  -1  -4  -2  -3  -6  -1  -5    2   2   4  37   0   2   7  14   9   1   7   5   0   3   1   3   1   0   3   1  0.67 0.44
  276 L    -6  -6  -7  -7  -1  -6  -7  -7  -6  -2   6  -5   3   4  -7  -6  -4  -3  -2  -2    0   0   0   0   1   0   0   0   0   2  66   1   7  17   0   0   1   0   1   2  1.58 0.75
  277 H    -1   3   0  -3   0   1  -2  -3   2  -2  -2   4  -2  -1  -4   0   1  -3  -1  -2    4  17   3   1   2   5   1   2   5   2   4  30   1   3   0   6   9   0   3   3  0.46 0.35
  278 T    -3  -4  -5  -6  -3  -6  -5  -6  -6   1  -2  -6  -2  -4  -5  -2   7  -7  -6   4    1   1   0   0   0   0   1   0   0   6   3   0   1   1   0   3  58   0   0  24  1.54 0.83
  279 N    -3  -2   5   5  -2  -3  -2  -2  -4  -4  -3  -2  -2  -4  -4   1   1  -6  -5  -3    2   2  27  34   1   0   2   4   0   1   4   2   1   1   0  11   7   0   0   2  0.97 0.54
  280 A     2  -2   0   3  -3   0   3   2  -2  -4  -4   1  -4  -4  -1   1  -2  -5  -5  -3   17   2   3  17   0   4  17  13   1   1   1   8   0   0   3  10   2   0   0   1  0.42 0.33
  281 E    -1  -1   3   4  -5   1   3  -1  -1  -5  -4   1  -4  -4  -4   1  -1  -5  -3  -4    5   2  14  23   0   5  19   5   1   0   1   7   0   1   0  11   3   0   1   1  0.57 0.39
  282 C    -3   2  -3  -5   5  -2  -5   6  -1  -6   0   0  -2  -3  -6  -4  -4  -6  -6  -6    1  11   1   0  11   2   0  52   2   0  10   7   1   1   0   1   1   0   0   0  1.16 0.63
  283 V    -2   0  -1  -3  -2   1   2  -4  -1   2  -1  -1  -1  -1  -4  -3  -1  -5  -1   4    3   4   3   1   1   7  15   1   1  13   4   4   1   2   0   1   4   0   2  32  0.42 0.34
  284 A     6  -6  -6  -7   2  -6  -5  -2  -6  -2  -3  -6  -2  -5  -1  -4  -3  -7  -6   3   64   0   0   0   4   0   0   2   0   2   2   0   1   0   4   0   1   0   0  19  1.40 0.78
  285 T     0   0  -1  -4   5  -1  -2  -2  -1  -1  -2  -1   2  -2  -4  -1   4  -5  -1   2    6   5   2   1  13   2   2   3   1   2   3   3   5   1   0   5  27   0   3  15  0.48 0.38
  286 Y    -6  -7  -7  -8  -1  -5  -6  -7  -1  -5  -2  -6  -6   5  -8  -5  -4   8   8  -5    1   0   0   0   1   0   0   0   1   0   4   0   0  22   0   1   1  19  47   1  2.33 1.02
  287 K    -2   1   2   2  -2   0  -1  -2  -2  -5  -5   6  -3  -5  -5  -1  -2  -3  -4  -5    3   8   9  10   1   4   3   3   1   0   1  48   0   1   0   3   2   0   1   1  0.93 0.56
  288 G    -4  -5  -1   4  -5  -3   0   6  -4  -7  -7  -2  -5  -6  -6  -1  -3  -7  -4  -4    1   0   3  24   0   1   5  55   0   0   0   3   0   0   0   3   1   0   1   1  1.37 0.71
  289 A     0   0  -1  -2   1   0  -1  -2   3   1  -1   3  -1  -2  -3   0   0  -3  -2   2    8   4   3   1   3   4   3   2  10   8   5  18   1   1   0   5   6   0   1  15  0.21 0.22
  290 P     0   0  -2  -3  -6  -1  -1  -3   1  -2  -3   0  -2  -4   6  -1  -1  -4  -2   0    8   5   2   1   0   3   3   1   3   3   3   6   1   1  43   4   3   0   2   7  0.85 0.51
  291 F    -3  -3  -7  -6  -3  -5  -7  -6   0  -1   5  -4   3   5  -5  -5  -5   5  -3  -3    2   1   0   0   1   0   0   1   2   3  46   1   7  26   1   0   0   7   0   1  1.27 0.65
  292 E    -1   1  -1  -2  -1   1   1  -1  -1   0   1   2   2  -1  -2  -1   0  -1  -1   1    4  10   2   1   1   8   9   3   1   5  12  12   7   2   1   4   7   1   2   9  0.11 0.13
  293 V    -3  -2  -4  -5   0  -5  -5  -5  -4   1  -1  -4   3  -5  -5  -3   5  -4  -5   4    2   3   1   0   2   0   0   1   0   8   5   1   7   0   0   1  36   0   0  32  1.05 0.63
  294 K     0   0   0   0  -3  -1   1  -1  -1  -4  -3   2  -3  -4   0   1   3  -3  -4  -2    9   6   5   6   1   1   9   4   1   0   3  14   0   0   5  12  21   0   0   3  0.31 0.28
  295 G     1  -2   0  -1  -3  -2  -1   4  -2  -4  -5  -2  -4  -5  -2   4   0  -5  -5  -4   13   2   3   4   0   1   4  30   1   1   1   1   0   0   2  30   5   0   0   1  0.68 0.44
  296 K     2   0   0  -2  -2   1   1   1   0  -4  -2   4  -3  -3  -3  -1  -1  -4  -2  -3   19   5   5   2   1   5   8   9   2   1   4  27   0   1   1   4   3   0   1   2  0.37 0.28
  297 G    -1  -4  -4  -3  -4  -4  -3   7  -6  -2  -5  -3  -6  -6  -4  -2  -3  -6  -6  -4    5   1   0   1   0   1   2  76   0   3   1   1   0   0   1   3   2   0   0   1  1.75 0.81
  298 V     0  -2  -1  -3  -3  -1  -2  -5  -3  -1  -1   0  -2  -2   5  -2  -1  -3  -2   3    7   2   3   2   0   3   3   0   1   3   7   7   0   2  27   3   3   0   2  26  0.57 0.40
  299 C    -2  -7  -7  -7   9  -7  -6  -6  -7   4  -1  -5   0  -1  -7  -5  -4  -7  -6   4    2   0   0   0  37   0   0   1   0  18   6   1   2   2   0   1   0   0   0  28  1.71 0.77
  300 R    -2   2  -3  -4  -3  -2  -3  -4  -3  -3  -2   3  -1  -1  -5   0   5  -5  -1   1    3  11   1   1   1   1   1   1   1   1   4  17   1   3   0   7  36   0   2   9  0.65 0.48
  301 A     4  -5  -4  -2   5  -5  -4  -4  -6  -2  -3  -5  -4  -6  -4   2   0  -6  -5   4   34   0   0   3  10   0   0   1   0   2   2   0   0   0   1  17   5   0   0  25  0.91 0.58
  302 Q     1  -1  -2   0  -4   1   0  -2  -1  -4  -4   3  -4  -5   5   0  -2  -5  -4  -4   10   3   2   4   0   5   5   3   1   1   2  21   0   0  31   7   3   0   0   1  0.71 0.45
  303 T    -2  -2  -1  -1  -3  -3  -2  -2  -5  -3  -4  -1  -3  -4  -5   5   5  -6  -5  -3    2   2   3   3   0   1   2   3   0   1   1   4   0   1   0  38  36   0   0   2  1.02 0.64
  304 M    -3  -6  -6  -7  -5  -4  -6  -6  -6   4   5  -4   2   1  -3  -4  -4  -5  -3   2    2   0   0   0   0   1   0   0   0  20  51   1   5   5   1   1   0   0   0  11  1.09 0.56
  305 A     2   2  -3  -1  -1  -1  -2  -3  -3  -2  -3   3  -3  -3   2   0   2  -5  -2   1   15  11   0   3   2   1   1   2   0   2   2  20   0   1   8   7  13   0   1  10  0.33 0.30
  306 N    -3  -4   6   3  -2  -3  -1   4  -1  -7  -6  -1  -5  -7  -6  -1  -4  -7  -5  -6    1   1  37  16   1   1   3  28   1   0   0   4   0   0   0   5   0   0   0   0  1.21 0.66
  307 S     4  -6  -5  -6   5  -4  -5   4  -6  -5  -6  -5  -4  -5  -6   0  -3  -7  -6   1   40   0   0   0  10   0   0  30   0   0   0   0   0   0   0   7   1   0   0  11  1.14 0.65
  308 G    -1   0   2  -2  -1   2   0   0   1  -1  -3   0  -3  -2   3   2   1  -3  -4  -1    4   4   9   1   1   9   4   6   3   4   2   7   0   2  13  17   8   0   0   6  0.23 0.24
  309 I    -6  -8  -8  -8  -6  -7  -8  -8  -8   7  -2  -7  -1  -5  -7  -7  -5  -7  -6   5    0   0   0   0   0   0   0   0   0  61   2   0   1   0   0   0   0   0   0  36  2.15 0.92
  310 K    -5   6  -4  -5  -7  -3  -4  -6  -5  -7  -7   6  -6  -7  -6  -5  -5  -7  -6  -7    0  45   0   0   0   0   0   0   0   0   0  55   0   0   0   0   0   0   0   0  2.12 0.86

                      K         Lambda
Standard Ungapped    0.1263     0.3101
Standard Gapped      0.0400     0.2670
PSI Ungapped         0.1307     0.3176
PSI Gapped           0.0400     0.2670
