
Last position-specific scoring matrix computed, weighted observed percentages rounded down, information per position, and relative weight of gapless real matches to pseudocounts
            A   R   N   D   C   Q   E   G   H   I   L   K   M   F   P   S   T   W   Y   V   A   R   N   D   C   Q   E   G   H   I   L   K   M   F   P   S   T   W   Y   V
    1 M    -2  -3  -3  -4  -2  -2  -3  -4  -3   1   3  -3   7  -1  -3  -3  -2  -3  -2   2    0   0   0   0   0   0   0   0   0   0  26   0  59   0   0   0   0   0   0  15  0.74 0.18
    2 S     1  -1  -1  -1  -3   1   3   2  -2  -4  -4   0  -3  -4  -2   3   0  -4  -3  -3   10   0   0   0   0   6  30  19   0   0   0   6   0   0   0  26   4   0   0   0  0.46 0.21
    3 A     3   1   0  -2  -2   0   0  -1   0  -2  -2   1  -2  -3  -2   1   2  -4  -2   0   31  10   5   0   0   4   6   1   2   0   2   7   0   0   0   9  14   0   0   9  0.22 0.15
    4 S     0  -1   0   0  -3   1   3   0  -2  -4  -2   2  -3  -3  -1   2  -1  -4  -3  -3    8   0   2   4   0   4  25   6   0   0   3  19   0   1   2  25   0   0   0   0  0.39 0.22
    5 A     2  -1  -2  -2  -3   0   1  -2  -2  -3  -3   1  -2  -4   3   2   1  -4  -3  -1   17   3   0   0   0   4  12   0   0   0   0   8   0   0  17  24  10   0   0   5  0.41 0.22
    6 P     2  -3  -3  -2  -4  -1  -1  -2  -4  -4  -4   1  -4  -5   7  -1  -1  -5  -4  -2   18   0   0   2   0   2   4   1   0   0   0   8   0   0  57   1   3   0   0   4  1.31 0.42
    7 A     3   0   0  -1  -2   1  -1  -1  -2  -2  -2   2  -1  -2  -1   1   0  -4  -3  -1   39   4   6   3   0   5   1   1   0   1   1  15   1   2   2   8   6   0   0   4  0.28 0.20
    8 A     3  -1   1  -1  -3   0  -1  -2  -2  -2  -2   2  -2  -4   0   2   0  -4  -3   0   26   0   7   3   0   2   2   0   0   0   3  20   0   0   4  23   2   0   0   9  0.33 0.25
    9 E     1   0  -1   2  -4   1   5  -3  -2  -3  -3   1  -2  -5  -2   0  -1  -5  -4  -3   13   3   1  10   0   5  48   0   0   1   1   6   1   0   1   5   2   0   0   1  0.69 0.38
   10 G     1  -2   1   1  -4  -1   2   3  -3  -3  -3   0  -3  -4   2  -1   0  -4  -4  -1   12   1   6   8   0   0  19  25   0   0   1   6   0   0  11   2   4   0   0   4  0.38 0.24
   11 E     0   0   1   2  -1   1   4  -3  -1  -2  -4   1  -3  -4  -2   1   1  -4  -3  -2   10   4   7  10   1   4  32   0   1   2   0  10   0   0   1   8   7   0   0   2  0.41 0.28
   12 G     0  -1   0   2  -3   0   1   3  -2  -2  -3   1  -3  -4  -2   1   0  -4  -3  -1    9   2   3  12   0   4  10  25   0   2   1   8   0   0   1  13   4   0   0   6  0.28 0.20
   13 T     1   0  -1   1   0  -1   0  -1  -3  -1  -2   0   0  -3   2   2   2  -4  -3   0   12   5   2   7   2   0   5   4   0   2   2   4   2   0  11  16  18   0   0   7  0.22 0.19
   14 P    -1   0  -2   0  -4  -1  -1  -1  -3  -3  -2   1   0  -4   5   1  -1  -5  -4   0    4   5   1   5   0   2   4   6   0   0   3  11   3   0  36  10   3   0   0   9  0.60 0.32
   15 T     2  -1   0   0  -3  -1   1  -2  -3  -2  -1   3  -1  -4  -2   1   2  -4  -3  -1   21   1   3   6   0   1   8   1   0   1   5  24   1   0   1   8  14   0   0   5  0.28 0.26
   16 Q     0   0   0  -1  -4   2   3  -2  -2  -3  -4   3  -2  -5   2   0   0  -5  -4  -3    9   4   4   2   0   8  27   2   0   2   0  20   1   0   8   8   4   0   0   1  0.45 0.31
   17 P     2  -2   0   0  -4   1   2  -2  -3  -4  -3   2  -1  -5   4   0  -1  -5  -4  -2   16   1   3   4   0   7  13   2   0   0   1  13   2   0  26   4   2   0   0   3  0.54 0.34
   18 A     2  -1   1   0  -3  -1   3  -1  -3  -3  -3   1  -2  -4  -2   1   0  -4  -4   0   23   1   6   5   0   1  23   4   0   1   1  12   1   0   1   9   5   0   0   8  0.32 0.28
   19 S     0   0   0   2  -3   1   2  -2  -1  -2  -2   1   0  -4   1   1   1  -4  -3   0    7   5   4  13   0   5  13   2   1   0   3  11   3   0   6  10  10   0   0   7  0.20 0.18
   20 E    -1   0   1   2  -5   1   4  -1  -3  -3  -4   2  -2  -5  -1   0   0  -5  -4  -1    3   3   6  13   0   4  33   4   0   1   1  13   1   0   3   8   6   0   0   4  0.48 0.34
   21 K     0   0  -1   0  -4  -1   2  -3  -2  -4  -3   5  -3  -3  -1   0   0  -5  -4   0    8   2   3   5   0   1  17   1   1   0   1  39   0   1   2   8   5   0   0   7  0.54 0.39
   22 E     1   0  -2   0  -4  -1   4  -1   1  -4  -3   3  -1  -5   0   1   0  -5  -4  -3   11   5   1   4   0   1  29   5   3   0   2  20   1   0   5   8   4   0   0   1  0.42 0.33
   23 P     0  -1  -1   1  -4   1   2  -1  -2  -3  -3   1   0  -4   4   1   0  -5  -4  -1    7   3   3   7   0   6  16   4   0   1   0   9   3   0  21   9   4   0   0   6  0.38 0.27
   24 E     0  -1   0   1  -3   1   4  -2  -1  -4  -3   2  -2  -5   0   1  -1  -5  -4  -2    9   2   4   7   0   4  32   3   1   0   1  12   1   0   5  12   3   0   0   3  0.42 0.32
   25 M    -1   0  -1   0  -2   0   2  -1  -2  -1  -2   2   0  -4   0   2   2  -4  -3   0    4   6   2   6   1   3  13   3   0   2   1  13   3   0   4  17  13   0   0  10  0.21 0.22
   26 P     0   1   0   2  -4   0   2  -1  -1  -4  -3   1  -1  -4   4   0   0  -5  -4  -2    9   7   3  14   0   3  13   4   1   0   1   9   1   0  19   7   4   0   0   4  0.38 0.26
   27 G     1  -1  -1   0  -4   0   1   2  -2  -3  -3   3  -3  -4   0   1   1  -4  -4  -1   10   1   2   5   0   3  10  19   1   1   1  20   0   0   4   9   9   0   0   5  0.28 0.24
   28 P    -1   1   0   0  -4   1   1  -2  -2  -2  -2   3  -1  -4   4   0   0  -5  -4  -1    5   6   4   6   0   5   8   2   1   1   3  19   2   0  20   7   6   0   0   6  0.35 0.26
   29 R    -1   1   0   2  -4   0   2  -1  -3  -4  -4   3  -3  -5   1   1   0  -5  -4  -2    4   8   3  11   0   3  14   4   0   0   0  23   0   0   7  13   5   0   0   4  0.39 0.30
   30 E    -1   0   0   3  -5   1   4  -1  -3  -4  -4   2  -1  -5  -2   0   0  -5  -4  -2    4   3   3  18   0   5  30   4   0   0   1  15   2   0   1   6   5   0   0   3  0.54 0.37
   31 E     0  -1   0   0  -2   1   4  -1  -2  -3  -4   2  -3  -5  -1   0   0  -5  -4  -1    9   3   4   5   1   5  33   4   1   1   1  13   0   0   3   8   6   0   0   4  0.43 0.34
   32 S     0   0   0   2  -3   0   1   0  -2  -1  -2   2  -1  -3   1   2   1  -4  -3  -1    7   3   2  10   0   4  11   5   1   3   2  15   1   1   7  17   7   0   0   3  0.21 0.20
   33 E     0   0   0   2  -4   1   2   0   0  -3  -3   1  -2  -3  -1   1   0  -4  -2  -1    9   4   4  12   0   4  19   6   2   1   1   9   1   1   2  14   6   0   1   4  0.24 0.21
   34 E     0  -1   0   2  -4   0   4   0  -1  -3  -4   2  -2  -4  -1   0   0  -5  -3   0    7   1   3  10   0   3  29   6   1   1   1  15   1   0   2   7   6   0   1   6  0.38 0.30
   35 E    -1   0   0   1  -4   0   4  -2  -1  -3  -3   3  -3  -5  -1   0   0  -5  -3  -1    5   4   5   7   0   2  32   3   1   1   2  18   0   0   3   8   5   0   0   4  0.44 0.33
   36 E     0   0   0   2  -4   0   3   0  -1  -3  -3   2  -2  -3   0   1   0  -4  -4  -1    7   3   3  11   0   4  24   8   1   1   2  14   1   1   4   8   4   0   0   5  0.30 0.25
   37 D    -1   0   1   3  -4   0   2   0  -2  -3  -3   2  -2  -4  -2   1   0  -5  -3  -2    5   4   8  16   0   3  18   8   0   1   1  14   1   0   1  13   5   0   0   2  0.34 0.26
   38 E     0   0  -1   2  -4   0   3  -1  -2  -3  -4   2  -3  -5   1   1   0  -5  -4  -2    8   3   2  10   0   4  26   5   1   1   0  13   0   0   6  12   7   0   0   2  0.39 0.30
   39 D    -1   0   0   4  -4   0   2  -1  -3  -3  -4   2  -3  -5   1   0   0  -5  -4   0    4   3   4  23   0   3  15   4   0   1   0  17   0   0   6   8   6   0   0   7  0.41 0.31
   40 D    -1  -1   2   3  -3   0   2  -1  -3  -2  -3   2  -2  -3  -2   1  -1  -5  -4  -1    4   3   9  20   0   2  18   5   0   2   2  15   1   1   2  11   4   0   0   5  0.36 0.29
   41 E     0   0   1   2  -4   1   3  -1  -2  -3  -3   2  -2  -4   0   1   0  -5  -4  -2    8   3   5  12   0   6  24   4   0   1   1  12   1   0   4   8   6   0   0   3  0.34 0.27
   42 E     0   0  -1   2  -4  -1   4   0   0  -2  -3   2   0  -5  -1   0  -1  -5  -4  -2    6   3   2  11   0   1  31   7   2   2   2  14   3   0   3   6   3   0   0   3  0.39 0.31
   43 E    -1   0  -1   0  -3   0   3  -1  -3  -3  -2   3  -2  -4   2   1  -1  -5  -4  -3    5   3   2   5   0   3  24   4   0   2   4  19   1   1  12  10   3   0   0   1  0.39 0.31
   44 E    -1   1  -1   0  -3   1   3  -1  -1  -4  -3   4  -3  -5   1   1   0  -3  -4  -2    5   5   2   3   0   4  18   3   1   0   3  29   0   0   8   9   6   0   0   3  0.42 0.33
   45 E     0  -1   0   0  -4   1   2  -1  -3  -1  -1   2  -1  -3   2   0   0  -4  -3   1    6   1   4   4   0   5  15   5   0   2   7  17   2   0  10   8   4   0   0  10  0.20 0.21
   46 E    -1  -1   0   1  -3  -2   2   3  -3  -3  -3   1  -2  -4   2   0   0  -5  -3  -2    5   3   5   8   0   0  13  27   0   2   2   9   1   0  10   7   4   0   0   2  0.35 0.26
   47 E     0  -1   0  -2  -2   0   2  -2   0  -1   2   0  -1  -3   0   1   1  -4  -3  -1    5   2   4   1   0   3  19   2   2   2  23   7   1   0   5  12  10   0   0   2  0.20 0.23
   48 K    -1  -2   0  -1  -3  -1   0  -2  -1  -1   2   1  -1   0   3  -1  -1  -3   1  -1    5   1   4   3   0   1   7   2   1   1  23  13   1   4  14   5   4   0   6   3  0.18 0.20
   49 E    -1   0  -1   4  -5  -1   3  -2  -2  -3  -3   1  -2  -3  -1   0   0  -5  -1  -1    4   5   1  27   0   1  25   3   1   1   2   8   1   1   3   6   4   0   3   4  0.48 0.34
   50 K     0   2  -1  -2  -4   3   1  -2   0  -3  -1   2  -1  -4   1   0   1  -2  -3  -2    8  11   2   1   0  16   9   2   2   1   5  15   1   0   7   7   9   1   0   2  0.29 0.26
   51 S    -1  -2  -3  -2  -5  -2  -2  -2  -5  -3  -5  -1  -5  -4   6   3   0  -6  -4  -2    4   2   1   1   0   1   2   4   0   1   0   3   0   1  48  22   6   0   0   3  1.19 0.62
   52 L     0  -2  -2  -1  -3  -1  -1  -1  -3   1   2  -1  -1  -2   1   0   1  -4  -3   2    9   1   1   3   0   2   4   6   0   5  22   3   0   1   8   6   9   0   0  21  0.19 0.21
   53 I    -1  -1  -2   0  -4  -1   3  -2  -4   4  -1  -1  -2  -2  -1   0  -1  -5  -3   3    3   3   1   4   0   1  20   3   0  27   3   2   0   1   2   6   3   0   0  20  0.38 0.32
   54 V    -1   0  -2   2  -1  -1   1  -2  -3   2   1   0   1  -3  -3  -1   0  -4  -3   3    4   5   0  12   1   2   9   2   0  11  11   6   4   0   1   4   5   0   0  23  0.18 0.20
   55 E    -2   5  -1  -1  -5   1   3  -2  -3  -5  -5   1  -4  -5  -3   2   1  -5  -3  -4    2  29   3   3   0   4  24   2   0   0   0   7   0   0   1  16   7   0   1   0  0.73 0.47
   56 G    -1  -3  -2  -1  -5  -3  -2   5  -3  -6  -6  -3  -5  -3   5   0  -2  -5  -5  -4    4   1   1   3   0   1   3  48   0   0   0   1   0   1  27   7   2   0   0   1  1.15 0.59
   57 K    -1   0  -1  -3  -2  -1  -2  -2  -4  -3  -3   5  -1  -5  -1   1   1  -5  -4   0    5   4   2   0   1   2   1   3   0   1   1  46   2   0   3  10   9   0   0   8  0.67 0.46
   58 R    -5   8  -5  -6  -7  -2  -3  -4  -2  -5  -5   0  -5  -7  -6  -2  -5  -7  -6  -6    0  87   0   0   0   1   2   1   1   1   1   4   0   0   0   2   0   0   0   0  2.44 1.04
   59 E     0  -1   0   1  -6   2   5  -3  -1  -3  -5   0  -3  -6  -1  -1  -2  -6  -5  -1    7   2   4   7   0  11  49   1   1   2   0   4   0   0   3   3   2   0   0   4  0.84 0.53
   60 K    -4   7  -2  -3  -7  -3  -4  -4  -3  -4  -6   3  -2  -6  -4  -1  -4  -6  -5  -4    1  70   2   1   0   0   0   1   0   1   0  15   1   0   1   4   1   0   0   1  1.83 0.85
   61 K    -4   1  -3  -5  -7  -2  -2  -4   3  -5  -6   7  -3  -6  -5  -3  -1  -6  -4  -3    1   7   1   0   0   1   2   1   6   1   0  74   1   0   0   1   4   0   0   2  1.74 0.85
   62 K     0  -1   0  -3  -2   1  -1  -3  -2  -3  -3   4  -2  -5   2   3   2  -5  -4  -1    7   2   3   0   1   6   3   0   1   1   2  26   1   0   9  20  15   0   0   4  0.49 0.40
   63 V    -1  -4  -6  -5  -4  -5  -4  -5  -6   1  -2  -4  -2  -5  -1  -2   2  -6  -5   6    4   1   0   1   0   0   1   1   0   6   2   1   1   0   3   2  10   0   0  68  1.36 0.71
   64 E    -2  -2  -1   2  -5   3   6  -3  -2  -4  -5  -1  -4  -5  -4  -1  -2  -5  -5  -1    3   2   2  10   0  12  53   1   1   1   1   3   0   0   0   4   2   0   0   5  1.06 0.61
   65 R    -5   7  -1  -4  -2  -2  -3  -5   2  -5  -4   1  -5   0  -2  -2  -3  -5  -4  -2    0  70   2   1   1   1   1   0   4   0   1   6   0   4   2   2   1   0   0   3  1.66 0.79
   66 L    -4  -4  -4  -3  -4  -4  -4  -5  -2   0   4  -4   2   5  -3  -4  -3  -1   4  -1    1   0   1   2   0   0   1   1   1   3  42   1   4  24   2   1   1   1  12   2  0.94 0.50
   67 T     0  -2   0   1  -3  -1   1  -2  -1  -1  -2   0  -2  -3  -3   2   2  -4  -2   2    7   1   3   7   0   2   8   3   2   3   2   5   1   1   0  21  13   0   1  20  0.26 0.28
   68 M     1  -3  -1  -1  -3  -1   2  -2  -3   1   0  -1   3   1   0  -1  -1  -3   0   1   14   0   3   3   0   2  15   2   0   7  10   3  10   7   5   4   3   0   3   9  0.13 0.18
   69 Q     0  -2   0   1  -3   2   1  -1  -2  -2  -2  -1   0  -3   2   2   1  -2  -2   0    6   1   4   8   0  11  11   4   1   1   4   3   2   1   9  16   9   1   1   9  0.19 0.21
   70 V     1  -2  -1   0  -3  -1   0  -2  -2   2  -1  -1   0   0   1   1   1   0  -1   1   14   1   3   7   0   2   4   2   1  13   4   2   2   5   7  13   8   2   1   9  0.10 0.15
   71 S     0   0   0   1  -4  -1   3  -3  -2  -3  -2   1  -3  -3   3   2   1  -4  -4  -2    7   5   3   7   0   2  18   1   1   1   3  10   0   1  17  14   8   0   0   3  0.38 0.30
   72 S     0   1  -1   0  -2   0   1  -1  -1  -2  -2   3  -3  -4   3   1   1  -4  -3  -1    7   6   2   5   1   2   9   3   1   2   4  20   0   0  13  11   7   0   0   6  0.27 0.23
   73 L     0   0  -1   1  -3   0   1   0  -2  -1  -1   1  -1  -3   1   1   0  -2  -2   0    9   4   2   9   0   3  11   6   0   4   5  12   1   0   8  12   7   1   1   7  0.13 0.13
   74 Q     1   1  -1  -1  -4   1   1  -2  -1  -2  -3   2  -3  -3   2   1   0  -4  -2  -2   13   7   1   2   0   7  11   2   1   2   1  17   0   1  12  13   6   0   1   2  0.31 0.26
   75 R     0   1   1  -2  -4  -1   1  -2  -1  -2  -4   4  -2  -4   0   1   1  -5  -4  -1    6   8   7   1   0   1   9   2   1   2   1  34   1   1   4  10   9   0   0   4  0.45 0.34
   76 E     0   1  -2   0  -5   1   3  -2  -2  -5  -4   5  -2  -5  -2  -1  -1  -5  -3  -2    8   6   1   4   0   5  18   3   1   0   0  39   1   0   2   5   3   0   1   3  0.65 0.43
   77 P     0   0  -1   1  -1   0   2  -1  -1  -3  -3   2  -3  -3   3   0   0  -4  -3   0    8   3   3   6   1   3  18   4   1   1   2  14   0   1  15   6   6   0   0   6  0.28 0.23
   78 F    -1  -2  -1  -1  -3  -1  -1  -3  -2   1   1   0   0   3   0   0   0  -3   0   1    5   0   2   3   0   3   5   1   1   7  15   9   2  17   5   6   5   0   1  13  0.15 0.16
   79 T     0  -1   0   0  -3   0   2  -3   1  -1  -1   1   0  -2   0   1   1  -4  -2   1    8   3   3   6   0   3  17   0   4   2   4   9   3   2   5  11   7   0   1  10  0.15 0.16
   80 I    -2  -1  -1  -2  -4  -1   0  -3  -2   5   0   0   0   0   1  -3  -2  -4  -2   1    3   4   4   2   0   2   8   2   1  38   5   6   2   3   6   1   2   0   1  10  0.43 0.30
   81 A     0  -2  -2  -1  -2   1   3   0  -1  -1  -2   1  -2  -1   3  -1  -1  -1  -2  -1    8   1   1   3   1   6  20   8   1   4   3   9   1   3  18   3   3   1   1   6  0.29 0.22
   82 Q    -1   0   0   0  -4   2   2  -2   0  -2  -3   4  -1  -2   0  -1  -1  -4   0  -2    4   4   3   5   0  12  16   2   2   2   1  27   2   1   4   4   3   0   4   3  0.34 0.24
   83 G    -1  -2  -3  -2  -5  -4  -2   6  -5  -1  -5  -2  -5  -5   0  -3  -2  -5  -5  -3    4   2   0   2   0   0   2  73   0   4   0   2   0   0   4   0   2   0   0   2  1.45 0.56
   84 K    -1   3   0   0  -1   1   1  -2   0  -3  -3   3  -3  -2   0   1   0  -4  -3  -3    2  15   4   4   1   5   8   2   2   2   1  24   0   1   5  13   7   0   0   1  0.34 0.23
   85 G    -1  -1  -3  -3  -4  -3  -1   6   2  -5  -5  -1  -4  -1  -1  -3  -4  -4  -4  -2    4   4   0   0   0   0   5  65   6   0   1   4   0   3   3   1   0   0   0   3  1.17 0.46
   86 Q     0  -1  -1   2   0   0   1  -2  -2   0  -1   0   1  -3  -1   0   3   1  -1   0    5   3   2  12   2   3  10   2   0   4   4   5   4   0   3   4  23   2   2   9  0.16 0.17
   87 K     0   0   0  -2   1   1   0  -2   1  -2  -1   2   1  -2   2   0   1  -2   2  -1    8   5   4   1   4   5   5   1   3   0   4  16   5   0  10   5   9   0  10   5  0.16 0.13
   88 L    -1  -2  -3  -3   4  -2  -3  -3  -2   2   1  -2   2   2  -3  -2  -1   5   0   1    1   1   1   1  13   1   1   1   0  13  14   1  13  13   1   1   1  13   0  13  0.32 0.09
   89 C    -1   1  -3  -4   0  -3  -2   5  -5  -5  -6   4  -4  -6  -5   0  -3  -6  -4  -5    4   6   1   0   2   1   2  49   0   0   0  27   0   0   0   6   1   0   1   1  1.15 0.59
   90 E    -3  -3   0   6  -6   0   4  -5  -1  -6  -5  -2  -6  -7  -5  -1  -2  -7  -6  -5    2   1   4  53   0   4  23   0   2   0   1   1   0   0   0   5   2   0   0   1  1.42 0.68
   91 I    -5  -7  -2  -7   2  -6  -7  -7  -2   8  -1  -6   2  -2  -7  -3  -5  -6  -5  -2    0   0   2   0   5   0   0   0   1  80   3   0   4   2   0   2   0   0   0   1  2.07 0.86
   92 E    -1  -5  -3  -2  -2  -1   2  -3  -5  -6  -5  -2  -2  -5   7  -1  -4  -7  -5  -5    5   0   1   2   1   2  15   2   0   0   1   3   1   1  61   4   1   0   0   1  1.69 0.79
   93 R    -1   3   6  -2  -1  -2  -3  -3   1  -1  -2  -1  -3   0  -3  -1  -2   0   2  -2    4  15  38   1   1   1   1   2   3   3   4   4   0   4   1   5   2   1   6   2  0.66 0.45
   94 I    -2  -5  -5  -5  -4  -5  -5  -3  -5   5  -2  -5  -3  -1  -3  -4  -1  -5  -4   5    2   0   0   0   0   0   0   2   0  34   2   0   0   2   1   0   4   0   0  49  1.31 0.61
   95 H     3  -1   2   1   2  -1   2  -2   1  -3  -3  -1  -2  -3  -2   0   0  -4  -3  -1   27   3  11   6   5   2  15   2   4   0   2   4   1   1   1   7   4   0   0   4  0.31 0.27
   96 F     1  -2   0   0  -4  -1   0  -3   3  -2  -2  -1  -3   4  -4  -1  -1  -2   4  -1   11   2   4   5   0   3   8   1   9   2   3   3   0  21   0   4   3   0  17   5  0.46 0.32
   97 F     0   0   2  -2  -3   2  -1  -2   1  -3  -2   3   0   1  -3   1  -2  -1  -1  -3    7   3  12   1   0  12   2   2   4   1   4  23   2   7   0  12   1   1   2   1  0.34 0.30
   98 L    -1  -5  -5  -5  -4  -5  -5  -5  -5   5   4  -5   2   1  -5  -2  -4  -4  -4   0    5   0   0   0   0   0   0   1   0  33  41   0   5   6   0   3   0   0   0   4  1.02 0.50
   99 S    -1   0   2   0   1   0   0   0  -3  -3  -4   1  -1  -4  -2   3   2  -4  -3  -2    5   4  10   6   3   4   5   7   0   1   1   8   1   0   1  28  12   0   1   3  0.36 0.30
  100 K    -3   3   0  -3  -1  -1  -2  -2   0  -3  -5   6  -2  -4  -4  -1  -1  -5  -1  -4    1  17   4   1   1   2   2   3   2   1   1  50   1   1   0   5   3   0   3   1  1.02 0.56
  101 K     0   2  -1  -3   0  -1  -2  -3   2   0  -1   2   1   2  -2  -1   1  -3  -1   0    9  14   2   0   2   1   2   1   5   4   6  15   4   9   1   4  12   0   1   7  0.18 0.20
  102 K    -2   2   0  -1  -5  -1  -2  -3   0  -5  -4   6  -3  -5  -2   1   2  -5  -2  -4    3   9   3   3   0   2   1   2   2   0   1  45   0   0   2  12  11   0   1   1  0.84 0.51
  103 T     2  -2   0   0   0  -1  -2   0  -1   0  -2  -2  -1  -3   3   1   1  -2  -3   0   19   2   5   6   2   2   2   8   1   5   3   1   2   1  13  13  10   1   1   6  0.22 0.21
  104 D     0  -2  -1   5  -5   0   3  -3  -2   0  -4  -2  -1  -4  -2  -1  -2  -5  -1  -3    7   2   2  41   0   3  18   1   1   5   1   2   2   1   2   4   2   0   3   2  0.76 0.45
  105 E    -2  -3   0   5  -3   0   2  -3  -2  -2  -2  -2   0  -3  -2   0  -1  -5  -4  -2    3   1   4  39   1   4  16   2   1   2   4   2   3   1   2   8   4   0   0   4  0.66 0.41
  106 L    -2  -4  -5  -5  -1  -1  -2  -5  -5   1   5  -2   1   0  -3  -4  -3  -4  -2   0    3   0   0   0   1   2   3   1   0   8  62   3   3   3   2   1   2   0   1   5  0.95 0.50
  107 R    -3   2  -2  -2  -5   2  -2  -2   1  -3  -2   6  -3  -1  -4  -1  -1  -5  -3  -3    1   9   1   2   0  10   2   3   3   2   4  48   0   3   0   5   3   0   1   2  0.85 0.52
  108 N    -1   0  -1  -1  -1   0  -1   0   0   1   1  -1   1   0   1  -1   0  -1  -1   1    4   5   2   3   1   4   2   6   3   9  18   4   3   3   9   4   7   1   1   9  0.05 0.07
  109 L    -3  -5  -5  -2   0  -1  -2  -6  -2   1   5  -5   1   0  -5  -5  -3   2  -4  -1    1   0   0   3   2   3   3   0   1   6  67   0   3   3   0   0   1   3   0   3  1.12 0.56
  110 H    -5  -1   0  -3  -6  -1  -2  -6  10  -2  -6  -5  -5  -2  -6  -2  -3  -5   2  -6    0   3   4   1   0   3   3   0  67   3   0   0   0   2   0   4   2   0   7   0  2.40 0.94
  111 K    -1   4   0  -2  -4   1  -2  -3  -1  -2  -1   2   1   0  -3   0   1   1   1  -1    4  23   5   2   0   7   1   1   1   1   5  14   4   4   1   6  10   2   5   5  0.30 0.26
  112 L    -1  -4  -5  -2  -1  -4  -5  -5   0   4   3  -4   0   1  -3  -4  -1  -4  -1   2    6   0   0   2   1   0   0   0   2  29  32   0   1   6   1   0   3   0   2  12  0.67 0.37
  113 L    -2  -5  -5  -6   5  -5  -5  -6  -5   2   4  -5   4   1  -3  -3  -4  -4  -4  -1    3   0   0   0  14   0   0   0   0  10  49   0   9   6   1   2   0   0   0   3  1.06 0.52
  114 Y    -5  -5  -5  -6  -5  -2  -5  -4  -1   0  -2  -5  -1   7  -6  -2  -5   1   6  -3    1   0   0   0   0   2   0   1   1   5   4   0   1  48   0   3   0   2  27   1  1.66 0.69
  115 N    -2   0   2   0  -3  -2  -2   5  -4  -4  -2   1  -4  -1  -2   0  -2  -2  -4  -3    2   5   9   4   1   1   2  47   0   1   4   8   0   3   2   5   2   1   0   2  0.69 0.39
  116 R    -1   5  -1  -2   0   0  -2  -2  -1  -3  -3   3  -1   0  -4   0  -1  -5  -1  -2    6  38   2   2   2   4   2   3   2   2   2  16   2   4   0   6   3   0   2   3  0.60 0.43
  117 P     0   2   1  -1  -3   0  -1  -1   0  -1   0   1   0   0   3  -1   0  -3  -1   0    6  11   6   2   0   5   2   3   2   2  11  10   2   4  15   2   5   0   2   8  0.16 0.17
  118 G     0  -1  -3  -2   2  -4  -2   5   1  -3  -5  -2   0  -2   0  -1  -2  -5  -1  -2    7   3   0   2   5   0   2  50   3   2   0   2   2   2   5   5   3   0   2   3  0.77 0.49
  119 T     0   0   1   0  -2   1   0   0   2   0  -1   0   1  -2   1   0   0  -3  -2   0    6   6   6   6   0   6   6   6   6   6   6   6   6   0   6   6   6   0   0   6  0.06 0.08
  120 V     0   0   0   0  -2   1   0   0   1   0  -1   0   1   0   1   0   0  -2   1   0    6   6   5   6   0   5   6   6   5   6   6   6   5   5   6   6   6   0   5   6  0.03 0.06
  121 S     0   1   2  -2   0   0  -2  -2   3  -1  -1   1   1  -2  -1   1   2  -3  -1  -1    9   7  10   1   2   3   1   2   9   2   6   9   4   1   3  11  15   0   1   4  0.16 0.17
  122 S     0  -1   1   1  -3   1   2  -2   1  -2  -1   0   0  -2  -1   0   2  -3  -1  -1    7   1   8   6   0   7  18   1   4   1   8   6   2   1   2   6  13   0   2   5  0.17 0.17
  123 L    -2   2  -3  -4  -1  -3  -4  -4   2   3   1  -3   1   1  -2  -2  -2  -1  -2   3    2  14   1   0   1   0   0   1   5  21  16   0   4   7   2   2   1   1   1  22  0.44 0.28
  124 K    -4   3  -2  -2  -6   0  -3  -5   0  -5  -4   7  -4   0  -4  -3  -4  -5  -4  -5    0  14   1   2   0   3   0   0   2   0   1  68   0   4   0   0   0   0   0   0  1.54 0.68
  125 K    -1   4   1  -3  -3   3   0  -2   1  -5  -4   4  -3  -4  -2   0  -1  -4  -1  -4    4  21   8   0   0  12   3   2   3   0   0  30   0   0   1   8   3   0   3   1  0.62 0.38
  126 N    -2  -2   6   2  -5  -1  -1  -2   4  -5  -3  -2  -4  -1  -4   0  -1  -5  -4  -5    2   2  48  10   0   2   4   3  10   0   3   2   0   3   0   7   4   0   0   0  1.03 0.53
  127 V    -2  -2  -6  -6  -4  -5  -5  -6  -5   6   3  -5   0  -1  -5  -5  -4  -1  -4   1    2   2   0   0   0   0   0   0   0  53  29   0   1   2   0   0   0   1   0   7  1.23 0.55
  128 G    -3   5  -3  -4  -2  -1  -2   0  -2  -1   2   1  -1  -2  -4  -1  -2  -4  -2  -1    1  40   0   0   1   1   1   7   1   3  22   8   1   1   0   6   1   0   1   4  0.62 0.39
  129 Q     1   1   0   0  -4   4   2  -3   0  -1   0   3  -1  -3  -3  -1  -2  -4  -3  -3   11   5   4   5   0  19  11   1   2   3  13  18   1   1   0   2   2   0   0   0  0.32 0.27
  130 F    -5  -6  -6  -6  -5  -6  -6  -6   0  -4  -2  -6  -4   8  -6  -2  -5   4   0  -2    0   0   0   0   0   0   0   0   3   0   3   0   0  78   0   4   0   5   1   2  2.30 0.85
  131 S     0   0   4  -1   2  -3  -3  -2  -1  -4  -4   0  -4   0  -1   5  -1  -5  -2  -4    5   5  18   2   5   0   0   2   1   0   1   6   0   4   3  43   3   0   1   0  0.69 0.45
  132 G    -3  -3  -4  -5   3  -5  -5   7  -1  -6  -4  -5  -5  -6  -5  -4  -5   0  -5  -6    0   1   0   0   7   0   0  83   2   0   2   0   0   0   0   0   0   1   0   0  2.01 0.78
  133 F    -4  -5  -5  -3  -2  -5  -5  -5  -2   0  -1  -4   1   8  -5  -3  -3   2   3  -2    1   0   0   2   1   0   0   0   1   4   4   1   4  63   0   2   2   2   9   3  1.61 0.64
  134 P     1  -3   0   1   0  -1   0  -2  -3  -1  -2  -2  -2  -3   3   1   1   2  -3   2   10   0   3  10   2   2   4   2   0   1   2   2   0   0  17  12   8   3   0  20  0.30 0.25
  135 F    -1  -4  -1  -2  -4  -2  -1  -2  -2  -2  -1  -2  -3   6  -2  -1   0   7   1  -2    6   1   3   2   0   1   4   4   1   2   4   2   0  34   2   5   6  18   4   2  0.86 0.41
  136 E     1  -2   0   3  -4   0   3   1   2  -3  -3   0  -2  -3   0   0  -1  -4  -3  -2   11   1   4  21   0   4  20   9   5   1   1   5   1   1   4   6   3   0   0   2  0.35 0.23
  137 K    -1  -1   1   2  -1   0   3  -1   0  -2  -2   1   2  -4  -1   0   0  -4  -4  -2    6   3   8  11   2   4  19   5   2   2   3  11   6   0   3   8   6   0   0   3  0.23 0.23
  138 G    -2  -1   2   4   0  -1   2   1  -1  -2  -3   0  -1  -4   1   0  -1   0  -2  -2    3   2  11  22   2   2  11   9   1   2   3   6   2   0   7   8   4   1   1   2  0.33 0.28
  139 S     0  -1   0   2   1   0   2  -1   2  -1  -2  -1  -3  -4  -1   3   0  -4  -3  -1    7   3   3  11   3   3  14   4   6   3   4   4   0   0   3  21   4   0   0   4  0.25 0.24
  140 V     0  -1  -1   2   1   1   1  -1   0  -1  -2   2   0  -1   1  -1   0  -4  -1  -1    8   3   3  14   3   6   8   4   3   3   3  16   3   3   7   4   5   0   3   4  0.16 0.17
  141 Q     0   0   0   0  -4   2   4  -2   0  -1  -1   1   0  -4  -1  -1  -1  -4   0  -1    7   5   3   5   0   9  28   2   2   4   5   9   2   0   3   4   3   0   4   4  0.27 0.27
  142 Y    -2   3  -1  -3  -1   1   0  -3   2  -1  -3   2   1   2  -4  -2  -2   0   5  -2    3  16   3   1   1   5   6   1   6   4   2  12   4   9   0   2   2   1  19   3  0.47 0.36
  143 K     0   0   0   1  -4   2   3  -1   1   0  -2   2   1  -4  -1  -1   0  -4  -1  -1    7   4   3   7   0   8  23   4   3   5   4  13   4   0   2   3   5   0   2   4  0.26 0.26
  144 K    -1   3  -1  -2  -1  -1  -1  -4  -1  -2  -2   5  -1  -5  -3  -1  -2  -1  -1  -2    5  14   2   2   1   2   3   1   1   3   4  43   1   0   1   5   2   1   3   3  0.73 0.50
  145 K     0   2  -3  -2  -2  -2  -2  -2  -1   0   0   4   0  -1  -4  -3   0  -1  -2   2    7  12   0   2   1   1   2   2   1   5   8  31   2   2   0   0   5   1   1  14  0.40 0.36
  146 E    -2   2  -1  -2  -4   1   2  -2   1  -1   0   4   0  -1  -3  -1  -1   0  -3   0    3  11   2   2   0   6  13   3   3   3  10  26   2   3   0   3   2   1   0   8  0.31 0.29
  147 E     1   0   1   2  -5   0   4  -3  -1  -3  -3   0  -2  -2  -4  -1   0   0  -4  -3   15   4   5  12   0   3  34   2   1   1   3   6   1   2   0   4   5   2   0   2  0.48 0.39
  148 M     0   2  -1  -3  -2   0   0  -3  -1   0  -1   4   2   0  -3   0   0  -1  -1  -2    6  11   3   0   1   4   4   2   2   5   6  31   5   4   0   6   6   1   2   3  0.32 0.30
  149 L    -1  -2  -3  -4   0  -4  -5  -5  -5   2   5  -3   2   1  -5  -3  -1  -4  -3   1    5   2   1   1   2   0   0   0   0  10  51   2   6   7   0   1   3   0   0   8  0.75 0.46
  150 K    -1   0   1   3  -2   1   2   0   0  -2  -1   1   0  -4  -3   1  -1  -4  -2  -2    5   4   6  17   1   5  16   8   3   2   5  10   3   0   0   9   2   0   1   2  0.25 0.23
  151 K     0   0   0   0   2   1   0   0   2   0  -1   0   1  -2  -2   0   0  -2   1   0    6   6   6   6   6   6   6   6   6   6   6   6   6   0   0   6   6   0   6   6  0.05 0.09
  152 F    -1   1  -1  -3   2  -1  -3  -2   1   0   0   1   3   2  -3  -1  -1   6   1  -1    4   8   3   0   5   3   0   3   4   4   9   8   9  10   0   5   3  11   5   3  0.27 0.25
  153 R    -2  -1   2   1  -2   0   1  -2   0  -2  -3   2  -1  -1   1   0   3  -4  -2   0    2   2   9   8   1   3   7   2   3   2   2  12   2   3   6   6  21   0   1   8  0.24 0.26
  154 N    -1  -1   0  -1   0   0  -1  -2  -1   0   0   3   1  -1  -2   0   0  -4   0   1    5   2   5   3   2   4   2   2   2   6  11  22   4   2   2   8   5   0   4  10  0.13 0.18
  155 A     0   0   0   1  -1   0   1  -1  -1  -1  -1   2  -1  -2   0   0   0  -4  -1   0    9   4   4   8   1   2  11   5   2   4   4  16   2   2   5   7   7   0   2   7  0.10 0.12
  156 M     0   0   0   0   0   0   1   0   1  -1  -1   0   0  -1   0   1   0  -3   0  -1    8   5   3   6   3   4   8   5   5   3   7   8   3   3   3  11   6   0   3   5  0.04 0.05
  157 L     0   0   0  -2   2   1   0  -2   2   0   0   0   1   0   1   0   0  -3  -1   0    6   6   6   0   6   6   6   0   6   6   6   6   6   6   6   6   6   0   0   6  0.07 0.12
  158 K    -2   2   0  -2  -1   0  -2  -3   2  -1  -1   5  -1  -1  -1  -1  -2  -1  -2  -1    3   9   4   2   1   4   1   2   5   4   7  38   1   3   3   4   2   1   1   4  0.48 0.36
  159 S    -1   0   1   2  -4   1   3  -1   0  -2  -1   1   0  -1  -2   0   0   1  -2  -1    4   3   6  12   0   7  18   3   3   1   6   9   3   2   1   8   7   2   1   4  0.20 0.19
  160 I     0  -4  -5  -5   0  -4  -2  -5  -4   4   2  -1   3   3  -5  -2  -1   0  -1   2    7   0   0   0   2   0   3   0   0  22  18   3   8  13   0   3   3   1   1  12  0.52 0.33
  161 C     0  -2  -5  -1   8  -5  -3  -2  -5  -2   1   0   3  -1  -5  -1  -2   0  -5  -2    7   3   0   4  37   0   2   3   0   2  16   6   8   3   0   4   2   1   0   2  1.10 0.57
  162 E     0   0   0   0   2   1   0   0   2   0  -1   0   1   1  -3   0   0   3   1  -2    6   6   5   6   5   5   6   6   5   6   6   6   5   5   0   6   6   5   5   0  0.08 0.13
  163 V    -1  -3  -3  -1   1  -2  -1  -2   0   3   2  -3   1   0  -3  -2  -1   0  -1   3    2   0   0   4   3   2   4   4   3  19  21   0   4   4   0   3   2   2   1  21  0.27 0.22
  164 L    -2  -4  -4  -2   2  -4  -3  -4  -4   0   4  -1   1   3  -2  -1  -2  -3  -2  -1    3   0   0   2   5   0   2   0   0   5  53   4   2  11   2   5   2   0   0   2  0.61 0.39
  165 D    -1  -2   1   5   2  -1   0   2   3  -4  -3  -1  -4  -4  -2  -1  -2  -5  -4  -2    5   2   8  36   4   2   4  17   8   0   2   4   0   0   2   2   2   0   0   3  0.58 0.35
  166 L    -2  -3  -4  -4   0  -2  -1  -4  -4   3   4  -3   2   0  -4  -1   0  -3  -3   1    3   0   0   0   2   2   6   0   0  15  44   0   4   3   0   6   6   0   0   8  0.49 0.32
  167 E    -1   0  -1   2  -4   0   3  -2   1  -4  -4   2  -1  -5   3   1  -1  -5  -4  -3    3   6   2  10   0   4  26   2   4   0   0  12   1   0  16   9   2   0   0   2  0.51 0.34
  168 R    -1   3  -1  -1  -1   0  -1  -3   1   0  -2   3  -1  -2  -1   0   0   1  -2   1    3  21   1   4   1   3   2   1   3   6   3  18   1   1   2   5   7   2   1  13  0.26 0.24
  169 S     0  -2   0  -1  -1  -1   0   1   1  -3  -3   2  -3  -4  -1   4   2  -5  -2  -2    7   1   4   2   1   2   4  10   3   1   2  11   0   0   2  34  11   0   1   2  0.41 0.35
  170 G    -1   0   0  -1   1   0  -1   4   2  -3  -2   1   0  -3  -1   0   0  -4   0  -1    4   4   3   3   3   3   4  32   5   0   4  10   3   0   3   8   4   0   3   4  0.27 0.23
  171 V    -1   1   1   0  -3   0   0  -1   1  -1  -3   2  -2  -1   0   1   2  -4  -2   0    4   8   7   6   0   3   4   4   3   3   0  17   0   4   5   9  15   0   0   6  0.17 0.20
  172 N    -2   1   1  -2  -2   0  -1  -4   1  -4  -3   6  -1  -1  -2  -1   0  -5  -2  -2    2   6   6   2   1   4   3   0   4   0   2  50   1   3   2   4   5   0   1   3  0.76 0.52
  173 S     0  -1   1   2  -4   1   4  -2  -1  -2  -2   0   0  -3  -2   1  -1  -4  -4  -1    7   2   6  11   0   5  35   2   1   2   3   4   2   1   1   9   4   0   0   4  0.43 0.36
  174 E     0  -2   0   4  -1   0   4  -2   1  -4  -3   1  -1  -4  -3  -1  -1  -5  -2  -1    8   1   3  22   1   4  31   2   3   0   2   8   1   0   0   3   3   0   1   4  0.54 0.40
  175 L     0   0   0   0   2   0   0   0   1   0  -1   0   1   0  -2   0   0  -2   1   0    6   6   5   6   5   5   6   6   5   6   6   6   5   5   0   6   6   0   5   6  0.03 0.07
  176 V     1   0  -2  -1   1   0  -1  -1   0   2  -1  -1   1  -1  -3   0   0  -3  -2   2   12   4   0   4   3   4   4   4   3  13   4   3   3   3   0   5   7   0   0  22  0.13 0.18
  177 K     0  -1   0   3  -3   0   3  -2  -1  -2  -2   0   0  -2  -2   1   1  -1  -2  -1   10   2   4  18   0   3  20   2   2   1   3   4   2   1   1  10   9   1   1   5  0.27 0.23
  178 R     1   5   1   0   0   0  -1  -3  -1  -2  -2   2  -1  -3  -3   0   0  -4  -3  -2   12  36   6   4   2   3   2   1   1   2   5  11   1   0   0   6   4   0   0   2  0.44 0.29
  179 I    -1  -3  -1  -1   0  -2  -3  -3   0   4   2  -1   1  -1  -1   0  -1  -3  -2   1    3   0   3   3   2   0   1   1   2  28  26   5   3   2   2   8   2   0   0   7  0.29 0.23
  180 L    -1   0  -2  -3   0  -1  -2  -2  -3   1   3  -1   4   0  -3   0  -1   0  -1   1    3   5   1   0   2   1   2   3   0   7  33   3  15   4   0   6   2   1   2   8  0.27 0.22
  181 N     0  -1   1   3  -3   0   2  -1   1  -2  -2   0  -1  -4  -2   0   1  -4  -3  -1    7   2   5  24   0   3  17   5   4   2   2   5   2   0   0   6  12   0   0   3  0.32 0.23
  182 F    -4  -4  -4   0  -5  -4  -2  -5  -3  -3  -3   0  -3   7   0  -4  -1   4   2  -4    0   0   0   5   0   0   3   0   0   0   1   8   0  60   5   0   4   6   5   0  1.36 0.61
  183 L    -3  -4  -4  -2   0  -4  -3  -2   0  -1   5  -1   1   0  -4   0  -3  -4  -3  -2    2   0   0   2   2   0   2   3   3   2  64   4   3   3   0   7   0   0   0   1  0.77 0.44
  184 M    -1  -1  -1   2   0   0   0  -2   0   0   2  -1   3  -1  -3  -1  -1  -3  -1   0    5   3   2  11   2   4   7   2   2   6  24   4  12   2   0   3   3   0   2   5  0.15 0.17
  185 H     1   0   1   0   1   0   1  -3   2  -1  -2   2   0  -1  -3   1  -1  -3   1  -1   12   4   7   5   4   3  12   1   7   4   3  16   2   2   0   9   3   0   5   3  0.16 0.17
  186 P    -1   1   1   1  -2   0   1   1  -1  -2  -2   0  -2  -3   2   1   1  -3  -2   0    1  11  10  11   0   0  11  11   0   1   1   1   0   0  11  11  11   0   0  11  0.18 0.09
  187 K    -1   2   0   0   1   0   1  -1   1  -1  -1   3  -2  -1  -3  -1   0  -3   0   0    3  14   3   6   3   3   9   3   4   3   6  21   0   3   0   3   4   0   3   7  0.16 0.15
  188 P     1  -1   0   3   0  -1   1  -1  -3  -1  -2   1  -1  -2   2  -1  -1  -4  -1   0   12   2   3  19   2   2  11   4   0   3   2   8   2   2  12   3   2   0   2   8  0.20 0.19
  189 S     0   0   0   0  -2   1   0   0   1   0  -1   0   1   0   1   0   0  -2   1   0    6   6   5   6   0   5   6   6   5   6   6   6   5   5   6   6   6   0   5   6  0.03 0.06
  190 G     0   0   0   0  -2   1   0   0   1   0   0   0   1   0   1   0   0  -3  -1   0    6   6   6   6   0   6   6   6   6   6   6   6   6   6   6   6   6   0   0   6  0.04 0.07
  191 K     0   0   0   0   2   0   0   0   1   0  -1   0   1   0   1   0   0  -3  -1   0    6   6   5   6   5   5   6   6   5   6   6   6   5   5   6   6   6   0   0   6  0.03 0.07
  192 P     0   0   0   0   0   0   0  -1   1   0  -1   2   0  -1   1   0   0  -3  -2   1    8   4   3   4   3   4   7   4   4   5   4  16   3   3   7   5   4   0   0  12  0.07 0.12
  193 L     0   0   0   0  -2   1   0   0   1   0  -1   0   1   0   1   0   0  -2   1   0    6   6   5   6   0   5   6   6   5   6   6   6   5   5   6   6   6   0   5   6  0.03 0.06
  194 P     0   0  -1   0   0   0   0  -1   0  -1   0   1   1  -1   3   0   0  -3   0  -1    5   4   3   4   3   4   5   5   3   3  11   8   4   3  14   8   6   0   3   4  0.10 0.11
  195 K     1   0   0   0  -3   0   1   0   0  -2  -2   2   0  -1  -1   1   0  -3  -1  -1   14   4   3   4   0   4   9   7   2   2   4  16   2   2   2  12   5   0   2   5  0.12 0.16
  196 S     0   0   0   0  -4   0   2   0   0  -2  -2   2  -1  -1   1   1   0  -4  -3  -1    7   4   4   6   0   3  18   7   2   2   3  14   2   2   7  10   5   0   0   5  0.19 0.20
  197 K    -1   2  -1   0  -4   0   1  -1  -1  -1  -2   4  -1  -4   0   0  -1  -4   0  -1    5   8   2   5   0   3   7   4   1   4   3  35   2   0   4   7   3   0   3   4  0.38 0.34
  198 K    -1   1   0   0  -1   0   3  -2  -1  -1  -3   4  -3  -3  -1   0  -1  -4  -2  -1    5   8   3   4   1   3  17   2   1   4   2  28   0   1   3   8   3   0   1   4  0.35 0.32
  199 T     0   2   0  -1  -4   2   1   0   0  -2  -3   2  -3  -4   1   1   0  -4  -3  -1    9  11   4   3   0   8   7   6   3   1   2  17   0   0   6  13   5   0   0   4  0.24 0.23
  200 C     0   0   0  -1   1   0   0  -1   0  -1  -1   1   0  -1   0   1   0   2  -2  -1    7   6   4   3   3   4   7   5   3   3   4  12   3   3   4  14   7   3   0   4  0.09 0.12
  201 S     0   1   0   0  -3   1   1  -1   1  -1  -2   1   0   0   0   2   0  -4  -3  -1    6   7   3   4   0   6   9   5   3   3   4  10   3   5   4  18   6   0   0   4  0.12 0.16
  202 K     0   0   1   0  -2   1   0   0  -1   0   0   0   1  -2   1   0   0  -2   1   0    6   6   6   6   0   6   6   6   0   6   6   6   6   0   6   6   6   0   6   6  0.05 0.08
  203 G     0   1   0  -1   0   0   0   1   0  -2  -2   3  -1  -1  -1   1   0  -4   0  -2    7   6   3   4   2   3   6  12   2   2   2  18   2   3   3  13   5   0   3   3  0.15 0.18
  204 S     0   2   0   0   0   0   0  -1   0  -2  -2   2   0   0   0   1   0  -3   0  -1    9  10   4   4   2   3   5   4   2   2   3  15   2   5   3  13   7   0   3   4  0.12 0.15
  205 K     0   0   1   0  -2   1   0   0   2   0  -1   0   1  -2   1   0   0  -3  -2   0    6   6   6   6   0   6   6   6   6   6   6   6   6   0   6   6   6   0   0   6  0.06 0.08
  206 K     0   1   0   0   1   0   0  -1   0  -3  -1   2   0  -1   0   1   0  -3   0  -1    8   8   4   5   3   3   6   5   3   0   4  18   3   3   4  11   4   0   3   3  0.13 0.15
  207 E     0   1  -1   0  -4   0   2   0  -1  -2  -2   3  -1  -4   0   1   0   0  -3  -1    9   8   2   4   0   3  12   8   2   2   2  18   2   0   3  14   6   1   0   4  0.21 0.22
  208 R    -1   3   0   0  -4   1   0   0   0  -2  -3   3   0  -2  -1   1  -1   0  -1  -2    5  16   3   6   0   5   6   6   2   2   2  17   2   1   3  14   3   1   2   3  0.24 0.24
  209 N     0   0   0   0  -2   1   0   0   1   0  -1   0   1   0   1   0   0  -2   1   0    6   6   5   6   0   5   6   6   5   6   6   6   5   5   6   6   6   0   5   6  0.03 0.06
  210 S     0   0   0   0  -3   1   1   0   0  -1  -1   1   0  -1   0   2   1  -3  -2   0    8   5   4   5   0   5   7   5   3   3   4   8   3   3   4  17   9   0   0   7  0.09 0.13
  211 S     0   0   0   0  -1  -1   1   0  -1  -2  -2   2   0  -2   0   2   1  -4  -2  -2    8   6   4   5   1   2   9   6   1   2   3  18   3   1   4  16   8   0   1   2  0.18 0.21
  212 G     0   0   0  -1  -1   0   0   1  -1  -2  -2   2  -1  -1   0   1   1  -4  -1  -1    9   5   3   3   1   4   7  12   1   2   2  17   1   3   3  12   8   0   1   4  0.15 0.17
  213 M     0   0   0   0  -4   0   1   0  -3  -2  -3   2   1  -4   1   2   1  -4  -1  -2    6   4   5   6   0   4   8   6   0   2   2  16   4   0   6  19   7   0   2   3  0.22 0.25
  214 A     2  -1   0   0  -4  -1   0   0  -3  -2  -3   2  -1  -3   1   2   1  -4  -2  -1   16   3   4   4   0   2   7   6   0   2   2  17   1   1   6  16   7   0   1   4  0.23 0.25
  215 R     0   2  -1   0  -1  -1   1  -1   0  -2  -3   4  -3  -3  -1   1   0  -5  -2  -1    7   9   2   4   1   2  11   5   2   2   1  25   0   1   3  13   6   0   1   4  0.31 0.30
  216 K     0   1   0   0  -2   1   1   1  -1  -2  -2   3  -2  -2   1   1   0  -4  -2  -2    7   6   4   5   1   5   7   9   1   2   3  20   1   1   7  12   6   0   1   3  0.20 0.21
  217 A     0   1   0   0   1   0   1  -1   0  -1  -1   1   0  -1  -1   1  -1   2   0  -1    6   7   4   6   3   4   9   4   3   3   6  10   3   3   4  12   4   2   3   4  0.08 0.09
  218 K    -1   1  -1   0   1   0   1   0  -5  -1  -3   2   1  -6   0   2   0  -6   0  -1    6   7   3   5   3   4   9   7   0   3   3  14   3   0   5  13   6   0   3   5  0.19 0.18
  219 R    -1   2   0   0   0   1   1  -1   0  -2  -3   3  -1  -4   0   1   0   0  -2  -2    5  10   5   6   2   5  11   5   2   2   2  19   1   0   6   9   6   1   1   3  0.22 0.22
  220 T     0   1   0   1  -3   0   0   0   1  -1  -1   1   0  -2   1   1   1  -3   0  -1    5   7   3   9   0   3   6   7   3   4   3  11   3   0   6  12   9   0   3   5  0.10 0.12
  221 K     0   0   0   1  -3   0   1   0   1  -1  -2   2   0  -1   0   1   0  -3  -2  -1    5   5   4   7   0   3   9   6   3   3   3  18   3   3   5  10   6   0   0   5  0.11 0.14
  222 C     0   1   0   1   1   1   1   0   0  -1  -2   2   0  -1   0   1   0  -3  -1  -1    5   6   4   7   3   6   9   7   2   3   3  13   3   3   4  13   5   0   2   3  0.10 0.12
  223 P    -1   1   0   0  -4   0   1  -1   0  -1  -2   2   0  -2   2   1   0   0  -1  -1    5   7   3   6   0   3   8   5   2   3   3  16   2   2   9  11   6   1   2   5  0.14 0.16
  224 E     0   1  -1   1  -4  -1   2  -1  -1  -2  -2   2  -1  -2   0   2  -1  -4  -2  -1    7   8   2   7   0   2  17   5   1   2   3  14   2   1   5  15   4   0   1   3  0.22 0.24
  225 I     0   1   0   1  -3   1   1  -1   0  -1  -2   2   0  -2   0   1   0  -4  -1  -1    9   6   4   6   0   5  10   5   2   5   4  17   3   1   4  10   4   0   1   5  0.12 0.15
  226 L     0   0   0   1  -1   0   1  -1   0  -1  -1   2  -1  -1   0   1   0  -3  -1  -1    6   5   4   8   1   3   8   4   2   4   7  17   1   2   5  12   5   0   3   5  0.10 0.13
  227 S     0   1   1   1  -2   0   2  -1  -1  -2  -2   2  -1  -1  -1   2   0  -4  -3  -2    6   6   5   7   1   4  12   5   2   2   4  17   1   3   3  15   5   0   0   3  0.19 0.21
  228 D     0   0   0   3  -4   0   2  -1  -1  -3  -3   2   0  -3  -1   1   0  -4  -2  -1    6   5   3  18   0   2  11   4   1   1   2  15   2   1   2  13   6   0   1   4  0.27 0.26
  229 E     0   0   0   0  -3   0   0  -1   1   0  -1   0   1   0   0   0   0   3   1   0    5   5   5   5   0   5   5   5   5   5   5   5   5   5   5   5   5   5   5   5  0.06 0.08
  230 S    -1   0   0   0   2   0   0  -1   2   0  -1   0   2   1   0  -1   0   3   1  -1    5   5   5   5   5   5   5   5   5   5   5   5   5   5   5   5   5   5   5   5  0.09 0.08
  231 S     1  -1   0   0   0   0   1   0   0  -1  -2   1  -3  -2   0   2   0  -4   0  -1   11   3   5   5   2   3   9   7   2   4   3  10   0   2   4  18   6   0   4   3  0.14 0.18
  232 S     0   0   0   1   0   0   1   0   0  -1  -1   1   1   0   0   1   1  -4  -1  -1    6   5   4   7   3   3  11   6   3   3   4   7   4   4   4  15   7   0   2   3  0.08 0.12
  233 D    -1  -1   0   3  -4   0   1  -1   0  -2  -2   1   0  -4  -1   1   1   1  -2   0    4   4   4  19   0   4  10   4   2   2   4  10   3   0   3   9   9   2   2   6  0.22 0.23
  234 E    -1   0   0   0   2   0   0  -1   2   0  -1   0   2   1   0  -1   0   3   1  -1    5   5   5   5   5   5   5   5   5   5   5   5   5   5   5   5   5   5   5   5  0.09 0.08
  235 D     0  -1   0   3  -4  -1   2  -1  -1  -1  -2   2  -1  -2   0   1   0   0  -2  -2    6   2   5  18   0   2  12   4   1   3   5  13   2   2   4  10   5   1   1   3  0.22 0.23
  236 E     0   0  -1   1  -1   0   3  -1   0  -2  -3   1  -1  -2   0   2   0  -4   0  -2    8   5   3   9   1   3  20   4   2   2   2  10   2   2   4  14   4   0   3   3  0.23 0.24
  237 K     0   0   0   1   1   0   2   0   0  -1  -1   2   0  -4   0   1   0  -4  -2  -1    7   5   3   7   3   4  14   6   2   3   5  13   2   0   5  11   4   0   1   4  0.14 0.17
  238 K    -1   0   0   1  -4   0   2  -1   0  -2  -2   2   0  -2   1   1  -1  -4  -1  -1    6   5   3   7   0   4  16   6   2   2   3  15   3   2   6  12   3   0   2   4  0.19 0.21
  239 N     1   0   1   1  -4  -1   2   0   0  -2  -2   1  -1  -2   0   1   0  -4  -2  -2   10   4   6   9   0   2  14   7   2   3   4  11   1   1   5  12   4   0   1   3  0.17 0.19
  240 K     0   0   0   2  -4   0   2   0   0  -1  -2   2  -1  -2  -1   1  -1  -4  -2  -1    8   4   4  12   0   3  14   8   2   3   2  16   2   2   3   9   3   0   2   5  0.19 0.20
  241 E     0   0   0   1  -4   0   2   0   1  -1  -2   1   0  -1   0   1   0  -4   0  -1    8   4   5   8   0   2  18   6   4   3   3   9   2   3   5   9   5   0   3   3  0.15 0.17
  242 E     0   0   0   2  -3   0   2   0   0  -1  -2   1   0  -1   0   1   0   1  -3   0    6   3   3  11   0   3  13   5   3   2   3  10   3   3   5  11   7   2   0   7  0.12 0.16
  243 S     0   0   0   1   0   0   1  -1   0  -1  -1   1   0  -1   0   1   0   0  -1  -1    7   3   3   9   2   3  12   5   2   4   5  11   4   2   4  12   5   2   2   4  0.08 0.11
  244 S     0  -1   0   2  -4  -1   1   0   0  -2  -3   1  -1  -2   1   3  -1  -5  -1  -1    9   2   3  10   0   2  11   7   3   3   3  10   1   2   6  20   3   0   2   4  0.21 0.23
  245 D    -1  -2  -1   3   2   0   2  -1  -1  -3  -2   1  -2  -2  -1   2  -1   0  -1  -2    5   2   2  18   5   4  15   5   1   1   3   7   1   2   3  15   4   1   2   3  0.29 0.27
  246 D     0  -2   1   3  -5  -1   3  -2  -1  -3  -3   1   0  -2  -3   2   0   1  -1  -2    6   2   6  19   0   2  16   3   1   1   3   8   2   1   1  13   4   2   3   3  0.34 0.30
  247 E     0   0   0   1  -5   0   4  -1  -1  -3  -3   1  -2  -1  -1   1  -1  -5  -2  -2    9   4   3   9   0   3  26   5   1   2   2   7   1   3   3  13   4   0   2   3  0.31 0.30
  248 D     0  -1   0   4  -5  -1   3  -1  -1  -3  -2   1  -2  -3  -1   0  -1  -5  -3  -2    7   3   5  23   0   2  19   5   1   2   3  10   1   1   3   8   3   0   1   3  0.40 0.34
  249 K    -1   0   0   0   2   0   0  -1   2   0  -1   0   2   1   0  -1   0   3   1  -1    5   5   5   5   5   5   5   5   5   5   5   5   5   5   5   5   5   5   5   5  0.09 0.08
  250 E    -1  -1  -1   3   0   0   2  -1   0  -1  -1   1   0  -2   0   1  -1  -4  -1  -1    5   2   3  15   2   3  17   5   2   3   6   8   2   2   4  11   3   0   2   5  0.17 0.20
  251 S     0  -1   0   2   0   0   2  -1   0  -2  -3   1  -1  -1   0   3  -1  -5   0  -2    7   3   3  10   2   5  12   4   2   2   2   8   2   2   5  21   4   0   3   3  0.21 0.24
  252 E    -1  -1   0   2  -4   0   3  -1  -1  -2  -3   2  -1  -1  -1   1   0  -5  -1  -2    4   2   4  12   0   3  23   5   2   2   3  13   1   3   3  11   5   0   2   3  0.30 0.29
  253 E    -1   0   0   2   0   0   2  -1   0  -2  -2   2  -1  -2   0   0  -1  -4  -1  -1    5   4   5  11   2   4  17   5   2   2   3  13   2   2   5   8   4   0   3   4  0.18 0.19
  254 E     0  -1   0   2   0   0   2  -1   0  -2  -3   2  -1  -4   1   1   0  -4  -1  -1    6   3   5  11   2   4  15   5   3   2   2  12   2   0   7   9   6   0   3   4  0.20 0.21
  255 P     0  -1  -1   2  -5  -1   3  -1   1  -2  -2   2  -1  -3   1   0  -1   1  -4  -1    6   3   3  12   0   2  18   4   3   2   3  16   1   1   8   7   3   2   0   5  0.29 0.28
  256 P     0  -1  -1   1   0  -1   2   0   1  -2  -2   2  -1  -2   2   1  -1   0  -2  -2    7   3   3   9   2   2  12   6   4   2   4  13   2   1  11  11   4   1   1   3  0.18 0.20
  257 K    -1   0   0   1  -4   0   2  -1   2  -2  -3   3   0  -2   1   1   0   1  -3  -1    5   5   5   6   0   2  13   5   5   3   2  17   2   1   6  10   6   2   0   3  0.20 0.22
  258 K    -1   0   1   0  -1   0   1   0   0  -3  -2   3  -1  -2   0   2   0  -5  -2  -2    5   4   6   6   2   3   8   6   2   1   4  23   1   2   4  14   5   0   1   3  0.23 0.24
  259 T     1   0   0   1  -4  -1   1   0  -1  -1  -2   2  -1  -3   0   1   1  -4  -3  -1   10   5   5   8   0   2  11   6   1   3   3  16   2   1   4  11   9   0   0   4  0.17 0.20
  260 A     1   0   0   1   0   0   2   0   0  -1  -2   1   0  -1   1   1   0  -3  -1  -1   10   4   3   7   2   2  13   6   2   3   3  11   3   2   5  10   5   0   2   5  0.09 0.12
  261 K    -1   0   0   1  -4   0   2  -1   0  -2  -2   3   0  -1   0   1   0  -4  -1  -1    5   5   4   6   0   3  12   4   2   2   3  21   2   2   5  12   4   0   2   5  0.18 0.21
  262 R     0   1   0   1  -3   0   1  -1   1  -1  -2   3   0  -1   0   0   0  -4  -1  -1    5   6   3   8   0   3  11   5   3   3   3  20   2   2   5   8   5   0   2   5  0.14 0.17
  263 E    -1   0   0   1   0   1   2  -1   1  -2  -2   2  -1  -1   0   1   0  -3   0  -1    5   4   4   8   2   4  13   5   4   2   2  16   2   2   5  10   6   0   3   3  0.14 0.17
  264 K     0   1   0   0   0   0   1  -1   1  -1  -2   2   0  -3   1   0   0   2  -2  -1    5   8   4   5   3   4  11   5   4   3   4  13   3   0   6   8   6   3   0   4  0.12 0.14
  265 P     0   0   0   0  -2   1   0   0   2   0  -1   0   1  -2   1   0   0  -2   1   0    6   6   6   6   0   6   6   6   6   6   6   6   6   0   6   6   6   0   6   6  0.05 0.08
  266 K     1   0   0   1  -4   0   1  -1   0  -2  -3   3  -3  -2   0   0   0  -4  -1  -1   11   5   5   6   0   2  10   3   3   2   2  21   0   2   5   8   7   0   2   6  0.19 0.21
  267 Q     0   0   0   1  -3   0   1   0   1  -1  -1   2   0  -1   0   0   0  -3   0  -1    5   4   3   7   0   4   8   6   3   4   6  14   3   3   4   8   7   0   3   5  0.07 0.10
  268 K     0   0   0   0   1   0   1   0  -2  -1  -1   2   0  -1   1   0   0   2   0  -1    5   5   4   6   3   4   8   7   0   3   4  16   3   3   6   9   5   3   3   4  0.09 0.12
  269 A     0   0   0   0   2   0   0  -1   1   0  -1   0   1   0   0   0   0  -2   1   0    5   5   5   5   5   5   5   5   5   5   5   5   5   5   5   5   5   0   5   5  0.03 0.05
  270 T     0   0   0   0   1   0   1  -1   1  -1  -2   1  -2  -1   1   1   1  -3   0  -1    7   4   4   5   3   5  10   5   3   3   4  10   0   3   7  11   9   0   3   4  0.10 0.13
  271 S     0   0   0   1  -4   0   1  -1   1  -1  -2   1   0  -1   1   1   0  -4  -3  -1    6   5   4   7   0   4  10   4   3   3   3  11   2   3   7  12   6   0   0   5  0.09 0.17
  272 K     0   0   0   0   0   0   1   0   0  -1  -2   3  -1  -2   0   0   0   0  -1  -1    8   5   3   5   2   3   8   6   2   4   3  19   2   2   5   7   4   2   2   4  0.08 0.16
  273 S     0   0   0   0  -3   0   1  -1   0  -1  -1   1   0  -1   0   1   0   1   0   0    7   4   3   5   0   3  10   5   2   4   5  11   2   2   5  10   6   2   4   6  0.02 0.10
  274 K     0  -1  -1   1   0   0   1   0  -1  -2  -3   3  -1  -2   0   1   0  -4  -1  -2    7   3   3   9   2   5  10   7   1   2   2  22   1   2   4   9   4   0   2   3  0.19 0.26
  275 K     0   0   0   0   0   0   1  -1  -1  -1  -1   2  -1  -2   0   1   0  -4  -2   0    8   5   4   6   2   3   9   3   2   4   6  14   2   1   4  11   6   0   1   8  0.09 0.12
  276 S     0   1   0   0   1   0   1  -2  -1  -2  -3   3  -1  -2   1   1   0  -4  -1  -1    6   6   4   5   3   3  11   3   1   3   2  17   1   1   8  13   6   0   2   4  0.19 0.22
  277 V     0   0  -1   1  -4  -1   1   0  -1  -2  -2   2   0  -3   1   1   1  -1  -3   0    9   4   2   7   0   2  11   6   1   2   3  14   2   1   6  12   8   1   0   8  0.15 0.20
  278 K     0   0  -1   0   1   0   1  -1  -1  -2  -3   4  -2  -3   1   0  -1  -5  -2  -1    7   5   2   6   3   3  10   4   1   2   3  30   1   1   6   7   3   0   1   5  0.34 0.33
  279 S     0   0  -1   0  -2   0   1  -1   1  -2  -3   3  -2  -3  -1   2   1  -5  -2  -1    7   4   2   6   1   4   8   4   3   2   2  20   1   1   3  17   8   0   1   5  0.25 0.27
  280 A     1   0   0   2   0  -1   1   0   1  -1  -2   2  -1  -3   1   1   0  -4  -3  -1   11   5   3  10   2   2   9   6   3   3   2  13   1   1   6  10   6   0   0   5  0.15 0.18
  281 N     0   0   1   1  -4   1   2   0  -1  -2  -3   3  -2  -2   1   1   0  -4  -2  -1    7   3   7   7   0   6  11   6   1   2   1  17   1   1   6  12   5   0   2   5  0.22 0.24
  282 V     0   0  -1   1   0   0   1  -1  -1  -1  -1   2  -1  -4   1   1   0  -4  -2   0    9   3   2   8   2   2   9   4   1   4   5  18   1   0   6   9   7   0   1   8  0.14 0.17
  283 K     0   0  -1   1  -5   0   1  -1  -1  -3  -3   4  -2  -3   1   0  -1  -5  -3   0    7   4   3   9   0   4   9   4   1   1   2  28   1   1   6   7   4   0   1   6  0.35 0.33
  284 K     0   0   0   1   1   1   2  -3  -2  -2  -3   4  -3  -5   0   1  -1  -5  -2  -1    7   4   4   7   3   5  14   2   1   2   2  27   1   0   4  11   3   0   1   4  0.40 0.35
  285 A     0  -1   0   1  -4   0   2   0   0  -1  -2   2  -1  -2   0   1   0  -4  -2  -1    9   3   3   8   0   4  14   6   2   3   3  13   2   2   6   9   7   0   2   5  0.15 0.17
  286 D     0   0   1   1   0   0   1  -1   0  -1  -2   2  -1  -2   1   0   0  -4  -1  -1    6   5   6   7   2   4  11   4   2   3   4  15   1   2   8   7   6   0   2   5  0.13 0.14
  287 S     0  -1   0   1  -6   0   1  -1   1  -5  -2   2   1  -6   2   1   1  -6   0   0    7   4   4   7   0   4   8   5   3   0   4  10   3   0  11  11   8   0   3   7  0.22 0.21
  288 S     0  -1   0  -1   1   0   2  -1   0  -2  -2   2   0  -1   1   1   0   2   0  -1    7   4   5   4   3   3  11   5   3   3   4  11   3   3   7  11   5   3   3   4  0.11 0.12
  289 T     0   0   0   0  -3   0   1   0   0  -1  -2   2   0  -3   0   1   1  -4  -1   0    9   3   5   6   0   3   9   6   3   4   3  14   3   0   5  12   7   0   2   7  0.11 0.14
  290 T     0   1   0   1   0   0   1   0   0  -1  -2   2  -2  -4   1   1   1  -4  -3  -1    9   7   3   7   2   3   9   6   2   3   4  15   0   0   7  10   9   0   0   4  0.15 0.17
  291 K    -1   1  -1   0  -4   0   1  -1  -1  -2  -2   4  -1  -2   0   1   0   0  -3  -1    5   6   2   5   0   2   8   5   1   2   3  27   1   1   4  13   6   1   0   6  0.25 0.26
  292 K     0   1  -1   1   0   0   1  -1  -1  -2  -3   3  -3  -4   1   1   0  -4  -3  -1    8   6   2   6   2   4  10   5   1   2   2  25   0   0   7   8   7   0   0   4  0.28 0.26
  293 N     0   1   1   1  -3   0   1   0   0  -1  -2   2  -2  -2   2   1   0  -4  -2  -1    8   7   6   6   0   3   9   5   2   4   2  18   0   1   9  10   4   0   1   4  0.17 0.18
  294 Q     0   0   0   0   1   1   1  -1   0  -1  -2   3  -1  -3   0   1  -1  -4  -3  -2    7   4   4   6   3   6   9   4   2   3   4  24   1   1   5  11   3   0   0   2  0.21 0.22
  295 N     0   0   0   1  -1   0   1  -1   0  -2  -2   2  -2  -2   1   1   0  -4  -2   0    8   4   4   7   2   3   9   5   3   1   3  15   0   2   7  12   6   0   1   8  0.14 0.16
  296 S     0   0   0   0   1   0   1  -1  -1  -2  -3   2  -2  -2   0   2   1  -4  -3  -1    9   4   3   4   3   3   8   4   1   2   2  18   1   1   4  21   8   0   0   4  0.23 0.24
  297 S     0   0  -1   0  -3  -1   2   0   0  -2  -2   2   0  -2   1   2   0  -4  -2   0    9   4   2   5   0   1  13   6   2   1   3  12   3   1   7  18   4   0   1   7  0.17 0.21
  298 K     0   0   0  -1   1   0   2  -1  -1  -3  -3   3  -1  -3   0   2   0  -4  -2  -2    9   5   4   3   3   2  12   3   1   1   2  23   1   1   4  14   6   0   1   3  0.27 0.27
  299 K    -1   0   0   1  -4   0   2  -1  -1  -2  -3   4  -1  -3   0   1  -1  -1  -3  -1    5   4   3   8   0   2  12   4   1   2   1  29   1   1   5  10   4   1   1   6  0.35 0.32
  300 E     0   0   0   0   0   1   1  -1   0  -2  -1   2   0  -1   0   1   0  -4  -1  -1    8   4   4   6   2   6   9   4   2   2   5  13   2   3   5  13   5   0   2   4  0.10 0.13
  301 S     0  -1   0   1   1   0   0  -1   1  -1  -2   2   0  -1   0   1   0   0  -1   0    9   3   4   7   3   3   7   5   4   3   4  14   2   2   5  13   4   2   2   6  0.09 0.12
  302 E     0   0  -1   1  -4   0   1   0   0  -1  -2   2  -1  -2   0   1   0   1  -1  -1    9   5   3   9   0   3  11   6   2   4   4  14   2   2   5   9   5   2   2   3  0.11 0.14
  303 S     1  -2  -1   2  -1  -1   2  -1  -1  -1  -3   1  -1  -2  -1   2   0   0  -2   0    9   3   3  12   1   3  12   5   2   4   3  10   1   2   3  14   5   1   2   6  0.18 0.18
  304 E    -1   0   0   0   2   0   0  -1   2   0  -1   0   2   1   0  -1   0   3   1  -1    5   5   5   5   5   5   5   5   5   5   5   5   5   5   5   5   5   5   5   5  0.09 0.08
  305 D    -1   0  -1   2  -6   0   1   0   1  -1  -2   2   0  -1  -1   2  -1   2   0  -2    5   4   3  12   0   4  10   7   3   3   3  12   3   3   3  13   4   3   3   4  0.18 0.18
  306 S     0   0  -1   1  -4   0   1   0   0  -2  -2   2   0  -4   0   2   0   1  -4  -1    7   5   3   9   0   4  11   7   2   2   3  15   2   0   4  15   5   2   0   4  0.20 0.22
  307 S     0   0   0   1  -4   0   1   0   0  -2  -2   2   0  -4   0   1   0  -4  -2  -1    6   4   4   9   0   4  11   8   2   2   2  15   2   0   5  14   5   0   2   5  0.18 0.20
  308 D     0   0   0   3  -4  -1   1   0  -1  -4  -3   3  -1  -2   1   0   0   0  -4  -2    8   4   4  17   0   2  11   7   1   0   2  18   2   1   6   8   4   1   0   2  0.30 0.27
  309 D    -1   0   0   2  -4   0   2   0  -1  -1  -2   3  -1  -3  -1   0   0  -4  -2  -2    5   5   4  15   0   3  14   6   1   3   4  21   1   1   3   6   5   0   1   3  0.26 0.24
  310 E     0   0   0   0  -3   1   1   0  -2   0  -1   1   1  -3   1   0   0  -4  -3   0    7   6   5   6   0   7   9   7   0   8   5  11   4   0   6   7   5   0   0   6  0.10 0.13
  311 P     0   0   0   0   2   0   0  -1   1   0  -1   0   1   0   0   0   0   3  -2   0    5   5   5   5   5   5   5   5   5   5   5   5   5   5   5   5   5   5   0   5  0.05 0.09
  312 L     0   0   0   0  -3   0   0   0   1  -1  -1   2   0  -3   0   1   0  -3   0   0    6   4   5   4   0   4   7   8   3   4   6  14   3   0   5   9   5   0   3   8  0.08 0.11
  313 I     0   0   0   0  -3   0   0   0   1   0  -1   1   0  -1   0   1   0   1  -1   1    8   4   5   5   0   2   6   5   3   7   4   9   2   2   4  11   4   2   2  12  0.05 0.09
  314 K     0   1  -1   0  -4  -1   2  -2   0  -2  -3   4  -1  -2  -1   1  -1  -5  -1  -2    7   6   3   4   0   2  12   3   2   2   2  31   2   2   3  10   4   0   2   3  0.38 0.33
  315 K    -1   0   0  -1  -4  -1   2  -1   0  -2  -3   4   1  -2   0   1   0   1  -2  -1    5   3   4   2   0   2  13   4   2   2   2  29   3   1   4   9   4   2   1   4  0.34 0.32
  316 L     1   1   0   1  -3   1   1   0   0  -1  -2   2  -1  -3  -1   1   0  -4  -3   0   11   6   3   8   0   5   9   7   2   5   3  15   2   0   3   9   4   0   0   7  0.14 0.16
  317 K     0   0   1   0  -2   1   0   0  -1   0   0   0   1  -2   1   0   0  -2   1   0    6   6   6   6   0   6   6   6   0   6   6   6   6   0   6   6   6   0   6   6  0.05 0.08
  318 K     0   0   0   1  -3   1   1   0   1  -2  -1   2   0  -3   0   1   1  -3  -3  -1    9   5   4   7   0   5   8   8   3   2   4  16   2   0   4  10   8   0   0   4  0.13 0.15
  319 P     0   0  -1  -1  -3   0   1  -1   1  -2  -2   1   0   0   4   0   0  -3  -1  -1    6   4   3   3   0   3  11   5   4   3   3  11   3   4  20   6   4   0   2   3  0.24 0.20
  320 P    -1  -2  -2  -2  -5  -4  -1  -2  -4  -1  -2  -1  -4  -5   7   0  -1  -6  -1  -2    4   2   2   2   0   0   3   2   0   3   4   4   0   0  56   8   4   0   2   3  1.24 0.66
  321 T     0  -1   0   0  -3  -2   0  -2  -3  -2  -2   0  -1  -4  -2   4   3  -5  -4  -1    6   2   3   4   0   0   5   3   0   2   4   6   2   0   2  35  22   0   0   3  0.46 0.40
  322 D    -2   1   2   5  -4  -1   2  -2  -3  -4  -3   2  -4  -5  -1   0  -1  -5  -4  -2    3   8   9  36   0   2  12   2   0   0   3  12   0   0   2   5   3   0   0   2  0.60 0.38
  323 E     1  -1   0   3  -4   0   4  -2   0  -4  -3   1  -2  -4   0   0  -1  -4  -4  -2   11   2   5  19   0   3  29   2   2   0   2  11   1   0   3   5   2   0   0   3  0.46 0.33
  324 E    -1  -2  -1   3  -5   2   5  -4  -1  -3  -3   1  -2  -5  -2  -1  -1  -5  -4  -2    4   1   3  14   0   7  48   0   1   1   2   7   1   0   2   3   3   0   0   2  0.80 0.49
  325 L    -2  -2  -2  -2  -3  -2  -1  -4  -4   3   3  -1   3  -2  -1  -1  -2  -4  -3   1    2   2   2   2   0   2   3   0   0  20  39   4   7   0   4   4   1   0   0  10  0.43 0.31
  326 K     0   3  -1  -2  -1   0   0  -3   2  -3  -3   4  -2  -4  -2  -1  -1  -4  -1  -2    8  20   2   2   1   2   6   1   6   2   2  35   1   0   2   3   4   0   2   2  0.55 0.39
  327 E     2   0   1   1  -4   0   2  -2  -2  -3  -3   3  -3  -4  -2   1   0  -4  -2  -2   17   4   6   9   0   2  16   2   0   1   2  21   0   0   1  11   5   0   2   2  0.32 0.28
  328 T     2  -1  -1  -1  -1  -2  -1  -3  -1  -1  -1   0   0  -1  -1   0   2   0   1   2   18   3   2   3   1   1   2   1   2   2   5   7   2   3   2   6  16   1   5  19  0.15 0.21
  329 I     0  -5  -3  -5  -1  -2  -4  -4  -5   5   0  -3   0  -3  -5  -3   1  -5  -4   4    6   0   1   0   1   2   0   1   0  33   6   2   2   0   0   1   8   0   0  37  0.85 0.49
  330 K    -1   2   0  -2   4   1   0  -3  -2  -1  -2   4  -2  -4  -2   0  -1  -4  -4   0    4   9   3   2  12   6   7   1   1   3   4  27   1   0   1   6   4   0   0   8  0.37 0.30
  331 K    -1   0   0   2  -3   1   3  -2  -1  -3  -4   3  -1  -5  -2   1  -1  -5  -4  -2    4   3   5  12   1   4  26   3   1   1   1  20   2   0   1  12   3   0   0   2  0.47 0.35
  332 L    -3  -3  -2  -5  -2  -4  -4  -4  -5   6   3  -4   1  -1  -3  -2  -1  -4  -1   1    2   1   2   0   1   0   1   1   0  47  27   1   2   2   1   3   3   0   2   5  0.86 0.48
  333 L    -2  -4  -5  -5  -4  -2  -5  -5  -5   1   6  -3   0  -3  -3  -3  -2  -4  -4   0    3   0   0   0   0   2   0   0   0   7  75   1   2   0   1   2   2   0   0   4  1.18 0.58
  334 A     0   1   0   2  -5   1   2  -3   0  -4  -4   5  -2  -5  -3  -1  -1  -5  -4  -4    9   5   3  14   0   5  12   1   3   0   0  41   1   0   0   4   2   0   0   1  0.68 0.41
  335 S    -2  -1   0   2  -2   0   3   2  -1  -3  -4   1  -3  -2  -3   0   2  -4  -3  -2    2   2   3  11   1   4  27  14   1   1   0   8   0   2   0   6  13   0   0   3  0.38 0.29
  336 A     4  -4  -3  -1  -3  -3  -1  -1  -2  -1  -2  -2   0   0  -3   0  -1  -4  -2   4   34   0   0   3   0   0   3   4   1   2   2   2   2   4   0   6   2   0   1  33  0.50 0.38
  337 N    -4  -3   5   6  -6  -1  -1  -3  -4  -6  -6  -1  -5  -6  -5  -1  -4  -6  -5  -6    0   1  30  56   0   2   2   1   0   0   0   3   0   0   0   3   0   0   0   0  1.63 0.72
  338 L    -2  -5  -5  -6  -4  -5  -5  -5  -5  -2   5  -5   0   5  -2  -4  -3  -3  -1   0    2   0   0   0   0   0   0   0   0   0  56   0   1  27   2   0   1   0   1   6  1.14 0.56
  339 E    -1  -2   5   1  -5   0   4  -2   0  -5  -4  -1  -3  -5  -4   0  -1  -2  -4  -3    6   1  30   7   0   2  32   2   2   0   1   2   1   0   0   7   4   1   0   2  0.74 0.45
  340 E    -1  -2   1   0  -4   1   4  -3  -2  -3  -4   1  -2  -5  -3   0   4  -5  -4  -2    4   1   6   4   0   6  30   1   1   1   1   8   1   0   0   5  30   0   0   2  0.62 0.41
  341 V     3  -4  -4  -4   1  -3  -2  -4  -4   2   1  -3   2   0  -4  -2   0  -4  -3   3   27   0   0   0   3   0   2   0   0  15   9   0   7   3   0   2   6   0   0  24  0.47 0.33
  342 T    -3  -3  -1  -4  -4  -4  -4  -5  -5  -4  -5  -3  -2  -5  -3   2   7  -6  -5  -4    0   1   2   0   0   0   0   0   0   0   0   1   1   0   1  17  75   0   0   0  1.75 0.82
  343 M    -2  -4  -4  -5  -4  -4  -5  -5  -4   0   2  -4   8   3  -4  -4  -1  -4  -2   1    2   0   1   0   0   0   0   0   0   2  21   0  44  14   1   1   4   0   1   7  1.23 0.58
  344 K    -1   0   1  -3  -5  -1  -2  -1  -3  -4  -5   6  -4  -5  -4   1   1  -5  -4  -4    4   4   6   0   0   1   0   4   0   1   0  56   0   0   0  12  11   0   0   0  0.99 0.54
  345 Q    -1  -2   0   4  -4   3  -1  -2  -1  -3  -4   1  -1  -2  -1  -1   1  -5  -4  -1    4   0   4  31   0  18   2   2   2   1   1  10   2   2   3   3  12   0   0   4  0.53 0.36
  346 I    -2  -5  -5  -5  -4  -2  -5  -5  -5   5   1  -5   4  -3  -5  -4  -1  -5  -4   4    3   0   0   0   0   2   0   0   0  41  11   0   9   0   0   0   2   0   0  30  1.03 0.48
  347 C    -3   2  -4  -2   7  -4  -4  -5  -4   2   3  -3   1  -2  -5  -3  -3  -4  -1   1    0  11   0   2  27   0   0   0   0  11  29   1   4   1   0   1   1   0   3   9  0.80 0.41
  348 K    -1   3   0  -1  -5   3   1  -3  -2  -3  -2   5  -2  -5  -3  -2  -1  -5  -4  -2    3  16   3   3   0  13   6   1   0   1   3  41   1   0   0   2   3   0   0   3  0.70 0.41
  349 K    -1   2  -2  -1  -4   5   1  -2   0  -2  -2   3   0  -4  -3  -1  -1  -4  -4  -3    6  10   1   3   0  32   7   3   2   3   3  20   2   0   0   3   3   0   0   1  0.58 0.38
  350 V    -2  -5  -5  -5   0  -4  -5  -5  -5   2   4  -5   2  -1  -5  -4  -3  -4  -3   5    3   0   0   0   2   0   0   0   0   8  40   0   5   1   0   0   0   0   0  41  0.96 0.46
  351 Y     1  -2   0  -2   1  -1   0   2  -1  -1  -2  -2  -2   2  -1   0  -1  -2   4  -2   14   1   4   2   4   2   6  16   1   4   1   2   0  11   3   7   3   0  21   1  0.30 0.24
  352 E     2  -1  -1   3  -2   0   4  -1  -3  -2  -4   1  -2  -4  -2   0   0  -4  -4  -3   20   3   2  15   1   2  28   4   0   2   1   7   1   0   1   7   6   0   0   1  0.45 0.31
  353 N     0   2   1  -2  -2   1  -1  -3   6  -2  -2   4   0  -4  -3  -1   0  -4  -2  -2    6  11   7   1   1   5   3   0  21   2   3  26   2   0   0   4   6   0   1   2  0.52 0.33
  354 Y    -5  -4  -4  -6  -6  -3  -6  -6   2  -3  -1  -5  -4   7  -6  -5  -5   0   7  -3    0   1   1   0   0   1   0   0   5   1   5   0   0  47   0   0   0   1  37   1  1.88 0.74
  355 P    -2  -2  -2  -2  -3  -2  -1  -1  -2  -2  -3   2  -2   2   6  -1  -2  -3  -2  -2    3   1   1   2   1   2   4   4   1   2   3  12   1   9  47   4   2   0   1   2  0.96 0.33
  356 T    -1  -2   3   4  -3  -1   2   3  -3  -3  -4  -1  -4  -4  -2  -1  -1  -4  -4  -3    3   1  14  25   0   3  12  26   0   1   1   3   0   0   1   3   4   0   0   2  0.56 0.31
  357 Y    -1  -1  -2  -3   0  -1  -2  -4   3   1   1  -1   2   3  -4  -2   0  -2   2   2    5   3   1   1   2   3   1   0  11   8  10   3   6  15   0   2   7   0   6  16  0.25 0.21
  358 D    -5  -5   2   7  -6  -2  -1  -3  -4  -3  -6  -3  -6  -6  -2   0  -3  -7  -6  -4    0   0   8  76   0   1   2   1   0   1   0   1   0   0   1   6   1   0   0   2  1.85 0.75
  359 L    -4  -3  -6  -6  -4  -5  -6  -6  -5   1   6  -5   4   0  -6  -5  -4  -4  -4   0    0   1   0   0   0   0   0   0   0   7  75   0   9   4   0   0   0   0   0   3  1.38 0.59
  360 T     0  -1  -2  -2  -1  -1   0  -2  -3  -2  -3   0   3  -3  -4   3   4  -1  -4  -2    7   2   1   2   1   2   5   2   0   1   1   5  11   1   0  29  28   1   0   2  0.53 0.39
  361 E    -1  -2   0   2  -4   0   2  -1   5  -4  -4   0  -4  -4   2   2  -1  -5  -2  -4    5   1   4  13   0   3  15   4  17   0   1   5   0   0  11  18   3   0   1   0  0.52 0.33
  362 R    -4   7  -1  -3  -6   0  -2  -5   0  -3  -5   4  -4  -5  -5  -4  -4  -6   0  -5    0  57   2   1   0   4   1   0   2   2   0  28   0   0   0   0   0   0   4   0  1.52 0.66
  363 K    -4   1  -4  -4  -7  -2  -2  -5  -4  -4  -6   8  -5  -7  -5  -3  -3  -7  -6  -2    0   4   0   0   0   0   1   0   0   1   0  90   0   0   0   1   1   0   0   3  2.15 0.86
  364 D     2  -2   0   4  -4   0   1   0  -3  -3  -2   0  -2  -3   0   2  -1  -5  -3  -3   18   1   2  26   0   3   9   7   0   0   3   4   1   1   5  16   3   0   0   1  0.38 0.27
  365 F     0  -3  -4  -1  -4  -3   2  -4  -1  -3  -2  -3   1   6  -3   0  -2   1   2  -2    9   1   0   3   0   0  17   0   1   1   3   0   4  39   1   8   2   1   7   3  0.70 0.40
  366 I    -4  -6  -6  -6  -4  -6  -6  -7  -2   7   1  -6  -2  -1  -6  -5  -4  -6  -4   3    0   0   0   0   0   0   0   0   1  68  13   0   0   1   0   0   0   0   0  16  1.60 0.63
  367 K    -4   1   0  -4  -7  -2  -3  -5  -2  -6  -6   7  -5  -2  -5  -4  -4   0  -5  -3    0   6   5   0   0   0   0   0   1   0   0  84   0   2   0   0   0   1   0   2  1.95 0.79
  368 T     0   0   0   1  -2   1   3   0  -1  -2   0   0  -2  -3  -3   1   1  -4  -3  -2    8   5   3   8   0   7  20   7   1   1  10   3   0   0   0  14  10   0   0   2  0.21 0.19
  369 T    -1   0  -2  -4  -1  -2  -2  -4  -4   2   0   0   4   0  -4  -2   4  -4  -2   1    5   5   1   0   1   1   2   0   0  16   8   5  15   4   0   1  29   0   1   7  0.44 0.32
  370 V     0  -6  -6  -6  -4  -5  -6  -6  -6   6  -1  -5  -2  -2  -5  -5  -2  -6  -4   5    7   0   0   0   0   0   0   0   0  52   3   0   0   1   0   0   1   0   0  36  1.40 0.58
  371 K    -3   1  -2  -1  -5   4   1  -4  -2  -3  -5   5  -4  -5  -2  -2   2  -5  -3  -3    0   6   1   3   0  18   8   0   1   1   0  44   0   0   2   1  13   0   1   1  0.86 0.46
  372 E    -1  -1  -1   3  -5   1   5  -3  -3  -5  -5   1  -3  -5  -4   2  -1  -5  -4  -4    5   2   1  15   0   6  42   0   0   0   0   8   0   0   0  17   2   0   0   0  0.83 0.43
  373 L     0  -3  -3  -3   1  -2   2  -3  -2   2   2  -2   0   2  -4  -2  -2  -1   0   2    9   1   1   0   3   0  20   2   1  10  21   1   1  10   0   2   0   1   2  17  0.27 0.23
  374 I    -3  -5  -6  -6  -4  -5  -6  -6  -6   6   4  -5   0  -1  -5  -5  -4  -5  -4   1    2   0   0   0   0   0   0   0   0  47  42   0   1   1   0   0   0   0   0   7  1.26 0.50
  375 S     2  -3   3  -3  -3  -3  -3  -3  -3  -4  -4  -3  -4  -5  -3   4   4  -5  -4  -3   14   0  18   0   0   0   0   0   0   0   0   0   0   0   0  42  27   0   0   0  0.93 0.45

                      K         Lambda
Standard Ungapped    0.1213     0.3008
Standard Gapped      0.0381     0.2670
PSI Ungapped         0.1244     0.3177
PSI Gapped           0.0381     0.2670
