
Last position-specific scoring matrix computed, weighted observed percentages rounded down, information per position, and relative weight of gapless real matches to pseudocounts
            A   R   N   D   C   Q   E   G   H   I   L   K   M   F   P   S   T   W   Y   V   A   R   N   D   C   Q   E   G   H   I   L   K   M   F   P   S   T   W   Y   V
    1 M    -4  -5  -6  -6  -4  -4  -5  -6  -5   1   1  -5   9  -3  -6  -5  -3  -5  -4   3    0   0   0   0   0   0   0   0   0   7   8   0  61   0   0   0   0   0   0  24  1.74 0.68
    2 S    -1  -4  -3  -4   0  -4  -4  -4  -4  -6  -4  -4  -5  -3   0   7  -1  -6  -3  -5    2   0   0   0   2   0   0   0   0   0   2   0   0   1   5  86   2   0   1   0  1.63 0.79
    3 A     3  -1   0   0  -3  -1  -1  -1  -2  -3  -3  -2  -2  -4   1   2   1  -4  -2   0   34   3   5   5   0   3   2   3   1   0   1   1   1   0   7  20   8   0   1   6  0.37 0.30
    4 H    -2  -3  -1   5  -6   1   1  -3   8  -6  -5  -3  -5  -4  -4  -1  -3  -5   0  -6    3   1   2  37   0   5   8   1  35   0   1   0   0   1   0   3   1   0   3   0  1.29 0.61
    5 L    -4  -5  -7  -7  -5  -3  -6  -7  -6   0   6  -6   0  -1  -4  -4  -4  -2  -4   0    1   0   0   0   0   1   0   0   0   4  84   0   1   1   1   1   0   1   0   6  1.50 0.68
    6 Q    -2  -2  -2  -4   1   6  -1  -5   1   3   0  -3  -1  -4  -3  -3   0  -5  -4   2    3   1   1   0   3  42   2   0   3  15   9   0   1   0   1   1   7   0   0  12  0.74 0.51
    7 W    -8  -3  -9  -9  -7  -3  -8  -5  -7  -3  -5  -8  -6  -2  -9  -5  -7  13  -2  -8    0   2   0   0   0   2   0   1   0   2   1   0   0   1   0   1   0  89   1   0  4.38 1.45
    8 M    -1  -2  -1  -2  -4   2   2  -4  -2  -1   2  -2   6  -2  -2  -1  -1  -4  -3  -1    6   1   2   2   0  11  17   1   1   1  20   2  24   1   1   3   2   0   1   3  0.47 0.40
    9 V    -1  -5  -5  -5   4  -4  -4  -5  -5   4   2  -5   0  -2  -5  -4  -2  -4  -2   4    3   0   0   0   8   0   1   0   0  27  22   0   2   1   0   0   1   0   1  32  0.81 0.43
   10 V    -1  -3  -3  -5  -2  -4  -4  -4  -5   3   1  -4   2   0  -3  -3   1  -2  -3   4    4   1   1   0   1   0   1   1   0  18  13   0   5   4   1   1  11   1   0  38  0.61 0.39
   11 R    -3   6  -2  -4  -3   1  -2  -2  -1  -5  -4   4  -4  -5  -3  -2  -4   3  -3  -5    2  46   2   0   1   6   1   3   1   0   1  27   0   0   1   2   0   4   1   0  1.13 0.61
   12 N    -2   0   6   2  -5  -1  -2  -1  -1  -3  -4   3  -4  -4  -3  -1  -1  -5  -3  -4    3   3  44   9   0   2   1   4   1   2   1  22   0   1   1   3   2   0   1   1  0.88 0.52
   13 C    -3  -2   6  -2   6   0  -3  -2   2  -5  -5  -3  -4  -1  -4   1   0   4   1  -4    0   2  36   1  17   5   0   3   5   0   0   0   0   3   0  10   5   5   6   0  0.91 0.52
   14 S    -2  -4   5  -2   2  -3  -3  -3   3  -3  -4  -3  -4  -2  -3   5  -1  -1  -2  -4    2   0  33   1   4   0   0   0   7   2   1   0   0   1   1  39   3   1   1   0  0.98 0.59
   15 S     3  -1  -2  -4   5  -2  -3  -2  -1  -3  -4  -1  -4  -1  -3   5  -2  -5  -3  -3   20   3   1   0  13   1   0   2   1   2   1   3   0   3   1  45   1   0   1   1  0.84 0.55
   16 F    -3  -3  -3  -6  -1  -5  -6  -6   0  -2  -2  -2  -4   8  -6  -2  -2  -3   4  -3    2   1   2   0   1   0   0   0   2   2   2   3   0  66   0   3   3   0  10   2  1.69 0.76
   17 L    -3  -1  -3  -3  -4   0  -4  -3  -5   3   5  -2   3  -2  -3  -2  -2  -4  -4  -1    2   3   1   1   0   4   0   2   0  16  51   2   6   1   1   3   2   0   0   3  0.68 0.43
   18 I    -2   3  -2  -2  -1  -1  -2  -4   1   2   0   1   3  -1  -2  -2  -1   0  -1   3    2  15   1   2   1   3   1   0   3  14   5  10   7   2   1   3   3   1   2  23  0.29 0.27
   19 K    -2   1  -1  -4  -6   0  -1  -5   0  -5  -5   7   0  -6  -1  -1  -1  -6  -5  -3    2   7   2   0   0   3   3   0   2   0   0  64   3   0   3   3   4   0   0   2  1.17 0.66
   20 R    -1   5   0  -3   1   2   0  -1   1  -4  -4   1  -3  -1  -4   1  -1   2  -3  -2    3  37   5   0   3   8   6   5   3   0   0   8   0   2   0   9   3   3   0   3  0.55 0.39
   21 N    -2   1   5   0  -4   0  -1   0   2  -2  -3   1  -3   0  -1   0  -1  -4  -3  -2    3   9  33   4   0   3   3   7   5   3   3   9   0   6   3   4   3   0   0   3  0.39 0.31
   22 K     0   0   0  -2   2   1   0   0   2   0   0   0   1   0   1   0   0  -3  -1   0    6   6   6   0   6   6   6   6   6   6   6   6   6   6   6   6   6   0   0   6  0.04 0.09
   23 Q    -1   2   1  -3  -1   5  -1  -2   3  -1  -2   1   0  -2   1  -1  -1  -5  -2  -1    6   9   5   0   1  27   2   2   6   4   3  10   2   2   6   3   3   0   1   4  0.38 0.38
   24 T    -1  -1  -1   0   0   1  -1  -2   1   1  -2  -2   3  -4   0  -1   4   0  -1   1    3   3   3   4   2   5   3   3   3   9   2   2   7   0   5   4  28   1   2   9  0.28 0.30
   25 Y    -3  -2  -1  -2   2  -2  -2  -4   1  -1  -1  -2   2   5  -2   0  -2   1   4  -2    1   2   3   3   4   2   3   1   4   3   6   3   5  26   2   6   3   2  17   2  0.49 0.37
   26 S    -1   0   1  -3   2  -3  -3  -1   3  -1  -4   0  -4   0   1   4   1  -5  -4  -4    5   4   5   0   4   0   0   5   6   4   1   5   0   4   7  35  10   0   0   0  0.44 0.40
   27 T     0   0   0   0   2   1   0   0   1   0  -1   0   1   0   1   0   0  -3  -2   0    6   6   5   6   5   5   6   6   5   6   6   6   5   5   6   6   6   0   0   6  0.03 0.07
   28 E    -3  -3   0   3  -6  -1   6  -2   0  -6  -4   1  -5  -3  -1  -2  -4  -6  -5  -4    2   1   4  12   0   2  57   3   2   0   2   6   0   1   3   2   0   0   0   1  1.15 0.65
   29 P    -1   0  -3  -2  -5   0  -3  -2  -1  -3  -3   0   0  -6   7  -1  -1  -6  -5  -1    6   4   1   2   0   4   1   3   1   2   3   5   2   0  52   5   4   0   0   4  1.16 0.64
   30 N    -2   0   4  -2  -2  -2  -3   3   2  -4  -1  -2  -1   2   0   1  -1  -4  -1  -3    2   4  22   1   1   1   0  19   5   0   7   2   2  10   6  11   3   0   2   1  0.36 0.32
   31 N    -3   0   8  -1  -6  -1  -1  -2   0  -1  -4  -1  -5  -6  -3  -1  -2  -6  -1  -5    2   5  59   3   0   2   3   3   2   5   2   3   0   0   2   3   2   0   3   0  1.30 0.72
   32 L    -2  -6  -1  -6  -6  -1  -6  -3   1   0   5  -2   2  -1   1  -6  -5  -6  -5   0    4   0   3   0   0   3   0   3   4   4  55   3   4   3   8   0   0   0   0   6  0.93 0.54
   33 K    -1   1   0  -4   2  -1  -2  -3  -1  -2  -1   4   1  -2  -1  -1   2   1   1  -1    5   8   5   0   4   2   2   2   2   2   6  23   4   2   3   4  13   2   4   5  0.24 0.27
   34 A     2  -1   5  -6   1  -1  -2   1   3  -1  -3  -1  -6   0  -1  -1  -1  -7  -7  -2   16   4  22   0   3   3   3  11   5   4   4   4   0   3   3   5   5   0   0   4  0.47 0.32
   35 R    -1   2  -1  -2   3   1  -2  -2   1   0   0   1   1  -1  -1   0  -1   3  -1  -1    6  11   3   3   6   6   3   3   4   6  10   7   4   3   3   7   3   4   3   5  0.10 0.11
   36 N    -2  -2   6  -1  -5   0  -4  -4   7  -5  -5  -2  -5  -1  -2   0  -2   1   1  -3    3   2  35   3   0   4   0   0  23   0   1   3   0   3   2   7   2   2   5   2  1.08 0.63
   37 S     0  -1   0  -4   2  -1  -4  -2  -4  -2  -3  -1   0  -1  -1   5   2  -5   0  -2    7   3   3   0   4   2   0   2   0   2   3   3   3   3   3  43  11   0   4   3  0.59 0.50
   38 F    -2   1  -2  -2  -5   0  -2  -3   1  -2  -1  -1  -3   5   1  -1  -2   2   4  -2    4   8   2   2   0   5   2   2   3   2   6   4   0  28   8   4   2   2  12   2  0.47 0.36
   39 R     0   0   0   0   2   0   0  -1   1   0  -1   0   1   0   0   0   0  -2   1   0    5   5   5   5   5   5   5   5   5   5   5   5   5   5   5   5   5   0   5   5  0.03 0.05
   40 Y    -2  -2  -1   0   1  -2  -2  -1   4   0   0  -2  -1   2  -5  -2  -2   2   6  -2    3   2   3   5   3   2   2   5  10   5   8   3   2   6   0   3   2   2  31   3  0.65 0.45
   41 N    -1   1   4  -1   1  -1   0  -2   0  -3  -3   0  -1  -2  -2   4  -1  -5  -1  -2    5   7  19   3   3   2   5   2   2   2   2   5   2   2   2  30   3   0   2   2  0.43 0.39
   42 G     0   0   1   0   2   1   0   0   2  -2  -1   0   1  -3   1   0   0   3  -2  -1    6   6   6   6   6   6   6   6   6   0   6   6   6   0   6   6   6   6   0   6  0.10 0.14
   43 L     0   0   0   0   2   0  -2  -3  -2   0   0  -2   1   1   1   0   0   4   1   0    6   6   6   6   6   6   0   0   0   6   6   0   6   6   6   6   6   6   6   6  0.10 0.15
   44 I     0  -3   0   0   1  -2  -3  -1  -2   2   0  -3   1   1  -3   0   0  -3   2   2   10   0   5   6   4   0   0   4   0  17   4   0   4   6   0   8   6   0   8  16  0.15 0.18
   45 H    -1  -1   4  -1   2   2  -1  -1   4  -4  -2  -1  -3  -3  -1   1  -1  -4   1  -3    4   3  25   2   5  11   3   4  13   0   4   3   0   0   3  10   3   0   6   0  0.41 0.32
   46 R    -1   1   0   0   1   1   0  -1   1  -2  -2   3  -2  -2   2   0   1   0  -1  -2    4   9   4   6   4   7   3   3   4   2   4  20   0   2   9   6   8   1   2   2  0.18 0.18
   47 K     0   0   1   0  -3   1   0   0   2  -2  -1   0   1   1   1   0   0  -2   1  -2    6   6   6   6   0   6   6   6   6   0   6   6   6   6   6   6   6   0   6   0  0.08 0.11
   48 T     0   0   0   0  -3  -1  -2   0  -2   0   0   0   1   1   1   0   0   4   1   0    6   6   6   6   0   0   0   6   0   6   6   6   6   6   6   6   6   6   6   6  0.07 0.11
   49 V     0  -2  -4  -4   3  -1  -4  -1  -4   2   1  -3   1   0   0  -3   0  -4   0   4    7   3   0   0   7   3   0   5   0  11  10   0   4   3   4   0   4   0   3  33  0.35 0.29
   50 G    -1   0   0   0   2   0   0  -1   2   0  -1   0   1   0  -3   0   0   3   1   0    5   5   5   5   5   5   5   5   5   5   5   5   5   5   0   5   5   5   5   5  0.06 0.10
   51 V    -1  -2  -4   0   3  -3  -2  -1   0   4   0  -2   1  -1  -1  -2  -1  -4  -3   3    5   2   0   5   6   0   3   5   3  24   6   2   3   3   3   3   4   0   0  22  0.30 0.29
   52 E     1   0  -1   0  -3   1   2   1   0  -1  -1   0   0  -3  -1   0   0   2  -1   0   10   4   2   4   0   8  18  12   2   4   5   5   2   0   2   5   5   3   2   7  0.12 0.16
   53 P    -1   0   0   0   2   0   0  -1   2   0  -1   0   2   1   0  -1   0   4   1  -1    5   5   5   5   5   5   5   5   5   5   5   5   5   5   5   5   5   5   5   5  0.09 0.08
   54 A     1  -1   1   2   1  -1   0   1   1  -2  -2  -1   0  -1   0   0   0   2  -1  -1   11   3   7  10   3   3   6  10   3   3   4   4   3   3   5   5   7   3   3   5  0.09 0.10
   55 A     0   0   1   0   2   1   0   0   2  -2  -1   0  -2   0   1   0   0  -2   1  -1    6   6   6   6   6   6   6   6   6   0   6   6   0   6   6   6   6   0   6   6  0.06 0.09
   56 D    -1   0   1   2   1   0   2   1   1  -2  -2   1  -3  -3   0   0   0  -4   0  -3    4   3   7  15   4   4  12  10   4   3   5  10   0   0   4   6   4   0   4   0  0.17 0.18
   57 G     0   0   0   0   2   1   0   0   2  -2  -1   0   1  -2   0   0   0   3   1  -1    6   6   5   6   5   5   6   6   5   0   6   6   5   0   6   6   6   5   5   6  0.09 0.14
   58 K    -1   0   0  -1   2   1  -1   1   0   1  -1   3   0  -1   0  -1  -1  -4   0   0    4   5   3   3   4   8   3  10   3   9   4  18   3   3   4   5   3   0   3   5  0.10 0.15
   59 G     0   0   1   0  -3   0   0   2   0   0  -1   0   0  -1  -1   0   0  -3  -1   0    8   6   7   4   0   3   4  16   2   4   5   8   3   2   3   8   6   0   2   9  0.06 0.08
   60 V     0   0   0   0   2   0  -2   0  -2   0  -1   0   1   1   0   0   0   3   1   0    6   6   5   6   5   5   0   6   0   6   6   6   5   5   6   6   6   5   5   6  0.06 0.11
   61 V     0   0  -1  -1   0  -1  -1  -1  -2   1   0  -1   1   0  -1   0   1   2   1   1    6   5   3   3   3   3   3   5   0   8  11   4   4   3   3   5   8   4   5  15  0.04 0.08
   62 V    -1  -1  -1  -3   2  -1  -1  -1   0   0   1  -1   1   1   0   0   0   3   0   2    4   3   3   0   4   3   3   4   3   4  13   4   4   5   4   7   7   5   3  15  0.09 0.13
   63 V     0   0  -1  -1  -3   0  -1   0   1   1  -1   0   0   0   0   0   1   2   0   1    6   6   3   3   0   3   3   6   3   8   5   8   3   3   4   8   8   3   3  14  0.04 0.08
   64 I    -1   0   0   0  -3   0   0  -1   2   0  -1   0   1   0   0   0   0   3   1   0    5   5   5   5   0   5   5   5   5   5   5   5   5   5   5   5   5   5   5   5  0.06 0.08
   65 K    -1   2   0  -1   1   0   0  -1   0  -1  -2   3   0  -4   1   0   0  -5  -4  -1    5  11   4   3   3   4   5   6   3   3   4  23   3   0   6   5   6   0   0   4  0.21 0.25
   66 R     0   2   0  -1   1   1  -1   0   1  -2  -2   3  -3  -4   0  -1   0   1  -3  -1    6  10   4   4   4   7   3   6   3   2   3  24   0   0   5   4   5   2   0   4  0.20 0.26
   67 R     0   2   0  -1  -4   0  -1  -1   1  -2  -2   3  -3  -4   1   0   1   0  -3  -1    8  14   4   3   0   4   3   4   3   2   4  19   0   0   6   8   8   2   0   4  0.17 0.23
   68 S     1   0   1  -1   0   0  -1   0   2  -2  -2   2  -1  -1   0   2  -1   1  -1  -2   10   4   6   3   2   3   3   6   5   2   4  16   1   2   4  16   3   2   1   2  0.11 0.18
   69 G    -1   0   0   0   2   0  -1  -1   2   0  -1   0   2   0   0  -1   0   3   1  -1    5   5   5   5   5   5   5   5   5   5   5   5   5   5   5   5   5   5   5   5  0.03 0.09
   70 Q    -1   0   0   0   2   0  -1  -1   2   0  -1   0   2   0   0  -1   0   3   1  -1    5   5   5   5   5   5   5   5   5   5   5   5   5   5   5   5   5   5   5   5  0.03 0.09
   71 R    -1   0   0   0   2   0  -1  -1   2   0  -1   0   2   0   0  -1   0   3   1  -1    5   5   5   5   5   5   5   5   5   5   5   5   5   5   5   5   5   5   5   5  0.03 0.09
   72 K    -1   0   0   0   2   0  -1  -1   2   0  -1   0   2   0   0  -1   0   3   1  -1    5   5   5   5   5   5   5   5   5   5   5   5   5   5   5   5   5   5   5   5  0.03 0.09
   73 P    -1   0  -1  -1   3   0  -1  -2   1  -1  -2   1   0  -7   4  -1  -1   2  -7   0    6   5   3   3   5   5   4   4   3   3   4   9   3   0  21   5   4   3   0   6  0.30 0.32
   74 A     1   0   2  -1   1  -1  -2  -1   0  -1  -2   1   0   0   1   1   0  -4  -1  -1   15   5   9   3   3   3   0   4   2   3   3  11   2   4   6   9   6   0   2   4  0.07 0.18
   75 T     0   0   0   0   2   0   0  -1   1   0  -1   0   1   0   0   0   0  -2   1   0    5   5   5   5   5   5   5   5   5   5   5   5   5   5   5   5   5   0   5   5  -0.00 0.06
   76 S     0   0   1  -2   1   1  -1  -1   1  -1   0   0   1   0  -1   1   0  -3   0   0   10   5   6   0   3   6   3   4   4   3   8   6   3   4   3  14   5   0   3   5  0.02 0.12
   77 Y    -1   0   0  -2   2   0   0  -1   2   0  -1   0   1   0   0   0   0   3   1   0    5   5   5   0   5   5   5   5   5   5   5   5   5   5   5   5   5   5   5   5  0.03 0.11
   78 V     0   0   1   0   1   0  -1  -1   2   0  -1   0   0   0  -1   0   0  -3   0   1    7   5   8   4   3   5   4   4   6   5   5   5   3   4   3   7   7   0   3  15  0.04 0.10
   79 R    -1   2   0  -1   1   0  -1  -1   1  -2  -2   2   0  -1  -2   0   2   3  -1  -1    4  11   3   3   3   5   4   5   4   3   3  14   2   3   2   8  12   4   2   5  0.16 0.19
   80 T    -3   0  -1  -3   0  -1  -2  -3   2   1  -2   0   0   0  -1   0   4   1  -1   2    2   4   3   2   2   3   3   2   4   7   3   6   2   4   3   8  23   2   3  12  0.33 0.27
   81 T     0   0   1   0  -2   1   0   0   2   0  -1   0  -1   0   1   0   0  -3  -1   0    6   6   6   6   0   6   6   6   6   6   6   6   0   6   6   6   6   0   0   6  0.05 0.06
   82 I    -1   0   0  -2   2   0   0  -1   2   0  -1   0   1   1   0   0   0   3   1   0    5   5   5   0   5   5   5   5   5   5   5   5   5   5   5   5   5   5   5   5  0.07 0.11
   83 N     0   0   1   0   1   1   0   0   1  -1  -1   1  -2  -1   0   0   0  -3   0  -1    5   5   9   4   3   5   4   6   4   4   5  12   0   3   5   8   7   0   4   5  0.07 0.10
   84 K     0   0   0   0  -3   1   0   0   1   0  -1   0   1   0   1   0   0  -2   1   0    6   6   5   6   0   5   6   6   5   6   6   6   5   5   6   6   6   0   5   6  0.03 0.06
   85 N    -1   1   2   0   0   0   0   1   1  -3  -1   0   0  -1   0   1   0  -3   0  -1    4   8  13   6   3   5   6  12   4   0   4   4   3   3   5   8   6   0   3   4  0.10 0.13
   86 A     2  -1   0  -2   0  -1  -1   0   0  -2  -2   0   0   1   3   1   0   1   0  -1   19   3   4   2   2   2   3   8   3   2   4   6   2   6  13   8   5   2   3   3  0.14 0.17
   87 R    -3   6  -3  -3   1   1  -4  -2   2  -3  -2   2  -1  -3   0  -1  -2   1  -2  -3    3  35   2   2   3   7   2   4   4   2   4  11   1   1   6   4   3   2   1   2  0.73 0.48
   88 A     1   4  -1  -3  -1   0  -2  -1   0  -3  -3   3  -4   0  -1   0  -1  -5  -2  -2   12  23   3   1   2   3   2   4   3   1   3  18   0   5   4   8   4   0   1   3  0.38 0.34
   89 T     1   1   0  -2  -1  -1  -2   0   1  -1  -2  -1   3  -4  -1   1   3   0  -4   0    9   7   4   2   1   3   2   8   3   4   3   3   8   0   3  11  21   1   0   8  0.24 0.28
   90 L     1  -1   0  -2   1   0  -1  -2   1   0   2  -1   1   0   0  -1  -1  -5   1  -1   14   4   4   3   3   4   4   4   3   5  21   4   4   4   5   4   3   0   5   5  0.13 0.12
   91 S     0   1   0  -1   1   1  -1  -1   1  -1  -3   4   1  -1  -2   0  -1   2   0  -2    8   7   5   4   3   5   4   4   3   3   3  22   3   3   3   7   4   2   3   3  0.24 0.20
   92 S     2   0   0  -3   1   1  -1   0   1  -1  -2   1   0  -2  -2   2   2  -4  -1  -1   16   5   3   0   3   6   2   6   3   4   3  10   2   2   2  14  11   0   3   4  0.17 0.21
   93 I    -1  -5  -5  -5   0  -1  -3  -3  -5   5   1  -1   0  -2  -1  -2  -1  -5  -5   4    6   0   0   0   2   3   2   3   0  27  13   4   2   2   3   3   4   0   0  24  0.58 0.37
   94 R     2   3  -1  -2  -2   0   0  -1  -1  -1  -2   3  -1  -5  -2  -1  -1   0  -2  -1   19  18   3   2   1   4   5   4   1   3   4  19   2   0   2   4   4   1   1   4  0.32 0.29
   95 H     0   1   3  -2  -1  -1  -1  -1   4  -2  -2   2  -4  -2  -2   0   0  -5  -1   0    9   8  16   2   1   3   2   5  10   2   3  14   0   2   2   7   5   0   2   6  0.27 0.25
   96 M    -1   0   0   0   2   0   0  -1   2   0  -1   0   1   0  -3   0   0   3   1   0    5   5   5   5   5   5   5   5   5   5   5   5   5   5   0   5   5   5   5   5  0.06 0.10
   97 I    -1  -1  -1  -3   1  -1  -3  -2   1   2   1  -1   1   0  -1  -1   1  -3   0   2    5   3   4   0   3   3   0   3   3  14  10   4   4   4   3   5  11   0   3  15  0.13 0.16
   98 R     2   1   1  -1   1   0   0   0   1  -1  -2   0  -2  -1  -1   0   0   1   0  -1   22   8   6   2   3   4   6   6   3   3   4   7   0   3   2   7   5   2   3   5  0.10 0.15
   99 K     0   1   1   0   0   0  -1   0   0  -4  -3   4  -1  -2  -1   0  -1   0  -2   0    7   8   6   6   2   4   4   9   2   0   2  26   2   2   2   5   3   2   2   6  0.23 0.24
  100 N    -1   1   5  -1  -1   1  -2   0   1  -3  -3   1  -1  -4  -2   0   1  -5  -1  -3    6   6  29   3   2   5   2   7   4   2   3   7   2   0   2   8   9   0   2   2  0.41 0.34
  101 K     0   1   1  -2   0  -1  -2   3   1  -2  -2   3  -1   0  -2  -1  -2   0   2  -3    6   8   6   2   2   3   2  20   4   3   3  16   1   5   2   4   2   1   8   1  0.25 0.23
  102 Y    -3  -1  -2  -2   0  -1  -5  -2   0  -2  -3  -3  -2   1  -2  -4  -3  -1   9  -2    2   3   2   3   2   3   0   4   2   2   3   2   1   4   2   2   2   1  57   3  1.58 0.86
  103 R    -3   7  -1  -3   1  -2  -2  -4   3  -7  -4  -1  -6  -3  -3  -2  -2  -2  -6  -7    2  62   3   1   3   1   2   2   7   0   2   3   0   1   2   3   2   1   0   0  1.58 0.85
  104 P     0   1   0  -2  -6  -1  -4  -2  -1  -6  -2   2  -6  -7   7  -1  -2  -7  -3  -4    7   6   4   2   0   3   1   4   1   0   5  10   0   0  46   4   2   0   1   1  1.07 0.67
  105 D    -3  -2   0   7  -3  -3   1  -1   0  -4  -5  -2  -6  -6  -6  -2  -5   0  -1  -5    2   3   4  59   1   1   8   6   2   1   2   3   0   0   0   4   0   1   2   1  1.39 0.76
  106 L    -3  -6  -3  -5   0  -1  -6  -5  -1  -1   6  -4   0  -1  -1  -4  -3   0  -2  -2    2   0   1   1   2   3   0   1   2   2  69   1   2   3   4   1   1   1   1   2  1.20 0.70
  107 R     0   4   0  -3   1  -1   0  -4   3  -1  -2   3  -2  -3  -1  -1   1  -2  -1  -1    7  22   4   1   3   3   5   1   7   4   5  16   1   1   3   4   8   1   2   4  0.33 0.29
  108 M     0   1   0  -1  -5   1  -1  -3   0  -2   0   3   6  -3  -2   0  -1  -5  -2  -2    6   8   4   4   0   5   3   1   3   2   7  22  19   1   2   6   3   0   1   3  0.42 0.38
  109 A     5  -5  -4  -1  -1  -2  -2  -4  -3  -1   0  -3   0  -3   0   0  -1   0  -3   1   43   0   1   4   1   1   3   0   1   3  11   2   2   1   5   6   4   1   1  11  0.54 0.45
  110 A     7  -4  -2  -3   0  -3  -6  -3  -3  -6  -3  -4  -6  -7  -3  -1  -1  -7  -6  -1   73   1   2   1   2   1   0   2   1   0   3   1   0   0   1   4   4   0   0   5  1.48 0.87
  111 I    -2  -2  -2  -5  -5   3  -3  -3  -2   3   4  -2   1  -2  -2  -4  -2  -5  -3   2    2   2   2   0   0  12   1   2   1  15  34   2   3   1   2   1   2   0   1  15  0.54 0.41
  112 R     3   5  -2  -5   2  -1  -2  -2   3  -3  -2   2  -3  -5  -1  -2  -2  -1  -4  -3   22  28   1   0   5   2   2   3   7   2   4  13   0   0   3   2   2   1   0   2  0.60 0.46
  113 R    -5   8  -4  -6  -2  -3  -3  -5   0  -4  -5   2  -2  -4  -4  -4  -2  -7  -2  -3    1  68   1   0   1   0   1   1   2   1   1  13   1   1   1   1   3   0   1   2  1.81 0.95
  114 A     5  -6  -6  -6  -5  -5  -5  -4   0  -1  -1  -5   0  -1  -2  -3   1   2   2   1   54   0   0   0   0   0   0   1   3   4   5   0   2   3   2   1   7   3   8   9  0.96 0.65
  115 S     1  -1  -2  -2   3  -4  -5  -2  -1  -4  -6  -1  -3  -6  -4   6   0  -1  -1  -4    9   3   1   2   6   1   0   3   1   1   1   3   1   0   1  58   5   1   2   1  1.10 0.75
  116 A     5  -1  -2  -4  -2   2  -4  -3   0  -4  -3   2  -1  -3  -5  -2  -2  -6  -4  -1   53   4   2   1   1   9   0   1   3   1   2  12   2   1   0   2   2   0   0   4  0.87 0.61
  117 I    -4  -5  -6  -6  -5  -6  -6  -5  -4   6   3  -6  -1  -2  -2  -3  -1  -5  -1   2    1   1   0   0   0   0   0   1   1  47  25   0   1   2   3   2   4   0   2  10  1.12 0.60
  118 L    -2   0  -1  -4  -4  -2  -4  -5   3   1   4  -1   2   0  -1  -2  -1  -4   1   0    3   6   3   1   0   1   0   0   6   7  42   4   4   3   3   2   4   0   4   5  0.45 0.35
  119 R     0   6  -1  -3   1   2  -1  -3   2  -5  -4   2  -3  -6  -4  -1  -3  -6  -2  -5    7  46   3   1   3   7   3   2   5   1   2  12   0   0   1   5   1   0   2   0  0.99 0.59
  120 S     2  -2  -2  -3  -1  -3  -5  -1  -1  -4  -6  -3  -5  -2  -5   6  -1  -7  -4  -4   14   2   1   1   2   1   0   4   2   1   0   1   0   2   0  65   4   0   0   1  1.29 0.81
  121 Q    -3  -1   0  -5  -6   7  -1  -3   0  -2   0  -2  -4   0  -1  -2  -2  -6  -2  -4    2   3   4   0   0  54   2   2   2   2  11   1   0   5   3   3   2   0   1   1  1.13 0.73
  122 K    -4   4  -3  -4  -4   0  -3  -4  -1  -6  -2   7  -2  -6  -2  -2  -2  -7  -6  -3    1  19   1   1   0   3   1   1   1   0   4  58   1   0   2   3   2   0   0   2  1.32 0.74
  123 P     0  -2  -3  -5  -6  -3  -3  -3  -2  -4  -4   2  -3  -6   7  -2  -1  -6  -6  -1    7   2   1   0   0   1   1   2   1   1   1  13   1   0  58   2   3   0   0   5  1.48 0.75
  124 V     1   0  -2  -3  -4   0  -2  -3  -2   0  -2   3  -1  -4   0   0  -1  -5  -1   4   11   4   1   1   0   4   1   2   1   3   2  19   1   0   5   5   3   0   2  34  0.40 0.36
  125 M    -1  -1  -1  -2  -4  -1   0  -2  -2  -2  -1   4   5  -2   1  -1   0  -4  -2   1    5   3   2   1   0   2   4   3   1   1   3  28  15   1   7   4   7   0   2  10  0.36 0.34
  126 V     1  -1  -2  -2  -3  -1  -1   0  -3   0  -1   0  -1  -3   1   0   0  -4  -3   4   13   2   1   2   0   2   4   6   1   4   3   5   1   1   7   7   6   0   0  35  0.30 0.29
  127 K    -1   2  -1  -2  -5   0   0  -1  -1  -1  -2   5  -1  -1   1  -2  -2  -5  -3  -2    5  10   3   1   0   3   5   5   1   4   4  41   1   3   6   1   2   0   1   3  0.50 0.38
  128 R     0   5  -3  -3  -5  -1   0  -2  -4  -4  -4   5  -1  -5   0  -1  -2  -5  -4   0    9  30   0   1   0   1   5   2   0   1   1  31   1   0   5   4   2   0   0   8  0.74 0.48
  129 K     0   2  -1  -2  -6   0  -1  -2  -4  -4  -4   6  -4  -4   1  -1  -1  -6  -5  -3    7  10   2   1   0   4   3   3   0   1   1  52   0   1   6   3   4   0   0   2  0.88 0.56
  130 R    -1   5   0  -3  -5   1  -1  -2   0  -5  -4   3  -3  -5   1   0  -1   1  -4  -3    5  32   4   0   0   7   2   4   2   0   1  20   0   0   8   7   3   2   0   1  0.64 0.44
  131 T     2   1  -1  -3   0  -1  -2  -1  -4  -2   0  -1  -3  -4   2   1   4  -5  -4  -1   18   9   2   1   2   2   1   3   0   1   8   2   0   0   8  10  31   0   0   3  0.43 0.37
  132 R     0   6  -2  -5   2   1  -3  -3   3  -4  -4   2  -2  -6  -3  -2  -2  -6  -4  -4    7  51   1   0   5   5   0   2   8   1   1  12   1   0   1   2   2   0   0   1  1.09 0.61
  133 P     2   0  -4  -4  -5  -3  -3   1  -1  -4  -4   0  -5  -6   6  -1   0  -6  -3  -3   17   5   0   0   0   1   1  12   1   1   1   7   0   0  43   5   5   0   1   2  0.98 0.54
  134 T     0   0  -1  -3  -2  -2  -1  -3   0  -2  -3   3  -2  -5   2   0   4  -5  -4   0    9   4   2   1   1   0   3   1   3   2   1  18   1   0  10   7  33   0   0   6  0.48 0.39
  135 K    -5   3   0  -4  -7   1   0  -5  -4  -7  -6   7  -5  -7  -5  -3  -4  -7  -6  -6    0  16   3   0   0   4   4   0   0   0   0  71   0   0   0   1   0   0   0   0  1.75 0.81
  136 S     3  -3  -2  -3  -2  -2   0  -2  -1  -4  -5   2  -4  -5  -2   4   1  -5  -4  -3   30   0   1   0   1   0   7   2   1   0   0  16   0   0   1  32   9   0   0   1  0.66 0.45
  137 S     2  -3   1  -2  -3  -2   1  -3  -3  -4  -5  -2  -4  -5  -3   5   2  -5  -4  -4   14   0   8   0   0   0  10   0   0   0   0   0   0   0   0  57  12   0   0   0  0.87 0.47

                      K         Lambda
Standard Ungapped    0.1282     0.3196
Standard Gapped      0.0381     0.2670
PSI Ungapped         0.1246     0.3182
PSI Gapped           0.0381     0.2670
