
Last position-specific scoring matrix computed, weighted observed percentages rounded down, information per position, and relative weight of gapless real matches to pseudocounts
            A   R   N   D   C   Q   E   G   H   I   L   K   M   F   P   S   T   W   Y   V   A   R   N   D   C   Q   E   G   H   I   L   K   M   F   P   S   T   W   Y   V
    1 M    -4  -4  -5  -6  -4  -3  -5  -6  -4  -2  -1  -4  10  -3  -5  -4  -3  -4  -4  -2    0   0   0   0   0   0   0   0   0   0   0   0 100   0   0   0   0   0   0   0  2.71 0.71
    2 A     5  -3  -3  -3  -2  -3  -2  -2  -4  -1  -3  -3  -3  -4  -3   1   0  -4  -4   1   75   0   0   0   0   0   2   0   0   4   0   0   0   0   0   6   5   0   0   9  0.91 0.41
    3 K    -3   0  -1  -3  -6   0   0  -4  -3  -3  -5   7  -4  -6  -2  -3  -2  -6  -4  -5    0   0   2   0   0   3   4   0   0   1   0  88   0   0   1   0   2   0   0   0  1.64 0.60
    4 S     0  -2  -2  -3  -3  -1  -3  -3  -3  -4  -3   1  -4  -2  -2   6  -1  -1  -4  -3    4   1   0   0   0   1   0   0   0   0   2   8   0   1   1  78   1   1   0   1  1.13 0.55
    5 K    -3   0  -2  -3  -6  -2  -1  -4  -3  -5  -5   7  -1  -6   1  -3  -2  -6  -5  -5    0   2   1   0   0   0   2   0   0   0   0  86   1   0   6   0   1   0   0   0  1.71 0.65
    6 N    -4  -1   8   0  -5  -3  -3  -3  -2  -3  -5  -2  -4  -5  -4   0  -1  -6  -4  -5    0   3  81   2   0   0   0   0   0   2   0   2   0   0   0   6   2   0   0   0  1.79 0.67
    7 H    -2  -2  -1  -2   2  -2  -3  -3   9  -5  -5  -3  -4  -2  -3   0  -2  -4   2  -5    2   1   2   2   4   1   0   2  67   0   0   0   0   1   1   6   3   0   7   0  1.87 0.70
    8 T     0  -3  -1  -2   1  -3  -3  -4   0   0  -2  -3  -1  -4  -3   2   6  -5  -4  -2    5   1   2   1   3   0   0   0   3   6   3   0   1   0   0  13  61   0   0   0  0.94 0.51
    9 T     1  -2   3  -3   0   1  -2  -2   0  -2  -2  -2   1  -4  -1   0   5  -4  -3  -1   10   2  15   0   2   7   0   1   2   2   1   1   4   0   3   6  40   0   0   3  0.50 0.35
   10 H    -2  -1   0  -1  -2   2  -3  -4   9  -5  -5  -2  -4  -1  -1  -3  -4  -4   3  -5    4   3   3   3   1   9   0   0  60   0   0   2   0   2   2   0   0   0   8   0  1.61 0.63
   11 N    -3  -3   7  -1  -4  -2  -3  -2   4  -3  -3  -1  -4  -5  -1   0   1  -5  -4  -4    0   0  60   2   0   0   0   2  10   2   3   4   0   0   3   4   9   0   0   0  1.17 0.53
   12 Q    -2   0  -1  -3  -5   7  -1  -4   0  -3  -3  -1  -3  -5   2  -3   0  -5  -4  -3    3   5   3   0   0  63   2   0   2   1   2   1   0   0   9   0   6   0   0   2  1.27 0.64
   13 S     0  -1   3  -1   1  -2  -2  -2   1  -1  -3  -2  -3  -2  -2   4   1  -1  -3  -2    7   4  14   1   4   0   1   1   3   4   1   1   0   1   1  45   6   1   0   3  0.54 0.39
   14 R    -1   4  -2  -3   1   3  -1  -3   0  -3  -2   0  -2  -1   1   0  -1   2   1  -2    3  29   0   0   4  17   2   0   2   0   4   5   0   2   7   6   2   4   6   3  0.36 0.26
   15 K    -2   1   0  -2  -4   1   1  -3   1  -2  -4   6  -3  -4   2  -2  -1  -4  -3  -3    1   4   3   0   0   4   7   1   3   3   1  59   0   0   9   1   3   0   0   1  0.82 0.38
   16 W     1  -1   0   0  -3  -1  -2  -1  -3  -3  -2  -3   1  -2  -1   0  -1   9   0  -3   16   4   6   7   0   2   1   3   0   1   3   1   4   0   2   7   4  37   2   1  0.98 0.37
   17 H    -1   1   0  -1   1   0  -2  -1   8  -4  -2   0  -3   0   0  -1  -3  -3   1  -3    4   8   4   4   4   4   0   4  42   0   4   4   0   4   4   4   0   0   4   1  0.73 0.36
   18 R    -1   1   1  -1  -3   1   1   1   2   0  -2   1  -2  -3   2   0  -1  -3  -2  -2    1  10   9   0   0   9  10  10   9  10   1  10   0   0  10  10   1   0   0   1  0.19 0.11
   19 N    -2   0   5   1  -3   2   1  -1  -1  -2  -3   0   2  -3  -3   0   0  -4  -3  -3    0   3  46   4   0   9   9   3   0   3   0   5   7   0   0   3   5   0   0   0  0.52 0.26
   20 G     1  -2   0   0   1  -1  -1   4   3  -3  -3  -1  -2  -3   0   1   0  -3  -2  -2   11   0   3   7   3   0   0  37   9   0   1   4   0   0   5  10   8   0   0   1  0.37 0.17
   21 I    -1  -3  -1  -2   1  -2  -2  -3  -3   4   1  -2   0   2   0   0   0  -2  -1   1    1   1   4   1   4   1   1   1   0  44   7   1   0  10   4   7   6   0   0   7  0.26 0.17
   22 K    -3   1  -1  -3  -5   0   0  -2   0  -2  -2   6  -1  -2  -2  -3  -1  -4  -1  -2    1   7   2   0   0   3   5   3   2   2   3  56   2   2   2   1   4   0   2   3  0.85 0.50
   23 K    -3   4   0  -1  -5   0  -1  -2  -3  -2  -2   5   1  -1  -4  -2  -2  -5  -4  -4    0  21   4   3   0   2   2   2   0   2   4  45   4   3   0   2   2   0   0   0  0.83 0.49
   24 P    -1   0   0  -5  -5   0  -1  -5   2  -5  -1  -4  -5   0   6  -1   1  -6  -5  -1    6   4   4   0   0   4   4   0   4   0   6   0   0   4  44   4   8   0   0   4  0.99 0.55
   25 R    -1   0   0   0   2   0   0  -1   1   0  -1   0   1   0   0   0   0   3  -2   0    5   5   5   5   5   5   5   5   5   5   5   5   5   5   5   5   5   5   0   5  0.02 0.10
   26 S    -1   2   0  -1  -3   0  -1  -2   2  -1  -2   1   0  -3   1   2   1  -4  -1  -2    3  14   4   3   0   4   2   3   5   4   4   9   3   0   8  15  11   0   2   3  0.16 0.24
   27 Q    -2   0   1  -1  -1   3  -1   0   5  -4  -2   1   0  -1   0  -1  -1   2   1  -2    3   5   6   2   2  13   3   6  16   0   3  10   2   2   4   5   4   3   4   3  0.25 0.29
   28 R     0   0   1   0   2   1  -1   0   2   0  -1   0  -1  -2   1   0   0  -2   1   0    6   6   6   6   6   6   0   6   6   6   6   6   0   0   6   6   6   0   6   6  0.05 0.10
   29 Y    -1   0   0  -1   1   0  -1  -2   3  -3  -2   0   1   2  -1  -1   1   2   4  -2    4   4   4   4   3   5   3   3   9   0   4   6   4   8   3   4  10   3  16   3  0.27 0.26
   30 E     0   0   0   0  -2   1   0   0   1   0   0   0   1   0   1   0   0  -3  -1   0    6   6   6   6   0   6   6   6   6   6   6   6   6   6   6   6   6   0   0   6  0.04 0.07
   31 S     0   0   1   1  -3  -2   0  -1  -2  -3  -1   0  -2   0   1   3   1  -3   0  -1    4   5   5   7   0   0   5   5   0   0   5   4   0   4   6  34   6   0   4   6  0.24 0.26
   32 L    -2   0   0  -2   2   1  -2  -3   2   0   0   0   1   1   1   0   0   4   1   0    0   6   6   0   6   6   0   0   6   6   6   6   6   6   6   6   6   6   6   6  0.14 0.18
   33 K    -1   1   1  -1  -2   1   0   0  -1  -1   0   0   1   1   1   0   0  -2  -1   0    1   7   7   0   0   7   7   7   0   0   7   7   7   7   7   7   7   0   0   7  0.04 0.12
   34 G     0   0  -2   0   0  -1  -1   4   1  -2  -2  -2   0  -3  -1  -1  -2   1   0  -1    5   7   0   5   2   3   5  43   4   3   4   1   2   0   3   4   1   2   3   4  0.45 0.30
   35 V     0   0  -2   0   2   1   0   0  -2   0   0   0   1  -2   1   0   0   3  -2   0    6   6   0   6   6   6   6   6   0   6   6   6   6   0   6   6   6   6   0   6  0.09 0.12
   36 D     0   0   0   0   2  -1   0   0   2   0  -1   0  -2   1   1   0   0   3   1  -2    6   6   6   6   6   0   6   6   6   6   6   6   0   6   6   6   6   6   6   0  0.08 0.12
   37 P     0   0  -2  -2   2   1   0  -3   2   0   0   0   1   1   1   0   0  -2   1   0    6   6   0   0   6   6   6   0   6   6   6   6   6   6   6   6   6   0   6   6  0.08 0.12
   38 K     0   1   0  -2  -3   0   0   0  -2   0  -1   3   1  -1   1   0   0  -3  -2  -1    5   6   4   0   0   4   5   8   0   5   5  26   4   4   5   8   6   0   0   5  0.16 0.19
   39 F    -1  -1  -3  -4   2  -3  -2  -1  -3   0   0  -1   1   5  -1  -1  -1   3   2   0    5   3   0   0   6   0   3   5   0   4   8   3   4  31   3   4   3   4   6   7  0.37 0.29
   40 L     0   0   0   0   2   1   0   0  -2   0  -1   0   1   0   1   0  -1   3  -2   0    6   6   6   6   6   6   6   6   0   6   6   6   6   6   6   6   0   6   0   6  0.06 0.11
   41 R    -2   0   0   0  -3   1   0  -1   2   0  -1   0   1   1   0   0   0   3   1   0    0   6   5   6   0   5   6   6   5   6   6   6   5   5   6   6   6   5   5   6  0.07 0.12
   42 N     0   0   1   0  -2   1   0   0   1   0  -1   0  -1  -2   1   0   0  -2   1   0    6   6   6   6   0   6   6   6   6   6   6   6   0   0   6   6   6   0   6   6  0.03 0.08
   43 M    -1   0   0   0   2   0  -2  -1   1   0  -1   0   1   0   0   0   0   3   1   0    5   5   5   5   5   5   0   5   5   5   5   5   5   5   5   5   5   5   5   5  0.03 0.11
   44 R    -2   4  -1  -1   2  -2  -1  -1   2  -3  -2   2   0  -1  -1   0   0  -4   0  -1    3  25   2   2   5   0   3   4   6   0   4  13   3   3   3   5   7   0   3   5  0.25 0.31
   45 F    -2   0  -2   0   2   0  -2   0   2   0  -1   0  -1   1   1   0   0   3   1   0    0   6   0   6   6   6   0   6   6   6   6   6   0   6   6   6   6   6   6   6  0.05 0.15
   46 A     0   0   0   0   2   0   0   0  -2   0  -1   0  -1   0   1   0   0   3  -1   0    6   6   6   6   6   6   6   6   0   6   6   6   0   6   6   6   6   6   0   6  0.06 0.09
   47 K     0   0   0  -2  -3   1   0   0   2   0  -1   0  -1   1   1   0   0   3   1   0    6   6   6   0   0   6   6   6   6   6   6   6   0   6   6   6   6   6   6   6  0.07 0.10
   48 K     0   0   0   0  -3   1   0  -3   2   0  -1   0   1  -2   1   0   0   3   1   0    6   6   6   6   0   6   6   0   6   6   6   6   6   0   6   6   6   6   6   6  0.10 0.13
   49 H    -1   0   0  -2   1   1  -2   3   4   0  -1  -2   2  -1  -2  -2   0   3   0  -2    5   5   4   3   3   7   3  19   8   6   6   3   5   3   3   3   5   4   3   3  0.26 0.19
   50 N     0   0   1   0   2   1   0   0   2   0  -1   0   1  -2  -2   0   0   3  -2  -2    6   6   6   6   6   6   6   6   6   6   6   6   6   0   0   6   6   6   0   0  0.10 0.14
   51 K    -1   1   0  -3   1   1   0  -1   1  -1  -1   4   1  -3   0  -1  -1  -4   0  -1    4   7   3   0   3   6   4   3   3   4   6  33   4   0   4   5   3   0   4   4  0.27 0.28
   52 K    -1   2   0  -1   0   1   1  -1   0  -3  -2   4   0  -4   0  -1  -1  -4  -3   0    3   9   3   3   2   5   7   5   2   0   4  37   3   0   4   3   3   0   0   8  0.37 0.31
   53 G     2  -1   0   0   0  -1  -1   3   1  -2  -1  -1  -1  -3  -1   0  -1  -4  -3  -1   24   3   3   5   2   2   4  26   3   2   5   2   2   0   2   6   3   0   0   5  0.27 0.24
   54 L    -1   0  -1  -1   0  -1  -2   0   0   0   3   0   0  -1   2  -1  -1  -3  -1   0    6   6   2   5   2   2   0   7   2   2  32   5   2   2   9   2   3   0   2   5  0.13 0.19
   55 K     0   1   1   1  -2   1   0   0   2  -2  -1   0  -1  -2   1   0   0  -2   1  -1    7   7   7   7   0   7   7   7   6   0   7   7   0   0   7   7   7   0   6   7  0.09 0.10
   56 K    -1   0   0   0   1   1   2  -1   2  -1  -3   3   0  -3  -3   0   0   2   0  -1    3   5   3   4   4   6  12   4   6   3   1  25   3   0   0   5   5   3   4   5  0.25 0.25
   57 M     0   0   0   0   2   0   0  -1   1   0  -1   0   1   0   0   0   0  -2   1   0    5   5   5   5   5   5   5   5   5   5   5   5   5   5   5   5   5   0   5   5  0.03 0.05
   58 Q    -1   0   0  -2   2   0   0  -1   2   0  -1   0   1   0   0   0   0   3   1   0    5   5   5   0   5   5   5   5   5   5   5   5   5   5   5   5   5   5   5   5  0.07 0.11
   59 A     0   0  -1   0   2   1   0   0   2  -2  -1   0   1  -2   1   0   0  -3  -2   0    7   7   0   7   6   7   7   7   6   0   7   7   6   0   7   7   7   0   0   7  0.09 0.12
   60 N     0   0   2   1   1   1   0   0   2  -1  -2   1  -2  -3  -2   1   0  -3   0  -1    6   5  14   6   3   8   5   6   6   4   4  11   0   0   0   9   5   0   3   4  0.13 0.14
   61 N    -1   1   3   0   1   1   1  -1   1  -1  -2   2   0  -3   0   0   0  -3   0  -1    4   7  16   5   3   8   7   4   4   2   4  14   3   0   4   4   4   0   4   5  0.15 0.17
   62 A     2   2  -1  -1   1   0   0  -1   1  -1  -1   1   0  -2   0   0   1  -3  -2   0   21  11   2   2   3   5   4   5   4   3   4   7   3   2   3   4  11   0   0   5  0.12 0.16
   63 K     0   0   1   0  -3   1   0   0   2   0   0   0   1  -2   1  -1   0  -2   1   0    6   6   6   6   0   6   6   6   6   6   6   6   6   0   6   0   6   0   6   6  0.05 0.10
   64 A     2   0  -2  -1   3   0  -1   0   0   0  -1   0   0  -1   1   0   0  -3   0   0   20   6   0   3   7   4   4   6   3   4   6   6   3   3   6   4   4   0   3   7  0.08 0.13
   65 M    -1   1  -2   0   1   0   0  -1   2   0  -1   0   4  -3   1  -1   0  -4  -3   1    5   7   0   5   4   5   5   4   7   5   4   6  15   0   6   4   6   0   0  10  0.17 0.22
   66 S     0   0   0   0   2   0   1  -1   1  -1  -1   0   1  -3   0   2   0  -3   0  -1    5   4   4   4   6   5   9   4   3   3   7   6   4   0   4  20   6   0   4   4  0.10 0.15
   67 A     3   0  -3  -1   3   0  -1  -1   0   0  -2   0   1  -3   0   0   0  -4  -1   0   32   5   0   2   6   4   3   5   2   5   3   7   3   0   4   5   5   0   2   7  0.22 0.25
   68 R    -2   2  -1  -2   4   1  -1  -2   3  -1  -1  -1   1  -1   1   0   1   0   0  -3    3  15   2   2   8   7   4   3   9   4   6   3   5   2   6   5  10   1   3   0  0.22 0.24
   69 A     2   0  -1  -2   3  -2  -1  -1   1  -1  -1   0  -2  -1   1   0   1  -3  -1   0   25   6   3   2   6   0   3   4   4   2   5   5   0   3   6   8   7   0   2   8  0.16 0.20
   70 E    -2   2  -1   1  -5   1   4  -3   0  -2  -1   2   1  -4  -1  -1  -1  -5  -4  -1    2  10   1   6   0   6  32   2   2   2   5  14   3   0   2   5   3   0   0   4  0.44 0.36
   71 A     4   0  -3  -1  -1  -3  -2   2  -4  -1  -3  -1  -1  -2   0  -1   0  -4  -1   0   43   5   0   3   1   0   3  13   0   3   2   4   1   2   4   2   5   0   2   8  0.45 0.39
   72 I     0  -2   0  -2   2   0  -2   0   2   0   0   0   1   1   1   0   0  -2   1   0    6   0   6   0   6   6   0   6   6   6   6   6   6   6   6   6   6   0   6   6  0.06 0.12
   73 K    -1   1   0   0   1   2   0  -1   1  -3  -2   3   1  -3   0   0   0   2   0  -3    4   6   4   4   4  11   4   4   3   0   3  25   4   0   4   6   5   3   3   0  0.24 0.28
   74 A     3   0  -1  -1   2   0  -2   1   1  -1  -2   0  -2  -1   0   0   0  -3   0   0   29   7   2   3   4   3   0   9   3   3   2   7   0   3   4   4   6   0   3   7  0.15 0.21
   75 L    -1  -1  -2  -3   1  -1  -2  -2   0   0   3  -1   1   1   3  -1  -2  -3  -2  -1    4   4   2   0   3   3   2   2   2   4  37   3   4   6  15   6   0   0   0   2  0.33 0.30
   76 V     0   1   0   0   2   0   0  -1  -2   0   0   0   0  -2   0   0   0  -3  -2   1    7   9   5   4   6   4   4   4   0   5  11   7   3   0   5   6   4   0   0  15  0.06 0.09
   77 K    -1   0   1   0  -3   1   1  -1   1   0  -3   3   0  -4   1   0   0  -4  -3  -2    5   4   6   4   0   4  10   5   4   7   1  27   3   0   6   5   7   0   0   0  0.26 0.24
   78 P     1   0   0  -1  -3  -2  -2  -3   1  -1   0   1  -3  -4   5   0  -1  -4  -3  -3   13   4   4   3   0   0   0   0   3   4  10  11   0   0  33   9   3   0   0   0  0.57 0.34
   79 K     0   1   0   0  -3   2   1  -1   0  -1  -2   3  -1  -3  -2  -1   0  -4  -3  -1    7   6   4   4   0   9  10   4   2   5   3  29   2   0   0   3   5   0   0   6  0.25 0.21
   80 E     0   0  -1   0  -3   1   3   2  -2  -2  -1   0   0  -1   0   0   0  -3  -2  -1    9   5   2   3   0   4  25  15   0   1   7   3   3   4   5   5   4   0   0   6  0.17 0.17
   81 V     0  -3  -3  -3  -2  -1  -1  -2   0   2   0  -1   2  -1  -1  -1  -2  -3   0   4    9   0   0   0   0   3   3   3   2  10   8   4   5   2   3   5   0   0   3  38  0.29 0.25
   82 K     0   0   1   0  -3   1   0   0   2   0  -2   0   1   0   1   0   0   3  -1  -2    6   6   6   6   0   6   6   6   6   6   1   6   6   6   6   6   6   6   0   0  0.11 0.15
   83 P     1   0  -2   1  -3   0   0  -1   1  -3  -1   1  -3  -4   5   0   0  -4  -3  -1   11   5   0   7   0   4   5   5   4   0   6   8   0   0  30   5   5   0   0   4  0.47 0.29
   84 K    -1   2   0  -1  -3   2   0  -1  -2  -1  -2   3   0  -4   0   0   0  -4  -3  -3    5  11   3   3   0  12   4   3   0   5   3  27   3   0   5   7   6   0   0   0  0.29 0.26
   85 I     0   0   0   0  -2   1   0   0   1   0   0   0   1   0   1   0   0  -3  -1   0    6   6   6   6   0   6   6   6   6   6   6   6   6   6   6   6   6   0   0   6  0.04 0.07
   86 P    -1  -3  -3  -3   1   1  -3  -1   1  -3   0   0  -3  -4   6  -1  -1  -4   0   0    5   0   0   0   3   7   0   4   4   0  12   5   0   0  40   4   4   0   4   6  0.72 0.41
   87 K     0   2   0  -3   0   0   0  -1  -2  -2  -3   5   0  -4  -3   0   0   1  -1  -1    7   9   5   0   2   4   4   4   0   2   1  40   3   0   0   5   6   2   2   4  0.44 0.33
   88 G     1  -1  -1   0   0  -3  -2   4  -1  -3  -2  -2  -1  -4   2   0   0   2  -4   0   11   3   2   5   2   0   2  35   1   0   3   2   2   0  10   6   6   3   0   7  0.41 0.30
   89 V     0  -1  -1  -1   1  -1  -2   2  -1  -1   0  -1  -1   0   2   1  -1   2  -1   0    8   3   3   3   4   3   0  17   2   2  10   4   1   4  12  10   2   3   2   8  0.13 0.14
   90 S     0   0   1  -3   1   0  -2  -1  -1  -3  -4  -1  -1  -1   0   4   1   3  -3  -3    8   4   7   0   3   5   0   3   2   2   1   3   2   3   5  39   7   4   0   0  0.45 0.38
   91 R    -1   3  -2  -3   4   2  -2  -2   5  -1  -1   0  -3  -1   0   1   0  -4  -1  -3    5  17   0   0  12   9   0   2  17   4   5   5   0   2   5  10   5   0   2   0  0.42 0.32
   92 K    -1   1  -1   0  -1   2   0  -2  -1   0  -1   4  -1  -2  -1   1  -2  -4  -3  -2    4   6   2   4   2   8   5   2   1   6   5  35   1   2   2  10   1   0   0   3  0.33 0.28
   93 L     0  -3  -3  -3   2  -3  -2  -3  -1  -1   3  -1  -1   0   0   1   1  -3  -2   0    7   1   0   1   5   0   2   1   1   1  39   4   0   5   5  10  10   0   0   7  0.32 0.27
   94 D     1  -1   1   1   0   0  -2   0   1  -1  -2  -1  -3  -4  -3   4   0  -4  -1  -2   10   2   7   9   2   5   1   7   4   4   3   3   0   0   0  34   4   0   2   2  0.32 0.30
   95 R    -1   4  -1   0   2   3   0  -1   4  -2  -2  -1  -3  -4   1   0  -2  -4  -1  -3    5  26   2   5   6  14   5   4  11   2   4   0   0   0   6   6   1   0   2   0  0.40 0.32
   96 L    -1   1  -2  -2  -3   1   0  -3   2   0   0   0  -1   1   1   0   0   4  -1   0    1   8   0   0   0   7   8   1   7   8   8   8   0   7   8   8   8   7   0   8  0.14 0.14
   97 A     1  -2   1   0   2   0  -2  -1   0   0  -1  -2   1   1   1   1   0  -3  -2   0   18   0   7   4   5   5   0   4   3   3   6   0   6   7   6  12   5   0   0   8  0.09 0.14
   98 Y     0   0  -1  -3   3  -2  -1  -3   0  -2  -1  -1  -2   3   0   2   0  -2   4  -1    9   5   3   0   9   0   3   0   2   0   7   3   0  13   4  17   5   0  16   4  0.24 0.24
   99 I    -1  -2  -2  -3   1  -3  -3  -2   3   4   1  -3   0  -2  -1   0   2  -3   1   0    3   2   2   0   3   0   0   3   8  32  10   0   2   0   3   8  13   0   5   4  0.29 0.27
  100 A     2   0  -1   0   2  -2  -1  -2  -1  -1   1   1  -1  -1   0  -1   1  -3   0  -1   25   5   2   5   6   0   2   2   2   2  14  10   0   2   4   2  11   0   4   3  0.12 0.18
  101 H    -1   0  -1   0   0   1  -2  -2   8  -2  -1  -2  -3  -3  -3   0   1  -4   1  -2    6   4   1   4   2   5   0   3  41   2   6   0   0   0   0   7   8   0   5   2  0.78 0.45
  102 P    -2  -2  -4  -4  -1   0  -1  -4   1  -4  -2  -3  -4  -2   7   0  -2  -5  -1  -4    2   2   0   0   1   3   4   0   3   0   4   0   0   1  65   7   2   0   3   0  1.56 0.66
  103 K    -2   0   0  -2  -4   2   0  -1  -1  -4  -4   5  -1  -4   2   1   0  -4  -3  -3    1   4   5   0   0   9   5   3   2   0   1  41   2   0  10  11   6   0   0   0  0.58 0.37
  104 L    -1  -1  -3  -4  -3  -1  -3  -4   3  -1   4  -3  -1   0   0   1  -2  -3  -2  -1    5   2   0   0   0   3   0   0  10   0  53   0   0   4   5  11   1   0   0   2  0.53 0.37
  105 G    -1   2  -1  -3  -4  -2  -1   5  -3  -4  -3  -1  -4  -4  -4  -1  -3   4  -4  -1    3  12   2   0   0   1   5  56   0   0   3   3   0   0   0   2   0   6   0   6  0.88 0.43
  106 K    -2   1   1  -3  -4   0   0  -1   1  -4  -3   6  -2  -5  -1  -1  -1  -5  -4  -1    1   4   7   0   0   3   4   4   3   0   1  57   1   0   3   3   3   0   0   4  0.77 0.44
  107 R    -2   2  -1  -2   5   0   0   0   4  -3  -1   0  -1  -3   0  -1   0   1  -1  -1    0  15   1   2  15   3   6   7  15   0   5   6   2   0   5   2   5   2   1   5  0.32 0.25
  108 A     2   0  -3  -2   1  -1  -2  -2  -1   2   0  -2  -1  -1   0   0   0  -3  -2   1   27   6   0   2   3   1   2   1   2  17   7   0   1   3   4   6   5   0   1  11  0.17 0.19
  109 R    -1   3  -2  -2   5   0  -2  -2   4  -1   0   0  -2  -3  -1   0   1  -2  -1  -1    3  17   1   1  16   3   2   3  13   2   9   6   0   0   3   6   9   0   2   5  0.33 0.26
  110 A     3  -2  -2  -2   2  -2  -1   0  -1  -2  -1  -1  -2  -3   2   2   0  -4  -2   0   36   1   1   1   5   0   4   6   2   1   5   4   1   0   8  14   3   0   1   6  0.32 0.27
  111 R    -2   2  -2  -4   4  -1  -3  -3   5  -3   0  -2  -3   0   1  -1   0  -1   4  -3    3  15   1   0  10   3   0   1  15   0   8   1   0   3   8   4   6   0  18   1  0.52 0.36
  112 I    -2  -1  -1   1  -1  -2  -2  -2   1   3   1  -1   3  -1  -1  -1   0   0  -2   1    1   3   4   8   1   0   1   2   4  28   9   5  11   2   3   4   4   1   0   9  0.22 0.21
  113 A     4  -1  -3  -1   1  -1  -3   0  -3  -2  -3  -2  -3  -4   2   0   1  -4  -3   0   47   3   0   3   4   2   1   5   0   2   2   0   0   0   9   6  10   0   0   6  0.52 0.36
  114 K    -2   3  -2  -3  -5   2   0  -2  -3  -4  -3   5  -3  -4   0  -2  -2   2  -4  -2    2  16   1   0   0  11   4   3   0   0   2  46   0   0   4   2   1   3   0   3  0.78 0.45
  115 G     0  -2  -1   0   0  -2  -2   5  -4  -2  -2  -3  -3  -4  -4   0  -3  -4  -3   0    5   2   2   5   2   1   3  58   0   1   4   0   0   0   0   5   0   0   1   9  0.84 0.43
  116 L     0   1  -3  -3   0   0  -2  -3   1  -2   3  -2  -1  -1   0   2  -2   0  -1  -1    8   8   0   0   2   4   1   1   4   0  41   1   0   1   5  17   0   2   2   2  0.33 0.30
  117 R    -1   6  -2  -2   0   1  -2   1  -3  -3  -3   1   0  -4  -4  -1  -2  -4  -4  -3    4  48   0   2   2   6   2  13   0   2   2   9   2   0   0   4   2   0   0   2  0.77 0.43
  118 L     0  -2  -2  -4  -1   0  -3  -3  -2   1   4  -2   0   1  -1   0  -1  -3  -2   0    8   2   2   0   1   6   0   1   1   9  46   1   1   5   3   6   3   0   1   3  0.35 0.27
  119 C     0  -2  -2  -4   9   0  -4  -2  -4  -1  -1  -2  -1  -2  -1   0   1  -4  -1  -3    7   2   1   0  45   5   1   3   0   3   7   2   2   2   3   6  10   0   2   1  1.06 0.49
  120 R    -2   1  -2  -1  -2   4   0   0  -1  -4  -2   2  -3  -1   0   0  -2   6  -2  -3    1   9   1   4   1  25   3   6   1   0   4  14   0   2   5   8   0  12   0   2  0.50 0.35
  121 P    -1  -1  -2  -2  -1   1  -3  -3  -4  -4  -3  -3  -4  -5   7  -1  -1  -5  -4  -3    5   3   2   2   1   7   1   2   0   0   3   1   0   0  62   5   3   0   0   2  1.46 0.60
  122 K    -2   2  -1   0  -5   1  -1  -2  -3  -5  -5   6  -4  -5  -1  -2  -3  -5  -4  -3    3   9   3   5   0   7   2   3   0   0   0  61   0   0   3   2   0   0   0   1  1.05 0.54
  123 A     3  -3  -3  -2  -3  -2  -3   0  -3  -2  -2  -2  -3  -2   4   2   0  -4  -2   0   34   0   0   2   0   1   0   6   0   2   2   1   0   1  21  17   3   0   2   8  0.54 0.36
  124 K     0   1  -1  -2   0   2  -1  -3  -3  -4  -4   6  -1  -5  -2  -1  -1   1  -4  -3    6   6   2   1   2  11   2   1   0   0   0  54   2   0   1   4   3   2   0   2  0.82 0.47
  125 A     3  -2  -2   0  -1  -1  -2   0  -3  -1  -1  -1  -2  -2   1  -1   0  -4  -3   2   38   1   1   6   1   3   1   7   0   1   5   4   0   1   6   2   4   0   0  20  0.33 0.30
  126 K    -2   1   0  -2  -4   5   0  -2  -1  -4  -4   4  -3  -2   0   0  -2  -4  -2  -2    3   5   4   0   0  30   3   2   1   0   1  34   0   2   5   5   2   0   1   3  0.69 0.42
  127 A     3  -2   0  -1  -3  -1  -2   0  -1  -1  -1  -1  -2  -2   1   0   2  -4  -3  -1   38   2   3   3   0   2   0   7   2   3   6   4   0   1   6   4  16   0   0   3  0.31 0.27
  128 K    -1   2  -2   0  -4   5   0  -2  -1  -2  -2   3  -1  -4  -1  -1  -1  -1  -3  -3    4  10   1   4   0  30   4   3   1   3   3  25   1   0   3   3   3   1   0   0  0.53 0.35
  129 A     3  -3  -2  -2  -3   0  -2   0  -3  -2  -3  -2  -3  -4   3   1   4  -4  -4  -1   24   0   1   1   0   5   1   8   0   2   1   0   0   0  14   7  33   0   0   2  0.57 0.39
  130 K     0   2  -1  -2  -4   2   2  -2   0  -4  -3   5  -3  -4   0   0  -1  -4  -3  -4    6   9   2   1   0  10  12   2   2   0   2  40   0   0   4   7   3   0   0   0  0.57 0.36
  131 D     3  -1   0   2  -3  -2  -2  -1  -1  -3  -1  -2  -3  -4   4   0  -1  -4  -3  -1   31   3   5  11   0   1   1   4   1   0   8   1   0   0  23   4   3   0   0   4  0.47 0.31
  132 Q     1   1  -3  -3  -4   6  -1  -3  -2  -3  -3   1  -1  -5   2  -1   0  -4  -4  -4   13   7   0   0   0  44   2   0   1   1   2   7   2   0  12   4   6   0   0   0  0.78 0.48
  133 T     3  -2  -1  -2  -2  -2  -2   2  -3  -1  -1   0   0  -3   0   0   2  -4  -3   0   34   1   2   2   0   0   0  14   0   3   6   8   2   0   4   3  13   0   0   6  0.27 0.24
  134 K     1   0  -1  -2  -2   2  -1  -1  -2  -3  -1   2  -1  -3   3   1   0  -4  -3  -1   16   5   2   0   1   9   2   3   0   0   5  18   2   0  19  10   6   0   0   3  0.34 0.24
  135 A     4  -2  -2  -1   0  -2  -2   1  -3  -3  -1   1  -2  -3   1   0   0  -4  -2  -2   45   0   1   4   1   0   0  11   0   0   5   8   0   0   8   5   7   0   1   0  0.42 0.30
  136 Q     1   0  -1  -2  -3   3   0  -1  -2  -1  -1   2  -1  -1   1   1  -1   0  -1   0   15   4   2   0   0  20   4   4   0   2   6  13   0   3   6   9   3   1   1   7  0.17 0.17
  137 A     4  -2  -1  -1  -2  -1  -1   0  -3  -2  -1  -2  -2  -3   0   2   1  -3  -3   0   44   0   1   2   0   2   2   5   0   0   5   1   0   0   4  15   8   0   0   6  0.38 0.27
  138 A     1  -2  -2  -2   2   3  -1  -2  -2  -1  -1   0   0  -2   3   1   1  -3  -3   0   14   0   0   0   4  21   1   1   0   5   5   5   2   1  18   9   8   0   0   5  0.34 0.24
  139 A     4   0  -1   1   0  -1  -2  -1  -3  -2  -1  -1  -2  -3   0   1   0  -3  -3  -1   45   4   2   8   2   1   0   4   0   2   7   3   0   0   3  11   5   0   0   2  0.32 0.25
  140 P     0   0  -2  -1   0   1  -1  -1  -2  -2  -1   1  -2  -3   4   2  -1  -3  -3  -1    9   3   0   3   3  10   1   5   0   1   7   8   0   0  27  16   2   0   0   5  0.40 0.22
  141 A     4  -2  -2  -1  -1  -1  -2  -1  -3  -1  -1   0  -1  -1   0   1   1  -4  -3   1   45   0   0   2   1   1   0   3   0   2   3   7   2   2   4   7  10   0   0  10  0.34 0.27
  142 S     1   0  -2  -2  -1   2  -1  -2  -2  -2  -2   0  -2  -4   4   2   0  -4  -3  -1   12   5   0   0   1  11   2   2   0   2   4   6   0   0  24  20   6   0   0   4  0.42 0.26
  143 V     4  -2  -2  -3  -1  -1  -2  -1  -3  -1   0   0   0  -3   0   0   1  -4  -3   1   46   0   2   0   1   1   0   3   0   2   8   6   2   0   3   5  10   0   0  10  0.37 0.29
  144 P     0  -1  -3  -3  -4   2  -2  -3  -2  -3  -1   1  -3  -4   6   0  -1  -5  -4   0    7   2   0   0   0  11   0   1   1   0   8   8   0   0  46   6   3   0   0   6  0.91 0.41
  145 A     5  -3  -1  -2   1  -2  -2   0  -3  -3  -2   0  -2  -4   2   0   0  -4  -3   0   57   0   3   1   3   1   2   4   0   0   3   5   0   0   8   4   4   0   0   5  0.54 0.35
  146 Q    -2  -1  -2  -3  -1   6  -1  -3  -1  -4  -1   0  -2  -4   3   0   0   1  -3  -3    1   2   0   0   1  49   1   1   1   0   6   4   0   0  18   7   5   2   0   0  0.84 0.45
  147 A     4  -2  -1   1   0  -2  -2   1  -3  -3  -3  -2  -3  -3   1   0   0  -4  -2  -1   54   2   1  11   2   0   0   8   0   0   1   1   0   0   6   2   7   0   1   3  0.50 0.32
  148 P    -3  -4  -4  -4  -5  -2  -3  -4  -4  -5  -3  -3  -4  -3   8  -1  -1  -5  -5  -4    0   0   0   0   0   1   0   0   0   0   3   1   0   1  84   3   3   0   0   0  2.29 0.69
  149 K    -1   0  -2  -3  -5   2  -1  -4   1  -2  -4   6  -3  -5  -1  -1  -1  -5  -2  -4    3   2   0   0   0   7   1   0   4   3   0  70   0   0   2   4   4   0   1   0  1.03 0.50
  150 R     0   1  -2   0  -3  -3  -2   5  -3  -4  -4  -2  -3  -3  -2   0  -2  -4  -4  -1    7  10   0   4   0   0   2  60   0   0   1   1   0   1   1   7   0   0   0   5  0.83 0.36
  151 T     4  -1  -3  -3   3  -2  -2  -1  -3  -2  -2  -2  -2  -4   1   1   2  -4  -3   0   51   3   0   1   6   0   0   3   0   1   2   0   0   0   7   7  13   0   0   7  0.51 0.32
  152 Q    -3   0  -1  -1  -5   7  -1  -4   1  -4  -3   2  -1  -4  -1   0  -2  -4   0  -4    0   2   1   2   0  65   0   0   3   0   3  11   1   0   3   5   1   0   3   0  1.13 0.53
  153 A     4  -3  -2  -2  -1  -2  -2   2  -3  -2  -3  -2  -2  -4   0   2  -1  -4  -3   1   51   0   0   2   1   0   0  15   0   0   1   0   0   0   5  14   2   0   0  10  0.55 0.33
  154 P    -1  -2  -4  -2  -2  -3  -3  -1  -4  -5  -3  -2  -4  -5   8   0  -1  -6  -5  -4    3   3   0   2   1   0   0   4   0   0   2   1   0   0  74   7   3   0   0   0  1.82 0.55
  155 T     1   0  -1  -3   2  -2  -2  -2  -3  -1  -2  -2   1  -2  -1   0   4   0   1   2   13   5   1   0   5   0   0   1   0   0   0   0   4   0   2   3  38   1   6  20  0.36 0.27
  156 K    -3   1  -1  -1  -5   0   2  -4  -3  -5  -5   7  -3  -5  -3  -2  -3  -5  -4  -4    0   3   1   1   0   1  12   0   0   0   0  80   0   0   0   1   0   0   0   0  1.33 0.52
  157 A     5  -3  -3  -3   1  -2  -3   2  -3  -3  -3  -2  -3  -4  -3   1   1  -4  -3   0   59   0   0   0   2   0   0  19   0   0   0   0   0   0   0   6   8   0   0   5  0.70 0.35
  158 S     0  -3  -3  -3   1  -3  -3  -2  -4  -4  -4  -3  -4  -5   7   2   0  -5  -4  -3    9   0   0   0   3   0   0   2   0   0   1   0   0   0  60  19   6   0   0   0  1.40 0.42
  159 E    -2   0  -1   0  -4   5   4  -3  -1  -4  -3   3  -2  -4  -2  -1  -2  -3  -3  -3    0   0   0   2   0  35  42   0   0   0   0  20   0   0   0   0   0   0   0   0  0.78 0.19

                      K         Lambda
Standard Ungapped    0.1233     0.3126
Standard Gapped      0.0367     0.2670
PSI Ungapped         0.1200     0.3179
PSI Gapped           0.0367     0.2670
