
Last position-specific scoring matrix computed, weighted observed percentages rounded down, information per position, and relative weight of gapless real matches to pseudocounts
            A   R   N   D   C   Q   E   G   H   I   L   K   M   F   P   S   T   W   Y   V   A   R   N   D   C   Q   E   G   H   I   L   K   M   F   P   S   T   W   Y   V
    1 M    -2  -3  -4  -5  -3  -2  -4  -4  -3   1   2  -3   8  -1  -4  -3  -2  -3  -2   2    0   0   0   0   0   0   0   0   0   5  14   0  66   0   0   0   0   0   0  14  1.05 0.32
    2 D    -3  -3  -1   6  -6   2   4  -4   1  -5  -5  -2  -4  -1  -3  -2  -3  -5  -4  -5    1   0   0  59   0   9  25   0   3   0   0   0   0   3   0   0   0   0   0   0  1.24 0.45
    3 A     2  -3   0   0  -3  -3  -3   3  -3  -2  -3  -3  -3  -1   2   1   3  -4  -4  -2   19   0   4   6   0   0   0  20   0   2   1   0   0   3  11   8  24   0   0   2  0.42 0.30
    4 Q    -3  -3   3   0  -5   2   2  -4   7  -2  -5  -2  -4  -4   2   0  -2  -5   0  -5    0   0  17   4   0   9  12   0  30   3   0   1   0   0  12   8   1   0   2   0  0.87 0.48
    5 S     1  -3   1  -3   1   0   1  -1  -3  -2  -4  -2  -3  -5  -2   4   3  -5  -2  -1   10   0   5   0   3   4   8   3   0   3   0   1   0   0   2  38  20   0   1   3  0.54 0.42
    6 S     0   0   0  -2  -4   0  -3  -3   0  -4  -5  -1   1  -2  -1   5   1  -5  -2  -4    8   6   4   2   0   3   0   1   2   1   0   4   3   2   2  54   7   0   1   0  0.75 0.54
    7 A     3  -2   0  -2  -3   0   0   0  -1  -2  -2  -1   2  -4   2   3   0  -5  -4  -1   24   1   5   2   0   3   6   6   1   1   2   3   6   0   9  22   6   0   0   3  0.31 0.30
    8 K    -1   1  -1  -2  -4   3   1  -4   2  -2  -2   3  -1  -2  -1   0   1  -4  -1  -2    5   8   1   1   0  16   9   0   6   2   4  21   1   2   3   6  10   0   2   3  0.33 0.30
    9 V     0  -1  -1  -1  -2  -2  -2  -3  -3   2   1  -1   2  -3  -1   1   0  -4  -3   2    9   2   2   3   1   1   2   1   0  11  14   3   7   0   3  15   7   0   0  19  0.20 0.21
   10 N     0   0   1  -2  -4   0  -3   0  -3  -2  -2   2   3  -4   2   2   1  -5   0  -2    6   5   7   1   0   4   0   7   0   2   2  14  10   0  10  18   8   0   3   2  0.30 0.31
   11 S     0   2  -1  -4  -5   1  -1  -2  -4  -4  -3   2  -4  -5   2   4   1  -5  -2  -4    8   9   2   0   0   7   3   2   0   1   2  13   0   0  10  32  10   0   1   0  0.53 0.45
   12 R     1   6  -2  -3  -2  -2  -1  -4   2  -4  -3   0   1  -6  -3  -2   0  -6  -1  -3   10  50   2   1   1   1   4   1   4   1   2   4   4   0   2   3   7   0   2   2  0.97 0.61
   13 K    -1   1  -1   0  -6  -2  -2   0   3  -6  -1   6  -5  -6  -4  -2  -2  -6  -3  -6    4   6   3   4   0   1   2   7   6   0   6  54   0   0   1   2   2   0   1   0  1.01 0.64
   14 R    -3   7  -4  -3  -2   1  -3  -2   0  -1  -6   1   0  -7  -4  -1  -3  -7  -6  -3    2  59   1   2   1   6   1   3   2   4   0   7   2   0   1   4   1   0   0   2  1.35 0.77
   15 R    -1   4   0  -4  -5   0   0  -2   1  -1  -3   2   0  -4  -2   0   1  -4   4  -3    4  25   4   0   0   3   6   3   4   3   2  14   3   0   2   7   8   0  13   1  0.45 0.39
   16 K    -1   5  -1   0  -6  -1  -2  -3   2  -4  -4   4   0  -4  -1   0  -3  -6  -3  -3    6  33   3   5   0   2   2   2   4   1   1  22   3   1   4   8   1   0   1   2  0.71 0.50
   17 E    -1   2   1   1  -6   0   5  -5  -1  -4  -4   0  -2  -3  -1   0   0  -6  -3  -2    6  11   7   8   0   4  33   0   1   1   2   6   1   1   3   8   5   0   1   3  0.53 0.42
   18 A     1   0   0   1   1  -1   0   1   1  -1  -1  -1   0   0  -2   1   1  -3  -2   0   10   5   5   7   4   2   6  11   4   3   4   3   3   4   1  10  12   0   1   7  0.08 0.11
   19 P    -1  -2   1   1   1   0   1  -1   1  -2  -2   0   0  -2   3   2  -2  -5  -2  -2    4   1   7   7   3   4  10   5   4   2   3   7   2   1  17  18   2   0   1   2  0.30 0.28
   20 G    -1   2   1   0  -4  -1   1   3   2  -1  -2  -1  -2  -3  -1   1  -1   0  -2  -2    5  14   6   5   0   2   9  20   5   4   4   3   1   1   3   9   4   1   1   2  0.21 0.20
   21 P     1  -1  -1   0  -3   1   0  -2  -2  -3  -3  -2  -1  -4   3   2   2  -5  -2   0   10   3   2   6   0   7   7   2   1   1   2   2   1   1  16  16  15   0   1   6  0.33 0.32
   22 N     0  -1   4   2  -2   1   1  -2   2  -3  -3  -2  -2  -5  -2   2   0  -6  -5  -2    7   3  20  13   1   5   9   2   4   2   2   2   1   0   2  18   6   0   0   3  0.44 0.37
   23 G    -1  -1   2   1  -5  -2   1   4   1  -3  -2  -2  -4  -4  -1   2  -1  -1  -1  -2    5   3   8   7   0   1   8  29   3   2   4   2   0   1   4  14   2   1   3   4  0.36 0.31
   24 A     1  -2  -1   2  -2  -1   0  -1  -2   1  -2  -2  -2  -2   1   1   1  -4  -2   1   14   2   2  11   1   3   7   4   1   7   3   1   0   2   7  10  10   0   1  13  0.16 0.20
   25 T     1  -2   1   1  -4   0  -1  -2  -2  -2  -2  -2  -1  -4   1   3   2  -2  -2   1    9   2   6   8   0   3   4   3   1   2   3   2   2   0   8  21  15   1   1  10  0.26 0.29
   26 E     0  -1  -1   1  -4   0   3   0   0  -1  -3   0  -4  -2   0   1   2  -1  -4  -2    8   3   2   6   0   3  21   8   2   4   3   6   0   2   4  13  12   1   0   3  0.24 0.26
   27 E    -1   0  -2   0  -2   1   3  -3  -1  -2  -1   1  -2  -3  -1   0   3  -5  -2   0    6   5   2   6   1   5  22   2   2   2   5   7   1   1   3   7  16   0   1   7  0.28 0.28
   28 D     0  -1   1   3  -4   0   1   0  -4  -1  -2   0   1  -3   2   0   0  -5  -4  -2    7   3   7  19   0   3   9   7   0   4   4   5   4   1  11   7   6   0   0   3  0.25 0.24
   29 G     1   0   0   0  -2   0   1   2   1  -2   0  -1  -1  -4   0   1   0  -4  -3  -1   10   5   4   6   1   4  11  14   4   2  10   3   1   0   4  12   5   0   0   4  0.13 0.15
   30 I     0   0  -2  -2  -2   0  -1  -2  -1   3   1  -2  -1  -3   1   0   1  -4  -2   1    6   4   2   2   1   4   4   3   2  15  16   2   1   1   6   8  11   0   1  11  0.15 0.17
   31 P     0  -2  -1  -1  -5   0   0  -1  -2  -2  -2   1   1  -2   6   0   0  -6  -3  -1    6   2   4   3   0   4   5   5   1   2   5   8   3   2  34   7   5   0   1   4  0.56 0.41
   32 S     0   1  -1   0  -1   1  -2   1   1  -3  -2   0  -2  -3   2   1   2  -5  -1  -2    8   9   2   4   1   5   2   9   3   2   5   6   1   1  11  11  16   0   2   2  0.21 0.23
   33 K     0   3  -3  -1  -4   2   1  -2   0  -3  -3   3   1  -4  -3   2   0  -5   0  -3    7  14   1   3   0   8   7   3   3   2   3  19   3   1   1  16   6   0   3   2  0.35 0.33
   34 V    -1   0  -1  -2   0  -1   0  -2  -3   1   2  -1   2  -1  -1  -1   0  -2  -1   2    4   6   3   2   2   2   8   3   0   9  17   4   6   2   3   5   4   0   2  16  0.11 0.14
   35 Q    -1   1   1   0  -1   3   1  -2   3  -4   0   1  -3  -2   1   1   0  -3  -2  -3    6   7   7   5   1  13   7   3   6   1   9   8   0   1   7  11   5   0   1   1  0.20 0.22
   36 R     0   3  -1   1  -1   0   1  -2   1  -1  -1   0   0  -2   1   1  -1  -5  -2  -3    8  18   2   8   1   4   8   3   4   3   6   6   2   1   7  12   3   0   1   2  0.21 0.22
   37 C     1   2   0  -2   1   0  -1  -2   1   0   0   0  -1  -2   3   0   0  -1  -2  -1   11  12   5   2   3   4   3   3   3   5   8   5   1   1  13   7   5   1   1   5  0.13 0.15
   38 A     1   0   0  -1   2   0   1  -1   1  -2  -2   0  -2  -1   0   1   2  -4  -2   0   11   5   5   2   4   4   8   5   3   1   3   4   1   2   4  13  14   0   1   8  0.13 0.17
   39 V    -1  -1  -1  -1  -2   0   0  -1  -1   0   0   0   0   1   2   1   2   1  -1   0    4   4   2   4   1   5   5   4   1   4  11   4   3   6   9  10  13   2   2   7  0.08 0.12
   40 G     2  -1   0  -1   1   0  -1   1   1  -1  -3  -1  -1  -1   0   2   1  -1  -3  -1   17   2   4   3   3   4   4   9   4   3   1   3   2   3   5  16  10   1   1   5  0.15 0.19
   41 L    -1  -1   0  -1   0  -1   0  -1   2   0   1  -1   0   0   1   0   1   0   0   0    4   3   4   3   3   2   8   4   5   6  18   2   2   4   6   8   9   1   3   6  0.05 0.09
   42 R    -1   3   0   0   3   0   0  -1   0  -1  -1   1  -2  -2   0   0   0  -1   0  -1    4  16   4   6   7   3   6   4   2   5   7   9   0   1   4   6   7   1   3   4  0.11 0.13
   43 Q     0   1   1   0  -4   1   3   0   0  -2  -1   2  -1  -2  -2   0   0   0  -2  -1    6   8   8   6   0   7  19   6   2   1   5  11   1   2   1   5   6   1   1   4  0.19 0.19
   44 P    -2  -3   0  -2  -6  -1   0  -1  -2  -4  -2  -5  -3  -3   7  -3  -3   1  -5  -3    3   2   5   3   0   3   7   6   1   1   4   1   1   1  54   2   2   2   0   2  1.30 0.74
   45 A     6   0  -5  -2  -1  -3  -2  -3  -5  -3  -3  -2  -3  -5  -2   0  -2   1  -3   0   57   5   0   2   1   1   2   2   0   1   3   3   1   0   2   7   2   2   1   7  0.92 0.60
   46 P     0  -1  -4  -4  -5  -3  -1  -3  -1  -1  -1  -1   0  -5   7  -3  -2  -6  -3  -1    7   4   1   1   0   1   4   3   1   4   6   4   2   0  51   2   2   0   1   5  1.17 0.67
   47 F    -3  -3  -3  -4  -2   0  -2  -3  -3  -1   1  -3  -1   7  -2  -3   0  -1   3  -1    2   2   1   1   1   4   3   2   1   4  11   1   1  39   2   2   6   1  10   5  0.83 0.47
   48 S     2  -3   0   0  -2  -2  -1  -2   0  -4  -2  -2   0  -3  -2   5   1   0  -1  -4   15   1   4   5   1   2   4   2   2   1   4   3   2   1   2  37   9   1   2   1  0.52 0.45
   49 D    -2   0   1   5  -3  -2   2  -2   3  -3  -4   1  -5  -4   0  -1  -1  -5   0  -4    4   5   5  31   0   1  12   3   7   2   1   9   0   1   5   5   4   0   3   1  0.57 0.40
   50 E    -2   0  -2   3  -5   0   5  -4  -2  -1  -2  -2  -2   0   0   0  -2  -1  -3  -2    3   4   2  17   0   4  35   1   1   4   4   2   1   4   5   7   2   1   1   3  0.62 0.46
   51 I     0  -3  -1  -1  -4  -2  -1  -3  -4   2   2  -1   0  -2   3   0   1   0  -2   1    8   1   3   4   0   2   4   1   0  10  18   3   2   1  17   6   8   2   1   8  0.26 0.24
   52 E    -1  -1  -1   0  -1   1   4   0   0  -2  -2   0  -3  -3   0   1   0  -5  -2  -2    4   3   3   6   2   7  29   6   2   3   5   6   1   1   6   8   6   0   1   3  0.31 0.29
   53 V     2   2  -2  -2   2  -2  -1  -3  -3   0  -1   0  -1   0   0   1   0  -4  -1   1   17  11   2   1   5   1   3   2   0   4   7   5   1   4   5  11   7   0   2  12  0.16 0.19
   54 D     1   0   1   3  -1   1   2  -3   0  -1  -2   0   0  -1  -2   0  -1  -2  -2  -1   10   6   6  16   1   5  16   2   3   5   3   6   2   3   1   6   3   1   1   4  0.20 0.19
   55 F     1   1  -1  -1   1  -1  -1  -2   0  -2   1   0   0   2   0   0  -1   1   2  -1   11   8   3   3   3   2   4   3   3   1  14   5   2   9   4   8   3   2   8   4  0.08 0.11
   56 S     0   0   0  -1   4   0   0  -2   1   0  -2  -1   0   0   0   2   0  -2  -2   0    7   4   4   3   9   4   6   2   3   7   3   4   3   4   5  20   6   1   1   6  0.17 0.20
   57 K    -1   1   0   2  -1   1   1  -2  -2  -1  -1   2  -1  -2   2  -1   0  -4  -2  -1    4   9   5  11   2   6   7   3   1   4   7  14   1   2  11   4   6   0   1   3  0.17 0.17
   58 P     1  -1  -1   0  -5  -1   0  -2  -2  -3  -3  -1  -1  -3   5  -1  -1  -5   4  -3   11   3   3   4   0   3   7   3   1   2   2   3   2   1  30   5   4   0  14   1  0.63 0.47
   59 Y    -1  -1  -2  -2  -5  -1  -1  -2   3  -3  -3  -2  -3   1   0   3   2   1   5  -4    6   3   2   3   0   2   4   2   6   2   3   2   1   5   5  19  15   2  18   1  0.46 0.40
   60 V    -1   0  -1  -2  -1   0   0  -2  -1   2   0   0   0   1   0   0   1   0   0   0    2   4   2   2   1   4   6   3   2  15   9   5   2   6   5   8  11   1   3   7  0.07 0.11
   61 R    -2   5   0   0  -2   3   0  -2  -1  -3  -2   3  -2  -3   0  -2  -2   2  -5  -3    3  28   4   4   1  11   4   3   1   2   4  18   1   1   4   3   3   3   0   2  0.54 0.42
   62 V    -1   2  -2  -3  -1  -1  -2  -1  -4   3   1   1   1  -2   0  -1   0  -4  -1   1    5  10   1   1   1   2   2   6   0  20  12  10   3   1   4   5   6   0   2  10  0.19 0.21
   63 T    -1  -3  -1  -2  -4  -1  -2  -2  -4   3  -1  -2  -1   0  -1   2   4   0  -1  -1    5   1   3   3   0   3   2   3   0  16   4   2   1   3   3  14  27   2   2   4  0.38 0.37
   64 M    -1   0  -2  -2  -4   0  -1  -3  -2   2   2  -1   2   1  -1  -1  -1   0   2   0    4   5   1   3   0   4   4   2   1  10  25   4   6   6   3   4   4   1   7   7  0.17 0.17
   65 E     0   0  -2   1  -5   3   4  -1   0  -2  -3   0  -4   1  -2   1  -1   0  -1  -2    7   4   2   6   0  15  24   4   2   3   2   6   0   5   2   9   3   2   2   2  0.36 0.34
   66 E    -2  -2  -2   1  -1   3   3  -3  -2  -2  -2  -1   4   4  -3  -1  -1  -5  -1  -2    3   2   2   8   1  13  16   2   1   3   4   4  11  15   2   5   3   0   2   3  0.42 0.36
   67 A     4  -2  -2  -2  -1  -1  -2   0   1  -1  -1   0  -1  -1  -2   2  -2  -5  -5  -2   39   2   2   2   1   2   2   6   3   3   7   6   1   3   2  12   3   0   0   3  0.45 0.38
   68 C    -1   2   0  -1   3   0   0  -2   1   1  -1   2   0  -2  -1   1  -1  -4  -1  -2    5  12   4   3   7   3   7   3   3   9   6  13   2   2   3  10   3   0   2   2  0.16 0.17
   69 R     0   2   3   0  -1  -1   0   0   0  -3  -2   1  -1  -2   1   1  -1   1   0  -2    8  11  12   4   1   3   5   8   2   1   4   9   2   2   6  12   4   2   3   2  0.16 0.18
   70 G     0   0   1  -1  -1  -1  -1   4   1  -2  -3   1  -1  -2   1  -1  -1  -5  -1  -2    6   6   8   3   2   3   5  29   3   2   3   8   1   2   7   5   3   0   3   2  0.31 0.25
   71 T    -1   0   1   0   0   0   0   0   0  -1  -2   1   0  -1   3   0   1   0  -1  -1    3   5   7   4   2   4   7   6   2   3   4   8   2   3  15   6  10   2   2   4  0.14 0.15
   72 P    -1   0   0   0  -4   0   0  -1   1  -1  -1   0   1  -4   5  -1   0  -4  -3  -1    4   5   4   5   0   4   6   5   4   4   7   6   3   0  28   5   4   0   0   4  0.38 0.27
   73 C     0   0   0   0   2   0   0   0  -1   0  -1   0   1   0   1   0   0  -2   1   0    6   6   5   6   5   5   6   6   0   6   6   6   5   5   6   6   6   0   5   6  0.03 0.06
   74 E    -2   0   1   3  -4   0   1   1   0  -3  -2   0  -1  -1   4  -1  -1   0  -2  -3    1   5   8  16   0   3   7  12   2   1   3   7   2   4  20   3   3   2   1   1  0.34 0.20
   75 R    -2   6   0  -2  -4   0  -1   0   0  -5  -4   3  -3  -4  -3  -2  -1  -3  -4  -3    2  50   3   2   0   3   3   7   2   0   1  19   0   0   1   2   3   0   0   2  0.92 0.42
   76 P    -1   0  -2   1  -4   0  -1  -3  -1  -2  -3   0  -1  -4   6  -2   1  -5  -3  -1    4   5   1   7   0   4   4   2   1   2   2   6   1   0  43   2   9   0   1   5  0.79 0.34
   77 V    -2   0  -4  -3   0  -2  -3  -4  -4   3  -1   0   1  -2  -3  -3   0  -3   0   5    1   6   0   1   2   1   1   1   0  14   3   7   3   1   1   0   5   0   3  49  0.60 0.32
   78 R    -4   8  -2  -4  -4  -2  -3  -5  -1   0  -4   0  -4  -5  -3  -3  -3  -2  -3  -1    0  75   2   0   0   0   1   0   1   6   1   3   0   0   1   1   1   1   1   5  1.65 0.61
   79 V    -2  -5  -5  -5  -4  -5  -5  -3  -3   5   0  -5  -1  -3  -5  -4  -3  -5  -4   6    2   0   0   0   0   0   0   2   1  34   4   0   1   0   0   0   0   0   0  53  1.27 0.50
   80 Y    -5  -5  -2  -6  -6  -5  -6  -6  -3  -5  -2  -5  -1   2  -6  -5  -5   7   9  -3    0   0   2   0   0   0   0   0   0   0   4   0   1   7   0   0   0  14  67   1  2.33 0.78
   81 A     3  -4  -4  -4   4  -3  -4  -3  -4   2   0  -3   2  -3  -4  -1   0  -4  -3   3   28   0   0   0   8   0   0   1   0  12   6   0   6   1   0   2   6   0   1  27  0.54 0.31
   82 D    -1  -3   0   7  -1  -3   0  -3  -2  -4  -6  -3  -5  -4  -4  -2  -3  -6  -4  -4    5   1   4  72   2   1   3   1   1   1   1   1   0   1   1   3   1   0   1   2  1.60 0.60
   83 G    -2  -3  -4  -4  -5  -4  -4   7  -5  -4  -5  -4   2  -5  -5  -3  -4  -5  -5  -3    2   1   0   0   0   0   1  83   0   1   1   0   6   0   0   1   0   0   0   2  1.86 0.64
   84 I     0  -4  -4  -5   7  -4  -4  -3  -5   4  -1  -4  -1  -3  -3  -2  -1  -5  -4   4    9   0   0   0  21   0   0   2   0  21   2   0   1   0   1   3   3   0   0  35  0.89 0.39
   85 F    -2  -5  -5  -5  -3  -5  -5  -2  -3  -4  -3  -5  -2   7  -5  -2  -4   2   6  -4    4   0   0   0   1   0   0   4   0   0   1   0   1  53   0   3   0   3  26   0  1.65 0.59
   86 D    -5  -5  -3   8  -6  -4  -2  -5  -4  -6  -6  -4  -6  -6  -2  -3  -4  -6  -3  -6    1   0   0  89   0   0   1   1   0   0   1   0   0   0   2   1   0   0   1   0  2.42 0.81
   87 L    -3  -4  -5  -5   0  -4  -5  -2  -5   0   5  -4   5   1  -4  -4  -3   0  -3   0    1   0   0   0   2   0   0   4   0   3  58   0  17   5   1   1   1   1   0   4  1.00 0.46
   88 F    -3  -5  -5  -6   4  -5  -5  -4  -1  -2   0  -5   4   8  -4  -3  -1  -1   0  -1    2   0   0   0   7   0   0   1   1   1   9   0   9  56   1   2   4   1   1   4  1.38 0.55
   89 H    -6  -3  -1  -3  -7  -4  -5  -4  11  -7  -5  -5  -6  -5  -6  -3  -3  -6   0  -7    0   1   3   2   0   0   0   1  85   0   1   0   0   0   0   2   2   0   2   0  3.16 1.02
   90 S     0  -3  -3  -4  -2  -2  -2  -4   2   1   0  -3  -1   4   0   0  -1   1   4   1    9   1   0   1   1   2   1   0   4   9   8   1   1  18   5   8   2   1  18  10  0.38 0.25
   91 G    -1  -4  -3  -5  -2  -5  -5   7  -5  -7  -6  -5  -6  -6  -2  -3  -5  -6  -6  -6    5   1   1   0   1   0   0  87   0   0   0   0   0   0   2   1   0   0   0   0  2.07 0.73
   92 H    -4  -3  -4  -3  -7  -2  -4  -6  11  -7  -7  -3  -6  -3  -6  -5  -6  -6  -3  -7    1   1   0   1   0   1   0   0  90   0   0   2   0   1   0   0   0   0   0   0  3.46 1.08
   93 A     4  -4  -4  -4   0  -3  -3  -3  -4   1   0  -1   4   0  -4  -1  -2  -4  -1   2   42   0   0   1   2   1   1   1   0   6   6   5  10   5   0   3   1   0   2  15  0.53 0.37
   94 R    -3   4   5   0  -3   0   0  -1  -2  -4  -1   1  -2  -4  -4  -2  -2  -5  -4  -4    1  26  33   5   0   3   6   4   0   1   7   8   1   1   0   2   2   0   0   1  0.72 0.42
   95 A     3  -3  -3  -3  -1   4  -2  -1  -1  -2   0  -3  -1   2  -3   0  -2  -4  -1  -1   31   1   1   0   1  22   0   3   2   1  10   0   2  11   0   6   1   0   2   4  0.47 0.37
   96 L    -4  -5  -6  -6  -2  -5  -6  -2  -5   2   5  -5   2   4  -6  -5  -4   1  -3  -1    1   0   0   0   1   0   0   3   0  10  60   0   5  16   0   0   0   2   0   2  1.13 0.52
   97 M    -3   5  -1  -3  -5   0   3  -5  -2  -4  -1   2   3  -5  -1  -3  -4  -2  -3  -3    1  38   2   1   0   3  19   0   1   0   8  11   9   0   3   1   0   0   1   1  0.80 0.45
   98 Q    -1  -1   0  -3  -6   8  -2  -5  -1  -3  -3   1   0  -4  -5  -2  -2  -5  -3  -4    6   3   4   1   0  64   1   0   1   2   2   7   2   1   0   2   2   0   1   1  1.46 0.68
   99 A     6  -4  -4  -5   3  -4  -4   0  -5   0  -3  -4  -4  -5  -4  -1  -2  -5  -5   1   66   0   0   0   6   0   0   5   0   5   2   0   0   0   0   3   2   0   0   8  1.12 0.55
  100 K    -1   4  -2  -4  -2  -1  -3  -2   0  -4  -3   6  -4  -5  -4  -1  -3  -5  -1  -5    4  18   1   0   1   2   0   4   2   1   3  55   0   0   0   4   1   0   2   0  1.10 0.53
  101 N     1   0   2   0  -1   2   1  -2   0  -2   0   2  -1  -3  -3   0   0  -4  -2  -2   13   4  12   4   1  10   7   1   2   2   9  17   1   1   0   6   7   0   1   1  0.19 0.18
  102 L     1   0  -4  -4   0  -2  -3  -3  -4   0   4  -2   3   0  -4   1  -1  -1  -1   0   12   4   0   0   2   1   0   1   0   4  40   2   8   4   0  10   3   1   2   4  0.38 0.27
  103 F     0  -1  -2  -2   0  -1  -2   1  -2   0  -1  -1   0   6  -2  -1  -2   2   1  -1    8   3   2   2   2   2   3  10   1   5   4   4   2  35   1   5   2   2   4   3  0.38 0.19
  104 P    -1  -1  -1   0  -3   0   0  -2   0  -3  -2   1  -1  -2   6  -1  -1  -3  -1  -2    4   2   3   5   1   4   5   3   2   1   5   8   1   2  40   4   2   0   2   3  0.69 0.25
  105 N    -2  -2   3   1  -1  -1  -1   4   0  -3  -3   0  -3  -3   0   0  -2  -4  -1  -4    1   2  19   9   1   2   4  34   3   1   2   5   0   1   5   7   0   0   3   0  0.49 0.26
  106 T     0  -2   0   2   1  -2  -2  -1  -1   0  -1  -2  -2  -3  -1   0   2  -1  -3   3    9   1   3  14   3   1   1   4   1   3   4   2   0   0   2   7  13   1   0  29  0.21 0.20
  107 Y    -2   1  -1  -2  -1  -1   0  -1   5   0  -2  -1  -2   2  -3  -1  -1   1   4  -1    2   9   2   2   2   2   5   6  21   6   2   3   0   8   0   2   5   2  19   4  0.33 0.20
  108 L    -2  -3  -3  -3  -2  -2  -3  -4   0   1   4  -3   2   0   0  -1  -2  -3  -2   1    1   0   0   0   0   0   1   1   3   4  59   1   5   3   5   6   1   0   0  10  0.44 0.21
  109 I    -1  -1  -2  -1   0  -2   0  -3  -2   3   1  -1   1   0   1  -1   0  -2   0   2    1   4   0   3   2   0   7   1   0  26   9   3   6   3   7   3   7   0   3  16  0.14 0.12
  110 V     1  -2  -2  -3   4  -2  -2  -2  -2   1   0  -2   0   2  -2   0   0  -2  -1   2   17   0   0   1  11   0   1   1   0   7   9   1   0  13   0   6   7   0   0  25  0.17 0.11
  111 G     1  -2  -1  -2   3  -1  -2   1   2  -1   0  -2  -1   1  -2   1   1  -2  -1   0   11   1   0   1  10   0   1  11  10   1  11   1   0  10   1  11  11   0   0  11  0.10 0.09
  112 V    -1  -4  -4  -4   2  -3  -2  -1  -4   2   1  -3   0  -3   0   0  -1  -4  -3   5    3   0   0   0   4   0   3   6   0  12   9   0   2   0   6   7   2   0   0  44  0.49 0.34
  113 C    -1  -1   1  -3   5  -1  -1  -3   5   1  -1  -2   0   0  -1  -1   1  -3   1   0    3   3   9   0  15   3   4   0  15  12   3   0   2   4   3   4   8   0   4   7  0.30 0.27
  114 S     0  -1   1   0   1  -1   0   0   1  -3  -3  -1   1  -1   1   2   0  -3   1  -3    5   3   8   5   3   0   4   7   4   0   1   3   5   3   8  24   4   0   6   0  0.14 0.22
  115 D    -1  -2   1   5  -4   0   0   0   2  -3  -3   0   1  -1  -3  -1  -1  -4  -3  -2    4   0   4  40   0   4   4   6   5   0   1   5   5   4   0   4   4   0   0   4  0.45 0.37
  116 E     0  -1  -1   1   1   0   3  -2   1  -2  -3   1   0  -1  -2   0  -2   3  -1  -1    8   4   3   7   2   5  19   3   3   3   3   7   2   3   3   7   3   4   2   5  0.16 0.22
  117 L    -2  -1  -1   2   1  -1   3  -2   2   0   0  -2   1  -1  -2  -1   0  -6  -1   0    3   3   3  10   3   3  17   3   5   5  10   3   3   3   3   5   6   0   3   6  0.13 0.18
  118 T    -1  -8  -7  -8   4  -7  -7  -8  -8   4  -1  -7   2  -7  -1  -2   5  -8  -7   3    5   0   0   0   7   0   0   0   0  19   6   0   4   0   3   4  31   0   0  19  1.17 0.60
  119 H     0   0   2  -3  -1  -1   0  -3   7  -1  -1   0  -1  -2  -3   0  -1   0   0  -3    8   6   9   2   1   3   5   3  22   4   6   5   2   2   2   7   5   2   3   2  0.48 0.30
  120 N     1   2   0  -2  -2   2   1  -2   0  -3  -2   3   1  -3  -2   0   0  -1  -2  -3   12  11   4   2   1   8   8   3   2   1   5  21   3   1   2   8   5   1   1   2  0.29 0.25
  121 F    -2   0   0  -3   1   0   0  -2   4  -1  -2  -1   0   0   1   0  -1   2   4  -1    3   4   4   0   3   5   6   3  10   3   4   4   3   3   6   9   3   3  17   5  0.26 0.22
  122 K    -4   1   1  -1   2   0   0  -1   1  -5  -2   6   1  -5   0  -1  -4  -6  -5  -5    0   6   7   4   4   4   6   4   4   0   4  42   4   0   5   4   0   0   0   0  0.74 0.46
  123 G    -2   1  -1  -3   0  -1  -5   6   1  -3  -6  -2  -5  -2  -3   0  -1  -5   1  -3    3   7   3   2   2   3   0  49   3   2   1   2   0   2   2   7   4   0   5   2  0.86 0.51
  124 F    -1   2  -1  -2  -1   1  -1  -3   0  -2  -1   1   0   1   3  -1  -1   3   1  -2    5  12   3   2   2   6   3   2   2   2   7  10   2   7  16   5   4   4   4   2  0.26 0.23
  125 T    -1  -5   0  -4   1  -4  -2  -2  -5  -2  -3  -4  -4  -5   6  -2   4  -5  -5   0    6   0   4   0   3   0   3   3   0   2   2   1   0   0  40   2  26   0   0   6  1.10 0.56
  126 V    -2  -3  -2  -4  -1  -4  -4  -5  -1   3  -1  -3   1   1  -4  -2  -1  -4  -1   6    2   2   2   1   1   0   1   1   2  12   4   2   3   5   1   2   2   0   2  55  0.86 0.44
  127 M    -3  -5  -2  -6   2  -1  -5  -6  -5   1   2  -5   8   2  -5  -3  -1   0  -1   0    2   0   2   0   4   3   0   1   0   7  15   0  42   7   0   2   4   1   2   6  1.23 0.56
  128 N    -2  -2   4   0  -1  -2  -2  -2  -1  -3  -1  -2  -1  -3   1   2   4  -5  -4  -3    2   2  17   4   1   2   2   3   2   2   6   2   1   1   7  18  26   0   0   2  0.48 0.35
  129 E    -2   1  -1   3  -1   1   4  -2   3  -2  -1  -3   1  -2  -4  -2  -2   0  -1   0    3   6   2  15   1   6  27   3   8   2   6   0   4   1   0   3   2   1   2   6  0.40 0.29
  130 N     2  -1   0   2  -1   0   3  -2   2  -3  -3   0  -2  -2  -1   0  -1  -1  -2  -2   16   2   5  13   1   4  21   2   5   1   2   6   1   2   2   5   4   1   1   3  0.29 0.22
  131 E    -3  -2  -2   0  -6   0   7  -3  -1  -3  -6  -4  -5  -6  -5  -2   0   0  -5  -3    2   2   2   3   0   4  66   3   2   2   1   0   0   0   0   2   6   2   0   2  1.44 0.69
  132 R     1   2  -1  -1   4   2   0  -1  -1  -2  -2   2  -1  -2  -1   0  -1  -2  -2  -1   18  18   1   1  17  17   1   1   0   1   2  18   0   1   1   1   1   0   1   1  0.24 0.05
  133 Y    -1  -1  -2  -1   4   0   1  -2   1   0   1  -1   1   0  -3  -1  -1  -2   4   0    4   3   0   3  12   3  10   4   3   4  13   3   3   3   1   4   4   0  16   6  0.20 0.14
  134 D     2   0  -1  -1   0   0   4  -2   0  -1  -1   0   0  -1  -1  -1   0  -4  -1  -1   18   5   2   3   2   2  31   2   2   3   5   4   2   2   2   3   6   0   3   3  0.29 0.23
  135 A     2  -2  -2  -3  -1   0  -1  -2   0   0   0  -2   4  -2  -1   2   1  -4  -3   0   18   1   1   0   1   4   3   2   3   6  10   1  12   1   2  19   8   0   0   6  0.25 0.23
  136 V    -1  -4  -5  -5  -3  -4  -2  -5  -5   2   2  -4   1   0  -4  -4  -1  -4  -3   5    4   0   0   0   0   0   3   1   0  10  22   0   3   3   0   1   4   0   0  48  0.83 0.42
  137 Q     0   5  -1  -2   0   0   0  -1  -1  -2  -1   2  -1  -1  -3   0  -1   0  -2  -2    7  34   3   2   2   4   6   5   1   2   7  11   2   2   0   6   2   1   1   3  0.37 0.25
  138 H     3  -1  -1  -2   1   0  -1   0   6  -2  -2  -2  -1  -1  -3   1  -1  -4   0  -3   23   3   2   2   3   3   4   8  25   2   3   2   2   2   1  11   3   0   2   1  0.50 0.32
  139 C    -2  -5  -1  -5   9  -4  -5  -5  -5   2   0  -5   0  -1  -5  -2  -1  -4  -1   0    3   1   4   1  49   0   1   1   0  10   8   1   2   3   1   3   4   0   2   7  1.46 0.57
  140 R     0   0   1   0   2   1   0   0   2  -2  -1   0  -2  -3   1   0   0   4  -2  -1    6   6   6   6   6   6   6   6   6   0   6   6   0   0   6   6   6   6   0   6  0.11 0.13
  141 Y    -2  -4  -4  -1   1  -1  -4  -2   1   1  -2  -1   1   0  -1  -2  -3   9   4  -1    4   0   0   3   4   3   0   4   3   8   4   3   3   3   3   4   0  30  16   4  0.93 0.41
  142 V     0  -1  -2  -2   3  -1  -2  -2  -2   1   0   0   2  -2   2   0   1  -3  -2   1   10   0   0   0   9   0   1   1   0  10  10  10   9   0  10  10  10   0   0  10  0.14 0.10
  143 D    -3  -3   0   5  -4   0   0  -1   1  -4  -4  -1  -3   1   1   0   1  -4   0  -4    1   0   4  44   0   3   3   3   3   0   1   4   0   7   8   5   8   0   3   1  0.62 0.35
  144 E    -1   1   0   0   0   1   3  -2   0  -2  -2   2  -1   1  -2   0   0  -3   0  -2    4   6   3   4   2   7  24   2   2   2   3  13   2   8   0   8   5   0   2   2  0.20 0.17
  145 V     0  -3  -3  -4   1  -3  -3  -4   3   2   0  -3  -1   2  -4   0  -1  -4  -2   5    6   0   0   0   3   0   0   1   8  11   4   0   0   8   0   7   3   0   0  45  0.52 0.31
  146 V    -1  -2  -2   1  -1  -2  -2  -4  -1   4   0  -3   0   1  -3  -2  -1  -3   0   3    3   2   2   8   1   2   2   1   2  32   7   0   2   5   0   2   2   0   2  26  0.39 0.26
  147 R    -1   1  -2   1   0  -1   2  -1   0   0  -2   0  -1  -2   4  -1   0   0  -2  -1    6   9   2   7   2   3  14   4   3   7   3   4   1   1  19   3   5   1   2   5  0.26 0.24
  148 N    -1  -3   4   4  -2  -1  -1   3   2  -4  -6  -1  -2  -3   0  -2  -2  -6   0  -3    4   2  18  24   1   2   3  19   4   1   0   3   1   1   5   3   2   0   3   2  0.59 0.41
  149 A     5  -2  -2  -3   4  -5  -3  -1  -2  -1  -3  -5  -2  -3   0   1   0  -6  -3   1   40   2   2   1   9   0   2   5   1   3   2   0   1   1   4   9   6   0   1   9  0.64 0.47
  150 P    -4  -3  -6  -2   0  -6  -2  -6  -6  -3  -4  -3   1  -7   8  -1  -1  -7  -7  -3    2   2   0   2   2   0   3   0   0   2   2   2   3   0  66   4   5   0   0   2  1.87 1.00
  151 W    -3  -3  -6  -4  -1  -3  -4  -4  -5  -3   0  -3  -1   3  -3  -4  -3   9   7  -4    3   1   0   1   1   1   2   1   0   1   8   2   1  12   2   2   2  26  31   1  1.62 0.83
  152 T    -1  -1   0   0   1  -1   0  -1  -1   2  -1  -1   0   1  -1   0   1   1   1   2    3   3   4   6   3   2   5   4   1  11   4   3   2   5   2   6   8   2   5  19  0.08 0.13
  153 L    -1  -4  -1  -2   2  -3  -2  -4   0   2   1  -4   2  -1   0  -1   3  -4   0   2    3   0   2   3   4   0   2   0   3  13  11   0   6   2   4   3  17   0   4  14  0.23 0.29
  154 T    -2  -1   1   2  -7  -1  -1  -2   1  -7  -3  -2   1  -1  -1   1   4  -7   0  -2    3   3   6  12   0   4   4   3   3   0   3   3   3   3   3  11  26   0   3   3  0.42 0.40
  155 P    -1  -1  -1  -1   0   1   1  -2   0   1   1   0   3  -1   1  -2  -2   2  -1   0    4   3   3   4   2   5   8   3   2   7  13   6   7   3   8   3   3   2   2   8  0.06 0.11
  156 E     0  -1  -1   3  -5   1   4  -2  -1  -5  -4   1   0  -3   0  -1  -2  -5  -2  -3    7   2   2  16   0   5  32   2   1   0   2   9   2   1   5   3   2   0   2   1  0.48 0.43
  157 F    -3  -3  -2  -3   1  -3  -5  -4  -1  -1   0  -3   3   6  -5  -3   0   4   2  -1    1   1   2   1   2   1   0   1   1   4   9   2   6  38   0   1   6   5   7   4  0.79 0.53
  158 L    -1  -3  -3  -3   1  -3  -1  -1  -3   2   3  -1   3   1  -3  -2   0  -3   0   1    4   0   0   0   4   0   4   4   0  11  29   4   9   5   0   0   7   0   4   7  0.20 0.23
  159 A    -1   0   1   2   1   0   2  -1   1  -1  -1   0   0  -3  -2   0   0  -3  -2  -1    5   5   6  15   3   3  15   3   3   5   4   5   4   0   0   8   4   0   0   4  0.10 0.15
  160 E     0   1  -1   0  -1   2   2  -2   1  -3  -3   3  -3  -2  -1  -1  -1   2  -1  -3    7   6   3   4   1   7  17   2   3   2   2  24   0   2   3   4   3   3   2   0  0.25 0.28
  161 H    -1  -1   0  -3   2   0  -3  -3   6  -1  -1  -1   1   0  -3  -1   0   2   3  -1    4   3   5   0   4   5   1   1  21   4   7   4   3   4   0   3   6   3  13   4  0.35 0.34
  162 R     0   0   0   0   2   1   0   0   2  -2  -1   0   1   0   1   0   0  -2   1  -2    6   6   5   6   5   5   6   6   5   0   6   6   5   5   6   6   6   0   5   0  0.04 0.13
  163 I     0   0   0   0   2  -1  -1   0  -2   0   0   0   1   1  -2   0   0  -2   1   0    6   6   6   6   6   0   0   6   0   6   6   6   6   6   0   6   6   0   6   6  -0.00 0.10
  164 D    -1   0   0   5   0   0   0  -1   2  -2  -2  -1  -3  -1  -1  -1  -1   2   0  -4    5   5   3  32   3   3   6   5   5   3   5   3   0   3   3   3   3   3   3   0  0.31 0.32
  165 F    -1  -1  -1  -4   0  -3  -2  -4   1   1   0  -1   0   4  -4  -1  -1   2   4   0    3   3   3   0   2   0   2   0   3   7   7   3   2  19   0   4   4   3  19   8  0.32 0.32
  166 V     0  -4  -4  -4   4  -2  -4  -2   0   1   0  -2   0  -1  -4  -1  -1   2   1   4    5   0   0   0  10   2   0   3   3   8   8   3   2   2   0   4   4   3   5  32  0.32 0.33
  167 A     3  -1  -3  -4   4  -1  -2  -2  -3   1  -2  -3  -1   0  -3  -1   0   0  -1   3   26   4   0   0  10   2   2   2   0   7   2   0   1   4   0   2   4   1   2  24  0.31 0.35
  168 H    -2   0   0  -4   0   0  -2  -5   9  -2  -3  -2  -2   0  -3  -4  -1  -5  -1  -3    3   5   4   0   2   3   2   0  53   3   2   2   1   5   1   0   4   0   1   1  1.35 0.77
  169 D     0  -1  -1   3  -1  -3   0   4  -3  -2  -2  -1  -3  -4  -2   0  -1  -4  -4  -4    6   3   2  18   2   0   4  37   0   3   3   3   0   0   2   5   4   0   0   0  0.46 0.38
  170 D    -1  -2   2   5   1  -1   2  -1   0  -2  -3  -2  -1  -3   0   0  -1  -4  -4  -3    6   2   9  33   3   2  11   5   2   2   2   1   1   1   5   5   3   0   0   1  0.40 0.35
  171 I    -1  -1   0   4   0  -1   0  -1  -1   1  -1  -1  -2  -2  -2   0   0  -1  -2  -1    4   4   5  28   3   1   6   4   1   8   5   2   1   1   1   6   7   1   2   4  0.21 0.25
  172 P    -1  -2  -1   0  -3  -3  -1  -2   0   2  -1  -2   0  -2   5   1   0   0   0  -1    4   2   3   4   0   1   4   2   3  14   5   2   3   1  27   9   4   1   3   3  0.34 0.31
  173 Y    -1  -1  -2  -1   2  -2   1  -4  -1   0  -2  -2  -3   0   0   0   2  -1   5   0    4   3   1   4   5   1   8   1   1   4   3   1   0   3   6   6  15   1  19   8  0.25 0.31
  174 S     0  -1  -1  -1   1   0   0  -2   0   0   0  -1   0   0   1   0   1  -1   0   0    8   2   3   2   3   5   6   2   2   5  12   3   1   4   8   6  10   1   4   9  0.02 0.09
  175 S     0   0   0   0   2   0   0  -1   1   0  -1   0   1   0   0   0   0  -2   1   0    5   5   5   5   5   5   5   5   5   5   5   5   5   5   5   5   5   0   5   5  -0.00 0.06
  176 A     1  -2  -2   1   0  -1   2   0  -1  -2  -2  -1  -1  -2   2  -1   0   0  -2  -2   13   2   2   8   2   3  14   8   2   2   4   4   2   2  11   5   5   1   1   3  0.13 0.21
  177 G    -2  -2   2   4  -8   1   0   2   0  -3  -3   0  -1  -2  -2  -1  -2  -8  -1  -4    4   3   9  20   0   6   7  16   2   2   4   5   2   2   3   6   3   0   3   2  0.33 0.33
  178 S    -2  -2  -2  -1   1  -1   0   4   2  -1  -3  -1   1  -1  -2   0   0   0   0  -3    4   2   2   4   3   3   6  27   4   4   4   4   4   2   2   8   7   1   3   2  0.25 0.27
  179 D    -2   0   1   4  -2   1   2  -1  -1  -2  -2   1  -2  -3  -3   0   0  -5  -2  -1    2   5   6  20   1   5  14   4   2   2   5   9   1   1   1   5   6   0   1   4  0.25 0.29
  180 D     0   0   0   0   2   0   0  -1   1   0  -1   0   1   0   0   0   0  -2   1   0    5   5   5   5   5   5   5   5   5   5   5   5   5   5   5   5   5   0   5   5  -0.00 0.06
  181 V    -1   0  -2   0   2   0   0  -1   1   0  -1   0   1   0   0   0   0   3   1   0    5   5   0   5   5   5   5   5   5   5   5   5   5   5   5   5   5   5   5   5  0.02 0.11
  182 Y    -1  -1  -1   0   2  -5  -5  -5   2  -4  -1  -5   1   2  -5  -1   0  -3   7  -1    5   4   4   5   4   0   0   0   4   0   6   0   4   8   0   4   6   0  36   4  0.81 0.55
  183 K     1   1  -1  -1   2   0   1  -1   1  -1  -1   0  -2   1   0   0  -1   2   0  -1   12   9   3   3   5   4   9   4   5   3   4   6   0   6   3   5   3   3   3   4  0.03 0.11
  184 H    -1  -1   0  -1  -1   0   1  -2   1   0   0   0   0   1   1  -1  -1   2   0   1    3   4   4   3   2   5   9   2   4   7  11   5   2   6   6   3   2   3   4  11  0.02 0.09
  185 I     0  -1   0  -1   1  -2  -1  -1   0   0   0  -2   0   1   2   0  -1   2   0   0   10   3   5   3   3   0   3   4   3   5  10   0   3   7  12   6   3   3   3   9  0.05 0.13
  186 K    -1   2   0  -1   1   0   0  -4   1  -1  -1   4   1   0  -3  -1  -1  -4   0  -1    3  10   5   3   3   3   4   0   3   4   5  28   4   4   0   4   3   0   3   4  0.21 0.29
  187 D     0   0   0   0  -2   1   0   0   1   0  -1   0   1  -2   1   0   0  -2   1   0    6   6   5   6   0   5   6   6   5   6   6   6   5   0   6   6   6   0   5   6  0.02 0.08
  188 A     2   1  -1  -1   0   1   0  -1   1  -1  -1   0   2  -3   0   0  -1   1  -2  -1   20   7   3   3   2   5   6   4   4   3   7   7   6   0   5   4   3   2   0   3  0.05 0.15
  189 G     0   1   1   1  -2   1   0   0   2   0  -1   0  -1  -2  -2   0   0  -3  -2   0    7   7   7   7   0   7   7   7   6   7   7   7   0   0   0   7   7   0   0   7  0.03 0.08
  190 M     0   0  -2  -2   2   1   0   0   2   0   0   0   1   1  -2   0   0  -2   1   0    6   6   0   0   6   6   6   6   6   6   6   6   6   6   0   6   6   0   6   6  0.01 0.11
  191 F    -1  -3  -3  -4  -3  -3   0  -1  -3   0   1  -1   2   5  -4  -3  -1  -2   3   0    5   0   0   0   0   0   7   4   0   4  10   5   6  29   0   0   4   0  11   5  0.37 0.31
  192 A    -1   2  -1  -2   0   0  -1  -2   0   0   0   1   0   0  -3   0   0   1   0   1    3  14   2   0   2   3   3   2   2   7  10  12   2   5   0   8   5   2   3  10  0.04 0.13
  193 P     0  -1  -1   0   1   0   2  -1  -1   0  -1  -1   0  -1   3  -1   1  -3  -1   0    6   2   1   4   4   3  14   3   1   7   5   2   3   2  13   4   8   0   2   9  0.08 0.15
  194 T    -2  -4  -1  -4   1  -3  -2  -4  -4   2   1  -4   1   2  -1  -2   4  -4  -3   1    3   0   4   0   3   0   2   0   0  14  11   0   3  10   2   2  26   0   0  11  0.35 0.35
  195 Q    -3   1  -2   0  -2   4   1  -3  -1  -4  -4   3  -1  -3   4  -2  -2  -5  -3  -4    2   6   2   5   1  17   8   2   1   1   1  20   2   1  19   2   2   0   1   1  0.54 0.45
  196 R    -2   6  -2  -4  -2  -3  -2  -2  -1  -3  -5   1  -1  -2  -3   0  -2  -4   2  -5    2  51   1   0   1   0   2   3   1   2   1   8   2   1   2   6   2   0   8   0  0.97 0.62
  197 T    -3  -3  -1  -3   0  -4  -1  -1  -2  -2  -3  -1  -2  -2  -1  -1   6   2  -1  -2    2   1   2   1   2   0   4   4   1   2   3   5   1   2   4   4  50   3   3   2  0.79 0.58
  198 E    -2  -2   1   1   0   1   4  -2   0  -3  -3   0   0  -2   1   0  -1  -1  -2  -3    3   2   7   8   2   6  29   2   2   1   3   6   2   1   8   7   4   1   1   1  0.33 0.34
  199 G    -3  -4   0   0   0  -2  -3   6  -1  -4  -3  -2  -5  -2  -2  -1  -1  -1  -1  -2    2   1   4   5   2   2   2  50   1   1   3   2   0   2   2   4   4   1   3   4  0.76 0.52
  200 I    -3  -6  -6  -6  -1  -5  -4  -4  -6   6   1  -2   3  -2  -6  -4  -1  -1  -2   3    1   0   0   0   1   0   1   1   0  39  10   2   7   2   0   1   3   1   1  21  0.92 0.57
  201 S    -3  -5  -1  -5  -1  -2  -3  -5   0  -6  -6  -1   0  -6  -6   6   3  -7  -6  -6    1   0   2   0   1   2   2   0   2   0   0   4   2   0   0  60  15   0   0   0  1.35 0.88
  202 T    -2  -3   0  -5  -5  -3  -5  -4  -6  -5  -2  -5  -5  -6  -3   0   7  -6  -6  -1    4   1   4   0   0   1   0   2   0   0   4   0   0   0   1   6  66   0   0   4  1.44 0.87
  203 S    -1  -3  -1  -1  -5  -2   0  -2  -5  -5  -4  -3   0  -5  -4   4   5  -6  -3  -4    5   1   3   4   0   2   5   3   0   0   1   1   3   0   1  30  34   0   1   0  0.78 0.59
  204 D    -3  -2   0   6  -3  -1   2  -3  -3  -5  -4  -1  -2  -3  -3  -1   0   3  -4  -4    2   3   4  46   1   2  13   2   0   1   2   4   1   1   1   4   6   4   1   1  0.96 0.55
  205 I    -4  -2  -6  -6  -2  -6  -4  -7  -6   6   3  -6  -1  -1  -2  -5  -3  -6  -3   2    1   3   0   0   1   0   1   0   0  44  27   0   1   2   2   1   1   0   1  14  1.16 0.58
  206 I    -2  -4  -3  -6   0  -3  -6  -6  -6   6   1  -4   0  -2  -6  -3  -3  -6  -4   4    4   1   2   0   2   2   0   0   0  44  10   1   2   2   0   2   1   0   0  28  1.09 0.57
  207 T     0   0   1   0   2   1   0   0   2   0  -1   0   1  -2  -2   0   0  -3   1   0    6   6   6   6   6   6   6   6   6   6   6   6   6   0   0   6   6   0   6   6  0.05 0.09
  208 R    -1   6   0  -4  -5   0  -1  -1   1  -1  -4   1   1  -5  -1  -1  -1   3  -4  -4    4  48   4   0   0   4   4   4   4   4   0   5   3   0   4   4   4   3   0   0  0.79 0.49
  209 I    -1  -4  -4  -4  -3  -4  -4  -1  -4   5   1  -1   3   0  -4  -3  -3  -4  -3   2    5   0   0   0   0   0   0   5   0  47  10   5  10   4   0   1   0   0   0  11  0.69 0.36
  210 V    -2  -1  -1  -2  -3  -1  -1  -2   0   2   3  -2   1   1  -3  -3  -1  -3  -2   2    2   3   3   3   0   3   4   3   3  15  28   2   3   6   0   0   2   0   0  19  0.24 0.19
  211 R    -1   3   0  -1  -1   2   0  -2   2  -2  -2   2  -2  -1  -3   1   0  -4  -1  -2    5  20   4   3   2   9   5   2   6   3   4  14   0   2   0  14   4   0   1   2  0.24 0.21
  212 D    -2   2   3   4   0   0   0   0   2  -2  -2  -1   0  -3  -2  -1  -2  -4   1  -2    3  10  16  22   2   5   4   7   4   2   3   2   3   0   2   4   1   0   6   2  0.31 0.24
  213 Y    -2   3  -2  -2  -1   0  -2  -3   1  -3  -1  -1   0   0  -1   0   1   0   6  -2    4  15   1   2   1   3   2   2   3   1   5   3   2   3   3   6   8   1  31   3  0.54 0.36
  214 D    -2   1   1   4  -4   0   2  -2   1  -3  -1   1  -2  -2  -1  -1  -2  -4  -1  -3    3   7   8  27   0   3  13   3   4   2   6  10   1   1   3   3   2   0   2   2  0.37 0.26
  215 V     0  -1   0   1  -2   2   2  -2   1  -1   0   1   1  -3  -3   0   1  -3  -1  -1    7   2   4   8   1  12  15   2   4   4  10   7   3   0   0   5   9   0   1   4  0.15 0.16
  216 Y    -3   0  -2  -1  -2  -3  -2  -5   5  -2  -2  -3  -1   4  -1  -3  -4   1   7  -3    3   4   2   4   1   1   3   1  11   3   3   1   2  14   4   2   1   2  37   2  0.99 0.51
  217 A    -1  -1  -1   0  -1   0   1  -2   2   1   0   0   0   0  -2  -1  -1  -3  -1   2    5   3   2   4   1   4  13   3   5   9  11   6   2   3   2   5   3   0   2  17  0.07 0.11
  218 R     0   3   0   0  -1   1   1  -2   1  -1  -1   2   3  -2  -2  -1   0  -2  -2  -2   10  17   4   4   2   5  10   2   4   4   5  11   8   1   1   5   5   1   1   3  0.19 0.19
  219 R    -4   7  -1  -1  -1   0   0  -4  -1  -3  -4   1  -5  -3  -5   0  -3  -5  -1  -4    1  56   3   3   2   3   5   1   1   1   2   8   0   1   0   7   1   0   2   1  1.23 0.64
  220 N    -3  -2   7   0  -2   2  -2  -4   1  -4  -4  -2  -2  -3  -4   2  -4  -6  -3  -2    2   2  47   5   1   9   2   1   3   1   2   2   1   1   1  16   0   0   1   4  1.08 0.63
  221 L     0   0  -2  -1  -2   0  -1  -1   0   1   3   0   1   1  -2  -1  -1  -3  -1   0    8   5   1   3   1   4   4   4   3   6  33   5   2   8   1   4   4   0   1   5  0.17 0.18
  222 Q     0   1   0   1  -4   3   2  -3  -1  -3  -2   3  -2  -3  -3   1   0   0  -1  -2    8   7   4   7   0  13  12   2   1   2   3  19   1   1   1   9   5   1   2   2  0.32 0.27
  223 R    -3   6   0  -3  -4  -1  -1  -2  -2  -3  -4   4  -2  -6  -3   0  -3  -6  -5  -3    1  41   4   1   0   1   3   4   1   2   2  26   1   0   1   7   1   0   0   2  1.05 0.59
  224 G    -1  -1   1  -2  -4   1   0   5   1  -4  -2  -1  -1  -3  -3   0  -2  -4  -4  -3    5   3   7   2   0   7   5  46   3   0   5   3   1   1   1   5   2   0   0   2  0.65 0.39
  225 Y     1  -2  -2  -2  -1   0   0  -2   0   0   1   0  -1   1  -2  -1  -1   0   5   1   10   1   1   2   1   3   5   3   2   5  12   6   1   6   2   5   3   1  21   9  0.21 0.20
  226 T     0  -1   0   0  -1  -2   1  -2  -1  -3  -3   0  -1  -5  -1   4   3  -5  -2  -3    5   4   4   4   1   1  10   2   2   1   2   5   1   0   3  33  18   0   1   2  0.47 0.40
  227 A     2   3  -2  -2  -3  -1   2   1   1  -3  -3   0  -2  -3   1   1  -2  -1  -3  -3   17  16   1   1   0   1  17  10   3   2   2   4   1   1   8  10   2   1   1   2  0.31 0.29
  228 K    -1   1   0   1  -3   2   1  -3   0  -3  -3   5  -4  -5  -2  -1  -1  -5  -1  -3    5   7   5   7   1   8   7   2   2   1   2  39   0   0   2   5   3   0   2   2  0.59 0.42
  229 E    -2   0  -2   4  -6   0   5  -3  -1  -5  -4   1  -3  -4  -2   0  -1  -6  -5  -2    3   4   1  19   0   3  41   2   1   0   1   7   1   1   2   7   4   0   0   3  0.81 0.52
  230 L     0  -1  -1  -3  -3   0   0  -2  -1   0   2  -1   2  -1  -2   1  -1  -3   3   0    6   3   3   1   0   4   6   3   1   5  27   4   6   2   1  10   3   0  11   4  0.18 0.21
  231 N     0  -1   5  -1  -1   0  -1   0  -1  -1  -2  -1  -2  -2   0   0   0  -4   3  -4    9   4  28   3   1   4   4   8   1   4   3   2   1   1   5   5   4   0  11   0  0.36 0.32
  232 V     0  -2   0  -1  -3  -1   1   0  -2   2   1   0   1  -2  -2   0  -1  -1  -1   2    7   2   5   3   0   2  10   8   1  11  12   5   4   0   1   5   2   1   2  19  0.10 0.14
  233 S     0   0   0  -1  -4   1   0   1  -3  -2  -4   2  -4  -3   0   4   0  -5  -3  -4    7   4   4   3   0   7   6  12   0   3   1  14   0   1   4  29   4   0   1   0  0.39 0.33
  234 F    -1   0  -2  -1  -1   0   0  -2   1  -1  -1   0   1   3   0   0  -1   3   3  -1    5   6   1   2   2   4   6   3   4   2   6   7   4  15   5   7   2   5   9   5  0.15 0.16
  235 I     0  -1  -3  -1  -3  -1   0  -3  -1   0   2   0   1   1  -2   0   0   0   2   1    7   4   0   3   0   2   6   0   1   6  20   5   4   7   2   6   5   1   8  10  0.11 0.14
  236 N    -1   1   2  -1   0   0   2   0   1  -2  -3   4  -2  -2  -1   0   0  -4   0  -3    4   6   9   3   2   2  12   6   3   2   1  29   1   2   2   6   5   0   4   2  0.31 0.27
  237 E     1   0   0  -1  -5   0   5  -1  -3  -3  -2   0   1  -4  -3   0  -1  -5  -4  -2   13   5   4   2   0   4  40   4   0   1   3   6   4   1   1   7   3   0   0   2  0.55 0.42
  238 K    -2   1   2  -1  -3   3   1  -2   0  -3  -3   4  -4  -3  -3   0   0  -4  -3  -1    2   7  12   3   0  11   9   2   2   2   3  30   0   1   1   6   5   0   1   4  0.47 0.37
  239 K    -2   3  -2  -1  -3   1   2  -2  -3  -4  -3   4  -2  -2  -3   2  -2  -1  -2  -3    2  18   2   3   1   5  16   2   0   1   2  25   1   2   1  14   2   1   1   2  0.53 0.41
  240 Y    -3  -1  -2  -4  -2   1  -1  -4   0   2   2  -1   1   1  -5  -1   0  -2   4   0    1   4   1   0   1   7   4   1   2  14  23   4   3   6   0   4   5   0  16   4  0.34 0.29
  241 H    -1   3  -2   0  -4   2   1  -1   2  -2  -2   2  -2  -1  -1  -1   0  -1   1  -1    3  17   1   5   0  10   7   4   6   3   3  15   0   3   3   4   6   1   5   4  0.24 0.23
  242 L     0  -3  -4  -4   0  -2   0  -2  -1   2   3  -2   2   2  -3  -3  -1  -4   0   1    7   0   0   0   2   1   9   3   2  14  27   2   5   8   1   1   4   0   3  12  0.28 0.24
  243 Q     0   0   0   0   2   1   0   0  -2  -2  -1   0   1  -2   1   0   0   3   1  -1    6   6   6   6   6   6   6   6   0   0   6   6   6   0   6   6   6   6   6   6  0.09 0.13
  244 E    -1   2   1   0  -3   0   0  -1   2   0  -1   1   2  -3   0   0   0  -3   0  -1    5  10   9   6   0   4   6   4   5   6   4  12   8   0   3   4   7   0   3   3  0.11 0.15
  245 R     0   1   1  -1  -3   1   0   0   3  -2  -1   2   0   0  -3   0  -1  -3   1  -1    6   9   7   3   0   5   5   7   8   2   6  17   2   5   0   7   3   0   4   3  0.13 0.16
  246 V    -1  -1  -3  -2  -3  -1  -2  -2  -1   2   2  -1   4   1  -1  -2  -1   0   1   1    3   4   0   2   0   3   2   3   2  13  18   4  13   7   3   3   3   2   5  12  0.20 0.21
  247 D     0   0   0   3  -1   1   1   0   0  -1  -2   2  -1  -4  -3   0   0  -4  -1  -2    8   5   4  21   2   5  11   7   2   4   2  14   1   0   0   6   4   0   2   3  0.23 0.22
  248 K    -1   2   0   1  -4   1   2  -2   0  -2  -3   3   0  -2  -1   0   0  -4  -3  -2    5  12   5   7   0   7  16   2   2   2   2  21   2   2   2   6   5   0   0   2  0.30 0.27
  249 V    -2  -2  -4  -3  -3  -4  -2  -3  -1   2   4  -4   3   2  -4  -2  -1   3  -1   2    2   2   0   1   0   0   2   3   1   9  37   0   9   8   0   3   3   5   1  13  0.48 0.35
  250 K    -1   3  -1  -3  -4   1  -1   0   0  -3  -2   4   1  -4  -2   0  -1   0  -2  -1    5  20   2   0   0   7   3   8   2   1   4  26   4   0   2   6   3   1   1   5  0.36 0.32
  251 K    -1   1   1   2  -1   1   3  -1   0  -2  -3   2  -2  -4  -1   0   0  -4  -3  -3    3   8   6  13   1   6  19   3   3   3   2  16   1   0   3   7   6   0   0   0  0.31 0.26
  252 K     0   2   0  -1  -3   1   0  -2   0  -3  -2   3  -1  -2  -1   1   0  -3   0  -2    6  12   5   3   0   7   6   2   2   1   3  25   2   2   3  12   6   0   3   2  0.28 0.25
  253 V    -1  -2  -3  -4   0  -2  -3  -1  -1   3   1  -2   1   1  -3  -2  -1   0   0   3    5   2   1   1   2   1   2   4   1  23  14   2   3   6   1   2   2   1   2  24  0.32 0.25
  254 K     0   3  -1  -1  -3   1  -1  -1   1  -2  -2   4  -1  -2  -2   0   2  -3  -1  -2    6  14   2   4   0   5   2   3   3   2   3  29   2   1   1   5  12   0   2   2  0.33 0.27
  255 D    -1   0   2   3  -2   1   3  -1   0  -3  -3   1  -3  -2  -1   0   0  -3  -3  -3    4   6   9  17   1   7  20   3   2   1   2   8   0   2   2   7   7   0   1   2  0.31 0.23
  256 V     0  -1   0  -1  -2   1   0  -1   1   0   0   0   1   1  -2   0   0  -2   0   1    6   3   4   3   0   9   6   4   5   5  10   5   5   7   1   5   6   0   4  13  0.04 0.07
  257 E     0   0   0   0  -3   2   2  -1  -1   0  -1   1   0   0  -1   0  -1   2  -2  -1    6   6   6   3   0  11  17   4   1   8   7   7   3   5   2   5   4   3   1   3  0.11 0.12
  258 E    -1   1  -1   1  -3   2   4  -1   1  -3  -1   0  -1  -3  -1   0   1  -3  -1  -1    5   6   2   8   0   8  27   4   3   1   7   4   1   1   2   5  10   0   2   4  0.25 0.22
  259 K    -1   2   2   1   0   1   0   0  -2  -2  -2   4  -1  -3  -2   0   0  -3  -3  -2    3   8   9   7   2   5   5   6   0   3   3  30   2   1   1   5   5   0   0   3  0.31 0.25
  260 S     0  -2   1  -2   1  -1  -1   0  -1   0   0  -1  -1   0  -2   2   1   0  -1   1    7   1   6   1   3   2   3   8   1   6  10   3   1   4   1  18   8   1   2  14  0.08 0.12
  261 K    -1   2   1  -1  -1   0   1   0   0  -2  -2   4   0  -3  -2   0   0  -3  -3  -3    3   9   8   2   1   4   9   7   2   3   2  28   3   1   2   6   7   0   0   1  0.30 0.24
  262 E    -1   0   3   2  -3   2   3  -2   2  -3  -2   1  -1  -2  -1   0   0  -3  -2  -3    5   5  14  11   0   7  18   2   5   1   3  10   2   1   2   7   5   0   1   2  0.30 0.23
  263 F     0   0  -1  -1  -2   0   0   0  -1   0   1   1   0   2  -2  -1  -1   3   0   0    8   5   2   2   0   3   6   8   2   5  15  11   2  10   1   4   3   5   2   6  0.06 0.09
  264 V     0  -1  -1  -2  -1   0  -2  -2  -1   2   1   0   0   0  -3   0  -1   2   2   2    7   4   2   2   1   4   1   3   1  15  10   5   2   3   1   6   3   4   7  20  0.12 0.14
  265 Q     0   1   1   2   0   3   1   0   0  -2  -2   1  -2  -1  -1   0   1  -1   0  -1    6   6   6  11   2  14   9   6   1   2   3   8   0   3   2   5  10   1   3   3  0.14 0.14
  266 K     0   1   1   1  -3   0   2   0  -2  -1  -2   2  -2  -2  -2   0   1  -3  -1  -2    6   9   9   8   0   3  13   6   0   5   4  13   0   1   1   7  10   0   2   2  0.16 0.16
  267 V     0  -2  -3  -2  -2  -1  -2   0  -3   2   1  -1   0   2  -2  -2   0   1  -1   2    8   2   1   1   1   3   2   7   0  15  16   3   2   8   1   2   6   2   2  18  0.15 0.15
  268 E     0   2   0   0  -2   2   2   1  -1   0  -1   1   0  -2  -2  -1  -1  -1  -1  -1    8  13   4   3   1   8  16   9   1   6   6   6   2   1   1   3   4   1   2   3  0.12 0.13
  269 E    -1   0   2   2  -4   1   4  -1   0  -3  -3   1  -3  -1  -3   1  -1  -4  -2  -1    3   3  10  10   0   4  31   4   2   1   3   7   0   4   1   9   2   0   1   4  0.38 0.29
  270 K    -1   2   0  -1  -3   0   2  -1  -1  -1   1   3  -1  -2  -1  -1   0  -3  -2  -2    5  11   5   2   0   3  13   4   1   3  15  22   1   1   3   3   6   0   1   1  0.22 0.21
  271 S     0   1   0  -2  -2  -1  -2   0  -2   1   0   1  -1   0  -2   2  -1   0   0   0    8   9   3   2   1   2   1   8   0   8   9  11   1   4   1  18   2   2   4   8  0.08 0.14
  272 I    -1   2   1   0  -2   0   0   0   2   0  -1   1   1  -1  -2   0   0  -3  -1   0    3  11   7   4   1   4   5   7   8   4   7  12   4   3   0   4   6   0   2   7  0.08 0.11
  273 D    -1  -2   0   4  -5   1   4   0  -2  -1  -3   1   2  -3  -3  -2  -3  -5  -2  -2    5   1   4  25   0   5  27   6   1   3   2   7   6   1   0   2   0   0   1   2  0.54 0.39
  274 L     0   0  -1  -3  -3  -1  -2  -3   2   2   2  -1   3   2  -3  -1   0  -3  -1   0    7   4   4   0   0   2   1   1   5  11  24   5   8   9   0   4   7   0   1   6  0.19 0.19
  275 I    -2   2  -3  -4  -3  -2  -2  -3  -1   3   3  -1   1   2  -1  -3  -1  -3   0   1    2  11   0   0   0   1   2   2   2  19  26   5   3   8   2   1   3   0   2  10  0.32 0.25
  276 Q    -1   0   2   1   0   3   2  -1   3  -4  -1   1  -2  -3  -3   0   0  -4  -2  -3    3   4  11   8   3  17  14   4   8   0   6   7   0   1   0   8   5   0   1   1  0.31 0.27
  277 K    -2   2   0  -1  -4   0   2  -1  -1  -2  -1   4  -2   1  -3  -1   0  -2   2  -2    3   9   4   3   0   3  12   4   1   3   5  26   1   7   0   3   7   0   7   2  0.26 0.25
  278 W    -3  -5  -6  -6  -5  -5  -4  -4  -5  -2   0  -2   0   1  -6  -4  -5  12  -2  -3    2   0   0   0   0   0   1   2   0   3   8   3   2   5   0   2   1  67   0   2  2.89 1.09
  279 E    -3   1  -2   0  -3   0   5  -3  -3  -1  -2   2  -2  -4  -4  -2  -3  -5  -4   1    1   8   2   4   0   2  45   2   0   3   5  10   1   0   0   2   1   0   0  12  0.67 0.45
  280 E    -2  -1   2   3  -1   1   4  -1  -1  -4  -3   0  -2  -2  -2   1  -2  -4  -2  -3    2   3  10  15   2   5  34   4   1   0   3   4   1   2   1   9   2   0   1   1  0.52 0.37
  281 K    -2   3   3  -1  -4   0  -1  -4  -1  -2  -2   4   1  -4  -2  -2   0  -4   0  -2    2  16  15   2   0   3   3   0   1   2   5  31   4   0   2   2   5   0   3   3  0.50 0.37
  282 S     1   0  -1  -3  -3  -3  -3  -1   0  -3  -3  -2  -1  -4  -3   5   0  -4   1  -2   13   5   2   0   0   0   0   5   2   1   1   2   1   0   1  52   4   0   5   3  0.73 0.52
  283 R    -2   3   2   3  -2   2   0  -2   3  -3  -4   2  -3  -4  -2   0  -2  -3  -1  -2    1  17   9  17   1  10   3   2   8   1   1  14   0   0   2   7   2   0   2   3  0.42 0.31
  284 E    -2   2  -2   2  -4   0   5  -1  -1  -2  -3   1  -2  -4  -3  -1  -1  -4  -3  -1    2  12   1  11   0   4  36   5   1   3   1   9   1   0   1   5   3   0   1   6  0.52 0.36
  285 F    -3  -4  -3  -5   0  -4  -4  -5  -3   0   2  -3   3   6  -5  -3  -2   4   3   0    2   0   1   0   2   0   0   1   0   5  23   1   6  32   0   1   3   6   8   7  0.77 0.42
  286 I    -2  -4  -5  -5  -4  -2  -3  -5  -5   6   1  -4   1  -3  -2  -2  -2   1  -3   4    2   0   0   0   0   2   2   1   0  44  10   0   4   0   2   4   1   2   0  25  0.90 0.48
  287 G     1   3   1   2  -3   0   0   1   3  -3  -3   1  -2  -3  -3   1   0  -4  -2  -2   10  17   5  11   0   4   3  11   7   0   2  10   1   1   0   9   4   0   1   3  0.24 0.21
  288 S    -1  -1   3   2  -4  -2  -1   4  -1  -4  -4  -1  -4  -5  -4   2   0  -5  -4  -3    4   3  16  14   0   1   3  31   1   0   2   4   0   0   0  13   5   0   0   2  0.56 0.37
  289 F    -3  -4  -3  -3   1  -6  -4  -6  -5  -4  -3  -6  -1   9  -6  -5  -4  -3   1  -2    2   1   1   2   3   0   1   0   0   0   1   0   1  79   0   0   1   0   2   2  2.16 0.89
  290 L     1  -2  -3  -4  -3  -2  -3  -3  -4   2   4  -2   2   0  -4   0  -1  -3  -3   1   12   1   1   0   0   2   1   1   0  11  40   2   6   4   0   8   2   0   0   9  0.40 0.29
  291 E    -1   1   0   2  -2   1   3   1   1  -3  -1   1  -1  -4  -3   1  -1  -4  -2  -3    5   7   4  10   1   5  23  12   4   0   7   8   1   0   0   9   3   0   1   0  0.27 0.23
  292 M    -2   1  -2  -3  -3   1  -2  -2  -2   0   2   1   5   1  -3  -1   1  -3  -1  -1    1   8   1   0   0   7   2   2   1   5  26   8  16   6   0   5   9   0   1   3  0.29 0.27
  293 F    -4  -5  -3  -2  -2  -3  -3  -4  -4  -2  -3  -5  -3   9  -6  -3  -5  -3   2  -4    1   0   1   2   1   1   2   1   0   2   1   0   0  76   0   2   0   0   6   0  2.01 0.81
  294 G    -1  -3   1   1  -4   0   1   5   2  -3  -4  -1  -3  -3  -3   0  -2  -4  -3  -1    4   1   5   9   0   5   9  41   6   1   1   2   0   1   1   7   1   0   0   5  0.54 0.32
  295 P     1   3  -1  -1  -3   1  -1  -2  -1  -3  -2   2  -2  -3   3   0   0  -3  -2  -2   12  19   3   3   0   7   3   2   2   1   3  12   1   1  17   7   4   0   1   2  0.34 0.23
  296 E    -3   1   0   4  -4   1   4  -2   0  -4  -4  -1   1  -3  -3  -2  -1  -4  -3  -3    1   9   5  24   0   5  33   3   3   1   1   2   5   1   1   2   3   0   0   2  0.63 0.37
  297 G    -1  -1   2  -1  -2   0   0   4  -2  -3  -3   0  -3  -3  -1   1  -1  -1  -1  -2    2   2  11   2   1   3   8  37   0   1   2   7   0   1   3  11   4   1   2   3  0.42 0.26
  298 A     1   3   0  -2   0   0  -2   1   0  -1  -1   0   0  -2  -1   0   0  -3  -1   0   12  18   4   1   2   4   1  13   3   2   5   5   2   1   2   6   6   0   2   9  0.12 0.13
  299 L    -1  -2  -3  -4   2  -2  -2  -4   0   2   3  -1   2   2  -1  -2  -2   3  -1   1    4   1   1   1   5   1   2   1   2  10  31   4   6  11   3   2   1   4   1  11  0.31 0.22
  300 K    -1   0   0   0  -3   0   0  -1   2   0  -1   0   1   0   0   0   0   3   1   0    5   5   5   5   0   5   5   5   5   5   5   5   5   5   5   5   5   5   5   5  0.06 0.08
  301 H    -1   1   1   0   1   1  -1  -1   4  -3  -1   1   1   0  -1   0   0   2   0  -2    4   8   8   6   3   6   3   3  10   0   5  11   4   4   3   6   7   3   3   3  0.15 0.19
  302 M    -2  -1   0  -1  -4  -1  -2  -2  -3   3   0  -1   3   3  -1  -2  -1   4   0   0    3   4   4   3   0   3   3   3   0  18   7   4   7  15   3   3   3   6   3   6  0.26 0.25
  303 L    -1   1   0  -4   0  -1  -2   0  -3   1   1  -3   1   3  -4  -2  -1   5   1   1    4   8   4   0   2   3   3   7   0   9  16   0   4  12   0   2   4   9   3   8  0.29 0.24
  304 K    -1   2   1   0  -1   1  -1  -1   2  -2  -2   2  -1  -2   0   1   1   1  -1  -1    3  10   8   4   2   6   2   5   5   2   3  12   2   1   4  12   8   3   2   6  0.14 0.17
  305 E     0   2   0   1  -4   1   2   0   2  -3  -3   1   0  -4   0   0  -1  -4   0  -2    9  12   3   8   0   5  17   7   5   1   2  10   3   0   4   5   4   0   4   2  0.22 0.21
  306 G    -1   3   0  -3  -4   0  -3   1  -3   2  -1  -1  -1  -2   1   2   0   2   0  -2    3  15   5   0   0   5   0  10   0  13   6   4   2   1   7  16   4   3   3   2  0.22 0.26
  307 K    -1   3   0  -1  -2  -1  -1  -3  -4  -1  -3   4  -1  -1  -1   2   0   1  -2  -3    3  18   4   3   1   2   2   2   0   3   3  28   1   2   3  13   5   2   1   2  0.44 0.36
  308 G    -1   1   1   2  -4   1   1   2  -1  -3   0   1  -3  -4  -1   1  -1  -4  -1  -2    4   7   6  11   0   6   8  16   2   1  10   8   0   0   3  12   3   0   2   2  0.19 0.20
  309 R     0   5   0   0  -5   0   0  -2  -1  -2  -1   1  -1   0  -2  -2  -2   1  -4  -2    7  37   4   5   0   4   5   2   1   3   7   7   2   4   2   2   2   2   0   3  0.51 0.39
  310 M    -2   0  -1  -1  -3  -1  -2  -2  -3   3   1   0   4   0   0  -2   0  -4  -1   1    2   5   2   4   0   2   2   3   0  20  15   6  11   4   6   3   6   0   1   9  0.23 0.22
  311 L    -1   2  -1  -1  -4   1  -2  -2   1   1   2   0   2  -2  -4   0  -1  -4  -2  -1    3  11   2   3   0   7   2   3   3  10  26   6   6   1   0   7   2   0   1   3  0.20 0.22
  312 Q     0   2   1   1  -4   2   1   0   1  -2  -1   1   0  -3  -3   1  -1  -4  -2  -1    7  14   6   7   0  11  10   6   3   2   6   6   2   0   0  10   4   0   1   3  0.18 0.19
  313 A     4   1  -1  -2  -4   0  -2   0  -2  -1  -2   0  -1  -3  -2   3   0  -5  -4  -2   32   9   3   1   0   4   2   6   1   4   3   4   2   1   2  20   5   0   0   3  0.38 0.35
  314 I    -1   0  -1  -1  -3  -1  -1  -1  -3   2   2  -1   0   0   1   0   0   1  -2   0    4   6   4   3   0   2   3   6   0  17  20   2   2   4   7   8   6   2   0   5  0.12 0.16
  315 S    -2   1  -2  -1  -5  -1  -2  -1   1  -3  -4  -1   0  -5  -3   6   0  -6  -3  -2    2   8   1   3   0   2   3   5   4   1   1   3   2   0   1  56   5   0   1   3  0.89 0.65
  316 P    -2   2   0  -2  -5   0  -2   0  -4  -3  -3  -2  -1  -5   6   1   0  -6  -1  -3    3  10   4   2   0   5   2   7   0   2   2   2   2   0  40   9   7   0   2   2  0.81 0.53
  317 K     1   1  -2  -1  -3   1  -1   0  -2  -2  -3   0   0  -1   3   1   1  -4   0  -2   14   8   0   3   0   8   4   8   1   2   1   6   2   3  13  13   8   0   4   2  0.22 0.24
  318 Q     0  -1   1   0  -3   2   0   1  -1  -1  -1   0   0  -2   2   1   1  -3  -1   0    9   1   6   3   0  11   4  12   1   2   4   4   3   1   9  12   9   0   3   6  0.14 0.17
  319 S    -2  -2   0  -1  -4  -1   0  -2  -4  -2  -2  -1  -1  -2  -2   6   0  -5  -4  -3    2   2   4   4   0   2   6   3   0   2   4   4   1   2   1  56   6   0   0   1  0.79 0.59
  320 P    -2   2   2   1  -4   0   0  -2   0  -2  -2  -2  -2  -2   5  -1  -1  -5  -4  -3    3  11   9   7   0   4   5   3   2   3   5   1   1   2  34   5   3   0   0   1  0.62 0.41
  321 S     0   0   0   2   1  -1   0   0  -1  -1  -3  -1  -3  -4   2   2   2  -4  -2  -1    7   5   4  10   3   3   4   9   1   3   2   2   0   0   9  18  16   0   1   4  0.22 0.23
  322 S     0   1   2   0   0  -1   0   0   1  -1  -1  -1  -2   0   0   2   1  -3  -2  -1    5   7  10   4   2   1   6   7   4   3   5   3   0   4   4  20   8   0   0   6  0.11 0.15
  323 S    -1  -1   0  -1  -4   0   0  -1  -1  -2  -2  -1  -4  -2   1   5   0  -2  -2  -4    4   3   4   3   0   3   6   4   2   2   4   4   0   2   7  46   5   0   1   0  0.52 0.45
  324 P    -1  -1  -1   0   0  -1   1  -1  -1  -2  -1  -2  -3  -2   5   1   1  -4  -4  -2    5   4   3   5   2   2   9   4   1   2   5   1   0   2  31  12   9   0   0   3  0.49 0.35
  325 T     0  -1   0   0  -3   0   1  -2   0  -2  -2  -2   0  -3   2   3   2  -4   0  -2    7   3   4   5   0   4   9   2   2   2   2   1   3   0  10  23  14   0   4   3  0.26 0.27
  326 H    -1   3   0   2  -4  -1   1  -1   3  -2  -2   0   0  -3  -1   1   0  -4  -1  -1    5  19   4  11   0   1   8   5   9   2   3   6   3   1   3  10   6   0   1   4  0.21 0.22
  327 E    -1   1   0   2  -4   0   4  -1  -3  -2  -3   1  -1  -4  -1   2  -2  -5  -2  -2    4   7   3  12   0   2  28   4   0   2   2   9   2   0   3  17   0   0   2   3  0.40 0.35
  328 R     0   1   0   1  -2   0   1   0   2  -1   0   0   0  -1  -2   0  -1  -3  -1  -1    6  11   3   9   1   3  12   9   5   4  12   6   2   2   1   6   2   0   1   4  0.07 0.09
  329 S     0   0  -1   1  -4  -1   1  -1  -1  -4  -4  -1   0  -2   0   5   0  -5  -1  -3    7   4   2   7   0   1   8   4   1   0   0   3   2   2   5  45   5   0   2   2  0.55 0.45
  330 P    -1  -1   1   2  -4  -1   1  -2  -3  -2  -2  -2  -1  -3   4   1   0  -5  -4  -1    5   4   6  13   0   2  10   3   0   2   3   1   2   1  24  13   6   0   0   4  0.42 0.31
  331 S     2  -2   1   3   0  -3   0  -2  -1  -5  -3  -2  -4  -5  -2   5   0  -5  -2  -4   14   2   5  15   2   0   4   2   1   0   2   1   0   0   2  42   6   0   1   0  0.63 0.49
  332 P     0   0  -1   2  -2  -1   1   1  -3  -3  -2  -1  -1  -3   4   0   1  -4   0  -2    6   5   2  11   1   2  10   9   0   1   3   3   2   1  22   7  10   0   3   2  0.35 0.28
  333 S     0  -2   1   0   0  -1   1  -1   0  -1  -1   0  -1   0  -1   2   1  -3   0  -1    8   0   6   5   2   1  11   4   2   3   8   6   1   4   3  21   8   0   4   2  0.11 0.17
  334 F    -1  -2   1   1  -1  -1   1  -2   0  -1   0  -2  -1   3   1   1  -2  -1   1  -1    5   1   6  10   1   2   8   2   2   4   8   0   1  16   6  15   1   1   6   5  0.16 0.20
  335 R     1   1   0   3  -4  -2   2  -2   1  -2  -2  -1  -3  -4   0   2   0  -4  -3  -1   10   9   4  19   0   0  12   2   3   2   4   3   0   0   4  15   6   0   0   5  0.26 0.25
  336 W    -1   1   0   2  -4  -2  -1  -1  -1  -3  -2  -1   0   1   3   1   0   4   1  -2    4   7   5  11   0   0   3   6   1   1   4   2   2   7  17  11   5   6   6   2  0.27 0.24
  337 P     0  -1   1   3   1  -1   3  -2   1  -2  -1  -1  -3  -2   3   0  -1  -5  -2  -3    6   2   7  21   4   2  18   2   3   2   6   2   0   2  13   5   2   0   1   1  0.35 0.29
  338 F     0  -1   0   0  -3  -1   1   0  -2  -1  -2  -1  -1   3  -2   1  -1   1   3   0    7   3   6   4   0   2   9   7   0   2   1   4   1  14   1  11   3   2  13   8  0.17 0.20
  339 S     0   0   1   2  -1  -1   0   0   0  -3  -3  -2  -3   0   0   3   1  -4  -2  -1    8   6   6  15   1   2   6   7   2   1   1   0   0   5   4  23   7   0   1   4  0.24 0.25
  340 G     0  -1   0   2  -1   0   1   2  -3  -2  -2  -1  -1  -2  -1   0   0   3  -2  -2    9   2   4  15   2   4  11  19   0   1   5   2   2   1   2   6   7   4   1   2  0.21 0.20
  341 K     0   1   1   1  -4   0   2  -1  -1  -2  -2   1   0  -4   0   1   0  -4  -3   0    7   9   8   8   0   3  19   5   1   1   2   7   2   0   4  14   4   0   0   7  0.21 0.20
  342 T     0   2  -1   1  -3   0   1  -1  -1  -2  -1  -1  -1  -1   2   0   1  -3   0   0   10  15   2   8   0   2   8   4   1   2   7   2   1   2   9   6  13   0   3   6  0.13 0.16
  343 S     1   0  -1   2  -4  -3   1  -3  -1  -5  -4  -2  -4  -5   0   5  -1  -6  -4  -2   11   6   2  11   0   0   8   1   2   0   1   2   0   0   5  47   2   0   0   3  0.70 0.52
  344 P    -1   1  -2   1  -5  -1   0  -4  -4  -4  -2   0   0  -5   6   1   1   1  -4  -3    4   7   2   7   0   3   6   0   0   0   4   5   2   0  37  11   8   2   0   1  0.72 0.44
  345 S     1   0  -1   0   0  -2  -2  -2  -1  -1  -2  -1   0  -1   3   2   1  -4  -3  -1   13   5   2   7   2   0   1   1   2   4   4   3   3   4  18  20  11   0   0   3  0.28 0.26
  346 S     0   2   0   0  -2   0   0  -1  -2  -2  -1   1   0  -1   1   2   0  -4  -3   0    8  16   4   5   0   2   5   3   0   2   4   7   2   3   6  22   5   0   0   7  0.18 0.20
  347 S    -1  -2  -1  -1  -4  -2   0  -1  -3  -2   0   0  -2  -4   0   5   0  -5  -2  -3    4   1   1   3   0   1   4   4   0   2  10   5   1   0   5  52   3   0   1   1  0.59 0.46
  348 P    -1   1  -3   0  -4   0   0  -1   2  -2  -3  -2  -3  -3   6   0   0  -5  -4  -1    6   9   0   6   0   5   7   4   5   3   1   0   0   1  36   6   6   0   0   5  0.65 0.38
  349 A     2  -1   0   0  -3  -2   0  -2   0  -1  -1  -1  -2   0   2   3   0  -4  -1   0   20   2   5   4   0   0   6   2   3   3   5   2   0   4  10  24   4   0   2   6  0.21 0.23
  350 S     0   0   0   2  -3   0   1   1  -1  -3  -3   1  -1   0   0   2   0  -4  -3  -2    6   4   4  14   0   2  10  10   1   0   2   9   1   6   3  18   7   0   0   1  0.20 0.19
  351 L    -1   1  -1  -2  -3   0  -1  -1  -2   0   2   1  -1  -1   3   0  -1  -3   0  -1    5   9   2   2   0   5   2   4   0   4  23   8   0   3  15  10   3   0   3   2  0.17 0.17
  352 S     0   1  -2   1   0   0   0  -1   1  -2  -3   1  -3  -2   4   2   0  -4  -3  -2    8   7   0   7   2   3   5   4   3   2   0  10   0   2  23  16   4   0   0   3  0.36 0.25
  353 R    -1   4   3  -2  -4   1   0  -2   2  -4  -1   1  -3  -3  -1  -1  -1   1   0  -2    6  31  16   1   0   5   4   3   5   0   6   6   0   0   3   3   4   2   3   2  0.38 0.29
  354 C     1   0   1   2  -2  -1   1  -1   2  -1   0   0   0  -2  -2   1  -1  -3  -1   0   14   5   8  14   1   1   7   3   6   4   9   5   2   0   0  11   2   0   1   7  0.11 0.13
  355 R     0   2   0   0  -3  -1   0   0   1   0  -1   1  -2   0  -1   3  -1  -3  -1  -2    7  11   3   5   0   0   6   6   4   6   7   8   0   5   2  27   0   0   2   2  0.15 0.18
  356 A     1   0   1  -2   1   2   1   0   0  -3  -2   0   0  -1  -1   2   0  -3   0  -2   12   4   5   0   3   9  10   7   2   1   3   4   2   2   2  24   5   0   3   0  0.18 0.19
  357 V     1   0  -1  -1  -3   0   2  -2  -2   1   1  -1   0  -1  -3   1   0  -3   0   0   10   5   2   3   0   3  16   2   0   8  17   0   2   2   0  13   6   0   4   6  0.10 0.15
  358 T     0  -1   0   1  -3  -1   1   0   0  -1  -1  -1   0  -1  -1   1   3  -3   0  -2    7   2   4  10   0   2  12   5   2   3   6   2   2   2   3  11  22   0   4   0  0.17 0.18
  359 C    -1  -1   1   3   2  -1   0  -3   2  -3  -4   0  -2   1  -1   3  -2  -3   2  -3    2   2   6  18   4   1   4   0   5   1   0   5   1   5   2  33   0   0   7   1  0.38 0.31
  360 D    -3   0  -2   5  -2  -2   3  -2   2  -5  -5  -1  -4  -2   0   2  -3  -5  -4  -5    0   4   0  40   1   0  24   3   5   0   0   2   0   2   4  14   0   0   0   0  0.84 0.45
  361 I     0  -1   1   1  -3  -1   0  -3  -2   1   0  -2   2   2  -1  -1  -1  -2   1   1    8   2   9   9   0   3   5   0   0  11   6   0   8  10   2   5   2   0   7  13  0.10 0.13
  362 S     0  -3   1   2   0  -2   0  -1  -3  -2  -4  -3  -4  -4   1   5  -1  -5   0  -2    4   0   4  12   2   0   4   4   0   2   0   0   0   0   6  54   0   0   4   3  0.66 0.43
  363 E    -1  -1   0   4  -5   0   5  -1  -3  -5  -5   0  -4  -5  -3   3  -2  -5  -4  -5    3   2   2  23   0   3  39   3   0   0   0   3   0   0   0  21   0   0   0   0  0.81 0.43
  364 D    -3  -4  -1   6  -5  -2   2   1  -3  -5  -3  -3  -5  -5   0   1  -1  -6  -5  -5    0   0   0  59   0   0  13   9   0   0   3   0   0   0   4   9   3   0   0   0  1.09 0.47
  365 E    -3   0  -2   5  -5  -1   5  -2   1  -5  -5  -2  -4  -5  -3   0  -3  -5  -4  -5    0   6   0  34   0   0  46   2   3   0   0   0   0   0   0   8   0   0   0   0  1.07 0.46
  366 E    -2  -2  -2   2  -5  -1   6  -4   1  -5  -5  -2  -4  -5  -3   1  -3  -5   0  -5    3   0   0   9   0   0  73   0   4   0   0   0   0   0   0   9   0   0   3   0  1.23 0.48
  367 D    -3  -3   4   6  -5  -1   3  -3  -2  -5  -5  -2  -4  -5  -3  -2  -2  -6  -4  -5    0   0  19  61   0   0  21   0   0   0   0   0   0   0   0   0   0   0   0   0  1.23 0.34

                      K         Lambda
Standard Ungapped    0.1317     0.3155
Standard Gapped      0.0373     0.2670
PSI Ungapped         0.1219     0.3177
PSI Gapped           0.0373     0.2670
