
Last position-specific scoring matrix computed, weighted observed percentages rounded down, information per position, and relative weight of gapless real matches to pseudocounts
            A   R   N   D   C   Q   E   G   H   I   L   K   M   F   P   S   T   W   Y   V   A   R   N   D   C   Q   E   G   H   I   L   K   M   F   P   S   T   W   Y   V
    1 M    -2  -3  -3  -4  -2  -2  -3  -4  -3   1   2  -3   8  -1  -4  -3  -2  -3  -2   1    0   0   0   0   0   0   0   0   0   0   9   0  79   0   0   0   0   0   0  11  0.97 0.22
    2 D    -2  -3  -1   7  -5  -1   4  -3  -3  -5  -5  -2  -4  -1  -3  -2  -3  -5  -4  -5    2   0   0  67   0   0  27   0   0   0   0   0   0   4   0   0   0   0   0   0  1.35 0.43
    3 A     3  -1  -2   1  -3   0  -1  -1  -3   0  -3  -2  -2  -4   3   2   0  -4  -3  -1   32   2   0   9   0   5   3   3   0   7   0   0   0   0  17  15   4   0   0   4  0.37 0.22
    4 Q    -1  -2   0   1  -4   1   2  -3   5  -4  -4   0  -3  -3   4   1  -2  -4   2  -4    3   0   4   9   0   8  12   0  20   0   0   7   0   0  19   9   0   0   8   0  0.59 0.30
    5 C     2  -3  -1  -3   6   0  -1  -1  -3  -1  -2  -2  -3  -4  -1   3   1  -4  -2  -2   17   0   2   0  21   4   4   3   0   4   3   2   0   0   3  28   8   0   2   0  0.51 0.34
    6 S     0  -1  -1  -2  -3   0  -1   1  -2  -2  -1  -2   2  -3  -2   4   0  -3   3  -3    7   4   2   2   0   3   2   9   0   1   6   1   6   0   1  38   6   0  12   0  0.38 0.35
    7 A     4  -2  -1  -2  -3   1   1  -1  -3  -4  -4  -2   0  -5   1   3  -1  -5  -4  -1   35   2   3   1   0   7   9   3   0   0   0   0   3   0   6  26   1   0   0   4  0.54 0.42
    8 K    -1   1  -1   0  -4   3   3  -4   3  -4  -3   2  -1  -3   0   0   1  -4   0  -2    3   9   1   4   0  13  21   0   9   0   1  11   1   1   5   5   9   0   3   2  0.38 0.30
    9 V     0  -1  -2  -3  -3  -3  -2  -3  -4   2   2   0   3  -3  -1  -1   0  -4  -3   3    8   2   2   1   0   0   3   1   0  13  18   6   9   0   2   4   6   0   0  25  0.32 0.27
   10 N    -1  -1   0  -2  -5  -1  -3  -1  -4  -3  -2   4   4  -5   2   2   0  -5  -2  -4    5   2   5   1   0   2   0   6   0   1   4  29  11   0   9  19   5   0   1   0  0.53 0.45
   11 A     2   1  -1  -1  -4   1  -1  -1  -4  -4  -3   1  -4  -5   1   3   1  -5  -3  -4   19   7   3   4   0   6   2   5   0   1   2   7   0   0   7  27  10   0   1   0  0.42 0.38
   12 R     2   7  -3  -5  -3  -2  -1  -1  -4  -4  -3   1   1  -6  -5  -3  -2  -6  -5  -2   15  54   1   0   1   1   4   5   0   1   3   6   3   0   0   1   2   0   0   3  1.14 0.67
   13 K    -2   2  -1   0  -6  -2  -3   3  -4  -6  -5   6  -5  -6  -3  -2  -4  -6  -3  -6    3   8   3   5   0   1   1  23   0   0   1  50   0   0   1   2   0   0   1   0  1.13 0.67
   14 R    -2   7  -3  -3  -7   2  -4  -2   1  -2  -6   0  -5  -6  -4  -3  -3  -6  -5  -3    4  65   1   2   0   8   0   3   3   2   0   4   0   0   1   2   2   0   0   2  1.57 0.84
   15 R    -1   4   0  -3  -5  -2  -1  -4   3  -2  -3   2  -4  -2  -2  -1   1  -4   5  -4    5  20   5   1   0   1   4   1   6   3   2  14   0   1   2   5  10   0  20   0  0.60 0.46
   16 K    -1   6  -2   0  -6  -1  -2  -5   2  -6  -5   4  -1  -6  -1   0  -2  -6  -3  -4    5  37   2   5   0   3   2   0   4   0   1  26   2   0   3   7   2   0   1   1  0.94 0.59
   17 E    -1   2   1   2  -5  -1   5  -5  -2  -3  -4  -1  -3  -1  -1   1  -1  -5  -5  -3    4   9   5   9   0   2  40   0   1   1   1   3   1   3   3  11   3   0   0   2  0.70 0.50
   18 A     1   0   0   0   3   0   0   0   0  -1  -1  -1   1   0  -2   1   1  -3  -1   0   10   4   5   6   8   3   6   7   2   3   3   3   4   4   1  12  11   0   2   7  0.10 0.14
   19 P    -1  -1   0   0   1   1   1  -1   1  -2  -3   1  -1  -2   4   2  -2  -5  -3  -3    4   2   4   6   3   7  10   4   4   2   2  10   2   2  21  15   2   0   1   1  0.37 0.32
   20 G    -1   4   1  -1  -4   0   0   2   2  -3  -3  -1  -2  -5  -1   2  -1  -2  -2  -3    4  21   7   3   0   3   7  17   5   2   2   3   1   0   3  14   4   1   1   2  0.35 0.31
   21 P     0  -2  -2  -1  -1   1   1  -2  -1  -3  -4  -3  -2  -3   4   1   4  -1  -2  -1    8   2   1   3   1   5   9   3   2   1   1   1   1   1  18  10  25   1   1   4  0.47 0.41
   22 N     0  -1   3   2  -4   1   1  -2   1  -2  -2  -2  -4  -5   1   2   0  -5  -4  -2    6   3  15  10   0   7  11   3   3   2   4   2   0   0   7  18   6   0   0   3  0.33 0.31
   23 G    -2  -1   1   0  -5  -2   0   4   1  -3  -3  -1  -4  -3  -1   2   0  -1  -1  -3    3   3   7   6   0   2   5  32   4   2   3   4   0   1   4  16   5   1   2   1  0.43 0.34
   24 A     1  -1  -1   1  -2  -1   1  -3  -3   2  -2  -2  -2  -2   0   1   1  -4  -2   2   13   3   3   9   0   3   9   1   0  12   2   1   0   2   5  11   8   0   1  16  0.19 0.23
   25 T     1  -2   0   0  -3   0   0  -2  -1  -2  -3  -2  -4  -2   0   3   2  -2  -1   0   11   1   5   6   0   4   6   3   1   2   2   2   0   2   5  25  15   1   2   8  0.30 0.32
   26 E    -1  -1  -1   1  -2   0   3   0  -2  -1  -2   1  -3  -3  -1   1   3  -5  -4  -1    4   4   2   7   1   4  18   6   1   3   3   7   0   1   2  11  21   0   0   5  0.30 0.31
   27 E    -1  -1  -1   1  -4   0   3  -3  -1  -3  -2   0   0  -3  -1   1   3  -5  -2   0    3   3   2   8   0   4  19   2   1   1   4   6   2   1   3  10  23   0   1   6  0.34 0.33
   28 D    -1  -1   1   4  -4   0   1   0  -1  -1  -1  -1  -1  -3   1   0  -1  -5  -4  -1    6   4   8  23   0   4   9   8   1   4   6   3   2   1   7   6   4   0   0   4  0.24 0.22
   29 G     0   1   0  -1   0   0   1   1   2  -2   0   0   0  -3  -2   2   0  -4  -3  -2    6   7   4   3   2   3  10  12   5   2  12   6   2   1   1  15   6   0   0   2  0.12 0.16
   30 V    -1   0  -2  -1  -2  -1  -1  -2  -1   3   1  -1  -1  -2   1   0   1  -4  -2   2    5   6   2   3   1   3   3   3   2  16  15   4   0   1   6   7   9   0   1  14  0.15 0.17
   31 P    -1  -2  -2  -2  -5   0   0   0  -3  -2  -1   0   1   0   5   0   0  -5  -3  -1    4   2   2   2   0   4   5   9   0   2   7   5   3   5  30   7   6   0   1   5  0.47 0.37
   32 S     0   3  -2  -1  -3   1  -2   1   1  -5  -2   1  -3  -4   2   2   2  -5  -1  -3    6  15   1   4   1   6   2  10   4   0   3   7   1   1  11  14  11   0   2   2  0.30 0.30
   33 K    -1   3  -3  -2  -2   1   0  -2   0  -2  -2   3   3  -4   0   1   1  -5  -1  -3    5  16   1   3   1   7   6   2   2   2   3  18   9   0   4  11   8   0   2   1  0.36 0.34
   34 V    -1   0  -1  -3   0   0   0  -3  -3   1   2  -1   3  -1  -1   0   0  -2  -1   2    5   6   3   1   2   3   7   2   0   6  20   3   7   2   3   7   4   0   2  15  0.14 0.17
   35 Q    -1   2   0   0  -1   3   0  -3   2  -3   0   1  -2  -2   1   2  -1  -3  -1  -3    5   9   5   4   1  15   5   2   5   1   9   8   1   2   7  14   3   0   2   1  0.23 0.25
   36 R     0   3  -2   1   0   0   0  -2   1  -1  -1   1   0  -2   2   0  -1  -4  -2  -2    8  15   1  10   2   3   7   3   4   4   7   8   3   1   9   9   3   0   1   3  0.16 0.17
   37 C     0   1   0  -1   1  -1  -1  -1   1   0   0  -1   0  -2   3   0   1   0  -2  -1    8   9   4   2   3   3   3   6   4   4   9   3   2   2  15   8   9   1   1   5  0.13 0.14
   38 A     1   1   0  -1   1   0   0   0   1  -2  -3   0  -2  -2   0   1   2  -4  -1   0   12   7   4   2   4   4   7   7   3   2   2   4   1   1   5  13  12   0   2   9  0.13 0.17
   39 V    -1   0  -1  -1  -2   0   0  -1  -1   0   1  -1   1   1   0   0   1   2  -1   0    5   4   2   4   1   5   5   4   2   6  15   4   3   6   4   9  11   3   1   6  0.05 0.09
   40 G     2  -2   0   0   2   0   0   0   2  -4  -3  -1  -1  -3   0   2   1   0  -3  -1   18   2   3   5   4   5   5   7   6   0   2   2   2   1   4  18  10   2   0   4  0.23 0.26
   41 L    -1  -1   0  -2   1   0   0  -1   3   0   1  -2   0   0   1   1   1  -3   0  -1    4   4   5   2   3   5   6   3   8   7  15   1   2   4   7  11   8   0   3   4  0.08 0.13
   42 R    -1   3   1   0   3   0   0  -2   0  -1  -1   1  -3  -2   0   0   1  -2  -1  -2    4  17   6   5   8   3   7   2   2   4   6   9   0   2   4   8   8   1   2   2  0.17 0.18
   43 Q     0   1   1   1  -3   2   3  -1  -1  -3  -2   2  -1  -2  -3   0   0  -4  -3  -1    7   7   6   7   0   8  18   5   1   1   4  14   1   2   1   6   7   0   1   4  0.24 0.23
   44 P    -1  -4   0  -5  -6  -1   0   0  -3  -3  -2  -3  -2  -2   7  -2  -2   2  -5  -4    5   1   5   0   0   2   6   7   1   2   4   1   1   2  53   2   3   3   0   1  1.27 0.73
   45 A     6  -1  -5  -3  -2  -2  -2  -3  -5  -2  -4   0  -3  -5  -3   1  -1  -2  -3   1   56   4   0   1   1   2   2   2   0   2   1   5   1   0   1   8   3   1   1   8  0.94 0.60
   46 P    -1  -1  -2  -4  -6  -3   0  -3  -2   0  -2   0  -2  -6   7  -3  -2  -6  -6  -1    6   3   2   1   0   1   6   2   1   5   5   5   1   0  52   2   2   0   0   4  1.20 0.71
   47 F    -4  -3  -1  -4  -1   0  -3  -3  -2   0   1  -4  -2   7  -3  -3  -1  -4   3   0    1   2   3   1   1   4   2   2   1   4  13   1   1  38   2   2   5   0   9   7  0.83 0.49
   48 S     2  -3   0   1  -2  -2  -1  -3   0  -4  -2  -2  -1  -3  -2   5   1   0  -2  -3   14   1   4   8   1   1   4   2   2   1   4   2   2   1   2  37   9   1   2   1  0.55 0.45
   49 D    -2   0   0   5  -1  -2   2  -3   3  -4  -5   1  -5  -4   0   0   0  -5   0  -4    4   5   5  31   1   1  12   2   6   1   1   9   0   1   5   6   6   0   4   1  0.58 0.41
   50 E    -2  -1  -2   4  -6   0   5  -4  -3  -3  -4  -3  -3   0   1   0  -3   2  -2  -3    3   3   2  19   0   3  37   2   1   2   1   1   1   5   6   6   1   3   1   2  0.77 0.54
   51 I    -1  -2   0  -1  -2  -2  -2  -2  -2   2   2  -1   1  -2   3  -1   1   0  -1   1    5   1   4   4   1   2   2   3   1  12  17   4   3   1  17   5   8   1   2   8  0.23 0.21
   52 E    -1  -1   0   0  -1   2   4   0   1  -2  -2   0  -2  -2   1   0   0  -5  -1  -3    5   3   4   5   1   9  26   8   3   2   5   5   1   1   7   8   6   0   3   2  0.28 0.28
   53 V     1   2  -1  -2   2  -2  -1  -2  -2   0   0   0  -1  -1   1   1   0  -4  -1   1   15  11   3   1   5   1   3   2   1   5   8   4   1   3   6   9   7   0   2  13  0.13 0.17
   54 D     0   0   1   2  -1   1   2  -1   1  -1  -2   1  -3   0  -2   1  -1  -2  -2  -1    8   5   6  14   1   5  15   4   3   4   5   7   0   5   1   9   3   1   1   4  0.17 0.17
   55 F     1   0  -1  -1   1   0   0  -1   0  -1   0  -1  -1   2   0   0  -1   1   2   0   12   7   3   4   4   3   6   4   2   2  11   3   1  10   4   7   3   2   7   5  0.05 0.08
   56 S     0   0   0   0   4   0   0  -2   1  -1  -1   0  -1   0   0   2   0  -4  -2  -1    6   5   4   5   9   4   6   3   3   4   5   5   2   5   4  20   6   0   1   4  0.15 0.18
   57 K    -1   1   1   2   0   1   0  -3  -1   0   0   2   0  -1   1   0   1  -2  -2  -1    5  10   6  11   2   5   5   1   1   6   9  12   2   3   6   5   8   1   1   3  0.10 0.13
   58 P     1  -1   0   0  -5  -1   0  -2  -2  -3  -3  -1  -3  -2   5   0  -1  -2   4  -5   10   3   5   6   0   3   5   2   1   1   2   3   1   2  29   7   4   1  13   0  0.60 0.45
   59 Y     0   0  -1  -2  -2  -2  -1  -3   3  -3  -3  -2  -3   1  -1   2   3   1   5  -3    7   4   3   2   1   1   4   2   6   1   3   2   1   5   4  18  18   2  17   1  0.45 0.40
   60 V    -1   0  -1  -2  -1   0   0  -2   0   2   0  -1   1   0   1   1   2   0  -1   0    3   4   3   2   1   4   6   2   2  13   7   4   4   5   6  10  13   1   2   7  0.08 0.13
   61 R    -2   5  -1  -1  -6   2   0  -3  -1  -3  -2   3  -1  -3   0  -2  -2   2  -5  -2    3  29   3   4   0   9   5   2   1   2   5  19   2   1   5   2   3   3   0   2  0.56 0.43
   62 V    -1   1  -3  -2  -2  -2  -2  -1  -2   3   1   1   0  -2   0  -1   0  -4  -1   1    4   9   1   2   1   1   2   6   1  22  13  10   1   1   4   5   6   0   2  10  0.19 0.21
   63 T    -1  -1  -1  -2  -4  -1  -3  -2  -4   3  -1  -2  -2  -2  -2   2   4  -1  -1  -1    5   3   3   2   0   2   2   4   0  16   5   2   1   1   2  15  29   1   2   4  0.42 0.39
   64 M    -1   0  -2  -3  -4   0  -1  -3  -3   1   2   0   3   1  -1  -1  -1   0   2   0    4   5   1   1   0   5   4   2   0   9  23   5   7   5   4   4   4   1   8   7  0.20 0.20
   65 E     0   0  -1   1  -5   3   4  -2   0  -1  -3   0  -4   1  -2   0  -1  -5  -1  -2    8   4   2   7   0  15  23   4   2   4   2   5   0   7   2   8   4   0   2   2  0.35 0.32
   66 E    -2  -1  -2   0  -1   3   3  -2  -2  -1  -2   0   5   4  -2  -1  -2  -5  -2  -3    3   3   2   5   1  12  17   3   1   3   2   5  13  17   2   5   3   0   1   2  0.47 0.39
   67 A     4  -2  -1  -2   0  -2  -2  -1   1  -2  -1   1  -2   0  -2   1  -2  -5  -2  -2   40   2   2   2   2   1   2   4   3   3   7   7   1   4   2  11   2   0   1   3  0.47 0.40
   68 S    -1   2   0  -1   0   1   1  -1   1   0  -1   2  -1  -2  -1   1   0  -5  -1  -2    5  12   4   3   2   5   7   5   4   6   6  13   2   2   3  12   6   0   2   2  0.14 0.16
   69 R     0   2   3   0  -1  -1   0   0   1  -3  -2   1  -1  -1   0   1  -1   1   0  -2    7  10  13   5   1   2   5   8   4   1   3   9   2   2   6  12   3   2   3   3  0.16 0.18
   70 G    -1   1   1  -1  -1  -1  -1   4  -4  -2  -2   1  -1  -2   2   0  -1  -5  -5  -2    5   7   6   4   2   3   4  30   0   3   4   8   2   2   9   6   4   0   0   3  0.34 0.28
   71 T    -1   0   1   0   0   0   0  -1   0  -1  -2   1  -1  -2   3   0   1   1  -1  -2    4   5   6   4   2   5   7   5   2   3   4   9   2   2  16   6  10   2   2   3  0.17 0.17
   72 P    -1   0   0   0  -4   0   0  -1   1  -1  -1   1   1  -4   5  -1  -1  -5  -4  -1    5   5   4   5   0   4   6   6   4   4   7   7   4   0  27   5   4   0   0   4  0.39 0.29
   73 C     0   0   0   0   2   0   0  -1   1   0  -1   0   1   0   0   0   0  -2   1   0    5   5   5   5   5   5   5   5   5   5   5   5   5   5   5   5   5   0   5   5  0.03 0.05
   74 E    -2   0   1   3  -2   0   0   1   0  -3  -3   0  -1  -1   4  -1  -1   1  -1  -2    1   5   8  16   1   3   6  11   2   1   2   7   2   4  19   3   3   2   2   2  0.32 0.19
   75 R    -2   6   0  -2  -4   0  -1   0   0  -5  -4   3  -3  -4  -2  -2  -2  -3  -4  -3    2  50   4   2   0   3   2   7   2   0   1  19   0   0   1   2   3   0   0   2  0.92 0.41
   76 P    -1   0  -2   1  -4   0  -1  -2  -2  -2  -3   0  -1  -4   6  -1   1   0  -3  -1    4   5   1   8   0   4   4   2   1   2   2   6   1   0  41   2   9   1   1   5  0.74 0.33
   77 V    -2   0  -4  -2   0  -2  -3  -4  -4   3  -1   0   1  -3  -3  -3   0  -3  -1   5    1   6   0   2   2   1   1   1   0  14   3   8   3   0   1   0   6   0   2  50  0.61 0.33
   78 R    -4   8  -1  -4  -4  -2  -2  -5  -1   0  -4   0  -4  -5  -3  -3  -3  -5  -3  -1    0  75   3   0   0   0   2   0   1   6   1   3   0   0   1   1   1   0   1   5  1.63 0.60
   79 V    -2  -5  -5  -6  -4  -5  -5  -3  -3   5   0  -5  -1  -3  -5  -4  -3  -5  -4   6    2   0   0   0   0   0   0   2   1  33   5   0   1   0   0   0   0   0   0  54  1.29 0.51
   80 Y    -5  -5  -6  -6  -6  -5  -6  -6  -3  -3  -2  -6  -1   2  -6  -5  -5   7   9  -3    0   0   0   0   0   0   0   0   0   1   4   0   1   7   0   0   0  14  68   1  2.39 0.79
   81 A     3  -4  -4  -4   4  -3  -4  -3  -4   2   0  -4   2  -3  -2  -1   0  -4  -3   3   28   0   0   0   8   0   0   1   0  12   6   0   6   0   1   3   6   0   1  26  0.54 0.31
   82 D    -1  -3   0   7  -1  -3  -1  -3  -2  -4  -6  -3  -5  -5  -3  -2  -3  -6  -4  -4    6   1   3  74   2   0   3   1   1   1   0   1   0   1   1   3   1   0   1   1  1.67 0.62
   83 G    -2  -3  -4  -4  -3  -5  -5   7  -5  -4  -5  -4   2  -5  -5  -3  -4  -5  -6  -3    1   1   0   0   1   0   0  84   0   1   0   0   6   0   0   1   0   0   0   2  1.93 0.66
   84 I     1  -5  -5  -5   7  -4  -5  -3  -5   4  -1  -4  -1  -3  -3  -2  -1  -5  -4   4   10   0   0   0  21   0   0   2   0  21   2   0   1   0   1   3   3   0   0  34  0.92 0.40
   85 F    -2  -5  -5  -6  -3  -5  -5  -2  -3  -4  -3  -5  -2   7  -5  -2  -5   2   6  -4    4   0   0   0   1   0   0   4   0   0   1   0   1  54   0   3   0   3  26   0  1.73 0.61
   86 D    -5  -5  -3   8  -6  -4  -2  -5  -5  -6  -6  -4  -6  -6  -2  -3  -5  -7  -3  -6    0   0   0  90   0   0   1   0   0   0   1   0   0   0   2   1   0   0   1   0  2.49 0.83
   87 L    -3  -5  -5  -6   0  -4  -5  -2  -5   0   5  -5   5   1  -4  -4  -3   0  -3   0    1   0   0   0   2   0   0   4   0   3  58   0  17   5   1   1   1   1   0   4  1.03 0.47
   88 F    -3  -5  -5  -6   4  -5  -6  -5  -1  -2   0  -5   4   8  -4  -3  -1  -1   0  -1    2   0   0   0   7   0   0   1   1   1   9   0   9  57   1   1   4   1   1   4  1.44 0.57
   89 H    -6  -3   0  -3  -7  -4  -4  -4  11  -7  -5  -5  -6  -6  -6  -3  -3  -6  -3  -7    0   1   3   2   0   0   0   1  86   0   1   0   0   0   0   2   2   0   0   0  3.23 1.02
   90 S     0  -3  -3  -4  -2  -1  -2  -4   2   1   0  -3  -1   4  -1   0  -1   1   4   1    9   1   0   1   1   2   2   0   5   9   8   1   1  18   3   7   3   1  19  10  0.40 0.25
   91 G    -1  -3  -2  -5  -2  -5  -5   7  -5  -6  -6  -5  -6  -6  -5  -3  -5  -6  -6  -6    5   1   1   0   1   0   0  87   0   0   0   0   0   0   0   1   0   0   0   0  2.10 0.74
   92 H    -4  -3  -4  -3  -7  -2  -4  -6  11  -7  -5  -5  -6  -3  -6  -5  -6  -6  -3  -7    1   1   0   1   0   1   0   0  91   0   1   0   0   1   0   0   0   0   0   0  3.50 1.08
   93 A     4  -4  -4  -4   0  -3  -3  -2  -4   1   0  -1   4   0  -4  -1  -2  -4  -1   2   43   0   0   1   2   1   1   1   0   6   6   5  10   5   0   3   1   0   2  14  0.54 0.37
   94 R    -3   4   5   0  -3   0   0  -1  -2  -4  -1   1  -2  -4  -4  -2  -2  -5  -4  -4    1  27  33   5   0   3   6   4   0   1   7   7   1   1   0   2   2   0   0   1  0.73 0.42
   95 A     3  -3  -3  -3  -1   4  -2  -1  -1  -2   0  -3   0   2  -3   0  -2  -4  -1  -1   32   0   1   0   1  22   0   3   2   1  10   0   2  10   0   6   1   0   2   4  0.47 0.37
   96 L    -4  -5  -6  -6  -2  -5  -6  -2  -5   2   5  -5   2   4  -6  -5  -4   1  -3  -1    1   0   0   0   1   0   0   3   0  11  59   0   5  16   0   0   0   2   0   2  1.13 0.51
   97 M    -3   5  -1  -3  -5   0   3  -5  -2  -4  -1   2   3  -5  -1  -3  -4  -2  -3  -3    1  38   2   1   0   3  20   0   1   0   8  11   9   0   3   1   0   0   1   1  0.81 0.45
   98 Q    -1  -1  -1  -3  -6   8  -2  -5  -1  -3  -3   1   0  -4  -5  -3  -2  -5  -3  -4    6   2   3   1   0  65   1   0   1   1   2   7   2   1   0   2   2   0   1   1  1.52 0.70
   99 A     6  -4  -4  -5   3  -4  -4   0  -5   0  -3  -4  -4  -5  -4  -1  -2  -5  -5   1   66   0   0   0   6   0   0   5   0   5   2   0   0   0   0   4   2   0   0   8  1.13 0.55
  100 K    -1   3  -2  -4  -2  -1  -3  -1   0  -4  -3   6  -4  -5  -4  -1  -3  -5  -1  -5    4  17   1   0   1   2   0   4   2   1   3  56   0   0   0   4   1   0   2   0  1.10 0.53
  101 N     1   0   2   0  -1   2   1  -2   0  -2   0   2  -1  -3  -3   0   0  -4  -2  -2   12   5  12   4   1  10   8   1   2   2   9  16   1   1   0   7   7   0   1   1  0.20 0.17
  102 L     1   0  -3  -4   0  -2  -3  -3  -3   0   3  -2   3   0  -4   0  -1  -1  -1   0   12   4   0   0   2   1   0   2   0   4  39   3   8   4   0  10   3   1   2   4  0.35 0.25
  103 F     0  -2  -2  -2   0  -1  -2   1  -2   0  -1  -1  -1   6  -2  -1  -2   1   1  -1    8   2   2   2   2   2   2  10   1   5   4   4   2  35   2   4   2   2   4   4  0.40 0.20
  104 P    -1  -1  -1   0  -3   0   0  -2   0  -3  -2   1  -1  -2   6  -1  -2  -3  -1  -2    4   2   3   5   1   4   5   3   2   1   4   9   1   2  41   4   2   0   2   2  0.72 0.26
  105 N    -2  -1   3   1  -1  -1  -1   4   0  -3  -3   0  -3  -2   0   0  -2  -4   0  -4    2   2  19   9   1   2   4  32   3   1   2   5   0   1   5   7   0   0   3   0  0.46 0.25
  106 T     1  -2   0   2   1  -2  -2  -1  -1   0  -1  -2  -2  -3  -1   0   2  -1  -3   3   10   1   3  12   3   1   1   4   1   3   4   1   0   0   2   7  13   1   0  29  0.21 0.19
  107 Y    -2   0  -1  -2  -1  -1   0  -1   5   0  -2  -1  -2   2  -3  -1  -1   1   4  -1    2   6   2   1   2   2   5   6  23   6   2   3   0   8   0   2   5   2  20   4  0.36 0.21
  108 L    -2  -3  -3  -3  -2  -2  -3  -3   0   1   4  -3   2   0   0  -1  -2  -2  -2   1    1   0   0   0   0   0   1   1   3   4  58   1   5   3   5   6   1   0   0  11  0.43 0.20
  109 I    -1  -1  -2  -1   0  -1   0  -3  -2   3   1  -1   1   0   1  -1   0  -2   0   2    1   4   0   3   2   0   8   1   0  28   9   3   6   3   7   3   7   0   3  13  0.13 0.11
  110 V     1  -2  -2  -3   4  -2  -2  -2  -2   1   1  -2   0   2  -2   0   0  -2  -1   2   19   1   0   1  11   0   1   1   0   7   9   1   0  14   1   6   7   0   0  21  0.15 0.09
  111 G     1  -2  -1  -2   3  -2  -2   1  -2   0   0  -2   0   1  -2   1   1  -2  -1   1   12   1   0   1  11   0   1  12   0   1  12   1   0  12   1  12  12   0   0  12  0.11 0.07
  112 V    -1  -4  -4  -4   1  -3  -2  -1  -4   2   0  -3   0  -3   1   0  -1  -4  -3   5    2   0   0   0   4   0   2   5   0  11   7   0   2   0   7   7   2   0   0  49  0.52 0.33
  113 C    -1  -1   1  -3   5  -1  -1  -3   5   1  -1  -2   0   0  -1  -1   1  -3   1   0    3   3   9   0  15   3   4   0  15  12   3   0   2   4   3   4   8   0   4   7  0.31 0.28
  114 S     0  -1   1   0   1  -1   0   0   1  -3  -3  -1   1  -1   1   2   0  -3   1  -3    5   3   8   5   3   0   4   7   4   0   1   3   5   3   8  24   4   0   6   0  0.14 0.22
  115 D    -1  -2   1   5  -4   0   0   0   2  -3  -3   0   1  -1  -3  -1  -1  -4  -3  -2    4   0   4  40   0   4   4   6   5   0   1   5   5   4   0   4   4   0   0   4  0.45 0.37
  116 E     0  -1  -1   1   1   1   3  -2   1  -2  -3   1   0  -1  -1   0  -2   3  -1  -1    8   4   3   7   2   5  19   3   3   3   3   7   2   3   3   7   3   4   2   5  0.15 0.21
  117 L    -2  -1  -1   2   1  -1   3  -2   2   0   0  -2   1  -1  -2  -1   0  -6  -1   0    3   3   3  10   3   3  18   3   5   5  11   3   3   3   3   4   6   0   3   6  0.14 0.19
  118 T    -1  -7  -7  -8   3  -7  -7  -3  -8   4  -1  -7   2  -7  -1  -2   5  -8  -7   3    5   0   0   0   6   0   0   3   0  19   5   0   4   0   3   4  31   0   0  18  1.10 0.58
  119 H     0   0   2  -3  -1  -1  -1  -3   7  -1  -1   0  -1  -2  -3   0  -1   0   1  -3    7   6   9   2   1   3   5   2  21   4   6   5   2   2   2   7   5   2   5   2  0.49 0.31
  120 N     1   2   0  -2   1   2   1  -2   0  -3  -2   4   1  -3  -2   0   0  -1  -2  -3   12  10   4   2   3   7   7   3   2   1   5  22   3   1   2   8   5   1   1   2  0.30 0.26
  121 F    -2   0   0  -3   1   0   0   0   4  -1  -1  -1   0   1   1   0  -1   2   4  -1    3   4   4   0   3   4   6   6  10   3   4   4   3   4   6   8   3   3  15   5  0.20 0.20
  122 K     0   1   0  -1   1   0   0  -1   1  -5  -2   5   1  -5   0  -1  -4  -5  -5  -5    6   6   4   4   3   4   6   4   3   0   4  41   3   0   4   4   0   0   0   0  0.67 0.44
  123 G    -2   1  -1  -3   0  -1  -5   6  -1  -3  -6  -2  -5  -2  -3   0  -1  -6   1  -3    3   7   3   2   2   3   0  51   2   2   1   2   0   2   2   7   4   0   4   2  0.92 0.55
  124 F    -1   2  -1  -2  -1   1  -1  -2   0  -2  -1   1   0   2   3  -1  -1   3   0  -2    4  12   3   2   2   6   3   2   2   2   7  10   2  10  15   5   4   4   3   2  0.27 0.23
  125 T     0  -4   0  -4   0  -4  -2  -3  -4  -1  -3  -4  -4  -5   6  -2   3  -5  -5   0    8   0   5   0   2   0   3   2   0   4   2   0   0   0  41   2  21   0   0   7  1.00 0.55
  126 V    -1  -1  -1  -3   1  -2  -3  -3   1   2   0  -1   2   1  -3  -1   0  -3   0   3    4   4   4   0   4   0   0   1   4   9   5   4   5   6   0   5   5   0   4  35  0.22 0.21
  127 M     0  -2   1  -2   3   1  -2  -2  -2   1   0  -2   2   1  -3   0   0   4   2   0    8   0   7   0   7   7   0   1   0   8   8   0   7   7   0   8   8   7   7   8  0.16 0.16
  128 N    -2  -2   4   0  -1  -2  -2  -2  -1  -3  -1  -2  -1  -3   1   2   4  -5  -4  -3    2   2  17   4   1   2   2   3   2   2   6   2   1   1   8  18  26   0   0   2  0.48 0.35
  129 E    -2   1  -1   3  -1   1   4  -2   3  -2  -1  -2   1  -2  -4  -2  -2   0  -1  -1    3   6   2  15   1   6  27   3   8   2   6   0   4   1   0   3   2   1   2   6  0.40 0.30
  130 N     2  -1   0   2  -1   0   3  -2   2  -3  -3   0  -2  -2  -1   0  -1  -1  -2  -2   16   2   5  13   1   4  21   2   5   2   2   6   1   2   2   5   4   1   1   3  0.29 0.23
  131 E    -3  -2  -2   0  -6   0   7  -3  -1  -3  -6  -4  -5  -6  -5  -2   0   0  -5  -3    2   2   2   3   0   4  66   3   2   2   1   0   0   0   0   2   6   2   0   2  1.45 0.70
  132 R     1   2  -1  -1   4   2   0  -1  -1  -2  -2   2  -1  -2  -1   0  -1  -2  -2  -1   18  18   1   1  17  17   1   1   0   1   2  18   0   1   1   1   1   0   1   1  0.24 0.05
  133 Y    -1  -1  -2  -1   4   0   1  -2   1   0   1  -1   1   0  -3  -1  -1  -2   4   0    4   3   0   3  12   3  10   4   3   4  13   3   3   3   1   4   4   0  16   6  0.20 0.14
  134 D     2   0  -1  -1   0   0   4  -2   0  -1  -1   0   0  -1  -1  -1   0  -4  -1  -1   16   5   2   3   2   2  31   2   2   3   5   4   2   2   2   3   7   0   3   3  0.28 0.23
  135 A     2  -2  -2  -3  -1   0  -1  -2   0   0   0  -2   4  -2  -1   2   1  -4  -3   0   18   1   1   0   1   4   3   2   3   6   9   1  12   1   2  19   8   0   0   6  0.25 0.23
  136 V    -2  -5  -5  -5  -4  -4  -3  -5  -5   2   3  -4   0  -1  -5  -4  -1  -5  -4   6    3   0   0   0   0   0   2   1   0   8  23   1   2   2   0   1   3   0   0  52  1.02 0.48
  137 Q     0   5  -1  -1  -2   1   1  -1  -2  -3  -1   2  -1  -2  -3   0  -2   0  -2  -2    8  34   2   2   1   6   8   4   1   1   7  10   1   2   0   6   2   2   1   3  0.44 0.29
  138 H     3  -2  -1  -3  -1  -1  -1   0   7  -2  -3  -2  -1  -2  -4   1  -2  -4  -2  -4   25   2   2   1   2   2   3   8  30   2   3   1   1   1   1  13   2   0   1   1  0.78 0.42
  139 C    -3  -5  -1  -5  10  -5  -5  -5  -5   2  -1  -5  -1  -2  -5  -2  -1  -5  -1   1    2   1   3   1  53   0   1   1   0  11   6   1   1   2   1   3   4   0   2   9  1.75 0.65
  140 R     0   0   1   0   2   1   0   0   2  -2  -1   0  -2  -3   1   0   0   3  -2  -1    6   6   6   6   6   6   6   6   6   0   6   6   0   0   6   6   6   6   0   6  0.11 0.13
  141 Y    -1  -3  -3  -1   1  -1  -3  -2   1   1  -1  -1   1   0  -1   0  -3   8   4  -1    4   0   0   3   3   3   0   4   3   8   4   3   3   3   3   8   0  24  18   4  0.72 0.35
  142 V     1  -2  -2  -2   3  -2  -2   0  -2   1   0  -2   2  -2   2   0   1  -3  -2   1   10   0   0   0   9   0   1  10   0  10  10   1   9   0  10  10  10   0   0  10  0.14 0.10
  143 D    -2  -2   1   4   1   0   0  -1   1  -3  -3   0   2  -3   2   0   1  -3   0  -3    1   0   4  32   4   4   4   4   4   0   1   4   8   0   9   6   9   0   4   1  0.35 0.22
  144 E     0   2  -1   0   0   1   3  -2   0  -2  -2   2  -1   1  -2  -1   0  -3   0  -2    6  10   2   3   2   7  24   2   2   2   3  14   2   7   0   2   5   0   2   2  0.22 0.19
  145 V     0  -4  -4  -4   1  -3  -4  -4  -4   2   0  -3  -1   2  -4   1   0  -4  -2   5    8   0   0   0   4   0   1   1   0  12   4   0   0   8   0  10   4   0   0  45  0.56 0.31
  146 V    -1  -2  -2  -2  -1  -2  -2  -4   1   4   0  -3   0   1  -4  -2  -1  -3   0   4    3   2   2   2   1   2   2   1   3  32   7   0   2   5   0   2   2   0   3  29  0.48 0.28
  147 R    -1   1  -2   1   0  -1   2  -3   0   1  -2   0  -1  -2   4  -1   0   0  -1  -1    6   9   1   7   2   3  15   2   2   7   3   4   1   1  19   3   6   1   2   5  0.29 0.26
  148 N    -1  -2   4   4  -2  -1  -1   2   2  -4  -5  -1  -2  -3   0  -2  -2  -5   0  -3    5   2  17  25   1   3   3  17   5   1   1   3   1   1   5   3   2   0   3   2  0.58 0.40
  149 A     5  -5  -1  -3   5  -5  -3  -1  -2  -1  -3  -5  -2  -3   0   1   0  -6  -3   1   41   0   2   2  10   0   2   5   1   3   3   0   1   1   4   8   6   0   1   9  0.67 0.48
  150 P    -4  -3  -6  -2   0  -6  -2  -4  -7  -4  -4  -3   1  -7   8  -1  -2  -7  -7  -3    2   1   0   2   2   0   3   2   0   1   2   2   3   0  68   4   3   0   0   2  1.94 1.03
  151 W    -4  -3  -6  -4  -1  -3  -3  -6  -5  -3   0  -2  -1   3  -3  -3  -3   9   7  -3    2   1   0   1   1   1   2   0   0   2   8   2   2  11   2   2   2  27  32   2  1.68 0.83
  152 T    -1  -1   0   0   0  -1   0  -1  -1   1  -1  -1   0   0  -1   0   1   1   1   2    3   3   4   5   2   2   6   4   1  10   4   3   2   5   3   6   8   2   5  20  0.09 0.13
  153 L    -2  -5  -3  -3   1  -4  -4  -5  -3   3   2  -4   3  -2   1  -3   2  -5  -1   3    3   0   1   2   3   0   1   0   1  18  17   0   7   1   8   2  14   0   2  17  0.48 0.38
  154 T    -2  -1   1   2  -7  -1  -1  -2   1  -7  -3  -2   1  -1  -1   1   4  -7   0  -2    3   3   6  12   0   4   4   3   3   0   3   3   3   3   3  11  26   0   3   3  0.42 0.40
  155 P    -1   0   0   0   2   0  -1  -1   2   0  -1   0   2   0   0  -1   0   3   1  -1    5   5   5   5   5   5   5   5   5   5   5   5   5   5   5   5   5   5   5   5  0.03 0.09
  156 E     0  -1  -1   3  -5   1   5  -2  -1  -5  -5   1  -1  -3  -1  -1  -2  -5  -1  -3    7   2   2  17   0   5  34   2   1   0   0   7   2   1   3   3   2   0   2   1  0.53 0.46
  157 F    -2  -3  -2  -3   1  -3  -5  -3  -1  -1   0  -3   2   6  -5  -3  -1   3   2  -1    3   1   2   1   3   1   0   1   1   4  10   2   5  39   0   1   4   4   7   3  0.72 0.50
  158 L    -1  -3  -3  -1   1  -2  -1  -1  -3   2   3  -1   3   0  -3  -2   0  -3   0   1    4   0   0   4   4   0   4   4   0  11  29   4   8   4   0   0   7   0   4   7  0.17 0.22
  159 A    -1   0   2   2   0   0   2  -1   1  -1  -1   0   0  -3  -2   0   0  -3  -2  -1    5   5   9  14   3   3  15   3   3   5   4   5   4   0   0   8   4   0   0   4  0.11 0.16
  160 E     0   1   0   0  -1   1   2  -2   1  -3  -3   3  -3  -2  -1  -1  -1   1  -1  -3    7   6   4   4   1   7  17   2   3   2   2  24   0   2   3   4   3   3   2   0  0.25 0.28
  161 H    -1  -1   0  -3   2   0  -2  -3   6  -1  -1  -1   0   0  -3  -1   0   2   4  -1    4   3   4   0   4   5   0   0  21   3   7   3   3   4   0   3   6   3  14   4  0.34 0.35
  162 R     0   0   1   0   2   1   0   0   2  -2  -1   0   1  -2   1   0   0  -3   1  -2    6   6   6   6   6   6   6   6   6   0   6   6   6   0   6   6   6   0   6   0  0.05 0.14
  163 I     0   0   0   0   2  -1  -1   0  -2   0   0   0   1   1  -2   0   0  -2   1   0    6   6   6   6   6   0   0   6   0   6   6   6   6   6   0   6   6   0   6   6  -0.00 0.10
  164 D    -1   0   0   5   0   0   0  -2   2  -2  -2  -1  -4  -1  -1  -1  -1   2   0  -4    4   5   3  34   3   3   6   3   5   3   5   3   0   3   3   3   3   3   3   0  0.38 0.36
  165 F    -1  -1  -1  -4   0  -3  -2  -4   1   0   0  -1   0   4  -4  -1  -1   2   4   0    3   3   3   0   2   0   3   0   3   5   9   3   2  19   0   4   4   3  19   8  0.33 0.32
  166 V    -1  -3  -4  -4   4  -2  -4  -2   0   1   0  -1   1   0  -4  -1  -1   2   0   4    5   0   0   0  10   2   0   3   3   8   8   3   3   3   0   4   3   3   4  33  0.33 0.34
  167 A     3  -1  -3  -4   4  -1  -3  -1  -3   1  -1  -3  -1   0  -3  -1   0   0  -1   3   24   3   0   0  10   2   0   3   0   7   2   0   1   4   0   2   5   1   2  24  0.30 0.35
  168 H    -3   1  -1  -4   1   0  -2  -5   9  -1  -3  -3  -2   0  -3  -4   0  -5  -1  -3    2   6   2   0   3   3   2   0  52   4   3   1   1   4   1   0   5   0   1   2  1.26 0.73
  169 D     0  -2  -1   3  -1  -3  -1   4  -3  -2  -2  -1  -3  -4  -2   0  -1  -4  -4  -3    7   2   2  17   2   0   3  38   0   3   4   3   0   0   2   6   4   0   0   0  0.45 0.37
  170 D     0  -2   2   5   1   0   2  -1   0  -3  -3  -2  -1  -3   0   0  -1  -4  -4  -3    7   2   9  32   3   3  11   5   2   2   2   1   1   1   5   5   3   0   0   1  0.38 0.34
  171 I    -1  -1   1   4   0  -1   1  -1  -1   1  -1  -1  -2  -2  -2   0   1  -1  -2  -1    4   3   5  28   2   1   7   4   1   8   5   2   1   2   2   5   8   1   1   3  0.21 0.25
  172 P    -1  -2  -1   0  -3  -3  -1  -3   0   2  -1  -2   0  -2   5   0  -1   0   0  -1    4   2   3   5   0   0   3   1   3  13   5   2   3   1  27   9   4   2   3   4  0.35 0.31
  173 Y    -1  -1  -2   0   2  -1   0  -4   0   0  -2  -2  -3   0   0   0   2  -1   4   0    4   3   1   5   5   2   7   1   2   5   3   1   0   3   5   6  14   1  20   8  0.22 0.29
  174 S     0  -1  -1  -1   1   0  -1  -2   0   0   0  -1   0   0   1   0   1  -1   0   0    8   2   3   2   3   5   4   2   2   5  11   3   2   5   8   6  11   1   3   9  0.01 0.09
  175 S     0  -1   0   2   3   0   0  -1   0  -1  -1  -1   0  -1  -1   1   1  -4  -1   0    7   3   4  11   6   3   4   4   3   3   6   3   3   3   3  13   9   0   3   6  0.05 0.15
  176 A     0   0   0   1   1   0   1   0   0  -1  -2  -1   0  -1   2   0   0   1  -3  -1    9   4   3   8   3   3  12   7   3   3   3   3   3   3   9   6   6   3   0   4  0.06 0.13
  177 G    -1  -2   2   4  -5   1   1   2   0  -3  -3   0  -1  -2  -1   0  -1  -5  -1  -3    4   2   9  21   0   6   7  16   2   1   3   4   2   2   3   6   3   0   2   2  0.28 0.32
  178 S    -2  -2  -1   0   1  -1   0   4   2  -1  -2  -1   1  -1  -2   0   0   0   0  -2    3   2   2   4   3   3   6  28   4   4   4   4   4   2   2   8   5   1   3   2  0.21 0.27
  179 D    -2   0   1   4  -2   0   2  -1  -1  -2  -2   1  -2  -3  -2   0   0  -5  -2  -1    2   5   6  20   1   5  14   4   2   2   4   9   1   1   1   5   6   0   1   4  0.24 0.30
  180 D     0   0   0   0   2   0   0  -1   1   0  -1   0   1   0   0   0   0  -2   1   0    5   5   5   5   5   5   5   5   5   5   5   5   5   5   5   5   5   0   5   5  -0.00 0.06
  181 V    -1   0  -2   0   2   0   0  -1   1   0  -1   0   1   0   0   0   0   3   1   0    5   5   0   5   5   5   5   5   5   5   5   5   5   5   5   5   5   5   5   5  0.02 0.11
  182 Y    -1  -1  -1  -1   1  -1  -5  -5   1  -4  -1  -5   1   2  -5  -2   0  -3   7  -1    6   3   3   4   3   3   0   0   3   0   6   0   3   7   0   4   6   0  37   3  0.79 0.56
  183 K     1   1  -1  -1   2   0   1  -1   1  -1  -2   1  -2   1   0   0  -1   2   0  -1   12   8   3   3   6   3   8   4   5   3   4   9   0   6   3   5   3   3   3   3  0.05 0.12
  184 H    -1   0  -1   0  -1   0   1  -2   2   0   0   0   0   1   0  -1  -1   2   0   1    4   5   3   5   2   5   8   2   5   6  10   5   2   6   5   3   2   3   3  11  0.01 0.08
  185 I     0  -1   0  -1   1  -2  -1  -1   0   0   0  -2   0   1   2   0  -1   2   0   0   10   3   5   3   3   0   3   3   3   5  10   0   3   8  12   6   3   3   3   9  0.06 0.14
  186 K    -1   2   0  -1   1   0   0  -4   1  -1  -1   4   0  -1  -3  -1  -1  -4   0   0    3  10   5   3   3   3   6   0   3   4   5  29   3   3   0   4   3   0   3   6  0.23 0.30
  187 E     0   0   0   0  -2   1   0   0   1   0  -1   0   1  -2   1   0   0  -2   1   0    6   6   5   6   0   5   6   6   5   6   6   6   5   0   6   6   6   0   5   6  0.02 0.08
  188 A     2   1  -1  -1   0   0   0  -1   1  -1  -1   1   2  -3   0   0  -1   1  -2  -1   20   7   3   3   2   5   5   4   4   3   7   8   7   0   5   5   3   2   0   3  0.05 0.15
  189 G     0   1   1   1  -2   1   0   0   2   0  -1   0  -1  -2  -2   0   0  -3  -2   0    7   7   7   7   0   7   7   7   6   7   7   7   0   0   0   7   7   0   0   7  0.03 0.08
  190 M     0   0  -1   0   2   0   0   0   1   0   0   0   1   0  -2   0   0  -2   1   0    6   6   0   6   5   5   6   6   5   6   6   6   5   5   0   6   6   0   5   6  0.00 0.09
  191 F    -1  -3  -4  -4  -4  -3   0  -1  -3   0   1   0   2   5  -4  -3  -1  -2   3   0    5   0   0   0   0   0   7   4   0   5  12   5   6  28   0   0   4   0   9   5  0.38 0.32
  192 A    -1   2  -1  -2   0   0  -1  -2   0   1   0   1   0   0  -3   0   0   1   0   1    3  13   2   0   2   3   3   2   2   8   9  12   2   5   0   8   5   2   3  11  0.05 0.14
  193 P     0  -1  -1   0   0   0   1  -2  -1   0  -1  -1   1  -2   3  -1   1  -3   0   1    7   3   1   5   3   3  12   2   2   7   5   3   3   2  13   4   8   0   3   9  0.08 0.15
  194 T    -2  -4  -1  -4   1  -4  -2  -4  -4   2   1  -4   1   2  -1  -2   4  -4  -3   1    3   0   4   0   3   0   2   0   0  14  11   0   3  10   2   2  26   0   0  10  0.37 0.36
  195 Q    -3   1  -2   0  -2   3   1  -3  -1  -3  -4   4  -1  -3   4  -2  -2  -5  -3  -3    2   7   1   5   1  15   8   2   1   1   2  22   2   1  19   2   2   0   1   1  0.54 0.45
  196 R    -3   7  -2  -4  -2  -3  -2  -4  -1  -3  -5   1  -1  -2  -3   0  -1  -5   2  -5    2  51   1   0   1   0   2   1   1   2   1   8   2   1   2   6   3   0   8   1  1.01 0.64
  197 T    -2  -3  -1  -3   0  -4  -2  -2  -2  -2  -3  -1  -2  -1  -1  -1   6   2  -1  -2    2   1   3   1   2   0   2   4   1   2   2   5   1   3   4   4  50   2   3   3  0.76 0.57
  198 E    -2  -2   1   1  -1   1   4  -2  -1  -3  -3   0   0  -1   1   0  -1  -1  -2  -3    3   2   7   7   2   6  28   3   2   1   3   6   2   3   8   7   4   1   1   1  0.30 0.33
  199 G    -3  -4   0   0   0  -2  -3   6  -1  -3  -3  -2  -5  -2  -2  -1  -1  -1  -1  -3    2   1   4   5   2   1   2  50   1   1   3   2   0   2   2   5   4   1   2   2  0.77 0.53
  200 I    -3  -6  -6  -6  -1  -5  -3  -4  -6   6   1  -2   3  -2  -6  -3  -1  -1  -1   3    1   0   0   0   1   0   2   1   0  40  10   2   7   1   0   2   3   1   3  20  0.88 0.56
  201 S    -3  -5  -2  -3  -1  -2  -3  -5   0  -6  -6  -2   0  -6  -5   6   3  -7  -6  -6    1   0   2   2   1   2   1   0   2   0   0   2   2   0   0  61  16   0   0   0  1.38 0.90
  202 T    -2  -3  -1  -5  -5  -3  -5  -3  -6  -5  -2  -5  -5  -6  -3   0   7  -6  -1  -1    4   1   3   0   0   1   0   2   0   0   5   0   0   0   1   6  65   0   2   3  1.42 0.88
  203 S    -1  -3   0   0  -5  -1  -1  -2  -5  -5  -4  -3   1  -6  -4   4   5  -6  -3  -5    4   1   4   4   0   2   4   3   0   0   1   1   3   0   1  28  34   0   1   0  0.76 0.60
  204 D    -3  -2   0   6  -3  -1   2  -2  -3  -3  -4  -1  -2  -6  -3  -1   0   3  -4  -4    2   2   5  45   1   2  13   2   0   2   2   4   1   0   1   4   7   5   1   1  0.94 0.54
  205 I    -4  -4  -6  -6  -2  -6  -6  -7  -6   6   3  -6  -1  -1  -2  -5  -3  -6  -3   2    1   1   0   0   1   0   0   0   0  44  30   0   1   3   2   1   1   0   1  14  1.22 0.60
  206 I    -2  -4  -6  -6  -2  -2  -5  -6  -6   6   1  -4   0  -1  -5  -3  -3  -5  -4   4    4   1   0   0   1   2   0   0   0  43  11   1   2   3   0   2   1   0   0  28  1.10 0.56
  207 T     0   0   1   0   2   1   0   0   2   0  -1   0   1  -2  -2   0   0  -3   1   0    6   6   6   6   6   6   6   6   6   6   6   6   6   0   0   6   6   0   6   6  0.05 0.09
  208 R    -1   6   0  -4  -5   0  -1  -1   1  -1  -4   1   1  -5  -1  -1  -1   2  -4  -4    4  48   4   0   0   4   4   4   4   4   0   5   3   0   4   4   4   3   0   0  0.79 0.49
  209 I    -1  -4  -4  -4  -3  -3  -4  -1  -4   5   1  -1   3   0  -4  -3   0  -4  -3   2    4   0   0   0   0   0   0   5   0  46  10   4   9   4   0   0   5   0   0  10  0.63 0.35
  210 V    -1  -1  -1  -3  -3  -1  -2  -2   0   2   3  -2   1   1  -3  -3  -1  -3  -2   2    3   3   3   0   0   3   3   3   3  15  31   2   3   5   0   0   2   0   0  19  0.28 0.21
  211 R    -1   3   0  -1  -3   2   0  -2   2  -1  -1   2  -1  -1  -3   1   0  -3  -1  -2    5  18   4   3   0   8   6   3   6   3   4  14   1   2   0  15   5   0   1   2  0.22 0.19
  212 D    -2   1   3   4   1   0   0   0   2  -2  -2  -1   0  -3  -2  -1  -2  -4   1  -2    3   9  16  22   3   4   4   7   4   2   3   2   3   0   2   4   1   0   6   2  0.31 0.24
  213 Y    -2   2  -2  -2  -1  -1  -2  -3   1  -3  -1  -1   0   0  -1   0   1   0   6  -2    3  14   1   2   1   3   2   2   3   1   5   3   2   3   3   6   9   1  32   3  0.55 0.36
  214 D    -2   1   2   4  -4   0   2  -2   2  -3  -1   1  -2  -2  -2  -1  -1  -4  -1  -2    3   7   8  26   0   3  13   3   4   2   6  10   1   1   2   3   2   0   2   2  0.37 0.26
  215 V     0  -1   0   1  -2   2   2  -2   1  -1   0   1   1  -3  -3   0   1  -3  -1  -1    7   2   5   9   1  12  15   2   4   4   9   8   4   0   0   4   8   0   1   5  0.16 0.16
  216 Y    -2  -1  -2  -1  -2  -3  -2  -5   5  -2  -2  -3  -1   4  -1  -3  -4   1   7  -3    3   4   2   4   1   1   3   1  12   3   3   1   2  14   3   2   1   2  38   2  1.02 0.52
  217 A    -1  -1  -1   0  -1   0   1  -2   2   1   1   0   0   0  -2  -1  -1  -3  -1   2    4   3   3   4   1   4  12   3   7   9  11   6   2   3   1   4   3   0   2  17  0.08 0.12
  218 R     1   3   0   0  -2   1   1  -3   1  -1  -1   2   3  -2  -2   0  -1  -2  -2  -2   10  18   4   4   1   5   9   2   4   3   5  11   8   1   1   6   4   1   1   3  0.21 0.20
  219 R    -5   7   0  -2  -1   0  -1  -4  -1  -4  -4   1  -5  -3  -5   0  -3  -6  -1  -5    1  57   3   3   1   3   5   1   1   1   2   8   0   1   0   8   1   0   2   0  1.27 0.66
  220 N    -4  -2   7   0  -2   2  -2  -4   1  -4  -4  -2  -2  -3  -4   2  -2  -6  -3  -2    1   2  47   5   1  10   2   0   3   1   2   2   1   1   1  16   2   0   1   3  1.12 0.64
  221 L     0   0  -2  -1  -2   0  -1  -2   1   1   3  -1   1   1  -3  -1  -1  -3  -2   0    7   5   1   3   1   5   4   3   3   6  33   4   2   8   1   5   3   0   0   5  0.17 0.19
  222 Q     0   1   0   1  -4   2   2  -3  -1  -3  -2   3  -2  -3  -3   1  -1   0  -1  -2    9   6   4   8   0  11  13   1   1   2   3  20   1   1   1  10   3   1   2   2  0.31 0.27
  223 R    -3   6   0  -3  -4  -2  -2  -2  -2  -3  -3   4  -1  -6  -3   0  -3  -6  -5  -3    1  43   4   1   0   1   2   3   1   2   2  27   2   0   1   7   1   0   0   2  1.09 0.62
  224 G     0  -1   1  -2  -4   1   0   5   1  -4  -2  -1  -1  -3  -3   0  -1  -4  -4  -3    6   3   5   1   0   8   5  45   3   0   5   4   1   1   1   6   3   0   0   2  0.62 0.38
  225 Y     0  -2  -2  -3  -1  -1  -1  -2   0   0   0   0  -1   1  -2  -1  -1   1   5   1    9   2   1   1   1   3   5   3   2   5  11   6   1   6   2   5   3   2  22  10  0.23 0.21
  226 T     0  -1   0   0  -1  -2   2  -2   0  -3  -3   0  -2  -5  -1   4   3  -5  -2  -3    5   4   4   4   1   1  11   2   2   1   2   6   1   0   2  31  20   0   1   2  0.46 0.40
  227 A     2   3  -1  -2  -3  -1   2   1   1  -3  -3   0  -3  -3   1   1  -1  -1  -2  -3   17  17   2   1   0   2  16  10   4   2   2   4   0   1   8   9   2   1   1   2  0.30 0.28
  228 K    -1   1   0   1  -3   2   1  -3   0  -4  -4   5  -4  -5  -4   0  -1  -5  -1  -3    5   7   4   7   1   8   9   1   2   1   2  42   0   0   0   5   3   0   3   2  0.69 0.46
  229 E    -2  -1  -2   4  -6   0   5  -4  -4  -4  -4   1  -3  -4  -2   0  -1  -1  -5  -2    2   3   1  19   0   3  44   1   0   1   1   7   1   1   2   7   4   1   0   3  0.89 0.56
  230 L     0  -1  -1  -3  -3  -1  -1  -2  -1   0   3  -1   2   0   0   0  -1  -3   3  -1    6   3   3   1   0   3   3   3   1   4  28   3   7   2   5   9   3   0  11   4  0.19 0.22
  231 N     0  -1   5  -1  -4   0  -1   1   0  -1  -2  -1  -2  -2  -1   0   0  -4   3  -4    9   3  28   2   0   4   4  10   2   4   3   2   1   2   3   5   5   0  12   0  0.38 0.33
  232 V     0  -1   0  -1  -3  -1   1   0  -2   1   1   0   1  -2  -2  -1  -2  -3  -1   2    9   2   4   3   0   2  10   8   1  10  12   5   4   0   1   5   1   0   2  21  0.11 0.16
  233 S     0   0  -1  -1  -1   1   0   1  -3  -2  -4   2  -3  -4  -1   4   1  -5  -3  -4    7   4   3   2   1   6   5  12   0   3   1  13   0   0   3  32   7   0   1   0  0.40 0.34
  234 F    -1   0  -2  -1  -1   0   0  -2   1  -1   0   0   1   3   1   0  -1   3   2  -1    6   6   1   2   2   3   6   3   3   3   7   7   4  14   7   6   2   5   8   5  0.12 0.14
  235 I     0  -1  -3  -2  -3  -1   0  -3  -1   1   2   0   1   1  -1   0   0   0   2   1    7   4   0   2   0   2   7   0   1   6  21   6   3   8   2   6   6   1   8  10  0.11 0.14
  236 N    -1   1   2   0   0   0   1   0   0  -2  -3   4  -1  -2  -1   0   0  -4   0  -3    4   6   9   4   2   3  10   6   2   2   1  28   1   2   2   6   7   0   3   2  0.27 0.24
  237 E     2   0  -1  -1  -5   0   5  -1  -3  -3  -2   1   1  -4  -4   0  -1  -5  -4  -2   15   5   2   3   0   3  39   4   0   1   3   7   4   1   0   6   3   0   0   3  0.52 0.40
  238 K    -2   2   2  -1  -3   2   1  -2   0  -3  -3   4  -3  -3  -3   0   0  -3  -3  -1    3   9  12   3   0  11   8   3   2   1   3  28   0   1   1   6   5   0   1   4  0.42 0.33
  239 K    -1   3  -1  -1  -3   1   2  -3  -3  -4  -3   4  -2  -2  -2   2  -2  -1  -2  -3    4  17   2   2   1   6  16   2   0   1   2  26   1   2   1  14   1   1   2   1  0.51 0.39
  240 Y    -3  -1  -2  -4  -4   1  -1  -4   0   2   2  -1   1   1  -4  -1   0  -2   4   0    1   3   1   0   0   8   4   1   2  13  23   3   4   6   0   4   5   0  17   5  0.35 0.29
  241 H    -1   3  -2   0  -4   2   1  -2   2  -1  -2   2  -2  -1  -1   0   0  -4   1  -1    3  16   1   5   0  11   7   3   5   3   3  16   0   3   2   5   6   0   5   4  0.24 0.22
  242 L     0  -3  -4  -4   1  -2   0  -2  -2   2   3  -2   2   1  -3  -2  -1  -3  -1   2    7   1   0   0   3   1   7   3   1  14  28   2   5   7   1   2   4   0   2  12  0.27 0.23
  243 Q     0   0   0   0   2   1   0   0  -2  -2  -1   0   1  -2   1   0   0   3   1  -1    6   6   6   6   6   6   6   6   0   0   6   6   6   0   6   6   6   6   6   6  0.09 0.13
  244 E    -1   1   1   0  -3   0   0  -1   1   0  -1   1   2  -2  -1   0   1  -3   0  -1    5  10   9   6   0   4   6   4   3   7   4  12   8   0   3   4   9   0   3   3  0.10 0.15
  245 R    -1   2   1   0  -3   1   0   0   3  -2  -1   2   0  -1  -1   0  -1  -3   0  -1    5  10   7   3   0   5   5   7   8   2   5  15   2   3   3   8   3   0   4   3  0.13 0.15
  246 V    -1  -1  -3  -2  -3  -1  -2  -2   0   2   2  -1   4   2  -4  -2  -1   1   1   1    3   4   0   2   0   3   2   3   2  13  18   5  12   9   0   3   3   2   5  12  0.22 0.22
  247 D     0   0   0   3  -1   0   2   0   0  -2  -3   2  -1  -4  -3   0   0  -4  -1  -2    8   5   4  22   2   4  11   7   2   2   2  14   1   0   0   7   4   0   2   3  0.26 0.25
  248 K    -1   2   0   1  -4   1   2  -2   0  -2  -3   3   0  -2   0   0   0  -4  -3  -2    5  13   5   7   0   5  15   3   2   2   2  20   2   2   3   7   5   0   0   2  0.28 0.26
  249 V    -2  -2  -4  -3  -3  -4  -2  -3  -1   2   3  -4   3   2  -4  -2  -1   3  -1   2    2   2   0   1   0   0   2   3   1   9  36   0   9   9   0   3   3   5   1  13  0.48 0.35
  250 K    -1   3  -1  -3  -4   1  -1   0   0  -3  -2   4   1  -4  -1   0  -1  -1  -2  -1    4  19   2   0   0   7   3   7   2   1   4  27   3   0   3   6   3   1   1   5  0.36 0.32
  251 K    -1   1   1   2  -1   1   3  -1   0  -1  -3   2  -3  -4   0   0   0  -4  -3  -3    3   7   6  13   1   6  19   3   2   4   2  15   0   0   3   6   6   0   0   0  0.30 0.26
  252 K    -1   2   1  -1  -3   2   0  -2   0  -3  -2   3  -1  -1  -1   1   0  -3   0  -2    5  11   5   3   0   9   6   2   2   1   3  25   1   2   3  12   6   0   3   2  0.28 0.25
  253 V    -1  -2  -3  -4  -1  -2  -3  -2  -1   3   1  -3   1   1  -3  -2  -1   0  -1   3    5   2   1   1   1   1   2   4   1  22  15   1   3   6   1   2   3   1   1  25  0.34 0.26
  254 K     0   3  -1  -1  -3   1  -2  -1   1  -2  -2   4  -1  -3  -2   0   2  -4  -2  -2    6  15   2   4   0   5   1   4   3   2   3  29   2   1   1   6  13   0   1   2  0.36 0.29
  255 D    -2   1   1   3  -2   1   3  -1   0  -3  -3   1  -3  -1  -1   0   0  -3  -3  -3    2   6   8  18   1   7  20   4   2   1   2   8   0   3   3   7   7   0   0   2  0.32 0.24
  256 V     0  -1   0  -1  -2   1   0  -1   1   0   0   0   1   1  -2   0   0   0   0   1    7   3   5   2   0   9   7   4   3   5  10   4   5   7   1   5   5   1   4  13  0.04 0.08
  257 E     0   0   0  -1  -2   2   2  -1  -1   0   0   1   0   0  -1   0  -1   2  -1  -1    6   5   5   2   0  11  15   4   1   8   8   7   3   5   2   5   4   3   1   3  0.09 0.12
  258 E     0   1  -1   1  -3   1   3  -1   1  -3  -1   0  -1  -3  -1   0   1  -3  -1  -1    6   7   2   8   0   7  27   4   3   1   7   4   1   1   2   5   9   0   2   4  0.24 0.21
  259 K    -1   2   2   1   0   1   1  -1  -2  -2  -2   4  -1  -3  -2   0   0  -3  -3  -2    3   9   9   7   2   6   7   5   0   3   3  29   2   1   1   5   4   0   0   3  0.29 0.24
  260 S     0  -2   1  -2   0  -1  -1   1  -1   0   0  -1  -1   0  -2   2   1   1  -1   1    5   2   7   1   2   2   3   9   1   6   9   3   1   3   1  18   9   2   2  14  0.08 0.12
  261 K    -1   2   1  -1  -1   0   1   0   0  -2  -3   4   0  -3  -2   0   1  -3  -3  -2    3   9   8   2   1   4  10   7   2   3   2  27   3   1   2   7   7   0   1   1  0.29 0.24
  262 E    -1   0   3   2  -3   1   3  -2   2  -3  -2   1  -1  -2  -1   0   0  -3  -2  -3    5   5  15  11   0   7  18   2   5   1   3   9   2   1   2   7   5   0   1   2  0.30 0.23
  263 F     0   0  -1  -1  -2   0   0   0   0   0   1   1   0   2  -2  -1  -1   3   0   0    8   4   3   2   0   3   6   7   2   5  15  10   2  11   1   4   2   5   2   6  0.06 0.09
  264 V     0  -1  -1  -1  -1   0  -2  -2  -1   2   0  -1   0   0  -3   0  -1   3   1   2    6   4   2   3   1   3   2   3   1  16   9   5   2   2   1   6   4   4   7  20  0.13 0.15
  265 Q    -1   1   1   2   0   3   1  -1   0  -2  -2   1  -2  -1  -1   0   1  -1   0  -1    5   6   5  10   2  15   9   5   2   1   4   8   0   3   2   5  10   1   3   3  0.15 0.15
  266 K     0   1   1   1  -3   0   2   0  -2  -1  -2   2  -2  -2  -2   0   1  -3  -1  -1    5   9   7   7   0   3  12   7   0   5   4  14   0   2   1   8  11   0   2   3  0.15 0.15
  267 V     0  -2  -3  -2  -2  -1  -2   0  -3   2   1  -1   0   2  -2  -1   0   1   0   2    7   2   1   2   1   3   2   7   0  15  16   3   2   9   1   2   7   2   2  17  0.14 0.15
  268 E     0   2   0  -1  -2   1   2   1  -1   0  -1   0   0  -2  -2  -1  -1  -1  -1  -1    7  14   4   3   1   8  17  12   1   5   5   6   2   1   1   3   3   1   2   3  0.14 0.15
  269 E    -1   0   2   2  -4   1   4  -1  -1  -3  -3   1  -3  -1  -3   1  -1  -4  -2  -1    3   3   9  10   0   5  30   4   1   1   3   7   0   4   1  10   3   0   1   4  0.38 0.29
  270 K    -1   2   0  -1  -3   0   2  -1  -1  -1   1   3  -1  -2   0  -1   0  -3  -2  -2    3  12   5   2   0   4  12   4   1   3  15  22   1   1   4   4   6   0   1   1  0.21 0.21
  271 S     0   1   0  -2  -2   0  -2   0  -2   0   0   1  -1   0  -1   2  -1  -3   0   0    8   9   4   2   1   3   1   8   0   8   8  11   1   5   2  19   2   0   4   7  0.09 0.15
  272 I    -1   2   1   0  -2   0   0   0   2  -1  -1   1   0  -1  -2   0   0  -3  -1   0    3  11   8   4   1   4   5   8   8   4   6  12   4   3   0   4   7   0   2   6  0.09 0.11
  273 D    -1  -1   0   4  -5   1   4   0  -2  -1  -3   1   2  -3  -3  -2  -3  -4  -2  -2    4   2   3  25   0   6  26   7   1   4   2   7   6   1   1   2   0   0   1   2  0.52 0.38
  274 L    -1   0  -1  -3  -3  -1  -2  -3   1   2   2  -1   3   2  -3  -1   0  -3  -1   0    6   5   3   0   0   2   2   1   5  11  25   4   8   9   0   5   6   0   1   6  0.21 0.20
  275 I    -2   1  -3  -3  -3  -2  -2  -3  -1   3   3  -1   1   1  -1  -3  -1  -3   0   1    2  11   0   2   0   1   2   2   1  19  27   5   3   7   3   1   3   0   3  10  0.29 0.24
  276 Q    -2   0   2   1   0   3   2  -1   3  -3  -1   1  -2  -2  -3   0  -1  -4  -2  -2    3   5  11   8   2  17  14   4   7   0   6   7   1   2   0   7   4   0   1   2  0.29 0.26
  277 K    -1   1   0  -1  -4   0   2  -1  -1  -2  -1   3  -2   1  -2  -1   0  -2   1  -2    3   9   5   3   0   3  12   4   1   2   5  25   0   7   1   3   7   0   6   2  0.23 0.23
  278 W    -3  -6  -6  -6  -6  -5  -4  -4  -6  -1   0  -2   0   1  -6  -3  -5  12  -3  -2    2   0   0   0   0   0   1   1   0   3   8   2   2   5   0   2   0  66   0   3  2.87 1.12
  279 E    -3   1  -2   0  -3   0   5  -3  -3  -1  -2   2  -2  -4  -4  -2  -3  -5  -4   1    1   9   2   4   0   2  45   2   0   4   5  10   1   0   0   2   0   0   0  12  0.70 0.47
  280 E    -2  -1   2   3  -1   1   4  -1  -1  -4  -2   0  -2  -2  -3   1  -2  -1  -2  -3    2   3   9  14   2   6  33   3   1   0   4   5   1   2   1   9   2   1   1   1  0.48 0.36
  281 K    -2   3   3  -1  -4   0  -1  -3  -1  -2  -2   4   1  -4  -2  -2   0  -4   0  -2    2  17  15   2   0   3   3   1   1   2   4  32   3   0   2   2   5   0   3   3  0.53 0.38
  282 S     1   0  -1  -3  -4  -2  -3  -1   0  -3  -3  -2  -1  -4  -3   5   0  -4   1  -1   13   5   2   0   0   1   0   5   2   1   2   2   1   0   1  51   4   0   5   4  0.69 0.50
  283 R    -2   3   2   3  -2   2   0  -3   3  -3  -4   2  -3  -4  -2   0  -2  -3  -1  -2    2  16   9  16   1  10   3   1   8   1   1  15   0   0   2   7   2   0   2   4  0.40 0.30
  284 E    -2   2  -2   2  -4   1   5  -1  -1  -2  -3   1  -2  -4  -3  -1  -1  -4  -3  -1    2  13   0  11   0   4  36   5   1   3   1   8   1   0   1   4   3   0   1   6  0.53 0.37
  285 F    -3  -4  -2  -5   0  -4  -4  -5  -3   0   2  -3   2   6  -5  -3  -1   4   3   0    2   0   2   0   2   0   0   1   0   5  22   1   6  33   0   1   3   6   8   6  0.77 0.42
  286 I    -2  -4  -4  -3  -3  -2  -3  -5  -5   6   1  -4   2  -3  -2  -2  -2   1  -3   4    3   0   0   1   0   2   2   1   0  43  10   0   4   0   2   3   1   2   0  24  0.83 0.46
  287 G     1   3   1   2  -3   0   0   1   3  -3  -3   1  -2  -3  -3   1  -1  -4  -2  -2   10  16   6  11   0   3   3  11   7   0   2  10   1   1   0  10   4   0   1   3  0.24 0.21
  288 S    -1  -1   3   2  -4  -2  -1   4  -1  -5  -4  -1  -4  -5  -4   1   0  -5  -4  -3    4   3  17  14   0   1   3  32   1   0   2   4   0   0   0  12   5   0   0   1  0.58 0.38
  289 F    -3  -4  -1  -4   0  -6  -4  -6  -5  -4  -3  -6  -1   9  -6  -5  -4  -3   0  -2    2   1   3   1   2   0   1   0   0   0   1   0   1  78   0   0   1   0   2   3  2.15 0.89
  290 L     1  -2  -3  -4  -3  -1  -2  -3  -4   2   3  -2   2   0  -2   0  -1  -3  -3   1   12   1   1   0   0   3   2   1   0  11  38   2   5   4   1   8   2   0   0   9  0.34 0.27
  291 E    -1   1   0   2  -3   1   3   1   1  -4  -1   1  -1  -4  -3   1  -1  -4  -2  -3    5   8   4  11   0   5  23  11   4   0   6   8   1   0   0   9   3   0   1   0  0.29 0.24
  292 M    -2   1  -2  -3  -3   1  -2  -2  -1   0   2   1   4   1  -4   0   1  -3  -1  -1    1   7   1   0   0   6   1   3   1   5  26   8  15   6   0   6   8   0   2   3  0.27 0.27
  293 F    -4  -5  -2  -3  -2  -3  -4  -4  -4  -2  -3  -5  -3   9  -6  -3  -5  -3   2  -3    1   0   2   2   1   1   1   2   0   2   1   0   0  77   0   2   0   0   5   2  2.06 0.84
  294 G    -1  -3   1   1  -4   1   1   4   3  -3  -3  -1  -3  -4  -2   0  -2  -4  -3  -1    3   1   5   9   0   6  10  39   7   1   2   2   0   0   2   7   1   0   0   4  0.50 0.31
  295 P     1   3  -1  -1  -3   1  -1  -2   0  -3  -3   2  -2  -3   3   0   0  -4  -2  -2   11  21   3   3   0   6   3   2   2   1   2  11   1   1  16   8   5   0   2   2  0.34 0.24
  296 E    -2   2   1   4  -4   1   4  -2   0  -4  -4  -1   1  -3  -3  -1  -1  -4  -3  -3    2  10   6  22   0   4  32   3   3   0   1   2   4   1   0   3   3   0   0   2  0.58 0.36
  297 G    -1  -1   2  -1  -2   0   1   4  -2  -4  -3   0  -3  -3  -1   1  -1  -1  -1  -2    2   3   9   2   1   4   8  40   0   1   2   7   0   1   2   9   4   1   2   3  0.47 0.28
  298 A     1   3   0  -2  -1   0  -1   1   0  -1  -1   0  -1  -2  -1   1   0  -3   0   0   11  18   5   1   2   4   2  13   3   2   5   5   2   1   2   9   5   0   3   9  0.12 0.13
  299 L    -1  -2  -4  -4   2  -3  -2  -4  -1   1   3  -1   2   2  -1  -2  -2   3  -1   1    3   1   0   0   5   0   2   1   2   9  32   5   6  10   4   2   1   4   1  10  0.33 0.24
  300 K    -1   0   0   0  -3   0   0  -1   2   0  -1   0   1   0   0   0   0   3   1   0    5   5   5   5   0   5   5   5   5   5   5   5   5   5   5   5   5   5   5   5  0.06 0.08
  301 H    -1   1   1   0   1   1   0  -1   3  -1  -1   1   1   0  -1   0   1  -3   0  -1    3   8   7   4   3   7   4   4   9   3   5  11   3   5   3   6   8   0   3   3  0.11 0.14
  302 M    -2   0   0  -1  -4   0  -1  -2  -3   2   0   0   3   4  -1  -1  -1   4   0   0    3   5   4   3   0   4   4   3   0  12   6   6   8  17   3   5   3   5   3   5  0.20 0.22
  303 L    -1   0  -1  -4   0  -1  -2   0  -1   2   1  -3   2   2  -2  -1  -1   5   0   0    3   5   3   0   2   3   3   8   2  11  15   0   5  11   2   4   4   9   3   7  0.23 0.22
  304 K    -1   2   2  -1  -1   1  -1   0   2  -1  -2   2  -1  -3  -1   1   1  -4  -1  -1    4  10  10   3   2   6   3   7   5   4   4  12   2   0   3  11   7   0   2   6  0.13 0.16
  305 E     0   2   0   1  -4   1   2   0   3  -2  -3   1  -1  -2  -1  -1  -1  -4   0  -2    8  12   4   8   0   6  14   6   7   2   2  10   2   2   3   4   4   0   4   3  0.19 0.20
  306 G    -1   3   0  -3  -4   0  -2   1  -3   2  -2   0  -1  -2   0   2   0   2  -1  -2    4  16   4   0   0   4   1  12   0  13   4   4   2   1   5  18   5   3   3   2  0.23 0.28
  307 K    -2   3   0   0  -2  -1  -1  -2  -4  -1  -2   4  -1  -2  -1   2   0   2  -2  -2    2  19   3   5   1   1   2   3   0   3   5  25   1   2   3  14   5   3   1   2  0.39 0.36
  308 G    -1   1   1   2  -4   1   0   2   0  -3   0   0  -3  -4  -1   1  -1  -4  -3  -2    5   7   7  11   0   6   7  17   2   1  10   7   0   0   3  13   3   0   0   2  0.20 0.22
  309 R     0   5   0   0  -4   0  -1  -2  -1  -1   0   1  -1   0  -2  -1  -2   0  -3  -2    7  35   4   5   0   5   3   2   1   3   9   8   1   5   2   4   2   1   0   3  0.42 0.35
  310 M    -2   0  -1  -1  -3  -2  -2  -2  -3   3   1   0   3   0   0  -1   0  -3  -1   1    1   5   2   3   0   1   2   3   0  20  15   5   9   4   5   6   5   0   2  10  0.18 0.20
  311 L    -1   1  -1  -1  -3   1  -1  -1   1   1   2   1   2  -1  -3   0  -1  -4  -3  -1    4   8   3   3   0   9   2   4   3   9  22   7   6   2   0   9   4   0   0   4  0.13 0.18
  312 Q     0   3   1   1  -4   2   1   0   1  -2  -1   0   0  -4  -3   0  -1  -4  -2  -2    7  16   7   6   0  12  10   7   3   2   5   5   3   0   0   8   3   0   1   3  0.20 0.21
  313 A     4   2  -2  -3  -4  -1  -2  -1  -2  -1  -3  -1  -1  -3  -1   3   0  -4  -2  -1   32  11   1   1   0   3   2   5   1   4   2   2   2   1   3  20   5   0   1   3  0.39 0.36
  314 I    -1   0  -1  -1  -3  -1  -2   0  -3   3   2  -3   0   1   1   0  -1  -1  -3   0    3   5   4   3   0   2   2   7   0  19  23   0   2   5   7   9   3   1   0   5  0.18 0.21
  315 S    -2   1  -2  -1  -5  -3  -3  -1   1  -6  -6   0   0  -6  -1   6   1  -6  -5  -4    2   8   1   3   0   1   1   4   4   0   0   4   2   0   2  59   6   0   0   1  1.08 0.72
  316 P    -2   1   1   0  -5   0  -2   0  -4  -5  -4  -1  -1  -6   6   1  -1  -6  -5  -3    3   9   6   4   0   4   2   7   0   0   1   3   2   0  40  11   4   0   0   2  0.87 0.54
  317 K     1   1  -2  -1  -3   2   0   0  -1  -2  -3   1  -2  -2   2   1   1  -4   0  -1   15   6   0   3   0   9   4   6   1   2   2   8   1   1  12  11  11   0   4   3  0.22 0.23
  318 Q     0  -1   1  -1  -3   2   0   1  -1  -2  -1   0  -1  -1   1   1   0  -3   0  -1    8   2   7   3   0  13   6  11   1   2   5   5   2   2   6  12   6   0   4   5  0.12 0.15
  319 S    -1   0   0  -1  -4  -1   0  -1  -4  -3  -4  -2  -4  -2  -2   6   1  -5  -2  -3    3   5   3   3   0   2   5   4   0   2   2   2   0   2   2  54   7   0   2   1  0.78 0.56
  320 P    -2   1   1   0  -4  -1   0  -3   0  -1   0  -1  -1  -1   5  -1  -1  -4  -2  -3    2   9   8   5   0   2   6   1   3   4   9   2   2   4  34   5   3   0   1   1  0.57 0.37
  321 S     0   1   0   1   0  -1  -2   0   0  -1  -2  -1  -1  -3   2   2   2  -4  -3  -1    5   7   3   7   3   2   2   8   2   4   2   2   1   1  11  18  15   0   0   5  0.21 0.22
  322 S     0   0   2   0   0  -1   0   0   1  -2  -2   0  -2  -2  -1   2   1  -4  -3  -1    6   4  10   4   2   2   7   7   5   2   4   4   0   2   3  22   8   0   0   6  0.16 0.19
  323 S     0  -1   0   0  -4  -1  -1   0  -1  -2  -2  -2  -3  -1   0   5   1  -4  -2  -4    5   4   4   5   0   3   4   7   2   3   3   2   0   3   5  43   6   0   1   0  0.46 0.40
  324 P    -1  -1  -2   1   0  -1   1  -2  -2  -4  -3  -3  -1  -2   6   1   1  -5  -4  -2    3   3   1   8   2   3   7   4   1   0   2   1   2   2  38  13   8   0   0   3  0.75 0.45
  325 T     0  -1   0   1  -3   0   1  -1   0  -3  -3   0  -3  -4   0   3   2  -4   0  -2    8   3   4   7   0   4  11   4   2   1   2   5   0   0   5  23  14   0   3   1  0.27 0.26
  326 R    -1   4   0   2  -4  -1   1  -1   1  -1  -2   0   1  -2  -2   1  -1  -4  -3  -1    5  25   3  14   0   1   9   4   4   3   4   5   4   2   2   9   2   0   0   4  0.27 0.25
  327 E    -2   0  -2   2  -5  -1   4  -2  -1  -3  -4   1   1  -4  -2   2   0  -5  -1  -3    2   4   1  13   0   1  35   3   1   1   1   7   3   0   1  17   4   0   3   2  0.55 0.43
  328 R     0   2   0   0  -1   0   1   0   1  -1   0   0   1  -1  -2   0  -1  -3   0  -1    7  13   3   6   1   2  13   8   4   3  12   4   4   2   1   5   4   0   4   4  0.07 0.11
  329 S     0  -1   0   1  -1  -1   1  -2  -1  -5  -3   0  -2  -1  -1   5   0  -5  -2  -4    5   2   3   9   1   2   8   1   1   0   2   4   1   3   3  47   6   0   1   0  0.60 0.48
  330 P    -1  -1   2   2  -4  -1   1  -1  -3  -2  -2  -1  -2  -2   5   0   0  -5  -4  -1    4   4  12  10   0   2   8   3   0   3   3   2   1   2  27   8   5   0   0   6  0.46 0.33
  331 S     2  -2   0   1   0  -3   0  -1   0  -5  -3   0  -4  -5  -1   5  -1  -5  -1  -3   14   2   3   9   2   0   6   3   3   0   3   5   0   0   2  43   2   0   2   1  0.54 0.46
  332 P    -1   0   0   2  -4  -1   0   0  -1  -2  -1   1  -3  -2   4   0   1  -4  -2  -3    5   6   3  12   0   1   5   8   1   2   5  10   0   1  23   7  10   0   2   0  0.36 0.28
  333 S     0  -1   0   0  -1   0   1  -1   0  -1  -1   0   0   1  -2   2   1  -3   0  -1    6   1   5   5   1   3  12   5   2   3   7   6   2   6   1  18  11   0   2   4  0.09 0.14
  334 F    -1  -2   2   1  -1  -2  -1  -2   0  -1   0   1  -2   3   0   1  -2   1   1  -1    2   0  11   9   2   0   4   2   2   4   8  10   0  14   5  14   1   2   5   4  0.16 0.21
  335 R     1   2   1   2  -4  -1   1  -2  -2  -2  -2   0  -1  -3  -3   2   0  -4   0  -2   12  13   5  14   0   0  11   2   0   2   4   5   2   0   1  16   7   0   4   3  0.23 0.25
  336 W    -2   0   1   2  -4  -2  -1  -1   0  -3  -2   0   1   1   3   1  -1   3   2  -2    2   6   6  15   0   0   3   3   2   0   3   7   5   6  14  10   3   5   7   3  0.25 0.24
  337 P    -1   1   1   3   1  -2   2  -2   2  -2  -4  -1  -1  -4   3   0   0  -5  -4  -2    5   7   6  16   3   0  17   3   5   3   0   3   2   0  18   6   5   0   0   2  0.40 0.30
  338 F    -1   0   1   0  -1   0   0  -2  -2  -1  -1   0  -2   2  -2   1  -1  -2   3   0    3   4   6   6   1   3   8   2   0   3   6   5   0  11   1  16   2   0  13   9  0.14 0.19
  339 S     0   1   1   3  -4  -1   1   0   0  -2  -3  -1  -3  -1  -1   3   1  -4  -2  -2    7   7   5  18   0   2   8   7   2   3   1   3   0   3   2  23   7   0   1   2  0.26 0.25
  340 G     0   0   1   2  -3   0   1   1  -2  -2  -2   0  -1  -2  -2   1   0   2   1  -2    6   4   7  14   0   2   8  12   0   3   4   4   2   1   1  15   6   3   5   2  0.15 0.17
  341 K    -1   1   0  -1  -3   1   1   1  -2  -1  -2   2  -3  -4   0   2   1  -4  -1  -3    4   8   4   3   0   4  12  10   0   5   4  15   0   0   5  17   8   0   2   0  0.21 0.22
  342 T     0   1   0   2  -3   0   0  -1  -1   0  -1   0  -2  -3   0   1   2  -4  -3   0    6  10   4  15   0   3   3   5   1   4   6   3   0   0   5  11  14   0   0   9  0.14 0.17
  343 S     2   0   2   0  -4  -1   1  -3  -1  -4  -3  -1  -2  -5   1   4  -1  -5  -4  -3   18   6   8   4   0   2   7   0   2   0   2   3   1   0   7  36   2   0   0   2  0.48 0.40
  344 P    -2   1   0   0  -4   0  -1  -4   0  -3  -2   0  -3  -2   5   2   1  -5  -4  -2    1   7   4   4   0   3   4   0   2   1   3   4   0   2  31  19  11   0   0   3  0.61 0.40
  345 P     0   0  -2   0  -4  -1  -3  -2  -4   0  -2  -1  -3  -4   6   1   0   1  -1  -3    9   6   2   5   0   2   0   2   0   6   4   4   0   0  41  10   7   2   2   0  0.75 0.44
  346 C     0   3   0   0   1  -1   0  -3  -2  -1  -1   1   0  -3   0   2   0  -4  -3   0    9  19   5   5   4   0   4   1   0   2   6   8   3   1   4  16   3   0   0   9  0.18 0.19
  347 S     0   2  -1  -1  -3  -2   0  -2  -3  -2   0   0  -2  -3   0   4  -1  -4   0  -2    6  10   2   3   0   0   5   1   0   2  13   5   0   0   5  40   2   0   4   1  0.38 0.34
  348 P     0  -1   0   0   0  -1  -3  -3  -3   0  -1  -1  -3  -4   6   1  -2  -5  -4  -1    8   3   4   5   3   3   0   1   0   7   5   3   0   0  44  10   0   0   0   4  0.83 0.42
  349 A     1   0   0  -1  -3  -1  -1  -1  -2  -2  -2   2  -2  -2   1   3   0  -4  -3  -1   14   6   2   3   0   2   3   2   0   3   3  14   0   2   6  30   5   0   0   4  0.26 0.24
  350 N     0   1   2   1  -3   0  -1   1   0  -1  -2   1  -2  -1  -1   1   0  -3  -2  -1    6   9  10  10   0   4   2   9   2   4   3  12   0   4   2  12   4   0   0   6  0.11 0.11
  351 L     0   1  -1  -2  -2  -1  -1  -1   0  -1   1  -1  -1   1   3   1   1  -3  -1   0    6   8   2   0   0   2   2   4   2   2  17   2   0   9  15  11   8   0   1   7  0.15 0.15
  352 S     1   0   1   1  -3   0   0   0  -1  -1  -2   1  -2  -3   2   1  -1  -3  -3   0   11   6   8   8   0   4   4   7   1   5   2  11   0   0  13  13   1   0   0   7  0.18 0.14
  353 R     0   4   2  -1  -3   1   0  -3   2  -2   0   1   0  -3  -1   0  -2  -4  -2  -3    9  26  11   2   0   5   4   1   5   2  11  10   2   0   2   8   0   0   0   1  0.29 0.23
  354 H     1  -1   2   0  -2   1   1   0   2  -1  -1  -1  -2  -1  -2   0   0   1   2  -2   12   2  13   3   0   6   9   9   7   3   7   2   0   2   1   8   4   2   8   1  0.12 0.12
  355 K     1   1   0  -1  -3  -1   1  -1   2  -1  -1   2   0  -1  -1   2  -1  -3  -1  -2   13   6   4   2   0   0   7   5   6   6   7  17   2   2   2  18   1   0   1   1  0.13 0.15
  356 A     2  -1   0  -1  -2  -1  -1   1  -2  -2  -3  -1   0   1   0   3  -1  -3  -1  -1   25   2   3   3   0   2   2  11   0   1   1   2   3   8   5  24   1   0   1   4  0.24 0.22
  357 A     1   1  -1   1  -3   1   2   0   0  -3  -1   1  -2  -3  -2   2   0  -3  -1  -2    9  10   0   7   0   7  16   7   2   0   7   8   0   0   0  18   3   0   2   3  0.19 0.17
  358 A     1   1   2  -1  -2   0   1  -1   0   0  -1   0  -1  -1  -1   1   2  -3   1  -1   12   7  12   0   0   4   9   4   2   7   5   5   1   2   2   7  14   0   5   0  0.10 0.12
  359 Y    -1  -3   1   2  -4   0  -1  -3   2  -3  -3  -2   0   1  -3   3  -1  -2   5  -2    2   0   7  12   0   4   2   0   6   0   0   0   3   6   0  25   3   0  25   3  0.48 0.33
  360 D    -1  -1  -1   4  -1  -1   2  -1   4  -4  -3  -2  -3  -3   0   2  -1   2   2  -3    3   3   0  25   2   0  16   3  11   0   2   0   0   0   3  18   3   3   8   0  0.43 0.29
  361 I     0  -3  -1   2  -3  -2   0  -3  -2   1   0  -3   2   3  -3  -2   0  -2   4   0    7   0   2  17   0   0   6   0   0  12   9   0   8  13   0   1   5   0  16   3  0.26 0.21
  362 S    -1  -3   1   1   1   0  -1  -2  -2   0  -4  -1  -3  -3  -3   5   1  -4   1  -3    0   0   5   9   3   3   3   1   0   6   0   3   0   0   0  49   9   0   7   0  0.53 0.37
  363 E     1  -2  -2   2  -4   0   5  -1  -3  -4  -2  -2  -3  -5  -3   3  -2  -5  -4  -4   12   0   0   8   0   2  43   3   0   0   4   0   0   0   0  27   0   0   0   0  0.72 0.41
  364 D    -4  -4   0   7  -6  -2   3  -1  -3  -6  -6  -3  -5  -6  -4  -1  -3  -6  -5  -5    0   0   3  69   0   0  20   5   0   0   0   0   0   0   0   3   0   0   0   0  1.51 0.55
  365 E    -3  -3  -1   5  -5  -1   5  -4  -3  -4  -5  -2  -4  -5  -3  -1  -3  -5  -4  -1    0   0   0  38   0   0  53   0   0   0   0   0   0   0   0   4   0   0   0   5  1.22 0.45
  366 E    -3  -2  -2   4  -5  -1   6  -4  -2  -5  -5  -2  -4  -5  -3   2  -2  -5  -4  -5    0   0   0  26   0   0  60   0   0   0   0   0   0   0   0  14   0   0   0   0  1.20 0.45
  367 D    -3  -3   3   6  -5  -1   3  -3  -2  -5  -5  -2  -4  -5  -3  -2  -2  -6  -4  -5    0   0  14  66   0   0  21   0   0   0   0   0   0   0   0   0   0   0   0   0  1.30 0.37

                      K         Lambda
Standard Ungapped    0.1319     0.3155
Standard Gapped      0.0376     0.2670
PSI Ungapped         0.1229     0.3174
PSI Gapped           0.0376     0.2670
