
Last position-specific scoring matrix computed, weighted observed percentages rounded down, information per position, and relative weight of gapless real matches to pseudocounts
            A   R   N   D   C   Q   E   G   H   I   L   K   M   F   P   S   T   W   Y   V   A   R   N   D   C   Q   E   G   H   I   L   K   M   F   P   S   T   W   Y   V
    1 M    -3  -4  -4  -5  -3  -3  -4  -5  -4   2   2  -4   9  -2  -5  -4  -3  -3  -3  -1    0   0   0   0   0   0   0   0   0   8  11   0  81   0   0   0   0   0   0   0  1.62 0.45
    2 E    -1  -2  -2   3  -5   1   6  -4  -2  -5  -5   0  -4  -5  -3  -2  -3  -5  -4  -4    5   0   0  18   0   5  70   0   0   0   0   2   0   0   0   0   0   0   0   0  1.19 0.39
    3 E     0  -2  -2   3  -4   0   6  -3  -2  -5  -5  -1  -4  -5  -3   1   0  -5  -4  -4   10   0   0  16   0   0  61   0   0   0   0   0   0   0   0   9   4   0   0   0  0.96 0.37
    4 I    -2  -4  -4  -4  -3  -4  -4   0  -4   5   2  -4   2  -2  -4  -3   0  -4  -3   2    1   0   0   0   0   0   0  10   0  52  19   0   5   0   0   0   5   0   0   8  0.63 0.28
    5 G    -2  -1   0   1  -4  -2   1   5  -3  -5  -4   0  -2  -4  -2  -1  -3  -4   0  -4    0   3   3   9   0   0  10  58   0   0   1   5   1   0   2   4   0   0   4   0  0.77 0.30
    6 I     0  -1  -3   0  -2  -2  -1  -3  -2   3   1  -2  -1  -2  -1  -2   1  -4  -2   3    8   4   0   7   0   0   3   0   1  27  10   0   0   0   2   0   9   0   0  26  0.28 0.19
    7 L    -1  -3  -3  -1  -3  -2  -1  -1  -3   3   3  -1   1  -2   0  -2  -1  -3  -3   1    4   0   0   4   0   1   5   6   0  19  39   4   4   0   5   0   2   0   0   5  0.27 0.19
    8 V    -1  -3  -2   0   1  -1  -1  -3  -3   2   0  -2   2   1   0   0  -1  -3   0   3    4   0   0   6   3   2   2   0   0  10   8   2   8   6   5   8   2   0   3  29  0.18 0.16
    9 E     1   1   0   1  -4   1   4  -2   0  -3  -4   1  -1  -4   3   0  -1  -4  -3  -3   11   7   3   6   0   7  30   2   2   1   1   6   2   0  15   4   2   0   0   0  0.44 0.25
   10 K    -1   1   1   1  -4   0   1  -1  -2  -2  -2   4  -3  -2  -2  -1   0  -4  -3  -1    5   4   5   7   0   3   9   5   0   1   5  38   0   1   1   2   5   0   0   6  0.34 0.26
   11 I     1  -2  -3   0  -3   0  -1  -2  -3  -1   1   0   3  -1   3   0  -1   3  -1  -1   11   1   0   5   0   4   4   2   0   3  16   5  11   2  18   8   1   5   2   2  0.26 0.21
   12 Q    -1   1  -2   0  -4   3   4  -4   0  -1  -1   0  -2  -4   1   0   0  -4  -3  -1    5   9   1   4   0  15  31   0   2   3   8   3   0   0   7   5   5   0   0   4  0.39 0.29
   13 D    -2  -2   0   5  -4   0   2   0  -3  -3  -3   0  -4  -5   2   0   0  -5  -3  -2    2   1   3  34   0   3  15   7   0   1   2   7   0   0  10   4   7   0   1   4  0.53 0.32
   14 E    -2  -1   0   2  -5   2   4  -2  -3  -4  -4   2  -4  -5   3  -2  -1  -5  -3  -4    3   2   4  13   0   8  35   2   0   1   1  12   0   0  13   1   2   0   1   1  0.65 0.39
   15 I     0  -2  -2  -1  -3  -1  -1  -2  -3   3   1   0   3  -1  -1  -1  -1  -1  -1   2    6   1   1   3   0   2   4   2   0  21  13   6  10   2   3   4   3   1   2  17  0.19 0.18
   16 P    -2  -1  -2   0  -2   1   1  -4  -4  -2  -1   0  -4  -2   6  -1   0  -5  -4  -2    3   2   1   6   1   6   8   1   0   3   6   5   0   2  47   3   5   0   0   2  0.95 0.47
   17 A     2   0   0   1  -3   0  -1   0  -1  -2  -1  -1  -1  -3   1   2   2  -4  -2   0   20   5   3   8   0   4   2   5   1   0   4   2   1   0   6  15  16   0   1   7  0.20 0.20
   18 L    -1   0  -2  -2  -3   0   1  -2   0   2   2  -1   1   0   0  -1  -1  -3  -1   1    4   5   1   0   0   3  11   2   3  14  21   3   2   3   5   5   3   0   2  12  0.10 0.13
   19 S     0   0   0   0   0   0   0   1   0   0  -1   0   0  -2   1   1   1   2  -2  -1    7   4   4   5   2   4   4  10   2   7   6   6   2   1   6  15   8   4   0   4  0.07 0.08
   20 V     1  -2   0  -2  -2  -1  -1   0  -2   0   0   0   0  -2  -1   1   2  -2   0   2   16   1   5   1   0   1   4   6   0   6   8   5   3   0   2   9  14   0   3  15  0.11 0.15
   21 S     1  -1   0  -1  -3   1   0  -1  -1  -3  -3   2  -1  -4   1   3   2  -4  -2  -2   10   2   4   3   0   5   6   4   1   0   1  12   2   0   7  24  17   0   1   2  0.32 0.28
   22 R    -1   5   1   1  -4   0   1  -2  -1  -1  -2   2   0  -4   0   0   0  -5  -4  -3    4  33   6   7   0   2   7   2   2   5   3   9   2   0   4   5   7   0   0   1  0.41 0.30
   23 P     0   0  -1  -1   2   0   0  -1   0  -2  -3   1  -3  -4   5   0  -1  -4  -2  -2    8   6   3   3   5   4   7   4   2   3   2  10   0   0  29   7   2   0   1   3  0.46 0.28
   24 Q     0   0   0   0  -3   2   2  -1  -1  -2  -1   1  -2  -3   2   1  -1  -4  -3  -1    7   3   3   4   0  13  13   4   1   0   8  10   0   1  12  10   3   0   0   6  0.21 0.20
   25 T    -1   0   0   2  -4  -1   1   0   2  -2  -2   1  -1  -4   1   0   3  -4  -3  -1    4   5   3  13   0   1   9   7   6   1   4   7   2   0   7   4  22   0   0   3  0.23 0.22
   26 G     1   0   0   1  -3  -1   0   3  -2  -2  -2   0   0  -1  -2   1   0  -3  -2  -2   12   4   2  10   0   2   6  22   0   3   3   7   3   2   1  12   6   0   1   2  0.18 0.17
   27 L     1  -2  -2   0   0  -1   0  -1  -2   1   2  -2   2  -1   0   0   0  -3  -2   0   12   1   1   5   2   1   7   4   1  10  22   1   8   2   4   5   7   0   0   6  0.10 0.14
   28 S     2  -1   0   2  -3  -1   0   1  -2  -1  -1  -1   1  -2   0   1   0  -4  -2  -1   17   2   4  14   0   2   6   9   0   3   7   4   5   1   3  14   5   0   1   2  0.15 0.17
   29 F     1  -1  -1  -1  -2   0  -1  -1  -1   0   1   0   0   1   1   0   1  -3  -1   0   16   3   2   2   0   3   2   2   2   6  15   5   2   8   8   7  11   0   2   4  0.07 0.11
   30 L     0  -1  -1   1  -3  -1   1  -2  -2   1   1   0   2  -1  -2   0   0  -2  -1   0   11   3   3   8   0   2   9   2   0   6  20   7   6   3   0   7   5   0   1   8  0.07 0.12
   31 G     2  -2   0   2  -3  -1  -1   3  -2  -2   0  -1   0  -3  -2   1  -1  -4  -4  -2   16   2   3  14   0   3   4  22   0   1  10   2   3   1   1  13   3   0   0   1  0.27 0.24
   32 P    -2   0  -1   0  -5  -2  -1  -4  -3  -2  -2  -1  -2  -4   6   2  -1  -5   2  -3    3   5   3   4   0   1   4   0   0   3   4   4   1   0  40  15   3   0   8   2  0.80 0.47
   33 E    -2   1  -1   1  -5  -1   4  -3  -2  -2  -1   1   1  -1  -2  -1   0  -3   3  -3    3   9   2   8   0   2  29   2   1   2   8   8   3   1   2   3   5   0  13   1  0.37 0.32
   34 P    -1  -2  -2   1  -5   1  -1  -3  -3  -2  -3   0   0  -4   6   0  -1  -3  -5   1    6   1   2   7   0   8   4   2   1   2   2   6   2   1  35   6   4   0   0  13  0.65 0.43
   35 E     0  -1   2   2   0   1   2  -1  -1  -3  -3   1   2  -3  -2   0   0  -4  -1  -3    6   2  10  13   2   7  17   3   1   0   2  10   8   1   2   7   7   0   2   1  0.27 0.26
   36 D     0   1   0   2  -4   0   2  -1   0  -2  -4   1  -3  -3   2   2  -1  -5  -4  -2    9   7   4  13   0   2  12   3   2   3   1  10   0   1  10  20   3   0   0   3  0.29 0.27
   37 L    -2  -1  -2  -3  -3  -2  -1  -2   1   4   2  -2   0   0  -3  -2   1  -4  -2   1    3   3   2   1   0   1   4   4   3  28  23   2   2   4   1   2  10   0   1   6  0.32 0.27
   38 E    -2   0  -1   5  -6   1   4  -2  -1  -5  -5   2  -5  -5   0  -1  -1  -6  -4  -5    2   4   3  29   0   6  26   2   1   1   1  11   0   0   4   4   4   0   0   0  0.73 0.48
   39 D    -1   1   0   4  -5   1   3  -2   0  -4  -5   1  -4  -5   2  -1  -1  -6  -4  -4    5   6   3  24   0   5  22   3   2   1   0   9   0   0  11   5   3   0   1   1  0.57 0.40
   40 L     2  -4  -4  -4   4  -3  -3  -2  -4   3   3  -3   1  -1  -3  -2  -1  -4   0   0   20   0   1   1   9   1   1   3   0  18  26   1   3   3   1   2   3   0   3   4  0.44 0.34
   41 Y    -3   2  -1  -2  -4   0   2  -4  -2  -1   2   1  -1   0  -4  -1  -2   1   3  -1    1  12   2   1   0   4  16   1   1   3  21  11   1   4   0   3   2   2  12   3  0.32 0.31
   42 S     0   3   0   0   0   0   0  -2  -1  -1   1   1  -1  -3  -3   1   0  -4  -3  -1    8  17   5   5   2   5   5   2   1   4  14   8   2   0   1  13   5   0   0   2  0.15 0.19
   43 R    -3   6  -2   1  -6   1   0   0  -2  -4  -4   2  -3  -3  -1  -2  -1  -5   0  -4    2  43   2   7   0   6   4   8   1   1   1  11   0   1   3   2   3   0   3   1  0.75 0.50
   44 Y    -2  -2  -2  -3  -1  -3  -4  -4  -1   3   2  -3   0   2   2  -1   0   0   4   0    2   2   2   1   1   1   1   1   1  18  18   1   2   8  10   5   5   1  15   5  0.37 0.30
   45 K    -2   3  -1  -3  -5   0   0   2  -1  -2   0   4  -2  -1  -1  -2  -3  -4  -2  -3    3  18   3   0   0   3   5  18   2   2  10  25   1   2   3   2   1   0   1   1  0.42 0.36
   46 K    -1   4   0  -1  -5   1   1  -3  -2  -3   1   4   0  -4  -3  -1   0  -5  -3  -3    3  21   3   3   0   4  10   2   1   1  13  24   2   0   1   5   5   0   0   1  0.44 0.36
   47 L    -3   0  -5  -4  -5  -1  -3  -6  -4   1   4   2   2   3  -4  -4  -2  -4  -2   0    2   5   0   1   0   2   1   0   0   7  41  14   6  11   0   1   2   0   1   6  0.60 0.42
   48 Q    -3   0  -2   4  -6   3   4  -5  -3  -2   0   0  -1  -2  -4  -2  -1  -5  -4  -3    1   4   1  21   0  16  25   0   0   3  10   5   2   2   0   3   4   0   0   2  0.59 0.46
   49 Q    -2   5   3   0  -5   2   1  -3   1  -3  -2   2  -3  -3  -4  -1  -2  -5   0  -3    2  29  14   5   0  10   8   1   3   2   4   9   1   1   0   4   2   0   4   2  0.54 0.41
   50 E    -3   1   2   2  -6   2   5  -4   0   1  -3   0   0  -5  -4  -2  -1  -5   0  -2    1   8   9   9   0   8  35   0   2   8   2   4   3   0   0   2   4   0   3   3  0.57 0.44
   51 L    -3  -2  -1  -4   0  -4  -4  -5   3   5   3   1   0  -1  -5  -3  -2  -5   0   1    1   2   3   1   2   0   1   0   7  31  24   9   2   2   0   1   2   0   3   9  0.59 0.40
   52 E    -2   4   1   3  -3   1   4  -4  -2  -5  -5   3  -4  -6  -3  -1  -3  -6  -5  -4    2  19   6  16   1   5  26   0   1   0   1  16   0   0   1   3   1   0   0   1  0.79 0.52
   53 F    -2   1  -1   0  -4  -1   1  -4   0   3   0   0  -1   2  -4  -2  -2   0   2   0    2   8   2   5   0   3  10   1   2  23   7   7   1   8   0   3   2   1   9   5  0.26 0.25
   54 L    -1  -3  -3  -5  -2  -3  -3  -4  -3   2   4  -1   4  -1  -2  -2  -2   0   0   0    4   1   1   0   1   1   2   1   0  13  41   5  10   2   2   4   2   1   4   4  0.54 0.37
   55 E    -2   1  -2   1  -3   2   4  -3  -1  -2   0   2  -2  -3  -2  -1  -1  -5  -4  -2    3   8   1   6   1   8  28   1   2   3  11  15   1   1   2   3   4   0   0   3  0.40 0.34
   56 V     1  -1   0  -1  -3   0   0   1  -2   0   0   0   2  -3  -1   1   0  -4  -2  -1   13   2   3   3   0   3   7  12   1   6   8   6   8   0   2  14   5   0   1   4  0.11 0.16
   57 Q    -3   4   0   0  -5   3   4  -5  -1  -2  -2   2  -1  -4  -4  -3  -2  -5  -3  -3    1  19   3   4   0  15  29   0   1   3   5  13   1   1   1   1   2   0   1   2  0.69 0.48
   58 E    -2   2   1  -3  -3   1   3  -4  -2   1   2   1  -2  -1  -3  -2  -1  -4  -3   0    2  10   6   0   0   6  18   0   1   9  20  10   0   2   1   1   4   0   0   8  0.27 0.28
   59 E    -2   2   3   0  -4   2   5  -3  -1  -4  -1   2  -2  -4  -4  -2  -2  -3  -4  -2    3   9  12   4   0   8  33   2   1   1   7  12   1   1   1   2   2   0   0   3  0.57 0.43
   60 Y    -1   2  -1   0  -3  -1   1  -3  -1   2  -1   0  -2   3  -2  -1  -1  -3   3  -1    4  12   3   5   0   2  10   2   1  15   5   6   1  13   1   4   4   0  10   4  0.21 0.22
   61 I    -1  -3  -5  -5  -4  -4  -4  -5  -5   4   4  -3   1  -1  -5  -4  -1  -5  -2   2    5   2   0   1   0   0   1   0   0  20  45   1   3   2   0   1   4   0   1  13  0.80 0.47
   62 K    -2   3   3  -2  -2   3   1  -2  -2  -2  -3   3  -2  -5  -2   0  -1  -5  -4  -4    2  18  12   2   1  13  10   3   0   3   2  20   1   0   2   8   3   0   0   1  0.51 0.40
   63 D     0   0   2   2  -4   0   1  -2   3   1  -1   1  -1  -2  -3  -1   0  -4  -2  -1    7   6  11  13   0   4  10   3   7  11   5   7   1   1   1   4   6   0   1   3  0.17 0.19
   64 E    -3   0  -2   0  -3   3   4  -3   4  -2  -2   1  -1  -4  -3   0   0  -5  -2  -4    2   4   1   4   1  12  29   1  11   2   5  10   2   1   1   7   6   0   1   1  0.54 0.42
   65 Q    -1   0   1   0  -1   1   1  -2  -1   1   1  -1   1  -2  -3  -1   1  -1  -2   1    3   5   6   6   1   8   9   2   1   9  16   4   3   1   0   3  11   1   1  10  0.10 0.15
   66 K    -1   4   1  -2  -5   2   0  -4  -1  -3  -2   3  -4  -3  -2   0   1  -2  -4  -3    5  27   7   2   0   9   6   1   1   1   3  17   0   1   2   7   8   1   0   1  0.51 0.38
   67 N     0   0   3   1  -3   1   0   1  -1  -2  -1   0   1  -2  -2   0   1  -4  -3  -2    7   4  16   6   0   6   7  12   1   2   6   5   5   2   1   8   8   0   0   3  0.16 0.17
   68 L    -1  -1  -4  -3  -4  -1  -4  -3  -3   1   4  -1   5  -2  -5  -3  -2  -4   0   0    4   4   1   2   0   3   0   3   1   8  45   3  14   1   0   2   2   0   4   4  0.66 0.44
   69 K    -1   2   1   0  -3   1   1  -3  -3  -3  -3   4  -2  -5   3  -1  -1  -1  -2  -3    6  12   6   4   0   6   9   1   0   1   3  26   1   0  15   4   3   1   1   2  0.46 0.35
   70 K    -1   2   0   0  -4   1   2  -2   1  -1  -1   2  -1  -3   1   0  -1  -4  -3  -2    5  13   3   6   0   5  17   2   3   5   7  15   2   1   6   6   3   0   0   1  0.24 0.22
   71 E    -1   1  -1   2  -4   2   4  -3  -1  -3  -2   2   1  -4   1  -1   0  -4  -3  -2    4   7   3   9   0   7  25   1   1   1   5  15   3   0   6   2   6   0   1   2  0.39 0.31
   72 F    -1  -2  -1   0  -3  -1   0  -3  -1   2   2  -1   0   2  -2  -1  -2   0   1   1    5   2   2   5   0   3   7   1   1  16  21   3   2   8   1   5   1   1   6   7  0.14 0.16
   73 L     0   1   1   2  -1   2   2  -1  -1  -1   0   1  -1  -2  -2   0  -1  -4  -2  -1    7   8   6  12   1   9  12   3   1   3  11  11   2   1   1   5   3   0   1   4  0.14 0.15
   74 H    -2   2  -1   2  -4   1   3  -3   1  -2  -1   2  -2  -3  -2  -2  -1   3  -1   0    3  12   2  14   0   7  17   2   4   2   5  12   1   1   2   2   3   4   2   6  0.29 0.25
   75 A     0  -1   3   1  -3  -2   0  -2  -1   0   2  -1   0  -1  -3   0   0  -3  -1   0   10   3  14  10   0   0   7   2   1   5  20   3   1   3   0   6   6   0   2   5  0.14 0.17
   76 Q    -1   2   1  -1  -4   3   3  -2  -1  -3   0   2  -1  -3  -3  -1  -1  -2  -2  -1    4  11   6   3   0  17  17   3   1   1  12  11   1   1   1   4   3   0   1   4  0.29 0.27
   77 E    -2   0   0   3  -5   1   5  -2   0  -5  -3   1  -1  -3  -2   0  -1  -5  -4  -3    3   5   5  16   0   5  36   3   2   0   2   7   1   1   2   7   3   0   0   2  0.61 0.42
   78 E    -2   1   0   1  -1   2   4  -4  -1  -3   0   3  -2  -3  -4  -2  -1  -5  -2  -3    2   7   4   8   1   7  31   1   1   1   8  17   1   1   0   2   3   0   1   2  0.49 0.37
   79 V    -2  -2  -2  -2   0  -1  -2  -3  -2   4   2  -2   0  -2  -4  -3  -2   0  -2   3    2   3   3   3   2   2   3   2   1  29  22   2   2   1   0   2   2   1   1  19  0.48 0.32
   80 K     0   1   0   2  -4   1   1  -2  -3  -3  -2   4  -2  -4  -2   0  -1  -5  -2  -3    7   6   4  11   0   7  10   2   0   2   4  32   1   1   1   6   4   0   1   1  0.43 0.34
   81 R     0   3   0   1  -1   1   0  -2  -1   0   0   1   0  -2  -3   0  -1  -4  -1  -1    9  19   4   7   1   7   6   1   1   7  12   8   3   1   0   8   1   0   2   3  0.16 0.18
   82 I    -1  -4   1  -4  -3  -2  -2  -3  -2   3   4  -2   2   0  -2  -2  -2  -4  -1   0    5   0   9   0   0   1   3   2   1  17  37   2   5   4   2   3   2   0   1   5  0.41 0.30
   83 Q    -2   3   0   0  -2   4   1  -3   0  -3  -1   3  -1  -4  -3   1  -1  -4  -4  -2    3  15   4   4   1  21   6   2   2   2   6  17   1   0   0   9   3   0   0   2  0.43 0.34
   84 S    -1  -1   1   0  -4   1   2   1   1  -3  -2   0  -1  -2  -2   3   1  -4  -2  -2    3   3   6   3   0   7  13  12   4   1   3   4   1   2   1  25   7   0   1   3  0.28 0.28
   85 I    -2  -1  -1  -2  -2   1  -1  -2  -1   1   1  -1  -1  -2   3   0   2  -4  -1   2    2   3   2   2   1   7   4   2   2   8  13   2   1   2  13   6  15   0   1  14  0.20 0.21
   86 P    -1  -3  -5  -4  -2  -4  -4   2   2  -5  -4  -3  -1  -4   7  -1   1   0  -3  -5    5   1   0   1   1   1   0  14   5   0   2   1   2   1  51   3   8   2   1   0  1.29 0.69
   87 L    -2  -3  -1  -3  -2   1  -3   1   2  -1   3  -3   3   0  -3   1  -2  -2   2  -2    2   1   3   1   1   8   1  11   6   2  31   0   7   3   1  10   2   0   8   2  0.32 0.32
   88 V    -1  -1  -2  -1   0   0  -1  -2   0   2   1  -1   0   2  -1  -1   0  -1   2   1    4   3   2   3   2   6   3   3   2  12  14   2   1  11   2   4   6   0   9  10  0.11 0.13
   89 I    -2  -2  -3  -4  -1  -4  -3  -5  -5   3   0  -2   0  -4  -2  -4  -1  -5  -4   6    2   2   1   1   1   0   2   1   0  12   8   3   2   0   2   1   4   0   0  57  0.97 0.56
   90 G     2  -4  -3  -4   2  -4  -2   6   0  -5  -4  -4  -5  -6  -3   0  -3  -5  -5  -2   17   1   1   0   5   0   3  56   2   0   1   0   0   0   1   7   1   0   0   3  1.15 0.63
   91 Q     2   1   2   0  -4   1   2  -1  -1  -3  -4   0  -3  -2  -1   1   2  -4  -2  -1   17   7   9   5   0   8  14   4   1   1   0   4   0   2   2   8  13   0   1   4  0.24 0.26
   92 F    -2  -3  -4   3   3  -2  -4  -5  -2   2   0  -4   0   2  -5  -3  -3  -5  -1   4    2   1   0  19   7   1   0   0   1  11   8   0   2  10   0   1   1   0   2  33  0.64 0.45
   93 L    -1  -2  -2  -3  -2   0   1  -4   0   2   2  -1   1  -2  -4  -1   1   0  -2   2    3   2   2   1   0   5  10   0   2   9  25   3   3   1   0   4   9   1   1  17  0.26 0.26
   94 E     0   0  -2   1  -5   0   5  -1  -1  -5  -4   3  -1  -2  -2   0  -2   0  -3  -4    9   5   1   7   0   3  36   5   1   0   1  16   2   2   2   6   2   2   1   1  0.58 0.45
   95 A     2  -2  -2  -1  -2   0  -1  -3  -2   3   1  -2   1   0   0   0  -2  -4  -2   1   18   1   1   3   1   6   3   2   1  23  10   2   4   3   5   6   1   0   1   9  0.21 0.23
   96 V    -1  -2  -3  -2  -4  -4  -4  -5  -3   4   4  -3   3   0  -5  -2  -1  -1  -3   2    4   3   1   2   0   0   0   0   1  20  36   2   7   4   0   2   3   1   0  13  0.59 0.39
   97 D    -1  -1   0   5   5  -2   0   1  -2  -3  -4  -2  -4  -5   0   0  -1  -5  -5  -1    5   3   4  34  12   1   5  11   1   2   2   2   0   0   5   5   3   0   0   4  0.59 0.42
   98 Q     0   1   1   2  -4   1   2  -2  -1  -2  -2   2   0  -4   0   0  -1  -4  -2  -1   10   6   5  13   0   6  14   2   1   2   4  17   2   0   5   4   3   0   2   4  0.23 0.22
   99 N    -1  -1   3   3   1  -1   4   0  -1  -5  -3   1  -2  -5  -3   0  -1  -5  -4  -3    5   2  16  14   3   2  26   7   2   0   2   9   1   0   1   5   3   0   0   2  0.49 0.39
  100 T     2   2  -1  -3   1   0  -1  -2   4  -1  -1   2  -3  -2  -2   0   0  -4  -1  -1   18  10   3   0   3   3   4   2  11   5   7  15   0   1   2   5   5   0   2   3  0.24 0.26
  101 A     3  -2  -4  -4   1  -2  -2   1  -4   0  -1  -3   0   1  -2  -1  -1   0   2   2   30   2   0   0   3   2   3  11   0   4   6   1   2   5   1   4   3   1   7  15  0.32 0.31
  102 I    -1  -2  -5  -3  -1  -4  -4  -3   0   5   2  -3   5  -2  -3  -1  -2  -5   0   1    5   2   0   2   1   0   1   2   2  30  16   1  14   2   1   4   2   0   4   9  0.60 0.41
  103 V    -1   0  -1  -2  -4   0  -2  -1   1   2   0   0   0  -1  -2  -2  -1  -1  -1   4    4   5   3   2   0   4   2   4   3  12   9   5   2   3   2   2   3   1   2  31  0.27 0.25
  104 G     1   1   1  -1   2   1  -1   1  -1  -2  -3   3  -3  -2  -1   1  -1  -4  -4  -1   11   6   7   2   4   6   3  12   2   2   2  17   0   2   2  13   3   0   0   5  0.21 0.23
  105 S     1  -1  -1  -3   0   0  -1  -1   0   1   0  -1   0  -1  -1   1   1  -3  -1   1   13   3   3   0   2   3   4   4   2  10   8   3   2   3   2  12  11   0   2  11  0.08 0.13
  106 T    -1   2   1   1   1   0  -1   0   2  -2  -3   0   1   0   0   1   0   2   0  -2    4  10   6   7   3   4   4   7   5   3   3   6   3   3   5  12   6   3   3   3  0.12 0.12
  107 T     0   0   2  -1   2   1  -1   0   1  -1  -1  -1   1  -1   2   0   1  -6  -5  -1    7   6   9   4   4   6   4   7   3   3   5   3   3   3  11   8   8   0   0   5  0.14 0.14
  108 G     1   1   0  -1  -1  -2   0   3   1   0  -1   0  -2  -1  -3  -1  -2  -2   0  -2   13   8   4   4   2   1   8  25   3   6   5   6   1   2   1   3   1   0   4   2  0.23 0.21
  109 S     0   0  -1  -1   0   1  -2   0   0  -1   1  -2   3   0   3   0  -1  -1  -2  -1    8   5   3   3   2   6   2   9   2   4  12   1   9   4  14   7   3   1   1   3  0.15 0.18
  110 N    -3   3   1   1  -5   1   2  -3   0  -4  -3   3  -2  -3   2  -1   1  -5  -3  -2    1  14   6   7   0   6  11   2   2   1   3  17   1   1  11   5   8   0   1   3  0.38 0.31
  111 Y    -1  -2  -1  -2   2  -1   0  -4   1   1   0  -2  -2   4  -3  -2  -3   1   5   0    6   2   3   2   5   2   6   1   3   7   8   2   1  14   1   3   1   2  23   8  0.45 0.32
  112 Y    -1  -4  -3  -5  -1  -2  -2  -3  -1   3   2  -3   0   2  -3  -3  -2  -1   3   3    6   1   1   0   1   2   3   2   2  15  16   1   2   9   1   2   1   1  11  23  0.43 0.31
  113 V    -3   0  -2   2   2  -1  -3  -2  -3   1   1  -3  -1  -4  -4  -2   0  -5  -2   5    1   6   2  11   4   3   1   4   1   6  11   1   1   0   1   3   5   0   1  39  0.51 0.40
  114 R    -1   2   1   2   0  -1  -1   1  -2  -3  -1   0  -2  -2   1   1   0  -3  -2  -3    5  14   8  12   2   3   3   9   1   1   8   5   1   2   7  11   5   0   1   1  0.18 0.20
  115 I    -1  -3   0  -1   3  -1   0  -3  -1   3   1  -2   0  -2  -3  -1  -1  -3   0   2    6   1   4   3   7   3   7   1   1  21  15   2   2   1   1   6   2   0   3  12  0.23 0.23
  116 L     0   1  -1   1   0   0   1  -1  -2   0   1   0   1  -1  -1   0  -1  -4  -2  -1    9   7   1  10   2   5   8   5   1   6  18   6   3   2   2   8   4   0   1   2  0.08 0.13
  117 S     0   0   1   1  -2   0   1   0  -2  -2  -4   2  -2  -3   2   2  -1  -5  -4  -4    6   5   6   8   1   4  10   8   1   3   1  12   1   1   9  20   2   0   0   1  0.29 0.29
  118 T     0   0   0   1  -1   0   1  -1  -1   0   0   0   0   1   0   1   1  -1  -1  -1    6   5   5   7   1   5   9   4   1   5  11   7   2   6   4   9   9   1   1   2  0.05 0.09
  119 I    -2  -4  -3  -4  -2  -4  -3  -5  -5   5   2  -3  -1   0  -2  -3  -1  -5  -2   4    2   1   1   1   1   1   2   1   0  33  16   2   1   3   2   2   3   0   1  28  0.80 0.49
  120 D    -1  -2   2   6  -3  -2   0  -4  -4  -5  -4   1  -3  -1   3   0  -3  -6  -4  -4    5   1   9  39   1   1   6   1   0   1   2   8   1   3  12   8   1   0   1   1  0.83 0.56
  121 R     0   2  -1  -1  -4  -1  -1  -2  -1   0   0   3  -1  -2   3  -1  -1  -5  -1  -1   10  12   2   3   0   2   3   3   1   7   9  18   2   1  16   3   3   0   2   4  0.25 0.25
  122 E    -1  -2   1   3  -3  -1   4  -2  -1  -3  -3   0  -3  -6  -3   1   1  -6  -5  -3    6   2   5  16   1   2  31   2   2   1   3   6   1   0   1  12   7   0   0   2  0.56 0.45
  123 L    -1   0   0   1  -2   1   1  -2  -1   1   1   2   0  -3  -2   0   0  -4  -3   0    5   4   4   9   1   6   8   2   1   9  14  16   2   0   1   5   5   0   0   6  0.14 0.17
  124 L    -2  -4  -4  -3   0  -5  -1  -4  -3   2   5  -1   0  -2   0  -4  -3  -1  -3   0    3   1   1   1   2   0   5   2   1  11  51   5   2   1   5   1   2   1   1   6  0.71 0.48
  125 K    -1   0   1   1  -2   0   3  -3  -2   0  -1   3  -1  -2  -4  -1   0  -5  -3  -1    3   5   7   8   1   2  18   1   1   7   7  20   1   2   0   3   7   0   1   4  0.28 0.28
  126 P     0  -1  -2  -1  -1   0   0  -2  -1  -1  -2  -1  -2  -5   6   0  -1  -5  -4  -1    7   3   2   4   1   4   7   4   1   4   4   4   1   0  36   7   4   0   0   5  0.63 0.42
  127 N    -2  -2   3   0   0  -2  -1   4   0  -5  -3   0   0  -3  -2   1   0  -1  -4  -2    3   2  15   5   2   1   5  27   2   0   3   6   3   1   2  12   6   1   0   3  0.41 0.34
  128 A     0  -2  -1   1   3   0   1  -2  -3  -1   0  -1   2  -1   0   1   1  -4  -2   0    9   2   3   9   6   3   8   3   0   3   8   4   8   3   4   9  10   0   1   6  0.11 0.16
  129 S    -1   3   0  -3   0   0  -1  -2  -1   0   1   1  -1  -2  -3   2   0  -1  -2   0    3  20   4   1   2   4   3   3   1   5  13   8   2   1   1  15   5   1   1   7  0.22 0.24
  130 V    -3  -3  -6  -3   0  -3  -6  -4  -1   2   1  -3   0  -2  -3  -3  -3  -6  -3   6    2   1   0   2   2   2   0   2   1  11  10   2   2   2   1   2   1   0   1  57  1.11 0.67
  131 A     2  -1  -1  -1   0   0   0   1   0  -1   0  -1   0  -2  -1   1   1  -4  -1   0   17   3   3   3   2   3   6  10   2   3   9   3   2   2   2   9  12   0   1   8  0.08 0.13
  132 L    -2  -2  -1  -2  -1  -1  -1  -3  -1   1   3   0   3  -1  -2  -2  -1  -4  -1   2    2   2   4   2   2   2   3   2   2   6  32   6   8   2   2   3   4   0   2  14  0.28 0.26
  133 H    -1   1   2   2  -1   0   1  -2   3  -2  -1   0   1  -1  -2   0  -1  -4  -1  -2    3   6  12  14   2   4   9   2   9   3   6   6   4   3   2   6   4   0   2   2  0.20 0.20
  134 K    -1   1   2   2   0   1   0  -1   2  -1  -2   1   1  -1  -1   0  -1  -3   0  -1    5  10   9  10   3   6   5   4   6   3   4  10   5   3   3   5   3   0   3   4  0.11 0.14
  135 H     0   0   0   0  -3   1   0   0   2   0  -1   0   1   1  -3   0   0   3   1   0    6   6   5   6   0   5   6   6   5   6   6   6   5   5   0   6   6   5   5   6  0.06 0.10
  136 S    -2   0   0  -1  -1   0   0  -2  -1  -2  -1   1   0   0  -1   2   3  -5  -1  -1    2   5   5   3   1   4   5   3   1   2   6  10   2   5   3  17  20   0   2   5  0.22 0.26
  137 N    -1  -2   1   0   0   0   0  -2   2  -2   0   0   1   2  -3  -1  -1   1   4  -1    4   2   6   5   2   5   7   3   6   1  11   5   3   7   1   5   3   2  18   4  0.22 0.23
  138 A     3  -1  -1   0   0   1   0  -1   0  -1  -1  -1  -1  -1  -2   0   1  -4  -1   0   29   3   2   5   2   6   5   3   2   4   6   4   2   2   2   6  11   0   2   6  0.17 0.22
  139 L    -2  -2  -2  -1   0  -1  -2  -5   0   4   3  -2   2   0  -4  -2  -1  -4  -1   1    3   2   2   4   2   2   3   0   2  25  26   2   6   3   0   2   2   0   2  10  0.35 0.30
  140 V    -1   0   0  -1  -3   1  -1  -2   3   0   0   1   3   0  -3  -1   0  -3   0   1    4   4   3   3   0   5   3   3   8   6   8  11  11   4   0   4   5   0   4  12  0.12 0.17
  141 D     0   0   0   0   2   0   0   0   1   0  -1   0   1   0  -2   0   0  -2   1   0    6   6   5   6   5   5   6   6   5   6   6   6   5   5   0   6   6   0   5   6  0.03 0.07
  142 V    -1  -2  -3  -2  -2  -2  -1  -3  -3   4   0   0   0  -2   0  -2   1  -3  -1   4    5   2   1   2   0   1   3   1   0  24   4   6   1   0   5   2   7   0   2  31  0.37 0.22
  143 L    -1  -1  -3  -4  -3  -1  -2  -3  -3   0   5  -1   0  -1  -3  -2  -1  -3  -3  -1    5   3   1   1   0   3   3   1   0   3  62   4   1   2   1   2   3   0   1   3  0.63 0.30
  144 P    -2  -3  -3  -2  -4  -1  -1  -3  -1  -3  -2  -2   1  -4   7  -1   0  -4  -2  -3    2   1   1   2   0   3   3   2   2   1   5   2   3   1  59   5   6   0   2   1  1.33 0.45
  145 P     0   2   0   2  -3  -1  -1  -2  -2  -3  -3   1  -3  -3   4   1  -1  -4  -3  -2    7  14   4  12   0   2   3   2   1   1   1   9   0   1  21  14   3   0   1   2  0.41 0.21
  146 E    -1  -1   0   2  -4   1   5  -2  -1  -4  -4   2  -2  -3  -3   0   0  -3  -3  -3    5   1   4  12   0   4  41   2   1   1   1  13   1   1   1   7   5   0   0   1  0.61 0.30
  147 A     1  -3  -2  -3  -2  -2  -2  -3  -1   2  -1  -1   0  -1  -3  -1   1  -1   2   4   12   1   1   1   0   1   2   1   1  13   1   4   1   2   1   5   9   1   8  35  0.35 0.23
  148 D    -3   0   1   6  -3  -1   2  -2  -1  -3  -4  -1  -3  -5  -3  -1  -2  -4  -4  -3    1   6   4  57   1   2  11   2   2   1   1   4   1   0   1   3   2   0   0   2  1.06 0.43
  149 S    -1  -3  -3  -3  -5  -3  -2  -4  -3  -4  -5  -2  -3  -3   7   3  -3  -4  -3  -4    3   1   1   1   0   0   2   1   0   1   1   2   1   1  60  21   1   0   1   1  1.59 0.57
  150 S    -2   2  -1  -2  -3  -1  -2  -3  -3  -1   1  -2   0  -2  -3   5   0  -4  -3  -1    1  11   1   1   0   2   2   1   0   2  18   1   3   1   1  45   4   0   1   3  0.51 0.35
  151 I     3  -3  -4  -4  -2  -3  -3  -2  -4   3  -1  -3  -1  -3  -4  -2  -1  -5  -3   5   30   1   0   1   0   1   1   3   0  14   3   1   1   0   0   1   2   0   0  41  0.69 0.37
  152 M    -1  -1   0  -2  -3   0  -2  -3  -1  -1   1   1   5  -1  -3   2   1  -3   2  -2    3   3   5   1   0   3   1   1   1   2  12  10  21   2   1  16   8   0   9   1  0.30 0.25
  153 M     0   4   2  -3  -4  -1  -2  -1  -1  -1   0   0   3  -3  -3  -2  -2  -4  -3   1   10  31  10   1   0   1   1   4   1   1  10   5  11   0   1   1   1   0   0  10  0.38 0.26
  154 L    -3  -3  -4  -2  -4  -2   4  -4  -3  -1   1  -3   8  -1  -3  -3  -3  -4  -2  -2    1   1   0   1   0   0  30   1   0   2  12   0  41   3   1   1   1   0   1   2  1.08 0.51
  155 T    -1  -1  -2  -1  -1   0   1  -1  -2   1   0   1   0  -1  -2   0   1  -3  -1   2    2   1   1   1   1   4  13   5   1   6   7  11   3   2   1   8   9   0   1  21  0.10 0.13
  156 S     0  -2  -2  -2  -2   0  -1  -3   2   1   1  -2   1   0  -2   0   0  -3   0   3    5   1   1   2   0   4   3   1   7   4  17   2   5   5   2   8   4   0   2  26  0.15 0.15
  157 D    -1  -2  -1   3  -3  -1   3  -3  -1   1  -1  -2  -1  -2  -2   0  -1  -4  -3   2    2   1   2  18   0   0  26   1   1  10   6   0   1   1   2   7   1   0   0  19  0.35 0.24
  158 Q    -3  -1  -1   3  -5   1   6  -3  -1  -5  -5   2  -3  -5  -3  -2  -2  -5  -4  -4    1   1   2  16   0   6  52   2   1   0   0  15   0   0   0   2   1   0   0   0  0.99 0.43
  159 K     1   1  -1  -2  -2  -1  -1  -2  -3   1  -2   3  -1  -3   2  -1   0  -4  -3   2   11   7   2   1   0   1   1   2   0   7   2  24   1   0  11   2   5   0   0  22  0.29 0.21
  160 P    -2  -4  -2  -4  -5  -3  -3   1  -5  -5  -5  -3  -5  -6   8  -3  -3  -2  -5  -4    2   0   2   1   0   1   1  11   0   1   1   1   0   0  75   1   1   1   0   1  2.02 0.63
  161 D    -2   0   4   4  -3   1   0  -2  -1  -4  -3   2  -2  -4  -2  -1   2  -5  -4  -3    2   5  23  24   0   5   5   2   1   0   1  13   1   0   1   3  13   0   0   1  0.51 0.26
  162 V    -2  -4  -3  -2  -3  -2   2  -5  -4   2  -2  -3  -2  -2  -3  -1   0  -5  -3   5    1   0   0   2   0   1  17   0   0   8   1   0   0   1   1   5   5   0   0  58  0.79 0.39
  163 M    -2   1  -1  -1  -2   0  -2  -2   1  -3  -3   2   0  -3  -3   3   4  -4  -1  -3    1   7   2   3   1   2   1   2   4   0   2  12   3   0   0  26  32   0   2   1  0.47 0.30
  164 Y    -5  -5  -6  -6   0  -4  -5  -6  -2  -5  -4  -5  -4   3  -6  -5  -5   9   8  -5    0   0   0   0   2   1   0   0   0   0   1   0   0  11   0   0   0  31  53   0  2.37 0.70
  165 A     2  -2   2   2  -1   0   2  -1  -2  -4  -4  -1  -3  -4  -3   3   1  -5  -4  -3   18   0  11  13   1   2  18   2   0   0   1   3   0   0   0  24   6   0   0   1  0.42 0.25
  166 D    -1  -4  -1   7  -5  -2   2  -3  -1  -5  -5  -3   1  -5  -4  -2  -3  -6  -5  -5    5   0   1  72   0   1   9   1   1   0   0   0   5   0   0   2   0   0   0   0  1.52 0.53
  167 I    -3  -5  -5  -5  -3  -4  -5  -5  -5   6  -1  -1  -1  -3  -5  -3  -2  -5  -4   4    0   0   0   0   0   0   0   0   0  57   2   4   0   0   0   1   1   0   0  32  1.22 0.46
  168 G    -2  -5  -3  -4  -5   0  -4   7  -5  -6  -6  -4  -5  -6  -5  -3  -4  -5  -5  -4    2   0   0   0   0   4   0  90   0   0   0   0   0   0   0   0   0   0   0   1  2.00 0.61
  169 G    -2  -5  -3  -4  -5  -4  -4   7  -5  -5  -5  -4  -5  -6  -3  -3  -4  -5  -6  -2    1   0   0   1   0   0   0  90   0   0   1   0   0   0   1   1   0   0   0   4  1.95 0.61
  170 M    -3  -4  -3  -5   2   1  -3  -5  -3   0   5  -4   3  -2  -5  -4  -3  -4  -1   0    1   0   1   0   5   9   1   1   1   1  66   0   6   0   0   0   0   0   2   6  0.87 0.40
  171 D    -1  -2   0   5  -4   0   3  -2  -1  -4  -4   1  -3  -4  -3   1  -1  -4   0  -4    4   1   3  36   0   2  25   2   1   0   1   8   0   0   1   8   3   0   4   0  0.67 0.31
  172 I     0  -1   1   3  -4   1   4  -2   0  -1  -3   2  -1  -3  -2   0   0  -4  -3  -3    7   1   5  16   0   5  28   2   2   4   2  15   1   1   1   5   6   0   0   1  0.38 0.22
  173 Q     1  -1  -3  -3  -4   6   1  -4  -3   1  -1  -2  -2  -4  -3  -2  -1  -4  -4   2   10   1   0   0   0  46   7   0   0   7   6   0   0   0   0   1   2   0   0  18  0.74 0.40
  174 K    -1  -1  -3  -4  -4  -2  -3  -4  -4   5  -1   5  -1  -3  -4  -3  -2  -5  -4   0    4   2   1   0   0   0   0   1   0  44   5  39   1   0   0   0   1   0   0   2  0.85 0.41
  175 Q    -1   3  -1  -1  -4   5   2  -3  -1  -3  -1   1  -1  -3  -3  -2  -2   0  -3  -1    3  16   2   3   0  34  16   1   0   1   6   9   1   1   0   1   1   1   0   4  0.58 0.30
  176 E     0   1  -2   1  -5   2   5  -4  -1  -4  -2   2  -1  -4  -3  -1  -2  -4  -3  -3    6   7   1   5   0   6  50   0   1   1   4  15   2   0   0   1   1   0   0   0  0.73 0.34
  177 V    -3  -4  -5  -5  -3  -4  -4  -5  -5   3   5  -4   1  -1  -4  -4  -3  -4  -3   3    0   0   0   0   0   0   0   0   0  21  55   0   3   1   0   0   0   0   0  18  0.90 0.35
  178 R    -2   6  -2  -3  -3   1  -1  -4  -2  -1  -3   4  -2  -3   0  -2  -2  -4  -3  -1    1  46   1   1   1   6   2   0   0   4   1  23   1   1   4   1   2   0   0   6  0.79 0.35
  179 E    -3  -1   0  -1  -6   2   7  -4  -2  -5  -5  -2  -4  -6  -4  -2  -3  -5  -4  -4    1   2   4   1   0   7  82   0   0   0   0   0   0   0   0   1   0   0   0   1  1.64 0.58
  180 A     4  -3  -2  -3  -1  -3  -3  -2  -3   0  -2  -3   1  -2  -3   2   0  -1  -2   2   40   0   1   0   1   0   0   1   0   4   2   0   5   1   0  18   6   1   0  21  0.47 0.29
  181 V    -2  -4  -5  -5  -3  -4  -2  -5  -5   5  -1  -4  -1  -1  -4  -4  -2  -5  -3   6    2   0   0   0   0   0   4   0   0  31   2   0   0   2   0   0   0   0   0  57  1.07 0.42
  182 E    -3  -2  -2   0  -5   1   7  -4  -3  -3  -4  -2  -4  -5  -4  -3  -3  -5  -4   0    1   1   1   2   0   5  78   0   0   1   1   0   0   0   0   0   1   0   0   8  1.43 0.54
  183 L    -4  -3  -5  -1  -3  -4  -4  -5  -4  -1   4  -4   1   0  -5  -4  -2   8   1  -2    1   1   0   4   0   0   1   0   0   1  53   0   2   3   0   1   3  26   4   0  1.18 0.42
  184 P    -1  -5  -5  -3  -5  -4  -4  -4  -5  -5  -5  -4  -5  -6   8  -2  -4  -6  -5  -4    5   0   0   1   0   0   0   1   0   0   0   0   0   0  87   2   0   0   0   1  2.53 0.68
  185 L    -3  -4  -5  -5  -3  -2  -4  -5  -5   2   5  -4   3  -1  -5  -4  -2  -2  -3   1    0   0   0   0   0   1   1   0   0   8  68   0   9   2   0   0   1   1   0   7  0.98 0.39
  186 T    -2   1  -2  -2  -2   0   0  -4  -2  -1   1   3   2  -3  -3  -1   3  -4  -3  -1    1   6   1   0   1   2   5   0   1   3  18  28   5   0   0   2  25   0   0   2  0.37 0.26
  187 H    -3  -1   4  -1  -2   0  -1  -4   8  -5  -5  -1  -3  -2  -3  -1  -3  -4   3  -5    1   2  19   2   1   3   4   1  48   0   0   3   0   1   1   3   0   0  10   0  1.29 0.48
  188 F    -1  -2  -4  -1  -5  -3  -3  -3  -2  -3  -4   0  -2   0   7  -2  -3  -5  -4  -4    6   2   0   3   0   1   1   2   1   1   1   5   1   5  67   3   0   0   0   1  1.59 0.51
  189 E    -3  -2  -1   2  -6   0   6  -3  -2  -4  -5   0  -4  -5  -4  -2  -3  -5  -3  -2    1   1   2  12   0   2  71   1   1   1   0   3   0   0   0   1   0   0   1   3  1.29 0.50
  190 L     1   1  -3  -3  -2  -2  -2  -3  -3   1   3   1   0  -2  -3  -1  -1  -3   0   0   13   8   0   1   0   1   0   0   0   5  44  10   1   0   0   3   2   0   4   5  0.29 0.20
  191 Y    -4  -5  -5  -6  -5  -5  -5  -6  -3  -2  -2  -5   1   8  -6  -4  -4  -1   5  -3    1   0   0   0   0   0   0   0   0   1   2   0   4  70   0   1   0   0  22   0  1.92 0.57
  192 K    -1   2  -1   0  -4   1   3  -3  -1  -1   0   3  -1  -2  -2  -1  -1  -4  -3  -1    5   9   1   4   0   6  29   0   1   2   9  20   1   1   0   2   4   0   0   5  0.31 0.19
  193 Q    -1   4   0  -1  -4   2   2  -3   2  -4  -3   3  -3  -3  -3  -1  -1  -1  -2  -3    4  32   4   2   0   9  12   0   7   0   1  19   0   1   0   4   2   1   1   0  0.53 0.24
  194 I    -1  -3  -4  -4  -3  -3  -4  -4  -4   3   3  -3   4   1  -4  -1  -1  -3  -1   3    2   0   0   0   0   0   0   0   0  20  27   0  17   6   0   4   1   0   1  21  0.52 0.24
  195 G    -2  -1  -1  -2  -5  -3   0   7  -3  -6  -6  -2  -5  -5  -4  -2  -4  -5  -5  -5    1   3   3   1   0   0   7  83   0   0   0   1   0   0   0   1   0   0   0   0  1.53 0.46
  196 I    -2  -4  -4  -5  -2  -4  -5  -4   2   6   1  -4   1  -2  -5  -3  -2  -4  -3   2    3   0   0   0   0   0   0   1   6  67  10   0   2   0   0   1   1   0   0   7  0.99 0.38
  197 D    -1   2  -1   2  -3   2   2  -2  -1  -2  -3   3  -1  -4   0   0   0  -4  -3  -2    5  10   1  15   0  10  12   1   1   2   1  25   1   0   3   5   7   0   0   1  0.34 0.17
  198 P     1  -4  -4  -3  -4   0  -2  -3  -3  -2  -3  -3  -3  -5   8  -2  -2  -5  -4  -3   13   0   0   0   0   4   1   1   0   2   2   0   0   0  71   2   1   0   0   1  1.74 0.48
  199 P     0  -3  -4  -3  -4  -3  -3  -2  -3  -3  -4  -1  -4  -3   8   0  -2  -5  -3  -3    8   1   0   0   0   0   0   3   0   1   1   3   0   1  71   6   1   0   1   1  1.71 0.47
  200 R    -2   3   0  -2   1   2  -1  -3  -1  -4  -4   6  -2  -4  -3  -1  -2  -4  -3  -3    2  14   3   1   3   8   1   1   1   0   1  59   0   0   0   2   2   0   0   1  0.85 0.32
  201 G    -1  -2  -1  -2  -1  -2  -2   6  -2  -4  -4   0  -3  -3  -2   1  -2  -3  -3  -3    3   1   1   1   1   1   1  65   1   1   2   8   0   1   1  11   1   0   1   1  0.93 0.27
  202 V    -1  -3  -3  -3   3  -3  -3  -3  -3   3   0  -3   0  -1  -3  -2  -1  -3  -2   5    3   1   1   1   7   1   2   1   0  14   4   1   1   1   1   1   2   0   1  58  0.60 0.23
  203 L    -2  -3  -3  -3  -2  -2  -3  -3  -3   2   5  -3   1   0  -3   0  -2  -2  -2   0    1   1   1   1   0   1   1   1   0   8  65   1   2   4   1   7   1   0   1   2  0.57 0.22
  204 M    -2  -3  -3  -3   0  -2  -3  -3  -3   0   4  -3   3   3  -3  -3  -2  -2   0   0    1   1   1   1   2   1   1   1   0   2  57   1  11  12   1   1   1   0   2   2  0.57 0.22
  205 Y    -2  -2  -1  -2  -2  -2  -2  -3   3  -2  -1  -2  -1   3  -3   0  -1   0   7  -2    2   1   4   1   1   1   2   1   6   1   4   1   1  10   1   8   3   0  49   2  0.78 0.27
  206 G    -1  -3  -2  -2  -3  -2  -3   6   0  -3  -3  -2   2  -1  -3  -2  -2  -3  -3  -3    1   1   1   1   0   1   1  71   3   1   2   1   8   3   1   1   1   0   1   1  1.06 0.30
  207 P    -1  -2  -3  -2  -2  -2  -2  -3  -3  -3  -3  -1  -2  -3   7  -1  -2  -4  -4   0    5   2   1   1   1   1   2   1   0   1   2   4   1   1  65   4   1   0   0   9  1.41 0.36
  208 P    -2  -3  -3  -3  -3  -3  -3  -3  -3  -3   1  -3  -2  -3   7  -1  -2  -4  -4  -2    1   1   1   1   0   1   1   1   0   1  15   1   0   0  68   4   2   0   0   3  1.56 0.38
  209 G    -2  -3  -2  -3  -4   0  -3   6  -3  -4  -4  -2  -3   1  -3  -1  -3  -3  -3  -4    1   1   1   1   0   6   1  74   0   1   1   2   0   8   1   2   1   0   0   1  1.19 0.36
  210 C    -2  -3  -2  -3   6  -3  -3  -3  -3  -1  -1  -2  -1   1  -3  -1   5  -3  -2   0    1   1   1   1  22   0   1   1   0   1   5   2   1   7   1   2  47   0   0   7  0.73 0.32
  211 G    -1  -3  -2  -1  -3   0  -1   6  -3  -4  -4  -2  -3   1  -3   1  -2  -3  -3  -3    2   1   0   2   0   5   5  61   0   1   1   1   0   7   1  11   2   0   0   1  0.85 0.30
  212 K    -2   2  -2  -2  -4  -1  -1  -3  -2  -3  -1   7  -3  -4  -3  -2  -2  -4  -3  -3    1  10   0   1   0   0   1   1   0   1   7  74   0   0   1   1   1   0   0   1  1.11 0.41
  213 T     0   0  -2  -3  -3  -3  -3  -3  -4  -2  -2  -3  -3   0  -3   1   7  -4  -3  -2    5   4   0   0   0   0   0   0   0   1   3   0   0   4   0   9  71   0   0   0  1.09 0.50
  214 M    -3  -4  -4  -5   3  -3  -4  -5  -4   0   5  -4   4   1  -4  -4  -2  -1   1  -1    1   0   0   0   6   1   0   0   0   1  61   0  14   4   0   0   1   1   5   1  0.82 0.37
  215 L    -2   1  -4  -4   0  -3  -4  -4  -4   2   4  -3   2  -1  -4  -3  -2   3  -2   0    1   8   0   0   2   0   0   0   0  15  55   0   4   1   0   1   2   5   0   3  0.62 0.30
  216 A     5  -3  -3  -3   2   0  -2  -2  -3  -2   0  -2  -2  -3  -1   0  -1  -4  -3   1   60   0   0   0   4   5   0   1   0   0   8   0   0   0   3   4   2   0   0   9  0.63 0.35
  217 K    -3   5  -2  -3  -4   1  -1  -3  -1  -3  -1   5   1  -4  -3  -2  -2  -1  -3  -3    1  33   1   0   0   5   1   1   1   0   8  39   5   0   0   2   0   1   0   0  0.79 0.36
  218 A     6   0  -3  -4   0  -1  -3  -1  -4  -2  -3  -3  -3   1  -3  -1  -2  -4  -3  -2   70   5   0   0   1   3   0   3   0   2   2   0   0   5   0   2   2   0   0   2  0.92 0.48
  219 V    -2  -4  -4  -4   3  -3  -4  -4  -4   3   1  -3   1   0  -4  -3   0   3  -2   4    2   0   0   0   6   0   1   1   0  17  14   0   4   3   0   1   7   5   0  37  0.54 0.29
  220 A     6  -3  -3  -4   1  -3  -2  -2   2  -3  -3  -3  -3  -3  -1  -1  -2  -4   1   0   69   0   0   0   3   0   2   1   5   0   1   0   0   0   2   3   0   0   5   6  0.95 0.48
  221 H     0  -1   4  -1   0  -1  -1  -1   3  -1  -2  -1  -2  -1   0   2   1  -3   1  -2    7   1  24   0   2   2   3   3   8   5   2   2   0   2   3  16  11   0   5   1  0.27 0.22
  222 H    -1  -1   3  -1   3   3   3  -2   2  -4  -3   0  -1  -3  -2   1   0   2  -2  -3    3   2  14   2   8  13  26   1   5   0   1   3   1   0   1   9   4   3   1   2  0.40 0.26
  223 T     0  -2  -2  -3   4  -3  -3  -2  -3   0   1  -3   1  -3  -2   2   4  -4  -3  -1    6   1   0   0   9   0   0   2   0   6  16   0   4   0   2  14  35   0   0   3  0.45 0.31
  224 T    -2  -1   3   3  -2   0   1   1   0  -2  -1   1  -2  -4  -3   0   1  -4  -3  -3    1   3  15  22   1   4   9   9   2   2   6   7   1   0   0   7  12   0   0   0  0.30 0.21
  225 A     5  -2  -4  -4   5  -3  -3   0  -4  -1  -1  -3  -1  -3  -3   0  -2  -4  -2   0   56   2   0   0  14   0   0   5   0   2   7   0   1   0   0   5   1   0   2   5  0.74 0.37
  226 A     0  -1   5  -1   2  -2  -2  -2   0  -2  -3  -1  -3  -3  -1   0   4  -5  -2  -1    9   2  32   2   5   0   0   1   3   1   1   4   0   0   2   6  27   0   1   5  0.53 0.31
  227 F    -5  -5  -6  -6  -5  -5  -1  -4  -4  -3  -2  -5  -3   9  -6  -5  -5   0   1  -3    0   0   0   0   0   0   5   2   0   0   1   0   0  87   0   0   0   1   2   1  2.26 0.68
  228 I    -3  -4  -4  -5  -3  -4  -5  -5  -4   6   3  -4   0   2  -3  -4  -2  -4  -1   0    0   1   1   0   0   0   0   1   0  51  28   0   1   9   2   0   2   0   1   3  0.87 0.36
  229 R     0   5  -1  -3  -2  -1  -1   0   0  -3  -2   3  -2  -3  -2   2  -1  -4  -2  -2    9  33   1   0   1   1   2   5   2   1   3  18   1   1   1  17   3   0   1   1  0.46 0.26
  230 V    -2  -4  -5  -5  -2  -4  -3  -5  -5   4   1  -4   0  -2  -4  -3  -2  -5  -3   5    2   1   0   0   0   0   2   0   0  22  12   0   1   0   0   1   1   0   0  56  0.96 0.39
  231 V     0  -1   1  -1  -2  -2  -2  -3  -1   0   0   2  -2  -3  -2   2   0  -4  -3   3    7   1   6   2   0   0   0   1   1   5   6  20   0   0   1  16   3   0   0  29  0.25 0.22
  232 G     1  -4  -3  -3  -2  -4  -3   6  -4  -5  -5  -4  -5  -5  -4   1  -3  -5  -5  -5   10   0   0   0   1   0   1  75   0   0   0   0   0   0   0  10   1   0   0   0  1.50 0.50
  233 S     0  -3  -3  -3  -4  -3  -3  -3  -1  -4  -4  -3   1  -5   5   5   0  -5  -4  -4    5   1   0   0   0   0   0   1   1   0   0   0   5   0  33  48   5   0   0   0  1.14 0.48
  234 E     0  -2  -2   0  -5   2   6  -3  -3  -5  -4   1  -4  -5  -2   0  -2  -5  -4  -4    7   0   0   4   0   7  60   1   0   0   1   7   0   0   1   8   2   0   0   1  0.98 0.43
  235 F    -3  -4  -5  -5  -2  -4  -5  -5  -4   3   5  -3   0   2  -5  -4  -3  -3  -2   0    0   0   0   0   1   0   0   0   0  18  63   2   1   9   0   0   0   0   1   3  0.93 0.37
  236 V    -1  -3  -4  -3  -3  -3  -3  -4  -4   3   1  -3   2   2  -4  -1  -1  -3  -1   4    3   0   0   1   0   0   1   0   0  15  12   1   7   9   0   6   2   0   1  39  0.47 0.24
  237 Q    -2   0   2   1  -4   6   0  -3   0  -3  -4   0  -3  -4  -3   3  -1  -4  -2  -3    0   3  10   8   0  40   3   1   2   1   1   4   0   0   0  21   3   0   1   1  0.72 0.36
  238 K    -3   0  -1  -3  -4  -1  -2  -4  -3  -4  -3   7   4  -4  -2  -2   0  -4  -2  -4    1   3   2   0   0   1   0   1   0   0   2  69  11   0   1   2   5   0   1   0  1.17 0.48
  239 Y    -4  -4  -3  -3  -3  -4  -3  -5  -1  -3  -2  -4  -2   4  -5  -3  -4   8   8  -4    1   0   1   2   0   0   1   1   1   0   2   1   1  14   0   1   1  22  50   1  1.74 0.53
  240 L    -2  -3  -4  -4  -3  -2  -4  -4  -3   4   2  -3   0   0  -3  -2  -2  -3   2   4    1   0   0   0   0   1   1   1   0  30  18   1   1   3   1   2   0   0   7  32  0.59 0.26
  241 G    -2  -4  -2  -2  -3  -3   0   7  -3  -5  -5  -3  -4  -5  -4  -2  -4  -4  -5  -5    1   0   1   2   1   0   6  83   1   0   1   0   0   0   0   2   1   0   0   1  1.64 0.50
  242 E    -3  -3  -2   3  -5   0   6  -3  -3  -4  -4  -1  -4   0  -3  -2  -3  -4  -4  -2    1   0   1  19   0   2  62   1   0   0   1   2   0   5   0   1   0   0   0   2  1.13 0.44
  243 G    -1  -2  -2  -3  -4  -3  -3   5  -3  -5  -5  -3  -4  -4  -3   4  -1  -4  -4  -4    2   2   0   0   0   0   0  50   0   0   1   0   0   0   0  39   1   0   0   1  1.11 0.43
  244 P     3  -3  -3  -2  -3  -2   4  -3  -3  -3  -4  -2  -3  -4   4   1  -2  -5  -4  -1   29   0   0   0   0   0  29   1   0   0   0   0   0   0  21  10   1   0   0   6  0.71 0.35
  245 R     0   5  -2  -3  -1   0   0  -3  -2  -4  -3   4  -3  -2  -3  -2   0  -4  -3  -4    7  40   0   0   2   3   3   1   0   1   1  32   0   2   0   2   5   0   0   0  0.84 0.36
  246 M     1   0  -1  -4  -3  -1  -3  -2  -1   0   2  -1   6  -1  -3  -2  -1   3  -2  -1   15   5   4   0   0   2   0   3   1   3  26   2  26   2   0   1   2   5   0   2  0.40 0.26
  247 V    -3  -4  -5  -5   0  -4  -4  -4  -5   4   1  -4   2  -3  -3  -4  -2  -4  -3   6    0   0   0   0   2   0   1   1   0  20   8   0   5   0   1   0   1   0   0  59  0.96 0.39
  248 R    -4   8  -3  -4  -4  -1  -2  -5  -2  -5  -5   1  -4  -2  -5  -3  -4   0  -4  -5    1  84   0   0   0   1   1   0   0   1   0   6   0   2   0   1   0   1   0   0  1.90 0.63
  249 D    -3  -2   0   4  -5   1   6  -3  -2  -4  -3   0  -3  -5  -3  -1  -2  -5  -4  -1    1   1   3  23   0   4  52   1   0   0   3   3   0   0   0   2   1   0   0   5  0.95 0.41
  250 V    -1  -4  -3  -4  -1  -3  -2  -4  -3   3   3  -3   4  -1  -4  -3  -1  -3  -1   3    6   0   1   0   1   0   2   0   0  14  35   1  11   0   0   0   3   0   1  22  0.51 0.25
  251 F    -5  -5  -6  -6  -5  -2  -6  -1  -4  -3  -2  -6  -3   9  -6  -5  -5   1   0  -4    0   0   0   0   0   2   0   5   0   0   2   0   0  87   0   0   0   1   1   0  2.27 0.68
  252 R    -1   4   1   1  -1   1   1   0  -1  -3  -2   1  -2  -3  -2  -1  -1  -4  -3  -1    5  31   6   7   2   5  11   8   0   1   3   9   0   1   1   3   2   0   0   5  0.32 0.19
  253 L    -2   0  -3  -2  -3  -1  -1  -4  -1   1   2   2   4  -1  -3  -2  -1  -2   3   1    2   5   0   2   0   1   4   0   1   6  24  18  13   1   0   0   2   0  12   9  0.28 0.21
  254 A     6  -4  -4  -4   2  -3  -3  -2  -4  -4  -4  -3  -3  -5  -3  -1  -2  -5  -4  -3   87   0   0   0   5   0   0   2   0   0   1   0   0   0   1   1   1   0   0   0  1.48 0.56
  255 K    -2   6  -2  -2  -5   0   1  -1  -2  -5  -4   4  -3  -5  -3  -2  -3  -5  -4  -4    2  50   0   2   0   2  10   5   0   0   1  24   0   0   0   2   1   0   0   0  1.01 0.40
  256 E     0  -1  -1   2  -4   3   4  -3  -1  -3  -3   0   0   0  -3   0  -1  -4  -2  -3    7   2   2   9   0  15  38   1   1   1   2   5   2   5   0   7   3   0   0   0  0.50 0.27
  257 N     1   0   3  -1  -2  -1  -1   0   5  -2  -2   2  -2  -3  -2   0  -1  -4  -1   0   12   2  17   1   0   2   1   5  20   1   3  17   1   1   1   5   2   0   2   8  0.34 0.21
  258 A     5  -2  -2  -3  -1   1  -1  -1  -3  -3  -3   1  -3  -4  -3   2  -1   3  -3  -2   51   2   0   0   1   8   3   2   0   0   1   8   0   0   0  15   1   5   0   1  0.61 0.32
  259 P     0  -3  -4   0  -5  -3  -3  -2  -3  -5  -5  -3  -4  -5   8  -3  -3  -5  -5  -4    7   1   0   5   0   0   1   2   0   0   1   1   0   0  78   1   1   0   0   1  2.11 0.59
  260 A     2  -3  -3  -3   7  -3  -3  -3  -3  -3  -1  -3  -3  -2  -3   3   0  -4  -3  -2   20   0   0   0  30   0   1   1   0   0   5   1   0   2   0  30   5   0   1   1  0.88 0.37
  261 I    -3  -5  -5  -5  -3  -4  -5  -1  -5   7   0  -4  -1  -3  -4  -4  -3  -4  -3   2    1   0   0   0   0   0   0   5   0  75   4   0   0   0   0   1   0   0   0  10  1.35 0.48
  262 I    -3  -4  -5  -5  -3  -4  -4  -5  -5   6   1  -4   0   1  -4  -4  -3  -4  -3   3    1   0   0   0   0   0   0   1   0  59   7   0   1   5   0   1   0   0   0  23  1.09 0.40
  263 F    -5  -5  -5  -5  -5  -5  -5  -5  -4  -3  -2  -5  -1   9  -5  -5  -4   4   1  -3    1   0   0   0   0   0   0   1   0   0   1   0   1  85   0   1   0   5   2   1  2.23 0.64
  264 I    -3  -3  -4  -5  -3  -4  -4  -5  -4   5   1  -4   5   5  -4  -4  -3  -3  -1   1    1   1   0   0   0   0   0   1   0  38   8   0  15  27   0   1   1   0   0   6  0.88 0.36
  265 D    -4  -4  -2   8  -5  -3   0  -3  -4  -5  -5  -3  -5  -2  -4  -3  -4  -5  -3  -5    1   0   0  85   0   0   5   2   0   0   1   0   0   2   0   1   0   0   1   0  1.92 0.60
  266 E    -3  -3  -3  -1  -5  -1   7  -4  -3  -5  -5  -1  -4  -5  -4   0  -3  -5  -4  -3    1   0   0   0   0   1  84   1   0   0   1   1   0   0   0   7   0   0   0   2  1.69 0.59
  267 I    -3  -4  -5  -5  -3  -4  -4  -5  -5   6   1  -4   1  -1   0  -4  -2  -4  -3   2    1   0   0   0   0   0   0   1   0  61  11   0   2   2   5   1   1   0   0  13  0.99 0.38
  268 D    -4  -4   1   8  -5  -3   0  -4  -3  -5  -5  -3  -5  -5  -4  -2  -3  -5  -5  -5    1   0   6  84   0   0   2   1   0   0   1   1   0   0   0   1   1   0   0   1  1.92 0.57
  269 A     5  -3  -3  -3  -3  -3  -3  -1  -3  -2  -3  -3  -3  -4   1   2  -2  -4  -3  -2   64   1   0   1   0   0   1   2   0   2   1   1   0   0   6  19   1   0   0   1  0.93 0.40
  270 I    -3  -4  -4  -4  -3  -4  -4  -3  -4   6   2  -4   0  -2  -2  -4  -3  -4  -3   2    1   0   0   1   0   0   1   2   0  61  18   1   1   1   2   1   1   0   0  10  0.98 0.37
  271 A     4  -2  -2  -3  -1  -3  -3   5  -3  -3  -3  -3  -3  -4  -3   1  -1  -4  -4  -2   35   2   0   1   1   0   1  42   0   1   1   1   0   0   1   8   2   0   0   3  0.77 0.32
  272 T     0  -1  -1  -2  -2   0  -2   3  -2  -2  -3  -1  -2  -3   3   2   3  -4  -3  -1    4   3   1   1   0   5   1  23   1   2   1   2   1   0  13  15  23   0   0   4  0.40 0.22
  273 K     1   3   1  -2  -2   0   0  -2   0  -2  -3   4  -1  -3  -2   0  -1  -4  -2  -2   14  16   5   1   1   2   4   2   2   3   1  35   1   0   1   6   3   0   1   3  0.39 0.22
  274 R    -4   8  -3  -4  -5  -1  -2  -3  -3  -5  -4   0  -4  -5  -3  -2  -3  -2  -4  -4    1  85   1   1   0   1   1   2   0   0   2   1   0   0   1   2   1   1   0   1  1.83 0.58
  275 F    -1  -1  -1   0  -3  -2   0   2  -1  -1  -1  -2  -1   5  -3   0  -1  -1   3  -2    2   3   2   5   0   1   6  16   1   2   3   1   1  28   1  10   4   0  10   2  0.32 0.19
  276 D     0  -1   0   4  -3  -1   2   1  -1  -3  -3  -1  -3  -3  -2   3  -1  -4  -3  -3    6   2   3  31   0   2  11  10   1   2   2   1   0   1   1  22   2   0   1   1  0.47 0.23
  277 A     1  -2   0   2  -3  -1   1   2  -2  -3  -3  -1  -1  -3   0   2   0  -3  -2  -1   11   1   3  11   0   2  10  18   0   1   1   1   1   1   5  23   5   0   1   4  0.28 0.18
  278 Q    -1  -2   1   0  -3   2   0   4   0  -3  -3  -2  -2  -3  -2   2   1  -3  -2  -2    3   1   6   6   0  12   6  31   2   1   2   1   1   1   1  14   8   0   1   3  0.36 0.20
  279 T     0  -1   0   0  -1   0   0   2  -1  -2  -2   0  -1  -1  -2   2   3  -2  -1  -1    6   3   2   4   1   3   4  15   1   2   2   4   2   3   1  18  22   0   1   5  0.19 0.14
  280 G    -1  -2   0   0  -3  -2   0   5  -2  -3  -4  -2  -2  -4  -2   3  -1  -4  -3  -2    3   1   3   4   0   1   6  43   1   1   1   1   1   0   1  26   3   0   0   3  0.65 0.29
  281 A     3  -3  -1   0  -2  -2  -1   4  -2  -3  -3  -2  -3  -4  -2   1  -1  -4  -2  -1   25   1   2   4   1   1   4  38   1   1   2   1   0   0   2   8   3   0   1   5  0.54 0.27
  282 D    -2  -3   0   6  -4  -1   2   0   0  -5  -5  -2  -4  -5  -2   1   0  -5  -4  -4    1   1   3  46   0   1  14   7   2   0   1   1   0   0   2  13   7   0   0   1  0.84 0.38
  283 R    -2   6   2   0  -5   0  -1   0   2  -5  -4   0  -3  -4  -4   1  -2  -4  -2  -4    2  45   9   4   0   3   3   6   5   0   1   4   1   0   0  13   2   0   1   1  0.73 0.36
  284 E    -1  -3  -2  -1  -4  -2   6  -3  -1  -3  -3  -1  -1  -4  -4  -2  -2  -5  -4   3    5   1   1   1   0   0  59   1   1   1   1   2   2   0   0   2   1   0   0  21  1.01 0.47
  285 V     0  -2  -3  -3  -1  -1  -1  -1  -1   3  -1  -2   0  -1  -2  -1   1  -2  -3   4    6   3   1   1   1   2   3   5   2  18   2   1   1   2   1   5   7   0   0  40  0.38 0.24
  286 Q    -2  -1   0   2  -5   7   2  -3   0  -5  -4  -1  -3  -4  -4  -2  -2  -4  -2  -4    3   2   4  11   0  54  14   1   1   0   1   2   0   1   0   1   1   0   1   1  1.16 0.50
  287 R    -4   8  -2  -5  -6  -1  -3  -4  -2  -6  -5   0  -4  -6  -5  -2  -3  -2  -5  -5    0  86   1   0   0   2   1   1   1   0   0   2   0   0   0   3   1   1   0   0  2.08 0.71
  288 I    -2  -4  -4  -5  -4  -4  -4  -5  -5   3  -2  -4  -1  -4  -4  -2   5  -5  -4   4    2   1   0   0   0   0   0   0   0  19   1   0   1   0   1   0  46   0   0  29  1.07 0.50
  289 L    -3  -5  -5  -6  -4  -4  -5  -6  -5   1   4  -5   7  -2  -5  -3  -3  -4  -4   3    0   0   0   0   0   0   0   0   0   5  43   0  30   1   0   1   1   0   0  17  1.16 0.48
  290 L     1  -3   2  -2  -2  -3  -4  -3  -4  -1   4  -3   5  -3  -4   1   0  -2  -3  -1   11   0  11   1   0   0   0   1   0   2  42   0  15   0   0  10   4   1   0   1  0.54 0.34
  291 E    -3  -3  -3  -2  -6   6   6  -5  -3  -6  -5  -2  -4  -6  -4  -2  -1  -6  -5  -5    1   0   0   0   0  38  54   0   0   0   1   1   0   0   0   1   3   0   0   0  1.63 0.66
  292 L    -4  -5  -6  -6  -4  -5  -6  -6  -6   2   6  -5   2  -1  -6  -4  -4  -5  -4  -2    0   0   0   0   0   0   0   0   0   9  84   0   3   2   0   1   0   0   0   1  1.53 0.57
  293 L    -4  -3  -5  -6  -4  -5  -6  -6  -6   0   6  -4  -1  -2  -6  -5  -4  -5  -4   0    0   1   0   0   0   0   0   0   0   3  90   1   0   0   0   0   0   0   0   4  1.60 0.60
  294 N     0  -3   6  -1  -4  -3  -3  -3  -3  -3  -5  -3  -4  -5  -4   1   4  -6  -4  -2    7   0  48   2   0   0   0   1   0   1   0   0   0   0   0   9  27   0   0   3  1.11 0.51
  295 Q    -3  -3  -2  -3  -3   7   5  -5  -1  -5  -1  -2  -3  -6  -3  -2  -4  -5  -5  -4    1   0   1   0   1  52  34   0   1   0   6   0   0   0   1   3   0   0   0   0  1.42 0.61
  296 M    -4  -4  -6  -6  -2  -4  -5  -6  -5   1   4  -5   8  -2  -5  -5  -4  -5  -4  -2    0   1   0   0   1   0   0   0   0   6  44   0  46   0   0   0   0   0   0   0  1.63 0.61
  297 D    -5  -5  -2   8  -7  -4  -2  -3  -5  -6  -4  -4  -6  -7  -5  -3  -5  -7  -6  -6    0   0   1  93   0   0   0   1   0   0   2   0   0   0   0   2   0   0   0   0  2.47 0.81
  298 G    -3  -5  -4  -5  -6  -5  -5   7  -2  -7  -7  -4  -6  -4  -5  -3  -4  -6  -6  -6    0   0   0   0   0   0   0  93   1   0   0   1   0   1   0   1   1   0   0   0  2.25 0.73
  299 F    -4  -5  -6  -4  -1  -2  -5  -6  -3   2   1  -5   2   7  -6  -5  -4  -3  -1   1    0   0   0   1   1   2   0   0   1  11  13   0   4  58   0   0   0   0   0   8  1.36 0.51
  300 D    -2  -3   0   5  -5   0   4  -2  -2  -4  -5   0  -3  -5  -4   0  -1  -3  -5  -3    1   0   4  37   0   4  30   3   1   1   1   4   1   0   0   8   3   0   0   1  0.86 0.40
  301 Q     1  -1   0   0  -2   3   2  -1  -2  -3  -3   0  -3  -3   3   2   0  -4  -2  -2   13   2   3   5   1  14  12   3   0   0   1   3   0   1  12  19   6   0   1   2  0.33 0.23
  302 N    -3   4   3   0  -4  -2  -3  -4  -2  -2   3   0   0  -3  -4   0   1  -4  -3  -2    1  24  14   4   0   1   0   0   1   1  31   4   2   0   0   7   9   0   0   0  0.45 0.30
  303 V    -1  -1   0   1  -4   0   1   4   1  -3  -3   2  -3  -4  -2  -1   0   0  -3   0    1   2   4   7   0   3  10  31   3   0   1  16   0   0   1   4   5   1   0  11  0.35 0.23
  304 N    -3   1   6   4  -5   1  -1   1  -2  -5  -5   1  -1  -4  -4  -1  -2  -6  -4  -4    0   9  38  20   0   5   2   9   0   0   0   8   2   1   0   3   1   0   0   1  0.79 0.38
  305 V    -3  -6  -6  -6  -4  -3  -5  -4  -6   4  -2  -5  -2  -3  -5  -4  -2  -6  -4   6    0   0   0   0   0   1   0   1   0  23   0   0   0   0   0   1   2   0   0  71  1.52 0.59
  306 K    -2   0  -2  -4  -4  -2  -2  -4  -1   1  -2   6   0   0  -4  -2   1  -5  -4   1    1   3   1   0   0   0   1   0   1  10   2  53   2   4   0   2   8   0   0  11  0.76 0.42
  307 V    -3  -4  -6  -6  -2  -5  -6  -6  -6   3  -1  -5   2  -2  -5  -5  -2  -4  -3   6    0   1   0   0   1   0   0   0   0  17   2   0   5   1   0   0   2   0   1  71  1.43 0.57
  308 I    -4  -4  -6  -4  -4  -5  -6  -6  -6   7   2  -5   1  -2  -5  -4  -3  -2  -4   2    0   1   0   1   0   0   0   0   0  63  17   0   3   0   0   1   0   1   0  12  1.30 0.50
  309 M     4  -4  -4  -5  -4  -4  -3   2  -5  -3  -1  -4   8  -1  -5  -3  -2  -1  -4  -3   34   0   0   0   0   0   2  14   0   0   3   0  41   2   0   1   2   1   0   0  1.13 0.54
  310 A     7  -4  -5  -3   0  -4  -2  -2  -5  -5  -4  -3  -4  -5  -4  -1  -2  -6  -5  -3   88   1   0   1   2   0   2   2   0   0   1   0   0   0   0   2   1   0   0   0  1.62 0.66
  311 T    -4  -5  -4  -2  -5  -3  -4  -5  -5  -3  -4  -4  -1  -6  -4  -2   8  -6  -5  -4    0   0   0   2   0   1   0   0   0   1   1   0   1   0   0   1  92   0   0   0  2.14 0.80
  312 N    -4  -4   9  -1  -3  -4  -4  -4  -3  -7  -7  -4  -6  -7  -2  -1  -4  -7  -6  -6    1   0  92   1   1   0   0   0   0   0   0   0   0   0   2   2   0   0   0   0  2.51 0.84
  313 R    -4   8  -4  -5  -3  -1  -4  -6  -4  -4  -4   0  -4  -4  -6  -4  -4  -6  -5  -5    0  90   0   0   1   1   0   0   0   1   1   3   0   1   0   1   0   0   0   0  2.28 0.77
  314 A     1  -4  -5  -4  -5  -3  -4  -3  -3   4  -2  -4  -3  -4   7  -4  -4  -6  -5   0   12   1   0   1   0   1   1   2   0  23   2   0   0   1  50   0   0   0   0   6  1.29 0.51
  315 D    -4  -3   0   8  -7  -3   2  -4  -3  -7  -7  -4  -6  -7  -5  -3  -4  -7  -6  -6    1   1   4  79   0   0  12   1   0   0   0   0   0   0   0   1   0   0   0   0  2.01 0.69
  316 T    -1  -1  -3  -2  -2  -3  -3  -2  -4   4   0  -2   3  -3  -3   0   4  -4  -3   1    5   4   0   2   1   0   0   2   0  25   7   1   7   0   0   8  29   0   0   8  0.44 0.29
  317 L    -4  -5  -6  -6  -4  -5  -6  -4  -6   4   5  -5   1  -2  -6  -5  -4  -2  -4   0    0   0   0   0   0   0   0   2   0  22  70   0   2   0   0   0   0   1   0   4  1.28 0.50
  318 D    -5  -5  -2   8  -7  -4  -2  -5  -1  -7  -7  -4  -7  -7  -5  -4  -2  -8  -7  -7    0   0   0  95   0   0   1   0   1   0   0   0   0   0   0   0   2   0   0   0  2.58 0.82
  319 P    -2  -3  -4  -2  -6  -1  -3  -5  -4  -6  -4   0  -5  -6   8   0  -2  -7  -5  -5    2   1   1   2   0   3   1   0   0   0   1   5   0   0  74   6   1   0   0   0  2.02 0.67
  320 A     7  -5  -5  -5  -4  -4  -4  -1  -5  -5  -5  -4  -4  -5  -4  -2  -3  -6  -5  -3   94   0   0   0   0   0   0   3   0   0   0   0   0   0   0   1   0   0   0   0  1.85 0.69
  321 L    -4  -5  -6  -6  -4  -5  -6  -6  -6   0   6  -5   0  -1  -6  -5  -4  -4  -3   0    0   0   0   0   0   0   0   0   0   4  88   0   1   2   0   0   0   0   1   4  1.55 0.56
  322 L    -4   0  -5  -5  -4  -4  -5  -6  -5   2   5  -4   3  -2  -5  -4  -1  -4  -3  -1    0   6   0   0   0   0   0   0   0  11  67   0   9   0   0   0   3   0   0   1  1.05 0.43
  323 R    -3   8  -4  -5  -6  -1  -3  -6  -2  -6  -5  -1  -5  -6  -5  -3  -4  -6  -5  -6    2  93   0   0   0   1   0   0   1   0   0   0   0   0   0   1   0   0   0   0  2.38 0.76
  324 P    -2  -5  -5  -2  -6  -4  -4  -3  -4  -6  -6  -4  -5  -6   8   1  -3  -7  -6  -5    2   0   0   2   0   0   0   2   0   0   0   0   0   0  78  12   1   0   0   0  2.26 0.70
  325 G    -3  -4  -3  -4  -6  -5  -5   7  -5  -7  -7  -5  -6  -6  -5  -1  -5  -6  -6  -6    0   1   1   0   0   0   0  94   0   0   0   0   0   0   0   3   0   0   0   0  2.25 0.68
  326 R    -5   8  -3  -5  -7  -2  -3  -4  -1  -6  -6   0  -5  -6  -5  -4  -4  -6  -5  -6    0  93   0   0   0   0   0   1   1   0   0   3   0   0   0   0   0   0   0   0  2.40 0.75
  327 L    -2  -5  -5  -5  -3  -5  -5  -5  -5   4   4  -5   0   5  -5  -4  -3  -3  -2  -1    4   0   0   0   0   0   0   0   0  27  38   0   1  27   0   0   1   0   0   0  0.97 0.39
  328 D    -5  -5  -2   8  -7  -2  -1  -4  -4  -6  -7  -4  -6  -7  -5  -2  -2  -7  -6  -6    0   0   0  91   0   1   2   1   0   0   0   0   0   0   0   1   3   0   0   0  2.30 0.72
  329 R    -4   8  -3  -5  -3   0  -2  -5  -3  -6  -4   1  -4  -5  -5  -2  -3  -6  -4  -5    0  84   0   0   1   3   1   0   0   0   1   6   0   0   0   2   1   0   0   1  2.00 0.67
  330 K    -3   1  -3  -3  -5  -1   0  -3   1   1   1   6   0  -3  -4  -3  -2  -5  -3  -1    1   4   0   0   0   1   6   1   3  10  12  54   2   1   0   0   1   0   0   3  0.72 0.38
  331 I    -4  -5  -3  -6  -4  -5  -2  -6  -2   7   1  -5  -2  -3  -5  -4  -3  -5  -4   3    0   0   1   0   0   0   3   0   1  68   8   0   0   0   0   1   0   0   0  17  1.37 0.51
  332 E    -3  -3  -2  -2  -6  -1   6  -2   1  -4  -1  -1  -3  -1  -2  -2  -3  -3   4  -4    1   0   1   1   0   1  59   3   3   0   6   2   0   2   1   2   0   0  16   0  1.00 0.47
  333 F    -3  -5  -5  -6   1  -5  -5  -6  -5   4   0  -5  -1   6  -5  -3  -3   0  -1   3    0   0   0   0   3   0   0   0   0  24   5   0   1  39   0   2   1   1   0  24  1.04 0.42
  334 P    -3  -3  -2  -1  -5  -3  -2   2  -4  -5  -5  -2  -5  -6   7  -1  -1  -6  -4  -3    1   1   1   3   0   1   3  14   0   0   0   2   0   0  63   5   3   0   0   2  1.57 0.54
  335 L    -1  -3   0  -4  -3  -3  -3  -4   0   0   4   0   1  -2   2  -3  -1  -3  -1   0    5   0   5   0   0   0   1   0   2   3  50   6   3   1  13   1   2   0   2   7  0.50 0.29
  336 P    -5  -5  -6  -5  -5  -5  -5  -6  -6  -6  -6  -4  -6  -7   9  -5  -4  -7  -7  -2    0   0   0   0   0   0   0   0   0   0   0   0   0   0  95   0   0   0   0   3  3.04 0.87
  337 D    -4  -4   4   7  -6  -3  -1   0  -1  -6  -6  -3  -5  -6  -4  -1  -1  -7  -5  -6    0   0  20  61   0   0   2   6   2   0   0   1   0   0   0   3   4   0   0   0  1.47 0.54
  338 R    -1   2  -2   0  -3   1   4  -2  -2  -2   0   1  -1  -2  -2  -1  -1   2  -2  -1    4  14   1   4   0   4  33   2   0   2  11   9   1   1   2   2   2   3   1   4  0.32 0.22
  339 R     0   2   0   1  -4   2   4  -1  -1  -3  -3   3  -3  -4  -1  -1  -1  -4  -4  -2    6  12   3   7   0   9  27   4   1   1   1  19   0   0   2   4   2   0   0   2  0.43 0.24
  340 Q     3  -3  -2  -1  -3   2  -1   3   1  -4  -4  -2  -3  -5  -3   2   2  -5  -4  -3   29   0   0   2   0   9   3  23   3   0   0   0   0   0   0  14  16   0   0   0  0.55 0.32
  341 K    -4   7  -3  -4  -5   0  -3  -5  -3  -4  -5   4  -3  -6  -4  -3  -4  -6  -5  -5    0  73   0   0   0   3   0   0   0   1   0  20   0   0   0   1   0   0   0   0  1.82 0.63
  342 R     0   3  -2  -2  -3   0   1  -2  -1  -1   1   2   0  -1  -3  -2   0  -2  -1  -1    8  24   1   1   0   3   8   3   1   2  18  13   3   2   0   0   5   0   2   5  0.22 0.18
  343 L    -1   1  -1   1  -3   2   4  -3   2  -3   0   2  -2  -3  -1  -1  -2  -4  -2  -3    5   9   1   9   0   9  28   0   5   0  12  12   1   0   3   3   0   0   1   0  0.37 0.23
  344 I    -4  -5  -6  -6  -4  -6  -6  -3  -6   8  -1  -6  -2  -3  -6  -5  -4  -6  -4   1    0   0   0   0   0   0   0   3   0  88   1   0   0   0   0   0   0   0   0   6  1.96 0.65
  345 F    -4  -2  -5  -6  -4  -5  -5  -6  -4  -1   4  -5   1   7  -6  -5  -4  -3   0  -2    0   3   0   0   0   0   0   0   0   1  44   0   3  45   0   0   0   0   2   1  1.32 0.49
  346 S    -2   2   0  -1  -3   4   1  -1  -1  -4  -3   4  -3  -5  -3   1   0  -3  -4  -4    2  11   5   1   0  19   6   4   1   0   2  32   0   0   0  10   4   0   0   0  0.56 0.30
  347 T    -2  -4  -3  -5  -4  -4  -5  -5   1   6   0  -4  -1  -2  -5  -3   1  -5  -4   2    3   0   1   0   0   0   0   0   3  61   5   0   0   0   0   1   9   0   0  13  1.08 0.44
  348 I    -3   0   0  -4   1   0  -3  -5  10   1  -4  -2  -4  -3  -5  -3  -4  -4   1  -3    1   5   3   0   3   3   0   1  64   8   1   2   0   1   0   1   0   0   4   2  1.80 0.61
  349 T     1  -4  -3  -3  -1  -3  -3  -1  -4  -2   1  -3  -1   0  -4   2   5  -4  -3  -2   12   0   0   0   1   0   0   3   0   1  12   0   1   4   0  19  45   0   0   2  0.68 0.39
  350 S     0   5   0  -3  -2   1  -1   0  -2  -5  -4   3  -3  -5  -2   2  -2  -3  -4  -4    6  38   3   0   1   4   2   7   1   0   1  16   0   0   1  18   1   0   0   1  0.67 0.34
  351 K    -2   2   1   0  -5  -1  -1   2  -1  -5  -4   5  -4  -4  -1   1  -1  -5  -4  -4    2  10   8   4   0   2   2  14   1   0   1  42   0   1   2   9   3   0   0   0  0.60 0.32
  352 M    -3  -4  -5  -6   1  -4  -5  -6  -5   2  -1  -1  10  -4  -6  -2  -2  -5  -4   0    1   1   0   0   3   0   0   0   0  10   3   3  68   0   0   3   2   0   0   6  1.89 0.69
  353 N    -1  -2   4  -3  -4  -2  -3  -2  -3  -4  -4   0  -1  -1   5   1   2  -5  -4  -2    4   2  24   0   0   1   1   2   0   0   0   5   2   3  33  11  11   0   0   2  0.82 0.39
  354 L    -3  -3  -4  -5   2  -3  -4  -5  -3   2   4   0   1  -1  -5  -4  -1  -4  -3   2    0   0   0   0   5   0   0   1   1  10  53   7   2   1   0   0   3   0   0  16  0.72 0.34
  355 S     3  -1   0   2  -3   0   1   1   3  -3  -3  -1  -1  -4  -3   2   0  -4  -3  -3   25   2   3  10   0   3  10   8   9   1   1   1   2   0   0  19   5   0   0   1  0.34 0.23
  356 E    -1   2   0   3  -4   0   2   0  -2  -4  -4   2  -3  -4   2   0  -2   0  -4  -4    3  13   4  17   0   2  16   9   0   0   1  17   0   0  10   5   1   1   0   1  0.42 0.23
  357 E    -3  -3   1   6  -5  -2   3   1   1  -4  -4  -2  -5  -5  -4  -1  -3  -6  -4  -5    1   0   6  50   0   1  17  12   3   1   2   2   0   0   0   4   0   0   0   0  1.01 0.42
  358 V    -3  -4  -5  -6  -1  -5  -5  -4  -6   4  -1  -5  -1  -1  -1  -4  -2  -5  -4   6    1   1   0   0   1   0   0   2   0  27   3   0   1   2   3   0   1   0   0  59  1.18 0.48
  359 D    -3   1   4   6  -4  -2  -1  -3  -2  -4  -5  -1  -5  -5  -3   0  -1  -6  -4  -4    1   7  19  54   0   1   2   1   0   1   0   3   0   0   1   6   4   0   0   1  1.17 0.47
  360 L    -3  -4  -4  -5  -3  -4  -4  -5  -4   2   4  -4   0   3  -4  -3  -3   2   3   0    1   0   0   0   0   0   0   0   0  13  47   1   2  15   1   1   1   3   9   6  0.74 0.33
  361 E    -1   0   0   3  -5   0   5  -1  -2  -4  -4   1  -3  -5  -3  -1  -2  -4  -4  -4    3   4   3  19   0   2  43   5   1   1   1  10   1   0   1   3   2   0   0   1  0.72 0.34
  362 D     1   0   0   2  -3   0   4  -2  -1  -3  -1   2  -2  -3  -2   0  -1  -1  -2  -2   11   4   3  14   0   2  28   1   1   1   8  14   0   1   1   5   2   1   1   2  0.33 0.22
  363 Y    -3  -4  -5  -5  -3  -4  -5  -5  -4   3   4  -4   0   2  -5  -4  -2   0   2   1    1   0   0   0   0   0   0   0   0  20  50   0   1   6   0   0   2   1   8   7  0.81 0.35
  364 V     5  -4  -4  -5  -2  -4  -4  -3  -5   1  -2  -4  -2  -2  -4  -1  -2  -5  -4   4   50   0   1   0   0   0   0   0   0   8   2   0   0   2   0   4   0   0   0  31  0.88 0.44
  365 A     1   3  -1   0  -3   0   2  -1  -2  -2  -2   3   1  -4  -3   0  -1  -4  -3  -2   16  17   2   3   0   3  16   3   1   2   3  18   5   0   0   6   2   0   0   2  0.30 0.21
  366 R     0   3  -1  -2   0   0  -1  -2  -1   0   2   2   2  -3  -3   0  -1  -4  -2  -1    7  20   2   2   2   4   2   2   1   4  20  14   5   0   0   7   3   0   1   3  0.20 0.17
  367 P    -1  -2  -2  -4   3  -1  -3  -3  -4  -3  -2   1   3  -4   2   1   5  -4  -4  -3    3   1   1   0   7   2   0   1   0   1   3   8   8   0  11   9  44   0   0   0  0.73 0.41
  368 D    -2  -2   1   5  -5   0   3  -2   3  -5  -5   0  -4  -5   1  -1  -2  -5  -2  -3    2   1   5  37   0   3  23   3   7   0   0   5   0   0   8   2   1   0   1   2  0.79 0.37
  369 K    -2  -2   2   2  -4  -1   0   5  -3  -5  -5   2  -4  -4  -3  -2  -2  -4  -4  -5    1   2  11  12   0   2   5  48   0   0   1  12   0   1   1   2   2   0   0   0  0.84 0.38
  370 I     0  -4  -5  -5   2  -4  -5  -5  -2   2   1  -4   0   6  -5  -1  -3  -1   5  -2    7   0   0   0   4   0   0   0   0  11  14   0   2  33   0   4   1   0  21   0  0.86 0.38
  371 S    -2  -4   3  -3  -3  -3  -3  -3  -4  -4  -5  -3  -4  -5  -4   6   3  -6  -5   1    0   0  15   0   0   0   0   1   0   0   0   0   0   0   0  57  16   0   0   9  1.13 0.55
  372 G    -2  -6  -4  -5  -3  -5  -5   7  -5  -7  -7  -5  -6  -6  -6  -3  -5  -3  -6  -5    2   0   0   0   0   0   0  93   0   0   0   0   0   0   0   1   0   0   0   1  2.31 0.74
  373 A     7  -5  -5  -5  -4  -4  -4  -3  -5  -5  -5  -4  -3  -6  -4  -1  -3  -6  -5  -4   95   0   0   0   0   0   0   0   0   0   0   0   0   0   0   3   1   0   0   0  2.00 0.75
  374 D    -5  -4  -2   7  -7   1   4  -5  -3  -5  -6  -3  -2  -6  -5  -3  -4  -7  -6  -5    0   0   0  61   0   7  28   0   0   0   0   0   1   0   0   0   0   0   0   1  1.68 0.63
  375 I    -4  -5  -6  -6   1  -5  -6  -6  -6   6   3  -5   0  -3  -5  -4  -3  -5  -4   2    1   0   0   0   3   0   0   0   0  54  30   0   2   0   0   1   0   0   0   9  1.24 0.48
  376 N     1   3   2  -2  -2   0   2  -3  -2  -3  -4   4  -2  -4  -3  -1   0  -5  -4  -1   11  17  10   1   1   2  15   0   0   0   1  28   0   0   0   4   4   0   0   4  0.50 0.29
  377 S     5  -4   3  -3  -2  -2  -1   0  -2  -4  -3  -3  -3  -4  -4   3  -1  -5  -3  -3   49   0  12   1   0   1   3   6   0   0   2   0   0   0   0  22   1   0   1   0  0.78 0.42
  378 I    -3  -5  -6  -6  -3  -5  -5  -6  -6   5   2  -5   0  -2  -5  -4  -2  -4  -4   5    1   0   0   0   0   0   0   0   0  34  18   0   1   1   0   0   1   0   0  43  1.13 0.45
  379 C    -2  -7  -6  -7  11  -6  -7  -6  -7  -3  -4  -6  -1  -6  -6  -4  -2  -6  -6   1    3   0   0   0  80   0   0   0   0   1   1   0   1   0   0   1   2   0   0   9  3.06 0.87
  380 Q    -3   3   0  -2  -4   4  -2  -4   0  -2  -3   1  -2  -4  -4  -1   4  -5  -4   0    0  20   5   1   0  19   0   0   3   2   1   6   1   0   0   3  31   0   0   7  0.65 0.38
  381 E    -4  -1  -3  -2  -7  -1   8  -6  -4  -6  -7  -2  -6  -6  -3  -3  -4  -7  -6  -6    1   3   0   1   0   0  91   0   0   0   0   1   0   0   1   1   1   0   0   0  2.19 0.80
  382 S     7  -4  -5  -5  -4  -4  -4   0  -3  -5  -4  -4  -4  -6  -4  -1  -3  -6  -5  -3   88   0   0   0   0   0   0   6   1   0   1   0   0   0   0   2   0   0   0   1  1.72 0.69
  383 G     3  -5  -4  -5   0  -4  -4   6  -5  -5  -5  -3  -5  -6  -5  -1  -3  -6  -6  -2   27   0   0   0   2   0   0  64   0   0   0   1   0   0   0   3   1   0   0   2  1.43 0.55
  384 M    -4  -4  -6  -7  -5  -4  -6  -6  -4   1   3  -2   9  -2  -6  -5  -4  -5  -1  -2    1   1   0   0   0   0   0   0   0   6  29   3  56   1   0   0   0   0   2   0  1.76 0.67
  385 L    -1  -1   0  -3  -1  -1  -2  -3   1   1   2  -1   2   4  -4  -1  -2  -2   2  -1    4   3   6   0   2   4   1   1   3   8  27   4   5  18   0   4   1   0   7   2  0.26 0.19
  386 A     7  -5  -5  -4   0  -4  -4  -3  -5  -5  -5  -4  -4  -6  -3  -2  -2  -6  -5  -3   92   0   0   1   1   0   0   1   0   0   0   0   0   0   1   2   2   0   0   1  1.85 0.72
  387 V    -2  -5  -4  -5  -4  -5  -5  -5  -5   4   4  -5   3  -2  -5  -5  -3  -4  -2   2    2   0   1   0   0   0   0   0   0  25  48   0   6   1   0   0   0   0   1  16  0.96 0.40
  388 R    -4   8  -3  -4  -6   0   0  -5  -2  -6  -5   0  -3  -6  -5  -3  -4  -6  -5  -6    1  82   0   1   0   4   6   0   1   0   0   3   1   0   0   1   0   0   0   0  2.02 0.71
  389 E     1   3  -1   1  -4   0   5  -4  -2  -5  -5   0  -4  -6  -3  -1  -3  -4  -5  -4   13  16   2   8   0   3  48   1   1   0   0   5   0   0   0   3   0   0   0   0  0.89 0.43
  390 N    -3   3   5   3  -1   0   2   0   1  -5  -4  -1  -4  -4  -4  -1  -3  -5  -3  -5    1  19  28  18   1   3  11   6   3   0   1   2   0   0   0   4   0   0   1   0  0.68 0.35
  391 R     2   6  -2  -3  -4  -1  -2  -2   0  -1  -3   1  -1  -4  -4   0  -2  -5  -4  -3   16  51   1   0   0   2   2   2   2   5   2   7   1   1   0   6   2   0   0   1  0.84 0.41
  392 Y    -2  -1   0   2  -2   0   1  -2   0  -1  -1   2   3  -2  -2  -1   1  -3   3  -1    1   2   3  13   1   3   8   1   1   4   4  17   9   1   1   3   8   0  14   4  0.21 0.19
  393 I    -1   0  -1  -2  -1   0   1  -3   2   2  -1   2  -1   0  -3   0   0  -3   2   1    5   6   1   1   1   3  12   0   7  16   2  14   1   3   0   5   7   0   7   8  0.15 0.15
  394 V    -2  -6  -4  -6  -3  -5  -5  -6  -6   4  -1  -5  -2  -4  -5  -5  -3  -6  -4   6    3   0   1   0   0   0   0   0   0  24   2   0   0   0   0   0   1   0   0  68  1.51 0.58
  395 L    -1   0   0  -1   0   0   0  -2  -1   1   1   0   0  -3  -3   1   4  -3  -2   0    2   5   5   2   2   3   6   2   1   8  13   4   3   0   0   9  29   0   1   4  0.21 0.20
  396 A     1   0   0  -2  -4   3   2  -2   4  -3  -2   1   4  -3  -1  -1  -2   0  -2  -3   11   5   5   1   0  15  14   2  10   0   3   9  14   1   3   3   1   1   1   1  0.35 0.26
  397 K    -1   2  -1   1  -4   0   4  -3  -2  -4  -4   4  -4  -5  -2   0  -2  -5  -4  -4    6  10   2   8   0   3  31   1   1   1   0  29   0   0   1   6   1   0   0   1  0.70 0.36
  398 D    -5  -5  -1   7  -7  -3  -2  -4   7  -7  -7  -4  -6  -6  -5  -4  -5  -7  -3  -6    0   0   2  67   0   1   1   0  27   0   0   0   0   0   0   0   0   0   0   0  2.14 0.75
  399 F    -6  -4  -7  -8  -5  -7  -7  -7  -5  -1   0  -6  -1   9  -8  -6  -6  -3   0  -4    0   1   0   0   0   0   0   0   0   2   7   0   1  86   0   0   0   0   2   0  2.54 0.80
  400 E    -3   0  -1   1  -5   0   4  -4  -2  -1   1   1   3  -4  -4  -2  -1  -5  -4   0    1   6   3   8   0   3  36   0   1   3  14   7   9   0   0   1   3   0   0   6  0.46 0.30
  401 K     0   1  -1   2  -4   1   3  -3  -1  -4  -3   4   1  -2  -3  -1  -2  -3  -2  -3    6   6   2  10   0   6  17   1   1   0   2  33   4   2   0   4   2   0   1   1  0.48 0.29
  402 A     7  -5  -4  -5  -3  -3  -4   0  -5  -5  -5  -4  -5  -6  -4   0  -3  -6  -5  -4   85   0   0   0   0   1   0   7   0   0   0   0   0   0   0   6   0   0   0   0  1.68 0.69
  403 Y    -1   0  -4  -5  -3  -3  -4  -5  -2   3   3   0   2  -1  -5  -4  -2  -1   3   3    3   5   0   0   0   0   0   0   1  16  25   7   4   1   0   0   1   1  14  22  0.50 0.28
  404 K     1   3   1   0  -3   0   2  -2  -1  -3  -3   4  -2  -4  -3   0  -1  -5  -4  -3   10  14   8   5   0   2  16   1   1   1   3  27   1   0   0   7   3   0   0   1  0.43 0.26
  405 T    -1   1   1  -1  -4  -1   1  -3  -3  -1  -2   5  -2  -3  -3   0   2  -5  -4  -2    5   6   6   2   0   1  10   1   0   4   2  40   1   1   0   5  12   0   0   3  0.50 0.31
  406 V    -3  -4  -2  -4  -3  -3  -5  -6  -4   3  -1  -5   0  -2  -5  -4  -2  -6  -4   6    1   1   2   1   0   1   0   0   0  17   4   0   1   1   0   0   2   0   0  68  1.31 0.54
  407 I     0   1  -2  -2  -3   1  -1  -2  -2   2   1   1   2  -2  -2  -1   0  -4  -2   1    7   8   1   1   0   9   4   2   1  19  11  10   7   1   1   4   7   0   0   7  0.13 0.14
  408 K     0   1  -1  -1  -2  -1  -1  -3  -2  -5  -3   4  -2  -4   5  -1  -3  -5   0  -4    7   6   2   4   1   1   3   2   1   0   2  32   1   1  31   5   0   0   3   0  0.79 0.38
  409 K    -2   3  -1  -3  -5   1  -2  -1  -1  -5  -5   5  -2  -5  -3   3   0  -5  -4  -4    2  18   2   0   0   5   1   4   1   0   0  39   1   0   0  20   6   0   0   0  0.77 0.40
  410 D     0   0  -1   3  -4  -1  -1  -2   0   1  -1   3  -2  -3  -1  -1   1  -3  -2  -1    9   3   2  19   0   1   2   2   2  12   7  22   0   0   3   2   9   0   1   4  0.21 0.19
  411 E    -1  -1  -1   1  -4   1   3  -3  -2  -2  -2   3   1  -4  -2   1   2  -4  -3  -2    4   1   1   5   0   7  23   1   1   2   3  18   5   0   1  10  14   0   0   1  0.36 0.25
  412 Q    -1   2  -1   1  -4   3   2  -1  -2  -3  -2   1  -2  -4   1   1   0  -4  -3  -3    5  13   2   8   0  14  15   5   0   1   5  10   1   0   6   9   5   0   0   1  0.28 0.19
  413 E    -2  -2   0   2  -6   0   6  -4  -3  -4  -3   2  -2  -4  -2   0   0  -6  -4  -4    2   0   4  10   0   2  54   0   0   0   2  11   1   1   1   6   5   0   0   1  0.92 0.43
  414 H    -2  -2   1  -3  -4  -2  -1  -4   5   0   2  -2   4   2  -1  -1  -2  -3   0   0    2   2   8   0   0   1   5   0  16   5  21   1  16   8   3   4   2   0   3   5  0.34 0.23
  415 E    -2   0   1   2  -2   2   5  -2   1  -4  -4   2  -2  -3  -3  -1  -2  -5  -3  -4    2   3   7  13   1  10  38   3   4   0   1  12   1   1   0   4   0   0   0   0  0.63 0.30
  416 F    -3  -3  -5  -6  -2  -3  -4  -6  -2  -2   1  -5   0   7  -6  -4  -4   1   6  -3    2   2   0   0   1   1   1   0   0   1  13   0   2  46   0   1   0   1  28   0  1.30 0.45
  417 Y    -5  -3  -5  -6  -6   0  -3  -6  -2  -5  -4  -4  -4   2  -6  -5  -5   1   9  -5    0   1   0   0   0   4   2   0   0   0   0   0   0   5   0   0   0   1  85   0  2.50 0.71
  418 K    -3   1  -2  -2  -6   2   4  -4  -3  -5  -5   6  -4  -5  -3  -2  -3  -5  -4  -5    0   6   0   0   0   8  29   0   0   0   0  57   0   0   0   0   0   0   0   0  1.19 0.41

                      K         Lambda
Standard Ungapped    0.1360     0.3175
Standard Gapped      0.0432     0.2670
PSI Ungapped         0.1411     0.3174
PSI Gapped           0.0432     0.2670
