
Last position-specific scoring matrix computed, weighted observed percentages rounded down, information per position, and relative weight of gapless real matches to pseudocounts
           A  R  N  D  C  Q  E  G  H  I  L  K  M  F  P  S  T  W  Y  V   A   R   N   D   C   Q   E   G   H   I   L   K   M   F   P   S   T   W   Y   V
    1 M   -3 -3 -4 -5 -3 -2 -4 -5 -3  2  2 -3  8 -2 -4 -3 -2 -3 -3 -1    0   0   0   0   0   0   0   0   0  12  12   0  77   0   0   0   0   0   0   0  1.39 0.37
    2 S    2 -2  1 -2 -3 -2  0 -2 -2 -4 -4  0 -3 -4 -2  5  1 -4 -3 -3   18   0   8   0   0   0   5   0   0   0   0   4   0   0   0  57   9   0   0   0  0.72 0.31
    3 A    2 -2 -1  2 -3 -1  2  0 -3 -3 -3 -2 -3 -4 -2  1  3  1 -3 -1   19   0   0  11   0   0  18   5   0   0   0   0   0   0   0  13  26   2   0   5  0.39 0.23
    4 E   -2 -2 -2  3 -5  1  5 -2 -2 -4 -4  0 -4 -5  1  0  0 -5 -4 -2    2   0   0  18   0   4  49   2   0   0   0   5   0   0   6   6   5   0   0   4  0.77 0.34
    5 V   -1 -2  3 -2 -3 -1 -1 -2  0  0 -1 -1 -2 -3 -3  0  2 -4 -3  3    4   2  21   0   0   2   3   1   3   4   3   3   0   0   0   5  17   0   0  33  0.38 0.26
    6 P    0 -3  0  1 -4  2  1 -1 -3 -1 -2  0 -1 -4  6 -1 -2 -5 -4 -3    8   0   4   7   0  11   9   5   0   4   4   4   1   0  39   2   1   0   0   0  0.72 0.31
    7 E    0  0 -2  3  2  2  4 -1 -2 -4 -4  0 -3 -5 -1  0  1 -5 -4 -4    7   4   0  16   5  10  31   3   0   0   0   4   0   0   2   5  11   0   0   0  0.52 0.30
    8 A    2 -2 -1  0 -3 -1  2 -1 -1 -1  0 -1  2 -3 -1  0  2 -4 -3  0   23   0   2   4   0   1  17   3   2   1   7   1   8   0   3   6  13   0   0   8  0.21 0.20
    9 A    3 -2  0 -1 -1  2  1 -1 -1 -1 -3  0  0 -4  1  1  1 -4 -3 -1   29   0   4   3   1  11   8   3   1   3   0   4   2   0   6  12  11   0   0   3  0.29 0.23
   10 S   -1 -1  1 -1 -2  0 -1  0 -3 -3 -4  1 -1 -2  1  4  2 -5 -3 -2    1   2   6   3   0   3   2   8   0   1   0   8   2   2   6  40  14   0   0   2  0.44 0.32
   11 A    1  0  0  0 -2  0  0  0  0 -1 -1  0  0 -2  1  1  1 -1 -2  0   13   4   6   3   0   4   7   7   3   2   6   4   3   2   7   8  12   1   0   9  0.08 0.08
   12 E   -1 -2  2  1 -5  1  5 -3 -2 -5 -4  0 -2 -3  0 -1  1 -5 -4 -3    4   0  12   6   0   6  49   1   0   0   1   5   1   1   3   2   8   0   0   2  0.77 0.41
   13 E   -3 -2 -1  1 -5  1  6 -2 -3 -3 -4  1 -4 -4  0  0  0 -5 -4 -4    1   1   2   7   0   5  55   2   0   1   1   9   0   1   4   6   5   0   0   0  0.88 0.45
   14 Q    0 -2  0  0 -2  5  2 -1 -1 -4 -2  1  1 -2  1  0 -1 -4 -3 -3    8   0   4   3   1  34  13   4   0   0   3   9   4   2   7   5   2   0   0   1  0.48 0.32
   15 K   -2 -1  0  2  0  3  1 -1 -1 -4 -2  4 -3 -2  0  0 -1 -4  0 -3    1   1   4  11   2  17   9   3   1   0   3  30   0   2   4   5   3   0   3   1  0.40 0.28
   16 E   -2 -1 -1  2 -4  1  5 -2 -2 -4 -4  2 -3 -5 -1  0  1 -5 -4 -2    2   3   2  12   0   5  40   3   0   0   1  12   0   0   2   6  11   0   0   2  0.61 0.35
   17 M   -1 -2  0 -1 -3  1  1 -3 -1  0  0 -2  4 -3  1  1  1 -4 -3  1    4   1   4   3   0   8  11   0   1   4   5   1  16   0   8  11   8   0   0  13  0.24 0.23
   18 E   -1  0 -2  1 -5  3  4 -3  0 -3 -3  1 -1 -5  1 -1 -2 -5 -4 -2    4   4   0   8   0  14  39   1   2   1   2   9   1   0   6   4   1   0   0   3  0.58 0.34
   19 D   -1 -2  1  4 -4  1  2 -2 -2 -2 -2  1 -2  0 -1  1  0 -4 -3 -1    5   0   5  25   0   6  15   1   0   1   3   8   1   5   3  11   7   0   0   4  0.32 0.23
   20 K   -1  0  1  0 -4  0  2 -1  1 -2 -3  4 -3 -4  0  1  0 -4 -3 -1    4   1   5   4   0   4  12   3   3   2   2  32   0   0   4  11   6   0   0   4  0.34 0.25
   21 V    1 -1  0 -1 -2  0  0  0  0 -1 -1  1  1  0  1  0  0 -3 -2  1   11   2   3   2   0   3   6   7   3   1   5  10   6   4   7   6   6   0   0  17  0.06 0.09
   22 T    0  0 -1  0 -1  0  0 -2 -1  1  0  1  0 -1 -1  0  2 -3 -1  1    5   3   2   4   1   3   6   1   1   7  12  13   1   1   3   4  16   0   2  13  0.07 0.09
   23 S    0 -1  0  1 -3 -1  1 -1 -1 -2 -1  0 -2 -3 -1  3  2 -3  0 -2    7   2   4   7   0   1  12   3   1   1   5   5   0   0   2  28  17   0   3   2  0.25 0.20
   24 P   -1 -2 -3 -2 -3 -1 -1 -2 -3  1  0 -2 -1 -1  6 -2  0 -4 -3  0    5   2   0   1   0   2   4   4   0  10   8   1   1   3  43   1   5   0   0   8  0.74 0.30
   25 E   -1 -1 -2  0 -4  2  6 -2 -2 -1 -3  0 -2 -4 -3 -1 -2 -4 -4 -1    4   2   0   3   0   8  59   2   0   4   1   6   1   0   0   2   1   0   0   6  0.87 0.41
   26 K   -1  2 -1 -1 -4  3  1 -3 -1 -2 -2  4 -1 -4 -2  0 -1 -4 -3 -1    5  10   2   2   0  15   8   1   1   2   4  37   1   0   1   6   2   0   0   4  0.46 0.27
   27 A    2 -1 -2 -1 -2  1  2 -2 -1 -1  0  0  0 -3  2  0 -1 -3 -3  1   26   1   0   3   0   8  14   1   1   2  10   5   2   0  10   4   2   0   0  10  0.20 0.17
   28 E   -2 -2 -1  0 -4  3  5 -2  1 -4 -2  1 -3 -4 -1 -1 -1 -4 -3 -4    2   0   1   2   0  15  52   3   4   0   5   7   0   0   3   2   2   0   0   0  0.80 0.39
   29 E   -1  0 -2  0 -5  1  6 -4 -2 -1 -4 -1 -3 -4 -3 -1 -3 -4 -4 -4    4   4   0   2   0   5  72   1   0   5   1   0   0   0   0   3   0   0   0   1  1.22 0.49
   30 A    2 -1 -1  0 -1  2  3 -2  0 -2 -1  1 -1 -2 -1 -1 -1  3 -2 -2   26   0   1   4   1  12  24   1   2   1   7   8   1   1   2   1   1   5   0   1  0.31 0.22
   31 K   -2  0  0  0 -4  1  0 -3 -2 -3 -1  6 -3 -4 -3 -1 -2 -4 -3 -3    3   2   5   4   0   4   3   1   0   2   6  65   0   0   0   3   0   0   0   1  0.92 0.41
   32 L   -1 -3 -3 -4 -2 -1 -3 -4 -3  2  4 -3  1  1 -1  0 -2 -3 -2  1    3   0   0   0   0   4   0   0   0  11  55   0   3   5   2   8   0   0   0   5  0.49 0.26
   33 K   -2  2  0 -1 -4  1 -1 -3  0 -1 -1  5  1  1 -3 -1 -2 -4 -2 -3    2  10   3   3   0   4   2   0   2   4   5  50   5   6   0   2   0   0   0   0  0.57 0.33
   34 A    2  1  0  0 -2  0  0 -2 -2 -1 -1  0  0 -2  1  0  1 -3 -1  0   25   9   5   5   0   3   3   1   0   3   3   5   4   0   5   6  12   0   2   8  0.12 0.12
   35 R   -2  3 -2 -2 -4  2 -1 -3 -2 -3 -1  5  2 -3  0  0 -2 -4 -3 -3    1  17   0   0   0  10   1   1   0   0   6  42   7   0   5   8   0   0   0   1  0.61 0.32
   36 Y   -1 -2  1  1  3 -1 -1  0  2  0  0  0 -1  1 -2  0 -1 -2  2  0    1   0   8   8   8   0   0   8   8   8   8   8   0   8   0   8   0   0   8   8  0.07 0.11
   37 P   -1 -4 -3  0 -4 -2 -3  1 -4 -4 -4 -3 -4 -4  7 -1 -3 -5 -1 -4    5   0   0   5   0   2   1  11   0   0   1   1   0   0  64   5   1   0   3   1  1.59 0.56
   38 H   -1 -1  4  0 -3  1 -1  1  2  1 -2 -1  0 -2 -2  0 -1 -3 -2 -2    4   3  28   5   0   6   3  10   7  13   3   2   3   1   2   8   1   0   1   2  0.28 0.20
   39 L    0 -2 -2 -3 -2 -1 -1 -1 -2  0  3 -2  3 -1 -1 -1  1 -2 -2  0    8   1   2   1   0   2   3   5   1   4  42   2   9   2   2   3   8   0   1   5  0.27 0.19
   40 G    1  0  1 -2 -3 -1  0  4 -2 -2 -2  0 -2 -3 -1  1 -2 -3 -3 -2   12   6   8   1   0   2   5  39   0   2   3   7   1   0   3   8   1   0   0   2  0.42 0.23
   41 Q    0  2  0 -2 -3  3  1 -1  1 -2 -2  3 -2 -3 -1  0  0 -3 -2 -2   10  12   3   0   0  16   9   4   4   2   4  20   1   0   2   7   4   0   0   2  0.29 0.20
   42 K    0  0 -1 -2 -3  1  0  0 -2 -2  0  3 -1 -2  2  0  0 -1 -3 -2    8   4   2   0   0   6   6   7   0   2  11  31   1   1   9   5   4   1   0   2  0.25 0.20
   43 P   -2 -1  1 -3 -4 -3 -2  1 -3 -1 -3 -2  0  1  6 -1 -2  2 -3 -2    2   4   6   1   0   0   2  11   0   5   2   1   2   6  45   4   1   4   0   2  0.87 0.37
   44 G    0  1  0 -1 -1  0  0  4 -2 -1 -2  0 -1 -1 -2  0  0 -3 -3 -2    6   9   4   1   1   3   5  41   0   6   2   5   1   2   1   6   6   0   0   2  0.35 0.19
   45 G    0  0  1  1 -3  1 -1  3  3 -2 -1 -1 -1 -1 -1  0  0 -3 -2 -1    5   4   6   9   0   6   1  26  11   0   5   2   1   3   3   4   7   0   0   6  0.20 0.15
   46 S    0 -2  0 -1  2  1 -1 -2 -2 -1 -3  0 -2  0  0  4  1 -3 -2 -2    3   0   4   3   5   9   1   1   0   4   1   6   0   5   4  46   8   0   0   1  0.39 0.27
   47 D    1 -1  2  2 -2  1  1 -1 -1 -1  0  0 -1 -2 -2  0  0 -3 -2  0   14   0  16  16   0   6   6   2   0   4   9   5   1   0   0   7   6   0   0   5  0.16 0.12
   48 F   -2  0 -3  0 -3  0 -2 -3 -2  1  2 -2  2  4 -3 -2  0 -2  0  1    0   6   0   6   0   5   0   0   0   5  24   0   6  29   0   2   5   0   0   9  0.32 0.21
   49 L   -1  1 -3 -3 -2 -1 -3 -4 -3  1  4 -2  1  1 -3 -2  0 -2  0  0    5   8   0   0   0   4   0   1   0   6  55   0   2   4   0   1   6   0   3   4  0.41 0.24
   50 R   -1  2 -1 -2 -3  4  2 -3  1 -2 -1  1  3 -3 -3 -1  1 -3 -3 -1    2  10   1   0   0  27  16   0   4   0   4   6  11   0   0   2  11   0   0   4  0.42 0.30
   51 K   -3  3  1 -2 -4  1  1 -3 -2 -4 -4  5  0 -5  1 -2  1 -4 -4 -4    0  16   6   0   0   5   9   0   0   0   0  43   2   0   8   0   8   0   0   0  0.73 0.39
   52 R    0  5 -2 -3  1  1 -2  0  0 -3 -2  2  0 -3 -3 -2  0 -3 -1 -3    7  44   0   1   3   4   1   8   3   0   4  13   2   0   0   1   5   0   2   1  0.59 0.34
   53 L   -2  0 -4 -4  3 -1 -1 -4 -3  2  4 -3  2  0  0 -3 -2 -3 -2  0    3   7   0   0   8   4   5   0   0  10  42   0   6   4   5   0   0   0   0   5  0.42 0.29
   54 Q    0  0  1  1 -3  3  1 -2  1 -2 -1  0  1 -1  1  0 -1  1 -1 -2    6   5   8  10   0  17   6   2   3   2   5   6   6   2   8   7   2   2   2   0  0.18 0.18
   55 K    0  1  0 -1 -3  1  1 -1 -2  0 -2  3 -2 -3  1  0  0  2 -2  0    5   6   5   0   0   8   7   4   0   6   0  24   0   0   8   8   7   4   0   7  0.20 0.17
   56 G    0  1  1  1 -3  1  1  0 -1 -2 -1  1 -2 -2  1  0  0  4 -2 -2    8   8   7   8   0   7   8   8   0   0   8   8   0   0   8   8   8   7   0   0  0.17 0.13
   57 Q    0  0  0  0  2  1  0  0  2  0 -1  0 -1  0  1 -1  0 -3 -1  0    6   6   6   6   6   6   6   6   6   6   6   6   0   6   6   0   6   0   0   6  0.04 0.09
   58 K   -1  1  1 -1 -2  1  1 -2 -2  0  0  1  2 -2 -2  0  1  4 -1  0    1   8   8   0   0   8   8   1   0   8   8   8   8   0   0   8   8   8   0   8  0.14 0.14
   59 Y   -2 -2 -2  0 -3 -1  1  0  2 -1 -2 -2 -2  2 -3  0 -2  4  5  0    1   1   1   4   0   0  11   7   6   4   1   1   0   8   1   9   1   7  32   6  0.40 0.19
   60 F   -2 -3 -3 -3 -2 -3 -3 -3 -2  1  1 -3 -1  5 -3  0  1 -1  3 -1    1   1   1   1   0   0   1   1   0  10  16   1   0  39   1   7   9   0  11   1  0.49 0.21
   61 D   -2 -1  0  4 -3 -1  1 -2  2 -1 -1  0 -1 -1 -2 -1  0 -2  1 -1    1   1   0  34   0   0   9   1   9   5   8   9   0   0   1   2   6   0   8   5  0.26 0.12
   62 S    0 -2 -1 -2 -2 -1 -2 -2 -2  1  0 -1  2  1 -2  3  1 -2 -1 -1    1   1   0   1   0   0   1   1   0  15   7   1   8   7   1  46   9   0   0   1  0.27 0.17
   63 G    0 -1 -1  1 -3 -2 -2  4 -2 -2 -2 -2  1 -1 -2 -1 -2  4  2  0    4   4   0   9   0   0   1  45   0   1   1   1   7   0   1   1   1   7   9   8  0.42 0.15
   64 D   -1 -1  0  4 -3  1  1 -2 -1 -3 -3 -1 -2 -2  3  1 -1 -2  1 -2    1   1   3  32   0   8  11   1   0   1   2   1   0   1  17  10   1   0   8   1  0.45 0.13
   65 Y   -2  1 -2 -3  0 -1 -2 -3  4 -2  1  1 -1  1 -3 -2 -2  0  6 -2    1   9   1   1   3   1   1   1  13   1  17   9   0   1   1   1   1   0  40   1  0.49 0.19
   66 N    0 -1  3  0 -2  2 -1 -1 -1 -1 -2 -1 -1 -1 -2  2  3 -2 -1 -1    3   1  20   2   0  11   1   1   0   2   1   1   2   3   1  17  30   0   2   1  0.30 0.14
   67 M   -1 -1  1 -1 -2 -1 -1 -2 -2  1  1  1  2 -1 -2 -1  1 -2 -1  1    1   1  13   1   0   1   1   1   0  13  14  13  13   0   1   1  13   0   0  13  0.09 0.06
   68 A    4 -2  1 -1  2 -2 -1 -1 -2 -2 -2 -2 -2  1 -1  0  0 -3  0 -2   48   0  11   3   6   0   3   3   0   0   1   0   0   7   2   5   6   0   3   1  0.34 0.22
   69 K   -2  1  0 -2 -3  2 -1 -3 -2 -1  0  5  1 -3 -3  0 -2 -4 -3 -2    0   6   4   0   0  10   0   0   0   4  12  49   4   0   0   7   0   0   0   0  0.52 0.31
   70 A    3 -1 -2  0 -2  3  0 -1 -2 -2 -1  0 -2 -3  1  0  1 -3  0 -2   31   0   0   4   0  19   4   3   0   0   5   5   0   0   7   6  12   0   4   0  0.27 0.21
   71 K   -1  1  0  0 -3  1  1  0 -1 -1 -1  3 -1 -3  1  0  0 -3 -2 -1    3   6   3   3   0   8   7   7   0   3   7  30   0   0   7   5   6   0   0   4  0.20 0.14
   72 M    0  0  0 -2  1 -1 -1  0 -1  0  1 -1  2  0  0  0  0 -2 -1  1    5   4   4   2   4   2   3   9   2   4  20   3  10   3   5   7   5   0   1   9  0.05 0.08
   73 K   -1  2  2 -1 -3  1  0  0  0 -3 -2  4 -2 -4 -1  1  0 -4 -3 -2    3  10  10   2   0   5   4   7   2   0   5  29   0   0   3  13   4   0   0   2  0.32 0.24
   74 N    0  0  3  1 -3  1  0  0  0  0 -2  1  0 -3 -1  1  0 -3 -2 -1    9   2  19   6   0   5   3   8   2   7   3  12   2   0   2   8   5   0   0   5  0.16 0.14
   75 K   -1  1  0  0 -3  2  0  0  0 -2 -2  3  0 -4  2  0  0 -4 -3 -1    4   7   4   3   0  12   5   6   2   2   3  26   2   0  10   4   5   0   0   3  0.29 0.22
   76 Q    0  0  0  0 -4  4 -1 -1  0 -2 -2  2  0 -3  3 -1 -1 -4 -3 -1    7   4   4   4   0  26   2   5   2   2   3  14   3   1  13   3   4   0   0   5  0.39 0.31
   77 L    0  0 -1 -1 -1  0 -1 -1  0  1  1  1  0  0  0  0  0 -2 -1  0    7   6   2   2   1   4   3   3   3   9  20  10   2   5   5   6   4   0   2   7  0.04 0.06
   78 P   -1  1 -3 -4  1 -1 -3 -3 -1 -1 -1 -1 -3 -1  6  0  1 -4 -4 -1    5   7   0   0   3   3   1   2   2   3   6   3   0   2  43   6   9   0   0   4  0.83 0.44
   79 A    1 -1 -2 -1 -1  0 -2  1 -1 -1  0  0  0  0  1  1  1 -3 -1  0   13   2   0   3   1   5   1  10   1   3  10   5   2   5   7  11  12   0   1   9  0.07 0.12
   80 A    3 -1  0 -1  1 -1 -2  1 -3 -1  0 -2 -1 -1  1  0  0 -3 -3  1   29   3   6   3   3   2   1   9   0   2   8   2   1   3   8   7   5   0   0  10  0.19 0.20
   81 A    2 -1 -2 -2 -3  0 -1  1 -1  0 -1 -1 -1 -1  4 -1  0 -3 -3  0   21   2   1   2   0   4   4   9   1   5   4   3   1   3  23   4   6   0   0   6  0.33 0.23
   82 P    0 -2  1 -1 -1  0 -1 -2 -3 -1  0 -1 -1 -2  4  0  2 -3 -2 -2    9   1   6   2   1   5   3   2   0   3   9   4   2   2  27   8  13   0   1   2  0.40 0.25
   83 D    0 -1  1  2 -2  0  0 -1 -1  0 -1 -1 -1  0  1  0 -1 -3 -1  1   10   2   9  15   0   4   7   5   1   5   7   1   1   4   7   7   2   0   2  12  0.09 0.11
   84 K    0  0  1  0 -3  1 -1 -1 -2 -1  1  3  0 -3  2  0  0 -4 -3 -2    7   5   7   5   0   5   2   4   0   4  15  22   2   0  11   5   5   0   0   1  0.22 0.21
   85 T   -1 -1  2  0 -3  3  1  0 -1 -1 -2  1 -2 -3  2  0  2 -4 -3 -1    4   1  10   4   0  14   7   6   1   5   4   7   0   1   9   5  17   0   0   5  0.22 0.22
   86 E    0 -2  1 -1 -3  0  3 -1 -1 -1  1 -1 -2  0  0  0  0 -3 -1  1    7   0   7   1   0   3  25   4   1   2  13   1   0   5   5   7   6   0   2  10  0.17 0.20
   87 V    1 -4 -1 -2 -1 -3 -2 -1 -4  0 -1 -3 -1 -2  4  0  1 -4 -4  3   12   0   3   2   1   0   2   5   0   4   4   0   1   1  23   9   7   0   0  24  0.45 0.33
   88 T   -4 -3 -4 -2 -1 -2 -4 -5 -5 -1 -3 -4  0 -5 -2 -1  7 -5 -5  1    0   1   0   3   1   1   0   0   0   4   1   0   2   0   2   2  72   0   0   8  1.54 0.79
   89 G   -2 -5 -2 -1 -5 -5 -5  7 -5 -6 -3 -3 -5 -2 -5 -3 -5 -5 -5 -3    2   0   2   3   0   0   0  82   0   0   2   1   0   2   0   1   0   0   0   2  1.84 0.77
   90 D   -2 -1  1  5 -5  0  3 -2  0 -4 -3  1 -1 -5 -1  0 -1 -5 -4 -3    2   2   6  38   0   4  19   2   2   0   3   7   2   0   3   5   3   0   0   2  0.68 0.41
   91 H    2 -3  0 -1 -1 -1  1 -2  5  0 -1 -1 -2 -3 -3 -1  2 -4  0 -1   24   0   3   2   1   1   8   2  18   5   6   3   1   0   0   2  18   0   3   2  0.40 0.32
   92 I   -4 -5 -6 -6 -4 -5 -6 -6  2  7 -1 -3  2 -2 -2 -5 -4 -5 -4  1    0   0   0   0   0   0   0   0   5  74   4   2   4   1   2   0   0   0   0   6  1.67 0.71
   93 P    0 -6 -5 -4 -6 -5 -5 -6  2 -6 -3 -5 -6 -7  8 -2 -5 -7 -6 -6    7   0   0   1   0   0   0   0   4   0   2   0   0   0  82   2   0   0   0   0  2.52 0.98
   94 T   -2 -1 -2 -4 -4 -4 -2 -5 -2 -1 -3 -1 -4 -5 -2  0  7 -6 -5 -4    2   4   2   0   0   0   3   0   1   3   3   3   0   0   2   6  72   0   0   0  1.45 0.74
   95 P   -1 -6 -6 -5 -6 -5 -5 -6 -1 -3 -4 -5 -6 -6  8 -4 -2 -7 -6 -1    4   0   0   0   0   0   0   0   2   1   1   0   0   0  82   0   2   0   0   5  2.49 0.93
   96 Q   -1 -1 -1  4 -5  3  5 -3 -3 -5 -5 -1 -4 -5 -4 -1 -3 -5 -3 -5    6   2   2  22   0  16  42   1   0   0   0   3   0   0   0   3   1   0   1   0  1.01 0.52
   97 D   -2 -2  3  3  0 -2 -1 -2 -3 -2 -3  0 -4 -5 -4  3  3 -5 -4 -2    2   1  16  19   2   0   2   2   0   3   1   5   0   0   0  23  22   0   0   3  0.60 0.40
   98 L   -3 -5 -2 -6 -1 -5 -5 -6 -5  3  4 -5  0 -3 -5 -5 -3 -5 -4  4    1   0   3   0   1   0   0   0   0  15  42   0   1   0   0   0   0   0   0  35  1.04 0.49
   99 P   -2 -1 -2 -5 -6 -1 -3 -5  1 -2 -5 -4 -1 -6  8 -2 -2 -6 -4 -5    2   3   2   0   0   3   1   0   4   2   1   0   2   0  74   3   2   0   1   0  2.05 0.79
  100 Q    1 -1  1 -3 -4  5 -1 -2  5 -2 -3 -2 -2 -4  2 -1  0 -5 -3 -1   14   2   6   0   0  27   2   3  18   2   1   1   1   0  10   4   5   0   0   5  0.60 0.40
  101 R   -2  7  1 -4 -6  0 -3 -5 -1 -4 -2  1 -4 -6 -5 -4 -4  0 -5 -3    2  70   7   0   0   4   0   0   1   1   4   8   0   0   0   0   0   1   0   2  1.60 0.69
  102 K   -4  1 -1 -4 -6 -2 -2 -5  1 -6 -6  7 -5 -6 -4 -3  0 -6  0 -4    0   6   2   0   0   0   1   0   3   0   0  77   0   0   0   0   5   0   4   1  1.67 0.72
  103 P    1 -3 -1 -3 -1 -1 -2 -3 -2 -3 -1  1 -3 -2  3  2  3 -4 -2  0    9   0   2   0   1   1   1   0   1   0   7   8   0   2  17  21  21   0   1   8  0.41 0.31
  104 S    0 -1 -3 -1 -1 -2 -3 -3  1 -5 -2 -3 -4 -3 -1  6 -1 -6 -3 -4    5   3   0   3   1   1   0   1   3   0   5   0   0   1   3  71   2   0   1   0  1.16 0.64
  105 L   -3 -3 -2 -4  1 -1 -4 -3  0  4  3 -3  1  0  0 -1  0 -4 -3  1    0   1   1   0   3   2   0   1   3  28  32   0   3   3   5   4   7   0   0   6  0.45 0.28
  106 V   -1 -4 -4 -4 -3 -1  0 -2 -1  4  1 -3 -1 -2  0 -2 -2 -4 -3  4    4   0   0   0   0   4   6   4   2  27   9   1   0   1   4   2   1   0   0  36  0.50 0.32
  107 A    2  0 -2 -1 -4  4  0 -2  1  0 -3  0 -3 -4  1  0  1 -4 -3 -2   19   3   0   3   0  29   3   1   3   8   0   4   0   0   8   4  12   0   0   2  0.44 0.33
  108 S   -2 -4  1 -3 -4 -1 -2 -2 -4 -5 -6 -3 -5 -3  2  6 -1 -6 -5 -5    0   0   5   0   0   3   1   3   0   0   0   0   0   1  12  74   2   0   0   0  1.37 0.67
  109 K   -4  0 -1 -4 -6 -1 -2 -3  0 -6 -4  7 -4 -5 -4 -3 -4  5 -4 -5    0   2   3   0   0   2   1   2   2   0   1  80   0   0   0   0   0   8   0   0  1.70 0.69
  110 L   -4 -5 -6 -6  3 -5 -6 -6 -5 -1  6 -5 -1  2 -6 -5 -4 -4 -3 -1    0   0   0   0   6   0   0   0   0   0  84   0   0   8   0   0   0   0   0   2  1.48 0.57
  111 A    5 -4 -4 -4 -3 -3 -3 -3 -4 -3 -3 -3 -3 -4 -1  1 -2 -5 -4  2   69   0   0   0   0   0   0   0   0   0   0   0   0   0   3  12   0   0   0  17  1.03 0.47
  112 G   -1 -3  0 -2 -3 -2 -2  5 -3 -4 -4 -2 -3 -4 -3  4 -1 -4 -4 -4    0   0   4   0   0   0   0  54   0   0   0   0   0   0   0  42   0   0   0   0  0.93 0.25

                      K         Lambda
Standard Ungapped    0.1242     0.3055
Standard Gapped      0.0398     0.2670
PSI Ungapped         0.1299     0.3173
PSI Gapped           0.0398     0.2670
