
Last position-specific scoring matrix computed, weighted observed percentages rounded down, information per position, and relative weight of gapless real matches to pseudocounts
            A   R   N   D   C   Q   E   G   H   I   L   K   M   F   P   S   T   W   Y   V   A   R   N   D   C   Q   E   G   H   I   L   K   M   F   P   S   T   W   Y   V
    1 M    -4  -5  -6  -7  -5  -4  -6  -6  -5   1   0  -5  10  -3  -6  -5  -4  -5  -4   1    0   0   0   0   0   0   0   0   0   6   3   0  83   0   0   0   0   0   0   9  2.42 0.77
    2 V     1  -3  -1  -1  -1  -2  -2  -3  -4   0   1  -2   6  -2  -1   3   1  -4  -4  -1   10   0   3   3   1   1   3   1   0   4  11   1  27   1   3  22   7   0   0   3  0.47 0.36
    3 D    -2  -3   0   5  -5  -1   4  -3  -3  -4  -4  -2  -5  -6   0   2  -1  -6  -5  -4    2   0   4  29   0   1  32   1   0   1   1   1   0   0   5  17   4   0   0   1  0.84 0.48
    4 R    -3   7  -4  -4  -7  -1  -1  -6  -1  -4  -6   3  -5  -3  -4  -4  -5  -6   0  -5    1  68   0   1   0   1   3   0   1   1   0  17   0   1   1   1   0   0   3   1  1.71 0.75
    5 E    -1  -1   1   2  -3   1   5  -4  -2  -5  -4   0   0  -5  -3   0  -1  -2  -2  -3    4   2   6  12   1   5  49   1   0   0   1   4   2   0   1   5   4   0   2   1  0.81 0.48
    6 Q    -1   1   1   2  -5   2   4  -3   0  -1  -3   1   0  -3  -3  -1   0  -5  -2  -2    3   6   6  12   0  10  28   1   2   5   1   8   3   1   0   4   7   0   1   2  0.40 0.29
    7 L     0  -1   1  -2   2   0  -2  -4   1   0   3  -1   0   0  -4  -1  -1  -2   1  -1    7   3   8   3   5   4   1   0   4   3  39   3   2   4   0   4   2   0   6   1  0.28 0.26
    8 V    -3  -3  -3  -5  -4  -3  -4  -6  -5   3   2  -2   0  -1  -5  -3  -1   1  -2   5    1   1   2   0   0   1   1   0   0  16  23   2   1   2   0   1   4   2   1  43  0.74 0.41
    9 Q    -2  -2  -1  -3   0   3  -1  -4   0  -2  -2  -2  -3   4  -5  -2  -1   0   6  -1    2   2   2   1   3  16   5   1   2   2   4   2   0  19   0   2   4   1  29   5  0.70 0.42
   10 K    -2   2  -1  -4  -1   0  -2  -4   0  -1   2   2   5   0  -4  -2  -1  -1  -1  -1    1  10   3   0   1   4   1   1   2   3  24  18  18   4   0   1   3   1   2   3  0.36 0.30
   11 A     6  -4  -4  -5   2  -4  -3  -3  -5  -1  -2  -4  -4  -5  -4  -1  -1  -5  -5  -1   78   0   0   0   3   0   1   0   0   4   4   0   0   0   0   2   3   0   0   3  1.29 0.65
   12 R    -1   3  -2  -2  -5   1   0  -4  -1  -2  -4   6  -2  -5  -4  -2  -1  -5  -2  -3    5  16   1   2   0   7   4   0   1   2   1  52   1   0   0   2   3   0   1   2  0.89 0.50
   13 L    -2  -3  -2  -4  -2  -2  -3  -5  -4   2   5  -2   1  -1  -3  -4  -2  -4  -1   2    2   1   2   1   1   2   2   0   0  12  55   3   2   2   1   0   2   0   1  12  0.63 0.37
   14 A     6  -3  -2  -4   2  -3  -4  -2  -2  -3  -2  -3   0  -3  -4   1  -2   0   0  -1   66   1   2   0   4   0   0   1   1   0   3   0   2   1   0   9   1   1   3   4  0.93 0.53
   15 E    -2   0  -1   1  -2   1   6  -2  -1  -3  -3   0  -2  -2  -3  -1  -3  -4  -2  -3    3   3   1   7   1   6  57   2   1   1   3   5   1   2   0   4   0   0   1   2  0.80 0.45
   16 Q    -2   0  -1  -1  -2   6   2  -3   1  -3  -1   1  -1  -3  -3  -1  -2  -4  -2  -2    1   3   2   3   1  51   9   1   3   1   6   8   1   1   0   4   1   0   1   2  0.82 0.48
   17 A     5  -3   0  -3   2  -2  -2  -1  -3  -1  -1  -2  -1  -3  -1   1   1  -4  -2   0   56   0   5   0   4   0   0   2   0   2   4   0   1   0   3   7  10   0   1   4  0.52 0.34
   18 E    -1   0   0   0   0   1   5   1   0  -4  -4   0  -1  -4  -3  -1  -2  -4  -3  -4    3   4   5   3   3   4  55   9   2   0   0   4   2   0   0   3   0   0   0   0  0.72 0.39
   19 R    -3   6  -1  -1   0   1  -2  -4   0  -2  -2   1   0  -4  -2  -1  -1   0  -3  -4    0  61   1   3   2   6   0   0   1   2   4   5   3   0   2   3   3   1   0   0  0.91 0.46
   20 Y    -2  -1  -1  -2   1   1  -3  -4   4  -3  -2  -3  -3   3  -1  -3  -3   4   7  -3    3   3   2   3   4   6   0   0  11   0   2   0   0   8   3   0   0   5  48   0  0.99 0.46
   21 D    -1  -1   1   5  -4   1   3  -1   0  -2  -4   0  -1  -4   0  -1  -1  -4  -3  -3    4   2   7  36   0   5  20   4   2   3   0   4   2   0   4   3   3   0   0   0  0.51 0.28
   22 D    -1   0   1   4  -3   1   2   0  -1  -3  -3  -1  -2  -2  -2   0   0  -3   1  -1    5   5   5  31   0   5  18   7   0   0   1   0   0   0   0   5   5   0   8   5  0.35 0.21
   23 M     0   1   1  -2   3  -1  -2  -2  -2   1   0   0   2   1  -2   0   1  -2  -1   0    8   8   8   0   8   0   0   1   0   8   8   8   8   8   0   8   8   0   0   8  0.07 0.11
   24 A     3  -1  -2  -5   1  -3  -5  -3  -5   2  -1  -1   1  -1  -3  -2  -1  -5  -1   4   24   3   2   0   2   1   0   2   0  10   5   3   3   3   1   2   3   0   2  32  0.57 0.39
   25 A     1  -1  -1   2  -2   0   4  -2   0  -1  -3   1  -1  -3  -3  -1   0  -1   0  -3   10   4   3  11   1   4  25   3   2   4   3   8   2   1   2   4   6   1   4   2  0.36 0.26
   26 A     2  -2  -1  -4   5  -1  -3  -4   3  -2  -1  -4  -1   4  -4   0  -4   0   4  -2   15   2   3   1   9   3   2   2   7   2   5   1   1  16   1   8   1   1  13   3  0.64 0.35
   27 M    -2  -1  -6  -6   1  -5  -6  -6  -6   1   1  -5   9  -1  -6  -2  -1  -5  -5   1    3   4   0   0   3   0   0   0   0   7  10   0  53   3   0   3   4   0   0   8  1.62 0.78
   28 K    -2   2   1  -2   0  -1   0  -2   1  -2  -3   6  -4  -5  -2  -1  -1  -5  -2  -1    2  11   6   2   2   2   5   3   3   2   2  44   0   0   2   4   3   0   2   5  0.67 0.43
   29 N     0  -1  -1   0   1   0   1  -2   1  -1  -2   3   1  -1   0   1  -1   2   0  -2    9   4   3   5   3   5   9   3   4   3   4  16   3   3   5  10   4   3   3   3  0.16 0.15
   30 V     0   0   0   0   2  -1   0  -3   2   0   0   0   1   1  -3   0   0   4   1   0    6   6   6   6   6   0   6   0   6   6   6   6   6   6   0   6   6   6   6   6  0.09 0.13
   31 T     3  -1  -3  -2   1  -3  -1  -1   0   1  -1  -1   0   0  -3   0   1  -4  -3   3   25   2   0   3   3   0   3   4   3   9   4   3   3   4   0   4   9   0   0  21  0.23 0.25
   32 E     0   0   0   0   2   0   0   0   1   0  -1   0   1   0   0   0   0  -3  -1   0    5   5   5   5   5   5   5   5   5   5   5   5   5   5   5   5   5   0   0   5  0.00 0.07
   33 L     0  -1   0   0   0   1   0  -2   0  -1   1   0   3   0  -1   0   0  -2  -1  -1    8   3   4   4   2   8   6   2   2   3  17   7   8   4   2   7   7   0   2   2  0.07 0.13
   34 N    -2  -1   2   3  -2  -1  -1   3   1  -4  -3   0  -1  -1   0   0  -1  -2  -1  -2    1   4   9  19   1   2   3  25   3   1   3   5   2   3   4   8   3   1   3   2  0.35 0.28
   35 E    -1   0   0  -1  -2   0   2   0   2  -1  -1   1  -2  -3   2  -1   0  -4  -2   1    5   4   5   3   1   4  15   8   6   4   5   7   1   1  10   4   5   0   1  13  0.13 0.15
   36 P    -1  -1  -2   2  -1   0   5  -2  -1  -3  -3   0  -2  -1   2  -1  -1  -2  -4  -3    4   2   1  12   1   3  40   2   1   2   2   5   1   3  10   5   3   1   0   2  0.61 0.43
   37 L    -3  -3  -5  -5  -4  -4  -2  -5  -5   0   5  -2   2   2  -2  -3  -3   0   1  -1    2   2   0   0   0   0   3   1   0   5  60   2   4   8   2   2   2   1   4   3  0.88 0.50
   38 S    -2  -3   2   1  -2  -2  -1   0  -4  -3  -2  -3  -2  -3  -2   4   4  -2  -4  -3    2   1   8   6   1   1   4   6   0   1   4   1   1   1   2  29  30   1   0   1  0.61 0.47
   39 N     0  -1   1   0  -2  -1   0  -2  -1   0   0   0  -1  -2   1   0   0  -4  -3   2    9   2   7   5   1   2   7   1   1   4   8   8   1   1   8   8   6   0   0  19  0.12 0.15
   40 E    -3  -2  -1   2  -6   1   6  -4   0  -6  -4   0  -2  -6  -2  -1  -3  -6  -5  -3    1   1   2  12   0   5  56   1   2   0   2   6   1   0   2   4   2   0   0   2  1.15 0.65
   41 E    -3  -3  -3  -1  -3   0   7  -2  -1  -3  -3  -2  -1  -4  -2  -3  -4  -6  -5  -4    2   1   1   3   1   3  70   3   2   2   2   2   1   1   2   2   0   0   0   2  1.46 0.78
   42 R    -3   7  -3  -3  -2   1  -2  -3  -1  -1  -3   0  -1  -2  -3  -3  -3   0  -5  -3    1  61   1   1   1   5   2   3   2   5   3   5   2   2   1   2   1   1   0   1  1.27 0.65
   43 N    -3  -1   6   2  -2  -1   0  -2   2  -3  -2  -1  -1  -5  -4  -1   0  -5  -1  -3    2   2  45  10   1   2   5   2   5   2   5   3   1   0   0   3   6   0   2   1  0.82 0.47
   44 L    -3  -3  -3  -3   0  -2  -3  -5  -1   0   5  -4   2   1  -3  -3  -1   3  -1  -1    2   2   2   2   2   2   2   1   1   3  58   1   5   5   2   2   3   4   2   2  0.74 0.41
   45 L    -4  -4  -5  -5   1  -4  -5  -5  -4   0   5  -4   1   4  -1  -3  -4  -3   0  -1    1   0   0   1   3   0   1   1   0   4  52   1   2  20   3   3   1   0   3   3  0.89 0.46
   46 S     0  -1  -1  -3   0   0  -1  -1  -3  -2  -2  -3  -3   2  -1   4   0   2   2  -1    7   3   3   0   2   4   3   4   0   2   4   0   0   8   2  39   4   2   7   3  0.38 0.35
   47 V    -1   0   0   2   3  -1  -1  -2   1   0  -1   0   0  -1  -3   0   0  -3   0   2    4   4   5  13   6   3   3   3   4   4   4   5   3   3   0   6   5   0   3  22  0.12 0.15
   48 A     0  -2   1  -1   3  -1   0   0   2   0   0  -2  -1   1  -2   0   1  -2  -1   0    8   0   8   0   8   0   8   8   8   8   8   0   0   8   0   8   8   0   0   8  0.06 0.10
   49 Y     0  -2  -2  -3   2   0  -2   0   2   0   0  -2   1   1  -3   0   0   4   1   0    7   0   0   0   6   7   0   7   6   7   7   0   6   6   0   7   7   6   6   7  0.09 0.17
   50 K    -3   1   0  -2  -6   1  -1  -4  -1  -6  -6   7  -5  -6  -5  -1  -1  -6  -1  -5    2   6   4   2   0   5   4   1   2   0   0  63   0   0   0   5   3   0   2   0  1.33 0.68
   51 N    -3   0   7  -2  -6   0   0  -2   2  -6  -6   1  -2  -3  -5   0  -1  -6   0  -5    1   5  51   2   0   3   5   3   5   0   0   7   1   2   0   7   3   0   3   0  1.11 0.61
   52 V     1  -1  -3  -4   1  -2  -2  -4  -2   2   1  -1   2  -2  -2   0  -1   0  -1   4   10   3   1   0   3   2   2   0   1   8  12   4   5   1   1   6   3   2   2  33  0.35 0.28
   53 V    -1  -5  -5  -5  -4  -5  -5  -5  -1   5   0  -5   2  -1  -5  -2   1  -5  -4   4    4   0   0   0   0   0   0   0   2  36   5   0   5   2   0   3   9   0   0  32  0.97 0.51
   54 G     0  -1   1   0   0   0   0   5  -1  -3  -2  -2  -1  -3  -3   1   0  -5  -3  -3    8   3   7   5   2   4   5  39   1   1   3   1   2   1   1   9   5   0   1   1  0.48 0.32
   55 A     2  -1   0  -1  -1   0  -1   0  -1  -2  -1  -1  -1  -1   1   2   1  -4  -2  -2   22   3   4   3   1   3   3   7   2   2   7   2   2   3   8  18   7   0   1   2  0.17 0.20
   56 R    -2   5  -2  -2   0   0  -3  -2   2  -2   1   3   0   0  -1  -2  -1  -4   0  -2    2  32   2   2   2   3   0   2   6   2  13  16   2   4   3   2   3   0   3   2  0.47 0.36
   57 R    -4   7  -3  -4   1   0  -1  -2   1  -2  -1   0  -4  -1  -5  -2  -4  -5   0  -4    0  60   0   0   3   3   3   3   3   3   5   4   0   3   0   3   0   0   3   0  1.13 0.61
   58 S     2   0   1   0   0   0   1   0   0  -1  -1   0  -2  -1  -2   1   0  -3  -1  -1   20   6   6   4   2   2   8   6   2   3   6   6   0   2   0  14   5   0   2   3  0.09 0.13
   59 S     2  -1  -1  -3   0   1  -1  -1  -3  -2  -2   0  -3  -1  -1   4   0   1  -3  -2   19   2   2   0   2   8   2   4   0   2   3   5   0   2   2  34   5   2   0   3  0.35 0.33
   60 W    -5  -2  -9  -9   0  -8  -9  -7  -2   0   2  -8  -1  -2  -6  -6  -8  12  -1  -2    1   3   0   0   2   0   0   1   1   5  16   0   1   2   1   1   0  61   2   3  2.99 1.37
   61 R    -4   8  -3  -5  -1  -1  -5  -5  -1  -5  -5   1  -4  -4  -8  -5  -4  -3  -4  -6    2  74   1   1   1   3   1   1   2   1   1   7   0   1   0   1   1   0   1   1  2.15 1.10
   62 V     0  -2  -1  -4   1  -4  -3  -4  -3   5  -1  -3   2  -2  -4  -2   1  -6  -5   4    8   2   3   1   3   1   2   1   1  29   4   2   4   1   1   4  10   0   0  24  0.67 0.43
   63 I    -1  -6  -4  -7  -3  -4  -6  -7  -6   5   3  -6   1   1  -6  -4  -3  -6  -4   3    5   0   1   0   1   1   0   0   0  34  29   0   3   5   0   1   2   0   1  16  1.10 0.58
   64 S     0  -2   1   0   1   0  -2  -1  -2  -3  -2   0  -2  -3  -3   5   1  -2  -2  -2    7   2   7   5   3   4   3   4   1   2   5   5   1   1   1  37   7   1   2   3  0.45 0.39
   65 S     1  -3   0  -3   0  -1  -2  -2  -1  -2  -3  -1  -2  -4  -4   5   1  -1  -4  -1   13   1   4   2   2   3   3   3   1   2   3   3   1   1   1  44   7   1   1   4  0.71 0.55
   66 I    -2  -4  -3  -4  -3  -2  -2  -4  -1   6   2  -3   3  -1  -4  -3  -2  -2   0   1    4   1   1   1   1   2   3   2   2  40  16   2   6   2   1   2   2   1   3   8  0.76 0.45
   67 E    -1  -3  -3  -2  -2   0   7  -4  -2  -2  -1  -1  -1  -3  -4  -2  -3  -6  -3  -3    5   1   1   2   1   4  59   2   1   3   6   3   1   1   1   3   1   0   1   2  1.19 0.73
   68 Q    -1  -2  -1  -1  -2   7   1  -3   3  -3  -2   2   0  -4  -3  -1  -2  -5  -3  -3    4   2   3   3   1  40   7   2   5   2   5  10   2   1   1   5   3   0   1   2  0.85 0.59
   69 K    -2   1   1  -1  -5   0   0  -3  -1  -4  -3   6   0  -5  -3  -1  -3  -5  -5  -3    4   7   6   3   0   4   5   2   2   1   3  50   2   0   1   4   2   0   0   2  1.00 0.59
   70 T    -2  -2  -1   0  -2   0   5  -2   0  -3  -3  -1  -1  -3  -2  -2   2  -5  -1  -1    4   2   2   6   1   5  40   4   2   2   3   4   1   1   3   3  12   0   2   4  0.63 0.47
   71 S     0  -1  -1   1  -2   1   4  -2  -2  -2  -2   1  -1  -3  -1   0   1  -2  -2  -3    7   4   3   6   1   5  31   4   1   3   3   9   1   1   3   7   8   1   1   2  0.40 0.33
   72 A     1   0   1   0  -1   0   1   0   0  -1  -2   0   0  -2   0   2   0  -4  -1  -1   13   4   8   5   1   4   7   8   2   3   3   7   2   1   4  15   6   0   2   3  0.12 0.14
   73 D    -2   2  -1   2  -1   1   1  -1   0  -3  -2   4  -1  -4  -2  -1  -1  -5  -2  -3    3  11   3  11   2   5  10   4   3   2   4  27   2   0   2   5   3   0   1   2  0.41 0.32
   74 G    -1  -1   0  -1  -1  -1   0   5  -1  -3  -2   0  -4  -3  -2   0  -2   0  -4  -2    5   4   5   4   1   3   5  41   1   2   4   6   0   1   2   8   2   2   0   3  0.54 0.37
   75 N     0  -1   5   1  -2  -2  -1   0   1  -3  -3   0  -2  -2  -2   2   0  -1  -1  -3    6   4  28   7   1   2   4   6   4   2   3   5   1   2   2  13   5   1   2   2  0.43 0.35
   76 E    -1  -1  -1   2   0   0   4  -2   1  -2  -2  -1   0  -2   0   1   0  -5  -4  -1    6   3   3  11   2   4  26   3   3   3   3   4   2   2   5   9   6   0   0   4  0.28 0.29
   77 K    -1   1   0   1  -6   2   2  -2   2  -2  -3   1   1  -1   2   0   0   2   0  -2    5   6   4   7   0   8  11   4   4   3   3   8   4   3  10   6   5   3   3   4  0.17 0.17
   78 K    -1   0   0   0   2   0   0  -1   2   0  -1   0   2   1   0  -1   0   4   1  -1    5   5   5   5   5   5   5   5   5   5   5   5   5   5   5   5   5   5   5   5  0.09 0.08
   79 I     1  -1  -1  -2  -1   1  -1  -1   0   0   1   0   0  -1  -2   0   0  -3  -1   2   11   3   2   2   1   8   2   4   2   3  14   6   3   2   2   6   4   0   2  21  0.11 0.15
   80 E     1   0  -1   1  -1   2   2   0   0  -1  -3   2  -1  -2   0   1   0  -4  -1  -2   10   4   3   7   2  10  12   7   2   3   2  13   2   2   3   8   7   0   2   3  0.16 0.18
   81 M     0  -1   0   0   1   0  -1  -3   1   0   1   0   3   0  -1  -1  -1   2   1   0    7   4   5   5   3   4   4   0   5   6  15   5  12   4   3   3   4   3   6   5  0.11 0.14
   82 V     0  -2   1   0   2   0  -1   0  -2   0   0   0   1   1  -2   0   0  -2   1   0    7   0   7   7   6   7   0   7   0   7   7   7   6   6   0   7   7   0   6   7  0.04 0.10
   83 R     0   2   1  -1   1   1   0  -1   1  -1  -2   3   0  -1  -3  -1   0   2   0  -1    7  13   6   3   3   5   6   4   3   3   3  19   3   3   0   4   5   3   3   3  0.18 0.18
   84 A     0  -1   0   2   0   0   3   0   0  -1  -2   1   0  -2  -3  -1  -1   1  -1  -1    8   3   3  10   2   3  24   7   2   4   5  10   3   2   0   3   4   2   2   3  0.22 0.23
   85 Y     0   0   0   0   2   1   0  -2   2   0   0   0   1   0  -2   0   0  -2   1   0    6   6   5   6   5   5   6   0   5   6   6   6   5   5   0   6   6   0   5   6  0.02 0.11
   86 R    -1   0   0   0   2   0   0  -1   2   0  -1   0   2   1   0  -1   0   4   1  -1    5   5   5   5   5   5   5   5   5   5   5   5   5   5   5   5   5   5   5   5  0.09 0.08
   87 E     0   2   1   1  -1   2   2  -1   1  -2  -2   2   0  -2  -3   0  -1  -4  -2  -2    8   9   6   7   2  11  14   4   4   2   5  11   3   2   0   6   4   0   1   3  0.19 0.18
   88 K    -1   1   1   0   1   1   0  -1   1   0   0   3   0  -3  -3  -1   1  -3   0  -1    3   6   7   4   3   6   7   3   3   6   8  21   3   0   0   3   8   0   3   4  0.12 0.14
   89 I     0  -2  -2  -2  -2  -1   0   0   2   1   0  -2   2   1  -2   0   0  -2   2   0    8   0   0   0   0   0   8   8   8   8   8   0   8   8   0   8   8   0   8   8  0.07 0.11
   90 E    -1   0  -1  -1   1   1   5  -2  -4  -1  -2   1   1  -1  -4  -1  -1  -5   0  -1    5   4   3   3   3   5  38   3   0   3   3   7   4   3   0   3   4   0   3   4  0.47 0.39
   91 K     0   0   1   1   0   0   0  -1   2  -1  -2   2   0   0  -1   0   1  -3   0  -1    8   4   7   9   3   3   7   5   5   3   4  13   3   4   3   5   9   0   3   3  0.08 0.11
   92 E    -3  -2  -2   0  -7   0   7  -3  -1  -7  -6  -1  -1  -6  -6  -3  -2  -6  -1  -6    2   2   2   6   0   3  66   2   2   0   1   4   1   0   0   2   3   0   2   0  1.58 0.82
   93 L    -2  -5  -6  -6  -5  -1  -6  -2  -6   2   5  -5   2   0  -1  -5  -1   2   0   0    4   0   0   0   0   3   0   4   0  11  50   0   4   4   3   0   4   3   3   6  0.85 0.48
   94 E    -1   2   0  -1   1   1   1  -2   1   0  -3   1   0  -1  -2   1   0   2   0  -1    5  12   4   4   3   7   8   3   3   5   3   8   3   3   3  10   7   2   3   4  0.10 0.14
   95 A     0   0   0   0   2   0   0  -1   1   0  -1   0   1   0   0   0   0  -2   1   0    5   5   5   5   5   5   5   5   5   5   5   5   5   5   5   5   5   0   5   5  0.03 0.05
   96 V    -1  -1  -1  -2   0  -1  -2  -3   0   4   1  -1   0   0  -4  -1   1  -4   0   1    3   4   2   2   2   2   2   2   2  27  13   3   2   4   0   5   8   0   4  11  0.24 0.22
   97 C    -2  -2  -2  -6  10  -6  -3  -3  -6  -1  -3  -6   0  -1  -6  -2  -2   2  -1  -2    3   3   2   0  58   0   3   3   0   4   3   0   3   3   0   4   3   2   3   3  1.98 0.90
   98 Q    -1   0   0   0   2   0   0  -1   2   0  -1   0   1   0  -3   0   0   3   1   0    5   5   5   5   5   5   5   5   5   5   5   5   5   5   0   5   5   5   5   5  0.06 0.10
   99 D    -1   0   0   0   2   0   0  -1   2   0  -1   0   1   0  -3   0   0   3   1   0    5   5   5   5   5   5   5   5   5   5   5   5   5   5   0   5   5   5   5   5  0.06 0.10
  100 V     0   0  -2   0   2   1   0   0  -2   0   0   0   1   1  -2   0   0   4  -1   0    6   6   0   6   6   6   6   6   0   6   6   6   6   6   0   6   6   6   0   6  0.07 0.12
  101 L    -1  -2  -2  -2   0  -1  -1  -2   0   2   3  -1   2   0  -1  -2  -1  -4  -3   1    4   2   2   2   2   3   4   4   3  13  36   3   4   5   3   2   2   0   0   7  0.28 0.26
  102 S     0   0   1   1   0   0   1   0   1  -1  -1   0   1   0  -1   0   0  -3   0  -1    5   5   7  10   3   3   9   8   4   3   7   7   5   4   2   6   4   0   3   5  0.04 0.06
  103 L     0   0   0  -2   2   1   0  -3  -2   0   0   0   1   1   1   0   0   4   1   0    6   6   6   0   6   6   6   0   0   6   6   6   6   6   6   6   6   6   6   6  0.09 0.14
  104 L     0   0  -2  -2   3  -1  -2  -2  -2   1   0  -1   2   1   1   0   1  -2  -1   1    9   9   0   0   8   0   1   1   0   9   9   0   9   9   9   9   9   0   0   9  0.12 0.11
  105 D     0  -1   0   5   0   2   2  -1   0  -2  -3  -1  -3  -4  -1  -1  -1  -4  -1  -2    7   3   3  33   2   8  15   4   2   3   3   3   0   0   2   4   3   0   2   3  0.46 0.31
  106 N     0   0   0   0   2   0   0   0   1   0  -1   0   1   0  -2   0   0  -2   1   0    6   6   5   6   5   5   6   6   5   6   6   6   5   5   0   6   6   0   5   6  0.03 0.07
  107 Y    -1   0   1   0   2   0  -1  -2   5  -1  -1   0  -3   0  -1   0  -1   2   2  -1    3   5   8   6   4   5   3   4  16   3   5   5   0   4   4   6   4   3   7   4  0.23 0.23
  108 L    -2  -5  -5  -2   2  -1  -2  -3   1   0   5  -5   2   0  -5  -2  -4  -4   0   0    3   0   0   3   5   3   3   3   3   5  54   0   4   3   0   3   0   0   3   5  0.72 0.46
  109 I    -1   0   0   0  -3   1   0   0   2   0  -1   0   1   0   1   0   0  -2   1   0    0   6   5   6   0   5   6   6   5   6   6   6   5   5   6   6   6   0   5   6  0.01 0.09
  110 K    -1  -1   0  -2  -4  -1  -1  -2   0  -4   0   1   1  -4   6  -1  -2  -4  -1  -2    5   4   5   2   0   3   3   2   3   0  11  11   3   0  36   4   2   0   2   3  0.64 0.42
  111 N    -1   0   1   1   0   0   0  -1   1  -1  -1   1   0  -1  -1   1   0  -3   0   0    4   4   9   7   3   5   4   4   3   4   8  11   3   3   3  12   6   0   4   6  0.06 0.09
  112 C     3  -3  -1  -1   2   0   0  -1   1  -1  -1   0   1  -3   0   0   0  -4   0   1   28   0   3   4   5   4   5   4   3   3   5   5   3   0   4   5   6   0   4   9  0.19 0.21
  113 S    -1   0   1   1   0   1   0  -1   1  -1  -1   0   0  -1   1   0   0   1   1   0    4   5   7   7   2   7   7   4   3   4   4   7   2   3   6   8   6   2   5   6  0.05 0.06
  114 E     0   0   2   2  -3   0   1  -1   1  -1  -2   0  -2  -1   0   1   1  -3  -3  -1    8   5   9  10   0   5  10   5   4   4   4   5   0   3   5  11   7   0   0   4  0.12 0.13
  115 T     0   0   0   0   2   0   0  -1   1   0  -1   0   1   0   0   0   0  -2   1   0    5   5   5   5   5   5   5   5   5   5   5   5   5   5   5   5   5   0   5   5  0.03 0.05
  116 Q     0   0   0   0   2   0   0  -1   1   0  -1   0   1   0   0   0   0  -2   1   0    5   5   5   5   5   5   5   5   5   5   5   5   5   5   5   5   5   0   5   5  0.03 0.05
  117 Y     0   0   0   0   2   0   0  -1   1   0  -1   0   1   0   0   0   0  -2   1   0    5   5   5   5   5   5   5   5   5   5   5   5   5   5   5   5   5   0   5   5  0.03 0.05
  118 E     0   0   1   0  -3   1   0   0   2   0  -1   0   1  -2   1   0   0  -2   1   0    6   6   6   6   0   6   6   6   6   6   6   6   6   0   6   6   6   0   6   6  0.05 0.08
  119 S     1   0   1   0   2   0  -1  -1   1  -1  -2  -5   1   0  -1   4   0  -6   0  -2   10   6   5   5   4   4   4   5   3   3   4   0   3   4   4  25   5   0   3   4  0.28 0.25
  120 K    -1   0   0   0   2   0   0  -1   2   0  -1   0   2   1   0  -1   0   4   1  -1    5   5   5   5   5   5   5   5   5   5   5   5   5   5   5   5   5   5   5   5  0.09 0.08
  121 V     0  -2   1   1   2  -1   0   0  -2   0   0  -2   1   1  -2   0   0  -2  -1   0    8   0   7   8   7   0   8   8   0   8   8   0   7   7   0   8   8   0   0   8  0.06 0.10
  122 F    -1   1  -1  -3   1  -2  -3  -1   1   0   0  -2   1   4  -3  -1   0   3   1  -1    5  10   4   0   4   0   0   4   4   7   8   0   4  26   0   4   8   4   4   4  0.25 0.22
  123 Y    -1  -4  -2  -1   2  -4  -2  -1   1  -1   0  -4   0   3  -1  -1  -3   3   6   0    6   0   2   3   4   0   3   5   3   3   8   0   3  10   4   4   0   3  31   7  0.56 0.40
  124 L    -1  -1   0  -1   2  -1  -1  -2   1   0   2  -1   0   0  -3   0  -1   4   2   0    3   3   5   4   5   3   4   4   4   4  21   3   3   4   0   8   3   6   8   7  0.15 0.16
  125 K    -2   0   0  -2   2   1   0   0   2   0   0   0   1   1   1   0   0  -2   1   0    0   6   6   0   6   6   6   6   6   6   6   6   6   6   6   6   6   0   6   6  0.05 0.11
  126 M    -1   0   0   0   2   0   0  -1   2   0  -1   0   1   0   0  -1   0   3  -2   0    6   6   5   6   5   5   6   6   5   6   6   6   5   5   6   0   6   5   0   6  0.06 0.12
  127 K     0   0   0   0   2   0   0   0   1   0  -1   0   1   0  -2   0   0  -2   1   0    6   6   5   6   5   5   6   6   5   6   6   6   5   5   0   6   6   0   5   6  0.03 0.07
  128 G     1   0   0  -1  -4  -3  -1   4  -4  -1  -2  -1  -3  -4  -4  -1  -1   3  -4  -1   12   7   4   4   0   0   5  37   0   4   4   4   0   0   0   5   4   4   0   5  0.44 0.30
  129 D    -2  -1   1   6  -4   0  -1  -2   1  -2  -2  -3  -3  -1  -4  -1   0  -5  -1   0    3   4   7  47   0   3   2   2   4   2   5   0   0   3   0   3   6   0   2   6  0.69 0.41
  130 Y     0  -2   1  -2   3   1  -1  -2   2   0   0  -1  -1   1  -2   0   1  -2   2  -1    8   0   8   0   8   8   0   1   8   8   8   0   0   8   0   8   8   0   8   0  0.06 0.13
  131 Y    -1  -1   0  -4   1  -1  -1  -2   3  -1  -1   0   0   2   0  -1  -3   2   5  -1    4   3   5   0   3   3   3   3   8   3   6   6   3   9   4   4   0   3  26   3  0.42 0.32
  132 R     0   1   1  -2   2   1   0   0   2  -3  -1   0  -2  -2   1   0   0   4   1  -2    7   7   7   0   6   7   7   7   6   0   7   7   0   0   7   7   7   6   6   0  0.15 0.16
  133 Y    -4  -4  -2  -2   0  -1  -2  -5   1  -2  -4  -1   0   2  -5  -2  -2   3   8  -4    0   0   2   2   2   2   2   0   2   3   1   3   3   6   0   3   2   4  57   0  1.45 0.77
  134 L    -1  -1  -3  -3   1  -1   0  -1   0   0   2  -1   4   0   0  -1  -1   2   0   0    3   3   0   0   3   3   7   4   3   5  26   4  12   3   6   3   3   3   3   6  0.18 0.22
  135 A     0   0  -2   0   2   0   0  -1   2   0  -1   0   1   1  -3   0   0   3   1   0    6   6   0   6   5   5   6   6   5   6   6   6   5   5   0   6   6   5   5   6  0.07 0.12
  136 E    -5  -1   0   1  -6   0   6  -3   0  -6  -3   1   1  -1  -5  -2  -4  -6  -5  -5    0   3   4   7   0   4  58   2   2   0   3   7   3   3   0   2   0   0   0   0  1.19 0.66
  137 V    -2  -4   0  -5   0   0  -2  -5  -4   2   1  -4   0   5  -2  -1  -2   1   1   3    4   0   5   0   2   4   2   0   0  10  10   0   2  26   2   4   2   2   3  21  0.51 0.33
  138 A     1   1   0  -1   0   1   1  -1   0  -2  -2   1   0  -2  -1   1   1  -3   1  -1   15   9   5   2   2   5   8   3   3   2   4  10   3   2   2  10   8   0   5   4  0.11 0.13
  139 T    -1   0   0   0   2   0   0  -1   2   0  -1   0   2   1   0  -1   0   4   1  -1    5   5   5   5   5   5   5   5   5   5   5   5   5   5   5   5   5   5   5   5  0.09 0.08
  140 G    -1  -1   0   1   1   0  -1   4   2  -2  -3  -2   0  -1  -1  -1  -1   2  -1  -2    4   3   4   8   3   4   5  29   4   3   3   3   3   3   4   5   5   3   3   3  0.33 0.25
  141 E     0   0   1   0  -3   1   0   0   2   0  -1   0   1  -2   1   0   0  -2   1   0    6   6   6   6   0   6   6   6   6   6   6   6   6   0   6   6   6   0   6   6  0.05 0.08
  142 K    -1  -1   0   3  -7   0   3  -1   1  -1  -2   1   0   0  -1  -1   0  -6   0  -1    4   4   4  13   0   4  18   5   3   3   4   8   3   4   4   5   6   0   3   4  0.23 0.20
  143 R    -1   0   0   0   2   0   0  -1   2   0  -1   0   2   1   0  -1   0   4   1  -1    5   5   5   5   5   5   5   5   5   5   5   5   5   5   5   5   5   5   5   5  0.09 0.08
  144 A     0   0   0   0   2   0   0  -1   1   0  -1   0   1   0   0   0   0  -2   1   0    5   5   5   5   5   5   5   5   5   5   5   5   5   5   5   5   5   0   5   5  0.03 0.05
  145 T     0  -1   0   1   1   0   2  -1   1  -1  -2   1   0  -1  -1   1   0   2   0  -1    8   4   5   7   3   5  12   5   3   3   4   7   3   3   4  10   5   2   3   4  0.06 0.11
  146 V    -1   0   0   0   2   0   0  -1   2   0  -1   0   2   1   0  -1   0   4   1  -1    5   5   5   5   5   5   5   5   5   5   5   5   5   5   5   5   5   5   5   5  0.09 0.08
  147 V     1   0  -1  -1   1   0  -1  -1   0   0  -1   0   0  -1   0   0   0  -3   0   1   17   6   3   4   3   3   3   4   3   7   4   7   3   3   5   7   4   0   4  11  0.04 0.09
  148 E     0   0   0   0  -2   1   0   0  -1   0   0   0   1   0   1   0   0  -2   1   0    6   6   6   6   0   6   6   6   0   6   6   6   6   6   6   6   6   0   6   6  0.03 0.06
  149 S    -1  -1   2  -1   1   1   2  -1   1  -2  -3   2   2  -1  -2   0  -1   2   1  -2    6   3  10   3   3   5  12   6   3   3   3  12   5   3   3   8   4   2   4   3  0.18 0.16
  150 S     4  -1  -6  -1   2  -6  -6  -2   1  -1  -3  -1   1  -1  -1   3   2  -7   0  -2   25   3   0   3   3   0   0   4   3   3   4   3   3   3   3  20  10   0   3   4  0.50 0.36
  151 E     0   1  -1  -2  -1   3   0  -2   0  -1   2   0   2  -1  -1  -1  -2  -1  -1  -2    7   6   2   2   1  12   7   3   2   4  26   6   4   2   3   5   2   1   2   2  0.17 0.21
  152 K    -1   1   0  -1  -1   1   2   0   1  -2  -1   3  -1   0  -3   0  -1   1  -1  -1    5   6   4   3   2   7  12   8   3   2   6  19   2   4   0   6   4   2   2   5  0.13 0.17
  153 A     3  -1  -1   0   1  -1   0   0   1  -2  -1   0   0  -1   0   0   0  -4  -1  -1   30   4   2   5   4   3   5   5   3   2   7   4   2   3   4   5   5   0   3   3  0.17 0.20
  154 Y    -1  -2  -2  -1   2  -2  -2  -3   0  -2  -3  -5   0   0  -6  -1  -1  -3   8  -5    7   2   2   5   4   2   3   3   2   3   3   0   3   4   0   5   4   0  47   0  1.13 0.71
  155 S    -1   0   0   0   2   0   0  -1   2   0  -1   0   1   0  -3   0   0   3   1   0    5   5   5   5   5   5   5   5   5   5   5   5   5   5   0   5   5   5   5   5  0.06 0.10
  156 E     0   0   0   0   2   0   0   0   1   0  -1   0   1   0  -2   0   0  -2   1   0    6   6   5   6   5   5   6   6   5   6   6   6   5   5   0   6   6   0   5   6  0.03 0.07
  157 A     0   0  -2   0   2   1   0   0  -2   0  -1   0  -1  -2   1   0   0   4   1   0    6   6   0   6   6   6   6   6   0   6   6   6   0   0   6   6   6   6   6   6  0.08 0.12
  158 H    -1   0   0   0   2   0   0  -1   2   0  -1   0   2   1   0  -1   0   4   1  -1    5   5   5   5   5   5   5   5   5   5   5   5   5   5   5   5   5   5   5   5  0.09 0.08
  159 E    -1   0   0   0   2   0   0  -1   2   0  -1   0   1   0  -3   0   0   3   1   0    5   5   5   5   5   5   5   5   5   5   5   5   5   5   0   5   5   5   5   5  0.06 0.10
  160 I     0   0  -1  -1   1   0   0  -1   2   2   0   0   1   0  -1   0   0  -3   0   1    6   4   3   3   3   3   6   4   6  15   9   4   4   3   3   5   7   0   3  10  0.03 0.08
  161 S     5  -5  -1  -2   2   0  -2  -1   0  -1  -2  -4   0  -1  -4   1  -1  -5  -5   0   47   0   3   2   5   3   3   5   2   3   3   0   2   3   0   8   4   0   0   5  0.62 0.47
  162 K    -1   0   1  -1   1   2   0  -2   0   0   0   2   2  -1  -2   0  -1   2  -1   0    4   4   6   3   3   8   7   3   3   5   8  14   5   3   3   7   4   2   3   7  0.11 0.11
  163 E     1  -1  -1  -1   1   0   1  -2   0  -1  -3   1   0  -1  -2   1   3   2  -1  -1   10   4   3   4   3   4   7   4   3   3   3   8   3   3   3   9  18   2   3   4  0.17 0.18
  164 H    -3  -2   1   3   0   0   4  -1   4  -2  -2  -1   0  -2  -6   0  -1  -7   1  -2    3   3   6  12   2   4  24   5   8   2   4   5   2   2   0   6   4   0   4   3  0.46 0.33
  165 M    -1  -2   1  -2   3  -2  -2  -3  -2   1   0  -2   2   2  -3   0   1   5   2   1    1   0   9   0   8   0   1   1   0   9   9   0   9   9   0   9   9   8   9   9  0.20 0.15
  166 Q    -1   0   0   0   2   0  -1  -1   2   0  -1   0   2   0   0  -1   0   3   1  -1    5   5   5   5   5   5   5   5   5   5   5   5   5   5   5   5   5   5   5   5  0.03 0.09
  167 P    -1  -2  -1  -2   1  -1  -2  -7   0  -1  -3  -2   1  -1   5   0   1   2  -1   0    6   3   3   3   3   3   3   0   3   4   3   3   3   3  27   7   7   3   3   8  0.42 0.41
  168 T     0  -1  -1  -2   1  -1  -4  -2   0  -1  -3  -1   0  -1  -1   0   5   1   1  -1    8   3   2   2   3   2   0   4   2   4   3   4   2   3   3   6  38   2   5   4  0.51 0.46
  169 H    -3   0   4   2  -4   0   0  -3   7  -2  -3  -1  -4  -4  -4   1  -1  -4   0  -4    1   4  22  10   0   3   4   1  28   3   3   3   0   0   0   9   3   0   3   0  0.74 0.46
  170 P    -2   2  -1  -4   0   0  -1  -2   0  -2  -2  -1   0  -4   6  -1  -2  -5  -1  -1    3  10   2   0   2   5   3   3   3   3   3   2   2   0  45   4   2   0   2   5  0.86 0.47
  171 I    -1  -1   0  -3   0  -1  -1  -3  -3   3   1   0   0   0   1   0   1  -3   0   1    3   3   5   0   2   2   3   0   0  21  13   5   2   4   6   8  10   0   3   9  0.13 0.16
  172 R     0   0   0  -3   2   0  -2  -1   2   0  -1   0   1   1   0   0   0   3   1   0    6   6   5   0   5   5   0   6   5   6   6   6   5   5   6   6   6   5   5   6  0.08 0.13
  173 L     0   0  -2   0  -2   1  -1  -2  -2   1   0  -1   2   1   1  -1   0  -2  -1   0    8   8   0   8   0   8   0   1   0   8   8   0   8   8   8   1   8   0   0   8  0.04 0.11
  174 G    -1   1   0   1   1   0   0   3   1  -1  -3  -2  -2  -3   0   0  -1   4   0  -1    4   9   3   7   3   3   7  24   3   4   1   1   0   0   5   6   4   7   3   4  0.22 0.18
  175 L    -1   0  -3   0  -3  -1  -2  -3  -3   1   3  -2   2   0  -3  -1  -1   4   0   0    4   6   0   6   0   3   1   1   0  10  38   1   7   4   0   4   3   5   3   4  0.28 0.22
  176 A     4  -2  -1  -1   0  -2  -1   0  -1  -1  -1  -2   0  -2  -2   1   1  -3  -1  -1   43   1   2   2   2   0   4   5   1   3   4   1   3   2   1   9   9   0   2   4  0.30 0.26
  177 L    -3  -1  -2  -2  -3  -3  -4  -4  -4   1   5  -3   1   0   0  -3  -3   1  -1   0    1   4   2   3   0   0   1   1   0   7  63   1   2   2   5   1   1   2   2   4  0.67 0.38
  178 N    -1   0   6   0  -3  -2  -2  -1   0  -2  -1  -1  -3  -3  -3   1  -1  -4  -3  -3    4   5  51   4   0   1   1   3   2   2   8   4   0   1   1   9   3   0   1   1  0.71 0.36
  179 Y    -2  -2  -2  -4  -1  -1  -3  -4   1   0   0  -3  -1   6  -4  -1   0   2   4   0    2   2   1   1   1   3   1   1   3   5   7   1   1  40   1   4   5   3  15   5  0.66 0.33
  180 S     0  -2  -2  -2   3  -2  -2   0   2   0   0  -2   2   1   1   0   0  -2   2  -1    8   0   0   0   8   0   0   8   8   8   8   0   8   8   8   8   8   0   8   0  0.12 0.14
  181 V    -2  -2  -1  -3  -1  -2  -2  -3   0   1   0  -4   0  -3  -4  -4   0  -5  -1   6    2   2   3   2   1   2   3   2   2   6   6   0   2   0   0   1   5   0   2  59  0.82 0.46
  182 F    -5  -5  -5  -6   1  -5  -5  -5  -4  -3   0  -5   0   8  -1  -2  -5   2   2  -4    1   0   0   0   3   0   0   1   0   0   8   0   2  67   4   3   0   2   5   0  1.78 0.71
  183 Y    -1  -1  -1  -4   3   0  -1  -4   2   1   1  -1   1   1  -1  -2  -1   2   5  -1    4   3   3   0   6   4   4   0   5   7  14   3   4   6   3   3   3   3  21   3  0.31 0.30
  184 Y    -2  -1  -1  -1   1  -1  -4  -2   3  -1  -2  -1   1   2  -4   0   0   2   6  -2    3   3   3   3   3   3   0   3   7   3   3   3   3   7   0   6   6   3  32   3  0.55 0.46
  185 E    -3  -2  -1   3  -1   0   6  -3  -1  -6  -6   0  -5  -6  -5  -2  -2  -6  -2  -3    2   2   2  13   2   3  60   2   1   0   0   4   0   0   0   3   2   0   1   2  1.30 0.76
  186 I    -3  -5  -1  -3   0  -3  -5  -4  -2   6   0  -3   1   0  -5  -3   0  -5  -1   2    2   0   3   2   2   1   0   1   1  49   6   1   3   4   0   1   7   0   2  14  0.88 0.52
  187 Q    -1  -1  -4  -3   1  -1  -3  -4  -2  -1   4   0   4   1  -3  -3  -2   0   0   0    4   3   0   2   3   3   2   1   1   2  41   8   9   6   2   2   3   1   3   6  0.44 0.34
  188 N    -2   0   5   1  -2   1  -1   1   1  -2  -2   2  -2  -1  -4   0  -2  -5  -1  -4    2   5  27   7   1   5   4  12   3   3   3  14   1   2   0   6   1   0   3   0  0.41 0.34
  189 A    -1  -2   2   4  -1   1   1  -3   2  -3  -3   0  -2  -3  -4   3   0  -5  -2  -3    5   2   9  20   1   8   7   1   4   1   2   5   1   1   0  25   5   0   1   1  0.45 0.38
  190 P    -2   1   0  -4  -2  -1  -2  -3   1  -3  -3   0   0  -2   6   1   1  -5  -1  -1    2   7   4   0   1   2   1   2   4   2   2   6   3   2  38   9   8   0   2   5  0.73 0.49
  191 E     0   0   0   3  -4   1   4  -2   0  -2  -3   1  -4  -3  -2   0   0  -5  -2  -2    7   4   3  18   0   6  26   3   2   2   1   7   0   1   2   6   7   0   1   3  0.40 0.33
  192 Q     0   3  -1   0  -1   2   2  -2   0  -3  -1   3  -1  -4  -1  -1  -2  -4  -2  -1    7  19   2   4   1   8  11   2   2   1   8  21   1   0   2   3   2   0   1   4  0.32 0.29
  193 A     7  -5  -5  -4  -5  -5  -5  -1  -6  -3  -3  -5   0  -6  -3  -1  -2  -6  -6  -3   78   0   0   1   0   0   0   4   0   1   3   0   2   0   1   5   2   0   0   2  1.60 0.88
  194 C    -2   1  -4  -3   9  -3  -4  -4   1   2  -2  -3  -1  -1  -6  -3  -1  -2   1  -1    4   7   1   2  46   1   1   2   3  10   4   2   2   2   0   2   3   1   5   5  1.35 0.67
  195 H    -1   1   0   0  -1   3   1  -2   4  -2  -2   1  -1  -2  -3   1   0  -4   0  -2    4   9   5   6   1  12  10   2  11   3   3   9   1   2   1  11   5   0   3   2  0.26 0.25
  196 L    -3  -2  -4  -5   0  -3  -4  -5  -2   3   4  -2   4  -1  -3  -4  -1  -2  -4   1    1   2   1   0   2   1   1   0   1  17  45   2   9   2   1   1   4   1   0   8  0.76 0.46
  197 A     7  -2  -4  -5  -2  -1  -5  -2  -5  -2  -3  -5  -5  -6  -2  -1  -2  -6  -5  -2   76   2   1   0   1   2   0   3   0   2   2   0   0   0   2   3   2   0   0   2  1.49 0.82
  198 K    -3   3   0   0  -6   2   0  -5  -1  -3  -3   6  -2  -6  -3  -2  -2  -6  -5  -5    2  13   5   4   0   8   4   0   1   1   3  49   1   0   1   2   3   0   0   0  0.99 0.59
  199 T     0   1  -1  -1  -1   4   2  -2   0  -3  -2   2  -1  -5  -4  -1   2  -5  -3  -3    7   7   3   3   1  21  13   3   2   1   4  14   2   0   0   4  12   0   1   2  0.39 0.34
  200 A     6  -5  -5  -4  -5  -4  -4  -2  -5  -4  -3  -4  -5  -3  -5   0   1  -6  -5  -2   74   0   0   1   0   1   1   3   0   1   3   1   0   1   0   5   7   0   0   2  1.47 0.81
  201 F    -4  -2  -6  -6  -2  -6  -6  -6  -2  -1   1  -5  -4   8  -6  -4  -4  -3   4  -1    1   3   0   0   1   0   0   0   1   4  12   1   0  57   0   2   1   0  12   5  1.61 0.75
  202 D    -3  -2   2   7  -4  -1   2  -3  -2  -2  -6  -1  -5  -6  -5  -1  -3  -6  -3  -4    1   2  10  54   0   2  12   2   1   3   0   3   0   0   0   4   1   0   1   1  1.23 0.65
  203 D     0  -3  -1   4  -4   0   5  -1  -1  -5  -2  -2  -2  -4  -4   0  -2  -6  -4  -4    9   1   3  26   0   2  35   4   1   0   5   2   1   1   0   6   2   0   0   1  0.77 0.49
  204 A     7  -5  -5  -5  -1  -5  -5  -1  -5  -4  -4  -5  -3  -6  -3  -1  -1  -6  -3  -2   80   0   0   0   1   0   0   4   0   1   1   0   1   0   1   3   3   0   1   3  1.65 0.85
  205 I    -2  -3  -2  -2  -4  -2  -2  -4  -3   6   1  -2   2  -3  -5  -1  -1  -5  -4   2    4   2   2   2   0   2   2   1   1  48  12   2   4   1   0   4   4   0   0  11  0.78 0.46
  206 A     4  -1   0   0  -1   0   0   0  -2  -2  -2   0  -2  -3   0   1   0  -5  -4  -2   37   3   3   6   1   3   6   5   1   2   3   5   1   1   4  10   6   0   0   2  0.32 0.30
  207 E    -2  -3   0   2  -3   0   6  -2  -2  -3  -3   0  -1  -4  -3  -2  -2  -1  -4  -2    3   1   3   9   1   4  52   4   1   2   3   6   2   1   1   1   2   1   1   3  0.87 0.55
  208 L    -4  -4  -6  -6  -3  -3  -5  -5  -3   3   5  -4   2  -1  -2  -5  -4   0  -1   0    1   1   0   0   1   1   0   1   1  16  61   1   4   2   2   0   1   1   2   4  1.09 0.58
  209 D    -3  -2   1   7  -4  -2   3  -2   2  -6  -6  -2  -2  -6  -4  -2  -3  -7  -4  -5    2   2   5  57   0   1  16   3   5   0   0   2   1   0   1   2   1   0   1   1  1.38 0.71
  210 T     0  -1   1   0  -3   1   0  -1  -2  -2  -3   1  -2  -3  -2   2   4  -2  -2  -2    6   3   8   5   0   7   4   5   1   2   1   7   1   1   1  17  27   1   1   2  0.37 0.33
  211 L    -2  -3  -2  -5  -1  -3  -4  -4  -2   1   5  -2   3  -2  -4  -2  -2  -5  -4   1    3   1   3   1   1   1   1   1   1   6  56   2   6   1   1   3   2   0   0  10  0.81 0.48
  212 N    -1  -1   3   3  -2  -1   0   1  -1  -5  -3  -1  -4  -5   1   3  -1  -5  -4  -4    3   3  13  15   1   2   6  12   1   0   2   3   0   0   7  26   3   0   0   1  0.47 0.38
  213 E    -3  -2   0   2  -6  -1   6  -1  -1  -5  -5   1  -3  -6  -2  -3  -3  -6  -5  -4    2   1   4  10   0   2  59   6   1   1   1   7   1   0   2   1   1   0   0   1  1.20 0.68
  214 D    -1  -2  -1   4  -4  -1   5  -2  -2  -6  -4   0  -3  -3  -1  -1  -3  -6  -5  -4    4   1   2  25   0   2  43   3   1   0   2   6   1   1   3   4   1   0   0   1  0.97 0.58
  215 S     0  -2   1   0  -2   0  -1  -2   1  -4  -3  -1  -2  -2  -1   5   1  -5  -2  -3    8   1   5   4   1   4   4   2   4   0   2   3   1   2   3  47   7   0   1   1  0.63 0.49
  216 Y    -3  -1  -2  -3   1  -2  -4  -4   1  -3  -1  -2   0   1  -3  -2  -3  -1   8  -2    3   4   2   2   3   2   1   1   3   1   5   2   3   5   1   3   1   1  56   3  1.44 0.75
  217 K    -3   2   1  -1  -1   1   0  -4  -2  -4  -6   6  -3  -7  -3  -2  -2  -7  -4  -4    2  11   6   3   1   6   6   1   1   1   0  56   0   0   1   3   2   0   0   1  1.16 0.67
  218 D    -3  -5  -1   7  -4  -4   3  -3  -1  -7  -5  -1  -7  -7  -6  -3  -5  -8  -7  -5    2   0   3  65   0   0  20   2   1   0   1   3   0   0   0   1   0   0   0   1  1.83 0.90
  219 S     3  -4  -1  -5  -1  -5  -5  -4  -5  -4  -5  -5  -5  -4  -5   6   2  -7  -4  -2   20   1   3   0   1   0   0   1   0   1   0   0   0   1   0  57  13   0   1   2  1.28 0.79
  220 T     1  -1  -2  -4  -3  -2  -2  -4  -3   0   0  -2   1  -3  -4  -1   6  -4  -4  -1   11   4   1   0   0   1   3   1   1   5   8   2   4   1   0   3  51   0   0   3  0.85 0.59
  221 L    -1  -1  -4  -4  -2  -1  -4  -6   0   0   5  -3   2  -1  -2  -1   0  -5  -3   1    4   3   1   1   1   3   1   0   2   3  51   1   6   2   2   6   6   0   1   7  0.63 0.43
  222 I    -4  -4  -6  -7  -3  -5  -7  -7  -3   8   0  -6   1  -1  -4  -5  -2  -6  -5   1    1   1   0   0   1   0   0   0   1  71   8   0   3   2   1   1   3   0   0   7  1.73 0.81
  223 M    -5  -6  -7  -8  -4  -3  -7  -7  -7   1   4  -6   9  -5  -4  -6  -2  -6  -6  -1    1   0   0   0   0   1   0   0   0   8  30   0  53   0   1   0   2   0   0   3  2.05 0.95
  224 Q    -3  -1  -1  -2  -7   8   0  -3   1  -5  -4   1  -5  -7  -4  -2  -3  -4  -3  -6    2   3   2   2   0  66   5   2   3   1   2   7   0   0   1   3   1   0   1   0  1.72 0.91
  225 L    -4  -3  -6  -7   0  -1  -6  -6  -3   0   6  -3   1  -1  -6  -3  -4  -5  -4  -1    1   2   0   0   2   3   0   1   1   4  76   2   2   2   0   2   0   0   0   3  1.41 0.71
  226 L    -6  -6  -4  -7  -5  -6  -7  -7  -7   2   6  -6   2  -3  -5  -6  -5  -6  -5  -3    0   0   1   0   0   0   0   0   0  10  81   0   5   1   1   0   0   0   0   1  1.79 0.83
  227 R    -5   7  -1  -2  -2   0  -2  -4   0  -6  -3   2  -3  -6  -5  -1  -5  -1  -3  -3    0  63   2   2   1   4   2   1   2   0   3  11   1   0   1   4   0   1   1   2  1.47 0.75
  228 D    -6  -3   0   8  -7  -3   2  -3  -1  -5  -5  -4  -7  -7  -6  -4  -4  -7  -5  -7    0   1   4  75   0   1  11   2   1   1   1   0   0   0   0   0   1   0   0   0  2.05 0.92
  229 N    -6  -1   9  -1  -3  -3  -4  -4  -3  -5  -8  -4  -7  -7  -7  -3  -4  -8  -4  -7    0   3  85   3   1   1   1   1   0   1   0   1   0   0   0   2   0   0   1   0  2.55 1.11
  230 L    -4  -5  -7  -7  -1  -6  -6  -7  -5   3   6  -6   1  -1  -6  -6  -3  -3  -2   0    1   0   0   0   1   0   0   0   0  16  67   0   3   2   0   0   1   0   1   6  1.33 0.65
  231 T     0  -1   0  -2  -2   0  -2  -3  -2  -1  -4   0  -1  -4  -3   1   6  -6  -3   0    8   4   3   2   1   5   2   1   1   4   1   5   2   0   1   8  46   0   1   5  0.66 0.49
  232 L    -3  -2  -3  -6  -5  -1  -4  -6  -3   1   6  -2   1  -1  -4  -3  -3  -2  -2   0    2   2   1   0   0   3   1   0   1   5  68   2   2   2   1   2   1   0   1   5  1.06 0.59
  233 W    -8  -7  -9 -10  -3  -8  -9  -6  -8  -8  -6  -9  -7  -3  -9  -9  -5  13  -4  -9    0   0   0   0   1   0   0   1   0   0   1   0   0   1   0   0   1  94   0   0  4.99 1.73
  234 T     0  -2   1  -3  -3   0  -1  -3  -2  -2  -4   0  -2  -3  -4   1   6  -6  -5  -3    6   1   6   0   0   3   4   2   1   3   1   6   1   1   0  11  51   0   0   1  0.86 0.56
  235 S     1  -2  -2  -2  -4   1  -1  -2  -2  -4  -3  -1  -4  -2   0   5   0  -2  -2  -4   10   2   1   2   0   7   4   3   1   1   3   4   0   1   5  50   5   1   1   0  0.69 0.51
  236 D    -4  -3  -1   6  -7  -2   5  -3  -2  -4  -7  -3  -6  -7  -3  -2  -4  -7  -4  -5    1   1   3  49   0   1  34   2   1   1   0   0   0   0   1   3   1   0   1   1  1.47 0.73
  237 Q    -1  -1   1  -1  -3   1   0  -2  -1   1   1  -1   4  -2  -2   0   1   0  -3   0    4   2   8   3   0   7   7   3   1  10  15   2  13   1   2   7  10   1   0   4  0.14 0.18
  238 Q     0  -2   0   0  -2   5   3  -1   0  -4  -2   1  -4  -5   2  -1  -1  -5  -2  -3    7   1   4   5   1  28  19   5   2   1   3   7   0   0   9   4   3   0   1   1  0.51 0.38
  239 D     0   0  -1   4  -1  -1   4   2  -3  -3  -4  -1  -3  -4  -2  -1  -1  -5  -3  -3    6   5   2  24   1   2  28  15   0   1   1   3   1   0   2   4   3   0   1   1  0.52 0.34
  240 D    -3  -3   3   5  -2   2   4  -1  -2  -5  -3  -1  -4  -5  -2  -1  -2  -6  -5  -3    1   0  12  34   1   8  27   4   0   0   3   2   0   0   1   3   2   0   0   1  0.82 0.46
  241 D    -2  -1   0   4  -5  -1   4   3  -3  -5  -4   0  -4  -5  -2  -1  -3  -5  -5  -3    3   4   3  24   0   2  32  21   0   0   1   4   0   0   1   2   1   0   0   2  0.71 0.39
  242 G     2  -2   0   0  -1   0   2   4  -3  -3  -4  -2  -2  -4   0   0  -1  -4  -4  -2   19   2   4   5   1   3  14  34   0   1   0   1   1   0   3   7   4   0   0   2  0.45 0.26
  243 G     2  -3   0   4  -4   0   3   3  -3  -4  -4  -2  -4  -5  -2   0  -2  -5  -4  -2   16   0   3  25   0   2  23  20   0   0   0   1   0   0   1   5   1   0   0   4  0.55 0.30
  244 E    -2  -2  -1   3  -5   3   6  -1  -2  -5  -5   0  -4  -5   0  -2  -3  -5  -4  -2    3   1   1  14   0  11  56   5   0   0   0   3   0   0   3   0   0   0   0   3  0.92 0.41
  245 G    -1  -3   0   4  -3   0   0   5  -2  -3  -4  -2  -2  -4  -3  -1  -2  -4  -4  -2    1   0   4  26   0   4   4  50   0   1   1   0   1   0   0   3   0   0   0   4  0.75 0.26
  246 N    -2  -2   5   3  -4   0   3   1  -1  -3  -4   0  -3  -4  -3   0  -2  -5  -4  -4    1   0  35  21   0   2  21  12   0   2   0   3   0   0   0   3   0   0   0   0  0.63 0.21
  247 N    -2  -2   5   3  -4  -1  -1   3  -1  -4  -5  -1  -3  -4  -3   0  -1  -5  -3  -4    0   0  50  23   0   0   0  22   0   0   0   0   0   0   0   5   0   0   0   0  0.79 0.16

                      K         Lambda
Standard Ungapped    0.1270     0.3114
Standard Gapped      0.0445     0.2670
PSI Ungapped         0.1454     0.3178
PSI Gapped           0.0445     0.2670
