
Last position-specific scoring matrix computed, weighted observed percentages rounded down, information per position, and relative weight of gapless real matches to pseudocounts
            A   R   N   D   C   Q   E   G   H   I   L   K   M   F   P   S   T   W   Y   V   A   R   N   D   C   Q   E   G   H   I   L   K   M   F   P   S   T   W   Y   V
    1 M    -5  -6  -7  -8  -6  -5  -7  -7  -6  -3  -2  -6  11  -4  -7  -6  -5  -6  -5  -4    0   0   0   0   0   0   0   0   0   0   0   0 100   0   0   0   0   0   0   0  3.71 1.15
    2 A     6  -4  -4  -3  -4  -4  -4   1  -5  -4  -4  -4  -4  -5   1   0   0  -6  -5  -1   65   0   0   1   0   0   0   8   0   0   1   0   0   0   7   7   7   0   0   5  1.06 0.55
    3 R    -4   6  -4  -4   0   0  -3  -3   1  -6  -3   5  -4  -6  -5  -1  -2  -6  -5  -5    0  42   0   0   2   2   0   1   4   0   3  38   0   0   0   5   2   0   0   0  1.30 0.61
    4 G    -2  -5  -4  -5  -2  -5  -4   7  -3  -6  -5  -5  -1  -6  -5  -2  -3  -5  -3  -4    1   0   0   0   1   0   1  84   1   0   1   0   2   0   0   3   1   0   1   2  1.94 0.75
    5 P    -1  -2   0  -3  -2  -1   0   3  -1  -1   0  -1  -3  -3   5  -1  -2  -3  -3  -3    3   2   5   1   1   3   6  28   1   3   9   3   0   1  26   3   2   0   0   2  0.55 0.32
    6 K    -3   2  -2  -2  -5  -1  -1  -4  -3  -3  -4   6  -5  -6  -4   3  -1  -6  -5  -3    0  11   2   2   0   2   3   1   1   1   1  44   0   0   1  26   3   0   0   2  0.99 0.57
    7 K    -3   4   3  -3  -6  -1  -3  -4   0  -6  -4   6  -3  -5  -3  -2   0  -6  -4  -6    1  18  15   1   0   2   0   1   2   0   1  48   0   1   1   3   5   0   1   0  1.17 0.62
    8 H    -5   0  -2  -5  -8  -2  -4  -5  10  -6  -5  -1  -6  -5  -4  -5  -2   1  -2  -5    1   4   1   1   0   1   0   1  77   0   1   3   0   0   1   1   3   2   1   1  2.88 1.12
    9 L    -4  -2  -4  -6  -2   3  -4  -7  -5   1   5  -3   3  -2  -6  -3  -1  -1  -2  -1    1   2   1   0   1  12   0   0   0   5  56   1   8   1   0   1   5   1   1   3  0.98 0.56
   10 K    -4   0  -1  -6  -3  -4  -3  -4  -2  -5  -6   8  -6  -5  -6  -2  -2  -8  -7  -4    1   3   2   0   1   0   1   2   1   1   1  82   0   1   0   2   3   0   0   1  2.11 0.98
   11 R    -3   8  -4  -7   0  -3  -5  -6   0  -6  -6  -1  -4  -8  -5  -2  -2  -2  -3  -6    2  80   0   0   2   1   0   0   2   0   1   2   0   0   0   3   3   1   1   0  2.26 1.01
   12 V    -3  -3  -2  -6  -5  -1  -4  -5   0   3   4  -4   2  -1  -5  -2  -3  -5   1   1    1   1   2   0   0   4   1   1   2  18  45   1   5   2   0   3   1   0   6   7  0.75 0.45
   13 A     4  -3   3  -3  -2  -2  -2  -3  -1  -3  -4  -2   0  -3  -1   2   0  -6  -3  -1   40   1  15   1   1   1   2   1   1   1   1   2   2   1   3  18   5   0   1   3  0.67 0.48
   14 A     6  -6  -5  -6  -5  -4  -5  -3   0  -1  -3  -3   2  -4  -5   0   0  -7  -3   1   59   0   0   0   0   1   0   2   2   3   2   1   6   1   0   7   5   0   1  10  1.09 0.65
   15 P    -5  -7  -2  -6  -8  -6  -4  -3  -3  -5  -5  -4  -7  -8   8  -1  -3  -8  -8  -5    1   0   2   0   0   0   1   3   1   1   1   1   0   0  82   5   2   0   0   1  2.58 1.13
   16 K    -1   3  -1  -2  -6  -1  -2  -1  -1  -3  -3   5  -3  -4   0   0  -1  -1  -1  -3    4  14   2   2   0   2   1   4   1   1   3  43   1   1   4   7   4   1   2   2  0.68 0.48
   17 H     0   0  -1  -2  -2  -1  -2  -2   6  -2  -3  -2  -1   3  -3   2   2   2   0   0    8   4   2   2   1   2   1   3  19   1   2   2   1  12   1  18  11   2   3   6  0.44 0.35
   18 W    -5  -1  -7  -7  -3  -4  -7  -2  -6  -1  -1  -2  -1  -1  -5  -6  -5  11   2  -2    1   3   0   0   1   1   0   4   0   4   6   3   2   2   1   0   1  61   6   3  2.68 1.08
   19 M    -2   0  -1  -2  -1   0  -1  -2  -1  -1  -2   1   5  -2   5  -1  -1  -2  -2  -1    3   5   3   2   1   3   4   3   2   3   3  11  16   1  26   5   4   1   1   3  0.52 0.37
   20 L    -2  -1  -2  -5  -3  -2  -3  -5  -4   4   3  -2   0  -1  -3  -4  -2  -4  -1   3    2   3   2   0   0   2   1   0   0  28  33   3   1   2   1   0   2   0   2  17  0.62 0.37
   21 D     0  -1   0   4  -2  -1   1  -1   1  -3  -2   2  -2  -3   3   0  -1  -5  -4  -3    6   3   4  23   1   2   8   5   4   1   4  12   1   1  14   8   3   0   0   1  0.36 0.26
   22 K    -4   6  -2  -4  -5  -1  -1  -5  -1  -3  -5   5  -4  -5  -1  -2  -2  -5  -2  -2    0  39   2   0   0   2   3   0   1   1   0  39   0   0   4   2   2   0   2   3  1.19 0.61
   23 L    -2   0  -2  -4  -5  -1  -3  -5   0  -3   2   6   1  -1  -2  -2  -2   0  -4  -4    3   4   2   0   0   2   0   0   2   1  18  53   3   3   2   3   2   1   0   0  0.93 0.55
   24 T    -1  -1  -1  -1  -4   0   2   3   1  -2  -2   1  -1  -4  -2   1   2  -4  -4  -2    4   3   2   3   0   2  13  22   4   2   3  10   1   0   2   9  15   0   0   3  0.29 0.25
   25 G    -1  -1   0  -1  -1  -1  -1   3   3  -2  -2   0  -1   0  -2   0   0  -3   2  -2    3   4   5   4   1   3   4  26   7   3   3   6   2   4   2   6   8   0   7   2  0.23 0.19
   26 V     0   0  -1  -2   0   0  -1  -1   0   0  -1   2   0   0   0   0   3  -3  -1   1    7   4   3   0   2   3   2   3   3   4   3  18   2   4   4   3  22   0   2  11  0.13 0.18
   27 F    -1   0  -3  -3  -3   0  -1  -3   1  -2  -1  -2  -2   4  -3  -1   0   7   4  -1    5   5   0   0   0   5   4   0   4   0   5   0   0  22   0   5   5  18  15   4  0.55 0.28
   28 A     2  -2   0  -2  -2  -2  -2   0  -2   0   0  -2   1   1   0   0   1  -2   2   0   25   0   4   0   0   0   1   8   0   7   7   1   4   8   5   5   9   0   8   7  0.11 0.13
   29 P     0  -2  -4  -5   0  -2  -3  -3  -5   2  -1  -2   0  -1   3  -2   2  -5  -1   4    7   2   0   0   2   2   2   2   0  10   6   2   2   2  16   3  15   0   2  26  0.47 0.38
   30 R     0   4   0  -4   1  -1  -3  -2   3  -2  -2   3   0  -2  -2   0  -1  -5  -1  -2    7  20   5   0   3   3   0   3   6   2   4  22   2   2   2   8   4   0   2   3  0.40 0.35
   31 P     0  -2  -1  -2  -7   0  -2  -2   1  -1  -3  -2   1  -7   6  -1   0   3   0  -1    9   3   3   3   0   4   4   4   3   3   3   3   3   0  34   5   6   3   3   4  0.68 0.49
   32 S    -2   1   1  -1   1  -1  -1   0   2  -1  -2   0   4   0  -1   2  -1   2   0  -2    4   8   6   3   3   3   4   7   5   4   4   6   9   3   4  14   4   2   3   3  0.20 0.17
   33 T     1  -1  -2  -2   1   0  -1  -1  -1  -4  -2  -2  -4  -2   5   1   1  -5  -1  -2   10   4   2   2   3   4   5   4   2   0   4   2   0   2  32  11  10   0   2   3  0.59 0.41
   34 G     0   1   1   1   3   1   1   0  -2  -2  -2   1  -2  -3  -2   0   0   4  -2   0    8   8   7   8   7   7   8   8   0   0   1   8   0   0   0   8   8   7   0   8  0.17 0.14
   35 P     0   1  -1  -2  -3   0  -2   0   1  -3  -2   0   1  -3   5   1   0  -4  -3  -1    6   8   3   1   0   5   1   6   4   1   4   7   5   1  30  11   5   0   0   3  0.47 0.29
   36 H    -2  -1   0  -3   1   0  -1  -2   8  -1  -1  -1   1   0   0  -1  -1  -4   1  -4    4   3   3   0   3   3   3   3  40   3   5   3   3   3   5   3   3   0   3   1  0.80 0.51
   37 K     0   1   1   0  -3   1   0   0  -1  -2  -1   0   1   1   1   0   0  -2   1  -2    7   7   7   7   0   7   7   7   0   0   7   7   6   6   7   7   7   0   6   0  0.08 0.11
   38 L    -1   0   0  -2   0  -1  -2  -3  -1   1   2   3   2   0  -2   0  -2   1  -1  -2    5   5   4   2   2   3   2   2   2   7  21  16   5   4   2   6   3   2   2   3  0.22 0.19
   39 R    -2   3  -1   2   0   0   3  -1   0  -3  -4   2   0  -2  -2  -1  -1   1  -1  -3    3  14   3  12   2   3  19   5   2   2   2  10   2   2   2   5   4   2   2   2  0.38 0.31
   40 E    -2   1   2   0   0   1   3  -3   2  -3  -1   1   1   0  -7  -1  -1  -7   1  -3    3   7   8   6   2   6  20   3   5   2   7   8   3   4   0   5   5   0   5   2  0.31 0.26
   41 C     0  -1  -2  -2   6  -1  -5   2  -5  -5  -6  -5  -1  -6  -5   4  -1  -6   0   0    8   4   2   2  16   3   0  16   0   0   0   0   2   0   0  33   3   0   3   6  0.87 0.57
   42 L     0   0  -2  -2   2   1   0  -3   2   0   0   0   1   1   1   0   0  -2   1   0    6   6   0   0   6   6   6   0   6   6   6   6   6   6   6   6   6   0   6   6  0.08 0.12
   43 P    -1   0   0   0  -4  -2   0  -3   3  -3  -2  -2  -3   0   5   1   1  -4  -3  -3    5   4   4   5   0   0   7   1   9   0   5   1   0   4  30  10   8   0   0   1  0.51 0.33
   44 L    -1  -5  -5  -6  -5  -5  -5  -6   2   2   5  -5   2   0  -1  -5  -1  -5  -4   0    6   0   0   0   0   0   0   0   5  11  53   0   4   4   4   0   4   0   0   6  0.93 0.48
   45 I    -1  -1   0  -1   1  -1   0   1   0   0   1  -1   1  -1  -1   0  -1   2   0   1    5   3   5   3   3   3   6  10   3   6  13   4   3   3   3   7   3   3   3  13  0.05 0.05
   46 I     0   0   0   0   2   0   0   0   1   0  -1   0   1   0  -2   0   0  -2   1   0    6   6   5   6   5   5   6   6   5   6   6   6   5   5   0   6   6   0   5   6  0.03 0.07
   47 F     0  -2  -2   0   3  -2  -2  -3   2   1   0  -2   2   1  -3   0   0   4   2   0    8   0   0   8   7   0   0   1   7   8   8   0   7   7   0   8   8   7   7   8  0.16 0.16
   48 L    -1  -3  -2   0  -2   0  -2  -1  -3   1   3  -2   2   1   0   0   0  -3  -2   1    5   0   0   7   0   4   0   4   0   8  32   0   5   6   4   7   5   0   0   9  0.17 0.17
   49 R    -1   4  -2  -2   1   0   0  -1   1  -1  -1   2  -2  -2  -3   0   1   2   1  -1    4  26   0   0   3   4   6   4   3   5   4  15   0   0   0   5   8   3   5   4  0.26 0.21
   50 N     0   1   1   1  -2   1   1   0   2   0  -2   1  -1  -2  -2   0   0  -2   1   0    7   7   7   7   0   7   7   7   7   7   1   7   0   0   0   7   7   0   7   7  0.09 0.10
   51 R    -1   2  -1  -1  -4   0  -1  -2   2   0   0   0   3   0  -1   0   0   2   1   0    3  14   3   3   0   4   3   3   6   6   8   4   9   3   3   7   5   3   6   7  0.11 0.17
   52 L     0   0   0  -2   2   1  -2   0   2   0   0  -1   1   1   1   0   0  -3  -1   0    7   7   7   0   6   7   0   7   6   7   7   0   6   6   7   7   7   0   0   7  0.06 0.12
   53 K    -1   1   1   0   1   0   0   2   3  -3  -2   2   0   0   0  -1  -1  -3  -2  -3    4   7   8   4   3   4   4  17  10   0   4  15   4   5   3   4   3   0   0   0  0.19 0.20
   54 Y    -2  -2  -2  -2   0  -1  -2  -4   1   1   2  -1   2   2  -4  -1  -1   0   4   1    3   1   1   3   2   2   3   0   4   8  22   4   5   8   0   4   3   1  17   8  0.27 0.24
   55 A     4  -1  -1  -4   3   0  -2   0  -1  -2  -2  -1  -3  -2  -3  -1   0  -4  -2   1   45   3   3   0   5   3   2   6   1   2   3   3   0   2   0   2   6   0   2  11  0.46 0.39
   56 L     0   0   0   0  -2   1   0   0   1   0  -1   0   1   0   1   0   0  -2   1   0    6   6   5   6   0   5   6   6   5   6   6   6   5   5   6   6   6   0   5   6  0.03 0.06
   57 T    -1  -1   3   0  -4  -3  -1  -4   1  -1  -2  -1   1  -4  -1   0   4  -4   0   0    4   4  14   5   0   0   4   0   3   4   4   4   4   0   4   7  30   0   3   6  0.37 0.34
   58 G     0   0   0   0   2   0   0  -1   1   0  -1   0   1   0   0   0   0  -2   1   0    5   5   5   5   5   5   5   5   5   5   5   5   5   5   5   5   5   0   5   5  0.03 0.05
   59 D    -2   4  -1   3   1   0  -2  -2   2  -2  -3   1   0   2  -2  -1  -2   2   0  -1    3  19   3  13   3   4   3   3   4   3   3   9   3   8   3   4   3   3   3   4  0.34 0.17
   60 E    -7  -6  -6   1  -7   1   6  -1  -7  -7  -1   0  -7  -7  -7   0   0  -7  -7  -7    1   0   0   6   0   6  51   6   0   0   7   7   0   0   0   6   6   0   0   0  1.33 0.57
   61 V     3  -4  -4  -2   2  -3  -2  -1  -4   1  -1  -3   1  -3  -4  -1   0  -4  -4   4   29   0   0   2   5   0   3   3   0   6   5   0   3   0   0   4   6   0   0  33  0.51 0.35
   62 K    -2   3  -1  -1   0   1  -1  -2   0  -1  -2   5   0  -4  -3  -1  -1  -4  -1  -1    3  18   3   2   2   6   3   3   2   4   3  37   3   0   0   3   4   0   2   3  0.50 0.36
   63 K    -1   1   0  -1   1   0  -1  -3   1  -1  -1   3   1   2  -3   0   0  -2   3  -1    4   6   4   3   3   4   4   0   4   4   4  21   3  11   0   5   5   0  12   4  0.20 0.19
   64 I     0  -4  -4  -4   2  -3  -4  -1  -4   5   1  -1   2   0   0  -1   0  -4  -3   1    7   0   0   0   4   0   0   4   0  38   9   4   6   4   4   5   4   0   0   8  0.45 0.31
   65 C     0  -2   1  -2   3   1  -2  -2  -2   1   0  -2   2   1  -3   0   0   4   2   0    8   0   7   0   7   7   0   1   0   8   8   0   7   7   0   8   8   7   7   8  0.16 0.16
   66 M    -1   1   3  -1   2   0  -1  -1   2  -1  -1   2   4  -1  -3   0   0  -4   0  -2    5   6  14   2   4   4   3   4   6   3   4  13  13   2   0   8   5   0   3   3  0.21 0.25
   67 Q     0   0   2   0  -4   4   0  -1   1  -1  -2   1   1  -4  -3  -1   0   2  -3  -1    7   4  11   4   0  23   6   4   4   3   4   7   4   0   0   4   6   3   0   5  0.28 0.29
   68 R     0   0   0   0   2   1   0   0   2  -2  -1   0   1  -2   0   0   0   3   1  -1    6   6   5   6   5   5   6   6   5   0   6   6   5   0   6   6   6   5   5   6  0.09 0.14
   69 F    -1   0   0   1   0   0   0  -1   3  -1   0   1   1   0  -1  -1  -1  -3   2   0    3   6   5   9   3   3   5   4   8   3  10   9   4   4   3   4   3   0   8   6  0.07 0.08
   70 I     0  -2  -2  -2   3  -1  -2   1  -2   1   1   0   2   1  -2  -1  -1  -2  -1   1   11   1   0   1  10   0   1  11   0  11  11  11  10  10   1   1   1   0   0  11  0.09 0.08
   71 K    -1   0  -1  -3   0   0  -1   0   0   1   1   2   0   0   0   0  -1   2   0   0    3   3   3   0   3   3   4   7   3  10  13  18   3   3   4   6   3   3   3   6  0.08 0.11
   72 I    -1   0  -2  -2  -2  -1  -2   0  -2   1   0  -1   2   1   1   0   0  -1   1   0    1   8   0   0   0   0   0   8   0   8   8   0   8   8   8   8   8   0   8   8  0.04 0.11
   73 D     0  -2   1   1   2  -1   0   0   2  -2  -1   0   1  -2   1   0  -1  -2   1   0    7   0   7   7   7   0   7   7   7   0   7   7   7   0   7   7   0   0   7   7  0.08 0.13
   74 G    -1   0   1  -1   4   0  -1   4   0  -3  -2  -1   0  -4   0   0   0  -4  -3  -2    4   5   6   3  10   3   3  33   3   0   3   4   3   0   5   4   5   0   0   3  0.35 0.26
   75 K     0   0   0   0  -3   1   0   0   2   0  -1   0   1  -2  -2   0   0   3   1   0    6   6   6   6   0   6   6   6   6   6   6   6   6   0   0   6   6   6   6   6  0.08 0.11
   76 V     0   0   0  -2   2   0   0   0   2   0  -1   0   1   0   0   0   0  -2   1   0    6   6   5   0   5   5   6   6   5   6   6   6   5   5   6   6   6   0   5   6  0.04 0.08
   77 R     0   0   0  -2   2   0   0  -1   2   0  -1   0   1  -2   0   0   0   3   1   0    5   5   5   0   5   5   5   5   5   5   5   5   5   0   5   5   5   5   5   5  0.04 0.14
   78 T    -2   2   0  -2   3  -1  -2  -2   0  -1  -3   2   0   0   0   0   3   2   0  -1    4  10   4   3   5   3   3   3   3   3   3  10   3   4   6   8  17   2   3   4  0.24 0.20
   79 D    -2  -1   1   6  -7  -1   1  -2   1  -1  -3   0  -7  -7   0  -1  -1  -7   0  -2    4   4   6  35   0   3   8   4   3   4   3   5   0   0   6   4   4   0   3   3  0.65 0.40
   80 I     0   0   0   0  -2   1   0   0   1   0  -1   0   1   0   1   0   0  -2   1   0    6   6   5   6   0   5   6   6   5   6   6   6   5   5   6   6   6   0   5   6  0.03 0.06
   81 T     0   0   0   0   2   0   0  -1   1   0  -1   0   1   0   0   0   0  -2   1   0    5   5   5   5   5   5   5   5   5   5   5   5   5   5   5   5   5   0   5   5  0.03 0.05
   82 Y     0   0   0   0   2   1   0  -3   2   0  -1   0   1   1  -3   0   0   3   1   0    6   6   5   6   5   5   6   0   5   6   6   6   5   5   0   6   6   5   5   6  0.09 0.13
   83 P     0   0   0  -2   2   0   0   0  -2   0   0  -1   1   1   1   0   0  -2   1   0    6   6   6   0   6   6   6   6   0   6   6   0   6   6   6   6   6   0   6   6  0.04 0.10
   84 A     0   0  -1  -1   1   0  -1  -2  -3   2   1  -2   1  -1   0   0   0  -3  -2   2    9   5   3   3   3   3   5   2   0  12  15   0   4   2   4   6   5   0   0  19  0.09 0.14
   85 G    -1   0  -1   0   0   0  -1   5  -3  -4  -2  -1  -3  -2   2  -1  -1  -4  -1  -2    4   4   3   5   2   4   2  44   0   0   3   2   0   2  12   3   2   0   2   3  0.54 0.36
   86 F     0   0  -2  -2   2   1   0  -3   2   0   0  -2   1   1   1   0   0   4   1   0    6   6   0   0   6   6   6   0   6   6   6   0   6   6   6   6   6   6   6   6  0.13 0.17
   87 M     0   0   0  -2  -3   0  -2   0   2   0   0  -2   1   1   1   0   0   4   1   0    6   6   6   0   0   6   0   6   6   6   6   0   6   6   6   6   6   6   6   6  0.10 0.14
   88 D     0   1   1   1  -2  -1   0   0   2  -1   0   0   1  -1  -2   0  -1  -2   1   0    8   8   7   8   0   0   8   8   7   0   8   8   7   0   0   8   0   0   7   8  0.07 0.11
   89 V     0   0   0   0   2   1   0  -3   2   0  -1   0   1   1  -3   0   0   3   1   0    6   6   5   6   5   5   6   0   5   6   6   6   5   5   0   6   6   5   5   6  0.09 0.13
   90 I    -2   0   1   0   2   1  -1   0   2   0   0   0   1   1   1  -1   0  -3  -1   0    0   7   7   7   6   7   0   7   6   7   7   7   6   6   7   0   7   0   0   7  0.06 0.13
   91 S     0   0   1   0  -3   1   0   0   2  -2  -1   0  -1   0   1   0   0  -2   1  -1    6   6   6   6   0   6   6   6   6   0   6   6   0   6   6   6   6   0   6   6  0.07 0.08
   92 I     0  -2   1   0   3  -2  -2  -2  -2   1   0  -2   2   1   1  -1   0  -2   2   0    8   0   8   8   8   0   0   1   0   8   8   0   8   8   8   1   8   0   8   8  0.11 0.12
   93 D     0   0   0   0   2   1   0   0   1   0  -1   0   1  -2   1   0   0  -3  -2   0    6   6   6   6   6   6   6   6   6   6   6   6   6   0   6   6   6   0   0   6  0.06 0.09
   94 K    -1   0   0   1  -3   1   1  -1   1  -1  -1   2   0  -1   2   0  -1  -3   0  -1    4   4   3   7   0   5  10   5   4   3   6  17   3   3  10   6   4   0   3   3  0.13 0.15
   95 T    -1   0   0   1   2   0   0  -1   0   1   0  -1   1   0   0   0   1  -3   0   0    4   5   3   7   4   6   4   5   3   8   7   3   5   3   5   6  12   0   3   5  0.04 0.08
   96 G     0   0   1   0  -3   1   0   0   2   0  -2   0   1   0   1   0   0  -3  -1   0    6   6   6   6   0   6   6   6   6   6   1   6   6   6   6   6   6   0   0   6  0.06 0.10
   97 E     0   0   0   0  -3   1   0   0   1   0  -1   0   1   0   0   0   0   3  -1   0    6   6   5   6   0   5   6   6   5   6   6   6   5   5   6   6   6   5   0   6  0.06 0.09
   98 N     0   0   2   0   2   0  -1  -1   3   0  -1   0   0   0  -1   0   0  -3   2  -1    6   6  10   6   4   4   4   4   8   5   5   4   3   4   3   7   5   0   9   5  0.08 0.12
   99 F    -1   0  -4  -4   2  -4  -1  -5  -3   0  -1  -1  -3   5  -1  -4   0   3   5  -1    4   7   0   0   4   0   4   0   0   5   6   4   0  24   4   0   5   4  22   4  0.65 0.39
  100 R    -1   5  -1  -4   3   0  -3  -2   2  -1  -1   0   0   0  -1  -1  -1   2   2  -1    4  33   3   0   7   3   0   3   5   3   5   4   3   5   3   3   3   3   7   3  0.43 0.32
  101 L     0   0  -2  -2   2   1   0   0  -2   0   0   0   1   1   1   0   0  -2   1   0    6   6   0   0   6   6   6   6   0   6   6   6   6   6   6   6   6   0   6   6  0.05 0.10
  102 I     0  -2  -1  -2   1  -1  -2  -1   1   3   1  -2   1   1  -2  -1  -1   2   0   1    7   3   3   3   3   3   3   5   3  15  14   3   3   6   3   4   4   2   3  10  0.14 0.09
  103 Y    -1   0   0   0   2   0  -2  -3   2   0  -1   0   1   1   0   0   0   3   1   0    6   6   5   6   5   5   0   0   5   6   6   6   5   5   6   6   6   5   5   6  0.09 0.14
  104 D    -1   0   2   5   1  -1  -1  -1   1  -1  -2  -1  -3  -1  -1   0   0  -4   0  -1    4   4   9  32   3   3   3   5   4   3   5   3   0   3   3   5   5   0   3   4  0.33 0.30
  105 T    -1   1   0   0  -1   0   1  -1   1  -2  -2   2  -1  -1   2   1   2  -4  -1  -1    4   7   5   4   2   3   7   4   3   2   2  15   2   2   9   9  13   0   2   4  0.16 0.19
  106 K    -2   2   1  -1  -5   0  -1   1   0  -2  -2   5  -1  -2  -2  -1   0  -5  -1  -2    3  11   6   3   0   4   2  10   3   3   4  36   1   2   2   3   5   0   2   2  0.44 0.38
  107 G    -1   0   0   0   2   0   0  -1   2   0  -1   0   2   1   0  -1   0   4   1  -1    5   5   5   5   5   5   5   5   5   5   5   5   5   5   5   5   5   5   5   5  0.09 0.08
  108 R    -1   0   0   0   2   0   0  -1   2   0  -1   0   2   1   0  -1   0   4   1  -1    5   5   5   5   5   5   5   5   5   5   5   5   5   5   5   5   5   5   5   5  0.09 0.08
  109 F     0   0  -1   0   2   1   0   0   2   0   0   0   1   1  -2   0  -1  -2   1   0    6   6   0   6   6   6   6   6   6   6   6   6   6   6   0   6   0   0   6   6  0.04 0.10
  110 A     0   0   0  -1   1   0  -1  -1   0   0   0   0   1   1  -1   0   0   2   1   0    7   6   5   3   4   5   4   3   3   5   7   5   4   7   2   7   7   4   4   9  0.03 0.05
  111 V     0  -1  -3  -1   1  -1  -1  -3  -3   1   2  -1   1   1   2  -1  -1  -3   0   0    7   4   0   4   4   3   3   0   0   7  26   4   4   7  10   4   4   0   4   7  0.14 0.17
  112 H     0   0   0   0  -3   1   0  -2   2   0   0   0   1   1   1   0   0  -2   1   0    6   6   6   6   0   6   6   0   6   6   6   6   6   6   6   6   6   0   6   6  0.06 0.09
  113 R    -1   1  -1   0   1   0   2  -2   1  -1  -2   2   0  -1   2   0  -1   2  -3  -1    5   8   3   3   3   4  15   3   3   3   4  13   3   3  10   7   3   3   0   4  0.16 0.18
  114 I    -1  -2  -2  -3   0  -2  -1  -2   1   6   0  -2  -1  -1  -2  -2  -1  -5  -2   1    4   2   3   2   2   2   4   3   3  46   6   2   1   2   3   3   4   0   1   8  0.64 0.42
  115 T     0   0   1   0  -2   1   0   0   2   0  -1   0   1  -2   1   0   0  -3  -2   0    6   6   6   6   0   6   6   6   6   6   6   6   6   0   6   6   6   0   0   6  0.06 0.08
  116 P     0   0   0   0   2   0   0   0   1   0  -1   0  -1   0   1   0   0  -2   1   0    6   6   5   6   5   5   6   6   5   6   6   6   0   5   6   6   6   0   5   6  0.03 0.06
  117 E     0   0   0   0  -2   1   0   0   1   0   0   0   1   0   1   0   0  -3  -1   0    6   6   6   6   0   6   6   6   6   6   6   6   6   6   6   6   6   0   0   6  0.04 0.07
  118 E     0   0   1   0  -2   1   0   0   1   0  -1   0   1  -2   1   0   0  -3  -2   0    6   6   6   6   0   6   6   6   6   6   6   6   6   0   6   6   6   0   0   6  0.03 0.09
  119 A     4  -1  -1  -1   0  -1  -1  -2   0  -2  -3   1   0  -1  -2   2   0  -5  -2  -2   35   4   3   3   2   3   4   3   2   3   3   8   2   2   2  12   6   0   1   2  0.37 0.34
  120 K    -1   0   2   1   0   1   0  -1   0  -2  -2   3   1  -1  -1   0   0   0  -1  -2    4   4   9   7   2   5   4   5   3   2   4  23   4   3   2   7   5   2   2   3  0.17 0.20
  121 Y    -1   0   0  -3   1   0  -1  -2   1   1   0   0   1   2  -3   0  -1   3   2   1    3   5   4   0   3   4   3   3   3  11   7   6   3   8   0   6   4   4   9  11  0.11 0.15
  122 K     0   0   0   0   2   0   0   0   1   0  -1   0   1   0  -2   0   0  -2   1   0    6   6   5   6   5   5   6   6   5   6   6   6   5   5   0   6   6   0   5   6  0.03 0.07
  123 L    -1  -1  -1  -2  -3  -1  -1  -4  -1   1   3   0   0   0   1  -1  -1   1   0   0    4   3   2   3   0   2   3   0   2  10  33   6   2   3   7   5   3   2   4   5  0.18 0.22
  124 C    -1   0  -1  -3   5   0   0   0   1   0   0   0   1   0  -3   0  -1   2   1   0    5   6   3   0  15   3   6   7   4   5  10   5   3   4   0   6   4   3   4   6  0.15 0.17
  125 K    -1   2   0  -1  -4   0  -1  -1  -3  -1  -2   4   1   0   0   0  -1  -4   0  -1    4  10   4   3   0   4   3   4   0   4   4  33   4   4   4   5   3   0   3   5  0.32 0.30
  126 V    -1  -1  -1  -2   1  -3  -2  -2  -3   3   0  -1   1   0   0  -1  -1  -3   0   3    4   3   3   3   4   0   3   4   0  19   5   3   3   4   4   3   3   0   3  30  0.27 0.26
  127 R     0   0   0   0  -3   1   0  -2  -2   0   0   0   1   0   1   0   0   3  -1   0    6   6   6   6   0   6   6   0   0   6   6   6   6   6   6   6   6   6   0   6  0.09 0.12
  128 K    -1   1   2   0  -3   0   0   1   1  -1  -2   1   0   0  -1   1  -1  -3   0  -1    4   7  13   4   0   3   6  12   3   3   3  10   3   6   3  10   3   0   3   3  0.12 0.14
  129 I     0   0   0   0   2   0   0   0   1   0  -1   0   1   0  -2   0   0  -2   1   0    6   6   5   6   5   5   6   6   5   6   6   6   5   5   0   6   6   0   5   6  0.03 0.07
  130 F    -1   1  -1  -1   1   2   0  -2   1  -1  -2   0   1   2  -4   0   1   2   0  -1    4   7   3   3   3  12   7   4   4   3   4   6   3  10   0   5  11   3   3   5  0.15 0.19
  131 V    -1   0   0   0   2   0   0  -1   2   0  -1   0   2   1   0  -1   0   4   1  -1    5   5   5   5   5   5   5   5   5   5   5   5   5   5   5   5   5   5   5   5  0.09 0.08
  132 G    -1  -1  -1  -1   3   0  -1   2   0   0   0  -1   2  -1  -3  -1   0   2   0   1    5   3   3   3   7   4   3  20   3   5   7   5   5   3   0   3   5   3   3  10  0.12 0.15
  133 T     0   0   0   0  -2   1   0   0   1   0  -1   0   1   0   1   0   0  -2   1   0    6   6   5   6   0   5   6   6   5   6   6   6   5   5   6   6   6   0   5   6  0.03 0.06
  134 K    -1   0   0  -1  -4   0   0   2   1  -2  -2   4   0  -1  -1  -1  -1   2   0  -2    5   4   5   3   0   3   6  16   4   3   3  25   3   3   3   3   3   3   3   3  0.25 0.25
  135 G    -1  -2   1  -1  -1  -2  -2   5   1  -3  -4   0  -1  -2  -5   0  -1  -5  -5  -5    5   2   6   3   1   2   2  50   3   2   2   7   2   2   0   8   4   0   0   0  0.84 0.53
  136 I    -1   1   0   0   0   0  -1  -2   1   1  -1   3   1   0   0  -1  -1  -3   0   0    4   6   4   4   3   3   3   3   3  12   6  20   4   3   4   4   3   0   4   7  0.10 0.15
  137 P    -1   0  -1  -1   2  -1  -1  -1  -3   1   0  -1   1   0   1  -1   2  -3   0   1    4   6   3   3   5   3   3   4   0  10   7   3   4   5   9   3  13   0   4  10  0.10 0.14
  138 H    -1   0   0   0   2   0   0  -1   2   0  -1   0   2   1   0  -1   0   4   1  -1    5   5   5   5   5   5   5   5   5   5   5   5   5   5   5   5   5   5   5   5  0.09 0.08
  139 L    -1  -7  -7  -7   2   0  -7  -2  -7   3   4  -7   2   0  -1  -2  -1  -7   2   0    7   0   0   0   4   4   0   4   0  15  31   0   5   4   4   4   4   0   6   6  0.64 0.32
  140 V    -2   0   5  -1   0  -2  -2  -1   1  -2  -2  -1   0  -1  -1  -1   0  -5   1   1    3   4  33   2   2   2   2   5   3   2   3   3   2   3   3   4   6   0   4  12  0.47 0.32
  141 T    -1  -5  -2  -5   2  -4  -5  -3  -5  -1   3  -5   1   3  -5   0   4  -5  -4  -1    4   0   2   0   4   0   0   3   0   3  30   0   3  11   0   6  28   0   0   3  0.70 0.43
  142 H    -2  -1   0  -1  -4  -1  -1  -1   5  -1   0  -1   3   0  -1   1   0   2   1  -2    3   3   4   3   0   3   3   4  17   3   8   3  10   4   3  12   5   3   5   3  0.29 0.25
  143 D     0  -2   1   1   2   1  -1   0   2  -1   0  -1  -1   1  -2   0   0  -2   1   0    8   0   7   8   7   7   0   8   7   0   8   0   0   7   0   8   8   0   7   8  0.08 0.12
  144 A     0   0   0   0   1   0  -1   4  -2  -3  -1  -1  -2  -1   0   0   0  -3  -3  -1    7   7   3   4   4   3   4  34   0   0   6   4   0   3   3   6   6   0   0   4  0.26 0.19
  145 R    -1   0   0   0   2   0   0  -1   2   0  -1   0   2   1   0  -1   0   4   1  -1    5   5   5   5   5   5   5   5   5   5   5   5   5   5   5   5   5   5   5   5  0.09 0.08
  146 T     0   0   1   0   2  -1   0  -2  -1   0   0  -1  -1   1   1   0   0  -2   1   0    7   7   7   7   7   0   7   0   0   7   7   0   0   7   7   7   7   0   7   7  0.06 0.10
  147 I     0  -2   0   0   2   1  -2  -3   2   0   0   0   1   1  -3   0   0   4   1   0    6   0   6   6   6   6   0   0   6   6   6   6   6   6   0   6   6   6   6   6  0.11 0.16
  148 R    -1   1  -1  -1   1   0   0  -1   1   1   1   0   1   0   0  -1   0  -3   0   0    3   8   3   4   3   3   6   4   3  13  16   4   5   3   4   4   4   0   3   4  0.02 0.08
  149 Y    -1  -2   0   0   2   0   0  -1   2   0  -1   0   1   0   0   0   0   3   1   0    5   0   5   5   5   5   5   5   5   5   5   5   5   5   5   5   5   5   5   5  0.07 0.11
  150 P    -1  -1   0   3   0   0   2  -2   0  -1  -2   2   0  -5   2   0  -1  -5  -4  -1    5   2   4  17   2   3  12   3   2   3   4  15   3   0  12   5   3   0   0   4  0.29 0.27
  151 D     0   0   0   0   2   0   0  -1   1   0  -1   0   1   0   0   0   0  -2   1   0    5   5   5   5   5   5   5   5   5   5   5   5   5   5   5   5   5   0   5   5  0.03 0.05
  152 P     0   1   2   1   1   0   1  -1   0  -1  -2   1  -3  -1   2   0   0   2  -3  -1    6   6  10   7   3   3   9   4   3   3   4  11   0   3  10   7   4   3   0   4  0.14 0.15
  153 L     0  -2   0   2   0  -1   2  -2   2  -2   1   2   0  -2  -2   0  -1   1  -1  -1    6   2   5  13   2   3  11   3   5   3  11  10   2   2   2   8   3   2   3   4  0.16 0.14
  154 I    -3  -3  -2  -3   1  -2  -1  -3   0   4  -3  -1   0   1  -2  -2  -1   1   6   0    3   2   2   2   2   2   4   3   2  21   3   4   2   6   3   3   5   2  22   6  0.64 0.38
  155 K     0   0   0   0  -2   1   0   0   1   0  -1   0   1   0   1   0   0  -2   1   0    6   6   5   6   0   5   6   6   5   6   6   6   5   5   6   6   6   0   5   6  0.03 0.06
  156 V     0   1   0  -3  -3   0  -1  -1  -3   0  -1   0   1  -3   0   0   3   2  -3   2    6   7   3   0   0   3   4   6   0   5   4   4   4   0   5   5  25   3   0  14  0.23 0.26
  157 N     0   0   0   0   2   1   0   0   2   0  -1   0   1   1  -3   0   0   3   1  -2    6   6   5   6   5   5   6   6   5   6   6   6   5   5   0   6   6   5   5   0  0.08 0.13
  158 D    -2  -1   0   6   0   0   0   1   0  -4  -4  -3   0   0  -4   0   0   1   0  -4    3   4   3  45   2   4   4   9   2   0   1   0   2   4   0   6   5   2   3   0  0.67 0.43
  159 T     0  -2   1   0   2  -1  -1   0   2   0   0   0   1  -2   1   0   0  -3  -2   0    7   0   7   7   7   0   0   7   7   7   7   7   7   0   7   7   7   0   0   7  0.07 0.11
  160 I    -1  -3  -3  -1   2  -2  -1  -1  -3   3   1  -1   1   0  -3  -1   0   2  -2   2    5   0   0   4   4   0   4   4   0  22  14   4   4   4   0   4   4   4   0  18  0.20 0.19
  161 Q     0   0   0  -2   2   1   0  -2   2   0   0   0   1   1  -2   0   0  -2   1   0    6   6   6   0   6   6   6   0   6   6   6   6   6   6   0   6   6   0   6   6  0.07 0.12
  162 I    -1  -1  -3  -1  -2  -2  -1  -3   0   2   2  -1   2   1  -1  -1   0   2   1   1    4   4   0   3   0   0   3   0   3  17  23   3   5   5   3   3   4   3   5  10  0.15 0.17
  163 D    -1   0   2   4   0   0   1  -1   0  -2  -1   1  -3  -3  -3   1   0  -4  -1  -2    3   6   9  28   2   3  10   4   2   3   5   7   0   0   0  10   4   0   2   2  0.31 0.25
  164 L    -2   0   0  -1  -3  -2  -1  -2  -3   1   3  -1   1   1  -1  -1  -1   2  -1   1    2   5   5   4   0   0   4   2   0   9  31   3   2   8   4   3   3   3   2  12  0.16 0.18
  165 E     0  -1   0   2  -4   0   2  -1   1  -1  -1   0  -3  -1   3  -1  -1  -4   0  -1    6   3   4  13   0   5  16   3   3   3   6   5   0   3  15   4   3   0   3   4  0.23 0.22
  166 T    -1   0   2   1  -3   0   1   0   0  -1  -2   1   0  -1  -1   0   2  -3   0  -1    5   3  11   7   0   4   9   7   3   3   3   9   3   3   3   7  15   0   3   3  0.12 0.15
  167 G    -1   0   3   0  -1   2  -2   2   0  -1  -3   3  -1  -1  -2  -1  -2   0  -1  -2    4   4  16   4   1  12   2  17   2   4   3  16   1   3   1   3   2   1   2   2  0.32 0.30
  168 K    -1  -1  -1  -1  -5   1   2  -2  -1  -2  -1   5  -1  -5  -4  -1   0  -5  -1  -1    4   3   3   3   0   5  13   3   2   2   5  40   2   0   0   3   5   0   3   4  0.62 0.46
  169 I    -2  -3  -2  -5   1  -3  -3  -3  -5   6   0  -3   1  -1  -2  -2  -2  -5  -4   3    3   1   3   0   3   1   2   2   0  48   6   2   3   2   2   3   2   0   0  16  0.91 0.53
  170 T     0   0   0   0   2   0   0   0   1   0  -1   0   1   0   1   0   0  -3  -1   0    6   6   5   6   5   5   6   6   5   6   6   6   5   5   6   6   6   0   0   6  0.03 0.07
  171 D     0   0   0   0   2   1   0   0   2   0  -1   0  -1   0  -2   0   0  -2   1   0    6   6   6   6   6   6   6   6   6   6   6   6   0   6   0   6   6   0   6   6  0.03 0.07
  172 F    -1   1  -1  -3   0  -1  -1  -4   5   2   0  -1  -2   3  -2  -1  -1   1   1   1    3   7   2   0   3   3   3   0  18  11   6   3   0  15   2   3   3   2   3  10  0.29 0.29
  173 I     0  -2   0   0   2  -1   0   0   2   0   0   0   1   1  -3   0   0   3   1   0    6   0   6   6   6   0   6   6   6   6   6   6   6   6   0   6   6   6   6   6  0.07 0.12
  174 K     0   0   1   0  -3   1   0   0   2   0  -2   0   1  -2   1   0   0  -3   1   0    6   6   6   6   0   6   6   6   6   6   1   6   6   0   6   6   6   0   6   6  0.08 0.11
  175 F     0  -1  -1  -1   1  -1  -1  -3  -3   0   1  -1   2   3   0  -1  -1   2   1  -1    7   4   3   4   4   3   4   0   0   4  17   3   5  18   4   4   3   3   4   4  0.17 0.17
  176 D     0   1   1   1  -2   1   1   0   2   0  -1   1  -1  -2  -2   0   0  -3  -2   0    7   7   7   7   0   7   7   7   7   7   7   7   0   0   0   7   7   0   0   7  0.07 0.08
  177 T    -1   0   1   0   1   0   2  -1   1  -1  -1   2   0  -1   1  -1   1  -3   0   0    5   3   7   3   3   4  14   3   3   4   5  13   3   3   6   4   8   0   3   7  0.09 0.11
  178 G     0   1   1   0  -3   1   0   0   2  -2  -1   0   1  -2  -2   0   0   4  -2   0    7   7   7   7   0   7   7   7   6   0   7   7   6   0   0   7   7   6   0   7  0.11 0.13
  179 N     0  -1   4  -1   1   1  -1  -1   1  -1  -1   0   1  -1  -1   1  -1  -4   0  -1    8   3  20   3   3   6   3   4   3   4   5   7   5   3   3  11   3   0   3   3  0.17 0.18
  180 L    -2  -2  -1  -2  -1  -1  -1  -3  -1   1   2  -1   1   1   1  -1   0   0   1   2    2   2   4   2   1   3   3   1   1   7  21   4   4   5   6   4   7   1   5  15  0.13 0.15
  181 C     1  -1  -3  -1   4  -2   0  -1   0   0  -1   0   0  -1  -1  -1  -1   2   0   2   15   3   0   3  11   0   6   4   3   6   5   6   3   3   3   3   3   3   3  18  0.15 0.19
  182 M     0   0   0   0   2   1   0   0  -1   0   0   0   1   0  -2   0   0  -2   1   0    6   6   6   6   6   6   6   6   0   6   6   6   6   6   0   6   6   0   6   6  0.03 0.07
  183 V     1   0   0  -3   2  -3  -3  -3  -3   3   1  -3   2   1  -3  -1   1  -3  -2   2   11   5   5   0   4   0   0   0   0  20  10   0   5   6   0   5   8   0   0  19  0.27 0.21
  184 T    -1  -1   0  -2   0  -2  -3  -2   0   3  -1  -2   1   1  -2  -1   4  -4   1   1    3   3   5   2   2   2   0   4   2  15   4   2   4   5   2   3  26   0   4  11  0.30 0.27
  185 G    -1   0   0   0   2   0   0  -1   2   0  -1   0   1   0  -3   0   0   3   1   0    5   5   5   5   5   5   5   5   5   5   5   5   5   5   0   5   5   5   5   5  0.06 0.10
  186 G     0   1   1   1   2  -1   0   0   2  -1  -1   0  -1   0  -2   0   0  -3  -1   0    7   7   7   7   7   0   7   7   7   0   7   7   0   7   0   7   7   0   0   7  0.06 0.10
  187 A     2   2  -1  -2   3  -1  -1  -1   0   1  -3   1   0   1  -1  -2  -1   3  -1  -1   15  11   4   3   6   3   4   5   3   8   3   7   3   6   4   3   5   3   3   4  0.18 0.13
  188 N    -2   1   6  -1  -5  -1  -3  -1   5  -5  -3  -1   0  -1  -1  -1  -1   3   1  -5    3   8  35   2   0   2   0   5  13   0   3   4   2   2   3   3   4   4   5   0  0.73 0.48
  189 L     0   0   0  -2   2   0   0   0   2   0  -1   0   1   0   0   0   0   3  -1   0    6   6   5   0   5   5   6   6   5   6   6   6   5   5   6   6   6   5   0   6  0.07 0.12
  190 G     0  -1   0  -1  -4   0  -1   4  -3  -1  -4  -3   0   0  -1  -1  -1  -4   0  -1    6   4   5   4   0   4   5  40   0   4   1   0   3   4   3   5   4   0   4   4  0.45 0.33
  191 R    -1   4   0  -1   1   1   1  -1   2  -1  -1   1   0  -1  -3  -1  -1  -4  -1   0    4  24   4   3   4   5  10   4   5   3   5   9   2   3   0   3   4   0   2   6  0.22 0.22
  192 I    -1   0   0   0   2   0   0  -1   2   0  -1   0   1   0  -3   0   0   3   1   0    5   5   5   5   5   5   5   5   5   5   5   5   5   5   0   5   5   5   5   5  0.06 0.10
  193 G     1  -1  -1   0   1  -4  -2   5   0  -2  -2  -1   0  -5  -4  -1  -1  -5  -5  -2   11   3   2   5   3   0   3  45   2   3   5   5   2   0   0   3   4   0   0   4  0.64 0.42
  194 V     0   0   0   0  -2   1   0   0   1   0  -1   0   1   0   1   0   0  -2   1   0    6   6   5   6   0   5   6   6   5   6   6   6   5   5   6   6   6   0   5   6  0.03 0.06
  195 I     0   0   0  -2   2  -1   0   0  -1   0   0   0   1   1  -2   0   0  -2   1   0    7   7   7   0   6   0   7   7   0   7   7   7   6   6   0   7   7   0   6   7  0.04 0.09
  196 T    -1   0  -1   0  -3   1   2  -2   0   0  -1   1   0  -1   0   0   1   1  -1   0    3   6   3   5   0   5  14   3   3   6   7  10   2   2   4   5  10   2   2   8  0.08 0.11
  197 N    -1   0   2   0   1   0   2  -1   3  -1  -2   1  -1  -3  -3   0   1  -4  -1  -1    5   5  10   5   4   4  17   4   7   3   4   7   2   0   0   7   7   0   3   5  0.16 0.18
  198 R    -2   3  -2  -1  -1   0   0  -2  -1   4  -1   1   0   0  -2  -3  -2   0  -1   1    2  15   2   3   1   4   5   3   2  27   5   9   2   4   2   0   2   1   2   9  0.34 0.28
  199 E     0   0   0   0  -2   1   0   0   1   0  -1   0   1   0   1   0   0  -2   1   0    6   6   5   6   0   5   6   6   5   6   6   6   5   5   6   6   6   0   5   6  0.03 0.06
  200 R    -1   1   0  -1   0   1   1   0   1  -1  -1   1   0  -1   1  -1   0   2  -2   0    4   8   4   3   3   5  10   6   4   4   6  10   3   3   8   4   4   3   0   8  0.07 0.10
  201 H    -1   0   0  -1  -3   0  -1   1   4  -1  -2   1   0   0  -1   0   2   1   0   0    3   6   4   3   0   4   4   9  11   3   3   9   2   5   3   8  13   2   4   6  0.13 0.17
  202 P    -1   2   0  -1  -4  -1   0  -2   0  -1  -1   2   0  -1   3   0   0   0  -1  -2    3  13   3   4   0   2   7   3   2   3   5  16   2   2  14   6   7   1   2   3  0.22 0.22
  203 G    -1   0   0   0  -3   0   0  -1   1   0  -1   0   1   0   0   0   0   3   1   0    5   5   5   5   0   5   5   5   5   5   5   5   5   5   5   5   5   5   5   5  0.06 0.08
  204 S    -1   1   0  -1   0   0  -2   0   0  -1  -1   1   1  -1   0   3   0   2  -1  -1    5   7   4   3   2   4   2   8   2   4   6   8   4   2   5  19   6   3   2   4  0.13 0.15
  205 F    -2   1   0   0   1   1  -1  -1   1   0  -2   2   1   2   0  -1  -1   2   1  -1    4   7   4   5   3   7   4   4   3   6   4  11   4  10   5   5   4   3   4   4  0.12 0.11
  206 D    -1   0   0   0   2   0   0  -1   2   0  -1   0   2   1   0  -1   0   4   1  -1    5   5   5   5   5   5   5   5   5   5   5   5   5   5   5   5   5   5   5   5  0.09 0.08
  207 V     0   0   0   0   2   0   0  -1   1   0  -1   0   1   0   0   0   0  -2   1   0    5   5   5   5   5   5   5   5   5   5   5   5   5   5   5   5   5   0   5   5  0.03 0.05
  208 V     0   0  -1  -1   0   0   0  -2   0   1   0   0   1  -1  -1  -1   0  -3   0   1    6   5   3   3   3   3   7   3   3  11  10   5   4   3   3   5   5   0   3  16  0.04 0.07
  209 H     0  -1  -2  -2   0  -1  -2  -3   4   2  -1  -1   0  -1  -2  -1   0   1   0   3    8   4   2   2   2   2   2   2  12  10   5   3   2   3   2   4   6   2   3  23  0.27 0.26
  210 V    -2   0  -2  -2   0  -1   0  -3  -1   3   1   0   1   0  -2  -1   0  -4   0   3    3   5   1   2   2   2   5   2   2  16  11   7   4   3   1   4   7   0   3  20  0.19 0.20
  211 K    -2   0  -1  -1   1   1   0  -3  -1   1   1   2   0   2  -1  -1   0  -4  -1   1    1   4   3   3   3   5   7   1   1   7  15  15   2   8   2   3   5   0   2  12  0.14 0.18
  212 D    -2  -1   0   4  -5  -1   1  -2  -1  -2  -1   2  -2  -1  -2   1   1   1  -2  -2    3   3   5  24   0   3  11   3   1   2   6  11   1   3   2  10   8   2   2   2  0.32 0.30
  213 A     1  -1  -1   0   1   0   1   0   0   0  -1   1  -1  -1  -1   1   1  -3  -1  -1   16   2   2   5   3   3   9   5   2   7   4   9   2   3   3  10   7   0   2   4  0.07 0.11
  214 N    -1  -2   2   3  -2   1   2   2  -1  -3  -2   2  -2  -5  -2   0   0  -5  -4  -2    5   2  11  17   1   5  12  13   1   1   5  11   1   0   1   5   6   0   0   2  0.32 0.28
  215 G    -3  -3   1   3  -1   0   1   5  -2  -6  -4   1  -2  -3  -5  -1  -2  -1  -5  -5    2   1   7  13   1   4   9  43   1   0   2   7   1   1   0   5   2   1   0   0  0.81 0.52
  216 N    -2   1   3   1  -2   0   3   0   4  -3  -4   2  -1  -5  -3  -1  -2  -5  -3  -3    3   7  14   7   1   4  20   8  10   2   1  11   2   0   1   5   2   0   1   2  0.43 0.35
  217 S    -2   0  -1   0   1   0   3  -1   0  -1  -3   1  -2  -5  -3   2   2  -5  -4  -1    2   4   3   6   3   4  20   4   3   4   2   9   1   0   1  15  14   0   0   6  0.31 0.31
  218 F    -4  -4  -4  -4  -6  -4  -4  -6   1   3  -1  -4  -2   7  -7  -4  -3  -1   3   0    1   1   1   1   0   1   1   1   3  13   5   1   1  51   0   1   2   1   8   7  1.46 0.76
  219 A     2   0  -1  -2  -3   2   4  -4  -4   0  -3   0  -3  -4  -4   0   1  -2  -3  -2   20   5   2   2   1   8  29   1   0   6   2   5   1   1   0   7   8   1   1   3  0.49 0.44
  220 T     0  -2   0  -2   2  -2  -2   0  -2   0   0   0   1   1   1   0   0  -2   1   0    7   0   7   0   7   0   0   7   0   7   7   7   7   7   7   7   7   0   7   7  0.07 0.11
  221 R    -1   0   0   0   2   0   0  -1   2   0  -1   0   2   1   0  -1   0   4   1  -1    5   5   5   5   5   5   5   5   5   5   5   5   5   5   5   5   5   5   5   5  0.09 0.08
  222 L    -1   0   0   0   2   0   0  -1   2   0  -1   0   2   1   0  -1   0   4   1  -1    5   5   5   5   5   5   5   5   5   5   5   5   5   5   5   5   5   5   5   5  0.09 0.08
  223 S    -1   0   1   3  -5   0   1   0   0  -2  -3   2  -1  -2  -1   2  -1   1  -1  -2    4   6   5  17   0   3  10   6   2   2   2  11   2   2   3  14   4   2   2   3  0.24 0.24
  224 N    -3  -2   6   0   0  -1  -2  -5   2  -2  -3  -2   0   0  -6  -2  -2  -5   6  -3    2   2  32   4   2   2   3   0   5   2   3   3   3   4   0   4   2   0  23   2  0.95 0.61
  225 I     1  -5  -2  -2   1  -5  -3  -3  -6   3   1  -5   0   0  -5  -2  -1  -5  -5   5   11   0   2   2   3   0   2   2   0  17  12   0   2   3   0   3   4   0   0  34  0.67 0.40
  226 F    -5  -5  -6  -6   1  -2  -6  -6  -5   2   0  -5   4   7  -6  -2  -5  -4   2  -1    0   0   0   0   3   3   0   0   0  12   8   0  10  48   0   3   0   0   6   4  1.40 0.63
  227 V    -1  -5  -2  -5   0  -5  -5  -5  -5   2  -1  -5   0  -2   1  -2   0  -5  -4   6    6   0   2   0   2   0   0   0   0  12   5   0   2   2   7   3   6   0   0  52  0.95 0.48
  228 I    -2  -5  -1  -5  -1  -5  -5  -5  -5   6   1  -5   0  -1  -5  -3  -1  -5  -4   4    2   0   3   0   2   0   0   0   0  50   9   0   2   2   0   2   2   0   0  23  1.06 0.48
  229 G    -2  -3  -2  -2  -2  -4  -2   7  -2  -5  -4  -4  -5  -5  -2  -2  -3  -5  -5  -3    3   1   1   2   1   0   3  75   1   0   2   0   0   0   2   2   1   0   0   2  1.52 0.63
  230 K    -2   1  -1   1  -4   0   2  -2  -1  -3  -3   5  -1  -4  -1  -1   0  -4  -2  -2    2   4   2   8   0   3  11   2   1   1   1  46   2   1   2   3   5   0   1   4  0.62 0.35
  231 G     0   0   0   0   2   0   0   0   1   0  -1   0  -1   0   1   0   0  -2   1   0    6   6   5   6   5   5   6   6   5   6   6   6   0   5   6   6   6   0   5   6  0.03 0.06
  232 N    -1  -1   2   2  -4   0   3   0   0  -1  -2   1   0  -1  -1   0   0  -4   0  -2    4   3   9  11   0   3  20   9   3   3   3   7   3   3   3   4   6   0   3   3  0.18 0.20
  233 K    -1   0  -1  -1  -4   1   0  -1   0  -2  -2   5  -1  -2  -1   0  -1  -4  -1  -2    3   4   3   2   0   5   4   4   2   2   4  42   2   2   3   8   3   0   2   3  0.49 0.41
  234 P     1  -3  -2  -5   0  -2  -2  -3   0  -3  -3  -4  -5  -2   7   1  -1  -6  -2  -3   11   2   2   0   2   2   2   2   2   2   3   0   0   2  50  11   3   0   2   2  1.17 0.70
  235 W    -1  -2  -4  -3  -1   0   1  -3  -1  -1   1  -3   1   1  -5  -2  -2   8   2   1    5   2   0   1   1   5  10   2   2   4  14   1   4   5   0   3   1  21   6  12  0.61 0.42
  236 I    -4  -5  -2  -5  -4  -5  -3  -2   0   6   0  -3   1  -4  -5  -2  -2  -5  -1   3    0   0   2   0   0   0   2   3   2  50   7   1   2   0   0   3   2   0   2  23  1.05 0.58
  237 S    -1  -1  -1  -1  -4   0   0  -2  -3  -4  -1   1  -3  -2  -2   4   2  -5   0  -3    4   3   3   2   0   3   5   2   0   0   6   8   0   1   2  42  15   0   3   2  0.51 0.44
  238 L    -3  -4  -5  -5  -4  -4  -5  -5  -4   2   5  -2   3   0  -2  -2  -2  -4   0   1    1   0   0   0   0   0   0   0   0  11  53   3   6   4   3   4   2   0   3   9  0.75 0.44
  239 P    -3   0  -3  -3  -5  -2   0  -3  -5  -2  -2  -3  -5  -6   7  -1  -1  -6  -3  -5    2   6   1   1   0   1   7   1   0   3   5   1   0   0  63   4   3   0   1   0  1.53 0.70
  240 R     0   3  -2  -1  -2   1   3  -2  -1  -4  -3   4  -2  -5   0  -1  -2  -5  -4  -1    7  16   1   2   1   6  24   2   1   0   1  25   1   0   4   3   1   0   0   4  0.53 0.37
  241 G    -1  -2   0   0  -1   0   1   5  -2  -5  -4  -2  -3  -5  -3  -1  -1  -5  -5  -2    4   2   4   6   2   3  10  53   1   0   1   2   1   0   1   3   3   0   0   3  0.77 0.43
  242 K    -2   2   0  -1  -5   2   1  -1  -3  -5  -3   6  -4  -5  -2  -3  -2  -5  -4  -5    2  11   3   2   0   9   8   4   0   0   2  55   0   0   1   0   2   0   0   0  0.95 0.51
  243 G    -1  -3  -3  -2  -2  -1  -3   6  -2  -5  -5  -4  -5  -5  -4  -2  -4   1  -5  -2    4   1   0   2   1   4   2  76   1   0   0   0   0   0   0   2   0   2   0   3  1.44 0.57
  244 I    -1  -4  -4  -2  -3  -4  -4  -4  -1   5   0  -4   0  -2  -4  -1   0  -4   0   4    4   0   0   3   0   0   0   0   1  43   6   0   1   0   0   5   4   0   3  27  0.65 0.34
  245 R    -2   5  -1  -3   2   1  -1  -4   0  -4  -4   5   1  -4  -4  -2  -2  -5  -1  -4    2  31   3   0   6   4   1   0   2   0   0  43   5   0   0   0   1   0   2   0  0.94 0.45
  246 L    -1  -1  -3  -4  -3  -1  -2  -2  -2   0   4   0   1  -1  -1  -3  -1  -3  -1   0    6   3   1   0   0   2   1   4   1   3  56   8   2   1   4   0   3   0   2   3  0.42 0.28
  247 T    -1  -2   1   0  -3  -1  -2  -2   1  -1  -3  -2  -3  -4  -1   3   4  -5  -3  -1    4   1   6   5   0   2   0   1   4   4   0   0   0   0   2  31  36   0   0   5  0.57 0.37
  248 I    -1  -3  -4  -4  -3  -4  -1  -5  -1   6   0  -3  -1  -2   0  -4  -1  -4  -1   2    3   1   1   0   0   0   5   0   2  60   6   1   1   0   4   0   3   0   3  10  0.80 0.41
  249 A     3  -1  -3  -1  -2  -2  -2  -3   1   2   1  -1   0   0  -3   0   0  -3   1   0   30   2   0   4   0   0   1   0   5  14  16   2   2   3   0   5   4   0   5   6  0.19 0.19
  250 E    -3  -1   0   1  -6   3   6  -3  -3  -5  -2   0  -4  -5  -2  -2  -2  -5  -4  -4    1   2   3   4   0  11  65   1   0   0   4   3   0   0   2   2   1   0   0   1  1.10 0.51
  251 E    -3   1   0   2  -5   1   6  -4  -2  -3  -4   1  -4  -5  -3  -2  -3   2  -4  -2    0   7   3  12   0   4  56   0   0   2   1   8   0   0   0   1   0   3   0   3  0.91 0.43
  252 R     1   6  -2  -3  -5   1  -1  -2  -3  -3  -3   3  -3  -4  -4   0  -3  -5  -2  -4   12  52   0   0   0   4   1   3   0   1   1  16   0   1   0   7   0   0   1   0  0.89 0.41
  253 D    -1   1   2   5  -4   0   1  -2  -1  -3  -2   1  -2  -4  -1  -1  -1  -5  -2  -3    4   8   8  37   0   4  10   2   1   1   4   9   1   0   3   2   2   0   1   2  0.46 0.26
  254 K     0   2   0  -2  -4   1   1  -3   2  -1  -1   5   0  -4  -3  -2  -1  -4  -3  -2    7  11   4   0   0   6   7   0   5   4   6  41   3   0   0   0   2   0   0   1  0.46 0.28
  255 R    -3   7  -3  -4  -6   1   0  -4  -2  -5  -4   3  -4  -5  -4  -3  -3  -5  -4  -5    1  71   0   0   0   5   4   0   1   0   1  14   0   0   0   0   0   0   0   0  1.54 0.56
  256 L     1   2  -3  -2  -3  -1  -1  -3  -1   1   3  -2   1   1  -3  -2  -2   1   1  -1   13  14   0   2   0   3   3   0   1   8  35   0   4   5   1   1   0   2   6   1  0.25 0.20
  257 A     4  -1  -2  -3  -3   0  -1   2  -2  -1  -3  -1  -2  -2  -2   1  -1  -2  -2   0   43   2   0   0   0   5   3  17   0   4   0   4   0   1   1  11   0   1   1   6  0.41 0.27
  258 A     4  -1  -2  -2  -3   1   1   0  -1  -2  -3   0  -3  -4  -2   1  -1  -4  -3  -1   50   2   1   0   0   7  11   7   1   1   0   4   0   0   0   9   2   0   0   2  0.50 0.30
  259 K     0   2   0   0  -4   4   1  -2  -2  -4  -3   4  -3  -4  -1   0  -1  -4  -3  -3    9   8   4   4   0  23   8   1   0   0   2  31   0   0   2   5   3   0   0   0  0.51 0.27
  260 Q     0   0  -1   1  -4   5   2   0   1  -3  -3   1   0  -4  -3  -1   1  -4  -3  -3    6   3   1   7   0  42  11   6   3   1   0   6   3   0   0   1  11   0   0   0  0.55 0.29
  261 S     3  -1   1   0   1  -1   1  -1  -2  -2  -3  -1  -2  -3  -2   3   1   0  -3   0   27   2   6   3   3   1   8   1   0   0   0   1   0   0   0  31   8   2   0   7  0.33 0.20
  262 S     4   0  -2  -2  -2  -2  -2  -2  -3  -3  -3  -2   0  -4  -2   4   1  -4  -3  -2   39   5   0   0   0   0   0   0   0   0   0   0   3   0   0  45   6   0   0   1  0.62 0.27
  263 G     2  -3  -2  -2  -3  -2  -3   6  -3  -4  -4  -2  -3  -4  -3  -1  -2  -3  -4  -3   24   0   0   0   0   0   0  76   0   0   0   0   0   0   0   0   0   0   0   0  1.08 0.20

                      K         Lambda
Standard Ungapped    0.1413     0.3230
Standard Gapped      0.0352     0.2670
PSI Ungapped         0.1151     0.3173
PSI Gapped           0.0352     0.2670
