
Last position-specific scoring matrix computed, weighted observed percentages rounded down, information per position, and relative weight of gapless real matches to pseudocounts
            A   R   N   D   C   Q   E   G   H   I   L   K   M   F   P   S   T   W   Y   V   A   R   N   D   C   Q   E   G   H   I   L   K   M   F   P   S   T   W   Y   V
    1 M    -5  -6  -6  -7  -6  -5  -6  -7  -6  -3  -2  -6  11  -4  -7  -6  -5  -6  -5  -3    0   0   0   0   0   0   0   0   0   0   0   0 100   0   0   0   0   0   0   0  3.49 1.01
    2 A     5  -4  -2  -3  -2  -2  -3  -2  -4  -3  -4  -2  -3  -5  -2   3   1  -5  -4  -1   62   0   1   1   0   1   0   1   0   1   0   1   0   0   1  19   7   0   0   3  0.96 0.44
    3 A     3   0  -1  -1  -3   0  -1   1  -2  -2  -1   0  -1  -2  -2   2   0  -4  -3  -1   34   4   1   3   0   4   2  10   1   1   5   6   1   1   0  18   6   0   0   3  0.29 0.20
    4 Q    -1   1   1   0  -4   5   1  -2  -1  -3  -3   0   0  -3   0   0   1  -4  -1  -3    3   7   8   3   0  36   8   2   1   1   2   3   3   1   4   8   8   0   2   1  0.49 0.28
    5 G     0  -1   2   1  -1   0   2   3  -1  -3  -3  -1  -2  -4   1   0  -1  -3  -3  -3    7   3  11   6   2   4  16  29   1   1   2   3   1   0   6   5   3   0   1   1  0.33 0.16
    6 E    -1   0   1   3  -3   1   4  -2  -2  -3  -3   0  -2  -4  -1   2  -1  -4  -3  -2    2   4   6  14   0   4  34   2   0   1   1   5   1   1   3  16   1   0   0   3  0.48 0.25
    7 P    -2   0  -1  -1  -1   0  -1  -3   0  -3  -2   1  -3   2   4  -1  -2  -2   5  -1    3   6   2   4   1   4   4   1   2   1   2   8   0   8  24   4   1   0  22   4  0.50 0.25
    8 Q    -1  -1   0   5  -2   3   1  -3  -1   0  -3   1  -1  -4   0  -1  -1  -4  -4  -2    4   3   2  35   1  16   8   1   1   6   2   7   1   0   4   2   3   0   0   3  0.48 0.25
    9 V    -1  -2  -3  -4  -1  -3  -3  -4   0   0   0  -3  -1   2   3  -2  -1   0   5   2    3   2   0   0   1   1   0   0   3   4   9   1   1  10  16   2   3   1  23  20  0.49 0.26
   10 Q    -2   0   0  -2  -2   4   0  -3  -3   0   2  -1  -1  -2  -3   0   2  -4  -3  -1    1   5   4   1   1  25   3   1   0   4  28   3   1   1   0   6  14   0   0   3  0.34 0.26
   11 F    -3  -5  -6  -6  -3  -4  -6  -6  -3  -1   1  -5  -3   8  -6  -3  -5  -2   3  -2    1   0   0   0   0   1   0   0   0   2  14   0   0  68   0   2   0   0   9   2  1.66 0.56
   12 K    -4   0  -2  -3  -6   0  -2  -5  -2  -5  -6   8  -5  -6  -4  -1  -3  -6  -5  -6    0   2   1   1   0   2   1   0   1   0   0  87   0   0   0   4   0   0   0   0  1.89 0.69
   13 L    -3  -5  -5  -6   1  -4  -5  -4  -5   3   4  -5   2  -2  -5  -2  -3  -4  -3   3    1   0   0   0   3   0   0   1   0  20  48   0   4   1   0   2   1   0   0  19  0.84 0.36
   14 V    -1  -5  -5  -5  -1  -4  -3  -5  -5   4   3  -4  -1  -3  -3  -3  -1  -5  -4   5    4   0   0   0   1   0   2   0   0  21  25   0   0   0   1   1   4   0   0  42  0.80 0.37
   15 L    -3  -5  -6  -6  -4  -5  -5  -6  -5   3   5  -5   2  -1  -1  -4  -3  -4  -4   1    1   0   0   0   0   0   0   0   0  17  64   0   3   2   4   1   0   0   0   9  1.05 0.43
   16 V    -2  -2  -5  -5  -1  -5  -5  -6  -6   5   2  -5   0  -3  -5  -4  -2  -5  -4   5    2   3   0   1   1   0   0   0   0  34  18   0   2   0   0   0   1   0   0  38  0.96 0.42
   17 G    -4  -2  -4  -2  -6  -5  -5   7  -6  -7  -7  -5  -6  -7  -6  -4  -5  -6  -7  -7    0   3   0   2   0   0   0  93   0   0   0   0   0   0   0   0   0   0   0   0  2.32 0.75
   18 D    -5  -5   1   8  -7  -4   0  -4  -4  -6  -7  -3  -2  -7  -4  -2  -4  -7  -6  -6    0   0   5  82   0   0   4   1   0   0   0   1   1   0   1   3   0   0   0   0  2.11 0.75
   19 G     1  -1  -3  -2  -1  -2  -2   4  -4  -4  -4  -2  -2  -3  -1   4  -2  -2  -3  -3    9   4   0   1   1   1   2  38   0   1   1   2   1   1   3  32   1   0   1   1  0.70 0.38
   20 G     1  -3   0  -2  -1  -2  -3   6  -4  -4  -4  -2  -4  -5  -4   0  -2  -5  -5  -3   13   1   3   2   1   1   1  63   0   1   2   1   0   0   0   6   1   0   0   1  1.13 0.46
   21 T    -2  -2  -4  -5   0  -4  -4  -5  -5   0  -3  -2  -1  -4  -2  -2   4  -5  -4   6    2   2   0   0   2   0   0   0   0   2   0   2   1   0   2   3  24   0   0  59  1.10 0.51
   22 G    -2  -3  -3  -4  -1  -4  -5   7  -5  -6  -6  -4  -5  -5  -5  -3  -4  -5  -5  -5    2   2   0   0   2   0   1  88   0   0   1   0   0   0   0   1   0   0   0   1  2.05 0.67
   23 K    -4  -2  -4  -4  -6  -2  -1  -5  -4  -3  -4   8  -5  -6  -4  -4  -4  -6  -5  -5    1   0   0   0   0   0   3   1   0   2   2  88   0   0   0   1   0   0   0   0  2.11 0.79
   24 T    -3  -4  -3  -4  -4  -4  -4  -4  -4  -4  -4  -2   0  -5  -1   4   7  -5  -5  -2    0   0   0   0   0   0   0   0   0   0   1   2   3   0   2  28  59   0   0   2  1.40 0.68
   25 T     1  -4   0  -3   7  -2  -3  -3  -4  -3  -4  -2   0  -4  -4   4   3  -5  -4  -2   12   0   4   0  21   2   1   1   0   1   1   2   3   0   0  31  19   0   0   2  0.84 0.45
   26 F    -3  -4  -5  -5  -2  -4  -4  -5  -2   1   4  -4   0   6  -5  -4  -3   1   2   0    2   0   0   0   1   0   1   1   1   7  39   1   2  32   0   1   1   2   5   4  0.90 0.41
   27 V    -1  -4  -5  -5  -1  -4  -5  -5  -5   3   3  -2   4  -3  -5  -3   0  -5  -4   4    4   0   0   0   1   0   0   0   0  15  29   2  11   0   0   2   5   0   0  27  0.77 0.41
   28 K    -2   1   2  -2  -1   1  -2  -3   1  -2   1   3  -1  -1  -3   0  -1  -1  -2  -2    2   7  13   1   1   6   2   1   3   2  17  23   1   3   1   7   2   1   1   2  0.28 0.26
   29 R    -3   8  -2  -5   0   2  -4  -6   1  -4  -6  -1  -1  -6  -6  -2  -3  -6  -3  -4    2  70   1   0   2   7   0   0   3   1   0   2   1   0   0   3   2   0   1   2  1.83 0.85
   30 H    -5  -5  -1  -6  -1  -3  -5  -6   7  -3  -1  -5   0   7  -6  -4  -5   0   4  -3    0   0   3   0   2   1   0   0  23   1   7   0   2  43   0   1   0   1  12   2  1.59 0.72
   31 L     1  -2  -2  -4   3  -1  -3  -4  -1   1   2  -1   1  -1  -2   0   2  -4  -2   2   12   2   2   0   6   2   1   0   2   7  20   4   3   2   1   8  12   0   1  14  0.22 0.21
   32 T    -2  -1   1   3  -4   0   1  -3   0  -2  -3   0   0  -5  -3   1   4  -5  -1  -3    1   3   6  19   0   4   9   1   2   2   2   6   2   0   1  11  24   0   3   1  0.45 0.35
   33 G    -2  -1   3   3  -5  -1   0   5   0  -6  -6   0  -5  -6  -3  -1  -4  -6  -5  -3    2   4  11  16   0   2   5  43   2   0   0   5   0   0   1   4   0   0   0   2  0.86 0.48
   34 E    -1   0  -1   1  -1   1   4  -2   0  -2  -3   1   0  -3  -2   0   1  -5  -2  -2    5   5   2   7   1   4  32   3   2   3   2   9   3   1   2   5   8   0   1   3  0.37 0.30
   35 F    -2  -4  -2  -7  -2  -6  -4  -7  -2  -3  -2  -6  -4   9  -4  -3  -6   0   3  -3    4   1   2   0   1   0   1   0   1   2   3   0   0  69   1   2   0   1   9   1  2.06 0.87
   36 E    -1   0   1   0  -2   1   3  -3   0   0  -1   0  -1  -3  -1   2   1  -4  -1  -1    3   4   8   4   1   5  22   1   3   7   5   4   1   1   2  14   9   0   2   5  0.22 0.23
   37 K    -1   0   1   1  -5   0   3  -3  -1  -3  -2   4  -1  -3   0   0   0  -2  -2  -3    3   4   7   8   0   3  18   2   1   1   3  28   1   1   4   5   5   1   1   2  0.40 0.31
   38 K    -1   1   1   1  -2   1   2  -2   1  -4  -4   4  -2  -3  -1   1   0  -5  -2  -2    3   5   7   6   1   6  11   3   4   0   1  25   1   1   2  13   6   0   1   3  0.35 0.29
   39 Y    -4  -5  -5  -4  -3   1  -3  -5   4  -3  -3  -5  -2   2  -5  -2  -4  -3   9  -5    1   0   0   1   1   7   2   1   9   2   3   0   1   6   1   4   1   0  60   1  1.85 0.83
   40 V    -2   0  -1  -1  -4  -1   1  -1  -1   4  -1   1   0  -2  -3  -1   0  -1  -3   2    2   4   4   3   0   2  11   4   1  27   5  10   2   1   1   4   5   1   0  14  0.24 0.24
   41 A     4  -2  -2  -4  -3  -3  -3  -3  -2  -3  -4  -2  -1  -4   5   3   1  -6  -3  -3   31   2   1   0   0   1   1   1   1   2   1   2   2   0  26  20   7   0   1   2  0.82 0.52
   42 T    -2  -3  -4  -4  -5  -4  -4  -6  -3  -5  -5  -4  -2  -6  -4  -2   8  -1  -6  -3    3   2   0   1   0   1   1   0   1   0   1   1   1   0   1   2  84   1   0   1  2.07 0.98
   43 L    -3  -1  -3  -4  -4  -1  -2  -6  -2   6   2  -3   1  -2  -2  -3  -1  -5  -4   1    2   4   1   1   0   3   2   0   1  44  21   1   2   1   2   2   3   0   0   9  0.73 0.43
   44 G    -3  -4  -1  -1  -4  -4   0   7  -3  -7  -7  -4  -6  -4  -4  -3  -4  -6  -3  -6    1   1   3   3   0   0   6  78   1   0   0   1   0   1   1   1   1   0   1   0  1.80 0.78
   45 V     1  -4  -5  -6   2  -5  -5  -6   0   2  -2  -3   0  -4  -3  -4   0  -6  -3   6   12   1   0   0   4   0   0   0   2   8   2   1   2   0   1   1   6   0   1  57  1.05 0.57
   46 E    -2  -4   0   5  -6   0   5  -5  -4  -6  -4  -3  -5  -6  -5  -2  -1  -6  -6  -3    3   0   4  34   0   3  43   0   0   0   2   0   0   0   0   3   4   0   0   2  1.28 0.66
   47 V    -3  -5  -3  -5  -3  -5  -3  -4  -3   1  -1  -2  -1   6  -3  -3  -2  -4   0   5    1   0   1   0   0   0   2   1   1   5   5   2   1  35   1   2   3   0   2  36  1.00 0.51
   48 H    -2   0   0  -2  -2   0  -1  -3   7  -3  -1   3  -2  -1  -4  -1  -1  -4   2  -3    4   5   4   2   1   4   2   1  32   1   6  16   1   2   0   5   4   0   7   2  0.73 0.43
   49 P    -2  -2  -1  -2  -4  -2  -1  -4  -2   2  -2  -1   0  -2   5   0   2  -5  -2   0    2   2   3   2   0   2   3   0   1  15   4   4   3   2  29   8  14   0   1   5  0.54 0.35
   50 L    -3   2  -4  -5  -3  -1  -4  -5  -3   1   4   3  -1  -3  -3  -4  -3  -5  -3  -1    1  11   0   0   1   2   0   0   1   7  45  22   1   1   1   1   1   0   1   3  0.75 0.45
   51 V    -2   0   1   1  -2  -1  -1  -2  -1   1  -1   0  -1  -3  -2   0   3  -4  -1   1    2   5   5   9   1   2   3   2   1   8   5   7   1   1   2   8  24   0   2  12  0.21 0.21
   52 F    -4  -6  -6  -6  -3  -6  -6  -6  -5   3   1  -6   0   7  -6  -4  -4  -4  -2   2    1   0   0   0   0   0   0   0   0  16  12   0   2  51   0   1   1   0   0  13  1.45 0.64
   53 H    -1  -1   1   0  -1   1   2  -2   6  -3  -3   0  -1   1  -2   0   1  -1   1  -3    5   2   7   5   1   7  13   2  19   1   1   5   2   6   2   8   8   1   4   2  0.35 0.27
   54 T    -3  -3  -4  -4  -2  -2  -5  -5  -5   2   0  -3  -1  -4  -4  -2   6  -5  -4   2    1   1   0   1   1   1   0   0   0  13  10   1   1   1   1   2  54   0   0  12  1.10 0.61
   55 N    -3  -3   6   4  -3  -2   0  -1  -2  -4  -5  -1  -5  -5  -2   0   2  -6  -4  -5    1   1  39  20   1   1   7   3   1   1   1   3   0   0   2   8  12   0   0   0  0.93 0.51
   56 R    -2   4  -1   1   3   0  -2   2   2  -3  -2   0  -2   0  -2  -2  -3  -4   1  -2    2  26   3   8   6   4   2  19   5   2   3   6   1   5   2   1   1   0   5   2  0.38 0.29
   57 G    -2   0  -2  -2  -2  -1  -2   6  -2  -2  -5   3  -3  -6  -5  -3  -2   0  -3  -4    2   4   2   2   1   3   3  57   1   3   1  16   1   0   0   1   2   1   1   1  1.08 0.55
   58 P    -2   1   0   0  -2   1   1  -3  -2  -1  -2   2   0  -3   4  -1   1  -5  -3  -1    3   6   4   4   1   6   8   1   1   3   4  15   3   1  20   4  10   0   1   5  0.32 0.25
   59 I    -3  -6  -6  -6   0  -6  -6  -7  -6   7   0  -6   1  -2  -6  -4  -4  -6  -3   4    1   0   0   0   2   0   0   0   0  54   5   0   3   2   0   1   1   0   1  29  1.49 0.66
   60 K    -2   3  -1  -2   3   0  -2  -3   0  -1  -2   5  -2  -3  -3   0   1  -2  -2  -2    3  15   2   1   7   3   1   2   2   5   4  33   1   1   1   5  10   1   1   3  0.48 0.35
   61 F    -2  -5  -6  -6  -3  -5  -6  -6  -5  -1   3  -5   1   8  -6  -4  -4  -3   0  -2    4   0   0   0   1   0   0   0   0   3  26   0   3  54   0   1   1   0   2   2  1.47 0.64
   62 N    -3  -2   5   1  -2   5   2  -4   0  -4  -4  -1  -2  -4  -4  -1  -1  -5   1  -2    1   2  32   7   1  25  11   1   1   1   1   2   1   1   0   3   3   0   5   3  0.80 0.48
   63 V    -3  -5  -5  -5   5  -5  -5  -5  -5   5   0  -5   3  -3  -5  -4  -1  -5  -4   4    1   0   0   0  11   0   0   1   0  34   8   0   7   0   0   0   3   0   0  32  1.06 0.50
   64 W    -6  -3  -7  -7  -1  -3  -6  -5  -4  -6  -3  -6  -5  -2  -7  -5  -6  13   0  -3    0   1   0   0   1   1   0   1   0   0   3   0   0   1   0   1   0  82   3   2  3.89 1.29
   65 D    -3  -5  -1   8  -6  -4   1  -3  -2  -6  -6  -3  -6  -6  -5  -4  -4  -6  -6  -4    2   0   2  80   0   0   7   2   1   0   1   1   0   0   0   0   0   0   0   2  2.08 0.84
   66 T    -3  -4  -3  -4   1  -3  -4  -4  -2   2  -1  -2   0  -2  -4  -1   6  -1  -2  -1    0   0   1   0   3   1   0   1   1  12   5   2   2   2   1   4  59   1   2   4  1.09 0.63
   67 A     5  -3  -1  -2  -2  -2  -2   1  -1  -4  -3  -3  -2  -4  -1   1  -2  -5  -4  -1   58   1   3   2   1   2   2   9   1   1   1   0   1   1   3  10   2   0   0   3  0.84 0.52
   68 G    -3  -4  -1  -3  -2  -5  -3   7  -2  -6  -5  -2  -6  -6  -2  -2  -3   1  -6  -6    1   1   3   1   1   0   2  75   1   0   1   3   0   0   2   3   2   2   0   0  1.62 0.74
   69 Q    -4  -2   0   0  -6   7   1  -5  -1  -3  -2   0  -4  -6  -4   1  -2  -5  -5  -4    1   1   3   4   0  56   7   0   1   2   5   5   0   0   1   9   2   0   0   1  1.25 0.72
   70 E    -2  -1  -2   2  -6   1   6  -2   0  -5  -4   0  -2  -6  -1  -2  -2  -6  -5  -4    3   2   1  10   0   6  58   4   2   0   2   4   1   0   3   2   2   0   0   1  1.11 0.61
   71 K    -3   5  -1  -2  -5   0   0  -2   0  -3  -3   5  -2  -2  -4   0  -3  -5  -4  -3    1  33   3   2   0   2   6   3   2   1   2  31   1   2   0   7   1   0   0   1  0.83 0.47
   72 F    -3  -4  -3  -3  -1  -3  -4  -3   3  -2  -1  -2  -1   7  -2  -1  -2   0   3  -2    2   1   1   1   1   1   1   2   7   2   5   3   2  47   2   4   3   1  10   2  1.02 0.49
   73 G    -1   3  -1   0  -2   1  -1   3   2  -2  -3   1  -1  -4  -1   0  -1  -2  -2  -2    4  19   3   5   1   5   3  26   5   3   2   7   2   1   4   7   2   1   1   2  0.34 0.24
   74 G     0  -2   1  -1  -1  -1  -1   3  -1  -1  -2  -2   0  -1  -2   2   2  -3  -2  -1    8   2   6   3   1   3   3  26   1   3   3   2   2   3   2  15  13   0   1   3  0.26 0.21
   75 L    -3  -3  -3  -3  -4  -2  -2  -5  -4   4   4  -3   0   0  -3  -2  -2   0  -1   1    1   1   2   1   0   1   3   1   0  25  43   1   1   3   1   3   2   1   2   7  0.66 0.37
   76 R    -1   5  -2  -1  -1   0  -2  -1  -1  -2  -1  -1  -3  -4  -1   0   3  -1  -4  -2    3  35   1   3   1   4   2   6   2   2   6   2   0   0   3   7  19   1   0   3  0.49 0.35
   77 D    -2  -1   1   5  -3   1   1  -2  -1  -4  -3   0   1  -2   1   1   0  -4  -4  -2    3   4   6  30   1   6   9   2   2   0   2   5   4   1   7  10   6   0   0   3  0.42 0.29
   78 G     1  -1  -1  -1  -1  -1   0   3  -1  -2  -1  -1  -1  -2  -1   2   0  -3   0  -2   12   4   2   3   1   2   7  26   1   1   5   4   2   2   3  16   4   0   3   3  0.22 0.19
   79 Y    -4  -4  -4  -2   2  -4  -2  -1   2  -2  -2  -1  -3   2  -4  -2  -4  -1   8  -4    1   0   0   3   5   0   3   6   4   2   3   3   0   8   0   3   1   0  58   1  1.37 0.59
   80 Y    -4  -1  -4  -5  -1  -4  -4  -3   0  -2  -2  -2  -1   3  -5  -2   0   2   8  -3    1   3   0   1   2   0   1   2   1   3   3   3   1  10   0   2   5   2  60   1  1.47 0.61
   81 I    -2   4   0  -2  -4   0  -2  -3  -1   3  -1   1   0  -1  -3  -1  -1  -4  -1   0    3  28   5   2   0   5   2   2   2  25   3   7   2   3   0   3   3   0   2   4  0.38 0.28
   82 Q    -2  -1   2   0  -1   4  -1   4   2  -4  -4  -1  -1  -2  -1  -1  -2  -4   0  -4    2   2  11   5   1  19   3  30   6   0   1   3   1   2   4   3   2   0   3   0  0.48 0.32
   83 A     4  -3  -2  -1   2  -2  -1   1  -3  -1  -3  -1  -2  -3   0   1   0  -4  -3  -1   46   0   0   3   5   0   3  11   0   3   1   3   0   0   4   9   5   0   0   3  0.42 0.28
   84 Q    -1   0   0   2  -3   4   0  -1   3  -2  -2   1   1  -1  -3  -1  -1  -3  -1  -1    3   4   4  12   0  31   4   4   9   2   3   6   5   2   0   3   2   0   2   3  0.34 0.25
   85 C     1  -1  -3  -3   7  -3  -3   4  -3  -3  -2  -1  -3   0  -4  -1  -2  -3   0   0   13   3   0   0  24   0   0  33   0   0   4   3   0   4   0   4   0   0   3   6  0.65 0.35
   86 A     3  -3  -1  -3   4  -2  -3  -1  -3   2  -1  -2  -1  -1  -3   0   0  -3  -3   1   39   0   3   0  10   0   0   4   0  17   3   0   0   2   0   5   3   0   0   9  0.35 0.25
   87 I    -1  -3  -4  -4   0  -3  -4  -2  -4   5   2  -3   3   0  -3  -3  -1  -3  -2   2    3   0   0   0   2   0   0   3   0  44  21   0   8   3   0   1   2   0   0   9  0.53 0.28
   88 I    -2  -3  -3  -4   0  -3  -3  -2  -3   4   2  -2   1   1  -3  -3  -1  -3  -1   2    2   0   0   1   2   0   1   4   0  34  25   2   2   5   0   1   2   0   2  16  0.40 0.22
   89 M     0   0  -1   0   3  -1  -2   0  -2   1   0  -1   2   1  -2   0   1  -2  -1   0    8   8   0   8   8   0   0   8   0   8   8   0   8   8   0   8   8   0   0   8  0.06 0.10
   90 F    -2  -5  -2  -5  -1  -5  -5  -5  -3   0  -2  -5  -3   7  -5  -3  -4  -2   7  -2    4   0   2   0   2   0   0   1   0   5   2   0   0  40   0   2   0   0  37   3  1.49 0.60
   91 D    -2  -5  -1   7  -6  -4  -1  -2  -4  -6  -6  -4  -6  -6   0   0  -4  -6  -1  -6    3   0   3  70   0   0   3   3   0   0   1   0   0   0   5   7   0   0   2   0  1.66 0.73
   92 V    -1  -2  -2  -4   0  -1  -4  -3  -1   3   1  -2   1  -1  -4  -2   0  -4  -3   5    5   2   2   0   2   4   0   2   1  16  10   2   3   2   0   3   4   0   0  40  0.52 0.33
   93 T     0  -2   2   1   0  -2  -3  -1  -1  -2  -3  -3  -4  -5  -4   0   6  -5  -4  -2    7   2   9   8   2   2   0   5   2   2   2   0   0   0   0   7  50   0   0   2  0.81 0.51
   94 S    -1   1   2   3   1  -1  -1  -2  -1  -3  -3   0  -2  -1  -1   3  -1  -4  -3  -2    3   8   9  19   3   2   2   2   1   1   2   7   1   3   3  28   1   0   0   3  0.35 0.30
   95 R    -1   0   0   0   2   0   0  -1   2   0  -1   0   1  -2   0   0   0   3   1   0    5   5   5   5   5   5   5   5   5   5   5   5   5   0   5   5   5   5   5   5  0.07 0.11
   96 V     0   0   0   2  -3   0   1   0   0   0   0   1   0  -3  -1   0   0  -1  -3   0    5   3   3  14   0   4  12   6   2   5   8   8   3   0   2   9   4   1   0  10  0.10 0.11
   97 T    -2  -4  -3  -4  -4  -4  -1  -4  -5  -2  -2  -4  -4  -5  -2   5   5  -5  -5  -4    3   0   0   0   0   0   4   1   0   2   4   0   0   0   2  42  38   0   0   0  1.21 0.66
   98 Y    -3  -6  -6  -6   0  -6  -6  -6   1  -4  -2  -6  -4   8  -6  -5  -1   1   6  -2    2   0   0   0   2   0   0   0   3   0   3   0   0  50   0   0   4   1  27   3  1.76 0.74
   99 K    -1   0   2   2  -2   1   2  -2   0  -1  -1   3  -1  -4  -3  -1  -1  -5  -2  -2    4   4   9  11   1   5  15   2   3   3   6  24   2   0   0   4   4   0   1   2  0.32 0.25
  100 N    -1  -1   7  -1  -1  -2  -2  -1   2  -4  -5  -1  -2  -3  -5   1   0  -6  -1  -4    6   3  49   2   1   1   2   5   5   1   0   4   1   1   0   9   4   0   2   1  0.98 0.53
  101 V     0  -5  -5  -1   3  -4  -5  -5  -5   3   1  -5   2   0  -5   0   0  -4   1   4    9   0   0   4   5   0   0   0   0  15  13   0   5   4   0   7   5   0   5  26  0.49 0.31
  102 P    -1   0   0   1   0   2   0  -2   2  -2  -2   1   1  -1   3  -1  -1  -4  -1  -1    5   5   4   7   3   8   6   3   5   3   4   9   5   2  16   4   3   0   3   3  0.16 0.18
  103 N    -1   1   4   0  -4   1   0  -2   2  -2  -1   2   0  -2  -1   0   0   1   0  -1    4   8  19   4   0   5   5   3   5   2   5  13   3   2   3   5   5   2   3   6  0.21 0.21
  104 W    -3  -4  -7  -8  -7  -7  -7  -4  -1  -4  -3  -4  -6  -2  -7  -7  -2  12   1  -7    2   1   0   0   0   0   0   2   2   1   3   2   0   1   0   0   3  76   3   0  3.69 1.37
  105 H    -2  -1  -2  -3  -2  -2  -1  -3   5   2   2  -2   2   0  -5  -3  -2  -1   3   1    4   3   2   1   1   2   4   2  17  10  21   2   5   4   0   1   1   1  11   8  0.44 0.30
  106 R    -1   4   0   0  -5   2   1  -2   1  -3  -4   3  -1  -5  -4   1  -1  -1  -2  -2    4  24   3   6   0   8   8   2   4   1   1  17   2   0   0  10   4   1   1   2  0.44 0.32
  107 D    -3   0   1   5  -2   0   4  -4  -2  -4  -3  -1   1  -3  -5  -2  -3  -6  -2  -3    2   5   7  31   1   4  31   1   1   1   3   3   3   1   0   2   1   0   2   2  0.83 0.50
  108 L    -1  -5  -6  -6  -1  -3  -5  -4  -5   4   4  -5   0   2  -5  -2  -2  -4   1   2    5   0   0   0   1   1   0   1   0  24  33   0   2   8   0   3   2   0   4  14  0.73 0.40
  109 V    -1   2   0   2   1   1   1  -3  -1  -1   0   1   0  -2  -3  -1   0   1  -2   1    5  11   5  11   3   6  10   1   1   2  11   7   2   1   0   2   5   2   1  13  0.13 0.16
  110 R    -2   5   0   0  -3   1   1  -2   3  -2  -4   2  -1  -2  -4  -1  -1   0   0  -2    3  29   4   5   1   7  10   3   6   3   0  11   2   2   0   4   3   1   3   2  0.47 0.35
  111 V    -1  -2   1  -2  -2   1  -1  -2   4   0  -1  -3  -2   0  -5  -2  -2  -1   5   3    5   2   7   2   1   6   3   2  11   6   4   1   1   3   0   3   2   1  19  20  0.43 0.34
  112 C     4  -3  -1  -3   9  -3  -5  -1  -6  -3  -4  -4  -5  -4  -2   1  -1  -3  -2  -2   28   2   3   1  36   1   1   4   0   1   2   1   0   1   2   9   4   1   2   3  1.24 0.67
  113 E    -2   0   0   2  -6   0   4   2  -4  -6  -3  -1  -3  -3   3   0  -2  -6  -5  -4    3   4   4  12   0   4  28  16   0   0   2   4   1   1  12   6   2   0   0   1  0.55 0.41
  114 N    -2  -2   6   3  -6  -1   0  -1   1  -4  -2   0  -5  -4  -1  -1  -1  -6  -1  -4    3   2  36  17   0   2   5   5   3   1   4   6   0   1   4   5   3   0   2   1  0.72 0.48
  115 I    -2  -5  -3  -4   1  -3  -3  -5  -4   6  -1  -1   0   1  -3  -2  -2  -6  -4   4    2   0   1   1   3   1   2   1   1  43   5   4   2   6   1   3   2   0   0  23  0.90 0.52
  116 P    -2  -4   1  -3   0  -1   0  -5  -2  -2  -1  -2  -2  -3   6   0  -2  -6  -4   2    4   1   6   1   2   3   6   0   1   2   5   2   1   1  42   6   2   0   0  14  0.90 0.54
  117 I    -2   0  -4  -5  -1  -2  -4  -5  -5   5   1   3   2   1  -3  -2  -1  -2  -4   1    2   4   0   0   1   1   0   0   0  31  11  19   5   5   2   3   3   1   0  10  0.56 0.39
  118 V     0  -1  -2  -3   3  -2  -1  -1  -2   1   1  -2   2   2  -3   0   0  -2   1   2    5   4   0   0  10   0   4   4   0  10  10   1  10  10   0   7   4   0   4  16  0.13 0.11
  119 L     0  -3  -3  -3   3  -3  -3  -3  -3   2   3  -3   2   1  -3  -1  -2  -3  -2   2    6   0   0   0   7   0   1   1   0  12  37   1   6   6   0   7   1   0   0  13  0.34 0.18
  120 C    -1  -5  -5  -5   8  -4  -5  -5  -5   1   0  -5  -1  -2  -5  -4  -2   0  -2   4    5   0   0   0  32   0   0   0   0   8   9   0   1   1   0   0   2   1   1  37  1.12 0.45
  121 G     1  -4  -3   0  -1  -2  -2   6  -4  -4  -5  -2  -4  -5  -4  -2  -3  -5  -5   0   10   0   0   5   1   2   2  65   0   0   1   2   0   0   0   2   0   0   0   8  1.13 0.45
  122 N    -1  -3   8   0  -1  -3  -1  -3   1  -5  -5  -3  -4  -5  -4  -1   2  -5  -4  -5    5   0  68   3   1   0   3   1   3   0   1   0   0   0   0   2  10   0   0   0  1.53 0.60
  123 K    -1   2  -1  -3  -5  -1  -2  -4  -3  -4  -4   7   0  -3  -4  -1   0  -5  -4  -4    4   7   2   0   0   2   0   1   0   0   1  66   3   1   0   3   7   0   0   0  1.19 0.52
  124 V     0  -2  -2  -3   5  -2   0  -1  -2   2  -1  -2   0  -2  -3   0  -1   3  -2   3    8   2   2   1  14   1   7   5   1  11   3   2   2   1   0   7   3   4   1  26  0.27 0.20
  125 D    -2  -4   1   7   2   0   0  -3  -1  -1  -4  -3   2  -5  -4  -3  -3  -5  -5  -4    3   0   5  64   4   4   4   1   1   4   1   0   6   0   0   1   0   0   0   0  1.29 0.52
  126 I    -1  -2  -2  -2   0  -1   0  -3  -2   1   3  -1   3  -1  -3   1   0  -1  -2   1    3   1   1   2   2   1   6   1   1   9  30   3  11   1   0  13   5   1   0   8  0.22 0.18
  127 K     0   1   0   1  -4   1   2  -2  -1  -2  -3   4  -1  -3   1  -1   0  -1  -2  -2    6   7   4   6   0   5  14   2   1   2   2  29   1   1   7   3   6   1   1   3  0.32 0.21
  128 D    -2   1   2   4  -4   0   2  -1   3  -3  -3  -1  -2  -3  -2  -1   0  -4   0  -3    3   8  12  30   0   3  11   5   8   1   2   3   1   0   1   4   5   0   5   1  0.45 0.25
  129 R    -3   7  -2  -3  -2   1   0  -1  -2  -4  -4   2  -1  -3  -1  -2  -3  -5  -3  -4    1  52   2   1   1   6   5   6   1   1   1  12   1   1   3   3   1   0   1   1  1.06 0.50
  130 K     0   3  -2  -3  -2   2   0  -1  -1  -1  -3   4  -1  -3  -3  -2  -2  -4  -3   1    7  15   1   1   1  11   6   4   1   4   2  29   1   1   1   2   1   0   1  10  0.43 0.29
  131 V    -2  -4  -2  -2  -1  -1  -2  -2  -4   1   0  -3   0  -4  -1  -1  -1  -5  -3   6    3   1   2   2   1   3   3   3   0   5   7   1   2   0   3   4   3   0   1  54  0.76 0.40
  132 K    -2   1  -1  -2  -3   0   0  -2  -3  -1  -3   4  -2  -1  -1   0   0  -2  -2   2    2   7   3   2   1   3   5   3   0   3   1  32   1   2   2   7   7   1   1  18  0.39 0.29
  133 A     2  -2   0   1  -2  -1   3  -3  -2  -3  -3  -1  -3  -1   1   1   1   1  -2  -2   20   2   3   8   1   2  22   1   1   1   3   2   1   3   8  11   7   2   1   2  0.33 0.27
  134 K    -1   2   0   2  -5   1   3  -3   0  -5  -4   4  -3  -4  -1  -1   0  -5  -2  -4    6   9   3   9   0   7  21   2   2   0   2  25   1   1   3   4   5   0   1   1  0.51 0.32
  135 S     3  -2  -1  -1  -3   2   0   2   1  -2  -3  -1  -2  -4  -2   1  -1  -5  -2  -2   27   2   2   3   1  11   6  17   4   3   2   3   1   0   1  10   4   0   1   2  0.36 0.28
  136 I    -1   0  -1  -2  -1   2   1  -2   0   3  -1   2   0  -1  -4  -1  -1  -2   0   1    5   4   2   2   1  10  11   2   2  18   6  12   2   2   0   4   4   0   3   8  0.18 0.18
  137 V     1   1   0   0  -1   1   1  -2  -1  -1  -1   1  -1  -2  -2  -1   1   2  -2   1   12   8   5   4   2   7   9   2   1   3   6   7   1   2   1   3  11   3   1  12  0.11 0.13
  138 F    -2  -4  -3  -5   3  -2  -1  -6  -2   0   2  -2  -1   7  -6  -4  -4   3   3  -3    4   1   1   1   5   2   4   0   1   5  17   3   1  40   0   1   1   4   9   1  1.01 0.49
  139 H     5  -1  -3  -3   0  -2  -3   0   6  -3  -2  -3  -2  -2  -2  -1  -3   1  -1  -3   40   3   1   1   2   2   1   6  21   2   4   1   1   2   2   5   2   2   2   2  0.83 0.48
  140 R    -1   5   0   2   1   2   2  -3   0  -3  -3   1  -2  -4  -3  -1  -2  -1  -3  -4    5  27   5  11   3  10  13   2   2   2   3   8   1   1   1   4   2   1   1   1  0.50 0.33
  141 K    -2   1  -1   0   0   2   3  -3  -1  -4  -4   5   1  -4  -3   0  -2  -2  -4  -5    3   6   3   4   2   9  19   2   1   1   2  31   3   1   1   7   2   1   1   1  0.63 0.41
  142 K    -1   0   2  -2   1  -1   0  -1   4  -1   0   2   1   0  -2  -2  -2  -4   2  -2    4   5  12   2   3   2   6   4   9   3  12  16   3   3   2   2   1   0   8   2  0.22 0.20
  143 N    -3  -2   5   1  -4  -2  -2   3   0  -1  -4   0  -2   0  -3   0  -3  -6  -3  -4    2   2  31   6   0   1   2  24   2   3   2   7   1   4   1   7   1   0   1   1  0.71 0.44
  144 L    -2  -4  -5  -5   0  -4  -6  -5  -4   5   4  -4   4   0  -5  -4  -2   1  -2   1    3   1   1   1   2   1   0   1   0  27  36   1   9   4   1   1   3   2   2   7  0.87 0.46
  145 Q    -1   1  -1  -1  -2   4   0  -3  -1  -3  -1   1   1  -1   4   0  -3  -5   0  -2    4   6   2   4   1  21   5   2   1   1   7   7   3   3  18   8   1   0   4   2  0.41 0.34
  146 Y    -4  -4  -2  -4  -1  -7  -7  -5   3  -3  -3  -4  -2   6  -8  -5  -4   0   8  -2    2   1   2   1   1   0   0   1   5   1   3   1   1  32   0   1   1   1  40   3  1.75 0.81
  147 Y    -4  -5  -6  -2   1  -6  -6  -7  -1   2   1  -6   4   5  -7  -4  -3  -2   7  -1    1   1   0   3   2   0   0   0   1  10  13   0   9  20   0   1   2   0  33   4  1.24 0.63
  148 D    -5  -3  -3   3  -8  -2   7  -5  -4  -6  -5  -3  -4  -5  -4  -5  -5  -7  -4  -3    1   1   1  16   0   1  68   1   0   0   1   2   0   1   1   1   1   0   1   2  1.82 0.93
  149 I    -2  -2  -6  -7   2  -6  -6  -5  -7   5  -2  -5   1  -2  -7  -3   6  -7  -4   1    3   2   0   0   3   0   0   1   0  27   3   0   3   2   0   1  45   0   0   8  1.30 0.71
  150 S    -4  -4  -5  -6   0  -6  -6  -6  -6  -8  -8  -6  -7  -8  -6   8  -2  -8  -7  -7    1   1   0   0   2   0   0   0   0   0   0   0   0   0   0  92   2   0   0   0  2.59 1.22
  151 A     6  -2  -4  -6  -1  -3  -6  -4  -3  -3  -4  -6  -5  -7  -1  -2  -2  -7  -6   2   70   2   1   0   1   1   0   1   1   1   1   0   0   0   3   2   2   0   0  12  1.48 0.78
  152 K    -4   1  -5  -6  -3  -1  -4  -7  -2  -2   0   7  -1  -5  -5  -5  -5  -7  -5  -4    1   7   0   0   1   2   0   0   1   2   9  71   2   1   1   1   0   0   0   1  1.79 0.87
  153 S     0  -4   2   3  -4  -2   2  -3  -2  -5  -3  -2  -1  -5  -5   4   3  -3  -5  -4    6   1   9  13   0   2  12   1   1   0   3   2   2   0   0  27  19   0   0   1  0.63 0.46
  154 N     1  -2   6   1   0  -4  -4   1  -1  -7  -5  -1  -3  -7  -5   1  -1  -7   0  -6   12   2  42   7   2   0   0  11   1   0   1   3   1   0   0  11   3   0   3   0  0.97 0.58
  155 Y    -3  -2  -2  -2  -2   0  -1  -5   2   1  -1  -1   0   1  -6  -1   2  -1   6  -1    1   2   1   3   1   4   5   0   5   9   7   3   2   6   0   5  13   1  28   4  0.57 0.39
  156 N    -6  -5   9  -2  -1  -3  -6  -2  -1  -9  -7  -3  -5  -7  -8  -4  -2  -9  -8  -8    1   0  83   2   1   1   0   4   1   0   0   2   0   0   0   1   3   0   0   0  2.65 1.16
  157 F    -5  -7  -7  -7  -1  -5  -7  -7  -7   3   1  -5  -3   5  -7  -3  -3  -2   0   6    0   0   0   0   1   0   0   0   0  16  10   1   0  19   0   2   1   0   3  45  1.29 0.63
  158 E    -4  -4   0   4  -3  -1   7  -4  -2  -7  -6   0  -5  -6  -6  -3  -3  -8  -7  -6    1   1   4  18   1   3  57   2   1   0   1   6   0   0   0   2   2   0   0   1  1.45 0.77
  159 K    -1  -1   0   0  -3   2   3  -5  -2  -3  -2   5  -2  -5  -5  -1   0  -7  -4  -4    5   2   5   6   1   9  21   1   1   1   4  34   1   0   0   3   5   0   0   1  0.71 0.47
  160 P     4  -3  -6  -6   0  -6  -6  -5  -7  -1  -1  -6   0  -7   6  -2  -3   1  -6   0   31   2   0   0   2   0   0   0   0   3   6   0   2   0  40   2   1   2   0   7  1.26 0.70
  161 F    -8  -9  -9  -9  -8  -9  -9  -9  -7  -4  -2  -9  -2  10  -9  -5  -8  -2   0  -5    0   0   0   0   0   0   0   0   0   1   4   0   1  89   0   1   0   0   2   1  3.20 1.22
  162 L    -3  -2  -1  -4  -3   1   1  -6  -1   0   4  -3   3   0  -5  -1   0  -2   0   0    1   2   3   1   0   6   9   0   1   5  42   2   6   4   0   4   6   1   3   5  0.51 0.36
  163 W    -1  -2  -2   0   1  -2   1  -4   1  -2  -2  -1  -1   0  -4   0   2   8   3  -3    5   2   2   6   3   2   9   1   3   3   4   4   2   3   1   6  12  21  11   1  0.68 0.42
  164 L    -4  -7  -8  -8  -6  -6  -7  -7  -7   3   6  -7   4  -2  -6  -7  -5   0  -6   0    1   0   0   0   0   0   0   0   0  15  63   0   9   2   0   0   0   1   0   6  1.51 0.70
  165 A     6  -5  -5  -6   2  -5  -5  -3  -1  -1   0  -5  -2  -3  -2   0   1  -6  -4   0   58   0   0   0   4   0   0   1   1   3   8   0   1   1   2   5   8   0   0   6  1.05 0.59
  166 R    -1   7  -2  -3  -1   1   1  -4  -1  -6  -4   2  -5  -7  -6  -1   0  -7  -2  -5    4  50   2   1   1   5   8   1   1   0   2  12   0   0   0   5   5   0   1   1  1.12 0.61
  167 K    -2   2  -1   1  -4   3   2  -4   0  -2  -2   4   0  -5  -5  -1  -2  -6  -4  -2    3  12   3   8   0  11  14   1   2   2   5  25   2   0   0   4   2   0   0   3  0.51 0.36
  168 L    -1  -5  -7  -7  -1  -6  -7  -5  -7   5   5  -6   1  -1  -7  -6  -5  -6  -2   0    5   1   0   0   1   0   0   1   0  30  50   0   3   2   0   0   0   0   1   6  1.26 0.60
  169 I     0  -4  -4  -5  -3  -4  -5  -5  -5   3   3   0   3   0  -3  -2   1  -4   1   1    7   1   0   0   0   0   0   0   0  19  29   6   7   4   1   2  10   0   4   8  0.51 0.33
  170 G     0   0   2  -1  -5   1   0   4   1  -4  -5   2  -3  -5  -4   0  -2  -5  -5  -4    8   5  10   4   0   6   6  34   4   1   1  15   0   0   0   5   1   0   0   1  0.60 0.37
  171 D    -3   3   3   5  -2   0   0  -4   0  -2  -4   2  -3  -3  -3  -2  -1  -6  -5  -5    2  14  13  35   1   4   4   1   2   3   1  10   0   1   1   3   4   0   0   1  0.75 0.43
  172 P     0   0   1   0  -4  -1   0  -4  -1  -3  -3   0   2  -3   5   0  -2  -2  -3  -2    6   5   6   5   0   3   6   1   2   1   3   7   6   1  33   8   2   0   1   3  0.59 0.37
  173 N    -1  -2   4   3  -2   0   0  -1   1  -4  -3   2  -3  -3  -2   1   0  -5  -4  -4    5   1  22  17   1   4   5   3   3   1   2  12   1   1   2  13   6   0   0   1  0.45 0.31
  174 L    -2  -2  -2  -3  -4   0   0  -4  -1   0   5  -1   1  -1  -3  -1  -2  -4  -3   0    3   2   2   2   0   4   6   1   1   3  56   4   2   2   1   4   3   0   1   5  0.62 0.38
  175 E    -2   1   0   0   1   3   4  -3   2  -3  -4   1  -4  -3  -3  -1  -1  -1  -3  -1    3   6   3   4   4  13  33   2   6   1   1   9   0   1   1   4   3   1   0   4  0.53 0.36
  176 F    -2  -2  -2  -2  -4  -1  -1  -3  -2  -1   1  -2  -1   6  -1  -1  -2   0   0  -1    2   2   2   3   0   3   5   2   1   3  14   2   1  38   4   6   3   1   2   5  0.54 0.33
  177 V     0  -3  -1  -2  -3  -2  -1  -2   0   2   0  -2   0  -3  -1  -1   0   0  -2   5    8   1   3   2   0   2   4   3   2   9   6   3   2   1   3   3   6   1   1  40  0.38 0.28
  178 A     3  -1  -1   0  -3   0   2   0  -1  -2  -3   0  -2  -3   2   1   1  -4  -1  -2   23   2   2   5   0   3  16   6   1   2   2   5   1   1   9  12   7   0   2   1  0.27 0.24
  179 M     1  -1   1  -1  -1   1   1  -2  -3  -1   0  -1   4  -1   0   1  -1  -4  -2  -1   10   3   7   3   1   6  10   3   0   3   9   2  16   2   4  13   3   0   1   3  0.19 0.22
  180 P    -1  -2  -1  -3   1  -2  -3  -3   0  -1  -4  -2  -3  -4   7   0  -1  -6  -5  -2    4   2   3   1   3   2   1   2   2   3   2   2   1   1  56   7   4   0   0   4  1.32 0.63
  181 A     4  -3   0   0  -2  -2   0  -1  -2  -2  -3  -1  -3  -5   0   1   0  -5  -3  -1   42   1   4   6   1   2   5   5   1   2   2   3   0   0   5  12   6   0   1   3  0.48 0.36
  182 L    -1  -2   0  -2   0  -2  -1  -2  -2   1   4  -2   0  -1   1  -1   0  -4  -3   0    4   2   5   2   2   1   3   4   1   6  41   2   2   3   7   4   5   0   0   6  0.28 0.23
  183 A     3   1  -2  -2   1   1  -1   0  -3  -1   0   0  -2  -2   0   0  -1  -4  -1   0   28   8   2   1   3   7   3   6   0   4   8   7   0   2   4   7   3   0   2   7  0.17 0.19
  184 P    -2  -1  -2  -3  -6  -4  -2  -2  -5  -5  -2  -1  -5  -3   7   1  -3  -6  -2  -3    3   3   2   2   0   1   3   3   0   1   4   3   0   1  60   9   2   0   1   2  1.47 0.70
  185 P     0  -3  -4  -4  -2  -1  -4  -5  -5  -4  -3   0  -2  -6   7   0  -1  -7  -4  -5    8   2   1   1   1   2   1   1   0   1   3   6   1   0  61   6   4   0   1   1  1.57 0.74
  186 E    -2  -1  -1   1  -5   0   5   0   0  -5  -3   0  -2  -5   0   0   1  -5  -3  -4    3   3   3   8   0   4  40   8   2   0   2   5   1   0   5   6   9   0   1   1  0.59 0.40
  187 V    -1  -2  -4  -3  -3  -1  -3  -3  -4   3   0  -3  -1  -1   0  -2   1  -2  -3   5    5   2   1   1   0   3   1   2   0  14   9   1   1   2   4   2   8   0   1  42  0.55 0.36
  188 V    -1  -1   0   0  -2   2   0  -2   2   0  -2   1  -1  -2  -1   0   2  -4  -2   2    4   3   3   5   1  12   5   3   7   4   3   7   1   1   3   7  13   0   1  16  0.15 0.18
  189 M    -2  -3  -4  -4  -2  -4  -2  -4  -4   4   2  -4   5   1  -3  -1   0  -4  -1   2    2   1   1   1   1   0   2   1   0  26  18   1  18   5   1   5   5   0   2  11  0.62 0.36
  190 D    -3  -1   0   7  -5   0   0  -2   0  -3  -3  -1  -5  -6  -2   0   0  -6  -5  -5    2   3   4  53   0   4   4   4   2   2   3   3   0   0   2   7   7   0   0   0  1.00 0.52
  191 P     0   0  -1  -1  -4   0   0  -1  -2  -2  -1   0  -1   0   5   0  -1  -5  -4  -2    8   6   2   3   0   4   7   4   1   2   6   5   2   4  34   6   3   0   0   2  0.53 0.32
  192 A     2  -1   1   2  -4   1   3  -1  -3  -4  -3   0  -3  -4  -3   2   0  -5  -3  -1   20   2   6  10   0   7  20   3   0   0   2   6   0   0   1  13   4   0   1   5  0.35 0.28
  193 L     0  -2  -2  -2  -1   1   0  -2  -2   1   2  -1   1  -2   1   0   1   1  -2   0    8   1   2   2   1   8   7   3   1   8  26   3   4   0   6   7   8   2   1   4  0.13 0.16
  194 A     1  -1  -2   0  -2   2  -1  -2  -1   1   0  -1   3   0  -2   0   0  -1  -1   1   16   3   0   6   0  10   3   2   1   7   8   3  10   3   1   6   6   1   2  12  0.11 0.16
  195 A     4   0  -1  -2   0   3   2  -3   0  -3  -3   1  -2  -5  -2   0  -1  -5  -4   0   35   4   2   1   2  15  11   1   2   0   2   9   1   0   2   5   2   0   0   6  0.47 0.36
  196 Q    -2   1  -2  -2  -6   7   2  -5  -4  -3  -2   3  -2  -6  -3  -1  -2  -6  -5  -4    3   7   1   2   0  47  10   0   0   2   4  17   1   0   1   4   2   0   0   1  1.09 0.61
  197 Y    -1   0  -2  -2   1   0  -3  -5   4   1   1   0   2  -1  -5  -2  -2  -3   5  -1    4   6   1   2   3   4   1   0  10   9  13   6   5   1   0   3   2   0  26   3  0.46 0.33
  198 E    -1   1  -1  -1  -6   1   6  -4  -4  -3  -3   1  -3  -4  -1  -1  -3  -6  -5  -5    6   6   3   2   0   5  57   1   0   2   2   8   0   1   2   5   1   0   0   0  1.02 0.57
  199 H     1   2   0   0  -3   2   2  -3   4  -4  -3   3  -3  -3  -1  -1  -3  -5  -3  -3   14  11   5   6   1   9  13   0  12   0   3  18   0   1   2   3   0   0   0   1  0.43 0.31
  200 D    -2  -4   1   4   0   1   5  -2  -1  -6  -5  -1  -2  -6  -4  -3  -2  -6  -3  -5    4   0   7  26   2   5  45   2   1   0   1   2   1   0   0   1   2   0   1   0  1.04 0.55
  201 L    -2  -1  -5  -5  -1  -2  -2  -5  -2   1   4  -3   3   1  -2  -3  -2   1   0   0    2   5   0   0   1   2   3   0   1   5  53   1   9   5   2   2   2   2   3   4  0.60 0.36
  202 E     1  -1   0   0  -4   3   4  -3  -2  -2  -2   2  -1  -2  -3   0  -2  -4  -2  -1   12   1   4   4   0  14  29   1   0   3   2  13   1   2   0   7   1   0   1   5  0.40 0.30
  203 V     1   0   0   0   1   2   2  -3  -2  -1  -1   1  -1  -2  -2  -1   0  -4  -1   1   15   4   4   4   3  10  18   1   0   1   4   7   2   1   1   3   5   0   3  15  0.16 0.18
  204 A     6  -2  -2  -5   3  -4  -3  -2  -4  -3  -3  -4  -4  -5  -2   0  -3  -5  -2  -2   74   2   2   0   5   0   1   2   0   1   2   0   0   0   1   5   1   0   1   2  1.21 0.60
  205 Q     3   2  -1  -1  -4   4   1  -1  -2  -3  -1   1   1  -4  -2  -1  -2  -1  -3  -2   28  11   2   3   0  21   8   4   0   1   5   6   5   0   1   3   1   1   0   1  0.36 0.29
  206 T     1   0   2  -1  -2  -1   0  -1  -1   0  -2   1  -2  -3  -1   2   2  -4  -2  -2   14   5  13   2   1   1   4   3   1   9   1  11   1   0   2  18  14   0   1   0  0.23 0.21
  207 T     0  -2   0  -1  -3   2  -1  -2   0   0  -1  -1   1  -1  -1   0   2  -4  -2   1    7   1   5   2   0  14   3   2   3   5   3   3   5   3   2   6  20   0   0  15  0.16 0.19
  208 A     3  -3  -1   1  -4  -3   0  -3  -4  -5  -5  -3  -4  -6   6  -2  -2  -6  -5  -3   31   1   3   7   0   0   5   1   0   0   0   0   0   0  47   2   1   0   0   1  1.26 0.54
  209 L    -4  -4  -4  -5  -4  -4  -3  -6  -5   3   5  -5   1  -2  -5  -4  -3  -4  -3   1    0   0   1   0   0   0   2   0   0  18  68   0   2   0   0   0   0   0   0   6  1.09 0.46
  210 P    -3  -2  -2  -4  -6  -4  -1  -5  -2  -6  -4  -4  -5  -6   8  -1  -3  -7  -6  -3    1   2   2   0   0   0   4   0   1   0   2   0   0   0  80   4   1   0   0   1  2.22 0.74
  211 D    -3  -4  -1   7  -7  -2   4  -3  -4  -6  -6  -2  -6  -6  -4  -3  -4  -7  -3  -6    2   0   1  70   0   0  24   1   0   0   0   1   0   0   0   0   0   0   1   0  1.75 0.62
  212 E    -2  -3  -1   6  -6   1   5  -3  -3  -3  -5  -2  -4  -6  -4   0  -2  -6  -5  -2    1   0   1  45   0   4  37   1   0   1   0   0   0   0   0   5   1   0   0   3  1.13 0.46
  213 D    -3  -4   0   7  -6  -2   3  -2   0  -6  -6  -2  -5  -6  -4  -3  -3  -7  -5  -6    2   0   4  72   0   0  17   2   2   0   0   2   0   0   0   0   0   0   0   0  1.58 0.54
  214 D    -3  -3   0   6  -5  -2   3  -2  -3  -5  -5  -1  -5  -5  -3   1  -3  -6  -2  -5    0   0   3  59   0   0  23   1   0   0   0   3   0   0   0   9   0   0   2   0  1.20 0.43
  215 D    -1  -4   0   7  -5  -2   2  -3  -3  -5  -6  -3  -5  -6  -4  -1  -3  -6  -5  -4    4   0   1  79   0   0  12   0   0   0   0   0   0   0   0   3   0   0   0   1  1.58 0.47
  216 L    -3  -4  -5  -6  -3  -4  -5  -6  -5   1   6  -4   0   2  -5  -4  -3  -3  -2   0    0   0   0   0   0   0   0   0   0   3  86   0   0   7   0   0   0   0   0   4  1.11 0.36

                      K         Lambda
Standard Ungapped    0.1384     0.3208
Standard Gapped      0.0420     0.2670
PSI Ungapped         0.1373     0.3178
PSI Gapped           0.0420     0.2670
