
Last position-specific scoring matrix computed, weighted observed percentages rounded down, information per position, and relative weight of gapless real matches to pseudocounts
            A   R   N   D   C   Q   E   G   H   I   L   K   M   F   P   S   T   W   Y   V   A   R   N   D   C   Q   E   G   H   I   L   K   M   F   P   S   T   W   Y   V
    1 M    -6  -7  -8  -8  -7  -6  -7  -8  -7   2  -3  -7  11  -5  -8  -7  -6  -7  -6  -4    0   0   0   0   0   0   0   0   0  10   0   0  90   0   0   0   0   0   0   0  3.48 1.23
    2 P     2  -4  -3   3  -5  -3   3  -4  -4  -5  -6  -3  -5  -6   4   1   0  -7  -6  -1   19   0   1  14   0   0  23   0   0   0   0   1   0   0  21  10   7   0   0   5  0.75 0.49
    3 N     1  -3   3   4  -4   4   1  -4  -3  -4  -5   2  -5  -4  -2   1  -3  -6  -5  -3   14   1  15  21   0  17   6   1   0   1   1  11   0   1   2   8   0   0   0   2  0.61 0.44
    4 F    -6  -8  -8  -8  -4  -8  -8  -8  -6   2   2  -8  -1   8  -8  -7  -7   0   2  -3    0   0   0   0   0   0   0   0   0   9  19   0   1  61   0   0   0   1   6   2  2.01 0.87
    5 A     0  -3   2  -1   2   0   0  -3  -3   1   0  -2  -2  -1  -3   1   1  -5  -3   2    9   0  11   3   5   3   5   1   0   7  11   2   0   2   0  12   9   0   0  18  0.19 0.22
    6 G    -3  -8  -5  -5  -4  -7  -8   8  -8  -9  -9  -4  -8  -9  -8  -4  -5  -8  -9  -9    2   0   0   1   0   0   0  94   0   0   0   1   0   0   0   1   0   0   0   0  2.71 1.15
    7 T    -4   0  -1  -4  -3  -3  -2  -5  -2  -3  -5   5  -4  -5  -6   0   5  -7  -1  -2    1   5   3   0   0   0   2   0   1   1   0  32   0   0   0   8  39   0   3   2  1.08 0.68
    8 W    -9  -9 -10 -11  -4  -8  -9  -9  -7  -9  -8  -9  -8   2 -10  -9  -9  12   6  -9    0   0   0   0   1   0   0   0   0   0   0   0   0   6   0   0   0  68  25   0  4.07 1.57
    9 K    -4   1   1   0  -5   3   1  -6   0  -2  -6   6  -4  -7  -6  -3  -1  -7  -5  -3    1   6   6   4   0  11   8   0   2   2   0  51   0   0   0   1   4   0   0   2  1.12 0.68
   10 M    -5  -3  -4  -5   0  -1  -5  -7   1   0   5  -5   5   1  -6  -3  -5  -3   0   0    0   1   1   1   2   3   1   0   4   4  51   0  16   5   0   2   0   0   3   6  1.02 0.59
   11 R    -2  -3  -3   2  -1  -1   2  -5   0   2  -2   0  -2  -2  -3  -1   0  -5   2   4    2   1   1  10   1   2  14   0   2  10   3   6   1   1   1   4   5   0   6  29  0.39 0.35
   12 S    -2   2  -1   1  -4  -2   1  -3   0  -5  -6   3  -5  -5  -5   5   0  -4  -4  -4    2  12   2   8   0   1  10   1   2   0   0  16   0   0   0  37   5   0   0   1  0.74 0.54
   13 S    -2  -4   2  -3   0   3  -2  -3  -3  -5  -7  -3  -4  -3  -6   6  -1  -8  -5  -4    3   0  10   1   2  11   2   1   1   0   0   1   0   1   0  60   3   0   0   2  1.28 0.81
   14 E    -5  -4  -3   4  -6   0   7  -7  -2  -6  -8   0  -4  -6  -5  -5  -3  -8  -6  -2    1   1   1  17   0   3  66   0   1   0   0   5   1   0   0   0   1   0   0   3  1.75 0.94
   15 N    -7  -4   9  -3  -4  -4  -6  -1   0  -8  -7   0  -5  -4  -8  -4  -5  -9  -7  -7    0   1  81   1   1   1   0   5   2   0   1   6   0   1   0   1   0   0   0   0  2.50 1.17
   16 F    -5  -6  -8  -7  -5  -8  -8  -6  -4  -3   1  -6   2   9  -6  -7  -6   2   4  -4    1   0   0   0   0   0   0   1   0   1  11   0   5  66   1   0   0   2  10   1  2.14 0.96
   17 D    -5  -4  -2   7  -9  -2   5  -4  -5  -8  -6  -4  -8  -8  -7  -5  -5  -9  -6  -6    1   1   2  55   0   1  35   1   0   0   1   1   0   0   0   0   0   0   0   0  1.97 0.98
   18 E     1  -4   0   3  -7  -2   6  -1  -2  -6  -7   0  -5  -5  -2  -2  -4  -7  -6  -4   13   0   4  16   0   1  48   4   1   0   0   5   0   0   2   2   1   0   0   1  1.10 0.68
   19 L    -7  -8  -8  -6  -8  -7  -8  -6  -5  -2   0  -8  -4   6  -9  -6  -6  -4   9  -3    0   0   0   0   0   0   0   1   0   2  10   0   0  29   0   1   0   0  54   2  2.30 1.06
   20 L    -6  -7  -7  -9  -3  -7  -8  -9  -8  -3   5  -7   8   1  -8  -6  -5  -4  -4  -2    0   0   0   0   1   0   0   0   0   0  51   0  38   5   0   0   0   0   0   2  2.05 1.00
   21 K    -1   1  -2  -2  -5   0   1  -4  -2  -3  -5   7  -4  -6  -6  -2  -2  -8  -5  -3    5   6   2   2   0   4   8   1   1   2   1  60   0   0   0   3   3   0   0   2  1.27 0.75
   22 A     5  -2  -3  -3  -4   0   4  -4  -3  -5  -6   1  -4  -5  -5  -2  -2  -7  -5  -2   51   2   1   1   0   3  23   1   1   0   0   7   0   1   0   2   3   0   0   3  1.04 0.69
   23 L    -2  -5  -4  -7   0  -4  -6  -7  -6   3   5  -5   4  -2  -5  -5  -2  -6  -3   2    3   1   1   0   2   1   0   0   0  16  47   0  11   2   0   1   3   0   1  12  1.02 0.58
   24 G    -4  -6  -2   1  -5  -6  -2   7  -7  -8  -8  -4  -7  -8  -7  -3  -5  -7  -8  -7    1   0   2   8   0   0   3  81   0   0   0   1   0   0   0   2   1   0   0   0  2.11 1.00
   25 V    -1  -6  -5  -7  -3  -6  -5  -7  -7   3   1  -4   1  -3  -6  -6  -3  -4  -3   6    5   0   1   0   1   0   1   0   0  16  10   1   3   1   0   0   1   0   1  58  1.35 0.71
   26 N    -3  -5   5   1  -4  -5  -3   5  -4  -5  -5  -4  -5  -7   3   1  -3  -7  -6  -7    2   0  27   6   0   0   1  34   0   1   1   1   0   0  13  11   1   0   0   0  1.10 0.67
   27 A    -1  -4  -4   0  -5  -3   0  -4  -2   0   1  -3   4   5  -2  -3  -3   3   3   0    5   1   0   6   0   1   7   1   1   6  10   1   9  27   3   2   1   4   8   6  0.55 0.39
   28 M     3  -5  -3   0  -4  -3   1  -4  -5   2   1  -3   3   1  -2  -3  -2  -5  -3   2   25   0   1   6   0   1   8   1   0  12  14   1   8   6   2   1   2   0   0  13  0.39 0.35
   29 L     0  -2  -3  -4  -3  -1  -3  -4  -2   1   2   1   3   0  -2  -2   3  -1  -2   0    6   1   1   1   0   2   1   1   1   7  23  10   9   3   2   3  20   1   1   7  0.34 0.31
   30 R    -3   8  -5  -6  -2  -3  -4  -6  -3  -2  -5  -1  -3  -6  -6  -5  -4  -3  -3  -4    2  80   0   0   1   1   1   1   1   3   1   3   1   0   0   1   1   0   1   2  2.25 1.03
   31 K    -2  -1  -1  -3  -5   3  -1  -4  -3  -5  -4   7  -1  -5  -4  -2  -1   0  -4  -5    3   2   3   2   0  11   3   1   1   1   2  60   2   0   1   2   4   1   1   1  1.30 0.70
   32 V     1  -3  -5  -3  -4  -4  -4  -4  -5   4   2  -3   6  -1  -5  -3  -2  -5  -4   3   11   1   0   2   0   1   1   1   0  22  20   2  18   2   0   1   2   0   0  16  0.74 0.45
   33 A     5  -4  -3  -4  -3  -2  -4   3  -5  -1  -3  -3   2  -4  -4  -2  -3  -5  -4   0   50   1   1   1   0   2   1  19   0   3   2   1   4   1   1   2   1   0   1   8  0.89 0.57
   34 V     0   0   2  -1   3   0  -1   0  -1  -1   0   1   1  -2  -1   1   0  -1  -1   0    8   4  11   2   7   3   2   9   1   3   8  10   4   1   2  10   4   1   2   7  0.08 0.09
   35 A     2   0  -1  -2  -2  -1  -1  -1   1   0   1   0   3  -1  -1   1   0  -1  -1   0   19   4   3   1   0   2   3   5   4   4  17   5   8   2   2  10   4   1   1   5  0.11 0.12
   36 A     3  -2   2   0  -2  -1  -2  -1  -2  -1   1   0   0  -2  -2   0   0   0  -3   0   26   1   9   4   1   2   2   3   1   3  16   7   2   1   1   5   6   1   0   6  0.18 0.20
   37 A     0   0   2   0  -2  -1  -1  -1  -1  -1  -2   1   0  -2  -2   2   2  -3  -2   0    6   5   9   6   1   3   3   4   1   2   4   8   3   2   2  18  13   0   1   8  0.15 0.15
   38 S     0  -2  -1  -1  -2  -1  -2  -2  -1   1   0  -1   1  -1   1   2   2  -3  -1   1    9   1   2   3   1   3   2   3   2   7   9   2   3   2   7  20  14   0   1   8  0.16 0.15
   39 K    -3   1   1  -2  -4  -1  -1  -4  -1  -2  -4   6  -3  -3  -3   0   1  -3  -2  -3    2   6   5   2   0   2   3   1   1   2   2  50   1   1   1   8   9   0   2   2  0.89 0.50
   40 P    -3  -5  -3  -5  -2  -2  -3  -4  -5  -3  -3  -1  -1  -6   8  -3  -2  -6  -2  -2    2   0   1   1   1   2   2   1   0   2   4   3   1   0  68   2   3   0   2   3  1.86 0.90
   41 H    -2  -1   0   1  -2   1   1  -4   1   1  -3  -2  -2  -4  -3   0   4  -5  -1   2    2   4   4   9   1   5   9   1   3   7   2   2   1   1   1   6  30   0   2  12  0.40 0.36
   42 V    -3  -4  -4  -5   2   0  -3  -5  -2   3   2   0   2  -1  -5  -2   1  -3  -2   3    1   0   1   0   4   5   1   0   1  16  19   7   5   3   0   2   8   0   1  24  0.46 0.35
   43 E    -3  -4  -3   0  -4  -2   5  -5  -2   3  -4  -1  -3  -5  -5  -1   3  -6  -3   1    1   0   1   5   0   1  40   1   1  14   1   3   1   0   0   3  15   0   1  10  0.80 0.56
   44 I    -5  -6  -7  -7  -3  -6  -7  -6  -1   7   0  -4  -2   2  -7  -5  -5  -3   0   1    0   0   0   0   1   0   0   1   2  65   8   2   1   7   0   1   0   0   3   8  1.64 0.78
   45 R    -2   0  -1   0  -1   0   1  -4  -2  -2  -3   2  -4  -3  -4   3   3  -5  -3  -1    2   4   2   5   2   3  11   1   1   3   2  12   0   1   0  26  19   0   1   5  0.43 0.39
   46 Q    -2   0  -1  -1  -1   5   1  -4   1   0  -1   2  -1  -3  -2  -2  -2  -5  -3   2    2   4   3   3   1  27   7   1   3   6   6  12   1   1   2   2   2   0   1  15  0.45 0.39
   47 D    -1  -4   4   5  -2  -1   3  -4  -2  -5  -4  -1  -6  -5  -4   0  -1  -7  -5  -3    5   0  19  34   1   3  16   1   1   1   2   3   0   0   0   6   4   0   0   2  0.88 0.56
   48 G    -3  -4   0   2  -4  -4   0   6   0  -6  -6  -3  -7  -7  -2  -3  -3  -3  -7  -6    1   1   4  12   0   0   6  63   2   1   1   2   0   0   3   1   2   0   0   1  1.40 0.74
   49 D    -5  -4   3   7  -3  -2   2   2  -5  -7  -7  -1  -7  -7  -5  -3  -3  -7  -7  -5    1   1  12  53   1   1  11  12   0   0   0   3   0   0   1   2   2   0   0   1  1.43 0.76
   50 Q    -2   0   1   0  -3   1   1  -1   3  -2  -3   3  -2  -4  -4   0   3  -3  -1   0    2   3   6   5   0   6   8   4   8   2   3  19   1   1   0   6  17   0   2   7  0.30 0.29
   51 F    -5  -6  -7  -7  -4  -6  -7  -5  -3   2  -1  -6   3   5  -7  -5  -4   8   5   1    1   0   0   0   0   0   0   1   0  12   6   0   6  22   0   1   1  21  15  11  1.43 0.71
   52 Y    -2  -1  -1  -3   2  -2  -2  -4   1   0  -3   2  -2  -3  -5   1   5  -5   0   1    2   4   3   1   4   1   2   1   4   5   1  13   1   1   0  10  32   0   4  12  0.51 0.42
   53 I    -4  -6  -3  -7  -3  -4  -6  -7  -4   6   2  -5   4   2  -6  -5  -3  -1  -3   2    1   0   2   0   1   1   0   0   0  44  16   1   9   8   0   1   1   1   1  13  1.17 0.60
   54 K    -3   3   0  -2  -3   0  -1  -4  -1   0  -2   5  -3  -4  -2  -1   2  -6  -2  -1    1  13   5   2   1   3   3   1   2   5   3  37   0   1   2   3  13   0   1   4  0.63 0.45
   55 T    -3  -3  -1  -4  -4  -1  -2  -5   0   1  -2  -3   1  -2  -5   2   6  -6  -3   0    1   1   3   0   0   3   3   1   2   9   3   1   3   2   0  13  48   0   1   5  0.92 0.62
   56 S    -2  -1   0   0  -2   1   2  -3   0   1   0   2  -1  -2  -3   1   2  -2  -1   0    1   2   4   4   1   6  12   1   3   7  10  13   1   2   1  14  11   1   2   7  0.16 0.21
   57 T    -1  -4  -1  -4  -2  -5  -3  -2  -6  -2  -5  -4  -1  -6  -3   5   5  -7  -4  -2    6   1   3   1   1   0   1   3   0   3   1   1   1   0   2  37  37   0   1   3  1.06 0.71
   58 T     0  -4  -1  -4  -3  -4  -4   1  -3   0  -2  -1   0  -3   3   2   5  -6  -3  -1    6   1   2   1   1   0   1  11   0   5   3   3   3   1  14  13  32   0   1   3  0.57 0.46
   59 V    -3  -4  -4  -4  -5  -4  -2  -2  -1   1   1  -4   1   6  -2  -1  -3  -4  -1   2    2   1   1   1   0   1   3   3   2   7  15   1   4  37   3   5   1   0   2  14  0.74 0.46
   60 R    -4   5  -3  -3  -2   0  -3  -1   0  -3  -4   6  -1  -1  -5  -2  -2   1  -4  -5    1  27   1   1   1   4   1   5   3   2   1  40   2   3   0   3   2   2   1   1  1.00 0.62
   61 T    -3  -3   5   0  -3  -3  -2  -5  -3  -4  -6   0  -4  -4  -4   2   5  -3  -6  -2    2   1  27   4   1   1   2   1   1   1   0   5   0   1   0  14  37   0   0   3  1.03 0.68
   62 T    -2   1   0  -2  -2   1  -1  -3   2   0  -2   0  -1  -1  -3   1   3  -2   2   0    2   9   5   1   1   6   3   1   6   5   4   7   2   3   1   9  23   1   6   7  0.24 0.26
   63 E    -2  -2  -1   1  -3   0   5  -4   1  -2  -4   0  -3  -3  -3   0   1  -2  -3   1    3   2   3   7   1   4  41   1   3   2   1   5   0   1   1   6   9   1   1  10  0.62 0.47
   64 I    -2  -2   0  -1   0  -1  -3  -4   0   4   1  -4   3   0  -4   0   0   1  -1   2    2   2   6   3   2   3   1   1   2  25  11   0   7   4   0   7   5   2   2  12  0.30 0.26
   65 N    -2   0   1   1  -2  -1   2  -3  -1  -1  -3   3  -4  -3  -3   3   2  -1  -4  -1    3   5   7   6   1   1  14   1   1   3   2  16   0   1   1  20  12   1   0   5  0.37 0.34
   66 F    -5  -7  -7  -7   0  -7  -7  -4  -6  -2  -3  -7  -2   9  -5  -4  -6  -1   1  -4    1   0   0   0   2   0   0   2   0   2   2   0   1  81   1   2   0   1   3   1  2.64 1.12
   67 K    -3   1  -1  -1  -2   0   0  -5  -1  -3  -3   5  -3  -4  -3  -1   3  -6  -3  -1    2   7   3   4   1   3   6   0   1   1   2  39   1   1   1   3  20   0   1   5  0.72 0.50
   68 V    -4  -6  -4  -4  -5  -5  -4  -5  -3   3   5  -6   0  -1  -1  -4  -4   0  -3   2    1   0   1   1   0   0   1   1   1  16  53   0   2   2   4   1   0   1   1  13  0.99 0.56
   69 G    -3  -4   3   2  -6  -4  -4   7  -6  -7  -7  -5  -3  -7  -6  -3  -4  -7  -7  -7    2   1  12   9   0   1   1  68   0   0   0   0   1   0   0   1   1   0   0   0  1.73 0.85
   70 E    -3  -3  -3  -2  -3   3   6  -5  -3  -3  -4   2  -1  -6  -5  -3  -1  -6  -5   2    2   1   1   1   1  10  46   1   1   1   1  12   2   0   0   1   4   0   0  14  0.98 0.63
   71 G    -2  -3  -2  -1  -4  -1   7  -4  -5  -5  -4  -1  -4  -5   2  -3  -2  -6  -4  -2    3   1   2   3   0   3  64   2   0   1   2   4   0   1   9   1   2   0   1   3  1.38 0.79
   72 F    -3  -5  -4  -7  -1  -3  -4  -7  -3  -2  -3  -4  -2   9  -7  -4  -2   0   3  -1    3   1   1   0   1   1   1   0   1   2   2   1   1  65   0   2   3   1   8   5  1.85 0.85
   73 E    -3  -3   0   4  -4   1   5  -4  -1  -3  -3   0  -3  -4  -2  -3   1  -6  -3  -2    1   1   4  25   0   5  36   1   1   2   3   5   0   1   2   2   7   0   1   4  0.81 0.53
   74 E    -4  -3  -2   1  -2   0   6  -3   1  -1  -3  -1  -1  -2  -5  -1  -2  -6   0  -3    1   1   1   8   1   4  53   2   3   4   3   3   2   2   0   4   3   0   4   2  0.96 0.61
   75 E    -2  -1   0   2  -2   0   3  -4   1  -1  -3   1   0  -3  -3  -1   4  -5  -3   0    2   3   5  10   1   3  16   1   3   4   2   9   2   1   1   4  24   0   1   7  0.35 0.32
   76 T    -1   1   0  -2  -4  -3  -3  -3  -2  -2   0  -3   1  -3  -3   0   6  -5  -5  -2    4   8   5   3   0   1   1   3   1   2   9   1   4   1   1   6  49   0   0   2  0.82 0.56
   77 V     1  -3  -4  -4  -4  -2  -2  -3  -2   1   1  -2   4   0   4  -2  -2  -1  -2   2   13   1   1   1   0   2   3   2   1   8  15   2   9   4  20   2   1   1   1  13  0.42 0.32
   78 D    -4  -3   1   7  -6  -1  -2  -1  -2  -4  -5  -3  -3  -6  -4  -1  -1  -7  -6  -3    2   2   5  63   0   3   2   5   1   1   2   2   1   0   1   4   3   0   0   2  1.46 0.76
   79 G    -3  -3   2   1  -2  -4  -2   6  -3  -4  -5  -2  -1  -4  -4  -3  -3  -1  -4  -5    2   2   8   9   1   1   3  62   1   1   1   2   2   1   1   2   1   1   1   1  1.28 0.69
   80 R    -3   6  -1  -3  -1   0   0  -1   0  -4  -3   1  -2  -4  -5  -3   0  -6  -3  -1    2  48   2   1   2   3   6   6   2   1   3   8   1   1   0   1   6   0   1   6  0.90 0.56
   81 K    -3  -1   0  -1  -3   1   1  -3   1  -2  -4   5   0  -4   1  -2   0  -1  -2  -1    2   2   3   3   1   6   9   2   4   2   1  40   2   1   6   2   6   1   1   5  0.60 0.45
   82 C    -1  -2  -3  -4   6  -2  -3  -3  -2   0   0  -2   3   0  -5  -3   0   0  -1   4    5   2   1   1  16   2   2   2   1   5   9   2   8   4   0   1   6   1   2  29  0.59 0.40
   83 R    -4   1   0  -2  -6   2  -2  -3  -2  -3  -4   6   1  -1  -3  -2   1  -1  -2  -3    1   6   4   2   0   7   2   2   1   2   2  49   4   3   1   3   8   1   1   2  0.90 0.59
   84 S     1  -3   0  -4   4  -2  -4  -1  -2  -3  -4  -2   0  -3  -4   4   4  -6  -3  -1    9   1   4   1   9   2   1   5   1   1   1   2   2   1   0  32  21   0   1   5  0.66 0.51
   85 L    -2  -3  -3  -5  -1  -3  -4  -5  -2   2   2  -1   2  -2  -5  -1   4  -2  -3   3    2   2   1   0   1   1   1   0   1  13  15   4   5   2   0   4  28   1   1  18  0.58 0.43
   86 P     0  -4  -6  -5   2  -5  -5  -4  -5   3  -2  -3   1   3   1  -2   0   3   1   4    8   1   0   0   4   0   0   2   0  16   2   2   3  11   7   2   6   3   4  29  0.57 0.41
   87 T    -1   1   1  -3  -4  -2  -2  -4  -2  -2  -4   1  -2  -3  -3   1   6  -1  -2  -1    4   8   7   1   0   2   3   1   1   3   1   8   1   1   1   8  42   1   1   5  0.70 0.53
   88 W    -2   0  -4  -7  -3  -2  -2  -6  -6   0   3  -1   3   3  -5  -3  -2   8   1   0    3   5   1   0   1   2   3   0   0   4  24   3   7   9   1   2   2  21   3   7  0.88 0.53
   89 E    -4  -4  -1   5  -5  -2   6  -4  -4  -4  -4  -1  -1  -2  -6  -4  -2  -1  -4  -3    1   1   3  26   0   2  47   1   0   1   2   3   1   2   0   1   3   1   1   2  1.25 0.77
   90 N    -4  -4   3   2  -3  -4   0   6  -3  -6  -6  -3  -2  -7  -4  -1  -1   1  -6  -4    1   1  12  12   1   0   7  48   0   0   1   2   1   0   1   4   4   2   0   2  1.04 0.62
   91 E    -3  -4   4   6  -3  -2   1   3  -5  -7  -5  -3  -3  -5  -2  -3  -2  -7  -6  -6    2   1  16  36   1   2   9  23   0   0   1   2   1   1   2   2   2   0   0   0  1.04 0.63
   92 N    -2   0   3   0  -5  -1  -2   1  -1  -4  -3   5  -4  -3  -3   0   0  -5  -3  -2    3   4  11   4   0   2   2  12   1   1   2  36   0   1   1   7   7   0   1   3  0.57 0.42
   93 K    -4  -2  -5  -4  -3  -2  -4  -6  -5  -1   5   4   3  -1  -4  -4  -1   2  -4  -2    1   2   0   1   1   1   1   0   0   3  45  25   7   3   1   1   4   2   0   2  0.91 0.58
   94 I    -4  -4  -4  -5  -2  -2  -5  -6  -3   5   3  -2   2  -1  -6  -5  -2  -1  -4   4    1   1   1   1   1   2   1   0   1  26  24   3   4   2   0   1   3   1   0  28  0.87 0.50
   95 H    -2  -2  -3  -3   3   3   0  -4   5   2  -1  -2   0  -3  -4  -1   1  -3  -1   2    2   2   1   1   5  15   6   1  15  11   5   2   2   1   1   5  10   0   2  12  0.42 0.34
   96 C    -2  -1  -1  -2   4   2   0  -3   2   1  -1   0   0  -1  -4  -2   1  -1  -2   3    2   3   3   2   9   9   7   2   5   6   4   6   2   2   1   2   9   1   1  22  0.26 0.24
   97 T    -2  -1  -1  -1  -4   5   2  -2  -1  -1  -2   0   0  -3  -3  -1   2  -3  -2   0    2   3   3   3   0  30  11   4   2   3   3   5   2   1   1   4  13   0   1   7  0.50 0.41
   98 Q    -2   1  -1  -2  -2   5   0  -2  -1  -2  -2   2   0  -2   0  -1   1  -3  -2  -1    3   6   3   2   1  29   5   3   1   3   3  13   2   2   4   5   7   0   2   4  0.44 0.32
   99 T     0   0  -1  -1  -1  -1  -1   1  -1  -1  -1   1   0   0   1   0   2   0  -1   0    6   5   3   4   1   3   4  11   1   4   5   8   2   4   7   6  16   1   1   7  0.07 0.09
  100 L     0  -1   0   1   0   0   0  -1   0   0   0   0   0  -1   2   0   0  -1  -1   0    6   3   3   8   3   4   8   5   2   5  10   5   3   3  11   6   6   1   2   6  0.05 0.04
  101 L     0   1   0   0  -1   1   0   0  -1   0   0   1  -1  -1   0   0   0  -2  -1   0    5   7   5   6   1   7   6   6   1   8   8  11   1   2   5   6   6   0   2   7  0.03 0.04
  102 E    -1  -1   1   3  -4  -1   2  -1  -1  -3  -4   4  -3  -4   0   0  -1  -1  -2  -3    4   3   7  15   0   2  13   6   1   1   2  25   0   1   5   5   3   1   1   2  0.42 0.29
  103 G    -1  -3  -2   1  -3  -3  -1   4  -3  -4  -4   1  -3  -4  -1   1  -2   7  -3  -3    5   1   2   9   1   1   5  31   1   1   2   7   1   1   4  10   3  14   1   2  0.67 0.40
  104 D    -3  -1   3   5  -3  -2   2  -1  -2  -5  -4   2  -2  -4  -2  -1  -2  -5  -4  -4    2   4  15  31   1   2  14   5   1   1   2  10   1   1   2   4   3   0   1   1  0.69 0.42
  105 G    -1  -1   0   0  -3  -2  -1   5  -1  -3  -3   2  -2  -3  -2  -1  -2  -4  -3  -2    4   3   4   6   1   2   4  44   1   2   4  11   1   1   2   5   2   0   1   3  0.63 0.37
  106 P    -2   0  -1  -2  -3  -1  -1  -3  -3  -2  -2   6  -3  -2   2  -2  -2  -5  -3  -2    3   3   3   2   1   2   4   2   1   2   5  47   1   2  11   3   3   0   1   3  0.80 0.53
  107 K    -2  -2   1   2  -3   0   3  -3  -3  -2  -3   2  -1  -4   1   0   0  -5  -4   0    4   2   6  10   0   3  23   2   0   3   2  13   1   1   8   7   6   0   0   7  0.33 0.30
  108 T     0   0  -3  -4  -1   1  -4  -4   0   1  -1  -3   0   0  -2   2   4  -5  -3   1    6   6   1   1   1   6   0   1   2   7   6   1   2   3   2  17  26   0   1  11  0.39 0.38
  109 Y    -3  -1  -3  -3  -1  -3  -2  -1   0   1  -2   2  -3  -2  -5   0   5  -3  -1   2    2   4   1   1   1   1   2   6   2   7   3  11   1   2   0   5  35   0   2  12  0.50 0.43
  110 W    -3  -1  -2  -6  -3  -5  -5  -5   1   5   0  -6   1   1  -6  -2   0   7   0   2    3   3   2   0   1   0   1   1   4  35   6   0   3   5   0   3   6  12   3  11  0.86 0.52
  111 T    -3  -1  -4  -2  -3  -3   1  -6  -2   2  -3   1  -3  -4  -5  -2   5  -4  -1   3    2   4   1   3   1   1   9   0   1  11   1   7   1   1   0   2  32   0   2  22  0.69 0.53
  112 R    -7   8  -5  -6  -6   0  -5  -7   3  -7  -6  -3  -5  -5  -8  -6  -4  -1   1  -8    0  77   0   0   0   4   0   0   7   0   1   1   0   1   0   0   1   1   4   0  2.41 1.22
  113 E    -5  -1  -4  -1  -8  -1   6  -7  -2  -5  -6   1  -5  -4  -7  -3  -1   6   2  -2    1   3   0   3   0   2  54   0   1   1   1   8   0   1   0   1   5  10   6   3  1.38 0.85
  114 L    -5  -1  -6  -6  -4  -6  -6  -6  -7   5   3  -6   0   5  -7  -6  -5  -4  -2   3    0   3   0   0   0   0   0   0   0  30  23   0   2  20   0   0   0   0   1  18  1.16 0.64
  115 A    -2  -2   1   1  -3   1   3  -3  -2   0  -3   2  -1  -3  -4   1   2  -6  -3   2    3   1   6   8   1   6  16   2   1   5   1  11   1   1   0  10  12   0   1  16  0.30 0.31
  116 N    -4  -6   3   6  -8  -4   1   5  -3  -6  -7  -3  -7  -8  -1  -2  -5  -8  -7  -7    1   0  12  35   0   0   7  34   1   0   0   2   0   0   3   2   0   0   0   0  1.29 0.76
  117 D    -4  -5   3   6  -8  -4   1   4  -6  -8  -7  -3  -7  -8  -5  -2  -2  -5  -6  -8    1   0  13  38   0   0   9  30   0   0   0   2   0   0   0   3   2   0   0   0  1.30 0.76
  118 E    -3  -1  -1   0  -5   3   5   0   0  -4  -4   4  -3  -5  -5  -2   0  -7  -5  -5    1   3   3   5   0  11  33   7   2   1   2  22   1   1   0   2   6   0   0   1  0.76 0.56
  119 L    -5  -7  -8  -8  -2  -3  -7  -8  -4   0   5  -7   7  -2  -8  -6  -4  -1  -3  -1    1   0   0   0   1   1   0   0   0   5  57   0  26   1   0   0   1   1   1   4  1.70 0.88
  120 I    -4  -2  -3  -3  -4  -2  -3  -7   3   4   0   0  -1  -3  -6  -4   1  -6   0   4    1   2   1   1   0   1   2   0   7  25   8   5   1   1   0   1   9   0   3  31  0.72 0.49
  121 L     0  -5  -4  -6  -2   2  -1  -6  -2   1   3  -3   5  -4  -6  -2   0  -6  -4   3    7   0   1   0   1  10   4   0   1   7  23   1  15   0   0   3   7   0   0  21  0.61 0.46
  122 T    -4  -2  -4  -2  -4  -2   2  -7  -3   0  -5  -1  -3  -6  -6  -2   6  -5  -5   2    1   2   1   2   0   1  15   0   1   5   1   4   0   0   0   2  52   0   0  12  1.19 0.78
  123 F    -2  -3  -6  -7   6  -2  -6  -5  -3   2   3  -6   7   2  -7  -2  -3  -3   1  -1    3   2   0   0  13   2   0   1   1   9  25   0  23   7   0   3   1   0   5   4  0.98 0.59
  124 G    -2   1  -2  -2  -1   0   1  -3   0   1  -4   2  -3  -3  -5   0   5  -3  -2  -1    2   7   2   2   1   3  10   2   2   7   1  11   1   1   0   8  34   0   1   5  0.51 0.45
  125 A     2  -3  -5  -6   6  -3  -5  -4   1   1  -1  -1   4   0  -5  -1  -1  -3   1   3   16   1   0   0  15   1   0   1   4   7   4   3  10   4   0   5   3   0   4  21  0.56 0.41
  126 D    -3  -2   3   3  -2  -1   2   5  -1  -6  -7   1  -6  -5  -4  -2  -4  -7  -5  -6    1   2  14  15   1   2  12  38   2   0   0   9   0   1   1   2   1   0   0   0  0.89 0.58
  127 D    -3  -5   3   6  -7  -4   0   4  -4  -8  -6  -2  -7  -8  -3   0  -3  -8  -7  -7    2   0  14  39   0   0   6  27   0   0   1   2   0   0   1   6   1   0   0   0  1.22 0.72
  128 V    -1  -6  -7  -7  -4  -1  -4  -4  -5   2  -2  -3  -4  -6  -7  -6  -1  -8  -4   7    5   0   0   0   0   3   1   1   0  11   3   2   0   0   0   0   5   0   0  66  1.51 0.83
  129 V    -3  -4  -4  -4  -4  -3   0  -7  -5   1  -4   2  -3  -5  -6  -1   4  -7  -4   5    2   1   0   1   0   1   6   0   0   7   1  11   0   0   0   4  25   0   0  40  0.95 0.64
  130 C     4  -7  -6  -7   9  -7  -7  -3  -7  -6  -3  -7  -1  -3  -7   2  -2  -4  -4  -5   35   0   0   0  41   0   0   2   0   0   3   0   2   1   0  12   3   0   1   0  1.89 0.96
  131 T    -4   0  -3  -6  -3  -2  -4  -6   1   0  -4   5  -2  -4  -6  -3   4  -7  -2   3    0   5   1   0   1   1   0   0   3   6   1  30   1   1   0   1  27   0   1  21  0.92 0.64
  132 R    -4   8  -4  -7  -5   2  -5  -6  -3  -6  -6  -3  -7  -6  -8  -5  -6  -2  -7  -5    1  82   1   0   0   9   0   0   1   0   1   1   0   0   0   1   0   1   0   1  2.52 1.23
  133 I    -4  -1  -3  -4  -3  -3  -3  -6   1   3  -2   0  -2   1  -6  -3   3   3   4   4    1   3   1   1   1   1   2   0   3  19   2   6   0   4   0   2  16   3  12  24  0.60 0.45
  134 Y    -8  -8  -7  -9  -8  -6  -8  -9  -1  -6  -5  -8  -4   7  -9  -2  -7  -1   8  -7    0   0   0   0   0   0   0   0   2   0   1   0   0  41   0   4   0   1  51   0  2.66 1.21
  135 V    -3   1  -1  -3  -4   1   3  -5  -3  -3  -5   6  -3  -7  -4  -3   0  -7  -4   0    2   7   2   1   0   6  16   1   1   2   1  46   0   0   0   2   6   0   1   7  0.96 0.63
  136 R    -6   7  -6  -7  -9  -4  -5  -8  -6  -9  -8   6  -7  -9  -7  -6  -7  -9  -5  -7    0  54   0   0   0   0   0   0   0   0   0  45   0   0   0   0   0   0   0   0  2.39 1.14
  137 E    -4  -2  -3   1  -6   5   5  -5  -3  -6  -6   4  -4  -6  -4  -3  -4  -6  -5  -5    0   0   0   6   0  29  39   0   0   0   0  26   0   0   0   0   0   0   0   0  1.28 0.59

                      K         Lambda
Standard Ungapped    0.1328     0.3169
Standard Gapped      0.0536     0.2670
PSI Ungapped         0.1752     0.3173
PSI Gapped           0.0536     0.2670
