
Last position-specific scoring matrix computed, weighted observed percentages rounded down, information per position, and relative weight of gapless real matches to pseudocounts
            A   R   N   D   C   Q   E   G   H   I   L   K   M   F   P   S   T   W   Y   V   A   R   N   D   C   Q   E   G   H   I   L   K   M   F   P   S   T   W   Y   V
    1 M    -4  -5  -6  -7  -5  -4  -5  -6  -5  -2   1  -5  11  -3  -6  -5  -4  -5  -4  -2    0   0   0   0   0   0   0   0   0   0   8   0  92   0   0   0   0   0   0   0  2.69 0.82
    2 A     3  -3   0   1   1  -2  -1   1  -3  -4  -3  -2  -3  -4   0   4   1  -5  -4  -3   31   0   2   7   3   0   2   8   0   0   1   0   0   0   3  35   7   0   0   0  0.54 0.32
    3 G     0   0  -2  -1  -4  -3  -1   2  -2  -5  -5  -3  -4  -5  -4   5   1  -5   0  -2    5   6   0   3   0   0   4  18   1   0   0   0   0   0   0  50   6   0   3   3  0.73 0.44
    4 W    -7  -3  -8  -9  -7  -7  -7  -7  -7  -7  -2  -7   0  -4  -8  -7  -7  13  -3  -7    0   2   0   0   0   0   0   0   0   0   4   0   2   0   0   0   0  91   0   0  4.48 1.29
    5 N    -2  -2   3   4  -6   6  -1  -3   0  -4  -5   1   0  -6  -3   0  -3  -6  -5  -4    2   1  12  21   0  42   2   1   1   1   0   7   3   0   1   5   1   0   0   1  1.00 0.55
    6 A     3  -1  -1   2   0   1   0   1  -1  -3  -3  -1  -3  -4   0   2   1  -4   0  -2   25   4   1  11   2   5   6   9   1   1   1   2   0   0   4  17   7   0   3   1  0.27 0.23
    7 Y    -6  -6  -6  -7   2  -5  -6  -7   2  -3  -5  -6  -5   0  -7  -4  -5   4   9  -5    0   0   0   0   4   0   0   0   3   2   0   0   0   2   0   2   0   5  79   0  2.63 0.94
    8 I    -4  -3  -3  -6  -4  -5  -5  -6  -6   6   0  -5   1  -3  -5  -5  -1  -5  -4   5    0   1   2   0   0   0   0   0   0  41   5   0   3   0   0   0   4   0   0  43  1.24 0.55
    9 D    -1  -3   3   6  -2   0   1  -2   0  -5  -5   0  -5  -6  -4   0   2  -6  -5  -4    4   0  13  45   1   3   7   2   3   0   0   6   0   0   0   5  11   0   0   1  0.88 0.47
   10 S    -2   0   5   1  -4   2  -2  -3   1  -2  -3  -1  -1  -5  -4   2   1  -5  -3  -2    2   4  33   8   0   8   1   1   4   3   2   4   2   0   0  18   7   0   1   3  0.57 0.38
   11 L    -3  -5  -4  -6  -1  -1  -5  -6  -5   1   6  -5   2   0  -4  -3  -3   1  -4  -1    1   0   1   0   1   3   0   0   0   6  71   0   4   3   1   2   1   2   0   2  1.10 0.54
   12 M    -3  -2  -5  -5  -2  -2  -3  -6  -5   2   2  -1   8  -3  -5  -3   1  -5  -4   1    1   2   0   0   1   2   2   0   0  11  19   5  38   0   0   2  10   0   0   9  0.96 0.52
   13 A     3  -1  -1   0   5   0   0   3  -1  -4  -3   0  -2  -2  -4   0  -1  -4  -4  -1   25   3   2   5  13   4   5  20   2   0   1   5   1   2   0   7   2   0   0   5  0.38 0.28
   14 D    -2  -2   1   4  -4   0   1  -1   1  -5  -5  -2  -3  -4   2   2   2  -5  -2  -3    2   1   5  26   0   5   9   4   3   0   0   1   1   1   8  18  13   0   1   1  0.50 0.35
   15 G    -1   0   0   0  -5   1   0   5   0  -3  -5   0  -4  -5  -2  -1  -2   2  -2  -3    3   5   5   5   0   5   7  47   2   2   0   5   0   0   2   4   1   3   1   2  0.63 0.36
   16 T    -1   0   2  -1   1   1  -1  -1   2  -1  -1   1   0  -1   0   0   2  -1  -1   0    2   3   9   3   3   6   2   4   7   2   7   8   3   3   4   5  20   1   1   6  0.11 0.15
   17 C    -2  -3  -4  -5   7  -4  -3  -2  -4   2   0  -3   0   0  -4   0  -1  -4  -2   3    2   1   0   0  27   0   1   3   0  12   8   2   2   4   0   8   4   0   1  24  0.74 0.39
   18 Q     0   0  -1   1   1   3   1  -2   2  -2  -1   0  -1  -3  -3   1   1  -1  -3  -1    8   4   1   9   4  19   9   1   5   1   8   4   1   0   0  11  10   1   0   4  0.20 0.20
   19 D    -1   0   1   4  -4   1   1  -1   0  -3  -3   2   1  -3  -2  -1  -1  -4  -1  -3    5   5   4  32   0   5   9   5   2   0   2  14   6   0   2   3   2   0   2   1  0.38 0.24
   20 A     4  -3  -3  -3   4  -1  -1   0  -3  -1  -2  -2   1  -3  -3   1  -1   0  -3   1   48   0   0   0   9   3   3   6   0   3   3   1   3   0   0   7   2   2   0   9  0.48 0.33
   21 A     5  -3  -3  -2   2  -3  -2   0  -4  -2  -2  -3  -3  -4  -1   0   1   1  -4  -1   63   0   0   2   5   0   2   4   0   1   2   0   0   0   3   5   7   2   0   3  0.74 0.43
   22 I    -3  -4  -1  -5  -3  -4  -4  -5  -5   6   1  -4   2  -1  -1  -2  -2  -4  -3   2    0   0   3   0   0   0   0   0   0  62  10   0   4   2   3   3   2   0   0   9  0.94 0.45
   23 V     0  -3  -4  -4   2  -3  -3  -4   0   3   0  -3   1   2  -4  -3  -1   4   2   3    7   0   0   0   6   0   0   0   3  19   7   0   3   9   0   0   3   5   7  27  0.39 0.24
   24 G     0   0   1   0  -4   0   0   4  -3  -4  -4   0  -3  -4  -3   1   0  -4  -4  -1    8   4   6   5   0   5   5  39   0   0   0   4   0   0   0  11   5   0   0   5  0.50 0.30
   25 Y     0   0   0  -2   2   1  -2   0   2   0   0   0   1   1  -3   0   0  -2   1   0    6   6   6   0   6   6   0   6   6   6   6   6   6   6   0   6   6   0   6   6  0.05 0.11
   26 K     1   0   1   3   0   1   0  -1  -1  -2  -1   2  -1  -2  -1   0   0  -1  -2  -2   11   5   7  19   2   6   6   2   1   2   5  15   2   2   2   5   5   1   1   2  0.16 0.14
   27 D    -2  -3   0   4  -5   1   0   4   1  -5  -5  -2  -4  -5   2   0   0  -5  -4  -5    1   0   3  26   0   6   5  31   3   0   0   2   0   0   9   5   6   0   0   0  0.66 0.41
   28 S     1  -1   2   0   1   2  -1   1  -2  -2  -1   0  -2  -2   1   1   1  -1  -2  -2   12   1  10   5   4  10   2   9   0   1   5   6   0   2   5  14   9   1   0   2  0.14 0.16
   29 P    -1   1  -1   0  -3   1   1   1  -1  -3  -1   1   0  -2   4  -1   0  -3  -3  -2    3   7   2   6   0   7  10  10   2   1   5  10   3   2  21   2   5   0   0   3  0.30 0.18
   30 S     1   0  -1  -2   2  -1  -2  -1  -1  -2  -1  -1  -2  -1   0   3   0   4   2  -1    9   4   2   1   5   3   1   5   2   1   5   2   0   2   4  29   5   6   8   5  0.25 0.22
   31 V     1  -2  -1  -1   0  -1  -2  -1  -3   2   1  -1   1  -1  -1   0   1  -3  -2   2   13   0   2   3   2   2   0   4   0  11  15   3   4   2   3   4   9   0   0  22  0.11 0.11
   32 W    -4  -1  -4  -5  -4   0  -4  -4  -4  -3   0  -4   1   1  -1  -4   0  11   2  -1    1   4   0   0   0   5   1   1   0   0   9   0   3   5   4   1   6  51   5   4  1.67 0.57
   33 A     4  -1  -2   0   1  -2   0   0  -3  -1  -1  -2   2  -3  -2   1   1  -3  -3  -1   43   3   0   6   3   0   7   5   0   3   3   0   6   0   0   7   8   0   0   3  0.30 0.25
   34 A     3   0  -1  -4   0   1  -2  -1  -1  -3  -4   1  -4  -5  -4   3   2  -5  -2  -2   29   5   2   0   2   6   2   4   2   2   1   8   0   0   0  19  14   0   2   3  0.46 0.39
   35 V     0  -2   0  -4   1  -1  -3  -2   2  -2  -3  -2  -2   1  -4   4   3  -5   1  -1    7   2   4   0   3   2   1   3   5   2   2   2   1   5   0  34  16   0   5   5  0.48 0.40
   36 P     1  -3  -1   0  -2   2   2  -1  -4  -5  -4   0  -5  -3   5   1  -1  -6  -2  -4   12   1   3   4   1   9  13   4   0   0   2   5   0   1  29   9   3   0   1   1  0.63 0.46
   37 G    -1  -2   2   2  -5  -1  -2   5   2  -5  -4  -2  -5  -2  -2   0  -1  -5  -5  -5    4   2   9   9   0   2   3  45   4   0   2   2   0   2   2   7   3   0   0   1  0.81 0.48
   38 K    -1  -2   0  -1  -3  -1  -1   3  -3  -2  -1   1  -1   3  -2   0  -1   1   1  -1    5   2   4   4   0   2   3  25   0   2   5  10   2  12   2   7   3   2   5   4  0.24 0.20
   39 T     0  -1   2  -1   0   0   0  -1   0  -1  -1   0  -1   0   0   1   2   2  -1  -1    8   3  11   4   2   3   5   3   2   4   4   5   2   5   5  10  14   3   2   5  0.10 0.13
   40 F    -2  -1  -1  -2   1  -1  -1  -2   0   0   2  -2   0   5  -2  -2  -1   1  -2   0    3   3   3   3   3   3   4   4   2   5  23   2   2  24   2   3   4   2   0   5  0.30 0.26
   41 V     0  -1   0  -1   1   0   0  -1   0  -1  -1   0   0   1   1   1   0   1  -2   0    8   3   6   3   4   4   6   4   3   4   6   6   3   9   8  10   6   3   0   5  0.05 0.08
   42 S     0   0   0   0   2   0   0  -1   2   0  -1   0  -2   0   0   0   0   3   1  -1    5   5   5   5   5   5   5   5   5   5   5   5   0   5   5   5   5   5   5   5  0.06 0.08
   43 I    -1   1   0   0  -3   0  -1  -1  -3   2   0  -1   0   1   1   0   0   2  -2   0    5   7   4   5   0   5   4   4   0  14   7   3   3   6   7   9   5   3   0   5  0.05 0.12
   44 T     0   0   0   0   2   0   0  -1   1   0  -1   0   1   0   0   0   0  -2   1   0    5   5   5   5   5   5   5   5   5   5   5   5   5   5   5   5   5   0   5   5  0.03 0.05
   45 P     0   0  -1  -1  -1   2   2  -2   0  -1  -1  -1   1  -4   4   0   0  -4  -3   0    7   4   3   3   2   9  13   3   3   4   5   3   5   0  19   7   4   0   0   6  0.26 0.23
   46 A     1   0   0   0   0   1   2   0  -2  -1  -1   0   0  -3   1   0   0  -4  -3   0   17   6   4   5   2   8  13   5   0   4   5   7   3   0   7   4   4   0   0   6  0.12 0.15
   47 E     1  -1   0   0  -3   2   3  -1   1  -1  -1   1  -2  -1   1   0   0   2   0  -1   10   3   4   3   0   8  21   3   3   4   5   7   0   3   6   6   4   3   4   4  0.16 0.18
   48 V    -1  -1   0   0  -3   0   0  -1  -3   2   1  -1   1   0  -3  -1   0   3  -2   1    6   3   6   6   0   4   5   4   0  15  12   4   3   5   0   3   6   4   0  13  0.09 0.13
   49 G     0   0   1   0   2   1   0   0   2   0  -1   0  -1  -2   1   0   0  -3   1   0    6   6   6   6   6   6   6   6   6   6   6   6   0   0   6   6   6   0   6   6  0.05 0.08
   50 V    -1   0   0   0   2   0   0  -1   2   0  -1   0   2   1   0  -1   0   4   1  -1    5   5   5   5   5   5   5   5   5   5   5   5   5   5   5   5   5   5   5   5  0.09 0.08
   51 L     0  -1   0  -3   0  -1  -2  -1  -3   3   3   0   1   0  -1  -2  -1   1  -2   0    6   2   5   0   2   3   2   6   0  17  28   8   3   5   2   3   3   2   0   3  0.18 0.21
   52 V     0  -3  -1  -1   0  -1  -2  -1  -3   2   1  -2   2   1  -3  -1  -1   1   0   2    9   0   3   3   2   2   2   6   0  13  14   2   5   7   0   2   4   2   2  20  0.15 0.18
   53 G     0  -1   0   0   0  -1  -1   3   0  -3  -2  -1  -1   3  -2   0   0   1   1  -1    9   2   4   5   2   2   4  21   2   0   2   4   2  13   2   8   6   2   5   4  0.16 0.19
   54 K     0   0   1   2  -1   1  -1   0   1  -3  -2   2  -3   0   0   1   0  -4  -1  -1    5   3   7  12   2   7   3   6   4   0   3  18   0   5   3   9   7   0   1   4  0.16 0.20
   55 D     0   0   1   0   2   1   0   0   2   0  -2   0   1   1  -3   0   0  -2   1   0    6   6   6   6   6   6   6   6   6   6   1   6   6   6   0   6   6   0   6   6  0.05 0.11
   56 R    -2   3   0  -1   2   0  -1  -2   0   0  -1   0  -1  -1   3  -1   0   1  -1  -1    3  20   4   3   5   5   3   2   3   5   5   4   2   3  14   4   7   2   2   4  0.22 0.22
   57 S     0   0   1   0   2   1   0   0   2  -2  -1   0   1   0   1   0   0  -2   1  -2    6   6   6   6   6   6   6   6   6   0   6   6   6   6   6   6   6   0   6   0  0.08 0.12
   58 S     0   0   0   1   1   0   1   1   0  -2  -2   0   0  -1   1   1   1  -3  -2  -1    8   3   5   8   3   4   7   9   3   2   2   6   3   4   6  15   8   0   0   3  0.10 0.12
   59 F     0  -4  -1  -2   1  -4  -4  -2  -4   1   3  -4   2   4  -4  -2  -1   2  -2   1    7   0   3   3   3   0   0   3   0   7  27   0   5  22   0   3   3   3   0  11  0.44 0.32
   60 F     0   0  -1  -4  -1   2  -2  -2   1  -2   1  -1   0   4   0  -1  -1   1   2  -1    8   4   2   0   1  11   2   3   3   0  14   2   2  21   5   5   3   2   6   4  0.24 0.25
   61 V     0   0   0   0   2   0   0   0  -2   0   0   0   1   0   1   0   0  -3  -2   0    6   6   5   6   5   5   6   6   0   6   6   6   5   5   6   6   6   0   0   6  0.00 0.07
   62 N    -1   0   3  -1   2   0  -1   0   3  -3  -2   0  -3  -3  -2   2   1  -4  -3  -1    2   4  18   2   4   3   4   8   7   0   5   5   0   0   2  14  11   0   0   6  0.17 0.24
   63 G    -1  -2  -4   0  -5  -1  -4   6  -5  -6  -6  -2  -5  -5   0  -2   0   4  -5  -5    4   3   0   4   0   2   0  58   0   0   0   3   0   0   4   3   5   5   0   0  1.07 0.63
   64 L     0  -1  -4  -4   0  -1  -1  -4  -4   3   3  -1   1   0   0  -2  -1  -4  -3   2    6   3   0   0   2   2   3   0   0  16  27   3   3   4   5   3   3   0   0  12  0.23 0.26
   65 T     0   0   0   1   0  -1  -2  -1   2  -1  -2  -1   0  -1  -1   0   3   1   0  -1    7   6   4   8   2   2   0   5   5   2   3   3   2   3   3   6  26   2   3   3  0.14 0.26
   66 L    -2  -1  -4  -4   1  -2  -3  -2   0   2   3  -2   1   0  -2  -2   0  -3   0   2    3   3   0   0   4   2   0   3   2  15  29   2   2   2   2   3   4   0   4  14  0.23 0.26
   67 G     1  -2   1   0   1  -2   1   4  -3  -4  -2  -1  -2  -4  -4  -1  -2   3  -2  -4   14   1   6   5   3   2   9  35   0   0   5   4   1   0   0   4   1   4   1   0  0.44 0.39
   68 G    -2   0  -1  -1   2   0  -2   6  -4  -3  -4  -2  -4  -5  -2   0  -3  -5  -5  -3    2   4   3   3   4   4   3  54   0   1   2   2   0   0   2   7   1   0   0   1  0.84 0.56
   69 Q    -1   1  -1  -1  -1   2   1  -1   0   0  -1   2   0  -1  -1  -1   0  -3   0   1    2   8   2   2   1   9  11   4   1   5   4  13   3   2   2   4   7   0   3  10  0.05 0.14
   70 K    -2   2  -1  -3  -5   0   0  -3   0  -2  -4   5  -1  -2   0  -1   1  -5  -2  -2    3   9   2   0   0   3   4   2   3   2   0  44   2   2   4   3   7   0   2   2  0.54 0.47
   71 C    -1  -4  -4  -5   7  -4  -1   0   0  -4  -2  -4   0   3  -5  -2  -2   2   6  -2    5   0   0   0  23   0   4   7   2   0   3   0   2  14   0   2   2   2  25   2  0.86 0.57
   72 S    -1   0   1  -3   1   0  -2  -1   0   1   0  -2   3   1  -1   0   0  -3   0   0    5   5   7   0   3   6   0   4   3  11   6   0  11   6   3   9   6   0   4   6  0.05 0.19
   73 V    -1  -1  -3  -3   1  -1  -1  -1   0   0   0  -1   1   2  -1  -1   0  -3   1   2    4   3   0   0   4   3   3   5   3   3   9   4   5   9   3   3   4   0   5  23  0.08 0.19
   74 I     0   0  -1  -2  -3  -3  -3  -4  -3   4   2  -1  -1   0  -1  -1  -1  -3   0   1    8   5   3   3   0   0   0   1   0  26  23   4   0   3   3   4   4   0   3   6  0.20 0.25
   75 R    -3   5   0  -3   1   1  -2   0   0  -2  -2   1  -3  -1  -2  -1   0   1  -1  -2    1  36   4   0   3   6   0   9   2   2   4   8   0   3   2   3   5   2   2   2  0.38 0.36
   76 D     0  -1   1   4  -1  -1   0  -1   1  -2  -2  -1  -1  -1  -1  -1   0  -2   0   0    7   4   7  29   2   1   5   4   3   1   2   3   2   2   3   4   5   0   3   7  0.19 0.19
   77 S    -1  -1   3   1  -3   1   1  -1   1  -2  -2   0  -1  -2  -1   2  -1   0  -1  -3    4   3  14   7   0   7  10   3   4   2   4   4   2   2   2  18   3   2   2   1  0.16 0.20
   78 L    -2   0  -3  -2  -3  -3  -2  -4  -3   1   3  -2   4   1  -1  -1  -3   1   0  -1    3   7   1   2   0   1   2   1   0   8  35   2  10   6   3   5   1   2   3   2  0.32 0.30
   79 L    -1  -2   1   2   0   0   0  -1   1   0   1  -1   0   1  -1  -1   0   1   0  -1    3   1   6  12   3   4   7   3   3   5  15   3   1   7   3   3   6   2   4   3  0.02 0.10
   80 Q    -1  -2   0   3  -1   2   1  -1   0  -1  -1  -1  -1  -2  -1   0   1  -4  -3   1    4   1   5  18   2   8  10   4   2   4   5   3   1   2   2   6   8   0   0  11  0.13 0.20
   81 D    -1  -1  -1   5  -4   1   2  -1   0  -4  -3  -1  -4  -5   2   0  -1  -5  -4  -3    4   4   2  31   0   5  13   6   2   0   2   2   0   0  10   6   3   0   0   2  0.47 0.39
   82 G     0   0   0   0   2   1   0   0   2  -2  -1   0   1   0   1   0   0  -2   1  -2    6   6   5   6   5   5   6   6   5   0   6   6   5   5   6   6   6   0   5   0  0.04 0.13
   83 E    -2  -1   1   3   0   1   3  -1   0   0  -3  -1   0  -4  -1   0  -1   1  -1  -1    3   2   5  16   2   7  17   6   2   5   3   3   3   0   3   8   3   2   2   4  0.19 0.26
   84 F    -2   0   2  -1   1  -1  -1  -1   3  -1  -1  -1  -1   2   1  -1  -2   2   3  -2    3   6  11   3   3   2   3   4   7   3   6   3   2  10   6   5   2   3  10   2  0.14 0.21
   85 T    -1  -2  -2  -1   4  -1  -2  -1  -1   0  -2  -2  -1  -2  -1   2   4   1   0   0    4   1   1   3   8   2   3   4   2   6   2   1   1   1   3  14  25   2   4   7  0.26 0.32
   86 M     0  -2  -4  -4  -1  -2  -2  -3  -3   2   2  -2   6   1  -2  -1  -2   1  -1   2    7   2   0   1   1   2   2   2   0   9  15   1  21   5   2   4   2   2   2  15  0.33 0.32
   87 D    -1  -2   0   4  -1   0  -1  -1   0   1  -1  -1  -1  -1  -2  -2  -1  -3   2   0    5   1   4  27   1   5   3   5   2   8   4   4   2   2   2   2   3   0   9   8  0.20 0.25
   88 L     0  -1  -3  -2  -1  -1  -1   0  -3   1   3  -1   0   1  -3  -2  -1   0  -1   0   10   3   0   2   1   2   4   8   0  10  32   3   2   5   0   1   2   1   2   6  0.15 0.21
   89 R    -2   5  -1  -1   0  -1  -1  -1   2  -3  -3   4  -1  -5  -2  -2  -3  -5  -4  -5    2  35   2   3   2   2   2   5   4   1   3  27   1   0   2   3   1   0   0   0  0.72 0.54
   90 T    -1   0  -2  -1  -1  -1  -1   1  -3  -1  -1   2   1  -4  -3   0   4  -4  -1  -1    3   5   1   3   1   2   3  13   0   3   5  13   3   0   0   6  29   0   2   3  0.26 0.33
   91 K    -2   2  -2  -2  -1   0   0   0  -3   0  -3   6  -1  -5  -2  -1  -3  -5  -4  -2    3   8   1   1   1   3   5   7   0   5   2  46   1   0   2   4   0   0   0   3  0.62 0.50
   92 S     0   0   0   0  -3   0   0   1   0  -1  -2   1  -2  -2  -1   2   0  -3  -1  -1    6   4   5   4   0   3   5  10   3   5   2  12   0   1   3  22   5   0   2   3  0.12 0.19
   93 T     0  -1   1   1  -1   0   0   2  -1  -2  -3  -1  -3  -3  -1   0   3  -3   0  -1    9   2   5   9   2   4   7  16   1   3   2   3   0   0   2   5  21   0   5   3  0.20 0.22
   94 G     0  -1   0   1   1  -1   0   4   0  -3  -3   0  -3  -2   0   0  -1   0  -1  -3    9   3   3   9   3   2   7  32   2   1   2   6   0   2   5   7   3   1   2   0  0.32 0.26
   95 G    -1   1   0   0  -3   0   0   4  -2  -3  -3   1  -3  -1  -2  -1  -1   0  -1  -2    4   9   3   5   0   3   6  37   0   1   1  11   0   2   2   3   4   1   2   3  0.40 0.28
   96 A     2   0   1   0  -1   0   1   2   1  -2  -1   1  -1  -3  -1   1   0  -3  -2  -2   17   3   6   6   1   3  11  17   4   1   6   7   1   1   3   8   4   0   1   1  0.15 0.13
   97 P    -1  -1   1   1  -3   0   0   0   0  -2  -2   1  -2  -3   4   0   0  -3  -2  -2    5   2   8  10   1   4   6   7   3   2   3   8   1   1  24   7   4   0   1   3  0.34 0.19
   98 T     0   0  -1  -1  -1   0   0   0   1  -1  -2   1  -2  -2   0   1   3  -2  -2   0    7   5   2   2   1   3   5   6   3   3   3   9   1   2   4  11  25   0   1   7  0.17 0.16
   99 F    -1   0   0  -1   0  -1  -1   0   1  -1  -1  -1  -1   3  -1   0   0   0   3  -1    4   7   4   2   2   3   4   9   4   4   6   3   1  18   3   5   5   1  12   4  0.13 0.12
  100 N     1  -1   3  -1   1  -1  -2   2   0  -3  -3  -1   0   0   0   2  -1  -3  -1  -1    9   3  19   3   4   3   1  17   2   1   2   2   3   5   4  14   2   0   2   4  0.24 0.20
  101 V    -1  -4  -5  -5   1  -2  -4  -5  -1   5   1  -4   1   0  -2  -4  -3  -4  -1   4    4   0   0   0   3   2   0   0   2  36  11   0   3   4   2   0   0   0   2  29  0.76 0.45
  102 T     1  -4  -3  -4   6  -2  -4  -3   3   1  -2  -3   0  -1  -2   1   3  -4  -2   2   10   0   0   0  18   1   0   1   7   7   2   1   2   2   2   9  20   0   1  16  0.55 0.41
  103 V     0  -4  -4  -5   3  -4  -3  -4   1   4   0  -3  -1  -2  -4  -2  -1  -5  -3   4    7   0   0   0   6   0   2   1   3  28   6   2   1   1   0   3   3   0   0  36  0.70 0.44
  104 T     2  -1  -3  -3   0  -1  -2   3   1  -1  -2  -1   0  -1  -3   0   1  -1  -2   2   18   2   0   0   2   2   1  23   4   2   1   3   2   3   0   8  10   1   1  16  0.26 0.25
  105 M    -2   3  -3  -4   0   0  -2  -4   0  -3  -1   6   3  -2   0  -2  -2   0  -3  -2    3  12   1   0   2   4   1   1   2   1   5  45   7   2   4   2   2   2   1   3  0.70 0.49
  106 T     1  -5  -4  -2   2  -4  -4  -4  -1  -1  -3  -4  -4  -3  -3   2   6  -6  -5  -2   10   0   0   2   4   0   0   1   1   3   2   0   0   1   1  14  57   0   0   2  1.12 0.69
  107 A     1   0   3  -1   1   0   0   0   1  -2  -2   2  -3  -3   0   0   1  -4  -2  -2   12   4  17   2   3   4   4   8   4   2   4  15   0   1   5   5   7   0   1   2  0.21 0.22
  108 K     0   0   1   0  -2   1   0   0   2   0  -1   0   1  -2   1   0   0  -3  -2   0    6   6   6   6   0   6   6   6   6   6   6   6   6   0   6   6   6   0   0   6  0.06 0.08
  109 T     2  -2  -1  -1   3   0  -1  -1   1   0   0  -1   1  -1   1   0   0  -3  -2   1   18   0   3   3   9   3   4   4   4   4   8   3   4   3   6   7   7   0   0   9  0.10 0.15
  110 L    -1  -3  -4  -2   2   0  -3  -2  -3   3   3  -2   1   0  -2  -2  -1   1   0   1    3   0   0   3   4   4   0   3   0  16  35   3   2   4   2   2   4   2   2   7  0.27 0.27
  111 V     1  -4  -4  -2  -3  -4  -4  -2  -4   3   2  -4   1   0  -4  -1  -1  -4  -3   4   11   0   0   3   0   0   0   3   0  19  18   0   2   4   0   6   3   0   0  31  0.46 0.32
  112 L    -2  -2  -4  -4   0  -1  -2  -3  -4   3   2  -3   1   2  -1  -2  -1  -3  -2   2    2   2   0   0   2   3   3   2   0  24  24   0   3  10   4   2   2   0   0  16  0.35 0.25
  113 L     2  -3  -3  -4   0  -3  -3   1  -3   1   2  -3   0   0   0  -1  -1  -3   0   1   18   0   0   0   2   0   0  14   0   5  27   0   2   4   4   3   2   0   4  13  0.24 0.22
  114 M     0   0   0   0  -3   1   0   0   1   0  -1   0   1   0   1   0   0  -2   1   0    6   6   5   6   0   5   6   6   5   6   6   6   5   5   6   6   6   0   5   6  0.03 0.06
  115 G     0  -4  -1  -2   1  -4  -4   4   2  -5  -5  -2  -4  -1  -1  -1  -1  -3   6  -3    8   0   2   3   3   0   0  36   4   0   1   3   0   2   4   3   3   0  24   2  0.81 0.50
  116 K     0   0   1   1  -4   0   1  -1   2  -2  -2   2   0  -2   0   0   1  -4  -1  -1    7   5   6   9   0   3   9   5   7   2   2  15   3   2   5   6   8   0   1   4  0.15 0.16
  117 E     0   0   1   2   0   0   4  -1   0  -4  -3   2  -1  -5   1  -1  -1  -5  -4  -2    7   3   6  11   3   3  29   4   2   0   2  13   2   0   7   3   3   0   0   2  0.40 0.31
  118 G    -1  -2   0   1   0  -1   1   5  -4  -3  -5   0  -5  -5   2   0  -1  -5  -5  -3    3   2   4   8   2   3   8  40   0   1   0   5   0   0  12   6   4   0   0   1  0.63 0.41
  119 V     1  -3  -3  -3   1   1  -2  -3  -2   2  -1  -2   2  -1  -2  -1   0  -4  -2   4   12   1   1   2   2   9   2   2   1  11   2   2   6   2   2   3   6   0   1  32  0.35 0.32
  120 H    -2  -1  -1  -4  -5   5  -2  -2   6  -3  -3   0  -1  -5   1   1   1  -5  -1   0    3   2   3   0   0  23   2   3  21   1   2   5   1   0   7   9   9   0   2   6  0.62 0.47
  121 G     2  -1  -1  -2   0  -1  -1   4  -2  -3  -5  -2  -2  -5   4   0   0  -1  -5  -3   15   3   2   2   2   3   3  29   1   1   0   1   1   0  21   8   5   1   0   1  0.58 0.39
  122 G     0  -2   1  -4  -1  -1  -2   6  -5  -6  -6  -4  -5  -6   1   0  -2  -6  -6  -4    7   3   5   0   1   3   3  60   0   0   0   0   0   0   6   8   2   0   0   1  1.14 0.61
  123 L     0  -1   2   1   1   3   1  -2  -1  -2  -1   0   2  -1  -1   0   1  -2  -2  -1    7   2  10   7   3  16  10   1   1   1   5   6   6   3   3   5   9   1   1   4  0.18 0.21
  124 I     2  -5  -3  -4   6  -4  -5  -3  -5   2   2  -5   0  -4  -3  -1   1  -5  -3   2   15   0   1   1  16   0   0   2   0  10  23   0   2   0   1   4   8   0   1  17  0.58 0.39
  125 N     1   1   6  -2   1  -2  -2  -3  -1  -5  -3  -3  -3  -5  -3   0   2  -2   0  -1   10   7  42   1   3   1   2   1   1   0   3   1   1   0   1   6  12   1   3   4  0.78 0.52
  126 K     0  -1   1   0  -2   1   0  -1   0  -1  -1   3   1  -3  -1   0   2  -4  -3   0    8   1   6   4   1   6   6   4   2   3   6  20   5   1   3   5  12   0   0   5  0.16 0.20
  127 K     1   1  -3  -1  -1   0  -1  -2  -2   1  -2   3   0  -3  -1  -2   1  -5  -4   2   14   8   0   3   1   4   3   2   1   7   3  22   2   1   3   2  10   0   0  15  0.24 0.26
  128 C     1  -4  -6  -6   5  -5  -6  -6  -3   0  -2  -5   2  -5  -3  -3   0  -6  -3   6   13   1   0   0  11   0   0   0   1   4   2   0   5   0   1   1   4   0   1  55  1.18 0.65
  129 Y    -2  -2  -1  -1   0   0   4  -2   2  -2  -2  -2  -2   3  -5  -1  -1  -3   4  -3    2   2   2   2   3   4  32   2   6   2   3   1   1  12   0   5   3   0  16   2  0.58 0.42
  130 E    -1   1   2   1  -2   1   2  -1   0  -5  -4   4  -4  -5  -1   0   0  -5  -3  -3    4   5  11   8   1   7  12   5   2   0   1  27   0   0   3   6   6   0   1   2  0.42 0.32
  131 M    -5  -5  -6  -6  -5  -4  -6  -6  -2   3   4  -3   7  -1  -4  -5   0  -5  -2   1    0   0   0   0   0   1   0   0   1  14  37   1  26   2   1   0   6   0   1   9  1.10 0.59
  132 A     5  -1  -5  -5   0  -3  -3   2  -5   0  -3  -3  -1  -5  -5  -1  -1  -6  -5   1   51   4   0   0   2   1   1  15   0   5   1   1   2   0   0   3   4   0   0  11  0.79 0.53
  133 S    -1  -3   0   5  -3  -1   2  -2  -2  -5  -4   2  -5  -4  -4   1   1  -6  -4  -4    4   0   3  34   0   2  13   2   1   0   2  14   0   0   0  12  10   0   1   1  0.68 0.45
  134 H    -6  -3  -3  -3   0  -1  -3  -5   6  -4  -4  -6  -5   0  -2  -4  -3   0   9  -6    0   1   1   2   2   2   1   1  16   1   1   0   0   2   2   1   1   1  64   0  2.12 0.96
  135 L    -6  -6  -8  -8  -5  -6  -7  -8  -7  -1   7  -7   0  -2  -4  -7  -3  -1  -5  -1    0   0   0   0   0   0   0   0   0   2  88   0   2   1   1   0   1   1   0   3  1.86 0.84
  136 R    -2   5  -2  -4   0   1  -1  -4  -1   1  -2   3   0  -4  -5  -1  -2   0  -4  -1    2  35   2   0   2   5   4   1   1  11   4  21   2   0   0   3   2   1   0   5  0.63 0.42
  137 R     0   2   2   2  -2   1   2   0   1  -5  -5   2  -1  -5  -3   1  -1  -5  -4  -4    7  10  11  10   1   6  14   8   4   0   0  12   2   0   0  13   3   0   0   0  0.37 0.28
  138 S     2  -3   3  -3   2   2  -3  -3  -1  -3  -2  -1  -1  -5  -4   4   0  -5  -4   1   16   1  13   0   4   8   0   0   1   1   4   2   1   0   0  34   5   0   0   9  0.52 0.42
  139 Q    -3  -5   3  -2  -6   3  -4   6  -1  -5  -7   0  -2  -7  -6  -2  -5  -6  -6  -6    1   0  16   2   0  12   0  61   1   1   0   5   1   0   0   2   0   0   0   0  1.40 0.66
  140 Y    -6  -6  -6  -7  -7  -6  -6  -7   2  -5  -5  -6  -5   5  -7  -6  -6  -2   9  -5    0   0   0   0   0   0   0   0   5   0   0   0   0  21   0   0   0   0  74   0  2.73 0.94

                      K         Lambda
Standard Ungapped    0.1337     0.3185
Standard Gapped      0.0412     0.2670
PSI Ungapped         0.1346     0.3176
PSI Gapped           0.0412     0.2670
