
Last position-specific scoring matrix computed, weighted observed percentages rounded down, information per position, and relative weight of gapless real matches to pseudocounts
            A   R   N   D   C   Q   E   G   H   I   L   K   M   F   P   S   T   W   Y   V   A   R   N   D   C   Q   E   G   H   I   L   K   M   F   P   S   T   W   Y   V
    1 M    -4  -4  -5  -6  -4  -4  -5  -6  -5  -1   1  -4  10  -3  -5  -5  -4  -4  -4   0    0   0   0   0   0   0   0   0   0   0  11   0  83   0   0   0   0   0   0   6  2.26 0.74
    2 G     4  -3  -4  -3  -4  -4  -4   5  -5  -5  -5  -2  -1  -5   2  -2  -3  -5  -5  -3   42   1   0   1   0   0   0  41   0   0   0   2   2   0  11   0   0   0   0   1  1.08 0.54
    3 K    -5   4  -3  -4  -4  -2   0  -4  -4  -4  -5   7  -5  -7  -5  -3  -4  -7  -6  -4    0  17   1   0   0   1   5   1   0   1   0  72   0   0   0   1   0   0   0   1  1.74 0.82
    4 G    -3   3  -4  -4  -7  -3  -2   3  -4  -7  -6   6  -5  -7  -5  -3  -4  -7  -4  -5    1  15   0   1   0   0   1  22   0   0   0  58   0   0   0   1   1   0   1   1  1.49 0.77
    5 D     0  -3   0   7  -4  -2  -1  -5   1  -5  -7  -3  -7  -7  -4  -3  -4  -8  -5  -6    9   2   3  73   0   1   2   0   3   1   0   1   0   0   1   2   1   0   0   0  1.83 0.88
    6 P    -2  -4  -4  -2  -4  -2  -2  -4  -4  -4  -5  -1  -5  -7   8  -3  -4  -7  -6  -3    3   1   1   2   0   2   2   1   0   1   1   3   0   0  76   2   1   0   0   2  2.16 0.97
    7 K    -2  -1   6   1  -4   1   0   0  -1  -5  -2   3  -4  -5  -3  -1  -1  -6  -4  -5    2   2  39   6   0   5   6   7   1   0   4  18   0   0   1   3   3   0   0   0  0.79 0.51
    8 K     4   2  -4  -5  -4   0  -2  -3  -5  -5  -5   5  -2  -6  -4  -3  -3  -6  -3  -4   39  10   0   0   0   4   2   1   0   1   0  38   1   0   0   0   1   0   1   1  1.11 0.68
    9 P    -4  -7  -7  -7  -8  -4  -5  -7  -7  -4  -3  -6  -7  -8   9  -4  -6  -9  -8  -4    2   0   0   0   0   1   0   0   0   1   3   0   0   0  91   1   0   0   0   1  3.05 1.31
   10 R    -3   4  -4  -6  -2  -2  -3  -5  -3  -6  -6   7  -6  -8  -6  -5  -3  -4  -7  -6    2  23   0   0   1   1   1   1   1   0   1  68   0   0   0   0   1   0   0   0  1.98 0.99
   11 G    -3   6  -3  -4  -7  -1  -4   4  -2  -5  -5   2  -5  -7  -2  -3  -5  -6  -6  -3    2  48   1   1   0   2   0  27   1   1   1  11   0   0   3   2   0   0   0   2  1.32 0.73
   12 K     2   2   0  -5  -3  -2  -4  -2  -3  -5  -5   3  -4   2   5  -1  -4  -6  -4  -3   18  10   4   0   1   1   0   3   0   0   0  17   0   8  31   3   1   0   0   1  0.85 0.56
   13 M    -1   1  -2  -4  -1  -2  -4  -4  -3   0   2   2   7  -3   0  -2   1  -1  -4  -1    4   7   2   1   1   2   0   1   1   4  17  14  26   1   5   3   8   1   0   4  0.59 0.45
   14 S    -3  -6   0  -5  -4  -3  -5  -3  -3  -6  -5  -4  -6  -5  -3   6   4  -7  -6  -4    1   0   4   0   0   1   0   2   1   0   1   1   0   1   1  62  25   0   0   1  1.58 0.93
   15 S     6  -5  -4  -6  -1  -5  -4  -1  -6  -6  -5  -5  -6  -5   2   3  -3  -4  -6  -4   58   0   0   0   1   0   0   3   0   0   1   0   0   0  12  21   1   0   0   1  1.36 0.82
   16 Y    -5  -6  -6  -5  -3  -6  -7  -8  -3  -5  -5  -7  -6   6  -8  -6  -7   3   9  -5    1   0   0   1   1   0   0   0   0   1   0   0   0  26   0   0   0   3  65   1  2.72 1.20
   17 A     3  -5  -1  -4  -2  -2  -3  -3  -4   3   1  -5   4   4  -5  -3  -2  -2  -3  -1   22   0   3   1   1   2   1   2   0  17  11   0  12  20   0   1   3   0   0   4  0.64 0.45
   18 F    -3  -2  -4  -6   3  -4  -5  -6   1   1   2  -5  -1   6  -5  -5  -4   2   3  -1    2   2   1   0   5   1   0   0   3   6  23   1   1  36   0   1   1   3  11   4  1.05 0.57
   19 F    -7  -8  -8  -8  -7  -8  -8  -8  -6  -6  -4  -8  -3   9  -8  -5  -7   3   3  -5    0   0   0   0   0   0   0   0   0   0   1   0   0  83   0   1   0   4  10   1  3.03 1.25
   20 V    -1  -3  -1  -5   5  -2  -5  -3  -5  -1   1  -4   3   0  -5   2   0   0  -1   4    4   1   2   0  12   2   0   1   0   2  12   1   7   4   0  16   6   1   2  27  0.54 0.42
   21 Q     0  -1   2   0  -3   5   0  -3   0  -3  -2   2   1  -4  -3   0   0  -5  -4  -3    7   2  10   6   0  28   6   1   2   2   4  12   4   0   1   8   5   0   0   2  0.50 0.43
   22 T     1  -2  -1   3  -2  -1   4  -3   1  -3  -4  -1  -1  -4  -4   1   2   1  -3  -2   12   2   2  17   1   2  25   1   4   1   1   4   2   0   0   9  12   2   1   2  0.47 0.40
   23 C    -3   0   1  -4   7   0   0  -4   1  -1  -3   2   2   3  -3  -2  -2  -1   1  -2    2   5   6   0  23   5   7   1   3   3   1  14   6  11   1   2   2   1   5   3  0.62 0.44
   24 R    -5   8  -4  -6  -3   0  -5  -6   2  -7  -4  -1  -1  -4  -7  -5  -3   4  -1  -7    1  72   1   0   1   5   0   1   5   0   2   2   1   1   0   1   1   5   2   0  2.02 1.01
   25 E     0  -1  -1   2  -5   1   4  -3  -2  -4  -4   2  -2  -4   3  -1  -2  -6  -4  -3    9   3   3   9   0   7  32   2   1   1   1  11   1   1  13   3   1   0   0   2  0.61 0.46
   26 E    -2   0  -1  -1  -6   2   5  -4  -2  -3  -4   3  -3  -5  -3  -1  -2  -6  -3  -4    4   4   2   3   0  10  44   1   1   2   2  17   1   0   1   5   3   0   1   1  0.88 0.59
   27 H    -2  -3  -4  -4  -2  -2  -3  -5   5   3   2  -4   1   1  -4  -4  -3   0   2   2    3   1   1   1   1   1   1   1  17  20  16   0   3   6   0   1   1   1   8  17  0.64 0.41
   28 K    -2   3  -3  -4  -2   1  -3  -5  -2  -3  -3   6   1  -5  -4  -3  -3  -6  -4  -2    3  17   1   1   1   7   1   1   1   2   3  54   3   1   1   1   1   0   0   3  1.17 0.68
   29 K     1   1   0   0  -3   1   3  -3  -3  -3  -3   5  -2  -5  -4  -1  -2  -5  -4  -3   13   8   4   4   1   4  16   2   0   1   2  35   1   0   0   5   2   0   0   2  0.60 0.44
   30 K     0   1   0   1  -1   2   3  -4  -2  -3  -3   4  -1  -5  -4   0   0  -5  -4  -3    7   7   4   6   1  10  20   1   0   1   3  27   1   0   0   5   5   0   0   1  0.52 0.40
   31 H    -3  -1   5  -1  -2   0  -2   1   6  -3   0  -2   0  -1  -3  -2  -2  -5   0  -3    2   3  26   2   1   4   2  11  21   1   9   2   2   2   1   3   2   0   4   1  0.67 0.45
   32 P    -2  -2  -3  -3  -5  -1  -2   0  -2  -4  -4  -1  -5  -4   7  -1  -2  -5  -2  -3    3   2   1   1   0   3   3   7   1   1   2   3   0   1  60   4   3   0   1   2  1.46 0.73
   33 D    -2  -1   2   4  -2   0   3   2  -1  -4  -3  -1  -1  -4  -2  -1  -1  -5  -3  -4    3   3  11  25   1   3  18  15   1   1   2   3   2   1   2   4   3   0   1   1  0.51 0.35
   34 A     1  -1   0   0  -2   1   1   0  -1   0   0   0   0  -1  -1   0   0   0  -1   0   14   2   3   3   1   6  13   5   1   5   9   6   3   2   3   8   7   2   1   7  0.06 0.09
   35 S    -1  -1   1  -1  -2   0  -1   0  -1  -2  -2   2  -2  -4   1   3   0  -4  -1  -2    5   2   6   4   1   3   3   6   1   3   4  16   1   0   8  28   6   0   2   2  0.30 0.29
   36 V     0  -3  -3  -2  -1  -2  -1  -3  -2   2   1  -2   2  -1   0  -2  -1   0  -1   4    6   1   1   2   1   2   5   2   1  11  13   2   7   2   6   2   4   1   1  30  0.31 0.24
   37 N    -1   0   3   1  -1   0   0   0  -2  -2  -3   3  -2  -3  -1   1   1  -4  -2  -1    3   4  16   7   1   4   4   6   0   3   2  19   1   1   3  11   8   0   2   5  0.25 0.22
   38 F    -1  -3  -1  -3  -1  -2  -3  -1   0   0   0  -3   1   5  -2  -1   0  -2   1   1    5   1   4   1   1   2   2   4   2   4   9   1   4  34   2   4   6   0   3  13  0.42 0.29
   39 S     1  -1  -1  -2  -3  -1  -2   2   0  -2  -2   0  -1  -3  -1   2   3  -4  -3  -1   12   3   2   2   0   2   1  16   3   1   3   7   1   1   3  19  19   0   0   4  0.27 0.27
   40 E    -1  -1  -1   3  -5   2   6  -3   0  -4  -4  -2  -3  -5  -3  -2  -2  -5  -5  -2    5   3   3  18   0   7  48   2   2   1   2   1   1   0   1   2   2   0   0   3  0.92 0.58
   41 F    -4  -3  -5  -5  -1  -3  -4  -5  -2   3   1  -3   2   6  -5  -3  -2   0  -1   3    0   2   0   0   1   1   1   0   1  17  11   1   4  33   0   2   2   1   1  21  0.82 0.47
   42 S     2  -2  -2  -3  -1  -2  -2   0  -4  -2  -1  -2   2   0  -2   4   1   0  -3  -1   18   2   1   1   1   2   1   7   0   2   6   2   6   4   1  34   9   1   0   4  0.38 0.36
   43 K    -2   3  -1  -4  -2   0  -1  -3  -1  -5  -4   6  -2  -5  -3  -1  -1  -6  -2  -3    3  12   2   0   1   3   2   2   1   0   1  59   1   0   1   4   3   0   2   2  1.12 0.64
   44 K     0   1  -1  -1  -1   0   2  -3  -1   0   0   3   1  -2  -3  -1  -1  -4   0  -1    8   9   1   3   1   3  13   1   1   7   7  25   4   1   0   2   2   0   4   4  0.23 0.24
   45 C     0  -3  -4  -5   7  -4  -5  -1  -4   2   2  -4   2  -1  -4  -2  -1  -4   0   1    9   1   0   0  29   0   0   4   0  11  18   0   5   2   0   3   4   0   3   9  0.77 0.43
   46 S     3  -4  -2  -4  -1  -1  -3   4  -4  -5  -4  -4  -4  -3  -2   4  -1  -1  -2  -3   22   0   1   0   1   2   1  32   0   0   2   0   0   1   2  29   3   1   1   1  0.76 0.51
   47 E     1   0  -1   1  -2   1   4  -2   1  -1  -3   1  -2  -3  -2  -1  -1  -5  -4  -2   13   4   3   7   1   5  36   3   3   4   2   7   1   1   1   3   3   0   0   3  0.44 0.35
   48 R     0   4  -2  -2  -1   1   0  -2  -1  -1  -1   3   3  -4  -4  -1  -2  -5  -4  -2    6  26   1   2   1   7   7   2   1   3   6  20  10   0   0   3   2   0   0   2  0.47 0.37
   49 W    -6  -3  -7  -7   1  -6  -7  -3  -6  -6  -6  -6  -6   0  -3  -6  -6  12   2  -3    0   2   0   0   3   0   0   3   0   0   0   0   0   3   2   0   0  78   5   2  3.71 1.28
   50 K     0   1   1  -1  -2   1   1   0   2  -1   0   1   1  -2  -2   0   0  -3  -2   0    8   8   7   0   0   7   8   8   7   0   8   8   7   0   0   8   8   0   0   8  0.09 0.11
   51 T     0   0   1   0   0   0   1  -1   1  -1  -1   0   0  -1  -2   0   1  -3   0   1    7   4   9   6   3   3   8   4   4   3   3   7   3   3   0   7  12   0   3  12  0.07 0.10
   52 M     0   1  -2  -3   2   1  -2  -3   2   0   0   0   2   1  -3   0   0   4  -1   0    7   7   0   0   7   7   0   0   7   7   7   7   7   7   0   7   7   7   0   7  0.13 0.16
   53 S     0   0   0   0   2   0   0  -1   1   0  -1   0   1   0   0   0   0  -2   1   0    5   5   5   5   5   5   5   5   5   5   5   5   5   5   5   5   5   0   5   5  0.03 0.05
   54 A     1  -1  -1   2  -4   0   3  -2   0  -2  -2  -1  -1  -2   3   0  -1   1  -1  -2   12   2   2  13   0   4  17   3   2   2   3   4   2   2  14   6   4   2   2   3  0.27 0.28
   55 K     0  -1  -1   2  -5   0   3  -2   1  -2  -3   4   0  -5  -1   0   0  -5  -1  -2    8   2   3  10   0   3  21   3   3   2   2  23   2   0   2   6   6   0   2   2  0.39 0.36
   56 E    -2  -2  -2   3  -6   2   5  -2  -1  -1  -3   0  -1  -6  -5  -2  -2  -6  -5  -2    4   2   2  16   0   8  43   3   2   4   2   5   2   0   0   2   2   0   0   2  0.85 0.57
   57 K    -3   4  -2  -2  -6  -1  -2  -5  -4  -3  -4   6  -1  -6  -3  -3  -2  -6  -2  -3    2  19   1   3   0   2   2   0   0   2   2  57   2   0   2   2   2   0   1   2  1.30 0.74
   58 G     1   1  -1  -1  -2   2   1   0   0  -3  -3   2  -1  -4  -2   1  -1  -1  -2  -2   14   7   2   4   1  11   9   8   2   1   2  16   1   0   2   9   4   1   1   2  0.22 0.25
   59 K    -2   3  -2  -1   0  -1  -1  -4   0  -2  -3   4  -2  -3   3  -2  -1  -1  -2  -2    4  17   2   3   2   2   4   1   2   2   3  27   1   1  17   2   4   1   1   4  0.58 0.43
   60 F    -2  -1  -4  -1   2  -4  -4  -2   2  -4  -1  -4  -3   5   0  -1  -4   5   5  -1    4   4   0   4   4   0   0   4   4   0   5   0   0  26   4   4   0   9  21   4  0.83 0.46
   61 E    -1  -1   0   2   0   1   3   0   1  -1  -2   0   0   0  -3   0  -1  -3   0  -1    3   3   4  14   3   6  20   7   4   5   4   6   3   4   0   5   3   0   3   4  0.16 0.16
   62 D     0   0  -1   4  -4   1   4  -2   0  -3  -3   1   1  -5  -3   0  -1  -5  -4  -2    9   5   3  20   0   5  27   2   2   2   2   8   4   0   0   5   4   0   0   2  0.48 0.35
   63 M    -1   1  -3  -2   0   1  -1  -4   1  -1   1   1   5  -3  -1  -1  -1   1  -3   0    5   8   0   3   2   6   3   0   3   3  15  11  21   0   2   4   4   2   0   7  0.32 0.32
   64 A     4  -2  -1  -2   0   0  -1  -2   0  -1  -3  -2  -3  -1  -2   1  -1   1   2  -1   44   2   2   2   2   5   3   2   2   3   2   2   0   2   2   9   3   2   7   4  0.45 0.40
   65 K     0   1   0   0  -4   1   1  -2   2  -2  -2   3   0  -4   0  -1  -1  -4  -1  -2   10   8   4   4   0   5  11   3   4   3   4  25   3   0   5   3   3   0   2   3  0.25 0.25
   66 A     2   0  -1  -1  -4   2   1  -1   1  -2  -1   4  -1  -3  -2   0   0  -5  -2  -1   16   4   2   3   0   8   9   4   3   2   5  25   1   1   1   5   5   0   1   4  0.29 0.29
   67 D    -1  -2   0   7  -1  -2   1  -4   1  -3  -1  -1  -2  -2  -2  -2  -4  -6  -3  -5    5   3   3  53   1   2   9   1   3   2   6   3   1   2   3   2   0   0   1   0  1.06 0.64
   68 K    -2   2  -1  -4  -2   0  -2  -3  -2  -3  -1   6   0  -3  -2  -2  -2   0  -2  -3    3  11   3   0   1   3   2   2   1   1   6  51   2   1   2   3   2   1   1   2  0.91 0.59
   69 A     2   0   0   0  -3   0   2  -1   0  -1  -1   0   0  -1  -1   0   0  -3   0   0   18   4   3   5   0   4  13   5   3   3   4   6   3   3   3   4   5   0   3   9  0.09 0.14
   70 R     0   0   0   0   2   0   0  -1   1   0  -1   0   1   0   0   0   0   3  -2   0    5   5   5   5   5   5   5   5   5   5   5   5   5   5   5   5   5   5   0   5  0.05 0.09
   71 Y    -1  -3  -2  -2   0  -5  -2  -6   1  -3  -3  -1   1   3  -6  -1  -3   2   8  -3    6   2   2   2   2   0   3   0   3   1   3   4   3   9   0   5   2   2  49   2  1.32 0.75
   72 E    -1  -1   1   2   0   1   2  -1   0  -1  -1   1   1  -1  -1  -1   0  -4  -1  -1    4   3   6  13   2   5  17   3   3   2   8   9   4   2   2   4   4   0   2   4  0.14 0.18
   73 R     0   2   0   0   0   1   1  -1   2  -1  -2   3   1  -2   0  -1  -1   1  -3  -1    6   9   3   6   2   5   8   5   5   3   4  21   4   2   4   4   3   2   0   4  0.17 0.19
   74 E    -1  -1   0   0   0   1   5  -2  -4  -2  -2   1   0  -5  -2  -1  -1  -5  -1  -2    4   2   4   4   2   5  43   3   0   3   5   9   2   0   2   3   3   0   2   2  0.63 0.50
   75 M     0   0   0   0   2   0   0   0   1   0  -1   0   1   0  -2   0   0  -2   1   0    6   6   5   6   5   5   6   6   5   6   6   6   5   5   0   6   6   0   5   6  0.03 0.07
   76 K     1   0   0   1   1   0   1  -1   0  -1  -1   1   0   0   1   0   0  -3   0  -1   13   5   3   7   3   4   8   5   3   3   4  11   3   4   7   6   5   0   3   3  0.07 0.09
   77 T     0   0   0   0  -2   1   0   0   1   0  -1   0   1   0   1   0   0  -2   1   0    6   6   5   6   0   5   6   6   5   6   6   6   5   5   6   6   6   0   5   6  0.03 0.06
   78 Y    -1  -1  -1  -1   1  -3   0  -2   1  -1  -2  -1  -3   1  -1  -1  -1   2   7  -2    4   4   3   3   3   0   6   3   3   3   4   3   0   5   3   4   4   3  37   3  0.62 0.46
   79 I    -1   0   0   0  -3   0   0  -1   2   0  -1   0   1   0   0   0   0   3   1   0    5   5   5   5   0   5   5   5   5   5   5   5   5   5   5   5   5   5   5   5  0.06 0.08
   80 P     0   0   1   0   2   1   0   0   2  -2  -1   0   1  -2   1   0   0  -3   1  -1    6   6   6   6   6   6   6   6   6   0   6   6   6   0   6   6   6   0   6   6  0.07 0.11
   81 P    -1   0   0   0  -3   0   0  -1   2   0  -1   0   1   0   0   0   0   3   1   0    5   5   5   5   0   5   5   5   5   5   5   5   5   5   5   5   5   5   5   5  0.06 0.08
   82 K    -1   0   0   0  -3   0   0  -1   1   0  -1   0   1   0   0   0   0   3   1  -1    5   5   5   5   0   5   5   5   5   5   5   5   5   5   5   5   5   5   5   5  0.02 0.09
   83 G    -1   0  -1  -1  -1   1   0   4   1  -3  -3   2  -1  -2   0  -1   0   2  -2  -2    5   6   3   4   2   6   6  25   3   2   3  10   2   2   5   4   5   3   2   3  0.27 0.24
   84 E    -2   2  -1   0   0  -1   1  -1   1  -1  -2   2   2   0   1  -1  -1  -6   0  -1    4  11   3   6   2   3  11   4   4   4   4  13   5   4   6   5   4   0   3   5  0.15 0.14
   85 T    -1   1   0   0   0   0   0  -1   1  -2  -2   2   1   1   1  -1   1   2   0  -2    6   6   4   5   2   5   5   5   3   3   3  12   4   6   6   5   8   2   3   3  0.07 0.11
   86 K     0   0   0   0  -3   1   0   0   2   0  -1   0   1  -2   0   0   0   3   1   0    6   6   5   6   0   5   6   6   5   6   6   6   5   0   6   6   6   5   5   6  0.07 0.10
   87 K     0   0   0   0   2   0   0   0   1   0  -1   0   1   0   1   0   0  -3  -1   0    6   6   5   6   5   5   6   6   5   6   6   6   5   5   6   6   6   0   0   6  0.03 0.07
   88 K    -1   0   0   0   2   0   0  -1   2   0  -1   0   2   1   0  -1   0   4   1  -1    5   5   5   5   5   5   5   5   5   5   5   5   5   5   5   5   5   5   5   5  0.09 0.08
   89 F    -1   0   0   0   2   0   0  -1   2   0  -1   0   2   1   0  -1   0   4   1  -1    5   5   5   5   5   5   5   5   5   5   5   5   5   5   5   5   5   5   5   5  0.09 0.08
   90 K     0   2   0   0  -4   1   1  -1  -2  -3  -2   3  -3  -1   0   0   0  -4  -3  -1    7  12   5   5   0   6   7   5   0   0   4  23   0   4   4   6   6   0   0   4  0.24 0.22
   91 D     0   0   0   0   2   0   0   0   1   0  -1   0   1   0   1   0   0  -3  -1   0    6   6   5   6   5   5   6   6   5   6   6   6   5   5   6   6   6   0   0   6  0.03 0.07
   92 P     0  -2  -2   0  -5  -2  -1  -2   0  -1  -2   1   0  -2   6  -1  -1  -5  -5  -2    6   3   2   4   0   2   3   3   3   5   4   8   2   2  41   5   4   0   0   3  0.76 0.51
   93 N     0   0   3   0   1   1   0   0   1  -1  -2   0   0  -1   0   1   0   1  -3  -1    7   4  17   5   3   5   4   8   3   4   4   7   3   3   4   8   6   3   0   3  0.13 0.16
   94 A     2   0  -3  -1   1   0   0  -1   0  -1  -1   2   2  -1   0  -1  -1  -4   0  -1   23   4   0   3   4   4   5   5   3   3   5  14   5   3   5   4   3   0   3   4  0.16 0.21
   95 P     0  -1   1   1  -2   1  -1  -2   2   0   0   0  -1   1   1   0   0  -3  -1   0    8   0   7   8   0   7   0   1   7   8   8   8   0   7   8   8   8   0   0   8  0.07 0.10
   96 K    -1   2  -1  -2  -4   1   0  -3   1  -2  -1   4  -2  -4   2  -1   0   1  -3  -1    3   9   3   0   0   6   5   0   3   3   6  38   0   0   9   4   4   2   0   4  0.43 0.33
   97 R     0   0   1   0  -2   1   0   0   2   0  -1   0   1  -2   1   0   0  -2   1   0    6   6   6   6   0   6   6   6   6   6   6   6   6   0   6   6   6   0   6   6  0.05 0.08
   98 P     1  -1   0  -1   1  -3  -3  -1   1  -1  -2  -1  -3  -1   5   0  -1   2   0  -1   11   4   4   3   3   0   0   5   3   4   4   3   0   3  30   7   3   3   4   3  0.44 0.32
   99 P    -1   0  -3  -3   1   1  -2  -1   0   0   1   0   3   0   2   0  -1   2   0   0    4   6   0   0   3   6   0   4   3   3  14   6  12   4  13   6   4   3   3   6  0.16 0.21
  100 S     0   0   1  -2   2   1  -2   0   2  -2  -1  -2  -2   1   1   0   0   4   1   0    7   7   7   0   6   7   0   7   6   0   7   0   0   6   7   7   7   6   6   7  0.12 0.16
  101 A     2  -1   1  -1   2  -2  -1   0  -2  -2  -1  -2   0  -2   2   0   0   3   0  -1   24   4   7   4   6   0   4   7   0   0   5   0   3   0  11   7   4   5   4   5  0.19 0.20
  102 F    -1  -3  -4  -4   2  -3  -4  -4  -2  -2   0  -1  -2   5  -1   0  -3   4   4   0    5   0   0   0   4   0   0   1   0   0   9   4   0  34   4   9   0   6  17   5  0.69 0.37
  103 F    -1  -3   0  -1  -4   0  -3  -1   1   0   2   0   3   4  -4   0  -1   2   0  -1    4   0   4   3   0   4   0   4   3   5  18   5   8  19   0   7   4   3   3   4  0.29 0.25
  104 L    -1  -1  -1  -3   1  -1  -1  -2   1   1   1  -1   1   3   0  -1  -1   4   1   0    3   4   3   0   4   3   5   3   3   9  16   4   3  14   4   3   3   5   5   4  0.16 0.16
  105 F     0  -2  -2  -3  -2   1  -2  -2  -2   1   0  -2   2   1   1   0   1   4   2   0    8   0   0   0   0   8   0   1   0   8   8   0   8   8   8   8   8   8   8   8  0.18 0.15
  106 C     0  -3  -1  -4   7  -1  -1  -3  -1  -1   0  -4   2   0  -4   2  -1  -4  -1   1    8   1   2   0  22   3   3   2   1   3   9   0   6   4   0  19   4   0   2   9  0.53 0.38
  107 S     0   1   2  -1  -3   2   0  -1   1  -1  -2   1   0  -2  -1   2   0  -1  -1  -2    7   6  13   3   0  11   4   3   3   3   4   8   2   2   3  16   5   1   2   3  0.17 0.19
  108 E     0  -2  -1   3  -2   1   4  -2   0  -3  -3   0  -4   0  -2  -1  -1  -5  -1  -2    6   1   2  18   1   5  33   3   2   2   3   4   0   4   2   5   3   0   2   3  0.51 0.37
  109 Y    -1   1   0  -1   3   0   1  -1   3  -1  -1   0   1   1  -4  -1   0   2   2  -1    3   9   5   3   6   4   9   4   9   4   5   5   3   7   0   3   6   3   8   4  0.15 0.17
  110 R     0   0   0  -2   2   1  -2   0   2   0   0   0   1   1  -3   0   0   4   1  -2    6   6   6   0   6   6   0   6   6   6   6   6   6   6   0   6   6   6   6   0  0.11 0.16
  111 P     0   0   0   0   2   0   0   0   1   0  -1   0  -1   0   1   0   0  -3  -1   0    6   6   5   6   5   5   6   6   5   6   6   6   0   5   6   6   6   0   0   6  0.01 0.07
  112 K     0   0   1   0   2   1   0   0   2   0   0   0   1  -2  -2   0   0  -3  -2   0    6   6   6   6   6   6   6   6   6   6   6   6   6   0   0   6   6   0   0   6  0.06 0.09
  113 I    -1  -2  -1  -2  -3  -1  -3  -3   0   3   1  -2   2   0  -1  -1   0   1   1   3    3   2   3   2   0   2   0   2   2  17  13   2   5   4   3   4   5   2   5  21  0.22 0.23
  114 K    -1   1  -1  -1   0   0  -1  -1   0  -2  -2   5   1  -2  -2  -2  -2   1  -4  -2    6   7   3   4   2   4   2   4   2   3   3  42   3   2   2   3   3   2   0   3  0.53 0.42
  115 G     0   0   0   0  -2   1   0   0   1   0  -1   0   1   0   1   0   0  -2   1   0    6   6   5   6   0   5   6   6   5   6   6   6   5   5   6   6   6   0   5   6  0.03 0.06
  116 E    -1  -1  -1   1  -4   2   4  -2  -1  -2  -2   2   0  -4  -1   0   0  -5  -4  -2    5   3   3   8   0  10  25   3   2   2   4  14   2   0   3   5   7   0   0   3  0.35 0.31
  117 H    -3  -1   5  -1  -1  -1  -1   0   5  -2  -3  -1   0   0  -1  -1  -1   0   2  -4    2   3  30   3   2   2   4   6  14   3   3   3   2   3   3   4   3   1   7   0  0.56 0.41
  118 P     0   0   1   0   2   1   0   0  -2   0   0   0   1  -2   1   0   0  -3  -2   0    6   6   6   6   6   6   6   6   0   6   6   6   6   0   6   6   6   0   0   6  0.06 0.08
  119 G    -1  -1   1   2   0   0   0   1   1  -1  -2   0  -3  -1   0   0  -1   2   0  -1    5   3   8  14   3   4   7  13   3   3   4   5   0   3   4   8   4   3   3   5  0.12 0.13
  120 L     1  -1  -1  -1   0  -1  -1  -1   0   1   1   0   2   0  -1  -1  -1   4   1   0   11   2   3   4   2   2   5   4   2   9  14   7   6   3   2   4   3   7   4   5  0.08 0.12
  121 S    -1  -1   0   0  -1   0  -1   1  -1  -2  -4   2  -4  -2  -1   3   2  -5  -1  -2    5   3   4   4   1   4   4   9   2   2   0  15   0   2   3  24  12   0   2   2  0.29 0.33
  122 I    -1  -2   2  -3  -4  -2  -3  -1   2   3  -1  -3   2   1   0  -2  -1  -1  -1   3    4   2   9   1   0   1   1   4   6  16   3   1   6   7   4   3   3   1   2  23  0.30 0.30
  123 G     0   0  -1  -2  -1  -1  -2   3  -1  -2  -2   1  -1  -2   0   0   2   1  -4  -1    8   5   2   2   1   2   2  25   1   2   3  11   2   2   4   7  12   2   0   5  0.23 0.26
  124 D     0  -1  -2   4  -6   1   4  -2  -1  -3  -3   0  -2  -6  -3  -2  -2  -6  -2  -1    8   3   1  25   0   5  30   3   1   1   3   6   1   0   1   2   2   0   1   4  0.67 0.50
  125 V    -2  -3  -5  -4   0  -2  -2  -6  -2   5   1  -2   2   1  -5  -3  -1  -5   1   4    2   1   0   1   2   1   3   0   1  28  12   3   5   4   0   2   3   0   5  25  0.65 0.43
  126 A     3  -2  -3  -4   0  -2  -3   0   0  -2  -1  -1   2  -2  -1   3   1  -5  -4  -1   31   1   1   0   2   1   1   8   3   2   6   3   6   2   3  20   8   0   0   3  0.40 0.38
  127 K    -1   2  -2  -4  -3   1  -1  -3  -2  -4  -6   6  -3  -6  -3   0  -1  -6  -3  -3    5  11   2   0   1   6   2   2   1   1   0  54   1   0   1   7   4   0   1   2  1.08 0.69
  128 K    -1   0  -1  -3  -3   1   3  -4  -2   2   1   4   2  -3  -4  -2  -1  -5  -3  -1    5   3   2   1   1   5  18   0   1  11  13  26   5   1   0   1   4   0   1   4  0.39 0.37
  129 L     1  -3  -3  -4   3  -4  -5  -1  -5   1   4  -3   2  -3  -4  -3  -2   0  -3   0   11   2   1   1   6   0   0   6   0   7  47   1   4   0   1   2   2   1   1   7  0.62 0.44
  130 G     1  -4  -2  -4  -5  -5  -4   6  -5  -6  -5  -2  -5  -3  -5   1  -3   3  -5  -3   11   1   1   1   0   0   1  60   0   0   1   3   0   1   0  12   1   4   0   2  1.26 0.71
  131 E     1   2  -1   0  -5   1   5  -1  -1  -2  -4   1  -2  -3  -4  -2  -2  -5  -3  -2   10  13   2   5   0   4  39   5   1   2   1   9   1   1   0   2   2   0   1   3  0.62 0.47
  132 M    -1   0   0   0   2   0   0  -1   2   0  -1   0   1   0  -3   0   0   3   1   0    5   5   5   5   5   5   5   5   5   5   5   5   5   5   0   5   5   5   5   5  0.06 0.10
  133 W    -6   0  -1  -6   1  -5  -2  -1  -5  -6  -6  -2  -5   0  -6  -6  -6  12   1  -6    0   5   3   0   3   0   3   5   0   0   0   3   0   4   0   0   0  66   4   0  2.93 1.06
  134 N     0   2   3   1  -4   0   0  -1   0  -1  -2   3  -1  -4  -3   0   0  -4  -3  -2    6  11  15   8   0   3   4   4   2   3   4  23   2   0   0   7   4   0   0   2  0.29 0.22
  135 N     0  -1   4   1  -3   0   2   0   0  -1  -2   0   0  -3  -3   0   0  -3  -1  -1   10   3  21   7   0   4  12   6   2   4   3   7   2   0   1   6   7   0   2   3  0.22 0.18
  136 T     0  -2  -3  -3   2   0  -2  -3  -3   0   3  -2   4  -1  -2   0   1  -3  -1   0    8   2   0   1   4   4   2   2   0   4  30   2  14   1   1   6  11   0   3   6  0.31 0.26
  137 A     1  -1   0   1  -1  -1  -1  -1  -1  -2  -3  -1  -1  -4   2   3   3  -4  -1  -2   12   3   3   9   1   2   2   5   1   1   2   2   1   0   8  24  18   0   2   2  0.31 0.27
  138 A     2  -2   0   3   2   0   2  -2  -1  -2  -3   0  -2  -4   2  -1  -1  -4  -3  -1   23   2   3  15   5   5  12   3   1   2   2   5   1   0  12   3   2   0   0   3  0.33 0.27
  139 D     1  -1  -1   3  -4   0   3  -1  -1  -3  -3   2  -1  -4  -1   0  -1  -1  -4  -2   10   3   2  17   0   3  24   4   1   2   2  13   1   0   3   8   4   1   0   2  0.38 0.29
  140 D    -2  -1   1   5  -5   1   4  -2  -3  -3  -3  -1  -2  -3  -4  -2  -1  -5  -4  -1    3   3   5  29   0   6  30   2   0   1   3   3   1   1   0   1   4   0   0   6  0.67 0.44
  141 K    -4   3  -1  -4  -6  -1  -3  -5  -4  -3  -3   7  -2  -5  -4  -2  -1  -5  -2  -5    0  16   2   0   0   2   0   0   0   2   2  65   1   0   0   2   3   0   1   0  1.47 0.72
  142 Q     2   0  -1  -1  -4   4   1  -2  -1  -2  -1   2  -2  -4  -1   1  -1  -1  -3  -2   16   4   1   2   0  24   8   2   1   2   5  15   1   0   3   8   2   1   1   1  0.38 0.32
  143 P    -1   0  -3  -3  -5  -1  -1  -3   2  -2  -4   3  -2  -4   6  -1  -2  -5  -2  -1    5   5   1   1   0   2   4   1   5   2   1  22   1   1  36   4   2   0   1   6  0.84 0.49
  144 Y    -4  -3  -6  -4   0  -5  -4  -5   0  -5  -4  -6  -2   4  -6  -4  -4   5   8  -5    2   1   0   1   2   0   1   1   2   0   1   0   1  17   0   1   1   7  60   0  2.09 0.91
  145 E    -2  -1  -1   1  -3   2   5  -4  -1   0  -2   1  -1  -4  -2  -3  -2  -5  -3   0    2   2   3   6   1   7  46   1   1   6   4   7   1   1   1   1   3   0   1   7  0.68 0.47
  146 K     1   0   0   1  -4   2   2  -2   0  -3  -1   3  -2  -3  -3  -1   0  -4  -2  -2   11   5   4   9   0  10  15   2   2   1   5  23   1   1   0   4   4   0   1   3  0.33 0.28
  147 K    -1   2  -3  -3  -2   2   0  -4  -2  -2   1   5   5  -4  -3  -3  -3  -5  -4  -3    4   8   1   1   1   9   5   1   1   2  14  35  15   0   1   1   1   0   0   1  0.69 0.48
  148 A     6  -5  -3  -4  -3  -2   1  -2  -1  -5  -5  -3  -3  -3  -4   0  -2  -1   0  -1   66   0   1   1   0   1  10   2   2   0   0   1   0   1   0   4   2   1   4   3  1.13 0.68
  149 A     4  -1  -1   0  -4   2   2  -2  -2  -3  -2   1  -2  -3  -3  -1  -1  -5  -3  -2   39   2   2   5   0   9  14   2   0   1   3  10   1   1   1   3   4   0   0   3  0.48 0.40
  150 K     0   1  -1  -1  -5   2   3  -2  -3  -3  -3   5  -2  -5  -3  -2  -3  -5  -2  -2    7   6   2   3   0   9  17   2   0   2   3  39   1   0   1   2   1   0   1   3  0.66 0.46
  151 L     0  -1  -2   5  -5  -2   1  -4  -3  -4   3  -2  -2  -2  -4  -2  -4  -5  -5  -3    8   4   1  39   0   1  10   1   1   0  28   2   1   1   1   2   0   0   0   1  0.80 0.52
  152 K    -3   4  -3  -5  -7  -1  -2  -5  -3  -5  -4   7  -1  -5  -5  -4  -4   0  -3  -4    1  18   1   0   0   1   2   1   1   0   2  67   1   1   0   1   1   1   1   1  1.63 0.83
  153 E     2  -2  -3  -1  -5   2   5  -2  -2  -3  -2   1  -2  -3  -4  -2  -2  -5  -4  -1   19   2   1   3   0   8  40   2   1   2   4   9   1   1   0   2   2   0   0   5  0.64 0.47
  154 K    -2   6  -2  -3  -6   1   0  -5  -1  -4  -4   5  -2  -5  -5  -3  -2  -6  -5  -3    2  39   1   1   0   5   5   0   2   1   1  35   1   0   0   1   2   0   0   2  1.18 0.65
  155 Y    -5  -6  -5  -7  -2  -4  -6  -6   2  -6  -5  -6  -3   1  -7  -5  -4   1  10  -5    1   0   0   0   1   1   0   0   4   0   1   0   1   4   0   1   1   1  83   0  2.90 1.21
  156 E     0   0   0   1  -5   2   5  -3   0  -3  -2   2  -2  -4  -4  -2  -2  -5  -3  -3    7   5   5   8   0   7  37   2   2   1   4  15   1   1   0   1   2   0   1   2  0.60 0.43
  157 K    -1   2  -2  -2  -5   2   2  -4  -1  -1  -3   5   0  -5  -4  -1  -2  -6  -5  -1    5  11   1   2   0   8  11   0   2   3   1  43   2   0   0   3   2   0   0   4  0.76 0.50
  158 D     1  -2  -1   4  -6   0   5  -2  -2  -5  -4   0  -5  -6  -4  -3  -3  -3  -4  -4   12   2   2  25   0   4  43   2   1   0   1   5   0   0   0   1   1   0   1   1  1.00 0.60
  159 I    -3  -3  -4  -5  -2  -2  -5  -5  -4   4   1   0   8  -2  -5  -4  -2  -3  -4   1    2   1   1   1   1   1   0   1   0  22   9   7  41   1   0   1   2   0   0   8  1.20 0.66
  160 A     4  -1  -2  -1  -4   1   2  -2  -3  -2  -3   2  -3  -5  -2  -1   0  -5  -4  -1   38   3   1   2   0   5  15   2   0   1   2  14   0   0   1   3   6   0   0   4  0.49 0.40
  161 A     4  -1   0   1  -2   0   3  -3  -2  -1  -3   1  -2  -5  -2  -1  -1  -3  -4  -1   36   2   4   8   1   3  20   1   1   3   2   7   1   0   1   3   3   0   0   4  0.45 0.38
  162 Y    -5  -6  -3  -4  -2  -3  -6  -4   0  -5  -5  -6  -3   2  -6  -4  -5   7   9  -5    1   0   1   1   1   1   0   2   2   0   0   0   0   6   0   1   1  16  66   0  2.40 1.03
  163 R    -3   4   2  -1  -1   1   1  -4   1  -4  -3   5  -1  -5  -3  -2  -2  -5  -2  -4    1  27   8   2   1   6   7   1   3   1   2  33   2   0   1   2   1   0   1   1  0.78 0.48
  164 A     3   0  -1  -1  -3   1   1   0  -1  -4  -2   3  -2  -4   0   0  -1  -4  -4  -2   33   4   2   3   0   6   9   5   1   0   5  18   1   0   4   6   2   0   0   2  0.36 0.32
  165 K    -1   1   1  -2  -4   2   0   1  -2  -3  -3   5  -2  -5  -1   0   0  -5  -4  -3    4   6   5   1   0   7   6  10   1   1   2  41   1   0   3   6   5   0   0   1  0.56 0.39
  166 G    -1  -1   1  -1  -2   1  -1   4   0  -2  -2   1  -1  -3  -1  -1  -1  -2  -3  -2    5   2   7   2   1   8   4  36   3   2   4   9   2   1   3   3   4   0   0   3  0.36 0.26
  167 K     0   0  -1   0  -3   1   1   1  -1  -2  -3   4  -2  -3   0   0  -1  -4  -2  -2    8   4   2   5   0   6   8   9   1   2   2  34   1   1   4   5   3   0   1   2  0.35 0.28
  168 P     0  -1  -1   0  -2   0   1   0  -1  -2  -2   0   0   0   4   1   0  -3  -1  -1    8   2   2   4   1   3  10   6   1   1   3   6   3   5  19  12   4   0   3   6  0.21 0.17
  169 D     0   0   0   3  -3   0   2   1  -2  -1  -2   0  -3  -4   1   0   0  -4  -3  -1    9   4   5  22   0   4  14   9   1   3   3   6   0   0   6   6   4   0   0   5  0.25 0.20
  170 A     4  -2  -2  -2  -2   0  -1   1  -2  -2  -2   1  -1  -3  -1   1  -1  -2  -3   0   37   1   1   2   1   3   4  11   1   1   4   8   1   1   3   9   3   1   1   6  0.31 0.27
  171 A     3  -1   0  -1  -3   1   0   1  -1  -1  -2   1  -1  -2   1   1   0   0  -1  -1   26   2   3   2   0   6   6  10   1   3   2   8   1   1   7   9   6   2   2   4  0.18 0.19
  172 K     0   0  -1  -1  -5   1   1   0  -1  -3  -4   5  -2  -5   0   1  -2  -5  -3  -2    7   4   3   3   0   6   9   7   1   1   1  39   1   0   4   8   1   0   1   3  0.51 0.38
  173 K     0   3   0  -1  -3   1   1   0   0  -3  -3   4  -1  -3  -1  -1  -1  -4  -3  -2    9  13   4   2   1   6   8   7   2   1   1  30   1   1   3   3   4   0   0   2  0.38 0.30
  174 G     1   0  -1   0  -4   0   0   3  -2  -3  -3   1  -1  -3   2   0  -1  -2  -4  -2   13   6   2   5   0   3   7  26   0   1   2  11   2   1   9   6   3   1   0   3  0.30 0.24
  175 V     1   0  -1  -1  -2   0   0  -1  -2  -1  -1   1   0  -2   2   0   0  -4  -3   1   16   6   2   2   0   4   4   3   1   3   7  12   2   1   9   6   6   0   0  15  0.13 0.16
  176 V     1  -1   0  -1  -2   0   0   1  -1   0  -1   1   0  -3   0   0   0  -4  -2   2   12   3   3   3   1   3   6  10   1   5   4  12   2   1   4   6   4   0   0  20  0.10 0.14
  177 K     0   2  -1  -1  -4   1   1  -1  -1  -2  -2   4  -2  -4   0  -1  -1  -5  -3   0    8  10   2   3   0   6  11   5   1   2   3  30   1   0   5   4   3   0   1   6  0.35 0.29
  178 A     3   0  -2   1  -4   0   1   0  -1  -3  -2   1  -3  -4   2   1  -1  -3  -2  -2   25   4   1   8   0   4   8   5   2   1   3  10   0   0  11  10   3   0   1   2  0.27 0.25
  179 E     0   1  -1   1  -3   1   3  -1  -2  -3  -3   2  -1  -4   1   1   0  -2  -3  -3    7   7   2   6   0   7  24   4   1   1   2  13   1   1   7  10   5   1   0   1  0.34 0.28
  180 K     1   1   1  -1  -4   0   1   0  -2  -3  -3   4  -2  -3   1   1   0  -3  -4  -2   10   7   6   3   0   3  10   7   1   1   1  25   1   1   7   9   5   0   0   3  0.30 0.26
  181 S     1   0   0   0  -2  -1   1  -1  -1  -3  -2   1   1  -3  -1   2   0  -4  -1  -1   13   6   5   4   1   2  10   3   1   1   3  11   4   1   3  22   6   0   2   4  0.20 0.22
  182 K     1   0  -1   1  -2   1   1   0  -1  -3  -2   4   0  -5   1   0  -1  -5  -4  -1   12   5   2   6   1   6   7   6   1   1   3  30   2   0   7   6   3   0   0   4  0.32 0.28
  183 K     0   1  -1   1  -5   1   0  -1  -2  -4  -2   4  -1  -4   1   0  -2  -2  -3  -2    8   6   3   7   0   7   6   4   1   0   3  33   2   0   7   8   2   1   1   2  0.41 0.33
  184 K     0   2  -1  -1  -2   1   2  -1  -2  -3  -3   4   0  -3  -1   0  -1  -5  -4  -1    8  10   2   3   1   6  12   4   0   0   2  30   3   1   3   7   4   0   0   5  0.39 0.31
  185 K     0   2  -1   0  -4   1   2  -2  -2  -3  -3   3  -3  -3   1   1  -1  -5  -4  -1    7  12   2   6   0   5  14   2   0   1   3  22   0   1   7  12   3   0   0   4  0.34 0.28
  186 E    -1   1   0   1  -5   2   3  -3  -1  -4  -1   3  -1  -3   1  -1  -1  -5  -3  -1    4   5   3   6   0  10  21   1   1   0   6  20   1   1   7   4   2   0   1   6  0.35 0.29
  187 E     0   0  -2   2  -3   0   4  -2   0  -2  -4   1  -2  -3   2   1  -1  -5  -1  -1    6   4   1  10   0   3  26   2   2   2   1  10   1   1  10  12   3   0   2   4  0.36 0.30
  188 E     1   0   1   1  -4   1   3  -1  -2  -3  -3   1  -2  -4  -1   0  -1  -5  -1   0   11   5   7   8   0   5  25   4   0   1   1  11   1   0   2   8   2   0   2   8  0.28 0.25
  189 D    -1  -1  -1   3  -2   1   2   0  -1  -1  -2   1  -2  -2  -1   1   0  -4  -2   0    5   1   2  22   1   5  15   7   1   3   2   8   1   2   3  10   4   0   1   7  0.25 0.22
  190 D     0  -1   0   3  -2   0   3  -1  -2  -3  -4   1  -1  -4   2   1  -2  -5  -2  -2    6   2   4  20   1   3  20   5   0   2   1   8   1   0   9  11   1   0   1   4  0.36 0.27
  191 E     0   0   1   3  -4   1   4  -2   0  -2  -3   0  -1  -3   1   0  -1  -5  -2  -4    7   5   6  14   0   4  30   3   2   2   1   5   2   1   6   7   3   0   1   0  0.41 0.30
  192 E    -1  -2   0   2  -4   2   3  -1   0  -3  -2   1  -2  -2  -1   2  -2  -4  -2  -2    3   1   5   9   0   9  25   4   2   1   4   9   1   2   3  17   1   0   1   2  0.34 0.28
  193 D    -1  -1   0   5  -1  -1   3   0   0  -4  -4   0  -2  -5   1   1  -1  -2  -4  -2    6   2   4  31   1   2  17   6   2   0   1   6   1   0   6   9   2   1   0   4  0.48 0.32
  194 E     0   0  -1   3  -4   1   4  -1   0  -3  -4   2  -2  -5  -2   1  -1  -1  -4  -2    8   5   1  15   0   4  28   3   2   1   0  12   1   0   1  10   3   1   0   3  0.43 0.31
  195 E    -1  -1   0   3  -1   0   3  -1  -3  -3  -2   2  -1  -4   0   0   0  -4  -2  -2    4   1   5  18   1   2  21   5   0   0   5  14   2   0   4   7   7   0   1   3  0.31 0.25
  196 D    -1  -2   0   4  -4   0   2   0   0  -4  -3   1  -1  -2  -1   0  -1  -4   0  -1    4   1   3  30   0   3  16   8   2   0   1   9   2   1   3   5   2   0   4   5  0.42 0.29
  197 E    -2  -2   0   3  -5   0   4   0  -3  -3  -3   3  -4  -5  -3   1  -1  -5  -4  -3    2   0   4  17   0   4  29   6   0   1   3  17   0   0   0  12   2   0   0   1  0.55 0.36
  198 E    -1   0  -1   3  -4  -1   4  -1  -1  -4  -4   1   1  -4   0   2   0  -4  -2  -3    4   4   2  16   0   1  28   5   1   0   0   7   5   0   4  16   4   0   2   1  0.43 0.30
  199 E    -1   0  -2   2  -4   1   4  -1  -1  -3  -3   2  -1  -4  -2   1   0  -4  -3  -1    4   4   0  11   0   4  39   4   1   1   1  11   1   0   1   8   5   0   0   4  0.49 0.30
  200 E     0  -1   0   2  -3   0   3  -1  -2  -2  -2   1  -1  -1  -2   1   0  -3   0   0    7   1   2  15   0   2  23   3   0   0   2   9   1   3   1  10   6   0   3   8  0.23 0.18
  201 E    -1  -1   0   4  -4   1   3   0  -1  -1  -4   3  -3  -2  -1  -1  -1  -4  -3  -2    2   0   3  23   0   4  24   6   1   4   0  19   0   2   3   4   3   0   0   2  0.43 0.25
  202 E    -1  -2   1   3  -4  -1   4   1  -2  -2  -4   1  -3  -4  -3   2  -2  -4  -3  -1    4   0   8  17   0   0  29   9   0   2   0   7   0   0   0  18   0   0   0   5  0.46 0.26
  203 E    -1  -1  -1   4  -1   0   3  -2   0  -2  -4   1  -3  -4  -1   0  -2  -4  -3  -2    4   2   1  32   2   2  25   2   2   2   1  11   0   0   3   7   0   0   0   2  0.55 0.26
  204 E    -2  -1   1   3  -4  -1   4  -1  -2  -2  -3   1  -3  -4  -3   1  -1  -4  -3  -3    1   2   7  19   0   0  39   4   0   2   2   9   0   0   0  10   2   0   0   0  0.60 0.28
  205 D    -2  -2   2   5  -4  -1   2   0  -2   0  -1  -2   1  -3  -2   0  -1  -4  -3   0    0   0  11  36   0   0  15   6   0   5   6   0   4   0   1   5   2   0   0   6  0.45 0.23
  206 E    -1   0   0   3  -4   1   4   0   0  -4  -2   0  -3  -1  -2   1  -2  -4  -3  -3    3   5   2  20   0   4  32   6   2   0   3   3   0   3   0  13   0   0   0   0  0.42 0.21
  207 D    -2  -2   0   5  -4  -1   2  -3  -2  -4  -4  -1  -3  -1  -1   3  -2  -4  -3  -2    1   0   2  42   0   0  16   0   0   0   1   3   0   3   3  25   0   0   0   3  0.72 0.30
  208 E     0  -2   0   4  -3  -1   3   1   0  -4  -3   1  -3  -4  -2   1  -2  -4  -3  -3    7   0   2  25   0   0  27   9   3   0   3   8   0   0   0  14   0   0   0   0  0.46 0.21
  209 E    -2  -1   0   4  -4   1   5  -3  -2  -2  -4  -1  -3  -4  -3   1   1  -5  -4  -3    0   3   3  22   0   3  43   0   0   3   0   0   0   0   0  14   9   0   0   0  0.71 0.30
  210 E     0  -2   1   3  -3  -1   3   0  -2  -1  -3   0  -2  -1  -2   1   0  -4  -3   0    6   0   9  19   0   0  24   8   0   3   0   6   0   4   0   8   5   0   0   7  0.27 0.15
  211 D    -1   0   0   5  -4  -1   1   0  -2  -4  -4   1  -4  -4   0   1  -2  -5  -4  -4    4   5   0  51   0   0   8   7   0   0   0  12   0   0   4  10   0   0   0   0  0.69 0.23
  212 D    -2  -2   2   5  -4   1   3  -2  -2  -3  -3  -1   2  -4  -3   1  -2  -4  -3  -3    0   0  10  44   0   6  20   0   0   0   0   0  11   0   0  10   0   0   0   0  0.69 0.21
  213 D    -1  -1   3   4  -3   0   2   0  -1  -3  -3   0  -3  -2  -2   0   1  -3   1  -3    0   0  18  28   0   0  13   7   0   0   0   7   0   0   0   6  13   0   7   0  0.38 0.11
  214 D    -1  -2   2   5  -3  -1   1  -2  -2  -4  -4  -1  -3  -4  -2   3  -1  -5  -3  -3    0   0   6  54   0   0   8   0   0   0   0   0   0   0   0  32   0   0   0   0  0.79 0.17
  215 E    -2  -1  -1   2  -5   1   6  -3  -1  -4  -4   0  -3  -4  -2  -1  -2  -4  -3  -3    0   0   0  10   0   0  90   0   0   0   0   0   0   0   0   0   0   0   0   0  1.04 0.16

                      K         Lambda
Standard Ungapped    0.1260     0.3043
Standard Gapped      0.0380     0.2670
PSI Ungapped         0.1242     0.3173
PSI Gapped           0.0380     0.2670
