
Last position-specific scoring matrix computed, weighted observed percentages rounded down, information per position, and relative weight of gapless real matches to pseudocounts
            A   R   N   D   C   Q   E   G   H   I   L   K   M   F   P   S   T   W   Y   V   A   R   N   D   C   Q   E   G   H   I   L   K   M   F   P   S   T   W   Y   V
    1 M    -5  -5  -6  -7  -5  -4  -6  -7  -5  -2   3  -5  10  -3  -6  -5  -4  -5  -5  -3    0   0   0   0   0   0   0   0   0   0  28   0  72   0   0   0   0   0   0   0  2.38 0.74
    2 S     2  -2   1  -2  -2   0  -1  -1  -2  -5  -3   1  -4  -5  -2   5   1  -1  -3  -4   15   1   7   0   1   4   2   3   1   0   2   8   0   0   2  44   8   1   1   0  0.60 0.37
    3 N    -2   1   6   1  -5   1  -1  -2   1  -5  -4  -1  -2  -5   1   1   0  -6  -4  -3    3   7  37   6   0   6   3   3   4   0   1   3   1   0   7  12   6   0   0   2  0.64 0.36
    4 G     1  -1   1  -1  -1  -2  -2   4  -3  -5  -4  -1  -3  -4   0   2   0   2  -4  -3   10   3   7   3   1   2   2  35   0   0   1   3   0   0   4  19   4   3   0   1  0.54 0.32
    5 Y    -1  -2  -2  -4   2  -1  -3  -1   2  -2  -1  -2   2   2  -1   2  -1  -1   5  -2    6   2   1   0   5   3   1   5   5   1   6   2   5   9   3  15   4   1  26   1  0.42 0.30
    6 E     0  -2   1   1  -2   3   2   0   2  -3  -4  -1  -1  -4   0   1   1  -5  -3  -2    6   0   8   6   1  16  15   7   5   1   1   3   2   0   3  13  10   0   1   2  0.31 0.25
    7 D    -1  -3   2   3  -4   3   2  -1   0  -3  -3  -2  -4  -3   0   2   0  -5  -4  -1    3   0  11  15   0  13  13   5   2   1   2   1   0   1   5  18   5   0   0   4  0.39 0.30
    8 H    -1  -1   2   0  -4   3   0  -1   5  -5  -3  -1  -2  -3   1   3  -1  -5  -1  -2    5   3   9   4   0  13   5   4  16   0   2   2   1   1   7  22   4   0   2   2  0.45 0.33
    9 M    -1  -1   1  -2   0   1  -1   0  -1   0   1  -1   4  -1   1   0   0  -4   0   0    5   3   9   2   2   7   4   8   1   5  13   2  15   2   6   5   4   0   3   5  0.12 0.17
   10 A     4   0   0  -1  -3   1  -1   0  -1  -2  -4   1  -2  -4  -1   2  -1  -6  -5  -2   35   5   5   3   0   6   4   7   1   2   1   9   1   0   3  15   2   0   0   2  0.43 0.33
   11 E    -2   4   1   4  -3   3   1  -1  -1  -5  -5  -1  -1  -6   0   1  -1  -6  -4  -3    2  20   6  22   1  11   7   4   2   1   1   2   1   0   6   9   4   0   0   1  0.54 0.37
   12 D    -1   0   1   2  -4   2  -1  -1  -2  -6  -5  -1  -1  -5   6  -1  -2  -7  -6  -3    4   5   7  13   0   8   3   6   1   0   1   3   1   1  38   5   2   0   0   2  0.83 0.48
   13 C     1   0   1  -1   0   1  -1   0  -1  -3  -3   0  -3  -4   1   4   0  -6  -4  -3    9   5   5   3   2   5   3   8   1   2   3   6   0   1   7  34   4   0   0   1  0.39 0.33
   14 R    -1   1   0   0  -1   1   2   1  -1  -2  -1   0   0  -4  -1   2   0  -5  -3  -2    4  10   5   4   1   6  13  10   1   2   7   4   3   0   2  20   5   0   0   3  0.19 0.20
   15 D     0   2   0   4  -6   0   3  -1  -2  -4  -5  -1  -4  -5   1   0  -1  -6  -5  -4    7  13   5  25   0   3  22   5   1   1   1   2   0   0   6   5   3   0   0   1  0.60 0.39
   16 D    -1   1   2   3  -5   2   2  -1  -1  -4  -4   2  -2  -5   0   1   0  -6  -3  -4    4   6   8  16   0  10  15   3   1   1   1  12   1   0   5  10   4   0   1   1  0.41 0.30
   17 I    -1  -3  -1   1  -2   0   0  -3  -1   2   1  -2   0  -1   1   2   0  -3  -1   0    4   1   3   7   1   3   7   1   1  14  13   1   3   2   6  19   7   0   2   4  0.16 0.19
   18 G    -2  -1   3   1  -5  -1  -1   3  -1  -5  -6   1  -5  -5   0   3  -1  -6  -5  -4    3   3  11   7   0   2   3  25   2   1   0  10   0   0   4  25   4   0   0   1  0.58 0.39
   19 R    -1   2   1   0   0   1   0   0   1  -1  -3   4  -3  -3  -1   0  -2  -1  -3  -1    6  11   6   5   2   5   5   6   4   3   2  26   0   1   4   5   2   1   0   6  0.26 0.22
   20 T     1   1  -2  -5   1  -4  -4   2  -3  -4  -5  -1  -5  -2  -4  -1   6  -4  -1  -4   13   8   2   0   3   0   0  16   1   1   1   3   0   2   1   4  44   0   2   0  0.87 0.54
   21 N    -3  -4   8  -3  -3  -4  -5  -4   1  -4  -7   1  -6  -7  -5   2   1  -7  -6  -3    2   0  60   1   1   0   0   1   3   1   0   8   0   0   0  12   9   0   0   2  1.61 0.76
   22 L    -6  -7  -8  -9  -6  -7  -8  -9  -8   3   6  -7  -1  -5  -8  -7  -5  -7  -6   2    0   0   0   0   0   0   0   0   0  13  72   0   1   0   0   0   0   0   0  14  1.79 0.79
   23 I    -7  -4  -8  -8  -2  -7  -8  -8  -1   4  -4  -7  -3   5  -8  -7  -5   5   7  -4    0   1   0   0   1   0   0   0   1  24   0   0   0  24   0   0   0   7  40   1  2.00 0.87
   24 V    -5  -8  -7  -8  -4  -8  -8  -9  -8   5  -3  -8   2  -4  -8  -7  -5  -8  -6   7    0   0   0   0   0   0   0   0   0  33   1   0   4   1   0   0   0   0   0  60  2.06 0.89
   25 N    -4   2   5  -4  -1  -3  -4   4  -3  -7  -6   3  -6  -5  -6   0  -4  -3  -1  -7    1  10  24   0   2   1   0  34   0   0   1  18   0   0   0   6   0   1   2   0  1.08 0.60
   26 Y    -5  -5   6   2  -8  -2  -1   2  -3  -8  -7  -5  -7  -2  -7  -4  -6  -6   6  -7    0   1  38  12   0   2   3  17   0   0   0   0   0   2   0   1   0   0  24   0  1.47 0.75
   27 L    -7  -8  -9  -9  -7  -8  -8  -9  -8   2   7  -8  -2  -1  -8  -8  -5  -7  -6  -2    0   0   0   0   0   0   0   0   0  10  85   0   1   2   0   0   1   0   0   2  2.11 0.91
   28 P    -2  -5  -1   4  -3  -1   0  -3   5  -7  -5  -5  -7  -8   6   0  -3  -8  -6  -6    3   1   2  20   1   3   5   2  11   0   1   0   0   0  43   6   1   0   0   0  1.36 0.71
   29 Q    -2   0  -3  -2  -5   5   0  -5   1  -4  -3   2  -4  -5   5  -2  -2  -3  -2  -4    4   5   1   2   0  23   5   1   3   1   3  14   0   1  29   3   3   0   2   1  0.83 0.52
   30 N    -1   0   4   2  -1  -1   1  -2   0  -5  -5  -3  -3  -3  -4   3   2   5  -4  -4    4   5  16  12   1   3   8   2   2   0   1   1   0   1   0  23  11   8   0   1  0.57 0.41
   31 M    -3  -5  -6  -7  -1  -6  -7  -7  -4   4  -1  -6   7   0  -7  -5   2   2  -2   4    2   0   0   0   1   0   0   0   0  19   5   0  26   3   0   0  11   3   1  26  1.20 0.62
   32 T    -4  -3   0   5  -4  -4  -2  -3  -5  -6  -5  -3  -4  -7  -5   1   6  -8  -7  -4    1   1   4  28   0   1   2   2   0   0   1   2   0   0   0  10  47   0   0   1  1.36 0.74
   33 Q    -5  -3   2   4  -4   3   5  -5  -1  -6  -8  -3  -7  -8  -5  -2  -3  -8  -5  -5    1   1  10  24   0  13  42   1   1   0   0   1   0   0   0   3   2   0   0   1  1.31 0.71
   34 E     1   0   2   2  -6   2   3  -2  -2  -4  -4   3  -2  -5  -1   0  -1  -6  -3  -3   10   4   8  12   0   9  18   2   1   1   1  20   1   0   2   6   3   0   1   1  0.45 0.33
   35 E     0  -1  -3   3  -5   1   4  -3  -2  -2  -1  -1   3   0  -5  -2  -1  -3   1  -1    8   2   1  16   0   6  25   2   1   2   5   3   8   5   0   2   4   0   6   4  0.41 0.33
   36 L    -6  -7  -8  -9  -3  -7  -8  -9  -8   1   6  -8   2   1  -8  -7  -6  -7  -6   0    0   0   0   0   0   0   0   0   0   8  75   0   5   6   0   0   0   0   0   5  1.80 0.81
   37 R    -2   4  -3  -4  -2   1   0  -4   3  -2  -1   1   0   1  -5  -3  -2   1   4  -1    3  20   1   0   1   6   6   1   8   1   6   9   3   6   0   2   3   2  17   6  0.49 0.35
   38 S     0  -1   2   3  -5   3   3  -3  -1  -4  -5   0  -3  -6  -3   1   0  -4  -5  -4    6   2  10  17   0  13  22   1   1   1   0   5   1   0   1  12   5   0   0   1  0.59 0.41
   39 L    -2  -4  -5  -6   1  -4  -4  -6  -5   3   4  -1   4  -2  -6  -4   1  -6  -3   0    3   1   0   0   3   0   1   0   0  15  44   4  11   2   0   1  10   0   1   5  0.85 0.48
   40 F    -8  -9  -9 -10   5  -9  -9  -9  -7  -6  -4  -9  -3   9 -10  -6  -8   3  -2  -7    0   0   0   0   9   0   0   0   0   0   1   0   1  84   0   1   0   4   0   0  3.23 1.23
   41 S     1  -2  -1  -3  -2   1   0   1  -3  -4  -3  -1  -4  -2  -4   5  -1  -6  -3  -3   12   2   3   1   1   6   6   9   0   1   3   4   0   2   0  44   2   0   1   2  0.64 0.47
   42 S     0  -1  -1  -2  -4   3   0  -2   0  -3  -3   1  -1  -5   3   2   1  -4  -3  -1    9   3   2   2   0  15   5   2   2   1   2   7   1   0  16  16   9   0   1   5  0.39 0.33
   43 I    -1  -6  -5  -6   1  -4  -5  -6   0   3  -1  -4   2   6  -7  -4   0  -1   5   1    6   0   0   0   3   1   0   0   2  17   4   1   4  29   0   1   6   1  16   9  0.94 0.50
   44 G    -3  -6  -3  -5  -8  -7  -7   8  -5  -9  -9  -6  -8  -9  -7  -5  -6  -3  -9  -9    2   1   1   1   0   0   0  94   0   0   0   0   0   0   0   1   0   0   0   0  2.73 1.11
   45 E    -1   0   3   0  -6   0   3  -3   1  -5  -5   1  -4  -6   4  -1   1  -6  -4  -4    5   5  13   5   0   4  19   2   3   0   0   9   0   0  22   4   8   0   0   1  0.61 0.41
   46 V    -4  -7  -5  -8   0  -2  -6  -8  -8   6   0  -5  -1  -4  -6  -5  -4  -7  -6   5    1   0   1   0   2   2   0   0   0  48   8   1   1   0   0   1   1   0   0  34  1.57 0.71
   47 E    -1  -1  -1  -2  -2   0   2  -5  -1   2   2   1  -1  -3  -4  -1   1  -5  -3   2    4   3   2   2   1   4  16   0   1  10  18   9   1   1   0   3   7   0   1  16  0.25 0.23
   48 S    -3  -2   1  -2  -4  -2  -2  -1  -2  -6  -5  -2  -3  -5  -5   6   0  -8  -5  -5    2   2   7   2   0   1   2   4   1   0   1   2   1   0   0  67   6   0   0   1  1.40 0.79
   49 A     0  -5  -6  -7   9  -6  -6  -7  -2   1  -2  -6  -3  -4  -7   0   2  -7  -4   3    8   0   0   0  38   0   0   0   1   8   4   0   1   0   0   7  11   0   1  22  1.50 0.69
   50 K    -5   4  -4  -5  -5  -2  -3  -6  -1  -7  -8   7  -5  -5  -7  -6  -4  -6  -7  -5    0  19   0   0   0   1   2   0   1   0   0  71   0   1   0   0   1   0   0   1  2.09 0.95
   51 L     0  -7  -7  -8  -5  -7  -7  -7  -7   5   3  -7   1  -5  -7  -5  -4  -7  -6   5    8   0   0   0   0   0   0   0   0  31  22   0   3   0   0   0   0   0   0  35  1.30 0.62
   52 I     0  -6  -6  -5   5  -6  -5  -6  -7   6   0  -6   4  -2  -4  -4  -4  -7  -5   3    9   0   0   1  10   0   0   0   0  39   8   0  10   1   1   1   0   0   0  18  1.13 0.56
   53 R    -4   6  -2  -5   1  -1  -4  -6  -1  -2   0   0   1  -2  -1  -4   0  -4   0   0    1  48   1   0   3   3   1   0   1   2   8   5   4   2   3   1   7   0   3   6  0.92 0.53
   54 D    -5  -5   3   8  -4  -4   0  -6   0  -7  -7  -1  -7  -5  -5  -4  -4  -8  -7  -7    1   0  10  71   0   0   6   0   2   0   0   4   0   1   0   1   1   0   0   0  2.07 0.89
   55 K    -2   2  -2  -1  -3   0   2  -4  -1  -4  -3   5   0  -1   1  -1  -3  -3  -1  -4    3  10   2   4   0   4  11   1   1   1   3  40   2   2   7   4   1   0   2   1  0.66 0.41
   56 V     0   0   4   0  -3   1   0  -2   0   1  -2   1  -1  -1  -2   0   1  -4  -2   0    8   4  21   4   0   7   5   2   2   8   3   9   1   3   2   6   7   0   1   7  0.19 0.18
   57 A    -1  -3   0  -1  -3  -2  -2  -3  -2  -3  -3  -2  -3  -2  -3   2   6  -4  -1  -3    4   1   4   4   1   1   2   2   1   1   3   3   1   2   1  17  51   0   2   1  0.98 0.52
   58 G    -3   1   3  -1  -3  -1  -4   6   0  -6  -4  -2  -5  -3  -2   0  -3  -6  -3  -3    2   6  13   3   0   3   1  50   2   0   2   3   0   1   2   6   1   0   1   2  0.95 0.50
   59 H    -1   2   1  -2  -1   3   0   0   2  -2  -1   2  -1  -2  -1  -1  -1  -3   2  -2    4  10   6   1   1  14   5   6   5   2   6  16   1   1   2   4   3   0   8   3  0.22 0.20
   60 S    -3  -4   0  -5   5  -3  -4   0  -2  -5  -5  -4  -5  -3  -1   6  -3  -6  -6  -5    1   1   4   0  11   1   1   8   1   0   1   1   0   2   3  63   1   0   0   1  1.44 0.75
   61 L    -2   2  -2  -1  -2  -2  -1  -3  -1  -3   3   4   0   1  -3  -3  -4  -4   2  -2    4  12   1   3   1   1   5   1   1   0  26  26   2   6   1   1   0   0   7   2  0.46 0.33
   62 G    -4  -2   1  -5   2  -4  -6   7  -4  -7  -6  -3  -6  -6  -3  -2  -3  -6  -6  -6    1   2   6   0   4   1   0  74   0   0   1   2   0   0   2   3   2   0   0   0  1.78 0.77
   63 Y    -6  -7  -5  -8   2  -7  -6  -8  -1  -5  -6  -7  -4   5  -8  -6  -7  -4   9  -3    1   0   1   0   4   0   0   0   1   1   0   0   0  17   0   1   0   0  71   2  2.76 1.12
   64 G     3  -7  -6  -6   2  -6  -7   7  -7  -5  -7  -6  -7  -7  -7  -4  -6  -7  -7  -4   22   0   0   0   5   0   0  69   0   1   0   0   0   0   0   1   0   0   0   2  1.95 0.86
   65 F    -8  -4  -6  -9  -8  -5  -8  -8  -4  -6  -4  -8  -6   9  -9  -8  -7  -1   3  -5    0   1   0   0   0   1   0   0   0   0   1   0   0  85   0   0   0   1   9   1  3.08 1.16
   66 V    -4  -7  -8  -8  -2  -7  -7  -8  -8   3  -3  -7  -4  -6  -7  -7  -5  -8  -3   7    1   0   0   0   1   0   0   0   0  15   1   0   0   0   0   0   0   0   1  79  2.22 0.94
   67 N    -4  -1   4   4  -4   1   3  -2   4  -6  -6   1  -5  -6  -5  -2   0  -2  -3  -5    1   3  20  19   0   7  20   2  10   0   1   8   0   0   0   2   6   1   1   1  0.80 0.48
   68 Y    -7  -7  -5  -8  -8  -7  -8  -6  -2  -6  -5  -8   1   8  -5  -5  -7  -4   7  -6    0   0   1   0   0   0   0   1   1   0   0   0   4  58   1   1   0   0  33   0  2.59 1.04
   69 V     0  -1   0   2  -2   1   3  -2   0  -2  -2   0  -2   0  -1   0   0  -2   0   0    8   3   3  11   1   8  21   3   3   1   3   4   1   4   2   8   5   1   3   9  0.19 0.19
   70 T    -3   1   3   3  -1   0  -1  -4   1  -5  -4   0  -5  -5  -5   3   3  -6  -3  -4    1   6  13  14   1   3   3   1   4   0   2   6   0   0   0  23  21   0   1   1  0.62 0.43
   71 A     1   2  -2  -3  -5   1   2  -2   4  -3  -3  -2  -1  -4   5  -1  -1  -2  -2  -2   10  10   1   1   0   6  13   2  11   1   2   1   2   0  25   4   4   1   1   3  0.58 0.39
   72 K     1   1   0   1  -2   2   4  -1  -1  -2  -4   0  -2  -5  -3   0  -1  -4  -4  -3   14   6   4   7   1   7  32   4   1   2   1   5   1   0   1   8   4   0   0   2  0.46 0.34
   73 D     3  -4  -2   5   1   0   1  -3   0  -5  -5  -3  -4  -4  -4   3  -2  -7  -3  -4   24   0   1  31   3   4   9   1   2   0   1   1   0   1   1  18   1   0   1   1  0.82 0.51
   74 A     7  -4  -7  -7  -4  -6  -6  -3  -7  -7  -7  -6  -6  -7  -6  -2  -3  -8  -4  -3   90   1   0   0   0   0   0   2   0   0   0   0   0   0   0   2   1   0   1   2  2.27 1.03
   75 E     1  -1   0   1  -5   3   5  -4  -1  -3  -2   0  -1  -5  -3  -1  -2  -6  -3  -2   14   2   4   7   0  13  35   0   1   1   4   5   1   0   1   4   2   0   1   2  0.62 0.43
   76 R     1   4   1  -2  -3   1  -1  -3   0  -2  -2   4   0  -4  -4  -1   0  -5  -3  -2   12  21   5   1   1   6   4   1   2   3   4  25   3   1   0   4   5   0   1   3  0.46 0.33
   77 A     7  -7  -6  -7  -1  -6  -6  -5  -4  -4  -6  -6  -6  -7  -6  -2  -5  -8  -7  -1   88   0   0   0   1   0   0   0   0   1   0   0   0   0   0   3   0   0   0   5  2.20 1.01
   78 I    -4  -2  -7  -7  -1  -2  -6  -7  -5   6   3  -5   2  -3  -6  -4  -4  -6  -5   3    1   3   0   0   1   2   0   0   0  45  24   0   5   1   0   1   0   0   0  15  1.23 0.58
   79 S     1  -1   2   2  -3   3   3  -3   0  -2  -3   2  -1  -5  -4   0   0  -5  -4  -3   10   3   8  10   1  16  18   1   2   2   3  12   1   0   0   6   5   0   0   1  0.43 0.32
   80 T     2  -1   0  -1   0  -1  -1  -1   0  -3  -3   1  -1  -4  -2   2   3  -5  -4  -1   18   3   4   2   2   3   4   4   2   1   2  11   2   1   1  15  22   0   0   3  0.34 0.29
   81 L    -6  -5  -7  -8  -4  -3  -7  -7  -6  -1   5  -6   5   2  -7  -6  -4  -5   1   1    0   1   0   0   0   1   0   0   0   2  57   0  15   7   0   0   1   0   5   9  1.38 0.66
   82 N    -5  -5   8   0  -8   0  -5  -3   2  -6  -7  -2  -5  -8  -6  -1  -3  -9  -7  -6    1   0  72   6   0   5   0   2   4   1   0   3   0   0   0   5   1   0   0   1  2.14 0.96
   83 G    -1  -3   0  -3  -3  -3  -3   7  -1  -7  -5  -1  -7   0  -6  -3  -5  -7  -1  -7    4   2   5   2   1   1   2  69   2   0   1   4   0   5   0   2   1   0   2   0  1.51 0.71
   84 L    -2   3  -2  -1  -3   1  -2  -4   1  -2   1   1   4  -1  -4   0   2  -4   1  -2    3  15   1   3   0   6   2   0   3   2  14   8  12   3   0   7  13   0   5   2  0.31 0.28
   85 R    -2   3   0  -2  -2   2   0   0  -1  -1   1   1   1  -2   0  -1   0  -4  -2  -1    1  15   5   2   1   9   5   8   1   4  15  10   4   1   5   3   5   0   1   5  0.15 0.17
   86 L    -4  -6  -5  -7  -1  -5  -6  -5  -6   5   4  -6   3   0  -4  -5  -3  -3  -3   3    1   0   0   0   1   0   0   1   0  28  36   0   8   4   1   1   1   0   1  16  1.04 0.52
   87 Q    -2   0   3   0  -2   4   0   0   1  -4  -1   0   1   1   2  -2  -3  -3  -1  -4    3   4  14   4   1  21   5   8   3   1   8   4   4   5  10   2   0   0   2   1  0.35 0.30
   88 S     0  -4   5   3  -6  -2  -1   4   1  -6  -5  -3  -4  -5  -2   0  -2   0  -5  -4    9   1  24  14   0   2   3  30   3   0   1   1   0   0   2   6   2   1   0   1  0.79 0.46
   89 K    -2   2  -3  -5  -2   3  -2  -3   0  -5  -4   6  -2  -6  -3   0  -2  -7  -3  -5    3  11   1   0   1  14   1   2   2   1   1  51   1   0   1   6   3   0   1   0  1.18 0.65
   90 T    -1   2  -1  -2  -3   0   1  -3  -2  -2  -3   2   4  -3   3   0   2  -5  -4  -1    4  11   2   1   0   4  10   1   1   3   1  13  11   1  13   7  14   0   0   4  0.38 0.32
   91 I     0  -3  -5  -6  -2  -4  -5  -5  -2   5   2  -5   3   1  -3  -5  -3  -2  -3   2    8   2   0   0   1   1   1   1   1  34  21   0   6   6   1   0   1   0   1  14  0.78 0.42
   92 K    -3   3  -2  -3  -7   0  -2  -4  -2  -4  -4   6   2   1  -1  -2  -2  -6   2  -2    1  14   2   1   0   4   2   1   1   1   1  45   5   6   3   2   2   0   7   3  0.90 0.53
   93 V    -3  -5  -7  -6  -3   0  -4  -6  -7   2   0  -3  -1  -3  -3  -4  -4   3  -5   6    2   0   0   0   0   5   1   0   0   9   8   2   1   1   2   1   1   4   0  61  1.32 0.67
   94 S    -1  -1   4  -2  -2   1  -3   2  -2  -4  -4  -1   1  -4  -4   4   0  -6  -4  -5    5   3  21   1   1   7   1  13   1   1   1   4   3   1   1  32   4   0   0   0  0.67 0.47
   95 Y    -4  -1  -3  -4  -6   1   1  -6   4  -1  -1  -1  -2   3  -2  -5  -4   9   5  -2    1   4   2   1   0   6   8   0   8   3   6   4   1  10   3   0   1  24  16   3  1.08 0.56
   96 A     5   1  -2  -2   0   1  -2  -4   2  -4  -3  -1  -2   3  -3   0  -2   0  -2  -3   43   7   2   3   2   6   2   1   4   1   1   3   1  14   1   5   2   2   1   1  0.62 0.44
   97 R    -3   5  -1   3  -3   1  -2  -4  -1   1  -2   1   0  -1  -4  -2  -1  -5   1  -1    1  29   2  16   0   7   2   1   1   8   3   7   3   3   1   3   4   0   5   5  0.48 0.35
   98 P    -1   0  -2  -4  -5   1  -4  -2  -1  -6  -3   0  -3  -1   7   1  -1  -7  -6  -4    5   6   2   1   0   6   1   3   1   0   3   6   1   3  49   9   4   0   0   1  1.13 0.62
   99 S    -1   3  -1   0  -2   0  -2   0  -2  -4  -4   2  -2  -4   1   4  -1  -5  -4  -4    4  17   3   4   1   4   2   7   1   1   2  11   1   1   7  32   3   0   0   1  0.50 0.37
  100 S     0  -1   1  -1   0   2   0   1  -1  -2  -1   1  -2  -3  -1   3   0  -2  -3  -2    6   2   6   3   2   8   5  13   1   2   7   8   0   1   2  25   5   1   1   2  0.23 0.22
  101 E    -1   2  -1   3  -5   3   5  -3   0  -4  -3  -1  -3  -5  -2   0  -1  -5  -3  -3    6  10   2  14   0  12  33   2   2   1   2   3   1   0   2   5   3   0   1   2  0.61 0.40
  102 V     0   4   0   1  -3   1   1  -3  -1  -2  -2   1  -2  -4  -1   1   0  -3  -3  -2    7  25   4   9   0   4  10   2   1   3   3   9   1   0   3  10   7   0   0   2  0.35 0.26
  103 I     0  -1   0  -1  -2   1   1  -1  -1   3  -1   0   0  -1   0   1   0  -4  -2  -1    6   4   4   4   1   8   8   5   1  23   3   4   2   2   4  13   5   0   1   2  0.15 0.19
  104 K    -1   2  -1   1  -4   1   0   0  -2  -5  -5   5  -3  -3   0  -1  -2  -5  -4  -4    4  11   3   9   0   5   6   8   1   1   1  36   1   1   6   5   3   0   0   1  0.59 0.38
  105 D    -2  -2   2   3  -4   0   2   1   2  -2  -3  -1  -2   2   0  -1  -1  -4  -1  -1    2   2  11  15   0   3  12  13   6   1   2   4   1   9   5   4   3   0   2   6  0.24 0.20
  106 A     3  -3  -1  -3   0  -4  -4   0  -1  -3  -3  -2  -4   1  -3   0   5   1   0  -3   25   1   3   1   2   0   1   8   1   1   2   2   0   6   1   5  36   2   4   1  0.67 0.47
  107 N    -5  -5   8  -3   0  -3  -4  -5   3  -3  -7   1  -6  -7  -6  -1  -2  -7  -2  -5    1   0  69   1   2   1   1   1   6   2   0   7   0   0   0   5   2   0   1   1  1.93 0.88
  108 L    -5  -6  -6  -7  -1  -6  -6  -7  -6   4   5  -6  -2  -1  -6  -6  -4  -5  -3   3    0   0   0   0   1   0   0   0   0  24  49   0   0   2   0   0   0   0   1  20  1.28 0.60
  109 Y    -4  -5  -7  -7  -5  -5  -5  -7   0  -4  -3  -7  -4   6  -7  -3  -6  -3   9  -6    2   1   0   0   0   0   1   0   2   1   2   0   0  30   0   2   0   0  58   0  2.42 1.00
  110 I    -3  -7  -7  -7  -3  -6  -7  -7  -7   6  -1  -6  -1  -3  -6  -6  -4  -7  -5   6    2   0   0   0   1   0   0   0   0  36   4   0   1   1   0   0   1   0   0  53  1.71 0.76
  111 S     0   1  -1  -4   2  -2  -3   3  -4  -5  -5   5  -4  -4  -5   2   0  -4  -1  -5    8   6   3   0   4   1   0  19   0   1   0  33   0   0   0  17   5   0   2   0  0.69 0.46
  112 G    -5  -3   7   3  -4  -2  -4   3   0  -7  -6  -4  -3  -4  -4  -3  -5  -7  -3  -7    1   1  51  15   0   1   1  21   2   0   0   1   1   1   1   1   0   0   1   0  1.53 0.75
  113 L    -5  -6  -7  -7  -5  -6  -7  -7  -6   2   6  -6  -1   3  -7  -4  -4  -5  -3  -2    0   0   0   0   0   0   0   0   0   9  74   0   1  10   0   2   1   0   1   2  1.62 0.74
  114 P     0  -5  -2   2  -3  -4  -2   0  -1  -6  -6  -3  -5  -7   7   2  -3  -7  -6  -5    6   0   2  12   1   1   2   7   1   0   1   1   0   0  50  14   1   0   0   0  1.36 0.70
  115 R    -1   1  -1   0  -3   0   1  -3  -2  -2  -1   3  -3  -4   4   0  -1  -1  -3  -2    5   7   3   5   1   3   8   1   1   3   6  22   0   0  21   6   4   1   1   3  0.42 0.31
  116 T    -2  -3   2   4  -3  -1   3  -2   2  -5  -5  -1  -4  -4  -4   2   2  -2  -2  -5    3   1  11  22   1   2  18   2   6   0   1   2   0   0   0  17  12   1   2   0  0.62 0.42
  117 M    -3  -6  -6  -6  -2  -4  -6  -3  -4   4   0  -5   6   2  -6  -5  -1   5   2   3    2   0   0   0   1   0   0   2   0  20   5   0  19   8   0   0   5   7   8  23  0.92 0.50
  118 T    -3  -4   2   4  -3  -4  -1  -2  -5  -5  -6  -1  -4  -6  -3   1   5  -1  -5  -4    2   1   8  25   1   0   3   3   0   0   0   3   0   0   2   9  42   1   0   1  1.04 0.62
  119 Q    -3  -3   1   4  -5   3   5  -5  -2  -5  -3  -1  -4  -7  -2  -1  -2  -7  -6  -3    2   1   7  20   0  14  39   0   1   0   2   2   0   0   2   4   2   0   0   2  0.99 0.59
  120 K     0  -2   0   2  -3   2   3  -3   0  -4  -2   2  -2  -4  -2   0  -1  -5   0  -3    9   1   4  13   0  10  22   1   2   0   4  15   1   0   2   7   4   0   3   1  0.42 0.33
  121 D     0   0   0   4  -4   1   3  -2  -2  -2  -2   2   1  -3  -4  -1  -1  -4  -3  -1    8   4   4  21   0   7  20   2   1   3   4  11   4   1   0   3   4   0   1   4  0.37 0.29
  122 V    -4  -7  -8  -8  -6  -6  -7  -8  -7   1   6  -7   1   0  -7  -7  -5  -6  -3   1    1   0   0   0   0   0   0   0   0   5  77   0   3   4   0   0   0   0   1   8  1.70 0.78
  123 E    -2   3  -1   0  -2   1   4  -3   2  -2  -1   2  -2  -1  -4  -1  -1   1   1  -2    2  15   2   5   1   6  26   1   4   2   6  12   1   3   0   3   3   2   5   2  0.39 0.31
  124 D     0   0   1   3  -5   3   3  -2  -2  -4  -4   2  -3  -6  -4   0  -1  -6  -4  -4    8   4   8  16   0  13  21   2   1   1   1  12   0   0   0   8   3   0   0   1  0.53 0.38
  125 M     0  -3  -5  -5  -1  -4  -1  -6  -2   1   4  -2   5  -1  -5  -3   1  -3  -1   0    8   1   0   0   1   0   4   0   1   8  38   2  15   3   0   1   9   0   2   5  0.62 0.40
  126 F    -6  -7  -8  -8   0  -8  -8  -8  -6  -5   0  -8  -3   9  -8  -7  -7  -4  -2  -4    1   0   0   0   2   0   0   0   0   0   9   0   0  84   0   0   0   0   0   1  2.87 1.10
  127 S     2  -1  -1  -2  -2   0   1   1  -2  -4  -4   0  -3  -5  -4   5  -1  -6  -2  -4   14   3   2   2   1   4  10  11   1   1   2   5   0   0   0  40   3   0   1   1  0.61 0.45
  128 R     0   2  -2  -2  -2   3   1  -3  -2  -5  -5   3  -4  -6   4  -1  -2  -6  -4  -2    6  10   2   2   1  15   7   2   1   0   0  19   0   0  23   5   2   0   0   4  0.66 0.44
  129 F    -6  -7  -7  -7   2  -7  -6  -8   2  -3  -3  -5  -5   7  -8  -6  -7  -2   8  -4    0   0   0   0   5   0   0   0   4   1   2   1   0  44   0   0   0   0  41   1  2.28 0.96
  130 G    -2  -5  -4  -5  -7  -4  -5   7  -7  -7  -8  -6  -5  -8   0  -4  -5  -7  -6  -6    3   1   1   0   0   1   1  86   0   0   0   0   0   0   5   1   0   0   0   0  2.27 0.97
  131 R    -1   2   2  -1  -3   1   2  -3   0  -4  -4   2  -2  -4   0   2   2  -2  -4  -4    4  12  10   3   0   5  12   2   2   1   1  13   1   0   4  16  13   1   0   1  0.39 0.31
  132 I    -4  -6  -7  -7   2  -7  -7  -7  -7   7  -1  -7  -1  -3  -5  -6  -2  -7  -5   4    1   0   0   0   4   0   0   0   0  55   5   0   1   1   0   0   3   0   0  28  1.63 0.73
  133 I    -2  -2  -4  -3  -2  -2  -3  -5  -3   5   1   0   0  -3  -4   0   2  -5  -4   2    3   2   1   1   1   2   1   0   1  33  12   7   1   0   1   8  12   0   0  14  0.54 0.36
  134 N    -3  -4   2   2  -4   3   0  -2  -2  -6  -6  -3  -5  -7  -5   5   2  -7  -6  -6    1   0  10   9   0  11   6   3   1   0   0   1   0   0   0  45  12   0   0   0  0.99 0.63
  135 S     3  -3  -4  -5   6  -2  -4  -4  -2  -1  -2  -2  -3  -3  -4   3   2  -5  -3   1   23   1   0   0  16   2   0   0   1   4   3   2   0   1   1  20  12   0   1  10  0.65 0.43
  136 R    -2   6   0  -5  -2  -2  -3  -5   2  -3  -4   5  -5  -2  -5  -3  -2  -6  -3  -1    3  39   4   0   1   1   0   0   4   1   2  31   0   2   0   2   2   0   1   6  1.12 0.59
  137 V    -2  -6  -4  -7  -4  -6  -6  -7  -7   5   1  -6  -1  -3  -6  -5  -3  -6  -4   6    3   0   1   0   0   0   0   0   0  36  10   0   1   1   0   0   1   0   1  45  1.43 0.66
  138 L    -1  -4  -2  -6  -5  -3  -3  -6  -5   1   4  -4   6  -2  -3  -3  -4  -2  -4   2    5   1   2   0   0   1   2   0   0   7  44   1  19   1   2   2   1   1   0  13  0.91 0.50
  139 V    -2   4  -1  -3   3   0  -2  -3   0  -1  -2   1   2  -2  -2  -2   2   4  -1   1    2  23   3   1   5   4   2   2   2   3   4   7   6   1   2   3  12   6   2  11  0.35 0.28
  140 D    -3  -2   1   7  -3  -1  -1  -2  -1  -4  -4   0  -5  -3  -3  -1  -2  -5  -2  -4    2   2   6  59   1   2   3   3   2   1   2   5   0   1   1   3   3   0   2   1  1.24 0.59
  141 Q    -1   0   1   3  -1   3   2  -3   0  -4  -3   2   1  -4   2  -1  -2  -4  -3  -4    4   5   6  16   2  14  12   1   2   1   2  12   4   1  10   4   2   0   1   1  0.42 0.31
  142 T     0  -1   3   1  -3   1  -1   0  -1  -1  -2   1  -1  -2   0   1   0  -4  -2   0    6   3  19   8   0   7   3   6   1   4   3   8   2   1   4   8   7   0   1   9  0.18 0.18
  143 T    -2  -1   1   1  -3  -1   0   2  -3  -3  -3  -2  -2  -3  -2   1   5  -5  -3  -2    2   2   6   9   0   3   5  16   1   1   2   2   1   1   2   9  35   0   1   3  0.52 0.38
  144 G    -1   0   2  -1  -3  -1  -2   5  -2  -3  -3   0   0  -4  -3  -1  -2  -5  -5  -2    4   5  10   2   1   3   3  47   1   2   3   6   2   1   1   4   3   0   0   3  0.72 0.40
  145 L    -1   2   0   0   0   2   0  -1   0  -1   1   2   0  -2  -1  -1   0  -2  -1  -1    4  10   5   4   2   9   4   4   2   4  13  15   3   1   2   4   4   1   2   5  0.09 0.10
  146 S    -2  -4  -2  -5   0  -2  -4  -2  -4  -5  -5  -4  -3  -5   3   7  -1  -6  -6  -4    2   1   2   0   2   2   1   3   0   0   1   1   1   1  12  69   3   0   0   1  1.50 0.80
  147 R    -4   6  -2  -5  -4  -2  -3  -3  -3  -6  -4   6  -4  -6  -5  -3  -3  -6  -5  -5    1  44   2   0   1   1   1   2   0   0   2  40   0   0   0   2   2   0   0   0  1.58 0.76
  148 G    -3  -1  -4  -4   1  -4  -6   7  -6  -5  -7  -3  -7  -6  -6  -2  -5  -7  -5  -6    1   3   1   1   3   1   0  82   0   1   0   2   0   0   0   2   0   0   1   1  2.04 0.88
  149 V    -2  -6  -6  -7   0  -3  -6  -6  -3   0  -3  -4  -3   5  -3  -3  -3  -4   6   4    3   0   0   0   2   1   0   0   0   4   1   1   0  26   2   2   1   0  23  32  1.22 0.62
  150 A     3  -7  -6  -6  -3  -3  -7   7  -7  -8  -8  -6  -7  -8  -5  -5  -6  -8  -8  -5   26   0   0   0   1   1   0  71   0   0   0   0   0   0   1   0   0   0   0   1  2.05 0.93
  151 F    -8  -5  -8  -9  -1  -9  -9  -4  -5  -6  -2  -6  -3   9  -9  -4  -8  -3   0  -4    0   1   0   0   1   0   0   2   0   0   3   0   0  87   0   2   0   0   2   1  2.98 1.17
  152 I     1  -7  -7  -8  -1  -7  -7  -5  -8   4  -2  -7  -4  -3  -7  -5  -4  -7  -6   7   11   0   0   0   1   0   0   1   0  17   3   0   0   1   0   0   1   0   0  64  1.62 0.77
  153 R    -1   5   4  -2  -1   1  -2  -4   2  -3  -1   0  -4  -6  -5   1  -1  -1  -4  -3    5  37  17   2   2   5   1   0   5   1   7   4   0   0   0  10   3   1   0   2  0.76 0.48
  154 F    -6  -7  -6  -8  -7  -4  -7  -5  -5  -5  -1  -7   5   8  -8  -5  -6  -3   5  -4    1   0   0   0   0   1   0   1   0   0   4   0  13  61   0   1   0   0  17   1  2.25 0.94
  155 D     0   0   0   4  -1  -1   4  -2  -1  -4  -4   0  -4  -4  -4   0  -2  -6  -3  -2    8   5   4  21   1   2  31   3   2   1   2   5   0   1   1   7   2   0   1   4  0.56 0.38
  156 K    -2   0   3   3  -3   1   0  -4  -1  -5  -2   2  -2  -4  -3   2   2  -5  -2  -4    2   4  13  14   1   6   5   0   1   0   4  15   1   0   1  18  14   0   1   0  0.46 0.36
  157 R    -1   4  -3  -3  -5   1   1  -3   5  -4  -4   3  -3  -4   2  -1   0  -1  -2  -3    5  23   1   1   0   6   8   1  13   1   1  15   1   1  10   3   6   1   1   2  0.59 0.39
  158 S     0  -1   0   2  -1   1   5  -2   0  -2  -3  -1  -1  -4  -2   1  -1  -3  -3  -2    7   3   4  10   1   5  37   3   2   2   2   4   1   0   1  10   2   0   1   3  0.50 0.36
  159 E     1  -4  -1   4  -1   2   5  -3  -1  -4  -4   1  -1  -6  -4   0  -3  -6  -4  -3   11   0   2  21   1   8  33   2   2   1   1   7   2   0   0   7   1   0   1   1  0.74 0.47
  160 A     7  -3  -6  -6   5  -1  -6  -4  -4  -4  -6  -4  -4  -7  -6  -3  -5  -7  -6  -4   80   2   0   0   9   3   0   0   0   1   0   1   0   0   0   1   0   0   0   1  1.96 0.93
  161 E    -1  -1  -1   2  -4   4   5  -4  -2  -2  -2   0  -2  -5  -5  -1  -2  -6  -4  -2    6   3   2   9   0  16  40   1   1   2   4   5   1   0   0   5   2   0   0   4  0.75 0.49
  162 E     1   4   1  -2  -4   2   1  -3  -1  -3  -2   3   0  -5  -3  -1  -1  -1  -3  -1   15  20   7   2   0   9   7   1   1   1   4  18   3   0   1   4   3   1   1   4  0.39 0.31
  163 A     7  -6  -7  -7   1  -6  -6  -5  -7   1  -5  -6  -4  -5  -6  -3  -4  -7  -7  -1   82   0   0   0   2   0   0   0   0   8   1   0   0   0   0   2   1   0   0   3  1.93 0.94
  164 I    -5  -4  -7  -7  -2  -4  -6  -5  -7   7   0  -3   4  -5  -5  -5  -4  -7  -6   3    0   1   0   0   1   1   0   1   0  56   8   2   8   0   0   1   0   0   0  20  1.51 0.70
  165 T     0   1   2   1  -4   2   3  -2   0  -3  -4   2  -2  -4  -4   0   1  -5  -3  -3    9   6   8   7   0  10  21   2   2   1   1  14   1   1   0   8   8   0   1   1  0.38 0.30
  166 S     2   0   0   0  -1   1   3   0   1  -3  -3   1  -1  -3  -3   1   0  -5  -4  -3   16   5   4   4   1   4  21   8   4   1   2   9   2   1   0   9   7   0   0   1  0.28 0.25
  167 F    -5  -4  -7  -7  -3  -5  -6  -3  -6  -2   5  -5   8   3  -7  -6  -3  -4  -3  -2    0   1   0   0   1   0   0   2   0   1  46   1  32  11   0   0   1   0   1   2  1.56 0.75
  168 N    -3  -5   8   1  -4  -1  -5  -1   4  -8  -8  -4  -7  -7  -5  -2  -2  -8  -5  -7    2   0  66   8   0   3   0   4  10   0   0   1   0   0   0   2   2   0   0   0  1.98 0.91
  169 G    -3  -3   2  -1  -5  -3  -2   7  -4  -8  -7  -3  -4  -6  -5  -3  -5  -7  -7  -5    1   1   9   4   0   2   3  73   0   0   0   1   1   0   0   2   0   0   0   1  1.75 0.80
  170 H    -2   0  -2  -2  -3   2  -1  -3   2  -3  -2   4   2   0  -4   1   2  -4   1  -1    3   3   1   1   1   8   4   1   5   1   2  27   6   3   0   8  13   0   6   6  0.38 0.32
  171 K    -2  -1  -1  -1  -2   1   1  -3  -1   1   0   1   1   0  -1  -1   1   4   1   1    2   3   3   4   1   7   9   1   1  10   8   8   3   4   3   2  10   7   5  10  0.14 0.15
  172 P    -3  -3  -5  -3  -2  -4  -4  -3  -2   3   4  -3   1   0   4  -4  -3   0  -2   0    1   1   0   2   1   0   1   2   1  14  40   1   3   4  18   1   1   1   1   7  0.70 0.39
  173 P    -1   1   1   1  -3   1   2  -2  -1  -2  -2   0  -2  -2   4   0  -1  -2  -2  -2    5   7   5   9   1   6  15   3   1   2   4   6   1   2  21   5   3   0   1   3  0.33 0.20
  174 G    -1  -2   1   0   3  -1   0   4  -1  -2  -2  -2  -1  -1   0  -1  -1  -3  -2  -1    3   2   8   5   5   2   6  38   1   2   4   2   2   3   4   4   3   0   1   4  0.43 0.25
  175 S     1  -1   1   0   1   0  -2   3   1  -3  -2  -1  -2  -1   0   2  -1   0  -2  -3   10   2   7   4   4   5   1  24   3   1   3   4   1   2   5  16   3   1   1   1  0.27 0.23
  176 S    -1  -1   1   0  -1   0   0   1   0  -2  -2   0   1  -3   0   2   2  -4  -2  -2    4   3   7   5   1   4   6  10   2   1   3   5   4   1   4  20  15   0   1   3  0.20 0.20
  177 E    -3   4  -1   1  -3   0   3  -3  -2  -4  -2   3  -2  -4  -3  -2  -1  -1  -2  -2    2  22   3   7   1   4  23   2   1   1   4  20   1   1   1   2   3   1   1   2  0.58 0.37
  178 P     1   0  -3  -3  -3   1  -2  -3  -1  -2  -3   1  -2  -4   6  -1   0  -5  -3  -1   10   4   1   2   1   5   3   2   1   2   2   8   1   1  41   4   6   0   1   5  0.82 0.45
  179 I    -3  -2  -6  -6  -5  -4  -3  -5  -5   5   4  -5   3  -1  -6  -5  -4  -3  -4   0    1   3   0   0   0   1   2   1   0  35  40   1   7   3   0   1   1   0   0   4  1.11 0.54
  180 T    -3   3  -1  -3  -1   0  -1  -3  -2  -1   0   1  -1   0  -3   0   2   1   3   1    1  15   3   1   1   4   3   2   1   2   9   8   1   4   1   7  14   2  12   9  0.23 0.23
  181 V    -2  -4  -5  -6   4  -5  -3  -2  -6   2  -3  -4  -3  -3  -4  -4  -1  -6  -3   6    2   1   1   0   8   0   2   3   0  11   2   1   0   1   1   1   4   0   1  60  1.30 0.63
  182 K     0   2   2  -2  -1  -1  -2   1  -1  -5  -3   5  -3  -4  -3   1  -3  -4  -3  -4    6  12   9   2   1   2   2   9   1   0   2  38   1   1   1   9   1   0   1   1  0.66 0.41
  183 F    -3   3  -4  -5  -2  -3  -4  -4  -1  -1   0  -3  -1   6  -3  -4  -2   5   2  -1    2  17   1   0   1   1   1   1   1   3   7   1   1  36   2   1   3   9   6   5  0.95 0.48
  184 A     6  -4  -4  -4  -3  -2  -3  -4  -2  -5  -5  -2  -4  -3  -2  -1   0  -5  -3  -1   71   1   1   1   1   1   2   1   1   1   1   2   0   1   2   3   5   0   1   4  1.38 0.70
  185 A     0   0   3   3  -3   3   1  -2   1  -2  -2   0  -1  -3  -2   0   1  -4  -3  -3    6   5  13  16   1  14   8   3   3   2   3   4   1   1   2   7   9   0   1   2  0.31 0.24
  186 N    -2   1   2   1  -1   1   0   0   1  -3  -3   2  -2  -3   2   1   0  -4  -1  -3    3   8  10   7   1   5   5   8   3   1   2  14   1   1  10  13   5   0   2   1  0.24 0.19
  187 P    -1   0   0  -1  -3   0  -1   1   2  -3  -3   4  -3  -4   4   0  -2  -3  -3  -4    5   5   4   3   1   3   3  11   5   1   2  26   1   1  20   7   2   0   1   1  0.53 0.33
  188 N     1   0   2   0  -3   1   1   1   0  -3  -3   0  -2  -2   0   2   0  -4  -2  -2   12   4  12   4   0   7   9  12   2   1   2   6   1   2   4  14   4   0   1   3  0.20 0.18
  189 Q    -1   1   0  -2  -2   3   3  -2  -2  -2  -3   3  -2  -3   0   0  -1  -3  -1  -2    4   6   5   1   1  15  17   3   1   2   2  22   1   1   5   7   4   0   2   2  0.42 0.30
  190 N    -1   3   2  -1  -3   2  -1  -1   0  -2  -3   3  -2  -3  -1   1   0  -4  -3  -2    5  14  10   2   0   9   4   5   2   2   2  21   1   1   3   9   4   0   1   3  0.33 0.23
  191 K    -1   2   0  -1  -4   2   1  -1  -1  -2  -2   4  -1  -3  -1   0   0  -4  -3  -2    5  11   4   2   0   9   8   5   2   3   3  24   2   1   3   8   6   0   0   2  0.31 0.23
  192 N     1   0   2   0  -2   3   0   1   0  -3  -2   1  -2  -3   0   1  -1  -3  -2  -2   11   5  12   5   1  13   6  10   2   1   3   8   1   1   5   9   3   0   1   2  0.22 0.18
  193 M     0   0   0   0  -1   2   1  -1   1  -1  -1   0   1   0   1   0   0  -1   1  -1    7   6   4   5   1  10   8   5   4   3   5   6   5   5   6   6   5   1   4   5  0.06 0.06
  194 A     1   0   0  -1  -1   1   0   0   1  -1   0   0   0  -1   1   0   0   1   1  -1   13   5   3   2   1   8   5   9   3   2  10   5   2   2   8   6   4   2   5   3  0.07 0.08
  195 L     0   0   0  -1   0   1   0  -1   0  -1   0   0   1   1   1   0   0  -1   0  -1    7   5   6   3   2   7   5   5   2   3   9   6   5   7   7   5   5   1   3   5  0.03 0.04
  196 L     0   0   0   0  -2   1   0   0   0   0   0   0   1  -1   1   0   0  -1   0   0    7   5   5   5   1   6   6   7   3   4  10   6   5   3   6   9   5   1   2   6  0.03 0.03
  197 S     0  -1   1   0  -1   1   0   1   1  -1  -1   1  -1  -1   1   1   0  -1   0  -1    8   3   7   5   1   8   4   9   3   3   5   8   1   2   6  14   5   1   3   4  0.08 0.07
  198 Q     0   0   1  -1  -3   3   0  -1   1  -2  -2   0   0   0   1   0  -1   1   0  -2    8   6   6   4   1  15   7   5   4   2   4   5   3   5   7   6   4   2   4   3  0.12 0.11
  199 L     0   0   0   0  -1   1   0   0   0   0   0   0   0   0   0   0   0  -1   0   0    8   4   6   4   1   8   7   7   3   5  13   4   3   3   5   6   5   1   3   4  0.02 0.02
  200 Y     0   1   1   0  -1   1   0   0   1  -1  -1   0   1   0   1   0   0   1   1  -1    6   7   7   4   1   6   5   7   4   3   6   5   4   3   6   7   5   2   7   4  0.05 0.05
  201 H     0   0   0  -1  -2   2  -1   0   4  -1  -1   0   1  -1   2   0  -1   0   0  -1    6   4   5   3   1  10   3   7  10   3   6   5   4   2  11   5   4   1   3   5  0.15 0.12
  202 S     0   0   1   0  -2   1   0   0  -1  -1  -1   0  -1  -1   1   1   0   1  -1  -1    9   6   7   6   1   7   7   7   1   4   5   5   2   2   7  12   6   2   2   3  0.08 0.07
  203 P     0   0  -1   0  -2   2  -1  -1   1  -2  -1   0  -1  -2   4  -1  -1  -2  -1  -1    7   6   3   6   1   8   4   5   3   3   6   5   1   2  24   5   4   0   2   3  0.29 0.18
  204 A     2   0   1  -1  -1   0   0   0   0  -1  -1   0   0  -1   1   0   0  -1  -1  -1   17   4   8   3   1   5   4   7   2   3   6   6   2   3   7   8   6   1   2   5  0.08 0.08
  205 R     0   4   1  -2  -3   2   0  -1  -1  -2  -2   0   0  -2   0   0   0  -2  -1  -1    6  25   6   2   0  10   5   4   2   2   5   4   3   1   4   6   6   1   2   4  0.28 0.20
  206 R    -1   4   1  -2  -1   2  -1   0   0  -2  -2   1   0  -2   0   0  -1   0   0  -2    6  19   6   2   1   8   4   6   2   3   5   8   3   2   6   8   3   1   3   3  0.24 0.22
  207 F     0   0   0  -1  -1   0  -2  -1   0  -1  -1  -2   1   3   1   0  -1   2   3   0    9   5   5   3   2   4   3   5   2   4   5   2   4  13   6   6   5   2   8   7  0.15 0.14
  208 G     0   0   0  -1   0   1   0   3   0  -1  -2  -1   0  -1   1  -1  -1   1   0   0    8   5   4   3   2   6   5  18   2   3   5   4   3   2   8   4   4   2   4   7  0.12 0.12
  209 G    -1   0   0   0   2   0   0  -1   2   0  -1   0   2   1   0  -1   0   4   1  -1    5   5   5   5   5   5   5   5   5   5   5   5   5   5   5   5   5   5   5   5  0.09 0.08
  210 P     0   0   0   0   0   1  -1   0   2  -1  -1   0   2   0   2   0   0   1   1  -1    7   5   5   4   2   5   5   8   5   4   5   5   6   4  10   6   5   2   5   4  0.09 0.09
  211 V     0   0   0  -2   0   1   0   0   2   1   0   0   2  -1   1   0  -1  -4   0   0    6   4   4   2   2   7   6   6   4   8   9   6   5   3   6   8   4   0   4   7  0.05 0.06
  212 H    -1   1   2  -1  -1   2   0   0   4  -2  -2   0   0   0  -1   0  -1  -5   1  -2    6   7  10   3   1  10   5   8   8   2   5   5   2   4   4   8   4   0   4   4  0.17 0.16
  213 H    -1   0   1   0  -2   2   1   0   5  -2  -3  -1   0  -1   2   0  -1  -2   0  -2    5   4   5   6   1   9   7   8  12   2   3   3   2   3  12   6   4   1   3   4  0.24 0.19
  214 Q     0   0   0  -1  -2   4   0   0  -1  -2  -2   0   1  -2   2   1   0  -4   0  -2    9   5   4   3   1  18   5   6   1   2   4   4   4   2  12   9   5   0   3   3  0.24 0.20
  215 A     1  -1   0  -1  -2   1   0   1   0  -1  -1  -1   0  -1   1   1   0  -3  -1  -1   14   3   5   2   1   6   7  10   3   4   7   3   3   2   7  10   6   0   2   4  0.08 0.09
  216 Q     0   0   1  -1  -3   3   0   0   0  -2   0  -1   1  -2   1   0   0  -3  -1  -1    8   4   6   4   0  15   5   8   3   2  11   3   4   2   7   7   5   0   3   4  0.12 0.13
  217 R     0   3   1  -2  -2   1  -1  -1   0  -1  -1   1   1  -1   0   0   0  -3   0  -1    6  19   7   2   1   7   3   5   2   3   6   8   4   2   5   8   5   0   3   4  0.15 0.13
  218 F     0   1   0  -1  -1   1  -1   0   1  -1  -1   0   1   1   1   0   0   0   1  -1    7   7   6   3   1   7   3   7   3   4   6   4   4   7   7   6   5   1   7   5  0.04 0.05
  219 R     0   2   0   0  -1   1   0   0   0  -1  -1   0   1  -1   1   0   0  -2   0  -1    8  12   5   4   1   8   4   6   2   3   7   5   3   2   8   7   4   0   4   4  0.07 0.08
  220 F     0   0   0  -2  -2   0   0   0   1  -1  -1  -1   0   2   1   0   0   0   2   0    6   5   5   2   1   5   5   7   4   4   7   4   3   8   7   6   5   1   9   6  0.06 0.07
  221 S     0  -1   1   0  -2   1   0   0   0  -1  -1  -1   1   0   1   1   0  -2   0  -1    6   4   7   6   1   5   7   8   3   4   7   2   4   4   7  11   6   0   3   5  0.05 0.06
  222 P    -1   0   1  -1  -1   2  -1   0   1  -2  -2  -1   1  -2   4   0   0  -2  -1  -2    5   4   6   3   1   8   4   8   3   3   5   3   4   2  24   7   5   1   2   3  0.32 0.21
  223 M     1  -1   1  -1  -2   1   0   0   0  -1   0  -1   2   0   1   0   0  -1   0   0   11   4   6   3   1   6   5   7   2   4   8   3   8   4   7   7   7   1   4   5  0.05 0.06
  224 G     0   0   0   0  -2   1   0   0   1  -1  -1   0   1  -1   1   0   1   0   0  -1    8   4   5   4   1   6   6   8   4   3   5   6   4   3   8   8   9   1   3   5  0.06 0.05
  225 V     0   0   0  -1  -1   0   0   0   0   0   0  -1   2  -1   1   0   0  -2   1   0    9   6   5   3   1   5   4   8   2   5   7   3   6   3   7   7   6   0   6   6  0.04 0.05
  226 D     0  -1   1   2  -3   2   1   0   1  -2  -1  -1  -1  -2   1   1   0  -3   0  -2    7   3   6  11   1  11   9   6   3   2   6   3   2   2   8  10   5   0   3   3  0.14 0.12
  227 H     0   1   1   0  -2   1   0   0   2  -2  -1   0   1   0   1   0   0  -2   1  -1    6   7   9   5   1   5   4   7   6   2   6   5   4   3   7   8   6   0   6   3  0.08 0.07
  228 M     0   0   0  -1  -1   0  -1   0   1   0   0  -1   2   0   1   0   0  -2   0   0    7   5   5   2   2   5   3   9   4   4  10   3   7   3   6   7   5   0   3   8  0.03 0.05
  229 S     1   0   1   0  -2   1   0   0   0  -2  -2   0   0  -1   1   1   0  -1   0  -2   11   4   8   4   1   7   4   8   2   2   4   5   3   3   7  13   7   1   4   2  0.10 0.09
  230 G     0   0   0  -1  -2   0  -1   1   0  -2  -1   0   0  -1   2   1   0   2   0  -1    9   5   5   4   1   5   4  13   2   2   6   6   3   3  10   9   5   3   4   3  0.09 0.07
  231 I     0  -1   0  -1  -1   0   0   0   0   0   0   0   1   0   0   1   1  -2   1   0    9   2   6   3   1   5   4   7   2   5   7   4   4   3   5  10   8   0   5   9  0.03 0.04
  232 S     0   0   0  -1  -1   2  -1   0   1  -1  -1  -1   0  -1   1   1   0   0   1  -1    9   4   4   3   1  10   4   7   4   4   6   3   3   2   6  14   5   1   6   4  0.08 0.09
  233 G     0  -1   1   0  -3   1   0   2   0  -2  -1  -1   1  -1   2   0  -1   0  -1  -1    9   2   8   4   1   6   7  16   2   2   5   3   3   2  12   6   3   1   2   4  0.15 0.11
  234 V     0   0   0   0   0   1   0   0   0   0  -1   0   0   0   1   0   0   0   0   0    7   5   3   5   3   6   6   5   3   5   6   5   4   3   7   6   6   1   5   7  0.03 0.02
  235 N     0  -1   2   0  -2   2   0   1  -1  -2  -1  -1   1  -2   1   1   0  -3  -1  -1    8   4  12   6   1   9   4   9   1   2   5   2   5   1   7  10   6   0   2   5  0.11 0.10
  236 V     0   0   0  -1   0   1   0   0  -1   0   0   0   1  -1   1   0   0  -1   0   0    8   5   5   3   2   7   4   8   1   6   8   4   4   3   7   8   5   1   4   7  0.03 0.02
  237 P     0   0   1  -1  -1   1   0   0   0  -1  -1   0   0  -1   2   0   0  -2   1  -1    8   4   6   4   1   7   4   8   2   4   4   6   3   2  11   8   6   0   5   5  0.09 0.07
  238 G     0  -1   1  -1  -1   2   0   2   0  -1  -1  -1   0  -1   1   0   0  -2  -1  -1    9   3   6   3   1   9   7  16   2   3   6   3   3   3   6   8   6   1   2   4  0.09 0.08
  239 N     0   0   2   0  -2   2   0   0   2  -1  -2   0   0  -2   0   1   1  -2   0  -2    7   6  11   5   1   9   6   6   5   3   4   5   3   1   5   9   8   1   4   3  0.11 0.10
  240 A     0   0   1   1  -1   1   1   0   0  -2  -2   0   0  -1   1   1   0  -1   0  -1    7   6   6   9   1   7   8   7   2   2   4   5   2   2   7  10   5   1   4   4  0.08 0.07
  241 S     0  -1   1  -1  -2   1  -1   0   0   1  -2  -1  -1  -1   3   1   0  -3   0  -1    8   3   6   3   1   7   3   8   2  10   4   3   2   2  15  11   7   0   3   3  0.16 0.14
  242 S     0  -1   1   1  -4   3   0   0  -1  -3  -3   1  -2  -2   2   1   0  -2  -1  -3    7   3   8   7   0  13   5   6   1   1   2  10   1   2  10  12   7   1   2   2  0.23 0.19
  243 G    -1  -1   3   0  -2   0  -2   4  -1  -3  -4  -2  -2   0   1   0  -2   0   0  -3    5   3  14   4   1   4   3  32   1   1   2   2   1   5   6   7   2   1   4   2  0.43 0.27
  244 W     1  -2  -3  -3   2  -3  -3  -2   0  -1  -2  -2  -1   0  -2   0   4   5   2   1   10   2   1   1   4   1   1   3   3   3   4   2   1   3   2   7  30   7   6   9  0.47 0.33
  245 C    -3  -3   6  -3   4  -1  -3  -2  -3  -1  -4  -2  -2  -5  -1   0   3  -6  -3  -1    2   1  36   1   8   3   2   3   1   3   2   2   1   0   3   6  21   0   1   5  0.89 0.51
  246 I    -4  -5  -5  -7  -2  -3  -6  -7   0   3   5  -6  -1  -2  -3  -2  -3  -6  -1   3    1   0   1   0   1   1   0   0   2  14  46   0   1   1   2   3   2   0   2  22  0.99 0.51
  247 F    -5  -3  -3  -7  -1  -2  -7  -6  -1  -2  -3  -7  -1   5  -3  -5  -4  -1   8  -4    1   2   1   0   2   2   0   1   2   3   3   0   1  22   2   1   1   1  55   1  2.00 0.88
  248 I    -2  -5  -5  -5   0  -4  -5  -7  -3   5  -1  -5  -1  -2  -5  -5  -2  -7  -3   6    3   0   1   1   2   1   1   0   1  27   6   1   1   1   1   0   2   0   1  51  1.34 0.63
  249 Y    -1   0   0  -4   0  -1  -3   3   0  -4  -4   3  -2  -1  -3   1   0  -3   4  -3    5   6   5   0   2   2   1  20   2   1   1  19   1   3   1   9   7   0  14   2  0.41 0.31
  250 N    -5  -4   8  -4  -7  -1  -5   2   0  -4  -6  -5  -5  -3  -2  -2  -4  -3   2  -6    1   1  59   0   0   3   0  17   2   1   1   0   0   1   2   3   1   0   7   1  1.69 0.80
  251 L    -5  -6  -7  -7  -4  -6  -7  -6  -2   3   6  -6   0   0  -3  -5  -4   0  -3  -1    1   0   0   0   0   0   0   1   1  16  65   0   2   4   1   1   1   1   1   4  1.41 0.66
  252 G     0  -5  -2   3  -4  -2  -2   0   0  -5  -6  -4  -3  -7   6   0   0  -7  -5  -3    9   0   2  17   0   2   3   8   2   1   1   0   1   0  39   8   5   0   0   2  1.00 0.56
  253 Q    -1   1  -1   2  -3   1   1  -3   1  -3  -2   1  -2  -4   5   0  -1  -2  -3  -2    4   7   3  12   0   7   7   2   4   2   4   8   1   1  25   7   4   1   1   2  0.43 0.30
  254 D    -2  -3   2   3  -2   0   1  -1   3  -3  -3  -2  -4  -1  -3   1   2  -2   2  -4    3   1  11  16   1   4  11   5   6   1   2   1   0   3   1  12  13   0   7   1  0.37 0.30
  255 A     0  -5  -5  -4   0  -2  -4  -5  -2   3   0  -4   4   1  -2  -2   2   2   1   3    8   0   0   1   2   2   1   0   1  15   6   0  13   5   2   3  14   3   5  19  0.50 0.34
  256 D    -3  -4   2   4  -3  -1   0  -3  -1  -5  -4  -1  -4  -7  -4   0   5  -7  -6  -4    2   1  10  25   0   2   5   2   2   0   2   4   0   0   1   7  36   0   0   1  0.95 0.57
  257 E    -4  -2  -1   5  -5   3   6  -4  -3  -6  -5  -2  -4  -8  -2  -3  -4  -7  -7  -5    2   2   2  27   0  14  42   1   0   0   1   2   0   0   2   2   1   0   0   1  1.29 0.69
  258 G     1  -1   2   3  -3   2   3  -2   0  -4  -2   1  -3  -5  -2   0  -1  -6  -2  -3   10   3  11  15   1   9  21   2   2   1   4   7   0   0   2   7   4   0   2   2  0.38 0.29
  259 I    -1   1   0   4  -4   2   3  -2   0  -2  -2   0   1  -2  -3  -1  -1  -1  -3  -1    4   7   4  21   0   7  18   2   2   2   4   6   4   2   1   5   4   1   1   5  0.34 0.27
  260 L    -4  -7  -8  -8  -2  -4  -8  -8  -8   1   6  -7   1  -2  -8  -5  -3  -7  -3   0    1   0   0   0   1   1   0   0   0   6  79   0   3   2   0   1   1   0   1   5  1.77 0.80
  261 W    -3   4  -2  -1  -3   1   2  -3   2   0  -2   1  -2  -1  -2  -3  -2   5   2  -1    1  21   1   4   1   5  15   2   5   5   3   9   1   2   2   1   2   9   6   5  0.49 0.34
  262 Q     0   1   1   1  -4   4   3  -3  -1  -4  -5   2  -2  -6   1   1  -1  -6  -5  -3    7   8   7   6   0  18  17   2   1   1   1  10   1   0   6   9   3   0   0   1  0.47 0.35
  263 M    -1  -3  -3  -5  -1  -1   0  -5   2   1   4  -2   4  -1  -3  -3  -1  -3  -1   0    5   1   1   0   1   2   7   0   5   8  40   2  11   2   1   1   5   0   2   4  0.55 0.35
  264 F    -5  -8  -8  -8   2  -8  -8  -8  -3  -5   1  -8  -5   9  -4  -7  -5  -5  -3  -4    1   0   0   0   3   0   0   0   1   0  12   0   0  78   1   0   1   0   0   1  2.71 1.06
  265 G     2  -2  -1  -2  -3   3   0   2   0  -4  -3  -1  -3  -4  -5   4  -2  -6  -3  -4   14   2   2   1   1  12   6  14   2   1   2   4   0   1   0  32   2   0   1   1  0.57 0.43
  266 P    -1   1   0  -2  -2   3  -1  -2   0  -6  -5   2  -4  -7   6   0  -2  -7  -5  -3    5   7   5   2   1  14   4   3   2   0   1  10   0   0  35   6   2   0   0   2  0.83 0.51
  267 F    -6  -7  -8  -7   2  -7  -6  -8   1  -3  -2  -8  -4   8  -8  -3  -7  -2   7  -4    0   0   0   0   4   0   1   0   4   2   4   0   0  49   0   2   0   0  32   1  2.20 0.93
  268 G    -3  -6  -6  -7  -8  -7  -8   8  -8  -9  -9  -5  -8  -9  -8  -6  -7  -8  -8  -6    2   0   0   0   0   0   0  95   0   0   0   1   0   0   0   0   0   0   0   1  2.86 1.15
  269 A     2   1   1  -1  -4   2   1  -2   1  -3  -3   1  -2  -2   0   0   3  -5   0  -2   15   7   6   3   0   9   9   2   3   1   2  10   1   2   4   4  17   0   4   2  0.25 0.24
  270 V    -5  -7  -7  -7  -6  -7  -7  -8  -7   7  -2  -7  -3  -5  -6  -7  -4  -7  -6   5    1   0   0   0   0   0   0   0   0  57   3   0   0   0   0   0   1   0   0  34  2.02 0.84
  271 T    -2  -3  -1  -4  -3   1  -1  -5  -2   4   0  -2   0  -3  -3  -1   3  -3  -3   3    2   1   3   0   1   6   5   0   1  24   7   2   2   1   1   4  18   0   1  20  0.51 0.35
  272 N    -3  -2   2   1  -2   2   1  -3  -1  -6  -6  -1  -5  -5  -3   5   1  -6  -1  -6    1   2   8   7   1   9  10   1   1   0   0   4   0   1   1  44   7   0   2   0  0.85 0.55
  273 V     2  -2  -5  -5   4  -5  -5  -4  -3   1  -3  -2  -3  -2  -4   0   3  -6  -3   4   16   3   0   0   8   0   0   1   1   8   2   3   0   1   1   7  18   0   1  29  0.67 0.43
  274 K    -5   6   2  -3  -3   0  -3  -4   0  -5  -6   5  -4  -4  -5  -2  -2  -7  -2  -4    1  37   8   1   1   4   1   1   2   1   1  33   0   1   0   3   2   0   1   1  1.23 0.64
  275 V    -1  -6  -7  -7  -3  -5  -5  -4  -7   6   1  -6   1  -1  -5  -5  -3  -6  -5   5    5   0   0   0   0   0   1   2   0  38  11   0   3   2   1   1   1   0   0  35  1.27 0.59
  276 I    -2  -5  -6  -4  -2   1  -5  -6  -4   3   3  -3   6   1   0  -4  -4  -5  -3   0    3   0   0   1   1   7   0   0   0  17  30   2  20   5   6   1   1   0   1   5  0.84 0.47
  277 R    -1   6  -4  -5   0  -2  -3  -4  -1  -2  -1   2   1  -1   0  -2   0   0   0   0    6  38   1   0   2   1   1   1   2   2   6  11   4   2   5   2   6   1   3   6  0.63 0.39
  278 D    -4  -2   2   7  -5  -3   1  -4  -2  -5  -4  -2  -5  -5  -4  -4  -3  -5  -3  -5    1   2   8  67   0   1   7   1   1   1   2   2   0   1   1   1   2   0   1   1  1.74 0.71
  279 F     0   0   0  -1  -2   2   1  -2   0  -2  -1   2  -1   1   2   0   0  -1   0  -1    6   4   4   3   1   8   8   3   2   2   6  17   1   6   9   7   6   1   3   3  0.14 0.11
  280 N     0  -1   3   1  -3   2   1  -1   0  -1  -2   1  -1  -2  -2   0   1  -2  -1  -1    7   3  17   9   0   8   8   4   2   4   4   8   2   1   1   6   8   0   2   5  0.18 0.14
  281 T    -1  -1   1   0  -3  -2  -1   0   1  -2  -2   0   0  -1  -2   1   5  -1  -2  -1    5   3   7   5   1   1   3   8   3   2   4   5   2   3   2   8  35   1   1   3  0.40 0.23
  282 N    -3  -1   4  -2  -2   0  -3   5   0  -4  -4  -1  -2  -3  -3  -1  -2  -2  -3  -4    2   4  18   2   1   5   2  47   2   1   2   3   1   1   1   3   2   1   1   1  0.92 0.42
  283 K    -1   1  -2  -2  -2   2   0  -2   0   0   0   3   0  -2  -1  -1   0   0  -1   0    4   8   1   2   1  12   4   2   2   5   9  21   3   2   2   5   6   1   2   7  0.19 0.16
  284 C    -2  -2  -2  -4   6  -4  -2   0  -2  -5  -4  -4  -3  -4   1   5  -2  -5  -3  -4    3   2   1   1  17   1   3   7   1   1   1   1   1   1   7  48   2   0   1   1  1.13 0.59
  285 K    -6   6  -3  -5  -8  -2  -4  -4  -6  -8  -5   7  -3  -6  -7  -4  -4  -8  -3  -7    0  35   1   0   0   1   1   1   0   0   1  54   1   0   0   1   1   0   1   0  1.92 0.89
  286 G    -5  -2  -3  -5   0  -5  -5   7  -7  -8  -6  -5  -8  -3  -5  -4  -7  -8  -8  -5    0   3   1   1   2   1   1  86   0   0   1   0   0   2   1   1   0   0   0   1  2.32 0.99
  287 F    -4  -7  -5  -8   3  -7  -7  -5  -5  -1  -4  -7  -4   7  -7  -3  -4  -4   6   4    1   0   1   0   6   0   0   1   0   3   0   0   0  36   0   2   1   0  21  26  1.62 0.74
  288 G     3  -7  -6  -7  -1  -7  -7   7  -7  -8  -8  -7  -7  -4  -7  -3  -6  -8  -8  -6   24   0   0   0   1   0   0  71   0   0   0   0   0   1   0   2   0   0   0   0  2.09 0.93
  289 F    -8  -9  -9  -9  -8  -9  -9  -6  -4  -4  -5  -9  -6  10  -9  -8  -8  -5  -1  -5    0   0   0   0   0   0   0   1   0   1   1   0   0  94   0   0   0   0   2   1  3.56 1.32
  290 V     1  -8  -8  -9  -2  -8  -8  -8  -9   3  -4  -8  -5  -6  -8  -4  -4  -8  -7   7   12   0   0   0   1   0   0   0   0  14   1   0   0   0   0   1   1   0   0  71  2.00 0.90
  291 T    -3   5   1   0   5   1  -4  -4  -2  -4  -3   1  -4  -7  -6  -1   3  -4  -5  -5    2  34   8   4  11   5   0   1   1   1   3   8   0   0   0   4  16   0   0   0  0.92 0.55
  292 M    -8  -8  -9  -9  -8  -8  -9  -9  -7  -6  -2  -8   8   7  -9  -8  -7  -5   5  -3    0   0   0   0   0   0   0   0   0   0   4   0  31  46   0   0   0   0  17   1  2.52 1.06
  293 T     0  -1   0   4  -4  -2   3  -2  -2  -3  -3  -1  -3  -3  -3   2   1  -6  -3  -1    9   3   4  22   0   1  19   2   1   1   3   2   1   1   1  16   9   0   1   4  0.46 0.35
  294 N    -3  -1   4   0  -2   1  -3  -5   0  -5  -3   1  -3  -5  -5   4   3  -7  -5  -5    1   4  20   5   1   6   1   0   2   0   3   8   1   0   0  28  20   0   0   0  0.80 0.54
  295 Y    -2   4  -4  -3  -5   0  -3  -4   5  -5  -3   2  -4  -1   3  -2  -1  -2   4  -4    4  21   0   1   0   4   1   1  14   0   2  13   0   2  16   2   4   1  12   1  0.77 0.48
  296 E     0  -3  -1   3  -4   0   6  -3   2  -3  -5  -2  -1  -6  -4   0  -2  -7  -5  -3    7   1   2  15   0   4  45   2   4   2   1   2   1   0   1   7   2   0   0   2  0.93 0.56
  297 E     0  -2   0   3  -1   1   5  -4   0  -4  -6   1  -3  -7  -6   1  -4  -7  -5  -6    9   1   5  13   1   5  41   1   2   1   0   8   1   0   0  10   1   0   0   0  0.90 0.56
  298 A     7  -8  -8  -8   5  -7  -7  -5  -8  -7  -6  -7  -7  -8  -7  -4  -5  -9  -8  -5   86   0   0   0  11   0   0   1   0   0   1   0   0   0   0   1   1   0   0   1  2.48 1.12
  299 A     2  -2  -1   1   0   3   4  -3  -3  -3  -2  -2  -1  -4  -5  -1   2  -4  -2  -1   18   1   3   6   2  12  25   2   0   1   5   2   2   1   0   4  11   0   1   4  0.42 0.35
  300 M     1   2   1  -2  -4   1   1  -4   1  -3   0   3   3  -4  -4  -1  -2  -3  -2  -1   10  11   8   2   0   7   9   0   3   1  10  18   8   1   0   4   2   0   1   4  0.32 0.28
  301 A     7  -7  -7  -7  -2  -7  -7  -5  -7   1  -7  -6  -3  -7  -7  -3  -4  -8  -7  -1   83   0   0   0   1   0   0   0   0   8   0   0   1   0   0   1   1   0   0   4  2.12 1.00
  302 I    -6  -3  -8  -8  -2  -5  -6  -8  -8   7  -1  -4   1  -5  -8  -6  -4  -8  -6   3    0   2   0   0   1   1   0   0   0  66   6   1   4   0   0   0   1   0   0  18  1.91 0.82
  303 A     1   0   2   0   0   3   1  -4   1  -3  -3   1  -2  -4  -4   0   1  -3  -2   0   12   5   9   6   2  16   9   1   4   1   2   8   1   1   0   7   9   0   1   6  0.29 0.26
  304 S     2  -1   0  -2  -1   2   2   0   2  -3  -3   0   1  -4  -4   2   0  -3  -2  -2   19   3   5   2   1   8  15   5   5   2   2   6   4   0   0  13   7   0   1   2  0.28 0.26
  305 L    -4  -5  -8  -8  -4  -7  -7  -4  -7  -2   5  -6   7   3  -8  -7  -4  -6  -3  -2    2   1   0   0   0   0   0   1   0   1  52   0  26  11   0   0   1   0   1   2  1.66 0.77
  306 N    -4  -5   8   0  -6   0  -6  -4   4  -6  -9  -4  -8  -8  -6  -2  -4  -9  -5  -7    1   0  73   5   0   4   0   1   9   1   0   1   0   0   0   3   1   0   0   0  2.36 1.04
  307 G    -3  -3   2  -3  -6  -3  -5   7  -3  -8  -6  -3  -6  -5  -7  -3  -5  -8  -8  -8    2   1   8   2   0   2   1  77   1   0   1   2   0   1   0   2   1   0   0   0  2.00 0.89
  308 Y    -1   1  -2  -5  -2   0  -3  -4   2  -2  -2   3   0   2  -5   0   2  -4   4  -1    5   8   1   0   1   5   1   1   5   2   4  21   2   8   0   7  12   0  14   3  0.46 0.35
  309 R    -2   1   0  -2  -2   1   0  -4  -1   2   0   0   3   0   0  -2   1  -2   0   1    2   8   4   2   1   7   6   1   1  11   6   5   9   3   5   2  12   0   4  10  0.16 0.19
  310 L    -5  -6  -5  -7  -3  -3  -6  -6  -2   4   4  -6   0   1   0  -5  -4  -1   1   3    0   0   1   0   0   1   0   1   1  23  36   0   2   6   6   0   0   1   4  18  0.92 0.49
  311 G    -1  -1   2   1   0   1   0   4   2  -4  -4   0  -2  -4   2  -1  -2  -3  -1  -4    6   4   9   6   2   7   5  27   6   1   2   6   1   1  10   3   2   0   2   1  0.40 0.29
  312 D    -3  -2   3   0  -5  -1  -2   6  -2  -5  -7  -3  -6  -7  -6   1   0  -8  -7  -5    2   2  14   6   0   2   3  51   1   1   0   2   0   0   0   9   6   0   0   1  1.15 0.62
  313 K    -3   4  -1  -3  -5   2   3  -5   1  -6  -5   5  -6  -6  -5   0  -3  -7  -3  -6    2  23   3   1   0   7  16   1   3   0   1  35   0   0   0   6   1   0   1   0  1.04 0.60
  314 I    -2   1  -2  -4  -7  -1  -2  -6  -3   0  -4  -1  -2  -4   6  -2   1  -4  -4   1    4   9   2   1   0   3   2   0   1   5   1   4   1   1  44   2  10   0   1   9  1.04 0.60
  315 L    -4  -8  -9  -9  -6  -7  -8  -9  -8   4   6  -5   1  -3  -8  -7  -6  -1  -6   1    2   0   0   0   0   0   0   0   0  21  63   1   3   1   0   0   0   1   0   9  1.65 0.75
  316 Q    -4   2  -2  -5  -5   4  -3  -5   0  -3   0   3  -2  -1  -5   0   0  -2   4  -1    1  10   1   0   0  16   1   0   2   2  11  20   1   2   0   6   5   0  16   4  0.59 0.42
  317 V    -5  -8  -9  -9   6  -8  -8  -9  -9   0  -1  -8  -4  -6  -8  -7  -4  -9  -7   7    1   0   0   0  15   0   0   0   0   4   6   0   0   0   0   0   1   0   0  73  2.24 0.96
  318 S     1   1  -2  -4  -4  -2  -3   0  -5  -7  -6   4  -2  -4  -5   5  -2  -7  -4  -5   12   7   2   1   0   1   1   7   0   0   0  27   1   1   0  37   2   0   1   0  0.93 0.59
  319 F    -7  -1  -8  -8  -7  -5  -6  -8  -3   0   2  -5  -3   7  -5  -7  -7   8   3  -2    0   4   0   0   0   1   0   0   1   6  17   1   1  39   1   0   0  20   7   3  1.71 0.76
  320 K     6  -3  -6  -5  -4  -5  -6   3  -2  -6  -6   3  -6  -5  -5  -2  -4  -8  -4  -5   56   1   0   0   0   0   0  18   1   0   0  18   0   0   0   2   1   0   1   0  1.37 0.74
  321 T    -4   4   2   2  -7   5  -1  -5  -2  -4  -3   3  -3  -6  -5  -1   2  -7  -6  -5    1  18   8  11   0  23   3   0   1   1   2  16   0   0   0   4  11   0   0   1  0.80 0.51
  322 N    -3   3   2   2  -2   0  -1  -1  -1  -6  -5   2  -4  -6   3   2  -1  -7  -5  -5    1  18  11  11   1   5   3   5   1   0   0  10   0   0  16  14   4   0   0   0  0.58 0.40
  323 K    -4   3  -1  -2  -5   1  -2  -1  -5  -5  -6   6  -4  -8   4   0  -4  -4  -6  -7    1  13   3   2   0   5   2   4   0   1   0  42   0   0  17   8   1   0   0   0  1.08 0.62
  324 S     0  -3   3   0   0   1   3   0  -1  -5  -6  -1  -4  -5  -2   3   1  -6  -4  -4    7   1  14   6   2   5  17   8   1   0   0   3   0   0   2  23   8   0   0   1  0.51 0.39
  325 H    -3  -2   3   2  -7   3   4  -5   4  -6  -5   1  -4  -5  -3  -3  -3  -7  -3  -2    1   2  12  12   0  13  31   0  11   0   1   9   0   0   1   2   1   0   1   4  0.87 0.53
  326 K    -6   7  -5  -6  -8   2  -4  -7  -5  -8  -7   6  -6  -8  -7  -5  -6  -8  -7  -7    0  50   0   0   0  10   0   0   0   0   0  40   0   0   0   0   0   0   0   0  2.11 0.92

                      K         Lambda
Standard Ungapped    0.1338     0.3182
Standard Gapped      0.0435     0.2670
PSI Ungapped         0.1423     0.3176
PSI Gapped           0.0435     0.2670
