
Last position-specific scoring matrix computed, weighted observed percentages rounded down, information per position, and relative weight of gapless real matches to pseudocounts
            A   R   N   D   C   Q   E   G   H   I   L   K   M   F   P   S   T   W   Y   V   A   R   N   D   C   Q   E   G   H   I   L   K   M   F   P   S   T   W   Y   V
    1 M    -4  -4  -5  -6  -4  -3  -5  -5  -4   0   1  -4  10  -2  -5  -4  -3  -4  -4  -2    0   0   0   0   0   0   0   0   0   3   5   0  92   0   0   0   0   0   0   0  2.26 0.56
    2 A     5  -3  -2  -3  -3  -1  -2  -1  -3  -3  -1  -2  -3  -4  -2   4  -1  -5  -4  -2   51   0   0   0   0   1   1   2   0   0   5   0   0   0   1  36   1   0   0   2  0.77 0.34
    3 A     2  -2  -2  -3  -5  -2  -2  -4  -1  -4  -4  -3  -3  -6   7   2  -3  -6  -5  -2   19   1   2   1   0   2   1   0   2   1   1   1   1   0  51  14   1   0   0   2  1.26 0.53
    4 V    -1  -5  -5  -4  -4  -3  -3  -5  -5   4   0  -4   3  -1  -4  -3   1  -5  -2   5    4   0   0   1   0   1   1   0   0  27   6   0   8   2   0   2   8   0   1  38  0.79 0.40
    5 K    -1   0   0  -1  -3   3   0  -3   0   2   1   1   0  -1  -1  -1  -1  -3   0   0    5   5   4   3   0  17   5   0   2  15  14   8   1   2   2   5   2   0   4   5  0.14 0.16
    6 T    -1  -4  -4  -4  -2  -3  -3  -5  -5   4   2  -4   2  -2  -5  -1   0  -5  -1   3    4   1   0   0   1   1   1   0   0  29  22   0   5   1   0   6   6   0   2  19  0.57 0.33
    7 L    -2  -5  -4  -6  -5  -4  -5  -5  -5   2   5  -5   3   3  -6  -4  -1  -4  -1   0    3   0   1   0   0   1   1   1   0   9  57   0   7  11   0   0   3   0   2   5  0.99 0.48
    8 N    -2   2   5   0  -6   0  -2  -1  -1  -6  -4   5  -5  -5  -1   1  -3  -6  -5  -5    2   9  24   6   0   3   2   4   1   0   2  32   0   0   4  11   1   0   0   0  0.75 0.44
    9 P    -2  -1  -1   3  -6   2   4  -3  -2  -4  -5   0  -5  -6   4   0  -1  -6  -4  -4    3   3   3  14   0  10  27   2   1   1   1   6   0   0  19   7   3   0   0   1  0.67 0.40
   10 K    -1  -1   3   0  -5  -1   1   4  -1  -6  -6   2  -4  -2  -3   0  -2  -5  -4  -5    4   3  13   6   0   3  10  35   1   0   0  15   0   2   1   6   1   0   0   0  0.62 0.36
   11 A     3  -3  -3  -4  -4  -2  -3   0  -3   0  -3   0  -3  -3  -3   1   4  -5  -1   0   29   0   1   0   0   1   1   6   0   5   1   6   0   1   1   8  31   0   2   7  0.59 0.41
   12 E    -3   1   0   3  -6   3   4  -3  -2  -3  -5   3  -4  -4  -4   0   1  -3  -3  -3    1   5   3  16   0  13  24   1   0   1   0  17   0   1   0   6   9   0   1   1  0.61 0.38
   13 V    -2   5  -1  -2  -2   1   1  -3   3   0  -3   0  -2  -2  -3   0   0  -5  -3   1    2  31   2   1   1   6   9   1   7   5   1   5   1   2   1   8   6   0   1   9  0.44 0.31
   14 A     0   0  -2  -1  -4   0   3  -2  -2  -1   1  -1  -1   0  -3   1   2  -4   0   0    7   5   1   2   0   4  20   2   0   4  12   2   1   4   0  13  13   0   3   6  0.19 0.21
   15 R    -2   4  -1  -2  -3   3   0  -2  -1  -3  -4   2  -3  -2  -4   2   1  -5  -3  -3    2  20   3   1   0  15   4   3   1   1   0  15   0   2   0  19  10   0   1   1  0.53 0.36
   16 A     0   0  -3  -3  -6  -2  -1   6  -2  -5  -4   0  -3  -5  -1  -1  -2  -4  -5  -4    8   6   1   1   0   1   3  58   1   1   2   5   1   0   3   5   2   0   0   1  1.02 0.50
   17 Q    -1   3  -1   2  -5   1   3   0  -2  -2  -3   3  -2  -4  -3  -1  -1  -3  -3  -3    6  15   3  10   0   5  19   7   0   3   2  17   1   1   0   3   4   0   1   2  0.37 0.27
   18 A     0  -2   1   4  -5   2   4  -1  -2  -4  -4   1  -3  -5   0   0  -1  -6  -5  -4    8   1   6  20   0  10  24   4   1   1   1   8   0   0   5   6   3   0   0   1  0.51 0.33
   19 A     5  -4  -5  -6  -2   1  -4  -4  -3   0  -2  -4  -1  -4  -5  -2  -1  -6  -5   3   53   1   0   0   1   8   0   1   1   6   2   0   1   1   0   1   4   0   0  21  0.96 0.54
   20 L    -3   4  -4  -5  -5   4  -3  -6  -1   2   3  -2  -1  -2  -4  -3  -1   0  -3   2    1  23   0   0   0  18   1   0   1  10  24   1   1   1   1   1   3   1   1  13  0.61 0.40
   21 A     0   1   0  -1  -2   1   0  -2  -1   1   1   1   1   0  -2   0   0  -3   0   0    8   9   4   3   0   6   5   1   1   9  18  10   4   4   1   7   4   0   2   4  0.08 0.10
   22 V     0   1   0  -2  -3   0   0   0   0  -1  -1   1   1  -3  -3   3   0  -1  -1   0    6   9   4   1   0   5   6   7   2   3   4   8   4   1   0  26   3   1   2   6  0.18 0.20
   23 N    -4  -5   8  -4   0  -5  -4  -5   0  -2  -4  -5  -2  -6  -4   0  -3  -8  -6  -4    1   0  78   0   2   0   0   0   2   2   2   0   1   0   1   6   2   0   0   1  2.14 0.86
   24 I    -1  -5  -3  -6  -2  -6  -4  -7  -6   7   0  -6   0   2  -6  -4  -2  -6  -3   1    4   0   1   0   1   0   1   0   0  62   8   0   2   8   0   1   2   0   1   8  1.34 0.57
   25 S     0   0   2   1  -3   1   1  -2   1  -1  -1   0   1  -3  -3   1   0  -1  -1   0    7   4  13   7   0   6  12   2   4   3   7   4   5   0   0   9   6   1   1   7  0.13 0.13
   26 A     6  -4  -3  -4  -2  -4  -4   1  -4   0  -5  -3  -2  -6  -4   0  -1  -6  -4   1   64   0   1   1   1   0   1   9   0   5   0   1   1   0   0   5   3   0   1   8  1.08 0.56
   27 A     5  -6  -5  -6   7  -5  -5   0  -6   0  -4  -5  -2  -4  -4   0  -2  -3  -4   1   46   0   0   0  21   0   0   6   0   5   0   0   1   1   0   5   2   0   0  11  1.09 0.54
   28 R    -1   3   0  -2   0   1   0  -2  -1   1  -1   3   1  -3  -3  -1   0  -4  -3  -1    3  15   4   1   3   7   5   3   1   8   6  25   4   1   0   5   4   0   0   4  0.27 0.21
   29 G     3  -2  -1  -2  -3   0   1   1  -2  -1  -1  -1  -1  -2  -3   1   1  -1  -2   0   33   1   2   1   0   4  11  10   0   4   5   3   1   2   1   7   8   1   1   5  0.26 0.23
   30 L    -3  -5  -6  -6  -4  -5  -6  -5  -6   4   4  -5   1   0  -5  -5  -3  -5  -4   4    1   0   0   0   0   0   0   1   0  27  35   0   3   4   0   0   1   0   0  28  1.04 0.45
   31 Q     4  -2  -2  -3   1   2  -2   1  -2  -3  -3  -1  -1  -3  -4   3  -1  -5  -1  -1   38   1   1   1   3   9   2   9   1   1   1   3   1   1   0  19   4   0   2   3  0.51 0.34
   32 D    -2  -1   3   6  -6   1   3  -2  -1  -5  -5  -1  -5  -6  -4   0  -2  -6  -5  -5    3   3  11  43   0   5  18   3   1   1   1   4   0   0   0   7   1   0   0   0  0.96 0.46
   33 V     1  -4  -3  -4  -2  -3  -4  -4  -3   4   2  -3   2   0  -4  -1   2  -4  -2   2   12   0   1   0   1   1   0   0   1  22  17   1   6   4   0   5  12   0   1  17  0.43 0.27
   34 L    -3  -5  -5  -5  -2  -5  -5  -6  -5   4   3  -5   1   1  -5  -4   0  -5  -3   4    1   0   0   0   1   0   0   0   0  22  26   0   3   5   0   1   5   0   0  35  0.88 0.39
   35 R    -2   6  -3  -4  -3   0  -1  -3  -3  -5  -5   5  -1  -5  -5   0  -3  -6  -5  -5    3  44   1   0   1   3   3   2   0   1   1  31   2   0   0   6   1   0   0   1  1.22 0.54
   36 T    -2  -3  -2  -4  -3  -4  -4  -2  -1  -4  -5  -3  -5  -6   0   4   6  -2  -5  -4    2   1   2   0   0   0   0   3   1   1   0   1   0   0   4  35  48   1   0   1  1.27 0.63
   37 N    -1  -4   2  -4   3  -3  -4  -3  -5  -5  -3  -4  -1  -4  -5   5   5  -6  -5  -3    4   0   9   0   7   1   0   1   0   0   2   0   2   1   0  39  32   0   0   1  1.05 0.54
   38 L    -5  -5  -6  -6  -5  -5  -6  -6  -5   0   6  -5   0   3  -6  -4  -5  -4   2  -2    0   0   0   0   0   0   0   0   0   3  69   0   2  12   0   2   0   0   8   2  1.38 0.56
   39 G    -4  -6  -5  -5  -6  -6  -6   8  -6  -7  -7  -6  -6  -7  -6  -3  -6  -6  -7  -7    0   0   0   0   0   0   0  94   0   0   0   0   0   0   0   2   0   0   0   0  2.55 0.86
   40 P    -4  -7  -7  -6  -7  -6  -6  -3  -7  -7  -7  -6  -7  -8   9  -6  -3  -8  -8  -7    2   0   0   0   0   0   0   2   0   0   0   0   0   0  93   0   1   0   0   0  3.19 1.17
   41 K    -3   4   3  -3  -1  -1  -3  -3   0  -3  -1   4   0   0  -5  -2  -2  -5   2  -3    2  22  12   1   2   2   1   2   2   1   8  26   3   3   0   3   2   0   7   2  0.58 0.38
   42 G     0  -2  -5  -6  -1  -6  -6   7  -6  -7  -7  -5  -6  -7  -6   0  -5  -7  -7  -7    7   3   0   0   1   0   0  80   0   0   0   0   0   0   0   7   0   0   0   0  2.03 0.83
   43 T    -2   1  -2  -6  -2  -3  -6  -3  -2  -4   2  -3   9  -1  -6  -1   1  -6  -3  -3    4   7   2   0   1   1   0   2   1   0  17   1  46   2   0   6   8   0   1   1  1.32 0.69
   44 M    -3  -3   3   6  -2  -2  -2  -4  -1  -2  -1  -2   1   0  -4  -1  -3  -3   0  -4    2   1  12  50   1   2   2   1   2   2   6   2   4   4   1   4   1   0   3   1  0.99 0.54
   45 K    -6  -1  -3  -6  -8  -4  -4  -7  -2  -4  -4   8  -2  -8  -6  -5  -4  -8  -7  -4    0   2   1   0   0   0   0   0   1   1   2  89   1   0   0   0   1   0   0   1  2.47 1.05
   46 M    -4  -6  -7  -7  -2  -5  -6  -5  -6   4   3  -4   9  -2  -7  -6  -3  -6  -5  -1    1   0   0   0   1   0   0   1   0  18  28   1  43   2   0   0   1   0   0   3  1.65 0.77
   47 L    -5  -6  -7  -7   0  -6  -7  -7  -6   5   5  -6   2   0  -7  -6  -3  -6  -1   2    0   0   0   0   2   0   0   0   0  29  45   0   5   4   0   0   1   0   2  11  1.25 0.61
   48 V    -3  -3  -3  -5  -2   2  -3  -6   0   4   1  -3   1  -1  -5  -3  -1  -5   0   4    1   1   1   0   1   8   2   0   2  20  13   1   4   2   0   1   4   0   3  33  0.65 0.40
   49 S    -3  -3   4   5  -2  -2   0   0  -2  -5  -6  -1  -2  -6  -3   2   0  -6  -3  -3    1   1  16  32   1   2   4   7   1   0   0   4   1   0   2  18   7   0   1   2  0.75 0.47
   50 G     0   0   0   1  -2   0   1   2   3  -2  -4   0  -2  -3   2   1   0  -4  -2  -2    6   4   5   8   1   4   8  15   9   2   0   7   1   1   9  12   4   0   1   2  0.24 0.20
   51 A     0   0   1   1  -3   0   0  -1   0   0   0   0   1   0  -2   1   0   0  -1  -1    8   5   7   7   0   3   6   5   2   7  12   6   5   4   1  10   5   1   2   4  0.03 0.06
   52 G    -3  -2   1   0  -6  -1  -2   6  -6  -7  -5  -2  -1  -3  -3  -3  -3   0  -6  -6    2   3   7   5   0   3   3  62   0   0   2   3   2   2   1   2   2   1   0   0  1.30 0.68
   53 D    -2   0   2   3  -5   1   3   1   1  -3  -3   2  -1  -3  -3  -1   0  -5  -2  -3    3   5   8  18   0   5  16   9   3   1   2  14   2   1   1   3   5   0   1   2  0.37 0.29
   54 I    -1  -2  -3  -2  -1  -2  -3  -3  -2   5   1  -3   1  -1  -3  -2  -1  -1   0   3    6   3   1   3   1   2   1   2   1  29  10   1   3   2   1   3   4   1   4  22  0.48 0.32
   55 K    -1  -1   0  -1   2  -1   0  -2   0   0  -1   0   1   1  -3   0   2   2   0   1    3   3   4   3   4   3   5   3   3   4   6   8   3   8   0   5  17   3   3  13  0.12 0.15
   56 L    -1  -5  -5  -5   2   0  -5  -5   1   3   1  -4   2   1   0  -4   0  -4   1   4    5   0   0   0   4   4   0   0   4  19  12   0   5   5   4   0   5   0   4  26  0.53 0.32
   57 T    -2  -5  -4  -5  -5  -4  -4  -5  -5  -4  -4  -4  -4  -5  -3   1   8  -6  -5  -3    2   0   0   0   0   0   0   0   0   0   1   0   0   0   1  10  80   0   0   1  1.96 0.85
   58 K    -4  -1   7  -2  -2  -1  -3  -2   0  -6  -6   3  -5  -6  -5   2  -2  -6  -5  -5    1   3  54   1   1   2   0   2   2   0   1  17   0   0   0  13   1   0   0   0  1.35 0.62
   59 D    -5  -3   1   8  -6  -4  -1  -5  -1  -6  -6  -2  -6  -4  -5  -2  -3  -7  -6  -6    0   2   5  78   0   0   2   0   2   0   1   3   0   1   0   3   1   0   0   0  2.02 0.80
   60 G     1  -3  -4  -5  -1  -5  -5   7  -5  -4  -5  -5  -3  -6  -5  -1  -2  -5  -6  -4    9   1   0   0   2   0   0  75   0   1   1   0   1   0   0   3   3   0   0   1  1.65 0.68
   61 N     5  -1   2  -2  -2  -2  -1  -1   0  -2  -3  -1  -3  -1  -3   0  -1  -4  -1  -1   49   4  10   1   1   1   4   4   3   2   2   4   0   2   0   5   2   0   2   5  0.53 0.37
   62 V     0  -2  -2  -3  -2  -4  -2  -4  -3  -2  -3  -1  -1  -4  -4   0   6  -5  -3   1    7   2   1   1   1   0   3   1   1   2   1   3   2   1   0   6  59   0   1   9  1.03 0.57
   63 L    -4  -6  -6  -6  -4  -5  -6  -6  -6   7   1  -5   1  -1  -5  -5  -3  -5  -4   1    1   0   0   0   0   0   0   0   0  69  13   0   3   2   0   0   1   0   0   7  1.62 0.67
   64 L    -3  -5  -6  -6  -2  -5  -5  -6  -5   0   6  -5   3   0  -5  -3  -3  -5  -4   1    1   0   0   0   1   0   0   0   0   4  70   0   6   3   0   2   1   0   0   9  1.24 0.57
   65 H    -2   3   0   1  -3   0   2  -2   1  -4  -4   4  -2  -4  -3   1  -1  -5  -4  -4    2  18   5   6   1   3  11   3   3   1   1  31   1   1   0   9   4   0   0   0  0.57 0.35
   66 E    -1   0   3   0  -2   1   4  -3  -1  -4  -1   2  -1  -3  -3   0  -1  -1  -2  -3    3   5  12   3   1   5  34   2   1   0   6  10   2   1   0   7   3   1   1   1  0.46 0.32
   67 M    -1  -3  -5  -5  -2  -4  -4  -4  -5   3   3  -4   7   0  -5  -3  -1  -4  -1   1    4   1   0   0   1   0   1   1   0  18  29   0  28   3   0   1   3   0   2   6  0.91 0.48
   68 Q    -1  -1   1   4  -2   2   3  -1   1  -2  -3   0   0  -2  -2   0   0  -2  -2  -2    4   2   6  22   1  11  17   5   3   3   2   5   2   2   2   5   4   0   2   2  0.31 0.24
   69 I    -1  -3  -3  -4  -3  -3  -4  -4  -4   4   0  -3   0   1  -2  -2  -2  -1  -1   4    4   1   2   1   0   1   0   1   0  27   7   2   2   7   2   4   1   1   2  36  0.63 0.37
   70 Q    -1  -1   1   2  -4   3   3  -2  -1  -1  -2   0  -2  -2  -2   0   0  -1  -2   0    4   3   8  13   0  14  19   2   1   3   3   3   1   1   2   6   6   1   1   8  0.25 0.22
   71 H    -2  -4   4   0  -5  -2  -3  -4   9  -4  -4  -4  -2  -2  -3  -1  -3  -5   0  -4    3   0  19   5   0   1   1   1  53   1   1   0   1   2   1   4   2   0   3   1  1.62 0.69
   72 P    -2  -2  -3  -5  -5  -2  -2  -3  -2  -2  -5  -4  -5  -6   8  -2  -3  -6  -5  -5    3   2   1   0   0   2   2   2   1   3   1   0   0   0  77   2   1   0   0   0  2.19 0.85
   73 T     4  -4  -3  -4   0  -3  -3  -2  -4   2  -2  -3   1  -1  -2   0   2  -4  -3   2   35   0   0   0   2   0   0   3   0  14   2   0   3   3   1   4  14   0   0  16  0.47 0.34
   74 A     6  -4  -4  -4  -1  -2  -2   1  -2  -2  -3  -2  -1  -4  -3   0  -2  -4  -1   0   61   0   0   0   1   1   1   9   1   2   2   1   2   0   1   7   2   0   3   5  0.85 0.49
   75 S    -1   2   0   0  -2   1  -1  -2  -2  -2  -3   5  -2  -3  -3   0  -1  -1  -4  -1    3  10   3   4   1   4   2   3   1   2   3  46   1   1   0   7   3   1   0   5  0.59 0.38
   76 L    -2  -4  -3  -4  -1  -3  -3  -4  -2   3   3  -3   6  -1  -4  -1  -1  -4  -2   1    2   0   1   1   1   1   1   1   1  18  29   1  23   2   0   4   2   0   1  10  0.66 0.37
   77 I    -1  -4  -4  -4   1  -4  -4  -4  -4   4   4  -4   4   1  -4  -3  -1  -3   0   1    4   0   0   0   3   0   1   1   0  21  36   0  12   4   0   1   4   0   3   9  0.62 0.33
   78 A     1  -1  -1  -2   0  -1  -2  -2  -3   3   0  -1   0  -1  -3  -1   0  -3  -1   3   12   4   3   2   2   3   2   2   0  16   6   3   2   2   0   4   4   0   2  31  0.23 0.20
   79 K     0   1   0   2  -3   0   2   0   1  -1  -1   0   1   1  -2   0  -1  -3   0  -2    6   9   5  11   0   4  14   7   3   3   4   5   5   7   0   8   3   0   3   0  0.09 0.13
   80 V     0  -2  -2  -2   3   1  -2   0  -2   1   0   0   2   1  -2   0   0  -2   1   0    8   0   0   0   7   7   0   8   0   8   8   8   7   7   0   8   8   0   7   8  0.07 0.11
   81 A     5  -4  -4  -4   1  -4  -4   0  -5   0  -5  -4  -4  -5  -4   4  -1  -6  -4  -1   42   0   0   0   3   0   0   6   0   5   0   0   0   0   0  35   3   0   1   5  0.93 0.53
   82 T    -1   2   0  -1  -4   3   1  -2  -1  -1  -2   4  -1  -3  -3   1   1  -3  -3  -2    3  10   4   2   0  13   8   1   1   4   3  26   1   1   0   8   9   0   0   3  0.35 0.26
   83 A     3  -2   0  -1  -2   2  -2  -2  -3  -2  -2  -2   2  -3  -3   2   3  -5  -4  -1   27   1   4   3   0   9   2   1   0   2   2   1   6   0   1  19  17   0   0   3  0.41 0.33
   84 Q    -3  -2  -2  -3  -3   8  -3  -6  -1  -2  -2  -3   1  -3  -6  -4  -3  -6  -3  -2    2   1   2   1   1  75   0   0   1   2   5   0   3   1   0   0   2   0   1   3  1.87 0.85
   85 D    -3  -2   0   6  -6   0   3  -1   0  -5  -5   0  -5  -4  -4  -1  -4  -6  -2  -4    2   2   3  50   0   3  22   4   2   0   1   4   0   1   0   4   0   0   2   1  1.08 0.51
   86 D    -1   0   1   3  -4   2   2  -2  -1  -1  -3   2  -2  -3  -2   1   0  -2  -1  -2    5   4   8  15   0  10  15   2   1   4   1  12   0   1   1   9   7   1   2   3  0.26 0.20
   87 I    -2  -1  -2   0  -4   0   6  -3  -1   1  -4  -2  -1  -3  -4  -1  -1  -6  -5  -1    3   2   2   2   0   3  60   2   1   8   1   1   2   1   0   4   3   0   0   4  0.93 0.50
   88 T     1  -3  -2  -4   3  -2  -3  -3  -2   2  -1  -3   1   0  -3  -2   1  -1   1   4   11   1   2   0   6   1   1   2   1  12   3   0   3   3   0   1  11   1   4  38  0.43 0.29
   89 G    -2  -3  -3  -4  -5  -5  -5   7  -2  -6  -6  -4  -5   0  -5  -2  -4  -5  -2  -6    1   1   1   0   0   0   0  85   1   0   0   1   0   5   0   1   1   0   2   0  1.80 0.65
   90 D    -4  -2   0   8  -6  -3  -1  -3  -4  -6  -6  -4  -6  -2  -5  -3  -4  -7  -6  -6    1   2   4  86   0   0   1   2   0   0   0   0   0   2   0   1   0   0   0   0  2.07 0.74
   91 G    -1  -2  -2  -4  -3  -4  -3   7  -3  -2  -5  -4  -4  -3  -4  -2  -3  -4  -3  -4    4   2   1   0   1   0   1  79   1   3   1   0   0   1   0   2   1   0   1   1  1.50 0.53
   92 T    -1  -3  -2  -3  -1  -4  -4  -3  -4  -2  -3  -3  -3  -3  -4   0   7  -5  -4   0    3   1   1   1   1   0   0   2   0   1   2   1   0   1   0   5  73   0   0   6  1.36 0.62
   93 T    -2  -3   3  -2  -1  -3  -3  -3  -4  -1  -3   1  -3  -5  -4  -1   6  -5  -4  -2    2   0  14   2   1   0   0   2   0   4   2   9   0   0   0   3  57   0   0   2  0.97 0.51
   94 S    -1  -1  -1  -3  -3  -2  -2   0  -3  -3  -1  -2  -1   1  -3   5   3  -2  -1  -2    2   2   2   0   0   1   1   5   0   1   6   1   1   6   0  45  22   1   2   2  0.61 0.40
   95 N     1  -2   0  -4   1  -3  -3  -3  -2   1  -1  -3   0  -1  -4  -1   2  -4  -3   5   11   2   4   0   2   0   1   1   1   6   4   1   2   2   0   4  11   0   0  46  0.49 0.31
   96 V    -1  -4  -5  -5   0  -4  -4  -5  -5   4   0  -4   1  -1  -4  -3   0  -4  -3   5    4   0   0   0   2   0   0   0   0  23   8   0   3   2   0   1   6   0   0  49  0.86 0.40
   97 L    -1  -4  -4  -5  -1  -3  -4  -5  -4   5   3  -4   1  -2  -4  -2  -1  -4  -2   3    3   0   0   0   1   1   0   0   0  35  25   0   2   0   0   3   3   0   1  22  0.67 0.33
   98 I    -4  -4  -3  -5  -4  -4  -5  -5  -4   2   5  -4   1   3  -5  -4  -2  -4   0   0    1   0   2   0   0   0   0   1   0  13  60   0   3  11   0   1   2   0   2   3  0.97 0.41
   99 I     5  -4  -4  -4   1  -3  -4   0  -4   1  -2  -3   1  -1  -3   0   1  -4  -4  -1   55   0   0   0   3   0   0   6   0   7   4   0   4   3   0   4   8   0   0   4  0.72 0.41
  100 G     1  -3  -2  -2   2  -3  -2   5  -1  -4  -3  -1  -4  -4  -4   0   0  -4  -1  -3   11   1   1   1   5   0   2  53   1   0   3   3   0   0   0   8   5   0   2   2  0.82 0.39
  101 E     0   0  -2  -1  -1   0   6  -1  -1  -3  -3  -1  -4  -3  -4   1  -2  -5  -2  -3    9   4   2   2   1   3  50   4   1   2   2   3   0   1   0   9   2   0   1   2  0.75 0.44
  102 L    -4  -5  -1  -5   1  -5  -5  -3  -5   2   5  -5   4   1  -5  -5  -4  -4  -4   0    1   0   3   0   3   0   0   3   0  10  58   0   9   6   0   0   0   0   0   5  1.00 0.47
  103 L    -2  -5  -5  -5   0  -5  -5  -5  -5   1   5  -5   3   1  -5  -3  -4  -4  -1   1    3   0   0   0   2   0   0   0   0   7  60   0   8   5   0   2   0   0   2   8  0.99 0.46
  104 K     0   2   0  -1  -4   1   2  -1   0  -2  -3   4  -1  -4  -2   0  -1   0  -2  -2    9  13   4   3   0   5  13   3   2   2   2  25   1   0   2   8   3   1   2   2  0.32 0.23
  105 Q     0   0   0   0   2   1   0   0   2   0  -1   0   1   0  -2   0   0  -2   1   0    6   6   5   6   5   5   6   6   5   6   6   6   5   5   0   6   6   0   5   6  0.03 0.07
  106 A     6  -6  -5  -3   3  -5  -5   0  -6  -2  -3  -5  -1  -3  -5   1  -2  -6  -3  -2   61   0   0   1   6   0   0   7   0   2   3   0   2   1   0   9   2   0   1   3  1.18 0.70
  107 D    -1  -1   0   1  -3   1   5  -2  -2  -3  -1   2  -1   0  -3  -2  -2   0   0  -3    4   3   4   7   1   5  35   4   1   1   7  10   1   4   1   3   2   1   4   1  0.44 0.37
  108 L    -2   2   0   1  -1   1   2  -2   0  -3  -2   2  -1  -2   1   1  -1  -4  -1  -2    3  13   3   9   1   6  14   3   2   2   5  15   1   2   6   9   3   0   2   2  0.23 0.23
  109 Y    -3  -3  -3  -6  -1  -2  -6  -6   0  -1   5  -3   1   1  -3  -3  -5   1   4  -2    2   2   2   0   2   2   0   0   2   2  57   2   3   5   2   2   0   2  13   2  0.99 0.60
  110 I    -2  -2  -5  -5   0  -4  -4  -3   0   4   3  -2   2   1  -1  -2  -2  -4   1   2    3   3   0   0   2   0   0   2   2  25  24   2   5   4   3   3   2   0   5  13  0.45 0.32
  111 S    -1   2   2   1   0   0   2  -2   0  -2  -2   2   0  -1  -1   1  -1  -4  -1  -2    5  11   9   8   2   4  16   3   2   2   3  11   2   2   2  11   3   0   2   3  0.20 0.20
  112 E    -1   1   0   1   0   2   2  -2   0  -2  -1   2   3  -3  -1   0  -1  -4  -1  -2    4   8   4   8   2   9  15   2   3   2   6  12   9   0   2   5   3   0   2   2  0.19 0.22
  113 G    -5  -2   2  -1  -5  -2  -4   6  -4  -8  -8   2  -5  -5  -7  -3  -5  -8  -8  -8    1   2   8   4   0   2   1  63   0   0   0  14   0   1   0   1   1   0   0   0  1.57 0.83
  114 L    -5  -6  -8  -8  -4  -6  -7  -8  -5   6   3  -7   2   0  -7  -7  -4  -7  -2   4    1   0   0   0   0   0   0   0   0  39  24   0   5   4   0   0   1   0   2  21  1.34 0.68
  115 H    -6  -4  -3  -4  -6  -4  -5  -6  11 -10  -8  -3  -8  -8  -1   0  -4  -9  -4  -7    1   1   1   1   0   1   1   1  79   0   0   2   0   0   3   7   1   0   0   0  3.28 1.42
  116 P    -2  -6  -8  -8  -9  -3  -6  -6  -6  -2  -4  -6  -4  -9   8  -3  -1  -9  -9  -2    4   0   0   0   0   2   0   1   0   3   2   0   0   0  77   2   4   0   0   4  2.43 1.21
  117 R    -1   2   1  -5  -5   2  -3  -3  -1   0  -3  -2  -1  -5  -3   2   4  -3  -3  -1    5  10   7   0   0  10   1   2   2   6   3   2   2   0   1  16  26   0   1   4  0.48 0.43
  118 I    -2   0  -2   0  -3  -1   0  -5  -1   3  -1   0  -2  -3  -5  -1   3  -6  -4   3    2   4   2   6   0   3   8   0   1  16   6   6   1   1   0   3  20   0   0  18  0.38 0.33
  119 I    -6  -9  -8  -9  -5  -9  -9 -10  -9   8  -1  -9  -4  -6  -9  -8  -6  -9  -7   3    0   0   0   0   0   0   0   0   0  76   5   0   0   0   0   0   0   0   0  16  2.49 1.10
  120 T     2  -3  -4  -6   2  -4  -4  -5  -4   6  -2  -5  -1  -5  -7   0   0  -7  -4   3   14   1   1   0   3   1   1   1   1  40   3   1   1   0   0   7   6   0   0  18  0.95 0.56
  121 E    -1   2   1   3  -4   0   4  -3  -2  -5  -5   2  -3  -5  -5   1  -1  -7  -6  -5    6  11   6  16   0   4  23   2   1   1   1  13   1   0   0  12   4   0   0   1  0.60 0.43
  122 G     1  -7  -3  -6  -4  -7  -6   7  -5  -6  -8  -6  -7  -8  -7  -1  -5  -8  -8  -6   11   0   1   0   0   0   0  77   0   1   0   0   0   0   0   5   1   0   0   1  2.11 0.99
  123 F    -6  -7  -5  -8  -2  -7  -8  -8  -5  -3   0  -7  -3   6  -8  -7  -7   2   9  -5    1   0   1   0   1   0   0   0   0   2   9   0   1  25   0   0   0   2  57   1  2.41 1.08
  124 E    -3   5   1   0  -5   2   3  -4   1  -3  -3   2  -2  -4  -5  -2  -2  -4  -3  -3    2  28   6   6   0   8  21   1   3   1   2  10   1   1   0   3   3   0   1   2  0.69 0.47
  125 A    -1   1  -3  -3  -4   1   0  -5  -2   1   2   3   4  -2  -5  -2  -1   0  -4  -2    5   8   1   2   0   5   6   0   1   9  21  20   9   1   0   2   4   1   0   2  0.38 0.32
  126 A     7  -6  -7  -8  -2  -6  -7   0  -8  -4  -5  -7  -7  -6  -7  -2  -6  -8  -8  -5   85   0   0   0   1   0   0   6   0   1   1   0   0   0   0   3   0   0   0   1  2.19 1.11
  127 K     1   0  -2  -5   4  -2  -3  -2  -1  -1   3   1   2  -1  -5   0  -1  -5   0  -1   13   5   1   0   8   2   1   3   1   2  27   8   5   2   0   9   4   0   3   4  0.29 0.28
  128 E     0   2   2   2  -3   1   3  -3  -2  -3  -4   3  -3  -6  -4   0  -1  -6  -4  -3    9   9  10   9   1   6  20   2   1   2   1  19   1   0   1   6   4   0   0   1  0.49 0.38
  129 K     0   1  -3   1  -2  -1   2  -4   0   1  -1   4   0  -1  -4  -3  -3  -2  -1  -1    6   7   1   7   1   2  16   1   2   7   7  27   2   3   0   1   1   1   2   5  0.39 0.33
  130 A     6  -7  -7  -7   3  -6  -6  -4  -7  -1  -3  -6   0  -6  -6   1   1  -8  -7   0   60   0   0   0   6   0   0   1   0   4   3   0   2   0   0   9   8   0   0   6  1.35 0.79
  131 L    -4   0  -2  -5   1   0  -1  -5  -3   2   4  -1   1  -2  -5  -3  -2  -6  -2   2    1   5   2   1   3   4   4   1   1  13  38   4   2   1   0   1   2   0   1  15  0.56 0.38
  132 Q     0   1   0   2  -7   1   5  -4  -3  -5  -5   3  -6  -6  -6  -1  -2  -7  -6  -5    7   6   5  10   0   6  37   1   0   1   1  17   0   0   0   5   2   0   0   1  0.87 0.57
  133 F     0  -1  -4  -4  -2  -2  -1  -5   2   3   0   0   0   3  -5  -2   0  -1   2   1    9   4   0   1   1   2   4   0   5  20   8   6   2  12   0   2   5   1   8  10  0.35 0.27
  134 L    -3  -8  -7  -9  -3  -8  -8  -7  -8   4   6  -7   2  -3  -7  -5  -5  -7  -4   0    2   0   0   0   1   0   0   0   0  18  66   0   5   1   0   1   1   0   0   5  1.64 0.82
  135 E    -3   0   1   4  -8   0   5  -5   0  -7  -4   2  -5  -8   0  -1  -3  -8  -7  -5    2   5   7  23   0   4  30   1   2   0   2  11   0   0   6   5   2   0   0   1  0.87 0.57
  136 Q    -1  -1   0   2  -4   1   4  -1  -1  -5  -5   3  -2  -3  -4   1   0  -7  -6  -6    4   3   5  12   0   6  28   4   2   0   1  14   1   1   0  10   6   0   0   0  0.60 0.45
  137 V    -1  -3   0  -4  -1  -3  -3  -5   0   4   3  -2   3   2  -6  -2  -3  -2   1   1    5   2   4   1   1   1   2   0   2  22  24   2   8   8   0   4   1   0   4   9  0.49 0.33
  138 K     4  -3  -4  -4  -3  -3  -3  -2  -4  -4  -5   3  -2  -6  -5   4  -1  -7  -6   0   33   1   0   1   0   1   2   3   0   1   1  14   1   0   0  30   4   0   0   7  0.87 0.60
  139 V    -3  -1  -4  -1   0  -1   0  -5  -2   4   0   0   2   1  -4  -2   1  -3  -1   3    1   4   1   3   2   3   6   1   1  20   7   7   4   5   1   3   7   0   2  23  0.35 0.27
  140 S    -2   0   0   2  -4  -1   1  -2   0  -4  -4   2  -4  -4   4   1   1  -1  -1  -2    3   4   4  10   0   3   9   3   2   1   1  12   0   1  20  12   9   1   2   3  0.39 0.32
  141 K    -1  -1   0  -1  -2  -2  -2  -2   0   3   0   1   0   0  -1  -1  -1  -4  -3   3    4   4   5   4   1   2   3   4   3  18   7   8   1   4   3   4   4   0   0  21  0.19 0.18
  142 E    -2  -2   1   4  -2  -1   3  -1  -2  -4  -3   1  -2  -3   1   1   0  -6  -3  -2    3   2   7  25   1   2  17   4   1   1   3   7   1   1   6  11   5   0   1   4  0.45 0.35
  143 M    -1   0  -1  -1  -2  -1   0  -1  -1   1   1   0   1   0   1   0   0  -1  -1   1    3   5   3   4   1   1   7   3   2  10  16   7   3   4   7   7   6   1   1   9  0.05 0.08
  144 D    -5  -4   3   7  -7  -2   0  -1  -3  -6  -4  -1  -4  -1  -4   0  -2  -7  -4  -5    0   1  12  51   0   2   5   6   1   0   2   4   1   3   1   8   3   0   1   1  1.24 0.69
  145 R    -4   5   0   2  -4   0   1  -3  -1  -3  -2   3  -1  -4  -3  -2  -1  -6  -1  -2    1  29   5  12   0   3   9   2   1   1   4  16   2   1   1   3   3   0   2   3  0.59 0.41
  146 E     0  -2  -1   3  -6   0   5  -3   0  -5  -4   2  -3  -4  -4   0  -2  -7  -4  -4    8   2   3  17   0   4  36   2   2   1   2  12   1   1   1   5   3   0   0   1  0.77 0.51
  147 T     0  -1   0   2  -1   0   1  -3  -2   1   0  -1   1  -2  -2   0   2  -2  -2   0    7   2   5  11   1   5   9   1   1   8  12   3   3   2   2   8  13   1   1   6  0.12 0.15
  148 L    -3  -4  -6  -7  -2  -5  -7  -6  -6   1   6  -4   3  -1  -6  -7  -4  -6  -3   1    2   1   1   0   1   0   0   1   0   7  66   1   7   2   0   0   1   0   1   7  1.40 0.71
  149 I    -1   1  -2  -2  -3  -1   1  -4  -1   2   2   1   1   0  -4  -2  -1  -4   0   1    5   7   2   2   0   3   9   1   2  14  22  11   4   3   0   3   3   0   3   7  0.21 0.20
  150 D     0   1   4   1  -3   2   0  -2   0  -6  -4   4  -2  -5  -4   1  -2  -4  -3  -4    6   6  17   7   1   8   6   3   2   0   2  26   1   0   1   9   2   0   1   1  0.58 0.42
  151 V     1  -4  -5  -7   4  -5  -6  -5  -7   5   1  -6   0  -4  -6  -2  -2  -7  -4   4   11   1   1   0   7   0   0   1   0  28  13   0   2   0   0   3   2   0   1  29  0.95 0.53
  152 A     6  -7  -7  -7   1  -6  -5  -3  -7   2  -1  -6  -1  -4  -6  -4  -3  -7  -6   2   56   0   0   0   2   0   0   2   0  12   7   0   2   1   0   1   1   0   0  14  1.27 0.72
  153 R    -1   4  -1  -4  -2   1   0  -3   0  -3  -2   4   2  -3  -5   0  -1  -3  -2  -4    5  23   3   1   1   5   5   2   2   2   4  27   6   1   0   8   3   0   1   1  0.59 0.43
  154 T    -1  -7  -2  -6  -2  -5  -7  -3  -4  -6  -5  -7  -4  -8  -2   2   7  -8  -7  -4    4   0   2   0   1   0   0   2   0   0   1   0   0   0   3  14  70   0   0   1  1.92 1.05
  155 S     4  -6  -4  -6   4  -4  -5  -5  -3  -3  -4  -6  -4  -4  -3   5   2  -7  -5   0   28   0   1   0   8   0   0   1   1   1   1   0   0   1   2  36  13   0   0   6  1.05 0.69
  156 L    -5  -7  -8  -8  -7  -7  -7  -7  -8   4   5  -7   6  -1  -8  -6  -4  -7  -6   1    1   0   0   0   0   0   0   0   0  22  49   0  17   2   0   1   1   0   0   7  1.56 0.78
  157 R     1   1   2  -3   1  -3  -3   2  -2  -3  -4  -1  -1  -6  -4   3   3  -7  -6  -4    9   9  11   1   3   1   1  15   1   1   1   3   2   0   1  24  16   0   0   1  0.54 0.44
  158 T    -2  -5  -2  -6  -4  -3  -6   3  -3  -7  -6  -3  -4  -6  -3   5   4  -8  -7  -7    2   0   1   0   0   1   0  20   1   0   1   1   0   0   2  45  24   0   0   0  1.33 0.82
  159 K    -6   0  -4  -4  -9  -5  -6  -5  -3  -6  -6   8  -8  -4  -7  -4  -3  -2  -6  -6    0   5   1   1   0   0   0   1   1   1   1  83   0   1   0   2   2   1   0   1  2.47 1.19
  160 V    -2  -4  -2  -5  -3   1  -5  -1  -3   4   2  -4   0   2  -3  -1  -3   2  -2   2    3   1   2   1   0   8   0   6   0  21  18   1   2  10   1   5   1   3   1  16  0.48 0.33
  161 H     0  -3  -1   1  -1  -3  -3  -4   1   3   1  -3  -1   0   0   0   0  -3   1   2    8   1   4   7   1   0   1   1   4  15  12   1   1   3   4   7   5   0   5  17  0.22 0.20
  162 A     1  -1   0   0  -1  -1   1   3   1  -3  -4  -1  -3  -2   0   3  -2  -3  -1  -3   10   3   5   5   1   2  11  19   3   1   2   3   1   2   4  23   2   0   2   2  0.34 0.30
  163 E     0   1   1   1  -3   3   1   0   1  -3  -3   1  -1  -2  -2   1   0  -4   0  -2    7   9   6   8   1  12   8   7   3   2   3   9   1   2   2  11   5   0   3   3  0.18 0.18
  164 L     0  -2   2   2   0   0   2  -3   2  -1   0  -2  -1   0  -3   0  -2   4   2  -2    7   1   9  10   2   4  13   1   6   3  12   2   2   4   1   5   2   6   8   3  0.22 0.22
  165 A     2   2  -1  -2  -3  -1   0  -1   0  -2  -2   3  -1  -4  -3   2  -1  -3  -3  -2   20   9   2   2   1   2   5   5   2   2   4  18   1   0   1  17   4   0   1   2  0.32 0.30
  166 D    -2   0   0   6  -3   0   4  -2  -2  -4  -5   0  -5  -5  -3  -1  -1  -4  -4  -4    4   4   4  36   1   4  24   3   1   1   1   5   0   1   1   5   3   0   1   1  0.85 0.54
  167 V    -2   0  -2  -3  -3   1  -2  -4   5   0   1   0   1   4  -3  -2  -1  -2   1   0    3   4   2   2   1   6   2   1  13   6  16   7   3  17   1   3   4   1   4   6  0.34 0.27
  168 L    -2  -7  -7  -8  -6  -7  -7  -6  -3   2   4  -7   3   6  -7  -5  -6  -5   0  -1    4   0   0   0   0   0   0   1   1  11  41   0   6  28   0   1   0   0   2   4  1.26 0.66
  169 T     5  -4  -4  -6   4  -4  -4  -2  -3  -3  -4  -5  -3  -6  -2   3   2  -7  -4  -1   47   1   0   0   7   0   1   3   1   1   2   0   0   0   2  19  11   0   0   4  1.01 0.65
  170 E    -2   0   2   3  -5   1   3  -2  -1  -5  -4   3  -3  -4   2  -1  -1  -6  -3  -5    3   5  10  14   0   5  20   4   1   0   2  16   1   1   9   5   3   0   1   0  0.48 0.37
  171 A    -1  -4  -6  -4  -2  -4  -4  -6  -4   4   4  -4   5  -2  -5  -5  -2  -3  -3   0    6   1   0   1   1   1   1   0   0  25  38   1  13   2   0   1   3   0   1   4  0.99 0.56
  172 V     4  -6  -6  -7   4  -6  -6  -5  -6   3   0  -6  -3  -4  -6  -1  -1  -7  -6   5   29   0   0   0   8   0   0   1   0  14   7   0   1   1   0   5   3   0   0  32  0.99 0.59
  173 V     0  -4  -5  -6  -2  -4  -5  -6  -4   1   0  -5  -2  -1  -6  -2  -1  -6  -1   6    8   1   1   0   1   1   1   1   0   6  10   0   1   2   0   3   3   0   3  57  1.12 0.65
  174 D    -3   0   1   6  -7   1   3  -3  -4  -6  -6   2  -6  -6  -6  -1  -3  -7  -5  -7    2   6   6  41   0   6  16   2   0   0   1  13   0   0   0   4   2   0   0   0  1.06 0.64
  175 S     7  -7  -5  -7   0  -6  -6  -3  -7  -2  -4  -6  -2  -7  -6   0  -2  -2  -7  -1   76   0   1   0   2   0   0   2   0   2   2   0   1   0   0   7   2   1   0   4  1.73 0.95
  176 I     1  -6  -5  -6   4  -5  -5  -5  -6   3   1  -5   1  -1  -6  -3  -1  -6  -3   5   11   0   1   0   8   0   1   1   0  14  10   1   3   3   0   2   3   0   1  42  0.92 0.53
  177 L    -2   2  -1  -2  -2   1   0  -4  -1  -1   3   2   2  -1  -2  -1   0  -3  -1  -1    3   9   3   2   1   6   7   1   2   4  27  11   6   2   1   5   5   0   2   3  0.22 0.22
  178 A     2   1  -1  -2   2   1  -1  -3   0  -1  -2   1   0  -3  -2   2   2  -4  -2  -2   19   9   2   1   4   7   3   2   2   4   3   7   2   1   1  13  15   0   1   3  0.26 0.26
  179 I    -2  -5  -6  -4  -3  -5  -4  -5  -3   4   2  -3   0  -3  -5  -4  -2  -6  -3   5    3   0   0   1   1   0   1   1   1  24  15   2   2   1   0   1   3   0   1  43  1.07 0.57
  180 R     1   2   0   0   1   0   0  -1   0  -1  -1   2   1  -2  -1   0   0  -3   0  -1   12  12   3   5   3   3   6   4   2   3   6  15   5   2   3   5   6   0   3   4  0.10 0.12
  181 K    -2   1   0   2  -3   1   2   1  -1  -3  -3   2  -2  -1   2  -1  -1  -4  -3  -2    3   7   4  12   1   7  13   9   2   2   2  12   1   3  11   5   3   0   1   3  0.26 0.22
  182 K    -1   0   1   2  -1   1   2   1  -1  -3  -2   2  -1  -3   1   1   0  -2  -3  -2    3   4   6  10   1   5  13  11   1   1   3  11   1   1   8  10   6   1   1   3  0.19 0.18
  183 D    -1   1   2   4  -4  -1   2   1   0  -3  -4   1  -2  -3  -1   0  -1  -4  -2  -3    5   6  11  22   0   2  11  13   2   1   2   9   1   1   3   5   4   0   1   1  0.38 0.28
  184 E     0   1   1   1  -3   0   2   1   0  -1  -2   1  -2  -2   0   0   0  -2  -1  -1    6   8   7   7   0   4  13  13   2   3   3   9   0   1   4   5   6   1   2   4  0.12 0.12
  185 P    -1   0   2   2  -2  -1   0   0   0  -1  -2   2  -2  -2   2   0   0  -3   0  -1    3   5  11  12   1   2   6   7   2   3   4  13   1   2   9   7   4   0   4   5  0.16 0.15
  186 I    -1  -2  -1   0  -1  -2  -3  -2  -2   2   1  -3   0   3  -1  -2  -1  -2   1   3    4   2   4   5   2   1   1   3   1  13  12   1   2  14   3   3   4   0   6  20  0.25 0.21
  187 D    -3  -1   4   6  -6  -2  -1  -3  -1  -3  -4  -2  -6  -3   1  -1  -3  -6  -1  -3    2   3  17  45   0   2   3   2   1   2   2   3   0   1   8   4   1   0   2   2  1.02 0.61
  188 L    -1  -1  -3  -3  -4  -2   0  -4  -3   2   3   0   0   1  -2  -2   0  -3  -2   2    5   3   1   2   0   1   6   1   1  10  33   6   1   6   2   3   5   0   1  14  0.31 0.26
  189 F    -3   0   2   4  -6  -1   2  -3   3  -3  -5   2  -5   0  -5   0  -2  -6  -1  -4    1   5  10  25   0   2  14   1   6   2   1  14   0   5   0   8   2   0   2   1  0.60 0.43
  190 M    -1   2   4   2  -3  -1  -2  -3   0  -3   0  -3   5  -1  -5   0  -3  -3   1  -3    6   9  19  13   1   2   3   2   2   1  10   1  14   2   0   6   1   0   5   1  0.45 0.38
  191 V    -3  -7  -7  -4  -1  -7  -5  -5  -7   6   0  -7  -1  -1  -5  -5  -5  -7  -1   5    2   0   0   1   1   0   1   1   0  47   7   0   1   2   1   1   0   0   2  32  1.44 0.73
  192 E    -1   4   1   0  -1   1   2   0   1  -4  -3   3  -2  -4  -3  -1  -1  -5  -2  -3    4  19   8   4   1   7  14   6   3   1   3  18   1   1   1   3   4   0   2   2  0.42 0.34
  193 I    -5  -2  -6  -4  -2  -2  -6  -7  -6   6   0  -2   1  -1  -6  -4  -2  -6  -3   4    0   2   0   1   1   2   0   0   0  46   7   3   3   3   0   1   2   0   1  27  1.21 0.64
  194 M    -1  -1  -2  -2   1   0   2  -4   0   2   1   0   4  -2  -4  -2  -1  -5  -2   2    4   2   1   2   4   4  13   1   2  11  12   7  13   1   0   3   3   0   1  16  0.29 0.27
  195 E    -2   0  -2  -3  -3   0   1  -1   1  -4  -5   6  -3  -6  -2  -1   1  -6  -3  -4    3   4   2   1   1   3   7   5   3   1   1  52   1   0   2   4   8   0   1   1  0.96 0.61
  196 M    -1   0  -3  -3  -2   0  -3  -5  -2   3   0   3   5  -1  -5  -1  -1  -5  -2   1    5   5   1   1   1   4   1   0   1  19   7  18  15   2   0   4   3   0   1  11  0.47 0.38
  197 K    -1  -1  -1  -1  -4   2  -1  -2   3   0   0   2   1  -3   3  -1  -1  -4  -1   0    5   3   3   3   0   8   3   3   8   6  11  13   3   1  13   4   4   0   2   7  0.18 0.20
  198 H    -4  -1  -2  -3  -3  -4  -3   7   4  -3  -7  -3  -2  -4  -4  -3  -4  -7  -3  -5    1   3   2   2   1   1   2  67  10   2   0   2   1   1   1   2   1   0   1   1  1.59 0.84
  199 K    -1   1  -1  -2  -1  -1  -1   5  -1  -4  -4   2   0  -7  -2  -1  -3  -1  -6  -4    5   8   2   2   1   3   4  41   1   1   2  13   3   0   2   6   2   1   0   1  0.72 0.46
  200 S    -2  -1   0   0  -1  -2  -1   1  -2  -2  -3  -1   0  -2  -2   4   3   0  -3  -2    3   3   4   6   1   2   3  10   1   3   3   3   2   2   2  31  15   2   1   3  0.42 0.36
  201 E    -1  -2  -2   1  -1  -1   0  -2   0   2   2  -2   1   0   0  -1   0  -4  -1   1    5   2   2   8   2   2   5   2   2  14  18   2   4   4   5   4   7   0   2  11  0.13 0.13
  202 T    -1  -1   0   1   1   0   1   0   1  -1  -1   0   1   0   0   1   1   1   0  -2    4   3   3   8   3   4  12   7   4   3   4   5   5   4   5   9   9   2   3   2  0.07 0.10
  203 D    -1  -1   1   3   1   1   3  -1   3  -3  -3  -1   0  -1  -1   0  -1  -4   0  -2    4   3   7  21   3   4  18   4   7   0   1   3   3   3   3   6   4   0   3   3  0.29 0.23
  204 T     0  -3  -2  -1   3  -3  -3  -1  -3   1  -1  -1   1   0   0   4   2  -4  -3  -1    5   0   0   4   6   0   0   5   0   8   4   4   4   4   4  37  10   0   0   4  0.37 0.33
  205 S    -2   2  -2  -2   1   2   3  -5   1  -2  -2   2   0   2  -4  -1   0  -4   1  -1    2  10   2   1   3   9  22   0   3   3   3  11   2   8   0   5   7   0   6   5  0.33 0.31
  206 L    -4  -3  -6  -7  -2  -5  -6  -7  -4   1   5  -6   0   1  -7  -5  -3  -3  -3   3    1   2   0   0   1   1   0   0   0   6  59   0   2   5   0   0   2   0   1  19  1.20 0.63
  207 I    -4  -5  -5  -1  -3  -4  -2  -7  -2   5   1  -6   0   1  -4  -4  -3  -2  -2   5    1   0   0   5   0   1   3   0   1  30  13   0   2   5   1   1   1   1   1  35  0.94 0.52
  208 R    -3   3   3   3  -3   0   2  -4   2  -6  -5   3  -2  -3  -1  -1  -2  -6  -2  -5    1  14  13  18   1   4  15   1   4   0   0  15   1   1   3   5   2   0   1   0  0.61 0.42
  209 G    -4  -8  -6  -7  -8  -7  -7   8  -7  -9  -7  -7  -8  -8  -7  -4  -6  -8  -8  -7    1   0   0   0   0   0   0  95   0   0   1   0   0   0   0   1   0   0   0   0  2.82 1.22
  210 L    -2  -6  -6  -7  -1  -6  -6  -5  -6   3   2  -6   5   2  -6  -5  -3  -5   2   4    3   0   0   0   1   0   0   1   0  14  20   0  12   9   0   1   1   0   8  30  0.96 0.54
  211 V     2  -6  -6  -7  -1  -4  -6  -5  -6   3   1  -6   3  -3  -6  -4  -3  -6  -3   5   17   0   0   0   1   1   0   1   0  16  10   0   6   1   0   1   1   0   1  43  1.05 0.59
  212 L    -4  -6  -7  -7  -5  -6  -7  -7  -6   4   4  -7   1   4  -7  -6  -4  -2  -3   2    1   0   0   0   0   0   0   0   0  24  39   0   3  18   0   0   1   1   0  12  1.23 0.63
  213 D    -3   0   4   5  -2  -1   1  -4  -1  -5  -3   1  -2  -4  -2  -2  -1  -6  -2  -5    2   4  19  35   1   3   8   1   2   1   3  10   1   1   2   2   3   0   2   1  0.80 0.49
  214 H    -3   2  -1  -4   3   1  -2  -4   4  -4  -3   6  -1  -5  -5  -2  -2  -6  -1  -4    2  12   2   1   5   5   3   1   9   1   3  46   2   1   0   2   2   0   2   1  1.02 0.61
  215 G    -2   0   0   3  -2   0   3   2  -3  -5  -4   1  -3  -5  -1   0   2  -5  -4  -3    3   5   3  18   1   3  17  16   0   0   1   8   0   0   3   5  12   0   0   1  0.44 0.35
  216 A     1   2  -3  -3  -3  -3  -3  -2  -4   2  -1  -1   0   3   2  -1  -1  -3  -2   2   10  13   1   1   0   1   1   3   0  10   5   3   2  12  10   5   4   0   1  18  0.28 0.26
  217 R     2   1  -2  -2   0  -1  -1   0  -1   0  -1  -1   0  -2   0   1   1  -2  -2   1   16   9   1   2   2   2   4   6   2   5   7   2   3   1   4  14   8   0   1  13  0.12 0.16
  218 H    -2  -1   1   0  -3  -2  -3   0   8  -2  -3  -3  -2  -3  -1   1  -1  -5   2  -1    4   3   6   6   1   1   1   6  32   3   3   1   1   1   3  12   4   0   7   5  0.74 0.47
  219 P     1  -2   0   1  -5   1   2  -3   0  -4  -3  -2  -3  -3   5   1   0  -3  -3  -3   12   2   4   6   0   6  12   2   3   1   2   2   0   1  29  10   5   0   1   2  0.58 0.42
  220 D     0   0   1   2  -4   2  -1   4  -1  -3  -3   0  -1  -3  -4   0  -2  -5  -3  -3    7   4   7  14   0   9   4  29   1   1   3   5   1   1   0   8   2   0   1   1  0.43 0.33
  221 M    -3  -4  -4  -3  -2   0  -3  -1  -4  -2  -1  -3   9   1  -6  -1  -1  -6  -2  -1    2   1   1   2   1   4   2   5   0   2   4   2  55   5   0   4   4   0   1   4  1.57 0.82
  222 K    -3   1  -4  -4  -4  -4  -1  -7  -2  -1  -4   1  -4  -4   7  -3  -3  -7  -7  -1    2   7   1   1   0   1   4   0   1   4   2  10   0   1  57   2   1   0   0   6  1.51 0.82
  223 K    -3   4  -1  -1  -6   0  -1  -4  -1  -4  -4   6  -4  -6  -4  -1   2  -4  -4  -5    2  19   3   3   0   3   3   1   1   1   2  42   0   0   1   3  14   0   1   0  0.97 0.61
  224 R    -3   5  -2  -1  -3  -1   1  -5   1  -2  -3   3  -4  -2  -4   1  -1  -3   0  -2    2  35   2   3   1   2   7   0   3   2   3  17   0   2   1  10   4   0   3   3  0.66 0.46
  225 V    -1  -4  -5  -5  -3  -3  -6  -5  -4   5   1  -2   2   1  -5  -4  -2  -3  -1   4    5   1   0   1   0   1   0   0   0  30  11   2   5   6   0   1   3   0   2  31  0.85 0.48
  226 E    -2   0  -2   0  -4  -1   5  -3  -1  -3  -4   3  -3  -4  -4  -1   1  -6  -4  -1    3   5   2   4   0   2  38   2   2   2   1  19   1   1   1   4   8   0   0   5  0.71 0.50
  227 N    -4  -2   7   4  -2  -2  -2   0  -1  -7  -7   1  -6  -7  -1  -2  -4  -8  -5  -7    1   2  47  23   1   1   2   6   1   0   0   9   0   0   3   2   0   0   0   0  1.41 0.76
  228 A     6  -4  -4  -6   3  -5  -6  -2  -5  -4  -5  -5  -5  -7   4  -3  -4  -7  -6   1   57   1   1   0   5   0   0   3   0   0   1   0   0   0  20   1   1   0   0   9  1.34 0.78
  229 Y    -4   4   0  -4  -2  -3  -4  -3   1  -3  -5   6  -4  -2  -5  -3  -2  -6   1  -6    1  23   4   1   1   0   0   2   3   2   1  50   0   2   0   1   3   0   5   0  1.26 0.72
  230 I    -4  -8  -8  -8  -6  -7  -8  -6  -8   8  -2  -7  -1  -4  -7  -7  -4  -7  -6   4    1   0   0   0   0   0   0   1   0  69   3   0   1   0   0   0   1   0   0  23  2.12 0.95
  231 L     5  -6  -6  -6  -1  -5  -6  -1  -6   0   4  -6   1  -4  -6  -4  -4  -6  -5   0   45   0   0   0   1   0   0   4   0   5  33   0   3   1   0   1   1   0   0   6  1.04 0.64
  232 T    -3  -6  -5  -7   4  -6  -6  -7  -6   3   4  -4   0  -2  -6  -4   1  -6  -5   3    2   0   1   0   8   0   0   0   0  15  42   1   2   1   0   1   7   0   0  19  0.99 0.57
  233 C     0  -6  -6  -7   3  -6  -6  -6  -3   3   4  -6  -1   2  -6  -5  -2  -5   1   1    8   0   0   0   7   0   0   0   1  15  45   0   1   7   0   0   2   0   4   9  0.89 0.53
  234 N    -3  -2   6   5  -4   1  -1  -3  -3  -5  -7  -1  -4  -5  -6   1   0  -7  -4  -5    2   2  32  30   0   6   3   2   0   0   0   3   1   0   0   8   7   0   1   1  1.08 0.66
  235 V    -1  -4  -3  -2   7  -2  -1   0  -3   0  -3  -2   1   3  -4   0   2  -4  -1   1    3   0   1   3  20   2   3   8   1   6   1   3   3  13   1   6  12   0   2  12  0.50 0.37
  236 S     1  -3   0   1   0   0   2   1  -3  -6  -6  -1  -5  -6   4   3  -3  -6  -5  -5   12   1   5   8   2   3  12  10   0   0   0   3   0   0  23  20   1   0   0   0  0.64 0.49
  237 L    -6  -7  -7  -8  -6  -7  -7  -6  -7   3   6  -7   4   3  -4  -5  -6  -6  -5   0    0   0   0   0   0   0   0   0   0  14  61   0   8   9   1   1   0   0   0   5  1.46 0.76
  238 E    -4  -1  -2   4  -7   2   6  -2  -3  -5  -5   1  -4  -7  -5   0  -1  -7  -3  -5    1   3   1  18   0   7  44   3   0   1   1   7   0   0   0   7   4   0   1   1  1.01 0.65
  239 Y    -1  -2  -4  -4  -2  -2  -3  -4  -2   2   1   0  -1   1   2  -2   1  -1   4   1    5   2   0   1   1   2   1   1   1  12  13   6   1   5  12   2   8   1  16  11  0.33 0.29
  240 E    -1   0  -2   2  -6   0   3  -3  -2  -5  -5   4  -2  -4   3   0  -1  -6  -2  -3    4   5   2  11   0   3  20   2   1   0   1  24   1   1  13   6   4   0   1   2  0.54 0.42
  241 K    -1   2  -1  -2  -6   0   0  -4  -4  -5  -6   6  -1  -5  -2   0  -1  -7  -5  -3    5  11   3   2   0   4   6   1   0   1   0  51   2   0   2   6   4   0   0   2  1.01 0.64
  242 T    -1  -1  -3  -2  -4  -2   0   1  -2   0  -1  -1   2   0   3   0   3  -5  -4  -1    4   3   1   1   0   1   8  10   1   6   7   3   6   3  12   6  23   0   0   5  0.28 0.30
  243 E    -3   0  -1   2  -6   0   4  -2   0  -4  -4   3  -5  -3  -1  -1  -1  -1  -1  -3    2   5   3  10   0   3  32   4   2   1   1  20   0   1   4   3   3   1   3   2  0.58 0.45
  244 V    -1  -1   0  -1  -2  -1   0  -2   0   2   0  -2   2   0  -3   0   2   0  -1   1    4   4   4   4   0   1   6   3   2  11   9   1   6   5   1   9  14   1   2  12  0.11 0.16
  245 N    -2  -1   3   3  -5   1   1   1  -1  -4  -3   3  -1  -3  -2  -1  -1  -5  -1  -3    2   2  16  15   0   7   7  12   2   1   3  16   2   1   1   5   4   0   3   2  0.37 0.32
  246 S     2  -2   0  -2  -2  -1  -2   1   2  -1  -3  -2   1  -3  -3   2   2  -5  -2   1   20   2   5   2   1   2   2  11   6   4   1   1   3   1   1  15  13   0   1   9  0.28 0.30
  247 G    -2   1   3  -1  -4   2   2   1   0  -4  -4   2  -3  -5  -3   0   1  -5  -1  -2    2   7  12   3   0   9  16   9   2   1   1  14   0   0   1   7  10   0   2   3  0.37 0.34
  248 F    -1  -4  -5  -5  -5  -5  -6  -5  -1   5   1  -5   0   3  -5  -2  -2  -5   0   4    5   1   1   1   0   0   0   1   1  29  10   1   2  13   0   3   2   0   3  28  0.85 0.51
  249 F    -2   2   1   0  -3   1   2  -3  -1   0   0   1  -1   1  -3  -1   0  -4  -1   1    2  11   7   5   0   5  16   1   1   5  10   7   1   7   1   3   5   0   1  10  0.16 0.20
  250 Y    -3  -2  -5  -5  -2  -5  -6  -6  -2   5   1  -5   0   1  -2  -4  -2  -3   2   4    1   2   0   0   1   0   0   0   1  35  13   1   2   6   2   1   2   0   7  24  0.87 0.51
  251 K    -2  -1   2   3  -5   0   2  -1   1  -4  -3   2  -1  -3  -4   2   2   0  -4  -3    2   3   8  14   0   4  13   4   3   1   2  13   2   1   0  15  14   2   0   1  0.38 0.35
  252 S    -2  -1   3   4  -1  -2  -1  -2  -1  -4  -5   0  -2  -5  -5   3   2  -6  -4  -5    2   4  14  25   2   1   3   3   2   1   1   6   1   0   0  24  11   0   0   0  0.68 0.51
  253 A     3  -5  -3  -3  -4  -2   0  -3   0  -1  -3  -2   0  -4   5  -1  -1  -6   1   1   21   0   1   1   0   1   7   2   2   4   3   2   2   1  30   3   5   0   5  11  0.64 0.49
  254 E     0  -1  -1   2  -4   1   4   0  -2  -4  -4   0  -3  -4  -4   1   1  -3  -4  -3    9   3   3  13   0   5  29   7   1   1   1   5   0   1   0  11   8   0   0   2  0.48 0.41
  255 E    -2  -1  -1   3  -3   4   4  -2   0  -3  -4   2   0  -5  -2  -1  -3  -6  -1  -4    3   2   2  15   1  22  23   2   2   2   1  12   2   0   2   5   1   0   2   1  0.65 0.50
  256 R    -3   1  -5  -3  -5  -3  -4  -4  -1   1   3  -3   5   1  -6  -3  -2   3   3   0    1   9   0   2   0   1   1   2   1   7  29   1  13   6   0   2   2   4  11   6  0.57 0.41
  257 E     0   0   0   1  -3   3   3  -2   0  -3   0   2   0  -5  -2   0   0  -3  -3  -2    9   4   4   9   0  12  19   2   2   1   8  12   3   0   1   5   6   0   0   2  0.27 0.28
  258 K     1   2   1   1  -5   1   2  -2  -1  -3  -3   3  -1  -5  -1   0  -1  -5  -3  -3   14  11   6   8   0   6  11   2   2   1   2  20   1   0   2   7   4   0   1   2  0.34 0.31
  259 L    -2  -5  -4  -3  -2  -3  -6  -5  -3   4   2  -4   2   5  -4  -4  -4  -4   3   0    3   0   1   2   1   2   0   1   1  22  21   1   4  25   1   1   0   0   9   7  0.82 0.49
  260 V    -1   2  -1  -3  -3   0   0  -3  -1   1   2  -1   0  -1  -1  -1   0  -2   0   1    4  13   3   1   0   5   8   2   1   7  22   3   2   2   2   5   4   0   3  11  0.14 0.18
  261 K     0   2   0   3  -5   2   3  -2  -1  -3  -3   3  -2  -3  -4  -1  -1  -5  -3  -3    7   9   3  14   0  10  17   3   1   1   2  20   1   1   0   3   3   0   1   1  0.46 0.37
  262 A     2   1  -1  -2  -3   1   3   0  -1  -1  -2   0   0  -2  -2   0  -1  -1   2  -2   17   7   2   1   0   7  18   8   2   5   2   5   3   1   1   7   3   1   7   2  0.20 0.24
  263 E    -5  -1  -1  -1  -7  -1   7  -4  -3  -4  -5  -1  -1  -2  -6  -4  -5  -7  -3  -6    1   3   3   3   0   2  74   1   1   1   1   4   2   2   0   1   0   0   1   0  1.82 0.99
  264 R    -1   4   0  -1  -3   1   4  -3  -2  -2  -4   2  -1  -3  -4  -2  -2   3  -2  -3    5  23   4   4   1   5  26   1   1   2   1  11   1   1   1   2   3   4   1   2  0.59 0.44
  265 K     0   1   1   1  -5   2   3  -2  -2  -4  -4   3  -2  -3  -1   0  -1  -5  -4  -2    9   6   8   9   0   7  23   2   1   1   2  15   1   1   3   7   3   0   0   3  0.40 0.34
  266 F    -1   0  -1  -2  -3   1   0  -4   1   2   0   0   2   1  -1  -2  -1   0   3   0    6   5   2   2   0   6   5   0   4  15   8   7   6   7   3   2   4   1  10   7  0.14 0.18
  267 I    -2  -1  -2  -3  -1  -2  -3  -2  -4   3   2  -2   3   1  -2  -2   0  -3   0   1    3   3   2   1   1   1   2   4   0  18  23   2   8   7   2   2   6   0   4  11  0.28 0.25
  268 E    -1   2  -1   2  -4   0   2  -2  -1  -1   0   2  -1  -1  -3  -1   0   0   0  -1    4  12   2  10   0   4  17   2   1   5   8  15   1   2   0   3   5   1   3   5  0.20 0.22
  269 D     0   1   2   3  -4   1   3  -1   1  -3  -3   1   0  -2  -3   0  -1  -4  -1  -3    7   7   8  14   0   5  21   5   3   1   2   8   2   1   0   7   3   0   2   2  0.31 0.28
  270 R    -1   2  -4  -3  -1   1  -2  -3  -1   1   0   2   5   0  -1  -2  -2   0   0  -1    4  12   0   2   1   7   2   2   2  10   9  15  19   3   3   2   2   1   3   3  0.36 0.35
  271 V     0  -4  -5  -5   5  -5  -4  -4  -1   3   1  -4  -1  -2  -5  -3  -2  -2  -4   5    7   1   0   0  13   0   1   1   2  18  12   1   1   2   0   2   2   1   0  37  0.82 0.48
  272 K    -1   1   1   3  -5   2   3  -3  -1  -4  -3   4  -2  -5  -4  -1  -2  -5  -3  -3    4   8   6  14   0  10  17   2   1   1   2  24   1   0   0   3   2   0   1   2  0.52 0.39
  273 K     1   1  -1   0  -3   1   0  -2   2  -3  -2   4   0  -3  -2   0  -1  -5  -2  -3   11   8   2   4   0   7   5   3   4   1   5  32   3   1   2   7   3   0   1   2  0.35 0.31
  274 I    -4  -6  -4  -6   0  -4  -3  -3  -6   7   2  -3   1  -1  -6  -4  -4  -1  -3   2    1   0   1   0   2   1   2   2   0  56  15   1   3   2   0   1   0   1   1  10  1.18 0.62
  275 I     1  -1  -2  -3   0  -2  -1  -3   1   3   1   2   0  -1  -2  -1  -1  -3  -1   2   11   3   2   1   2   1   3   2   4  18  15  13   2   1   2   4   2   0   2  13  0.16 0.18
  276 E     0   1   1   4  -4   0   3  -2  -1  -3  -3   2   0  -1  -3  -1  -2  -4  -3  -3    7   8   6  21   0   4  17   2   1   2   3  14   2   3   1   5   2   0   0   1  0.38 0.28
  277 L     1  -1  -1  -2  -2  -1  -2  -2   1   0   1  -1   1   1  -2   1   1   0   0   0   15   3   3   1   0   2   2   2   4   3  18   4   3   6   1  13   8   1   3   8  0.11 0.14
  278 K    -2  -1  -1  -1  -2  -1  -1   5  -2  -1  -2   4   0  -4  -3  -2  -2  -4  -3  -2    3   2   2   3   1   2   3  39   1   4   4  24   2   1   1   3   2   0   1   3  0.62 0.36
  279 K     2  -1   0   0   3  -1  -1  -1  -1   0  -1   1  -1  -3   2  -1  -1  -3  -2   2   17   4   4   6   6   2   3   4   2   6   4   8   1   1  10   3   3   0   1  17  0.15 0.15
  280 K    -2   0   4   3  -3   0   0  -2  -1  -1  -2   3  -2  -3  -3  -1  -1  -3  -1  -2    3   5  23  16   0   4   4   3   1   4   3  19   1   1   1   3   4   0   2   3  0.43 0.28
  281 V    -2  -2  -2  -2  -1  -3  -1  -3  -3   2   1  -3   2  -2  -3  -2  -2  -3  -3   5    3   2   2   2   1   1   4   2   1   9  10   1   5   1   1   4   1   0   1  48  0.64 0.35
  282 C     0   0   0  -1   4   0   0  -1   0   0   0   0   0  -1  -1   0   0  -1  -1   0    5   4   4   3  13   3   6   6   3   6  12   5   2   3   3   6   5   1   2   7  0.07 0.04
  283 G     0   0   0   0  -1   0   0   0  -1   0   0   0   0   0   0   0   0  -1   0   0    8   4   4   6   2   4   7   9   1   5  10   5   2   4   4   6   8   1   2   7  0.01 0.00
  284 D     0   0   0   2  -1   0   1   0   0   0  -1   1  -1   0   0   0   0  -1  -1  -1    6   3   5  14   1   4   9   7   2   6   7  10   1   4   3   5   5   1   2   5  0.06 0.03
  285 S     1   0   0   0  -1   1   1   1  -1  -1  -1   0   0  -2   0   1   0  -1  -1  -1   15   3   5   4   1   8   7  10   1   3   6   5   2   2   3  12   6   1   2   3  0.08 0.05
  286 D     0   0   1   0   1   0   0   0   1  -1  -1   1  -1  -1   0   1   1  -1  -1  -1    6   3   5   6   3   3   6   8   5   3   5  11   2   3   3  12   9   1   1   3  0.06 0.04
  287 K    -1  -1   0  -1   0  -1  -1   4  -1  -1  -1   2  -1  -2  -1   1  -1  -2  -1  -1    5   3   4   3   2   2   3  30   1   3   5  14   2   2   3   9   4   1   2   4  0.25 0.13
  288 G     2  -1   0  -1   0  -1  -1   2  -1   0  -1  -1  -1  -2  -1   1   0  -1  -1   0   22   2   5   3   2   3   4  15   1   6   4   4   1   2   3   8   4   1   2   8  0.11 0.07
  289 F    -1  -1   3   1  -2  -1  -1  -1  -1  -1   0  -1  -1   3  -1  -1   0  -1  -1  -1    4   3  20   8   1   2   3   5   1   4   7   3   1  16   2   4   7   1   2   5  0.18 0.11
  290 V     0  -2  -1  -2   2  -1  -2  -2  -1   1   1  -1   0   0  -1  -1   0  -2  -1   3    9   2   3   2   5   2   3   3   2   7  12   3   2   4   2   5   4   1   1  29  0.16 0.10
  291 V    -3  -5  -5  -5  -4  -5  -5  -5  -5   3   1  -5  -1   2  -5  -3  -3  -4  -1   6    2   1   0   1   0   0   1   1   0  17  13   1   1   8   1   1   1   0   2  50  1.03 0.51
  292 I    -3  -5  -6  -6  -1  -3  -6  -6  -5   5   2  -5  -1   4  -6  -4  -2  -4  -3   3    1   0   0   0   1   2   0   0   0  38  17   0   1  18   0   1   3   0   0  16  1.02 0.52
  293 N    -1  -3   4  -4   7  -4  -4  -3  -2  -2  -1  -4  -2  -3  -5   2   3  -5  -2  -1    5   2  22   0  24   0   0   2   1   2   6   0   1   1   0  14  15   0   1   5  0.86 0.52
  294 Q    -2   4  -2  -3  -4   5   2   1  -1  -5  -4   0  -2  -4  -4   0   0  -2  -4  -5    3  20   1   1   0  28  11  13   1   0   1   4   1   1   0   7   6   1   0   0  0.67 0.47
  295 K    -3   1  -2   1  -5   2  -1   2  -2  -5  -1   5  -1  -4  -3  -2  -2   4  -3  -4    1   6   1   9   0  11   3  15   1   0   6  34   1   1   1   2   2   5   1   1  0.60 0.41
  296 G     0  -1   0   0  -3  -2  -2   5  -2  -3  -1  -1  -2  -5   0   1  -1  -5  -3  -2    9   3   4   6   1   2   2  38   1   1   8   4   1   0   4   9   3   0   1   3  0.45 0.31
  297 I    -3  -4  -7  -7  -1  -6  -6  -5  -6   7   0  -6   0   2  -6  -6  -3  -6  -5   3    1   1   0   0   1   0   0   1   0  55   7   0   2   8   0   0   1   0   0  21  1.44 0.67
  298 D    -2  -3   1   6  -2  -3  -1   1   1  -6  -5  -2  -6  -5  -3   2  -3  -6   2  -6    3   1   5  43   1   1   4  11   3   0   1   2   0   0   1  14   1   0   8   0  0.93 0.54
  299 P    -2  -2   1   6  -6  -1   3  -4   0  -6  -5  -2  -3  -6   2  -1  -3  -3  -3  -5    3   2   7  47   0   2  15   1   2   0   1   2   1   0  10   3   1   1   1   1  1.08 0.59
  300 F    -1   0  -2  -2  -2  -2   1  -2  -2   1   2  -1   3   2  -2  -1  -2   1   2   0    3   5   1   2   1   1   9   3   1   6  26   4   7   8   2   4   2   2   8   6  0.19 0.19
  301 S     4  -4  -5  -5   2  -3  -4  -3  -2   1  -1  -4  -1  -2   1   2  -2  -5  -2   1   41   1   0   0   4   1   0   2   1   8   5   0   1   1   7  13   2   0   2  11  0.61 0.44
  302 L    -1   0   0  -2  -2   3   1  -3  -2   0   3  -1   1  -2  -4  -2   0   1  -2  -1    5   6   5   2   1  14   8   1   1   5  32   2   3   1   0   2   6   2   1   4  0.29 0.28
  303 D    -2  -1  -1   2  -7   3   0  -2   8  -5  -5   1  -5  -3  -3   0  -3  -6   1  -5    3   4   2  10   0  14   6   3  34   1   1   7   0   1   2   7   2   0   5   1  0.98 0.57
  304 A    -3  -2  -5  -4  -1  -2  -2  -3   0   0   2  -2   2   4  -2  -4  -3   2   6  -2    2   3   0   1   1   2   3   2   2   5  19   2   5  18   2   1   1   3  26   3  0.71 0.44
  305 L    -3  -7  -8  -4   2  -7  -7  -4  -7  -1   5  -7   1   5  -7  -7  -6  -5  -4  -3    2   0   0   1   4   0   0   2   0   2  61   0   3  23   0   0   0   0   0   1  1.50 0.74
  306 A     4  -2   2  -1  -1  -1   0  -2  -2  -1  -1  -1   1  -3  -4   0  -1  -5  -3   0   40   2   9   3   1   2   6   2   1   3   5   3   4   1   0   7   3   0   1   7  0.41 0.36
  307 K    -3   3   0   2  -7   1   2  -4  -1  -5  -5   5   0  -7  -4  -1  -3  -7  -6  -4    2  14   4  12   0   5  12   1   1   1   1  39   2   0   1   3   1   0   0   1  0.90 0.55
  308 E     3   2   2  -3  -2   0   2  -3   3  -3  -2   0   0  -1  -4  -1  -3  -4   3  -3   23  13   9   1   1   3  12   1   7   1   4   5   2   2   0   4   0   0  11   1  0.38 0.32
  309 G    -3  -3   4   0  -3  -2  -2   6  -2  -7  -4   2  -6  -6  -5  -2  -5  -6  -4  -6    1   1  16   5   1   1   3  53   1   0   2  11   0   0   0   2   0   0   1   0  1.18 0.61
  310 I    -2  -6  -6  -7  -1  -6  -6  -7  -6   7   1  -3   2  -2  -6  -4  -3  -6  -5   3    4   0   0   0   1   0   0   0   0  56  12   1   5   2   0   1   1   0   0  16  1.35 0.62
  311 V    -1  -4  -3  -3  -2  -3  -5  -4  -3   1   3  -4   6   2   0  -1  -1  -2   0   1    5   1   1   1   1   1   0   1   0   6  23   0  24  10   5   5   4   0   2   9  0.58 0.38
  312 A     5  -5  -3  -5   4  -4  -4   0  -5  -1  -3  -2  -1  -3  -3   0  -1  -5  -2   3   45   0   1   0   8   0   0   5   0   2   2   2   2   1   1   5   3   0   1  20  0.75 0.48
  313 L     0  -5  -5  -6  -1  -5  -5  -5   0   4   2  -5  -1   0  -5  -3  -1  -5  -1   4    9   0   0   0   1   0   0   1   2  25  15   0   1   4   0   1   3   0   2  34  0.80 0.44
  314 R    -4   6  -3  -2  -1   0   2   0   1  -7  -6   4  -4  -7  -4  -2  -3  -7  -4  -6    1  42   1   2   1   3  12   7   3   0   0  23   0   0   1   2   1   0   0   0  1.12 0.61
  315 R    -4   6   0   1  -1  -2  -2  -4   3   0  -2  -2  -3  -2  -4  -3  -3   4  -3  -1    1  47   4   7   1   1   2   1   7   5   5   1   1   1   1   1   2   6   1   4  0.96 0.56
  316 A     2  -5  -2  -5   2  -2  -5  -3  -4   2   0  -5  -1  -1  -2  -1   1  -6  -3   5   14   0   2   0   4   1   0   2   0  10   8   0   1   2   2   4   8   0   1  41  0.63 0.42
  317 K    -1   2  -1   3  -5  -1   1   0  -2  -5  -4   3  -4  -4   1   2  -2  -5  -5  -2    4  10   2  14   0   2  10   8   1   0   1  18   0   0   8  18   2   0   0   3  0.42 0.33
  318 R    -2   3  -2   0  -5   0   1   0  -2  -3  -3   4  -2   1   0   0  -2  -2  -3  -4    2  18   2   5   0   3   9   8   1   2   2  28   1   7   4   5   2   1   0   0  0.45 0.33
  319 R    -1   1  -1   3  -3  -1   3  -2  -2  -4  -4   0  -2   2   0   1   0   3  -2  -2    5   7   2  15   0   2  20   2   1   0   1   6   1   9   5  11   6   4   1   2  0.34 0.30
  320 N    -4  -3   2   7  -3  -1   4   0  -3  -5  -4  -3  -6  -5  -5  -4  -4  -7  -4  -4    1   1   9  50   1   2  22   7   0   1   2   1   0   0   0   0   1   0   1   1  1.33 0.69
  321 M    -1  -5  -1  -5  -1  -2  -5  -4  -5   3   4  -5   6   1  -5  -3  -2  -4  -1   0    4   0   4   0   1   2   0   1   0  17  33   0  20   5   0   1   2   0   2   6  0.77 0.45
  322 E    -2   3   1   1  -5   0   5  -2  -1  -4  -3   2  -1  -2  -2  -2  -2   0   0  -3    3  14   7   6   0   3  37   2   1   1   2  10   1   2   2   2   1   2   3   1  0.57 0.41
  323 R    -2   6  -1  -3  -6  -1  -3  -4   0  -2  -1   1  -1   2  -3  -2  -3   0   0  -2    4  49   3   1   0   2   1   1   2   3   7   6   1   8   1   2   1   2   3   2  0.85 0.52
  324 L    -1  -5  -6  -6  -4  -5  -5  -6  -5   4   4  -5   1  -1  -5  -3  -1  -5   0   2    4   0   0   0   0   0   0   0   0  26  40   0   3   2   0   2   4   0   4  13  0.87 0.48
  325 T     4  -3  -2  -4   5   0  -1  -2  -2  -1  -1  -2   0  -5  -2   1   0  -5  -4  -1   40   1   2   0  11   5   4   2   1   4   5   2   2   0   2  10   6   0   0   5  0.54 0.41
  326 L    -1   4   0  -1  -1   0  -1  -3  -1  -1   2   4   0  -2  -4  -2  -2  -5  -2  -2    5  20   4   3   1   4   3   1   2   4  19  24   2   1   0   2   1   0   1   2  0.37 0.32
  327 A     5  -4  -1  -3   0  -3  -3  -3  -1   0  -2  -4  -1  -3  -4   0   1  -5  -2   1   49   0   2   1   2   1   1   1   2   5   3   0   2   1   0   6  10   0   2  11  0.66 0.48
  328 C    -2  -5  -2  -5   6  -4  -5  -5  -5   0   2  -4  -1   0  -5  -1   5  -5  -4   1    2   0   2   0  16   0   0   0   0   5  17   0   1   3   0   3  40   0   0   9  0.92 0.53
  329 G    -3  -1   1   0  -1  -2  -3   6  -2  -6  -6  -2  -5  -6  -5  -1  -1  -6  -3  -6    1   4   6   5   1   1   1  67   1   0   0   3   0   0   0   3   4   0   1   0  1.33 0.62
  330 G     4  -5  -4  -5   4   0  -3   4  -5  -1  -2  -3  -4  -5  -4  -1  -2  -5  -5  -3   40   0   0   0   8   4   2  30   0   3   3   1   0   0   0   3   2   0   0   1  0.87 0.50
  331 I    -1   2   0  -1  -2   1   1  -3  -1  -1  -2   2   0  -3   0   1   3  -1  -3   0    4  11   5   2   1   6   7   1   1   3   2  13   3   1   4   8  21   1   1   7  0.23 0.22
  332 A     1  -4  -6  -3  -5  -3  -5  -5  -4   5   0  -4  -1  -3   3  -3  -2  -6  -2   2   14   1   0   2   0   1   1   1   1  36   8   1   2   1  16   1   2   0   1  13  0.80 0.50
  333 L    -1  -4  -4  -6   0   2  -3  -5   0   3   1  -4   1  -2  -5  -4  -2  -5  -2   5    4   1   1   0   2  11   1   1   2  17  13   1   3   2   0   1   2   0   1  37  0.74 0.47
  334 N     1  -1   3  -2  -3  -2  -3  -1   0  -3  -3  -1  -1  -3   1   3   2   1  -2  -2   12   4  14   2   0   1   1   3   2   1   3   3   2   1   6  25  13   2   1   3  0.37 0.34
  335 S    -1   3   2   2  -3  -2  -2  -3   1  -3  -4   0  -3  -5  -4   3   3  -6  -4  -3    4  15   9  12   1   1   1   2   4   2   1   5   0   0   1  23  18   0   0   1  0.56 0.43
  336 F    -2  -4  -4  -5   0  -4  -2  -4  -1   3   3  -4   0   4   1  -4  -1  -4  -2   3    2   1   0   0   2   1   3   1   1  14  24   1   2  15   7   1   4   0   1  18  0.51 0.36
  337 D    -2  -1   0   5  -1   0   4  -1  -2  -5  -4  -1  -2  -3  -5   1   0  -2  -3  -4    4   3   4  27   1   3  25   5   1   0   1   4   1   1   0  10   5   1   1   1  0.61 0.44
  338 D     0  -2   1   5  -2   0   2   0   3  -4  -4  -2  -3  -1  -1  -1   0  -6  -3  -3    6   1   6  31   1   4  13   6   6   1   2   2   0   3   3   5   5   0   1   2  0.51 0.38
  339 L    -3  -6  -5  -5  -3  -4  -3  -5  -6   3   4  -4   1   2   3  -4  -3  -5  -3   0    2   0   1   0   0   1   2   1   0  15  38   1   3   9  16   1   1   0   1   7  0.78 0.50
  340 N    -2   0   1   2  -2   0   2  -3  -3  -3  -3   0  -1  -3  -3   2   4   0  -5  -3    2   4   7  10   1   4  15   1   1   2   2   5   2   1   1  15  23   1   0   2  0.43 0.40
  341 P     1   0  -2   1  -3   0   3  -2  -2  -3  -2   0  -3  -2   4   0  -2  -6  -5  -2   13   4   2   7   1   3  17   3   1   1   4   5   0   2  24   6   2   0   0   2  0.43 0.37
  342 D    -1  -2   0   4  -3  -1   4  -3  -2  -3  -4   1  -5  -4  -4   2  -2  -6  -3   0    5   1   4  22   1   2  26   1   1   1   1   7   0   1   1  16   2   0   1   6  0.59 0.46
  343 C    -1  -2   0   4   3  -1   1  -4   3  -3  -3   2   0  -2  -4  -1  -1  -2   0   0    6   2   4  26   5   2   9   0   7   1   2  13   3   1   0   5   3   1   4   6  0.43 0.34
  344 L    -3  -6  -5  -7   0  -4  -6  -6  -6   2   6  -6   1  -1  -4  -5  -2  -6  -2   1    3   0   1   0   2   1   0   1   0  10  64   0   3   2   1   1   2   0   1   8  1.22 0.64
  345 G    -2  -4  -5  -6  -7  -6  -7   7  -7  -3  -8  -6  -7  -4  -7  -3  -3  -7  -7  -4    2   1   0   0   0   0   0  87   0   2   0   0   0   1   0   2   2   0   0   2  2.32 1.03
  346 H    -2   1   0  -3  -3   0   1  -3   5  -2  -3   1  -2   1  -4   1   2   1   3  -3    2   8   4   1   0   4   9   1  13   2   2  10   1   7   0   9  14   2   9   1  0.40 0.33
  347 A     6  -5  -6  -6   8  -4  -4  -3  -6  -1  -4  -4  -3  -4  -4  -2  -2  -7  -4  -1   54   0   0   0  25   0   1   2   0   3   1   1   1   1   1   2   2   0   0   5  1.55 0.80
  348 G     0  -2  -1   4  -2  -1   3   4  -4  -5  -6   1  -4  -5  -3   0  -3  -6  -4  -4    6   2   3  23   1   2  18  26   0   1   0   7   0   0   1   6   1   0   0   1  0.66 0.43
  349 L    -2   0  -2  -3  -2  -2   1  -3   0   1   3   1  -1  -1  -4   1   0  -5  -3   0    2   5   1   1   1   1   8   1   2   6  34   8   1   2   0  13   5   0   1   7  0.31 0.29
  350 V    -1  -3  -6  -7  -2  -6  -6  -5  -6   3  -1  -3  -1   4  -6  -4  -3  -3  -1   6    4   1   0   0   1   0   0   1   0  16   5   2   1  14   0   1   1   0   2  49  1.11 0.60
  351 Y    -3   1  -2  -1  -2  -1   6  -3   1  -4  -5   0  -3   0  -5  -1  -3  -2   4  -2    2   7   2   3   1   2  45   2   3   1   1   4   1   3   0   5   2   0  13   4  0.84 0.56
  352 E    -4  -1  -3  -2  -4   2   6  -6  -3   0  -2  -2  -3  -2  -3  -3  -1  -6  -3   2    1   3   1   2   0   9  51   0   1   6   3   1   1   2   1   1   4   0   1  13  0.98 0.63
  353 Y    -3   4  -1  -1  -5   1   3  -4   0   1  -2   2  -2  -3  -4  -2  -1  -5  -1   2    1  21   2   3   0   5  20   1   3   9   2  11   1   1   0   2   3   0   3  13  0.43 0.35
  354 T    -2   2  -1  -1  -3   3   2  -2  -1  -1  -3   3   1  -2  -2   1   1  -2  -2  -2    3   9   2   3   0  12  14   3   1   4   2  18   4   1   2   8   9   1   1   2  0.30 0.28
  355 L    -2  -2  -3  -1  -3  -3  -4  -3  -2   5   1  -2   0   1  -5  -2  -1  -2   0   3    2   3   1   4   0   1   1   3   1  34  13   2   1   6   0   3   3   0   3  17  0.53 0.35
  356 G     0  -4   0  -1  -1  -3   0   6  -3  -4  -3  -4  -4  -4  -5   0  -1  -3  -2  -5    6   1   4   3   1   1   6  58   0   1   3   1   0   1   1   7   4   0   1   1  1.09 0.62
  357 E    -2  -1   2   4  -5  -2   3   2  -1  -4  -4   0  -4  -6  -2   1  -1  -6  -4  -3    3   3   8  26   0   1  17  16   1   1   2   5   0   0   1   8   4   0   0   2  0.56 0.40
  358 E    -2  -1   1   5  -6   0   4  -2  -2  -4  -4   0  -5  -4  -4   0   0  -3   0  -2    3   3   5  27   0   3  29   2   1   1   2   5   0   1   1   5   6   0   3   4  0.69 0.47
  359 K    -3   3   0   1  -4   0   2  -2   0  -3  -4   4  -3  -3  -1  -1  -1  -1   1  -3    2  17   4   7   0   3  13   4   2   1   2  25   0   1   3   3   4   1   6   2  0.46 0.36
  360 F    -4  -3  -4  -6   2  -4  -4  -3  -1   1   1  -4   5   4  -6  -3  -2   3   4   2    1   1   1   0   4   0   1   2   1   6  15   1  12  17   0   2   2   4  16  12  0.72 0.43
  361 T    -2  -5   1  -5  -1  -5  -5  -3  -5   4   1  -4   0  -1  -5  -3   4   0  -2   3    2   0   7   0   1   0   0   2   0  19  13   1   2   2   0   1  26   1   1  19  0.67 0.46
  362 F    -4  -1  -4  -6  -2  -2  -3  -3   2   2   0   1  -2   6  -6  -4  -3  -2   2   2    1   4   1   0   1   1   1   2   5  10   8   8   1  34   0   1   2   0   7  13  0.78 0.47
  363 I    -4  -3  -7  -5  -6  -5  -6  -7  -6   5   1  -5  -2   5  -7  -4  -4  -5  -1   4    1   2   0   1   0   0   0   0   0  34  10   0   1  25   0   1   1   0   2  23  1.24 0.64
  364 E    -3   2  -2  -1  -4   0   4  -4   0  -2  -3   2  -2  -4  -4   2   2  -6  -2  -1    1   9   1   3   0   3  28   1   2   2   2  11   1   1   0  14  14   0   1   5  0.52 0.42
  365 K    -3  -2   2   2  -4   0   2   5  -1  -4  -5   1  -5  -4  -2  -2  -2  -6  -3  -4    2   2   8   9   0   5  12  39   2   1   1   9   0   1   2   2   2   0   1   1  0.72 0.46
  366 C    -1  -4  -1  -3   8  -4  -1   0  -4  -1  -2  -3  -2  -3  -1   0   0  -5  -4   2    5   1   3   2  35   1   5   7   0   4   3   1   1   1   3   8   7   0   0  12  0.93 0.51
  367 N     1   0   0   0  -5   0   2  -2  -2  -4  -4   4  -5  -5   3  -1  -1  -6  -4  -3   10   5   5   4   0   3  12   3   1   1   2  30   0   0  13   4   4   0   0   2  0.54 0.40
  368 N     0  -2   5   3  -4   0   0   0   0  -4  -4   1  -1  -3  -4   0  -1  -6  -3  -3    6   2  26  17   0   4   6   6   2   1   2  10   1   1   1   8   4   0   1   2  0.51 0.37
  369 P     1  -2  -1  -2   0  -1  -2   2  -1  -3  -5  -1  -3  -6   5   2   1  -4  -4  -2   12   2   2   2   2   2   3  13   2   1   1   3   1   0  27  18   7   0   0   2  0.60 0.44
  370 R    -2   3   1  -2  -4   0   1   0   0  -4  -4   5  -3  -4  -3   0   0  -6  -3  -4    3  15   5   2   0   3   8   8   3   1   1  34   1   1   1   8   5   0   1   1  0.62 0.44
  371 S     4  -2  -2  -5   2  -2  -4  -2   1   1  -2  -4   0  -3  -3   2   2  -5  -3   1   29   2   1   0   4   2   1   3   3   8   3   0   2   1   1  18  13   0   1   8  0.46 0.39
  372 V     2  -3  -2  -6   7  -3  -5  -3  -3   0  -2  -2  -1  -5  -5   1  -2  -6  -3   4   16   2   2   0  19   1   0   2   1   5   3   2   1   0   0  10   2   0   1  31  0.81 0.52
  373 T    -4  -6  -3  -5  -2  -6  -5  -5  -7  -7  -7  -5  -6  -6  -7   4   7  -8  -7  -5    1   0   1   0   1   0   0   1   0   0   0   1   0   0   0  23  70   0   0   0  2.09 1.12
  374 L    -5  -7  -7  -8  -3  -5  -7  -5  -7   7   3  -7   0  -1  -7  -6  -3  -7  -4   3    0   0   0   0   1   0   0   1   0  53  22   0   1   3   0   0   2   0   0  17  1.52 0.73
  375 L    -4  -6  -7  -5  -4  -5  -5  -5  -7   4   4  -6   0   1  -3  -5  -4  -6  -5   4    1   0   0   1   0   1   1   1   0  19  42   0   1   5   1   1   0   0   0  26  1.11 0.59
  376 V    -3  -7  -5  -8   1  -7  -7  -8  -7   4   5  -7   0  -3  -7  -6  -4  -6  -5   3    2   0   1   0   3   0   0   0   0  24  47   0   2   0   0   0   0   0   0  21  1.33 0.68
  377 K    -3   8  -4  -7  -1  -3  -5  -3   0  -8  -6   1  -4  -3  -5  -5  -4  -3  -3  -7    2  76   0   0   1   1   0   3   2   0   0   8   0   2   1   1   1   1   1   0  2.16 1.03
  378 G     1  -7  -6  -7  -4  -7  -5   7  -7  -8  -8  -7  -8  -8  -7  -2  -7  -3  -8  -8   10   0   0   0   0   0   1  85   0   0   0   0   0   0   0   2   0   0   0   0  2.37 1.07
  379 P     3  -5  -2  -4  -3  -2  -4   3  -5  -5  -5  -4  -4  -5   4   3  -2  -6  -6  -3   23   0   1   1   1   1   1  22   0   0   1   0   0   0  20  24   2   0   0   1  0.89 0.58
  380 N    -1  -5   5  -2  -5  -3  -4  -2  -3  -4  -5  -5  -5  -4  -4   2   5  -5  -6  -4    6   0  29   2   0   1   0   2   0   1   1   0   0   1   1  17  35   0   0   1  1.16 0.72
  381 K    -2   0   0   3  -5   3   3  -2   0  -5  -5   4  -2  -5   1  -1  -2  -2  -4  -5    3   4   4  14   0  11  19   2   2   0   1  24   1   0   6   4   2   1   0   1  0.59 0.43
  382 H    -2  -1   2   1  -4   3   0  -4   6  -3   0  -2   2   0  -4  -1  -2  -3   2  -3    3   3   9   7   0  15   5   1  17   1  11   1   5   4   1   4   2   0   8   2  0.46 0.36
  383 T    -1  -3  -4  -4  -4  -2  -3  -4  -2   3   1  -4   3   1  -5  -1   1  -5  -1   4    4   1   1   1   0   2   1   1   1  18  10   1   7   6   0   4   9   0   2  29  0.52 0.35
  384 L     0  -4  -5  -6   1  -3  -5  -3  -6   3   5  -5   2  -3  -6  -2  -2  -5  -5   2    7   1   1   0   2   1   1   2   0  16  47   0   5   1   0   3   3   0   0  12  0.84 0.48
  385 T     0  -4   2   6  -7  -1   3  -3  -3  -5  -5  -2  -5  -6  -5  -2  -1  -4  -4  -6    7   1   8  48   0   2  20   2   0   1   1   2   0   0   0   3   3   0   1   0  1.23 0.68
  386 Q    -6  -3  -3   2  -5   2   7  -4  -4  -8  -6  -2  -5  -6  -6  -4  -4  -7  -5  -7    0   1   1  10   0   7  72   2   0   0   1   2   0   0   0   1   1   0   0   0  1.92 0.98
  387 I     3  -4  -4  -6  -1  -5  -5  -4  -5   3   1  -5   3  -1  -5  -2   1  -3  -1   3   25   0   1   0   1   0   0   1   0  16  10   0   8   2   0   2   8   0   2  21  0.63 0.43
  388 K    -3  -2  -2   1  -7   0   6  -3   0  -2  -6   2  -4  -7  -5  -2  -4  -3  -5  -3    2   2   1   7   0   3  57   2   2   3   1  13   0   0   0   2   1   1   0   2  1.25 0.72
  389 D    -5   8  -2   1  -4  -2  -2  -5  -2  -6  -7  -2  -6  -8  -7  -4  -4  -8  -7  -5    1  76   2   8   0   1   3   1   1   1   0   1   0   0   0   1   1   0   0   1  2.16 1.03
  390 A     4  -4   2  -4  -1  -3  -3  -1  -3  -1  -4  -4  -4  -6  -4   5  -1  -6  -6  -2   33   1   8   0   1   1   1   5   0   3   2   1   0   0   0  37   3   0   0   2  0.89 0.60
  391 I    -4  -6  -7  -7  -5  -6  -6  -7  -7   4   4  -6   1   1  -6  -6  -3  -6  -5   4    1   0   0   0   0   0   0   0   0  24  38   0   3   6   0   0   2   0   0  25  1.18 0.60
  392 R    -3   3   1   3  -6   1   0  -5   8  -3  -3   1  -3  -4  -5  -3  -2  -3  -1  -4    2  13   7  16   0   6   6   1  30   1   2   7   1   1   0   2   2   0   2   1  0.96 0.55
  393 D    -4  -4   1   8  -5  -4  -3  -3  -3  -8  -8  -2  -8  -8  -7  -2  -3  -9  -8  -5    1   1   5  81   0   0   1   2   1   0   0   2   0   0   0   3   2   0   0   1  2.32 1.05
  394 G     6  -6  -5  -6   3  -5  -6   3  -6  -5  -5  -4  -3  -7  -6   1  -2  -7  -6  -3   59   0   0   0   5   0   0  20   0   0   1   1   1   0   0   9   2   0   0   1  1.39 0.77
  395 L    -4  -6  -6  -7  -4  -4  -6  -7  -4   4   5  -6   3  -1  -7  -5  -4  -4  -5   2    1   0   0   0   0   1   0   0   0  19  53   0   6   2   0   1   1   0   0  14  1.24 0.63
  396 R    -1   3   3  -1   7  -1  -2   0   2  -4  -4   0   2  -3  -5   0  -2  -2  -1  -4    5  14  12   3  23   2   2   8   4   0   1   5   6   1   0   7   2   1   2   0  0.65 0.42
  397 A     3  -6  -3  -3   0  -4  -5  -5  -6   1  -2  -5  -2  -4  -5   0   0  -6  -4   6   22   0   2   1   2   1   0   0   0   8   3   0   1   1   0   7   6   0   0  46  0.94 0.57
  398 V     1  -6  -6  -6   0  -5  -6  -5  -6   3   1  -6  -2   1  -6  -3  -1  -5   0   5   12   0   0   0   2   0   0   1   0  12  14   0   1   5   0   1   4   0   3  44  0.90 0.52
  399 K     0   5  -3  -4   0  -1  -2  -3  -2  -2  -3   5  -4  -3  -5   1  -2  -1  -2  -3    9  28   1   1   2   2   2   2   1   2   2  31   0   1   0  10   2   1   2   1  0.78 0.50
  400 N     0   3   4  -1   3   1  -3  -2  -1  -2  -1  -1  -3  -3  -3   1  -1  -5  -4  -2   10  15  24   3   7   7   0   3   1   3   7   2   0   1   1  10   3   0   0   3  0.41 0.34
  401 A     3  -5  -5  -5  -1  -4  -5  -3  -4   1   3  -5   1  -1  -4  -1   2  -5  -3   2   23   0   0   0   1   0   0   2   0   8  24   0   3   3   1   4  15   0   1  16  0.53 0.39
  402 I    -2  -3  -5  -5   1  -4  -4  -4  -2   4   2  -2   2   0  -5  -2   0  -3  -1   3    4   1   0   0   3   0   1   2   1  23  23   2   4   4   0   2   6   0   2  21  0.55 0.34
  403 D    -3   3   1   0  -6   0   4  -4  -1  -2  -2   4  -3  -2  -4  -1  -1  -5  -3  -2    2  15   5   5   0   4  25   1   1   2   4  24   1   2   0   3   3   0   1   3  0.57 0.41
  404 D    -2  -2   3   6   0  -3   2  -1   1  -6  -5   0  -6  -6  -5   1  -1  -7  -2  -5    3   2  14  38   2   1  11   4   3   0   1   6   0   0   0  10   4   0   1   0  0.86 0.53
  405 G    -2   1   2   0  -4  -1  -1   3  -2  -6  -5   2  -4  -6   4   0  -2  -4  -5  -5    3   6   9   5   0   2   4  25   1   0   1  12   0   0  21   8   3   0   0   0  0.62 0.42
  406 C     1   4  -2  -4   3  -1  -1  -1  -1  -4  -3   3  -2  -1  -3   1  -2  -4  -1  -3   12  27   1   1   6   2   4   4   1   1   2  18   1   3   1  11   2   0   3   1  0.52 0.39
  407 V    -2  -5  -7  -7  -3  -5  -6  -6  -6   4   2  -5   1   1  -6  -5  -1  -6   0   5    2   0   0   0   1   0   0   0   0  18  21   0   3   6   0   0   3   0   3  40  1.01 0.55
  408 V    -4  -5  -7  -8  -1  -7  -7  -6  -7   3   2  -7  -2  -3  -6  -5  -2  -7  -4   6    1   1   0   0   2   0   0   0   0  12  20   0   1   1   0   1   2   0   0  59  1.47 0.74
  409 P     3  -6  -4  -6  -2  -4  -5  -1  -4  -3  -1  -4  -5  -2   7  -3  -2   0   2  -3   20   0   1   0   1   0   0   5   0   1   6   1   0   1  47   2   2   1   8   2  1.22 0.70
  410 G    -4  -8  -6  -7  -8  -7  -8   8  -8  -9  -9  -7  -8  -9  -8  -3  -7  -8  -8  -9    1   0   0   0   0   0   0  97   0   0   0   0   0   0   0   2   0   0   0   0  2.89 1.21
  411 A     3  -7  -6  -7  -3  -7  -7   7  -7  -8  -8  -6  -7  -6  -7  -5  -6  -8  -8  -7   26   0   0   0   1   0   0  72   0   0   0   0   0   0   0   0   0   0   0   0  2.16 0.98
  412 G    -2  -8  -6  -7  -4  -7  -7   8  -7  -6  -7  -7  -8  -8  -6  -3  -6  -8  -4  -8    3   0   0   0   0   0   0  93   0   1   0   0   0   0   0   2   0   0   1   0  2.65 1.12
  413 A     6  -6  -3  -5   3  -4  -6  -2  -3  -5  -6  -5  -6  -5  -4   2  -2   0  -6  -4   70   0   1   0   6   1   0   2   1   1   0   0   0   0   1  12   2   1   0   1  1.56 0.83
  414 V     1  -5  -5  -5   1  -5  -5  -4  -5   3  -1  -5  -3   2   2   0   3  -5  -4   3   10   0   0   0   3   0   0   1   0  15   5   0   0  10   9   8  20   0   0  18  0.54 0.40
  415 E    -2  -5  -5  -2  -8   0   8  -5   0  -6  -5  -5  -4  -4  -5  -5  -6  -4   0  -6    3   0   0   2   0   3  81   1   2   1   1   0   1   1   0   0   0   0   3   0  2.13 1.04
  416 V     0  -6  -4  -6   1  -5  -3  -4  -6   4   0  -4   7  -2  -6  -2   0  -6  -2   2    8   0   1   0   2   0   2   1   0  23   8   1  29   2   0   3   6   0   1  13  0.94 0.54
  417 A     4  -1  -2  -2  -4   0   4  -3   1  -2  -2  -1  -3  -3  -5   0  -2  -3  -2  -2   32   2   1   1   0   3  32   2   3   2   4   3   0   1   0   6   1   0   2   3  0.65 0.47
  418 L     1  -6  -6  -7   3  -5  -6  -5  -6   3   4  -5   4  -4  -6  -5  -3  -6  -5   2   10   0   0   0   5   0   0   0   0  15  43   0  11   0   0   0   1   0   0  12  1.02 0.54
  419 A     5  -3  -2  -5  -2  -4  -4  -3   1  -3  -5  -4  -5  -4  -5   5  -4  -4   0  -4   47   1   2   0   1   0   0   1   3   1   0   0   0   1   0  37   0   0   3   0  1.27 0.74
  420 E     0   3   0  -2   0   1   0  -3   2   0   0   2   1  -2  -4  -1  -1  -3  -2   0    7  15   4   1   2   8   6   1   5   5  12  14   3   1   0   3   4   0   1   7  0.18 0.19
  421 A     2   3  -2  -1  -3   1   0  -2   4  -2  -2   1   0   0  -4  -1  -2  -3   3  -2   19  17   1   4   1   7   5   2  10   2   3   8   3   3   0   2   2   0   9   2  0.35 0.30
  422 L    -5  -7  -8  -8  -4  -7  -7  -8  -7   3   6  -7  -2  -4  -7  -6  -5  -6  -6   2    0   0   0   0   0   0   0   0   0  15  68   0   1   0   0   0   0   0   0  14  1.64 0.76
  423 I    -1   5   0  -1  -4   1   2  -3   0  -2  -2   2   0  -3  -4   0   0  -4  -3  -2    5  30   4   4   0   5  11   2   2   2   4  10   2   1   0   7   6   0   1   3  0.44 0.33
  424 K     0   0   1   2  -5   2   3  -3  -1  -4  -4   3  -2  -6  -4   1  -1  -6  -4  -4    9   4   7  11   0  10  20   2   1   1   1  18   1   0   0  10   3   0   0   1  0.50 0.37
  425 Y    -1  -1  -2  -4  -3  -2   0  -5   3  -2   0   1   0   4  -5  -2  -4   4   6  -1    6   3   2   1   0   2   7   0   6   2   8  10   3  16   0   2   0   4  24   3  0.65 0.41
  426 K     6  -3  -3  -5  -5  -4  -4   0  -6  -3  -4   1  -1  -5  -4   2  -4  -7  -5  -4   57   2   1   0   0   0   0   7   0   2   2   9   1   0   0  16   0   0   0   0  1.12 0.67
  427 P    -1   2   1   1  -3   1   1  -2  -1  -3  -1   2  -1  -2   0   0   1  -3  -2  -2    5  12   6   9   1   5   9   2   1   1   5  16   1   1   5   8   9   0   1   2  0.21 0.20
  428 S    -1   0   1  -1  -3   0   1   0  -3  -5  -4   2  -2  -6  -4   3   4  -6  -4  -3    4   4   7   2   0   5   8   6   0   0   1  15   1   0   0  19  26   0   0   1  0.53 0.42
  429 V    -2  -3  -3  -4   1  -1  -2  -4  -1   3   2  -2   1   0  -5  -2   1  -4   0   3    3   2   1   0   3   3   3   1   1  19  19   2   3   4   0   2   8   0   3  24  0.41 0.29
  430 K     0  -1   0   1  -3  -1   2   1  -1  -3  -4   2  -3  -4   3   2   0  -5  -4  -2    8   2   3   8   0   3  12  10   2   1   1  11   0   0  16  14   6   0   0   2  0.34 0.28
  431 G    -3  -4  -1   0  -4  -6  -4   7  -3  -6  -7  -5  -2  -6  -3   1  -1  -7  -5  -5    1   1   2   5   0   0   1  70   1   0   0   0   1   0   2  10   3   0   0   1  1.60 0.78
  432 R    -4   5  -3  -5  -6  -2  -2  -5  -2  -1   0   5   1  -4  -4  -3  -2  -4  -3   1    1  30   1   0   0   1   3   1   1   4  11  31   4   0   1   1   2   0   1   8  0.87 0.53
  433 A     1   0  -1   1  -5   1   6  -4  -2  -3  -4   0  -3  -5  -4  -1  -2  -6  -3  -3   11   4   3   7   0   5  48   1   1   2   2   6   0   0   1   4   2   0   1   2  0.86 0.55
  434 Q     0   1  -4  -4  -4   8  -3  -3  -1  -4  -6   1  -4  -4  -6   0  -4  -7  -3  -4    7   7   1   1   1  61   1   2   2   1   1   7   0   1   0   7   0   0   1   1  1.61 0.88
  435 L    -3  -4  -6  -5  -4  -4  -3  -5   0   1   4  -4   3   1  -5  -3  -3   3   5   0    2   1   0   0   0   1   2   1   2   7  41   1   6   5   1   2   1   4  18   6  0.84 0.49
  436 G     5  -6  -5  -6   4  -5  -5   2  -6   0  -3  -5  -4  -3   1  -1  -3  -6  -6   1   47   0   0   0   8   0   0  14   0   6   2   0   0   1   6   4   1   0   0  10  0.93 0.57
  437 V    -2  -5  -7  -7  -5  -6  -6  -6  -6   5  -1  -5   4   2  -6  -5  -4  -1   3   4    3   1   0   0   0   0   0   0   0  36   5   0   8   7   0   0   0   1  10  28  1.17 0.59
  438 Q     0   2   1   0  -5   3   4  -2   0  -2  -1   2  -2  -4  -4  -1  -2  -5  -3  -4    7  12   5   4   0  13  25   3   2   2   7  13   1   1   0   4   2   0   1   1  0.46 0.35
  439 A     6  -1  -3  -5  -4  -2   1  -2  -3  -3  -5   2  -3  -6  -5   0  -3  -7  -3  -3   57   3   1   0   0   1   8   3   1   2   1  12   0   0   0   7   1   0   1   2  0.99 0.61
  440 F    -5  -5  -8  -8  -7  -8  -8  -6  -6  -1  -2  -8  -3   8  -8  -7  -7  -1   5   0    1   1   0   0   0   0   0   1   0   3   4   0   0  65   0   0   0   1  18   7  2.26 0.96
  441 A     7  -5  -6  -6  -2  -6  -6   0  -6  -5  -6  -3  -4  -7  -6   1  -3  -7  -7  -5   79   1   0   0   1   0   0   7   0   0   0   2   0   0   0   8   1   0   0   0  1.85 0.93
  442 D    -2   2   1   5  -6   1   4  -4  -2  -3  -4   1  -2  -6  -5  -1  -2  -6  -3  -3    3  11   7  27   0   6  25   1   1   1   1   9   1   0   0   3   2   0   1   2  0.74 0.46
  443 A     7  -7  -6  -7  -4  -6  -6  -3  -7  -7  -7  -6  -6  -7  -6   2  -4  -8  -7  -3   82   0   0   0   0   0   0   2   0   0   0   0   0   0   0  13   1   0   0   2  2.06 1.01
  444 L    -6  -7  -8  -8  -6  -7  -7  -8  -7   0   6  -7   2   4  -8  -7  -6  -6  -3  -2    0   0   0   0   0   0   0   0   0   5  74   0   4  13   0   0   0   0   1   2  1.76 0.81
  445 L    -5  -1  -4  -1  -6   0   7  -6  -3  -4   2  -3   0  -5  -6  -3  -3  -7  -6  -5    0   4   0   3   0   3  60   0   0   1  21   1   2   0   0   1   2   0   0   0  1.37 0.76
  446 I     0  -3  -2  -2   0   0   0  -3  -3   3  -2  -2   0  -3  -5   0   1  -2  -3   4    9   1   2   2   2   5   6   2   0  19   2   2   2   1   0   8   7   1   1  27  0.37 0.31
  447 I    -6  -8  -7  -8  -6  -7  -8  -8  -8   8   1  -7  -1  -1  -5  -6  -5  -7  -5   3    0   0   0   0   0   0   0   0   0  69  11   0   1   2   1   0   0   0   0  14  1.98 0.86
  448 P    -4  -8  -8  -7  -8  -7  -7  -7  -5  -4  -6  -7  -3  -9   9  -5  -5  -9  -8  -1    1   0   0   0   0   0   0   0   0   1   1   0   1   0  89   1   1   0   0   5  3.02 1.29
  449 K    -1   5  -3  -5  -1  -1  -2  -4  -2  -1  -1   4   0  -2  -5  -1   1  -3   1  -2    5  28   1   0   1   2   2   1   1   3   6  26   2   2   0   4   7   0   5   2  0.62 0.43
  450 V     1  -5  -4  -6  -1   2  -5  -5  -2   3  -2  -5  -2  -4  -6  -2   6  -4  -2   1   10   0   1   0   1   8   0   0   1  16   4   0   1   0   0   2  45   0   1   9  0.98 0.62
  451 L    -6  -7  -8  -8  -6  -7  -8  -8  -8   2   7  -7  -3  -3  -6  -7  -6  -7  -6  -3    0   0   0   0   0   0   0   0   0  11  86   0   0   1   0   0   0   0   0   0  2.12 0.94
  452 A     6  -6  -5  -5   4  -5  -6  -3  -6   1  -2  -6  -3  -5  -6  -1  -4  -7  -6  -1   68   0   0   0   7   0   0   1   0   7   4   0   1   0   0   5   1   0   0   5  1.43 0.76
  453 Q    -1   1  -2   3  -6   3   5  -4  -1  -4  -4   1  -3  -5  -5  -1   0  -6  -4  -2    4   7   1  13   0  13  38   1   1   1   2   6   1   0   0   4   5   0   0   3  0.76 0.49
  454 N    -7  -6   9  -5  -8  -6  -6  -6  -5  -9  -9  -6  -8  -9  -8  -1  -1  -9  -8  -6    0   0  92   0   0   0   0   0   0   0   0   0   0   0   0   4   3   0   0   1  3.11 1.29
  455 S     6  -6  -4  -5   5  -5  -4  -1  -6  -4  -4  -4  -2  -2  -5   3  -2  -7  -4  -4   55   0   0   0   9   0   0   5   0   1   1   0   1   2   0  21   2   0   1   1  1.25 0.71
  456 G    -1  -6  -3  -3  -4  -7  -7   8  -7  -7  -9  -7  -6  -8  -7  -5  -7  -8  -8  -8    5   0   1   1   0   0   0  91   0   0   0   0   0   0   0   0   0   0   0   0  2.55 1.07
  457 F    -1  -2  -3  -5  -2  -1  -4  -1   2  -1   4  -1   4   3  -5  -3  -3  -2   2  -1    5   2   1   0   1   3   1   4   5   3  36   4  10  11   0   1   1   0   8   4  0.51 0.35
  458 D    -4  -4   4   7  -8  -3  -2  -4  -2  -8  -7  -2  -6  -5  -3   0  -5  -8  -5  -7    1   1  20  60   0   1   2   1   1   0   0   2   0   0   2   8   0   0   0   0  1.72 0.82
  459 L     2  -4  -5  -5  -1  -2  -3  -1  -4  -2  -3  -3  -3  -5   6   2  -1  -4  -4   0   16   1   0   0   1   2   1   5   0   2   2   2   0   0  36  18   4   0   0   7  0.86 0.54
  460 Q    -1  -4   0  -3  -4   1  -2  -4  -3   5   1  -4   1  -3  -4  -1   2  -3  -3   1    6   0   5   1   0   8   3   1   0  31  12   0   3   0   1   3  15   0   1   9  0.50 0.36
  461 E    -2   1   1   6  -4   0   4  -5  -3  -5  -5   0  -4  -5  -5  -1  -2  -7  -5  -4    4   6   6  37   0   4  26   1   1   0   1   5   0   0   0   5   2   0   0   1  0.97 0.56
  462 T     1  -3  -4  -4   0  -2  -3  -4  -4   3   2  -2   0  -3  -5  -1   3  -5  -2   3   10   1   0   1   2   1   2   1   0  18  16   2   2   0   0   3  20   0   1  19  0.47 0.34
  463 L    -4  -5  -7  -7  -3  -5  -5  -7  -6   4   4  -3   2  -2  -6  -5  -3  -6  -3   4    0   0   0   0   0   0   0   0   0  21  41   2   5   1   0   1   1   0   1  25  1.11 0.56
  464 V     2  -4   1  -3  -3  -2  -2  -2  -3   0  -1  -3   0  -3  -1   2   3  -5  -4   2   19   0   6   1   0   2   2   2   0   5   7   0   2   1   2  16  21   0   0  12  0.38 0.34
  465 K     1   1   0   1  -5   2   3  -4  -3  -5  -4   4  -3  -4  -5   0  -2  -6  -5  -4   12   6   5   6   0  10  22   1   0   0   2  26   0   1   0   6   2   0   0   1  0.62 0.43
  466 V    -4  -7  -6  -8  -3  -7  -7  -8  -7   1   6  -6   2  -4  -7  -7  -6  -6  -6   0    1   0   0   0   0   0   0   0   0   7  80   1   5   0   0   0   0   0   0   5  1.81 0.83
  467 Q    -4   7  -2  -5  -6   2  -2  -6  -2  -3  -3   2  -3  -2  -5  -3  -3  -2   1  -4    1  56   2   0   0   8   2   0   1   2   3  11   1   2   0   2   2   1   5   1  1.34 0.69
  468 A     4  -1   2  -1  -4   0  -1  -2   0  -3  -4   0  -1  -5  -4   2   1  -5  -3  -2   37   3   9   3   0   5   4   2   3   1   1   6   2   0   0  14   7   0   1   3  0.48 0.38
  469 E     3   2  -3  -3  -2   0   2  -2  -1  -2  -1   3  -1  -2  -4  -1  -3  -3   0  -2   24  12   0   0   1   4  15   2   1   2   6  19   2   2   0   4   0   0   3   2  0.41 0.34
  470 H    -4  -4  -1  -5  -1   2  -4  -5  10  -1  -4  -4  -6  -3  -6  -5  -6  -6   1  -5    1   1   2   0   2   9   1   1  67   4   2   1   0   1   0   1   0   0   4   1  2.49 1.02
  471 S     3   0   1  -1  -4   0   0  -2   2  -3  -2   0  -2  -3  -3   1   0  -4   0  -1   26   5   8   3   0   5   7   2   5   1   3   7   0   1   1  12   6   0   4   4  0.25 0.25
  472 E     1   0   2   1  -3   2   3  -2  -2  -4  -3   2  -3  -5  -3   0  -1  -5  -3  -4   10   4  10   7   0  10  23   3   1   1   3  13   0   0   0   7   4   0   1   1  0.43 0.33
  473 S    -1  -4   1   0  -4  -4   0   6  -3  -6  -5  -1  -6  -5  -4   1  -1  -6  -6  -5    5   1   7   5   0   0   6  52   0   0   1   5   0   1   1  11   4   0   0   0  1.00 0.55
  474 G    -1   0   4   1  -3   1   2   2   0  -3  -3   2  -1  -4  -2  -1  -2  -4  -3  -3    4   4  20   6   1   7  13  14   2   1   3  15   2   1   1   3   2   0   1   1  0.39 0.30
  475 Q     0   0   0  -1   0   1   0  -2   2   0  -2   3  -1  -2   0   1   1   1  -1  -1    5   4   5   3   2   7   6   1   5   5   2  19   2   1   5  10   8   2   2   4  0.16 0.17
  476 L    -1  -1   3  -1   0  -2  -2  -2   1  -2  -1  -1  -2   0  -1   1   3   6   1  -2    5   3  12   4   2   1   1   2   4   2   5   3   1   5   3   9  17  13   6   2  0.38 0.30
  477 V     2  -4  -4  -4  -1  -4  -3  -4  -1   1   0  -3   2   3  -4  -1  -1   4   4   2   20   0   1   1   1   0   2   1   1   6   7   1   5  10   0   4   4   5  16  14  0.46 0.33
  478 G    -4  -4  -4  -5  -1  -7  -7   8  -7  -6  -7  -6  -7  -4  -7  -5  -6  -7  -7  -7    1   1   1   1   1   0   0  92   0   1   1   0   0   1   0   1   0   0   0   0  2.56 1.06
  479 V    -5  -6  -7  -7  -5  -6  -6  -6  -7   5   3  -5  -2   1  -4  -6  -5  -6  -3   5    0   0   0   0   0   0   0   1   0  33  23   1   0   5   1   0   0   0   1  34  1.26 0.61
  480 D    -5  -4   5   7  -5  -5  -1  -3  -3  -4  -6  -4  -5  -7  -5  -2  -5  -7  -5  -5    1   1  24  60   0   0   3   2   1   1   1   1   0   0   0   3   0   0   0   1  1.85 0.84
  481 L     0  -4  -4  -5   3  -4  -5   1  -4   3   2  -4   2  -1  -3  -2  -3  -5  -4   3    8   0   1   1   7   0   0  12   0  15  22   1   5   2   1   2   1   0   0  22  0.51 0.33
  482 S    -1   1   2   1  -3   0   2  -2  -1   0   0   0   1   1  -2   0   0  -3   0  -1    3   9   9   9   0   2  16   2   1   6   8   6   4   6   1   5   5   0   3   4  0.12 0.14
  483 T    -1  -1   3   0  -5  -1   0  -1  -2  -3  -4   2  -3  -4  -4   2   4  -3  -3  -4    3   3  13   6   0   2   7   5   1   2   1  12   1   1   0  14  27   0   1   1  0.49 0.38
  484 G    -2   1   0  -1  -2  -3   0   6  -4  -5  -5  -1  -4  -6  -5  -2  -3  -4  -5  -4    2   7   5   3   1   1   7  62   0   1   1   4   1   0   1   2   1   0   0   1  1.27 0.64
  485 E    -1  -1   0   1  -1   0   3   2  -2  -2  -3   2  -3  -5  -3   0   1  -5  -3  -2    5   3   4   7   1   3  20  16   1   2   2  16   0   0   1   7   9   0   1   3  0.33 0.27
  486 P    -2  -4  -4  -4  -1  -4  -4  -4  -4   5   0  -4  -2  -3   2  -3   1  -6  -4   4    3   1   1   1   2   0   1   1   0  34   8   1   1   1   9   2   8   0   1  27  0.83 0.47
  487 M     1   1  -1  -1   1  -1   0   0  -2   1  -1  -1   2  -2  -3   0   1  -3  -3   2   12   9   3   2   3   2   5   9   1   8   5   3   6   1   0   6   8   0   0  15  0.10 0.14
  488 V    -4  -4   4   7  -1  -2  -1  -6  -5  -5  -6  -4  -7  -7  -5  -2  -5  -8  -7  -2    1   1  18  64   1   2   3   0   0   1   1   1   0   0   1   2   1   0   0   3  1.84 0.86
  489 A     1  -5   2  -3  -1  -4  -3  -5  -5   0  -2  -4   8  -4   1  -1   0  -6  -5   1   12   0  11   1   1   1   1   1   0   5   3   1  37   1   7   4   6   0   0   9  1.00 0.59
  490 A     0   1  -1  -2  -3  -1  -1  -3  -1   1   1   2   1   1  -3   0   0   0   0   1    8   7   3   1   0   3   4   1   2   7  13  14   4   8   1   5   4   1   3  10  0.09 0.12
  491 E     1  -1  -1   2  -5   1   4  -3  -2  -4  -3   2  -2  -5  -2   0   0  -5  -4  -2   11   2   2  11   0   5  32   1   1   1   3  13   1   0   2   6   7   0   0   3  0.53 0.38
  492 M     1  -1   0  -1   0   0   2  -1   0  -1   1   0   0  -2  -1   0   0  -1  -1  -1   14   3   5   2   2   4  18   3   2   3  15   5   2   1   2   7   5   1   2   5  0.08 0.12
  493 G    -2   0   2  -1   0   1  -1   5   0  -4  -2   0   0  -1  -2  -2  -3   0  -2  -3    3   5   9   4   2   5   3  43   2   0   3   5   2   3   2   3   0   1   1   2  0.55 0.32
  494 V    -2  -3  -6  -7   0  -6  -6  -7  -6   6   0  -6   0  -1  -6  -5  -2  -6  -5   5    3   2   0   0   2   0   0   0   0  39   7   0   2   2   0   0   2   0   0  41  1.31 0.58
  495 W    -4  -3  -2  -5   0  -3  -5  -5  -1   3   2  -3   0   2  -3  -3  -2   8   3   2    0   1   2   0   2   1   0   0   1  15  17   1   2   9   1   2   2  19   8  13  0.78 0.38
  496 D    -5  -4  -4   6  -7   2   6  -3   0  -6  -4  -4  -1  -7  -5  -2  -5  -7  -6  -6    0   0   0  36   0   8  44   2   2   0   2   0   2   0   0   2   0   0   0   0  1.46 0.68
  497 N    -1  -6   1  -5   1  -3  -3  -3   0  -3  -1  -5  -2  -7   7   1  -1  -7  -6  -3    4   0   7   0   3   1   2   2   2   2   6   0   1   0  52  12   3   0   0   2  1.28 0.63
  498 Y     1  -2  -4  -4  -2  -3  -3  -4  -1   0   3  -2   0   3  -2   0   0  -1   4  -1   11   2   1   1   1   1   1   1   1   4  32   2   1  11   2   6   6   1  13   4  0.41 0.30
  499 C     1   0  -1  -2   1   0   0  -2   0   1   1   1   0  -2  -2   1  -1  -1  -2   0   16   5   2   1   3   4   7   1   2   8  15   8   2   1   1  10   3   1   1   8  0.08 0.12
  500 V    -1  -6  -2  -6  -2  -3  -6  -2  -3   1  -1  -5  -1  -3  -1   1   2  -7  -3   6    5   0   2   0   1   1   0   3   1   6   5   0   1   1   3  11  11   0   1  48  0.82 0.50
  501 K    -4   0  -2  -6  -7  -4  -3  -5  -2  -2  -2   7  -6  -2  -4  -1  -1  -8  -6   0    1   3   1   0   0   0   1   1   1   3   5  66   0   2   1   4   4   0   0   7  1.47 0.74
  502 K    -1   3  -2  -2  -2   1   0  -4   0   1   0   2   0  -2  -4   0   1  -1   0   0    5  18   1   2   1   7   7   0   2   8  10  13   2   1   0   6   9   1   3   6  0.21 0.20
  503 Q    -1   0   2  -4  -2   5  -2  -4   3  -5  -5   0  -3  -2  -6   3  -3   5  -2  -5    5   5  10   1   1  28   2   1   6   0   1   5   0   2   0  20   1   8   2   1  0.86 0.54
  504 L     4  -5  -5  -5   1   1  -4  -1  -5   1  -2  -4   1  -3  -3   1   0  -1  -3   2   38   0   0   0   3   7   1   4   0   7   4   0   3   1   1  11   6   1   1  13  0.56 0.40
  505 L    -3  -7  -7  -8  -2  -7  -7  -8  -7   5   4  -7   1   2  -7  -6  -4   2   0   1    2   0   0   0   1   0   0   0   0  35  37   0   3   9   0   0   1   2   4   7  1.22 0.56
  506 H    -2   2   1  -2  -3   2   0  -3   2  -1  -1   4  -1  -3  -4   0   1  -3  -2  -2    3  10   7   2   1   8   4   2   5   4   6  27   2   1   0   8   7   0   1   2  0.36 0.28
  507 S     1  -1  -1  -5  -2  -2  -4  -1  -2  -2   2  -3   0   0  -5   3   1  -5   0  -1   12   3   3   0   1   1   0   4   1   2  24   1   2   4   0  27  10   0   3   3  0.40 0.34
  508 C     7  -6  -6  -7   3  -6  -6  -3  -7  -4  -6  -6  -6  -7  -6   0  -3  -7  -7  -2   80   0   0   0   6   0   0   2   0   1   0   0   0   0   0   7   1   0   0   3  1.91 0.87
  509 T     1  -4  -3  -4   1  -4  -5  -4  -3   1  -2  -4  -3   1  -2   1   5  -6  -2   2   10   1   1   0   3   0   0   1   0   7   3   0   0   7   2  10  41   0   2  12  0.75 0.47
  510 V    -3  -3  -1   2  -7   1   7  -3  -3  -3  -5  -3  -3  -7  -6  -2  -3  -7  -6  -1    1   1   3  11   0   6  62   2   0   2   1   1   1   0   0   2   2   0   0   5  1.37 0.70
  511 I     4  -5  -3  -5   0  -4  -5  -3  -5   1   0  -4  -1  -1  -5   0   2  -6  -3   2   41   0   1   0   2   0   0   1   0   9   8   1   1   3   0   5  15   0   1  12  0.68 0.43
  512 A     6  -5  -5  -6   1  -5  -5  -3  -6  -2  -4  -5  -4  -6  -5  -1   0  -6  -6   2   67   0   0   0   2   0   0   1   0   2   1   0   0   0   0   4   7   0   0  15  1.36 0.68
  513 T    -1   1   0  -2   5   0   0  -2  -2   2  -1   0   0  -3  -4   1   1  -5  -3   0    3   8   4   1  12   3   7   2   1  16   4   6   3   0   0  12  10   0   0   7  0.26 0.23
  514 N    -1  -3   2  -4  -5   2  -3  -4  -2  -2   1  -3   6  -4  -5   1   3  -6  -5  -2    5   1   8   0   0   9   1   1   1   1  15   1  24   0   0  11  21   0   0   1  0.71 0.48
  515 I    -5  -7  -7  -7  -1  -6  -7  -8  -7   6   3  -6   1  -1  -7  -6  -3  -6  -2   3    0   0   0   0   1   0   0   0   0  47  30   0   3   2   0   0   1   0   1  16  1.39 0.60
  516 L    -5  -7  -8  -8  -6  -6  -4  -8  -7   2   6  -7   1  -2  -7  -7  -5  -6  -5  -1    1   0   0   0   0   0   1   0   0   9  83   0   2   1   0   0   0   0   0   3  1.80 0.74
  517 L    -5   7  -1  -5  -7  -2  -3  -4  -1  -5   0   3  -1  -6  -6   0  -3  -7  -6  -5    0  55   3   0   0   1   1   1   1   0  10  17   1   0   0   8   1   0   0   0  1.31 0.62
  518 V    -3  -6  -7  -5   0  -6  -6  -7  -7   6  -2  -6  -1  -4  -6  -5  -2  -6  -5   5    1   0   0   1   2   0   0   0   0  48   1   0   1   0   0   0   3   0   0  43  1.62 0.66
  519 D    -7  -7  -1   9  -9  -4  -3  -5  -2  -8  -7  -6  -8  -9  -6  -4  -6  -9  -8  -8    0   0   2  94   0   1   1   1   1   0   1   0   0   0   0   1   0   0   0   0  2.85 1.01
  520 E    -3  -2   1   5  -4   3   4  -1  -2  -6  -6  -2  -4  -6  -5  -1  -2  -6  -3  -5    2   1   5  37   0  14  28   4   1   0   0   2   0   0   0   4   1   0   1   0  1.05 0.51
  521 I    -3  -6  -4  -6  -3  -4  -6  -7  -4   6   0  -6   3  -2  -6  -4   0  -6  -3   4    1   0   1   0   0   1   0   0   0  49   6   0   8   1   0   0   7   0   1  25  1.20 0.52
  522 M    -4  -5  -6  -7  -2  -6  -5  -7  -6   6   2  -5   4   0  -5  -5  -3  -3  -3   3    0   0   0   0   1   0   0   0   0  52  14   0   8   3   0   0   1   0   0  19  1.25 0.52
  523 R     1   3  -3  -3  -5   0  -2  -4  -2  -1  -2   3   5  -4  -2   1  -1   1  -3  -1   11  19   1   1   0   3   1   0   1   3   2  19  18   0   2  10   3   2   1   4  0.54 0.39
  524 A     6  -4   2  -5   3  -4  -4  -2  -5  -3  -5  -4  -5  -5  -4   2  -2  -6  -6  -2   60   1   8   0   5   0   0   3   0   1   1   0   0   0   0  17   1   0   0   2  1.17 0.63
  525 G     2   0  -3  -3  -5  -1  -2   4  -4  -5  -6   4  -5  -6   2   0  -2  -6  -5  -4   14   5   0   0   0   2   2  27   0   0   0  32   0   0  10   5   2   0   0   1  0.74 0.44
  526 M    -2   3  -4  -2  -4   1  -1  -3  -4  -4  -2   4   2  -4   5  -2  -2  -6  -4  -4    2  18   0   1   0   6   4   2   0   0   4  22   6   0  29   2   1   0   0   1  0.82 0.45
  527 S     3   3  -1  -3  -4  -1  -1  -2  -4  -3  -4   0  -3  -4  -4   4   0  -5  -4  -3   24  16   3   0   0   2   3   2   0   1   1   5   0   0   0  38   5   0   0   1  0.66 0.42
  528 S     1   1   2   0  -3   0  -1   0  -2  -2  -2   1   1  -3   1   2   0  -4  -3  -3   12   6  10   4   0   4   1   7   0   2   3  10   6   1   6  23   5   0   0   0  0.23 0.19
  529 L    -1   3  -1  -1  -3  -1   0  -1  -3   0   2   1   1  -2   0  -1   0   0  -3   0    4  20   3   3   0   1   4   5   0   4  25   7   4   0   5   1   4   1   0   7  0.15 0.15
  530 K    -1   2  -2  -1  -5   2   2   0   0  -4  -4   5  -3  -3  -1  -2  -2  -5  -4  -4    3   8   0   2   0   7  13   7   2   1   1  52   0   1   3   0   1   0   0   0  0.75 0.35
  531 G    -2  -5  -3  -4  -5  -4  -5   7  -5  -6  -6  -4  -5  -6  -5  -3  -4  -5  -6  -6    0   0   0   0   0   0   0 100   0   0   0   0   0   0   0   0   0   0   0   0  2.15 0.50

                      K         Lambda
Standard Ungapped    0.1338     0.3171
Standard Gapped      0.0442     0.2670
PSI Ungapped         0.1444     0.3173
PSI Gapped           0.0442     0.2670
