
Last position-specific scoring matrix computed, weighted observed percentages rounded down, information per position, and relative weight of gapless real matches to pseudocounts
            A   R   N   D   C   Q   E   G   H   I   L   K   M   F   P   S   T   W   Y   V   A   R   N   D   C   Q   E   G   H   I   L   K   M   F   P   S   T   W   Y   V
    1 M    -4  -4  -5  -6  -4  -3  -5  -6  -4   0   0  -4  10  -3  -5  -4  -3  -4  -4  -1    0   0   0   0   0   0   0   0   0   2   3   0  92   0   0   0   0   0   0   3  2.39 0.63
    2 H     0  -2  -2  -3  -4  -1  -2  -1   7  -5  -5  -3  -4  -3   0   5  -2  -4   2  -4    5   1   0   0   0   1   0   4  29   0   0   0   0   0   4  47   0   0   7   0  0.97 0.41
    3 R    -4   8  -3  -4   3  -2  -3  -5   2  -6  -5  -1  -4  -4  -5  -4  -4   1   1  -5    0  77   0   1   7   0   0   0   5   0   0   1   0   0   0   0   0   2   5   0  1.77 0.60
    4 D    -2   1   0   5  -5  -2   0   0   1  -5  -5  -2  -4  -2  -3   1  -2  -3   4  -4    2  10   4  38   0   0   5   6   3   0   0   1   0   0   0  10   1   0  19   0  0.71 0.34
    5 S     0   0   0   0  -3   0   1  -1   1  -3  -2  -1   0   0   1   4   0   0  -2  -2    5   5   3   6   0   3   9   4   3   1   4   1   3   4   6  37   3   1   1   1  0.27 0.21
    6 C    -1   3  -2  -1   6  -2  -2   1  -2  -4  -3  -1  -3  -2   2   0  -2   5   0  -2    4  22   1   4  21   1   2  11   1   0   1   2   0   1  10   7   2   8   3   2  0.55 0.27
    7 P    -3  -3  -1   3  -4   0  -1  -3  -1  -5  -3  -1  -3  -3   7   0  -2  -5  -1  -3    0   1   3  15   0   4   3   1   2   0   2   2   0   1  52   7   2   0   3   2  1.17 0.42
    8 L    -2  -1  -1  -2  -3  -2  -1  -1  -2  -1   3  -2   4  -2   4  -1  -1   0  -2  -1    1   3   3   2   0   1   3   4   1   2  36   1  11   0  20   5   3   1   1   1  0.42 0.26
    9 D    -1  -2   3   4  -4  -2   1   2  -2  -4  -5  -2   0  -5   0   1  -1  -5  -3  -4    3   2  14  30   0   1   7  19   1   1   0   1   3   0   5   9   3   0   1   0  0.56 0.29
   10 C     1  -1  -4  -4   8  -4  -5  -3  -3  -3  -4  -4  -2  -3  -5  -1   5  -5  -1  -3   11   3   0   0  36   0   0   2   1   1   0   0   1   1   0   4  36   0   2   1  1.36 0.57
   11 K    -4   5  -1  -4  -3  -2  -3  -5  -4  -4  -6   5  -5  -6  -5   3  -2  -6  -5  -5    0  32   3   0   1   1   0   0   0   1   0  37   0   0   0  23   2   0   0   1  1.24 0.58
   12 V    -4  -6  -7  -7  -5  -6  -7  -7  -7   2   4  -6  -2  -3  -6  -6  -3  -6  -5   6    0   0   0   0   0   0   0   0   0  11  37   0   0   0   0   0   1   0   0  51  1.45 0.60
   13 Y    -6  -4  -6  -7   0  -6  -6  -7   4  -4  -1   0  -5   5  -7  -6  -6   0   8  -5    0   1   0   0   2   0   0   0   9   1   5   5   0  22   0   0   0   1  55   0  2.02 0.77
   14 V    -5  -7  -7  -8  -1  -7  -7  -8  -8   4  -2  -7  -3  -3  -7  -5  -4  -7  -5   7    0   0   0   0   1   0   0   0   0  19   3   0   0   1   0   0   1   0   0  75  1.96 0.76
   15 G    -1   3  -4   0  -3  -4  -5   6  -6  -7  -7  -3  -6  -7  -6  -2  -3  -7  -5  -5    5  14   0   5   1   0   0  69   0   0   0   1   0   0   0   3   1   0   0   1  1.60 0.66
   16 N    -5   1   7   3  -7  -2  -3   1   0  -7  -7  -3  -6  -7  -4  -2  -4  -7  -3  -7    0   9  56  14   0   1   1  12   2   0   0   1   0   0   1   2   0   0   1   0  1.55 0.67
   17 L    -5  -6  -7  -8  -5  -4  -7  -8  -7   2   6  -7  -1  -1  -7  -6  -5  -6  -5   1    0   0   0   0   0   1   0   0   0  11  79   0   0   2   0   0   0   0   0   7  1.71 0.68
   18 G     0  -1   0   1  -5  -3  -3   4  -2  -6  -5  -3  -5  -6   4   2   0  -6  -5  -4    7   4   4   8   0   0   1  33   1   0   1   1   0   0  18  15   7   0   0   1  0.70 0.40
   19 N    -2   1   3   2  -5  -1   1  -3   1  -2  -3   0  -2  -2   2   1   0  -2   2  -3    3   9  16  10   0   1   7   1   4   2   3   6   1   2   9  10   7   1  10   1  0.29 0.23
   20 N    -3   4   4   4  -4  -1   0   0   1  -5  -6  -1  -5  -6  -5   1  -1  -4  -3  -4    1  21  19  22   0   2   5   7   3   0   0   2   0   0   0  12   3   0   1   1  0.72 0.41
   21 G     2  -5  -4  -4   3  -4  -4   2  -5   1  -3  -4  -2  -3  -1  -2   3  -3  -5   3   19   0   0   0   6   0   0  16   0   9   1   0   1   1   3   2  23   0   0  19  0.59 0.38
   22 N    -2   4   3   0  -5  -1  -1  -1  -2  -5  -4  -1  -4  -5  -3   2   3  -4  -5  -4    2  27  17   5   0   2   2   5   1   0   1   3   0   0   1  17  16   0   0   1  0.65 0.40
   23 K    -1   2  -2  -2  -5   0   2  -4  -2  -4  -5   5  -3  -6   2   0  -1  -6  -4  -2    4  10   1   1   0   4  15   0   1   1   1  38   0   0   9   8   3   0   0   3  0.73 0.42
   24 T    -3   4  -1   2  -3   0   3  -1   1  -5  -4   0  -3  -4  -3   0   2  -2   1  -4    1  21   3   9   0   3  21   6   3   0   1   3   0   0   1   6  15   1   5   1  0.48 0.33
   25 E    -4  -4  -3   6  -8  -2   6  -5  -1  -5  -7  -3  -2  -8  -6  -4  -3  -8  -7  -6    1   0   0  45   0   1  45   0   2   1   0   1   1   0   0   1   2   0   0   0  1.75 0.73
   26 L    -5  -6  -7  -8  -5  -6  -7  -8  -7   3   6  -7  -1  -2  -7  -5  -5  -6  -5   1    0   0   0   0   0   0   0   0   0  15  73   0   0   1   0   1   0   0   0   9  1.60 0.64
   27 E    -3   3  -4  -1  -7   0   7  -6  -3  -6  -4   0  -3  -7  -5  -3  -3  -1  -4  -5    2  18   0   2   0   3  62   0   0   0   2   4   1   0   0   1   1   1   1   1  1.45 0.67
   28 R    -2   6   0   3  -4   0   1  -4   1  -5  -4   2  -3  -6  -4  -1  -3  -2  -1  -5    2  39   4  19   0   4   9   1   3   1   1  10   0   0   1   3   1   1   2   1  0.85 0.44
   29 A     3  -3  -3  -3  -3  -2   3  -3  -2   1   0  -2   0   1  -1  -1  -2  -4  -2   1   26   0   0   1   0   1  24   1   1  10  10   2   2   7   2   2   1   0   1   8  0.38 0.29
   30 F    -5  -7  -7  -7  -1  -7  -7  -7  -6  -4  -1  -7  -2   9  -7  -6  -6  -4  -1  -4    1   0   0   0   1   0   0   0   0   1   5   0   1  88   0   0   0   0   1   1  2.82 0.92
   31 G    -1   1  -2   0  -3  -1   3   4  -1  -4  -4   1  -3  -4  -4   2  -2  -4  -1  -3    4   9   1   4   0   2  19  29   1   1   1   7   0   0   0  17   1   0   3   1  0.50 0.30
   32 Y    -2   4  -2  -2  -3   0  -2  -1  -1  -4  -4   4  -3  -2  -1  -1  -2  -3   4  -2    2  23   1   2   0   3   2   5   1   1   1  29   0   1   4   3   2   0  17   4  0.66 0.37
   33 Y    -6  -6  -6  -7   0  -6  -4  -7   0  -4  -4  -6   0   5  -7  -5  -6  -3   9  -3    0   0   0   0   2   0   1   0   2   1   1   0   2  22   0   1   0   0  67   2  2.45 0.86
   34 G    -3  -6  -5  -5  -7  -6  -3   7  -6  -8  -8  -6  -7  -7  -6  -3  -6  -2  -7  -7    1   0   0   0   0   0   2  94   0   0   0   0   0   0   0   2   0   1   0   0  2.49 0.85
   35 P    -2   4  -2   0  -4  -1   0  -5   0  -2  -4   2  -4  -6   6  -2  -1  -3  -4  -2    2  21   1   5   0   1   5   0   3   2   1  14   0   0  35   2   3   0   0   3  0.89 0.43
   36 L    -4  -5  -6  -6  -2  -5  -6  -6  -6   5   4  -4   1  -3  -6  -5  -4  -5  -4   3    0   0   0   0   1   0   0   0   0  35  42   1   2   0   0   0   0   0   0  17  1.23 0.50
   37 R    -2   5   0  -2  -4   0  -1  -1  -1  -1  -2   2  -2  -3  -4   0   0  -3  -3   1    2  37   4   2   0   4   3   5   1   3   4  10   1   1   0   5   7   0   0  10  0.46 0.29
   38 S    -3   1   2   5  -5  -1   2  -3  -2  -4  -5  -1  -5  -3  -4   2  -1  -6  -3  -5    1   8  10  37   0   2  11   1   1   1   0   2   0   1   0  17   4   0   1   0  0.79 0.44
   39 V    -3  -5  -5  -6   5  -5  -5  -6  -6   3  -1  -5  -1  -3  -4  -3  -2  -5  -4   6    2   0   0   0  10   0   0   0   0  17   3   0   1   1   1   2   2   0   0  59  1.32 0.54
   40 W    -5  -4  -2   1  -6  -3  -1  -6   0  -4  -2  -2  -4  -1  -6  -4  -3  11   5  -4    1   1   2   8   0   1   4   0   2   1   4   2   0   2   0   1   2  49  17   1  2.12 0.74
   41 V    -3  -5  -5  -5  -4  -3  -5  -6  -5   4   2  -5   3  -2  -5  -4  -3  -5  -2   5    1   0   0   0   0   1   0   0   0  26  15   0   7   1   0   0   1   0   1  44  1.09 0.46
   42 A     5  -3  -2  -3  -4  -3  -3  -2  -4  -2  -4   3  -1  -5   4  -1  -1  -5  -5  -2   45   0   1   1   0   0   0   2   0   2   1  16   1   0  22   2   3   0   0   2  0.90 0.46
   43 R    -4   7   0  -4  -3  -1  -4  -4   1  -4  -3   2  -3  -3  -3  -2  -1  -5   0  -3    1  61   4   1   1   2   0   1   3   1   2   9   0   1   1   3   4   0   4   2  1.26 0.57
   44 N    -3   2   6   3  -3  -1  -1   0   1  -1  -4   0  -4  -5  -3  -1  -2  -5  -1  -4    1  11  37  17   0   2   4   6   3   5   1   4   0   0   1   3   1   0   3   0  0.73 0.37
   45 P    -2  -1  -4  -4  -2  -4  -3  -4  -1  -3  -4  -1  -3  -5   8   1  -2  -5  -2  -3    2   3   0   0   1   0   1   1   1   1   2   3   1   0  65  11   3   0   2   2  1.68 0.64
   46 P    -3   4  -2  -4  -4  -2  -3  -3  -2  -4  -2  -1  -1  -3   7   0  -2  -1  -1  -3    2  19   2   1   0   1   1   2   1   1   4   4   1   1  48   7   2   1   2   1  1.17 0.48
   47 G    -1  -3  -2  -2   3  -4  -4   6  -2  -3  -4  -4  -4  -3  -3  -2  -2  -5  -4  -1    5   1   2   2   6   0   1  66   1   1   1   0   0   1   1   2   3   0   1   5  1.27 0.50
   48 F    -5  -5  -5  -6   3  -5  -5  -5  -4  -2  -3  -5  -3   8  -6  -2  -5  -3   4  -2    1   0   0   0   5   0   0   1   0   2   1   0   0  71   0   4   0   0  11   3  2.02 0.66
   49 A     6  -4  -4  -4   2  -3  -3   2  -4  -4  -4   0  -4  -5  -2  -1  -1  -5  -4  -3   65   0   0   0   4   0   1  14   0   0   1   5   0   0   1   2   3   0   0   1  1.11 0.49
   50 F    -5  -5  -5  -6  -5  -5  -5  -5  -1  -3   1  -5  -3   8  -6  -3  -5  -3   2  -4    1   0   0   0   0   0   1   1   1   0  11   0   0  73   0   3   0   0   6   1  2.03 0.65
   51 V    -2  -5  -3  -4  -1  -4  -5  -4  -5   3   0  -5  -1  -3  -5  -4  -3  -5  -4   6    2   0   2   1   1   0   1   1   0  14   5   0   1   0   0   1   0   0   0  68  1.31 0.51
   52 E    -2   0  -1   0  -4   2   5  -3  -1  -3  -3  -1  -1  -3  -3   0   0  -1  -2   1    3   6   2   4   0   9  41   1   1   1   2   2   1   1   0   5   7   1   1  12  0.55 0.31
   53 F    -4  -4  -1  -5  -4  -4  -4  -4  -3  -3  -2  -4   1   8  -5  -3  -4  -2   4  -3    1   1   3   1   0   1   1   1   0   1   3   1   3  65   1   2   1   0  14   1  1.77 0.56
   54 E    -2   0  -1   2  -3   0   5  -3   1  -2  -3   2  -2  -2  -3  -1  -1  -2   1  -1    3   3   2  11   1   2  41   1   3   2   2  11   1   2   1   3   2   1   4   4  0.55 0.29
   55 D    -3  -1   1   7  -3  -3  -1  -3   3  -5  -5  -1  -4  -3  -4  -1  -1  -5   2  -5    1   3   7  56   1   0   3   1   7   0   1   3   0   1   0   3   3   0   7   1  1.14 0.46
   56 P    -1   2  -2  -2  -2  -1   0  -2   0  -2  -2   1  -2  -2   5   0  -1  -2  -2   0    5  12   2   2   1   2   6   3   3   2   2   8   1   1  32   7   2   0   1   9  0.50 0.25
   57 R    -2   6  -2   1  -2  -1   1  -2  -1  -5  -4   0  -3  -5  -1  -1  -2  -5  -3  -4    3  51   1   9   1   2   9   4   2   0   1   3   1   0   3   5   2   0   1   1  0.87 0.39
   58 D    -3  -5  -1   7   0  -1   0   0  -1  -6  -6  -4  -6  -6  -5  -3  -3  -6  -3  -6    3   0   2  73   2   2   4   7   2   0   0   0   0   0   0   1   1   0   1   0  1.72 0.63
   59 A     7  -5   0  -5  -1  -4  -4  -2  -5  -5  -5  -4  -4  -5  -4  -1  -3  -6  -5  -2   84   0   4   0   1   0   0   2   0   0   0   0   0   0   0   3   1   0   0   2  1.65 0.67
   60 A     2   0  -2   2  -3   0   5  -2  -2  -4  -4  -1  -3  -5  -4  -1  -2  -3  -3  -2   17   5   1   9   0   2  48   3   1   1   1   3   1   0   0   2   1   0   1   3  0.77 0.40
   61 D    -2   0   1   6   0  -2   1  -2  -2  -4  -4   0  -3  -4  -4  -2  -2  -6  -2  -4    3   5   7  55   3   1  10   2   1   1   1   5   1   1   0   1   2   0   1   1  1.07 0.45
   62 A     7  -5  -5  -5   2  -4  -4  -1  -5  -5  -5  -4  -4  -2  -4  -1  -2  -6  -5  -3   82   0   0   0   4   0   0   5   0   0   0   0   0   2   0   2   1   0   0   1  1.63 0.66
   63 V    -2  -2  -5  -5   4  -2  -4  -5  -3   3   1  -1   3  -1  -5  -4  -2  -4  -1   5    2   2   0   0   8   1   1   0   1  15  12   4   7   2   0   0   1   0   2  40  0.73 0.36
   64 R    -3   5  -1   1  -6   2   0  -4   4  -4  -4   2  -4  -2  -3  -3  -4  -5   3  -4    2  37   2   7   0   8   4   0  10   1   1  12   0   1   1   1   0   0  10   1  0.87 0.44
   65 E     1   0   2   1  -3   0   4   1   1  -4  -4   1  -3  -4  -4   1  -2  -5   0  -4   12   4   8   8   1   3  27  10   4   1   0   7   1   0   0  10   1   0   3   0  0.42 0.28
   66 L    -4  -1  -5  -6  -1  -3  -3  -5  -6  -1   5  -4   6  -1  -2  -4  -2  -5  -3  -2    1   3   1   0   1   1   2   1   0   1  60   0  19   2   2   1   2   0   0   2  1.20 0.55
   67 D    -4  -2   4   7  -7  -3  -2  -4   3  -7  -7  -4  -6   0  -5  -3  -5  -7  -5  -6    1   3  18  63   0   1   1   1   7   0   0   0   0   4   0   1   0   0   0   0  1.70 0.68
   68 G    -2   2   0  -3  -6  -3  -4   6  -2  -6  -3  -2  -5  -5  -5  -3  -3  -6  -6  -6    3  13   4   1   0   1   1  69   1   0   4   2   0   0   0   1   1   0   0   0  1.43 0.59
   69 R    -1   5  -1  -4  -2   0  -1  -2  -2  -3  -3   4   0  -3  -3   0   1  -5   0  -2    5  30   3   0   1   3   4   3   1   1   1  24   3   1   1   5   9   0   3   3  0.56 0.34
   70 T    -2   2   1   0  -2   0   1  -4  -1   0  -1  -1   1  -3  -3  -1   3   4   0   1    1  13   6   4   1   3  11   0   2   4   5   3   4   0   0   3  22   6   3   9  0.28 0.24
   71 L    -3  -2  -5  -5   0  -5  -5  -5  -3   4   3  -5   1   2  -4  -4  -2  -2  -2   2    1   2   0   0   2   0   0   1   1  27  33   0   3  10   1   1   1   0   1  15  0.77 0.36
   72 C    -3   0  -1   2   9  -2  -2  -1  -1  -4   0  -3   0   0  -4  -2  -4   3  -3  -4    2   5   4  13  38   2   3   5   2   1  10   2   3   4   1   2   0   3   1   1  1.04 0.47
   73 G    -4  -4  -2  -1  -6  -4  -4   7  -2  -7  -4  -4  -6  -6  -4  -3  -5  -6  -6  -6    0   1   2   3   0   1   1  84   1   0   2   1   0   0   1   2   0   0   0   0  2.02 0.76
   74 C    -2   5   0  -2   5   0  -1  -2  -1  -4  -3   0  -2  -5  -2   2  -1  -3  -2  -1    3  35   4   1  12   5   3   3   1   1   2   4   1   0   2  14   2   0   1   5  0.63 0.37
   75 R    -3   6  -3  -2  -1   2   2  -1  -2  -4  -4   1  -5  -4  -3   0  -1  -6  -3  -5    2  48   1   2   1   8  14   4   1   1   1   6   0   1   1   6   3   0   1   1  0.99 0.52
   76 V    -2  -3  -6  -6  -3  -5  -6  -3  -6   4   2  -3   1  -4  -5  -4  -3   3  -4   4    3   1   0   0   1   0   0   2   0  27  20   2   3   0   0   1   1   4   0  34  0.92 0.45
   77 R    -3   7  -1  -4  -5  -2   1  -3  -2  -1  -4   0  -3  -6  -5   0   1  -4  -5  -1    1  53   2   0   0   1  10   2   1   4   1   5   0   0   0   6   9   0   0   5  1.09 0.56
   78 V    -3  -5  -7  -7  -1  -6  -7  -3  -7   2  -2  -6  -2  -5  -7  -5  -3  -2  -5   7    1   1   0   0   1   0   0   2   0  11   3   0   1   0   0   1   1   1   0  77  1.82 0.76
   79 E    -3  -2  -3  -1  -3   3   7  -5  -2  -5  -6  -2  -4  -5  -1   0  -2  -7  -6  -1    1   1   1   2   1  13  62   0   1   0   0   1   0   0   3   6   3   0   0   4  1.37 0.68
   80 L    -3  -3  -5  -6  -2  -4  -5  -6   2   1   3  -2   5   5  -1  -4  -3   4   0   0    1   2   0   0   1   0   0   0   6   8  26   2  13  22   3   1   1   5   2   6  0.73 0.39
   81 S     5  -4  -4  -4  -1  -3  -2  -3  -5  -6  -5  -3  -5  -6  -1   4  -2  -7  -6  -4   51   0   0   0   1   1   2   1   0   0   1   1   0   0   3  36   2   0   0   1  1.28 0.68
   82 N    -3   4   3  -3  -4   2   0  -2   4  -3  -2   3  -4  -5  -3  -1   1   1  -2  -3    1  21  12   1   0   8   4   2  10   1   3  17   0   0   1   5   8   2   1   1  0.52 0.33
   83 G    -1   0   2  -2  -3  -3  -1   5  -1  -5  -5  -2  -4  -5   2  -1  -2  -5   0  -4    3   5   9   1   1   1   4  50   1   0   0   3   0   0  10   5   2   0   4   1  0.84 0.43
   84 E    -1   3   0   2  -3   0   2   0  -1  -3  -3   1   1  -3   0   0  -1  -4  -1  -3    4  19   5  13   0   3  14   7   1   1   1  10   4   0   4   6   3   0   3   2  0.30 0.23
   85 K    -2   5  -1  -2  -5  -2   0   0  -3  -3  -4   3   0  -4   2   1  -1  -2  -4  -4    2  30   2   2   0   1   5   7   0   1   1  18   3   1  12   9   4   1   0   1  0.59 0.37
   86 R    -3   6  -2  -3  -6  -1  -3   0  -1  -3  -5   4  -5  -5   0  -2  -2  -3  -3  -4    2  49   1   1   0   2   1   6   2   2   1  21   0   0   4   3   2   0   1   1  1.11 0.55
   87 S    -1   2   0  -1   1  -2  -2   2  -3  -3  -3   0  -3  -3   0   3   2  -1  -2  -2    3  12   3   3   3   1   2  17   0   1   1   7   0   1   6  22  13   1   1   3  0.32 0.27
   88 R    -2   5  -1  -1  -5  -1  -2   1   0  -4  -4   1  -3  -4   3   0  -1  -5   0  -4    2  31   3   4   0   1   2  10   2   1   2   8   1   0  17   9   3   0   4   1  0.59 0.37
   89 N    -2   3   4   2  -4  -1   1   1  -2  -4  -4  -1  -2  -3   0   1  -2  -1  -1  -3    3  15  19  10   0   2  10  12   1   1   1   3   1   1   4  11   1   1   3   1  0.38 0.28
   90 R    -2   5  -3   0   3   1  -1   0   0  -3  -3  -1  -1  -1  -2  -2  -3   3   1  -3    4  38   1   4   7   7   4   9   2   1   2   2   1   3   2   2   1   4   5   1  0.63 0.38
   91 G    -1   2  -1   0  -5  -3  -2   5  -2  -4  -3  -2   4  -2  -2   0  -2  -1  -3  -4    4  12   2   6   0   1   2  39   1   0   2   2  11   2   2   8   3   1   1   1  0.65 0.38
   92 P    -2   4  -2  -1  -3  -2   0   1  -1  -4  -2   0  -2  -3   4   0  -2  -5  -2  -3    3  23   1   3   1   1   5  11   1   1   5   6   1   1  24   9   2   0   2   1  0.54 0.34
   93 P     1   2  -2  -1  -1  -1  -1   1  -4  -4  -3  -2  -3  -3   5   0  -1  -5  -1  -3   11  11   2   3   1   2   3   9   0   1   2   2   1   1  34   8   4   0   2   1  0.65 0.37
   94 P    -2   2  -1  -1  -2  -2  -2   2  -1  -4  -3   1  -2  -2   4   1  -2  -3   0  -3    3  12   2   3   1   1   2  18   1   1   3   7   1   2  24  11   2   0   4   2  0.48 0.32
   95 S    -1   3  -2   0  -1  -1   1   2   3  -3  -3  -1  -1  -3   0   3  -1  -4  -1  -2    3  16   1   4   1   1   8  15   7   1   2   3   2   1   5  21   3   0   3   2  0.32 0.26
   96 W    -2   4  -2  -1   0  -1  -3   2  -1  -3  -3  -2  -2   1   0   0  -3   7   3  -4    2  22   2   3   2   3   1  14   1   1   2   2   1   6   4   8   1  13   9   1  0.58 0.36
   97 G     0   3  -1   0  -2  -2  -2   4  -1  -4  -4  -2  -2  -2   0   1  -3  -2  -1  -3    8  17   3   5   1   2   3  34   2   1   2   1   1   2   5   9   1   1   2   2  0.51 0.32
   98 R    -2   6   0   0   1  -1  -2   2   2  -5  -5  -1  -1  -3  -1   0  -2  -5   0  -5    2  39   5   5   3   2   2  15   5   1   1   2   1   1   3   7   2   0   3   1  0.70 0.41
   99 R    -2   4   0   1  -1  -1  -1   2   2  -4  -4  -1  -3  -1   0   1  -2  -2  -1  -2    2  28   4   7   1   2   4  15   4   1   1   3   0   3   5  13   2   0   2   3  0.43 0.30
  100 P    -2   3   1   1   4  -1  -1   1   0  -4  -4  -1  -2  -2   3   0  -2  -2   1  -4    3  18   6   7   8   2   4  12   2   1   1   3   1   1  16   8   1   1   6   1  0.42 0.29
  101 R    -2   5   0   0  -1  -1  -2   0   2  -4  -4   0  -1   1   0   2  -2  -4   2  -3    2  29   5   5   2   2   2   7   5   1   1   4   2   5   5  13   1   0   7   2  0.44 0.32
  102 D    -3   3   0   3  -3  -2  -2   3   0  -3  -4  -2  -3  -2   1   1  -3  -2   1  -3    1  19   3  18   1   1   2  20   3   1   2   2   1   2   7   9   1   0   5   2  0.47 0.33
  103 D    -1   4  -2   3   4  -3  -2   1   1  -4  -5  -2  -2  -4   0   2  -2  -5  -1  -5    4  20   1  17   9   1   3  13   4   1   1   1   1   1   5  16   2   0   2   0  0.53 0.37
  104 Y    -3   4  -1   0  -4  -3  -3   0   2  -4  -4  -2  -4   0  -2   1  -2   2   6  -5    1  21   3   5   0   0   1   8   5   1   2   2   0   3   3  11   2   2  30   0  0.82 0.49
  105 R    -2   4   0   1   1   1   1   1  -1  -5  -5  -1  -3  -3  -1   1  -2  -3   2  -4    2  25   3   9   3   5   7  11   2   0   1   3   1   1   4  12   1   0   7   1  0.44 0.33
  106 R    -3   6  -2   1   5  -2  -2   1   1  -3  -5  -2  -4  -3  -1   0  -4  -6   0  -5    1  40   2   7  11   1   2  11   3   2   1   2   0   1   4   9   1   0   3   1  0.86 0.50
  107 R    -4   6  -1   1  -2  -2  -2   2   0  -6  -5  -2  -4  -3  -1   2  -3  -2   2  -6    1  37   3   8   1   1   2  15   2   0   1   1   0   1   3  14   1   1   7   0  0.80 0.50
  108 S    -2   3  -1   0   3  -2   1   0   1  -4  -5  -2  -5  -2   1   3  -2   0   2  -4    2  17   3   6   6   1   8   7   3   1   1   1   0   2   6  27   1   1   8   1  0.46 0.37
  109 P    -3   4  -4   1   0  -3  -2   0  -3  -6  -4  -2  -2  -2   4   2  -2  -2   3  -4    1  22   0   8   2   0   2   8   0   0   1   1   1   2  20  16   3   1  10   1  0.66 0.45
  110 P    -2   4  -1   0  -2  -2  -1   2  -2  -6  -5  -2  -4  -3   3   2  -2  -3   1  -4    2  23   2   5   1   1   4  14   1   0   1   1   0   1  17  18   2   0   6   1  0.59 0.42
  111 P    -3   3  -2   1   2  -1  -2   0   4  -4  -5  -2  -4  -3   4   2  -3   0   2  -3    1  16   1   7   5   3   2   8   9   1   1   2   0   1  19  14   1   1   7   2  0.53 0.38
  112 R    -3   6  -2  -1  -3  -1  -1   1   0  -4  -4   0  -2   0   0   1  -4   1   1  -5    1  37   1   4   1   2   3  12   2   1   1   4   1   4   5  12   0   2   6   0  0.68 0.45
  113 R     0   5  -3  -1   0  -2  -2   1   2  -5  -4   0  -4  -3   0   2  -4  -6   0  -4    8  36   1   3   2   1   2  11   4   0   1   4   0   1   4  16   0   0   4   1  0.70 0.46
  114 R    -4   6  -2   0  -5  -2  -3   1   2  -6  -6   0  -4  -3   0   2  -4  -4   2  -6    0  40   1   5   0   2   1  10   5   0   0   4   0   1   4  17   1   0   7   0  0.91 0.56
  115 S    -3   4  -1   1  -2  -2  -1   1   1  -5  -3  -2  -5  -4   1   4  -3  -6   2  -4    1  24   2   8   1   1   4  10   3   0   2   1   0   1   8  27   1   0   6   1  0.60 0.44
  116 P    -2   3  -2   0   4  -2  -1   0   1  -5  -4  -2  -5  -1   3   2  -2  -2   2  -4    2  19   1   5   9   2   3   6   3   0   1   1   0   2  17  17   2   1   6   1  0.54 0.39
  117 R    -4   6  -1   0  -4  -1  -2   0   0  -5  -6   0  -4  -2   0   1  -2  -1   1  -5    1  44   3   5   0   2   3   7   2   0   0   5   0   2   5  12   2   1   6   1  0.87 0.52
  118 R    -1   5  -1   2  -3  -1  -2   0   0  -5  -3  -1  -3  -3  -1   3  -2  -6  -1  -4    5  33   2   9   1   2   2   6   3   0   3   3   0   1   3  21   2   0   2   1  0.61 0.43
  119 R    -3   6  -2   0  -2  -2  -3   0  -1  -6  -6  -1  -6  -4   0   2  -2  -1   1  -5    1  46   2   5   1   1   1   7   1   0   0   3   0   1   4  16   2   1   5   1  0.99 0.58
  120 S    -2   4   1   0   1  -2  -1   1   0  -4  -5  -2  -5  -4   0   4  -1  -6   0  -4    2  25   5   6   3   1   4   9   2   1   0   2   0   1   4  29   2   0   3   1  0.60 0.43
  121 F    -3   5  -2  -1   1  -3  -2   0   0  -4  -3  -1  -3   0   0   2  -3   0   4  -4    2  29   1   3   3   1   2   8   2   1   2   3   1   4   6  13   1   1  16   1  0.59 0.41
  122 S    -3   4  -1  -1  -4  -3   0   1   1  -5  -4   0  -4  -3   1   4  -1  -4   1  -5    1  24   2   3   0   0   5  10   3   1   1   4   0   1   6  28   3   0   5   0  0.60 0.43
  123 R    -3   6  -2  -1   0  -2  -2   0   0  -6  -4  -2  -5  -4   2   1  -2  -6  -1  -5    1  45   2   4   2   2   2   8   2   0   2   2   0   1  10  13   2   0   2   0  0.94 0.56
  124 S    -3   4  -1  -1  -3  -3  -2   1   1  -5  -4   0  -5  -4   1   4  -2  -1   1  -3    1  21   2   4   1   1   2  10   4   0   2   4   0   0   6  32   2   1   4   2  0.57 0.42
  125 R    -3   6  -2  -2  -1  -1  -2   0  -1  -5  -4  -1  -5  -4   0   2  -3   2   3  -4    1  40   2   2   2   2   2   8   1   1   1   2   0   1   6  16   1   2   9   1  0.82 0.51
  126 S    -2   3  -2   0  -1  -2  -2   1  -2  -5  -5   0  -3  -4   0   5  -1  -1   0  -2    3  18   1   4   2   1   2  10   1   0   0   4   0   1   4  38   3   1   4   3  0.62 0.45
  127 R    -4   6   0   0  -2  -2  -2   0  -1  -6  -4  -1  -4  -5   1   1  -2  -1  -1  -6    1  46   4   5   1   1   3   6   2   0   1   3   0   0   8  12   3   1   2   0  0.93 0.54
  128 S    -3   3  -1   0  -1  -3  -3   0   1  -5  -5  -2  -3  -4   1   5  -1  -6   1  -4    1  16   2   5   1   0   1   7   3   0   1   2   1   1   7  44   3   0   4   1  0.77 0.53
  129 L    -3   5  -1  -2  -5  -2  -3  -1  -1  -1  -1  -1  -2   0   3   1  -3  -4   3  -2    1  28   3   2   0   1   1   6   2   3   7   2   1   4  16  11   1   0  11   2  0.54 0.39
  130 S    -1   3  -3   1  -5  -2  -1  -1   1  -5  -4  -1  -4  -5   1   4  -1  -1   0  -3    5  17   1   9   0   1   4   6   3   0   2   3   0   0   8  32   3   1   4   2  0.50 0.39
  131 R    -3   6  -2  -1  -4  -2  -2   0  -1  -5  -5   0  -3  -2   1   1  -3  -5   3  -3    2  42   2   3   0   1   2   7   1   0   1   5   1   2   8  11   1   0  10   2  0.82 0.50
  132 D    -2   4   1   4  -4  -2   0   0  -1  -5  -4  -1  -5  -3   0   2  -3  -5  -1  -3    2  20   5  21   0   1   6   9   1   0   2   3   0   1   4  19   1   0   2   2  0.52 0.37
  133 R    -3   6  -3  -1  -1  -2  -2  -1   1  -5  -5   0  -3  -5   1   1  -2  -5   3  -2    2  39   0   4   2   1   2   6   3   0   1   4   0   0   9  12   2   0  10   3  0.75 0.48
  134 R    -2   5   0  -1  -5  -2  -2   0   1  -3  -3   0  -3  -3   0   3  -2  -5   0  -4    2  36   4   4   0   1   3   8   3   1   3   4   0   1   5  19   1   0   4   1  0.64 0.43
  135 R    -4   6  -3  -1  -3  -2  -1  -2   0  -3  -5   0  -5  -3   1   2  -2  -3   3  -4    1  44   1   3   1   1   3   3   2   2   1   4   0   1   7  14   2   0  10   1  0.90 0.54
  136 E    -3   4  -1   1  -5  -1   0   0   0  -6  -5   0  -5  -3   0   4  -3  -5   0  -4    1  23   2   7   0   2   6   7   2   0   1   5   0   1   5  34   1   0   4   1  0.65 0.46
  137 R    -4   6   0  -1  -6  -1  -2  -2  -2  -4  -5  -1  -5  -5  -1   2  -2  -5   2  -4    0  46   5   4   0   2   2   4   1   1   1   2   0   0   3  18   2   0   8   1  1.02 0.59
  138 S    -2   2  -2   0   0  -2  -4  -2  -4  -5  -5  -2  -5  -5   2   6  -2  -6  -2  -5    2  11   2   5   2   1   1   3   0   0   1   1   0   1  12  54   2   0   2   1  1.01 0.64
  139 L    -1   3  -1  -1  -5  -1  -2  -1   2  -2  -1   0  -1  -2   3   1  -3  -3   2   0    4  17   2   3   0   2   2   4   5   2   7   4   2   1  18  13   1   0   8   6  0.33 0.28
  140 S    -2   2  -1   0  -5  -3  -1  -1  -2  -4  -5  -1  -5  -4   2   5   0  -6   1  -5    2  13   3   4   0   1   3   4   1   1   1   3   0   0  11  45   4   0   5   0  0.75 0.53
  141 R    -1   5   0   0  -2   0  -1  -2   0  -5  -5   1  -5  -4   3   1  -3  -5   1  -3    4  32   4   5   1   4   4   3   2   0   1   8   0   0  14  12   0   0   4   2  0.61 0.41
  142 E    -2   4   0   1  -4   0   2  -2   0  -5  -4   0  -3  -3   2   2  -2  -2  -2  -4    3  21   4   8   0   4  16   3   2   0   1   5   0   1   8  20   1   0   2   1  0.46 0.35
  143 R    -2   6  -2  -2  -6  -1   0   0   1  -6  -4   1  -5  -6   0   2  -4  -4  -1  -5    2  46   1   2   0   2   6   8   3   0   1   8   0   0   5  13   0   0   2   0  0.94 0.55
  144 N    -1   4   2   0  -5  -1  -2  -1   0  -4  -5  -1  -4  -3  -1   4  -1  -6  -1  -2    5  22  10   5   0   2   2   5   2   1   0   2   0   1   2  32   3   0   2   3  0.57 0.42
  145 H    -2   4  -1  -1  -5  -1  -1   0   5  -4  -4   1  -4  -1   1   1  -1  -4   3  -4    2  23   2   3   0   3   2   6  13   1   1   8   0   3   7  10   4   0  10   1  0.49 0.36
  146 K    -2   4  -1  -1  -3   0  -1  -2   1  -5  -3   1  -4  -4   0   4  -1  -2   0  -4    2  23   3   4   1   3   3   3   3   0   2   9   0   1   4  32   4   1   3   1  0.56 0.41
  147 P    -2   5   0  -1  -6  -1  -3  -1   1  -5  -5  -2  -3  -4   5   1  -2  -6  -1  -4    3  33   4   3   0   2   1   5   3   0   1   2   0   1  26  12   2   0   2   1  0.85 0.51
  148 S    -1   3  -2  -1  -5  -1   0   0  -2  -4  -5   1  -4  -3   1   4   0  -6  -3  -2    3  18   1   3   0   2   6   7   1   0   0   7   0   1   6  36   5   0   1   2  0.56 0.42
  149 R    -2   6  -1  -1  -6   0   1  -1   1  -6  -4   0  -5  -6   2  -1  -3  -6   0  -4    2  45   2   3   0   3   9   4   3   0   1   4   0   0  11   5   1   0   4   1  0.87 0.51
  150 S     0   3  -1   0  -5  -3  -1   1  -2  -4  -4  -2  -3  -5   0   5  -1  -6  -1  -2    7  16   2   5   0   0   3   9   1   1   1   1   0   0   5  42   2   0   2   2  0.63 0.46
  151 F    -2   3   1  -1  -3  -1  -2  -1   0  -3  -2   0  -2   1   2   0  -1   1   4  -1    3  15   6   4   0   2   1   6   2   1   3   6   1   6  10   7   2   2  18   4  0.29 0.25
  152 S    -1   2   0  -3  -5  -2  -1   1   0  -5  -5  -1  -4  -1   2   4   0  -5  -2  -4    5  10   5   1   0   1   3  11   2   0   0   3   0   3  10  39   5   0   1   1  0.57 0.43
  153 R    -3   7  -2  -2  -7   0  -1  -3   2  -5  -4   1  -5  -5   1  -1  -4  -2   0  -5    1  58   2   2   0   3   3   2   4   1   2   6   0   0   6   5   1   1   3   1  1.21 0.63
  154 S    -1   1  -1   0  -1  -1  -1  -1  -2  -6  -6  -2  -5  -6   0   6  -1  -6  -1  -3    4   8   3   4   1   2   4   4   1   0   0   2   0   0   4  58   2   0   2   1  0.92 0.58
  155 R    -2   6  -1  -2  -4   0  -1  -1   1  -3  -4   1  -4  -2   0  -1  -2  -5   0  -4    3  52   2   2   0   4   2   4   3   1   2   8   0   2   4   3   2   0   3   1  0.92 0.51
  156 S    -2  -2  -2  -1  -1  -2   0  -1  -2  -5  -6  -1  -5  -5  -2   6  -1  -6   0  -2    2   1   1   4   1   2   5   5   1   0   0   3   0   0   1  64   3   0   4   3  1.04 0.62
  157 R    -4   7   0  -4  -7   0  -2  -4   0  -6  -2   0  -5  -5  -1  -3  -3  -6   0  -3    1  67   5   0   0   4   1   1   2   0   4   3   0   0   4   1   1   0   3   2  1.46 0.69
  158 S    -2  -2   0  -2  -2  -3  -1  -2  -5  -6  -6  -2  -5  -5  -3   7  -1  -7  -4  -4    1   2   3   2   1   1   3   3   0   0   0   1   0   0   1  79   2   0   0   1  1.53 0.78
  159 R     0   5  -2  -3  -3   0  -2  -1  -1  -5  -5   1  -4  -5   5  -1  -3  -5   0  -3    7  35   1   1   1   3   2   6   1   0   0   8   0   0  28   3   1   0   3   1  0.89 0.47
  160 S    -1  -2  -2  -2  -4  -3  -3  -2   0  -3  -4  -3  -3  -5   0   6   1  -6  -5  -2    4   2   1   2   0   0   1   3   2   1   1   1   1   0   5  68   6   0   0   3  1.09 0.60
  161 N    -3   2   0  -2  -5  -1  -1  -3   4  -3  -4   0  -3  -5   6  -1  -2  -5   1  -3    1  13   5   2   0   2   4   2  10   2   1   4   1   0  41   5   1   0   5   2  0.90 0.43
  162 E    -1   1  -1   2  -4   1   4  -2  -1  -3  -4   1  -3  -4   3   0  -2  -4  -1  -1    3   6   3  10   0   5  29   2   1   1   0   8   0   0  16   8   0   0   3   5  0.46 0.27
  163 R    -4   7  -1  -2  -6   0  -2  -2  -1  -5  -5   3  -4  -5  -1  -2  -2  -5  -1  -4    0  58   2   2   0   3   0   3   1   0   0  21   0   0   3   2   1   0   2   1  1.19 0.50
  164 K    -3   6  -2  -3  -5   2   1  -4  -2  -5  -4   5  -3  -5  -3  -2  -3  -5  -4  -4    0  48   0   0   0   6   7   0   0   0   0  39   0   0   0   0   0   0   0   0  1.18 0.40

                      K         Lambda
Standard Ungapped    0.1350     0.3193
Standard Gapped      0.0499     0.2670
PSI Ungapped         0.1629     0.3170
PSI Gapped           0.0499     0.2670
