
Last position-specific scoring matrix computed, weighted observed percentages rounded down, information per position, and relative weight of gapless real matches to pseudocounts
            A   R   N   D   C   Q   E   G   H   I   L   K   M   F   P   S   T   W   Y   V   A   R   N   D   C   Q   E   G   H   I   L   K   M   F   P   S   T   W   Y   V
    1 M    -3  -4  -5  -6  -4  -3  -5  -5  -4   1   3  -4   8   0  -5  -4  -3  -4  -3   2    0   0   0   0   0   0   0   0   0   7  24   0  55   2   0   0   0   0   0  11  1.32 0.43
    2 E     1  -2  -1   0  -5   2   4  -1   0  -3  -5   0  -4  -5   5  -1  -3  -5  -4  -4   14   0   2   3   0   9  31   3   2   1   0   3   0   0  25   4   1   0   0   0  0.75 0.39
    3 A     2  -1  -1  -2  -3   2   1   0  -1  -3  -4   1  -3  -4   3   1   1  -5  -2  -2   17   2   2   1   0  13  11   7   1   1   0   9   0   0  12  13   9   0   1   2  0.34 0.25
    4 K    -1   0   1  -1  -2   1   1  -2   0  -4  -3   2  -3   0   1   0   1  -1   4  -3    4   4   8   3   1   7   9   2   2   0   1  15   0   4   7   5   9   1  16   1  0.28 0.24
    5 G    -2   4   1  -2  -4   3  -1   2  -2  -4  -4   0   0  -2  -3   1  -1  -1   1  -4    2  29   6   2   0  14   4  14   0   1   0   4   3   1   1   9   4   1   5   0  0.49 0.35
    6 G     1  -6  -6  -6  -7  -6  -6   6  -7  -8  -8  -5  -7  -8   6  -4  -6  -8  -4  -5   12   0   0   0   0   0   0  49   0   0   0   0   0   0  37   1   0   0   1   1  1.82 0.86
    7 T    -4  -7  -5  -5  -3  -6  -6  -7  -7  -6  -6  -6  -6  -8  -5   2   8  -8  -5  -6    1   0   0   0   1   0   0   0   0   0   0   0   0   0   1  13  84   0   0   0  2.44 1.15
    8 V    -5  -7  -7  -5  -5  -7  -7  -8  -7   5   2  -7  -1  -5  -5  -5  -5  -7  -6   6    0   0   0   1   0   0   0   0   0  34  15   0   1   0   1   1   0   0   0  47  1.59 0.73
    9 K    -3   3  -2  -4  -4   0  -3  -4   2   0  -2   4  -2   1  -2  -2   1  -5  -1   2    1  18   2   0   0   3   1   1   5   4   4  25   1   5   2   3   9   0   2  15  0.48 0.37
   10 A     2  -3  -4   1  -4  -4   0  -2  -1  -7  -5  -4  -7  -4   7  -2  -1  -6  -5  -4   14   1   1   9   0   1   6   3   1   0   1   0   0   1  53   2   4   0   0   1  1.40 0.75
   11 A     3  -2   0  -1   0  -2  -2  -3   2  -1  -2   0  -1   2   0   0  -1  -1   4   0   25   2   5   3   2   2   1   1   4   3   2   6   1   9   4   6   3   1  13   6  0.27 0.26
   12 S     1  -1  -1   0  -3   1   1  -3  -1  -3  -2   0  -1  -5   5   2   0  -6  -3  -2    9   3   2   4   0   7  10   2   1   1   3   6   1   0  28  13   5   0   1   3  0.53 0.38
   13 G    -2  -2   5   3  -3  -2  -3   2   1  -6  -4  -2  -2  -4   3   1  -2  -6  -1  -3    2   2  28  14   1   1   1  13   4   0   2   2   1   1  13  10   2   0   3   2  0.65 0.44
   14 F    -3  -7  -8  -8  -4  -8  -8  -7  -2  -2  -3  -7  -1   9  -2  -5  -5   3   2  -4    3   0   0   0   0   0   0   0   1   2   2   0   1  75   3   1   1   3   5   1  2.44 1.02
   15 N    -4  -4   6   6  -2  -4  -2  -5   0  -7  -6  -3  -4  -7  -5   2  -3  -8  -3  -6    1   1  33  41   1   0   2   0   2   0   1   1   1   0   0  12   2   0   1   0  1.50 0.77
   16 A     5  -5  -6  -5  -3  -5  -3  -4  -5  -5  -4  -3  -4  -7   6  -2  -3  -8  -7   1   44   0   0   0   1   0   2   1   0   0   2   2   0   0  33   2   1   0   0  11  1.36 0.76
   17 T    -1   1   0   2  -3   1   4  -2  -2  -3  -2   0  -1  -5  -3   1   0  -4  -3  -1    5   7   4  12   0   6  27   3   1   1   4   5   1   0   1  10   7   0   1   4  0.36 0.30
   18 E     2   2  -1   1  -2   2   2  -1   1  -3  -3   1  -2  -2  -2   0  -1  -3   0  -2   19   9   3   7   1  10  14   4   3   1   1   8   1   2   1   6   2   0   4   2  0.26 0.25
   19 D    -2  -7  -4   8  -4  -5   0  -7  -4  -5  -7  -6  -7  -5  -7  -4  -4  -9  -5  -5    4   0   0  83   0   0   4   0   0   1   1   0   0   1   0   1   1   0   1   1  2.49 1.13
   20 A     6  -6  -7  -7   5  -6  -6  -5  -7  -3  -5  -6  -5  -7  -6  -2  -3  -8  -6   2   70   0   0   0  11   0   0   0   0   1   0   0   0   0   0   3   1   0   0  12  1.79 0.92
   21 Q     0   0  -1   1  -6   3   5  -4   1  -2  -3   2  -1  -5  -5  -2  -2  -4  -2  -2    7   5   3   6   0  11  35   1   3   3   2  13   1   0   0   2   3   0   1   2  0.63 0.45
   22 T     2   1   0   0  -1   1   1  -2  -1   0  -2   1  -1  -3  -4  -1   1  -4  -2   1   22   8   5   4   1   5   8   1   1   7   3   9   1   1   0   3   8   0   1   9  0.18 0.21
   23 L    -6  -8  -9  -9  -3  -8  -8  -9  -8   3   7  -8  -1  -3  -8  -8  -7  -4  -6  -2    0   0   0   0   1   0   0   0   0  12  83   0   1   1   0   0   0   0   0   2  2.08 0.95
   24 R    -5   6   0  -3  -2   0  -1  -4   5  -5  -4   2  -3  -1  -6  -4  -6  -4   4  -5    1  39   4   2   1   3   4   1  14   0   1  12   1   3   0   1   0   0  12   1  1.14 0.64
   25 K    -1   2   1   1  -7   0   1  -3   0  -5  -6   6  -6  -7  -6  -1   0  -5  -5  -6    5   9   7   7   0   4   7   2   2   0   1  47   0   0   0   3   5   0   0   0  0.98 0.59
   26 A     7  -7  -4  -7  -2  -7  -6  -5  -4  -5  -7  -6  -5  -6  -7  -1  -5  -8  -7  -5   91   0   1   0   1   0   0   0   0   1   0   0   0   0   0   5   0   0   0   0  2.37 1.14
   27 M    -6  -7  -8  -8   3  -6  -7  -3  -7   3   1  -7   9   2  -8  -7  -1  -7  -6  -1    0   0   0   0   5   0   0   3   0  13  10   0  53   9   0   0   3   0   0   3  2.00 0.94
   28 K    -3   1  -2  -1  -6   1   1  -4  -2  -7  -7   7  -2  -6  -5  -2  -1  -4  -5  -5    2   6   2   3   0   6   7   2   1   0   0  61   1   0   0   3   4   0   0   1  1.39 0.75
   29 G    -2  -2  -4  -4  -4  -5  -5   7  -5  -5  -7  -2  -7  -8  -5  -3  -2  -7  -6  -5    2   2   1   1   0   1   1  79   0   1   0   3   0   0   1   2   3   0   0   1  1.96 0.91
   30 L     0  -3  -6  -4  -3  -3  -5  -5  -5   2   3   0   2   5  -3  -3  -4   5  -1  -1    7   1   0   1   0   1   0   1   0   9  27   7   4  24   2   2   1   8   1   3  0.74 0.44
   31 G    -4  -5  -4  -4  -4  -5  -5   7  -5  -6  -6  -4  -7  -7  -7  -3  -4  -7  -5  -5    1   1   1   1   0   0   1  87   0   1   1   1   0   0   0   2   1   0   1   1  2.31 1.02
   32 T    -2  -5  -4  -6   5  -5  -6  -6  -7  -3  -5  -3  -4  -6  -4  -1   7  -7  -5   1    3   0   1   0   9   0   0   1   0   1   1   1   0   0   1   4  68   0   0   8  1.82 0.94
   33 D    -6  -4   4   8  -9  -4  -2  -5  -3  -8  -9  -1  -8  -9  -7  -4  -4  -9  -6  -8    0   1  16  72   0   1   2   1   1   0   0   4   0   0   0   1   1   0   0   0  2.29 1.05
   34 E    -4  -3  -2   0  -9  -3   7  -5  -3  -6  -7   1  -5  -7  -6  -3  -3  -8  -6  -4    1   1   2   5   0   0  75   1   1   1   0   7   0   0   0   2   2   0   0   1  1.94 0.99
   35 D     1   0   1   3  -6   2   1  -2  -2  -4  -5   4  -3  -5  -4   0  -1  -4  -3  -3   12   4   6  18   0   8   7   3   1   1   1  26   1   0   0   6   3   0   1   2  0.51 0.38
   36 A     4  -1  -4  -2  -1  -2  -2  -4  -4  -2  -3   0  -1  -6  -2   0   3  -6  -5   2   36   4   0   2   1   1   3   1   0   2   2   7   2   0   2   5  21   0   0  12  0.61 0.46
   37 I    -6  -8  -8  -8  -6  -7  -8  -8  -8   7   3  -7  -2  -1  -8  -7  -6  -7  -5   2    0   0   0   0   0   0   0   0   0  57  26   0   1   2   0   0   0   0   0  12  1.81 0.82
   38 I    -4  -6  -2  -8  -6  -7  -8  -8  -8   8  -1  -7   0  -4  -8  -5   0  -8  -5   2    1   0   2   0   0   0   0   0   0  71   5   0   2   1   0   1   5   0   0  11  1.97 0.89
   39 G    -1   0   3   4  -6   1   4  -2   0  -6  -5   0  -3  -5  -5   1  -2  -4  -4  -5    5   5  14  23   0   6  23   3   2   0   1   5   1   0   0   9   2   0   0   0  0.70 0.47
   40 I    -3  -6  -8  -8  -3  -7  -4  -8  -8   7   0  -7  -2  -3  -7  -7  -2  -7  -5   5    2   0   0   0   1   0   1   0   0  53   8   0   0   1   0   0   3   0   0  31  1.69 0.79
   41 L    -6  -7  -8  -8  -5  -7  -8  -7  -8   2   6  -7   2  -1  -8  -7  -5  -7  -6   0    0   0   0   0   0   0   0   0   0  10  75   0   4   2   0   0   0   0   0   7  1.77 0.84
   42 A     3  -6  -5  -5   6  -5  -5   2  -5  -3  -4  -5  -4  -5  -3   1   4  -7  -5  -1   25   0   0   0  14   0   0  15   0   1   1   0   0   0   2  10  26   0   0   5  0.94 0.59
   43 Y    -1   2   3  -2  -2   0  -3  -2   5  -5  -5   2  -4  -4  -2   2   1  -6   0  -5    4  11  14   1   1   4   1   3  15   0   1  14   0   0   2  16   9   0   3   0  0.60 0.43
   44 R    -6   8  -4  -7   1  -4  -6  -7   2  -3  -2   0  -3  -7  -6  -4  -5  -8  -4  -5    0  75   1   0   3   0   0   0   5   2   5   4   1   0   0   1   1   0   1   1  2.14 1.01
   45 N    -4  -4   4   2   1  -4  -5  -4  -6  -5  -7  -4  -5  -7  -3   5   4  -6  -7  -3    1   1  15   9   3   0   0   1   0   0   0   1   0   0   2  39  26   0   0   2  1.19 0.74
   46 T     1  -2   7  -3   0  -3  -4  -4  -1  -3  -3  -2  -4  -3   1   1  -2   0  -1  -2   12   2  46   0   2   1   1   1   1   2   3   2   0   1   6   9   3   1   3   4  0.93 0.59
   47 A     3  -1   0   1  -3   1   2  -2   0  -3  -1   1  -1  -2  -1   1   0   0  -1  -2   24   2   4   9   0   5  13   2   2   1   6   7   2   2   2   9   4   1   2   3  0.20 0.22
   48 Q    -6  -4  -5  -4  -9   9   1  -6   1  -9  -7  -4  -5  -9  -7  -5  -5  -6  -6  -7    0   1   0   1   0  82  10   0   3   0   0   1   0   0   0   0   1   0   0   0  2.77 1.31
   49 R    -5   8  -6  -7  -5  -5  -6  -7  -4   1  -1  -3   1  -7  -8  -6  -6  -8  -7  -4    1  79   0   0   0   0   0   0   0   7   7   1   4   0   0   0   0   0   0   1  2.36 1.09
   50 Q     0   1  -3  -2  -5   7  -1  -6  -2  -2   0   0  -1  -5  -6  -2  -3  -4  -3  -1    7   6   1   2   0  51   3   0   1   3   9   6   2   1   0   2   1   0   1   4  1.12 0.69
   51 E     1  -1  -2   0  -6   4   4  -3  -1  -2   0   0   1  -4  -2  -2  -1  -6  -4  -1   11   3   2   4   0  18  29   1   1   2   9   5   3   1   2   2   4   0   0   4  0.48 0.39
   52 I    -6  -8  -7  -8  -7  -8  -8  -9  -8   8   1  -8  -1  -6  -8  -7  -4  -8  -7   1    0   0   0   0   0   0   0   0   0  78  11   0   2   0   0   0   1   0   0   7  2.34 1.00
   53 R     3   3  -2  -4   1   0  -2  -3  -3  -1  -2   3  -1  -2  -4   0  -2  -6  -3   0   23  15   2   1   3   4   2   1   0   4   4  21   1   2   0   6   2   0   1   8  0.43 0.35
   54 S     1   2   0   1  -3   3   2  -3   0  -2  -2   2  -2  -2  -4   0   0  -4  -4  -1   12   9   5   6   0  14  14   1   2   2   4  14   1   2   0   6   5   0   0   4  0.31 0.28
   55 A     4   0  -3  -3  -1   2   1  -3  -1  -2  -4   1   1  -3  -2   0   1  -4  -2   0   33   4   1   1   1   8   9   1   1   2   1  10   3   1   1   5  10   0   1   6  0.42 0.37
   56 Y    -8  -8  -8  -7  -9  -8  -8  -8  -4  -7  -6  -8  -7   6  -9  -8  -8  -2   9  -7    0   0   0   0   0   0   0   0   0   0   0   0   0  25   0   0   0   0  73   0  3.23 1.35
   57 K    -2   1   0  -3  -4   3   1  -5   0  -6  -3   6  -2  -2  -4  -1  -2  -5  -3  -5    3   7   4   1   0  13   9   1   2   0   3  46   1   2   1   4   2   0   1   1  0.97 0.60
   58 S     1   1   0   0  -4   2   1  -2  -2  -3  -2   1  -2  -5  -4   2   3  -6  -4  -2   13   7   4   4   0  11  10   2   1   2   3   7   1   0   0  13  19   0   0   3  0.35 0.32
   59 T     0   0  -1  -2  -2   0   0  -4  -1   0   2   1   5  -3  -5  -1   1  -5  -2  -2    8   6   3   2   1   4   6   1   2   6  19  10  17   1   0   5   8   0   1   2  0.31 0.29
   60 I    -5  -7  -4  -7  -3  -5  -6  -8   2  -2  -4  -4  -4   5  -7  -2   1  -3   8  -3    1   0   1   0   1   0   0   0   4   2   2   1   0  23   0   3   7   0  51   2  1.90 0.91
   61 G    -4  -1   1   0  -7  -1  -2   6  -2  -8  -8   2  -5  -6  -6   0  -5  -7  -7  -7    1   4   5   5   0   3   3  59   1   0   0  12   0   0   0   6   0   0   0   0  1.33 0.71
   62 R    -4   5  -3  -3  -6   2   2  -5  -2  -6  -5   6  -4  -6  -6  -3  -2  -7  -6  -5    1  24   1   2   0   7  11   1   1   0   1  46   0   0   0   1   2   0   0   1  1.34 0.73
   63 D    -4  -4   1   7  -6  -4   1  -5  -3  -6  -8  -4  -6  -5  -2   0  -2  -8  -5  -6    2   1   6  65   0   1   8   1   1   1   0   1   0   1   3   8   3   0   0   1  1.72 0.86
   64 L    -6  -7  -8  -9  -7  -7  -8  -7  -8   0   7  -8   0  -2  -8  -8  -6  -4  -6  -4    1   0   0   0   0   0   0   0   0   4  91   0   2   1   0   0   0   0   0   1  2.25 1.01
   65 I    -1  -1  -4  -2  -2  -1   2  -5  -3   4   1  -1   0  -2  -3  -2  -1  -5  -2   2    5   3   0   3   1   2  12   0   1  29  12   4   2   1   1   3   4   0   1  16  0.43 0.32
   66 E     0  -1  -1   4  -5   0   3  -3   0  -5  -5   4  -4  -6  -4   1  -1  -7  -4  -5    7   3   3  19   0   4  17   2   3   0   1  28   0   0   0   9   4   0   0   1  0.71 0.48
   67 D     0   1  -1   6  -1  -1   3  -5  -1  -5  -5  -1  -3  -6  -5  -2  -1  -7  -5   0    9   9   2  41   1   2  15   0   1   1   1   4   1   0   0   3   3   0   0   7  0.88 0.54
   68 L    -5  -7  -6  -8  -6  -7  -7  -8  -7   3   6  -7  -1   0  -7  -7  -5  -6  -5   0    1   0   0   0   0   0   0   0   0  15  72   0   1   4   0   0   1   0   0   5  1.70 0.80
   69 K    -3   1  -2   0  -3   1   1  -5   1  -2  -6   7  -3  -7  -5  -2  -2  -7  -5  -4    1   7   2   5   1   5  10   1   3   3   1  55   1   0   0   3   2   0   0   1  1.21 0.67
   70 S    -2  -1  -1   0  -3  -3  -1   1  -1  -5  -5   2  -6  -6  -4   6  -2  -5  -2  -5    3   4   3   4   1   1   3  10   2   1   1  13   0   0   1  51   1   0   1   0  0.95 0.63
   71 E    -1  -3  -4   2  -8  -2   7  -5  -3  -5  -5   1  -6  -7  -6  -4  -4  -7  -5  -3    6   1   1   9   0   1  67   1   1   1   1   7   0   0   0   1   1   0   0   2  1.62 0.86
   72 L    -6  -5  -6  -7  -1  -6  -7  -7  -7   0   6  -7  -2   0  -7  -4   3  -6  -4  -2    0   1   0   0   1   0   0   0   0   4  66   0   1   3   0   1  19   0   0   2  1.48 0.77
   73 S    -3   0  -2  -4  -4  -4  -4   1   1  -5  -7  -1  -4  -7  -4   6   1  -5  -5  -6    1   4   2   1   0   1   1  11   3   1   0   4   0   0   1  61   9   0   0   0  1.31 0.79
   74 S    -4  -5  -4  -3  -5  -7  -5   7  -4  -9  -8  -5  -8  -3  -5  -1  -5  -5  -7  -7    1   1   1   2   0   0   1  85   0   0   0   1   0   1   1   5   1   0   0   0  2.28 1.03
   75 N    -4  -2   5   5  -2  -3  -2  -4   5  -6  -6   2  -6  -5  -4  -1  -3   2   0  -6    1   2  25  28   1   1   2   1  14   0   1  12   0   0   1   4   1   2   3   0  1.07 0.61
   76 F    -6  -7  -8  -8  -6  -6  -6  -6  -2  -5   2  -8   0   8  -8  -6  -4  -3   2  -2    1   0   0   0   0   0   0   1   1   0  20   0   2  65   0   1   1   0   6   2  2.15 0.94
   77 E    -3   2  -4  -2  -3   1   6  -1  -3  -6  -3   3  -4  -6  -5  -3  -4  -5  -3  -6    2  10   0   2   1   5  53   5   1   0   3  14   0   0   0   1   1   0   1   0  1.22 0.71
   78 Q    -3   2   1   4  -5   0   3  -4   0  -5  -5   3  -3  -4  -5  -1   1  -4  -3  -5    1  11   6  24   0   3  16   1   2   1   1  19   1   1   0   4   7   0   1   0  0.69 0.45
   79 V     2  -5  -6  -5   1  -5  -5  -2  -6   1   3  -5  -1  -2  -5  -3   1  -6  -5   4   19   0   0   0   3   0   0   4   0   6  30   0   1   1   0   1   9   0   0  24  0.70 0.45
   80 I    -2  -6  -7  -7   2  -5  -7  -7  -7   5   3  -6   3  -3  -6  -5  -3  -6  -4   4    4   0   0   0   4   0   0   0   0  30  25   0   8   1   0   0   1   0   0  26  1.14 0.58
   81 L    -4  -2  -4  -3   0  -1  -1  -5  -1   1   4  -1   2  -2  -6  -4  -2  -3  -2   4    1   3   1   1   2   3   4   0   2   8  34   3   6   1   0   1   2   0   1  28  0.66 0.41
   82 G     5  -3  -4  -3  -3  -3  -4   3  -3  -4   0  -4  -1  -5  -5   0  -3  -2  -1  -3   52   2   1   1   0   1   1  18   1   0   9   1   1   0   0   7   1   1   2   1  0.93 0.59
   83 L    -5  -5  -8  -8  -1  -7  -7  -7  -7   0   6  -6   4  -3  -7  -3  -4   6  -5  -3    1   0   0   0   1   0   0   0   0   4  69   0   9   0   0   2   1   9   0   1  1.68 0.82
   84 M    -1  -6  -6  -7   3  -6  -7  -7  -6   1   3  -6   8   2  -7  -4  -1  -6  -4   1    5   0   0   0   5   0   0   0   0   6  27   0  35   8   0   1   3   0   0   7  1.31 0.68
   85 T    -3   1  -3   0  -2   1   0  -5   0  -2   1   2   5  -3  -4  -3   3  -2   2  -2    2   8   1   6   1   6   5   0   2   1  12  12  14   1   1   1  18   0   7   3  0.40 0.35
   86 P    -3  -1  -2   2  -4  -3   0   0  -2  -5  -4  -3  -4  -7   6   1   3  -7  -5  -5    2   3   1  11   0   1   6   8   1   1   2   1   0   0  36  10  15   0   0   1  0.91 0.57
   87 T    -2  -2  -6  -6  -6  -2  -5  -5  -3  -2   0  -2  -1  -5   7  -1   0  -5  -5  -4    4   3   0   0   0   2   1   1   1   3  10   3   2   0  58   6   6   0   0   1  1.50 0.80
   88 V     4  -1  -2   0  -2  -3   0  -3  -1   0   0  -3  -2  -3   2   0   0  -3  -1   1   35   3   1   4   1   1   5   1   1   4   8   1   1   1  12   5   4   0   3   8  0.38 0.33
   89 L    -2  -1  -2   1  -3   2   4  -2   1  -2  -1   0   0  -3  -5  -2  -2  -3   0   1    3   3   2   9   0  10  31   3   3   2   7   5   2   1   0   2   2   0   4   9  0.41 0.34
   90 Y    -4   2  -3  -7  -4  -1  -5  -5   1  -4  -1  -5  -2   5  -7  -3  -5  -1   8  -2    1  10   1   0   0   3   1   1   3   1   6   0   1  22   0   2   0   1  44   3  1.53 0.76
   91 D    -4  -5  -2   7  -3  -3  -1  -7  -2  -5   0  -4  -1  -2  -7  -5  -5  -7   2  -6    1   1   2  65   1   1   4   0   1   1  11   1   1   2   0   0   0   0   8   0  1.69 0.86
   92 V     7  -7  -7  -7   3  -6  -6  -5  -7  -4  -5  -6  -4  -7  -6  -3  -3  -8  -7   1   78   0   0   0   6   0   0   0   0   1   1   0   0   0   0   1   1   0   0  10  1.95 0.98
   93 Q    -2   2  -1  -1  -3   2   0  -4   4  -1  -3   4  -1  -1  -5  -1   0   3   3  -2    2  10   2   3   0   8   7   0   8   3   2  23   1   2   0   5   5   4   9   3  0.42 0.33
   94 E    -1  -2  -2  -2   5   3   5  -5   0  -1   1  -3  -1  -3  -5  -1  -1  -1  -2  -2    6   2   1   1  10  11  34   0   2   3  12   1   1   1   0   5   3   1   1   3  0.62 0.45
   95 L    -1  -7  -8  -8  -1  -7  -7  -8  -7   3   6  -7   1  -3  -7  -6  -5  -6  -6   1    5   0   0   0   2   0   0   0   0  12  69   0   3   1   0   0   0   0   0   8  1.52 0.75
   96 R    -5   4   3  -3  -4   0  -4  -5   7  -4  -5   3  -3  -2  -6  -4  -5  -1   3  -7    0  23  11   1   1   3   1   0  28   1   1  15   1   2   0   1   0   1  10   0  1.32 0.70
   97 R    -1   2   1   2  -6   1   2  -3   3  -4  -4   4  -5  -5  -4  -1  -2  -3  -1  -4    4  12   7  13   0   6  14   2   6   1   1  25   0   0   0   3   2   0   3   1  0.59 0.41
   98 A     7  -6  -6  -7  -4  -4  -6  -3  -7  -4  -6  -6  -6  -7  -6   1  -3  -7  -7  -4   84   0   0   0   0   1   0   2   0   1   1   0   0   0   0   8   2   0   0   1  2.07 1.03
   99 M    -5  -6  -7  -7   0  -6  -6  -7  -7   4   2  -6   9  -2  -7  -6  -1  -6  -6   1    1   0   0   0   2   0   0   0   0  23  15   0  42   2   0   0   3   0   0  10  1.73 0.82
  100 K    -1   0  -2   0  -2   0   0  -5  -1  -5  -5   6  -5  -5  -5   1  -1  -7  -2  -4    6   5   2   5   1   4   7   1   1   1   1  51   0   0   0   9   3   0   2   1  1.01 0.61
  101 G    -3  -2  -3  -4  -5  -4  -5   7  -7  -7  -6  -1  -5  -7  -6  -3  -5  -5  -7  -4    2   3   1   1   0   1   1  82   0   0   1   3   0   0   0   2   1   0   0   2  2.08 0.95
  102 A     3  -3  -4  -3  -3  -4  -3  -4  -4   1   3  -2   2   0   0  -2  -1   1  -3   0   22   1   1   2   0   0   2   1   0   9  32   3   5   4   5   3   3   2   0   5  0.42 0.32
  103 G    -4  -2  -4  -2  -5  -5  -3   7  -5  -4  -7  -3  -5  -5  -4  -1  -2  -5  -7  -5    1   3   1   2   0   0   2  77   0   1   1   2   0   1   1   4   2   0   0   1  1.85 0.87
  104 T    -3  -5  -4  -5  -3  -6  -6  -5  -5  -3  -5  -1  -4  -6  -4  -1   8  -7  -4  -3    2   1   1   0   1   0   0   1   0   1   1   5   0   0   1   3  80   0   1   2  2.12 1.06
  105 D    -3  -2   3   7  -5  -2  -1  -5   0  -6  -7   2  -7  -6  -6  -2  -2  -8  -7  -6    2   2  15  54   0   1   4   1   2   0   0  12   0   0   0   3   2   0   0   0  1.46 0.75
  106 E    -5  -3  -1   2  -7  -2   7  -5  -2  -6  -2  -2  -5  -5  -6  -5  -5  -4  -2  -5    1   1   3   9   0   1  72   1   1   0   5   2   0   1   0   0   0   0   1   1  1.79 0.93
  107 G     0   1   1   4  -1   1   1   0   0  -4  -4   2  -4  -5  -3   2  -1   0  -4  -3    8   7   6  21   1   5   9   6   2   1   1  11   0   0   1  13   3   1   0   1  0.37 0.29
  108 C     2  -4  -5  -4   4  -5  -4  -5  -4   0  -1  -4   0  -3  -5  -2   4  -2  -4   4   18   1   0   1   8   0   1   0   0   5   6   1   2   1   0   3  22   1   0  31  0.76 0.50
  109 L    -2  -7  -8  -8  -6  -7  -7  -7  -7   3   6  -7   0  -1  -7  -7  -6  -6  -6  -1    4   0   0   0   0   0   0   0   0  13  74   0   1   2   0   0   0   0   0   4  1.70 0.81
  110 I    -4  -5   0  -5  -2  -6  -7  -6  -7   7  -1  -6   0  -4  -7  -4   1  -7  -6   2    1   1   5   1   1   0   0   0   0  57   5   0   2   1   0   1  10   0   0  14  1.42 0.70
  111 E    -6  -3  -4   2  -6   0   7  -1  -3  -7  -8  -4  -7  -8  -7  -5  -4  -8  -6  -8    0   1   0  10   0   3  76   5   1   0   0   0   0   0   0   1   1   0   0   0  2.10 1.05
  112 I    -5  -8  -8  -8  -4  -7  -8  -8  -8   8  -1  -7  -1  -4  -7  -6  -2  -7  -5   3    1   0   0   0   0   0   0   0   0  70   4   0   1   0   0   0   2   0   0  20  2.10 0.92
  113 L    -2  -7  -8  -8  -3  -7  -7  -8  -7   3   6  -7   2   0  -5  -4  -5  -6  -5  -1    4   0   0   0   1   0   0   0   0  17  65   0   5   3   1   1   0   0   0   3  1.48 0.73
  114 A     2  -6  -7  -8  10  -7  -7  -4  -7  -2  -1  -7   0  -1  -7  -1   0  -7  -5   1   16   0   0   0  51   0   0   2   0   2   6   0   2   3   0   4   5   0   0   8  1.89 0.86
  115 S    -1  -4  -3  -4   0  -3  -4   0  -4  -3  -5  -5  -4  -5  -2   4   6  -7  -4  -4    5   1   1   0   2   1   1   8   0   1   1   0   0   0   2  34  41   0   0   1  1.17 0.73
  116 R    -3   8  -4  -6   0  -1  -5  -6   0  -6   0   0  -1  -5  -6  -1  -4  -7  -2  -6    3  67   1   0   2   2   0   1   2   0   8   5   1   0   0   4   1   0   1   0  1.70 0.86
  117 T    -3  -5   3   0  -3  -4  -3  -4  -6  -6  -5  -4  -4  -7  -2   5   5  -2  -5  -5    1   0  12   6   1   1   2   1   0   0   1   1   0   0   2  34  36   1   0   0  1.20 0.74
  118 P    -2  -5   8  -2  -4  -4  -2  -2  -1  -7  -7  -1  -4  -5   3   0  -1  -8  -2  -5    3   0  58   1   0   0   2   2   1   0   0   3   0   1  12   8   3   0   1   1  1.54 0.82
  119 E     2   0   0   1  -3   2   3  -2   1  -3  -3   2  -2  -4  -2   1  -1  -4  -2  -3   20   4   4   9   0  10  16   2   3   1   2  11   1   0   2   9   3   0   1   2  0.34 0.30
  120 E    -4  -3  -4   2  -8   5   6  -4   1  -5  -7  -3  -4  -8  -6  -2  -4  -4  -5  -6    1   1   0  10   0  25  51   1   3   1   0   1   0   0   0   3   1   0   0   0  1.56 0.86
  121 I    -6  -4  -6  -8  -6  -7  -7  -8  -7   7   4  -4   4  -4  -7  -6  -4  -7  -6   0    0   1   0   0   0   0   0   0   0  52  30   2   9   0   0   1   1   0   0   4  1.63 0.77
  122 R    -1   3   1  -2  -4   3   1  -3   2  -1  -1   3   0  -1  -4  -2  -3  -3  -2  -2    6  18   6   2   0  14   9   1   5   3   7  16   2   2   0   3   1   0   1   3  0.36 0.30
  123 R     4   0  -1   1  -4   2   3  -3  -1  -2  -2   0   0  -4  -3  -1  -1  -4  -2  -3   30   4   2   6   0   7  22   1   2   2   3   6   2   1   1   4   4   0   1   2  0.46 0.38
  124 I    -3  -7  -8  -8  -2  -7  -8  -8  -8   7   2  -7   2  -2  -7  -6  -3  -7  -5   1    2   0   0   0   1   0   0   0   0  64  15   0   4   1   0   0   1   0   0   9  1.78 0.81
  125 N    -1   3   2  -4  -2  -1  -3  -4  -3  -2  -4   6  -2  -5  -5   0  -2  -7  -5  -1    5  15   8   1   1   2   1   1   0   2   2  46   1   0   0   6   3   0   0   6  0.97 0.59
  126 Q     1   2   1   1  -4   3   3  -3   0  -4  -4   1  -2  -5  -3   0  -1  -6  -4  -3   11  10   6   9   0  15  21   1   2   1   1   9   1   0   1   7   4   0   0   1  0.48 0.37
  127 T     5  -3  -3  -4   2  -1   0  -4   0   0  -3  -2  -2  -3  -5  -1   1  -6  -2   2   46   1   1   1   4   3   6   1   2   6   2   2   1   1   0   3   7   0   2  12  0.68 0.48
  128 Y    -8  -8  -7  -7  -8  -8  -8  -9  -4  -7  -6  -7  -6   2  -9  -6  -8  -4  10  -7    0   0   0   0   0   0   0   0   0   0   1   0   0   7   0   0   0   0  90   0  3.64 1.49
  129 Q    -3   2  -1  -3   0   4   2  -5   3  -5  -2   4  -2  -1  -3  -2  -2  -5   1  -4    2   9   3   1   2  16  13   0   7   0   5  27   1   2   1   3   2   0   4   1  0.60 0.43
  130 Q     0   2   0   0  -3   2   2  -3   0  -3  -2   3  -1  -3  -3   0   1  -4  -2  -3    9  12   4   5   1  10  15   1   3   1   3  17   1   1   1   7   7   0   1   1  0.35 0.30
  131 Q     0   0  -2  -1  -4   0   2  -4  -1   1   2   1   4  -3  -4  -2   0  -3  -2   1    6   6   1   3   0   4  15   1   1   7  20   8  11   1   0   2   5   0   1   8  0.26 0.25
  132 Y    -6  -7  -5  -6  -2  -7  -7  -7   1  -5  -2  -5  -5   6  -5  -4  -2  -4   8  -4    1   0   1   0   1   0   0   0   3   1   4   1   0  28   1   2   3   0  54   1  2.18 1.00
  133 G    -3   0   2   1  -5   0   1   4   2  -7  -6   4  -5  -7  -4  -1  -4  -7  -4  -6    1   5   8   9   0   4   7  32   4   0   1  23   0   0   0   4   0   0   0   0  0.80 0.50
  134 R    -2   5   0  -2   1  -1  -3  -4   1  -3  -6   5  -5  -6  -5   1   1  -3  -5  -1    3  29   4   2   3   2   1   1   3   1   0  29   0   0   0   9   8   0   0   4  0.84 0.54
  135 S    -3  -3   1   5  -2  -2   1  -5  -2  -4  -5  -1  -6  -6   0   4   2  -7  -1  -5    1   1   7  28   1   2   8   0   1   1   1   3   0   0   5  29  11   0   2   0  0.82 0.56
  136 L    -5  -7  -8  -9  -6  -7  -8  -7  -8  -1   7  -8   1  -3  -4  -7  -6  -7  -6  -1    1   0   0   0   0   0   0   0   0   3  86   0   3   1   1   0   0   0   0   4  2.05 0.95
  137 E    -1  -4  -4   0  -8   0   7  -5  -5  -2  -4  -3  -1  -8  -5  -3  -2  -8  -6  -1    4   1   1   4   0   4  69   1   0   2   2   1   1   0   0   2   2   0   0   5  1.60 0.88
  138 E     0  -2   0   3  -4   1   3  -4   2  -5  -4   3  -3  -5  -4   1  -2  -6  -2  -5    7   2   4  17   0   5  22   1   4   0   1  19   1   0   0  12   2   0   1   0  0.61 0.44
  139 D     1  -4  -3   8  -6  -3   0  -5   1  -5  -7  -4  -3  -4  -6  -2  -4  -5  -4  -3   10   1   1  68   0   1   6   0   3   1   0   1   1   1   0   2   1   0   1   2  1.78 0.88
  140 I    -6  -7  -8  -8  -4  -7  -7  -8  -8   7   2  -7   0  -5  -7  -6  -5  -7  -6   4    0   0   0   0   0   0   0   0   0  49  21   0   2   0   0   0   0   0   0  27  1.69 0.78
  141 C     1   2  -1  -1   0   0   2  -2  -1   1  -3   4  -1  -3  -4   0   0  -5  -2  -1   11  11   2   2   2   4  11   2   2   8   1  23   2   1   0   6   5   0   1   5  0.30 0.27
  142 S     0  -3   0   1  -3  -2  -1   4  -1  -6  -5   0  -3  -5  -5   4  -2  -3  -3  -5    7   1   4   8   1   1   4  26   2   0   1   7   1   0   0  34   1   0   1   1  0.71 0.50
  143 D    -4  -3  -1   7  -2  -1   4  -5   2  -7  -7  -2  -7  -8  -6  -4  -4  -8  -5  -5    1   2   2  55   1   3  26   1   4   0   0   2   0   0   0   1   1   0   1   1  1.66 0.84
  144 T    -1  -6  -4  -5  -2  -5  -5  -5  -4  -2   0  -5  -3  -2  -6  -2   7  -7  -4   0    4   0   1   0   1   0   0   1   0   2  10   0   0   2   0   2  68   0   0   6  1.61 0.88
  145 S    -3  -3  -2  -3  -3  -4  -4  -2  -3  -6  -6  -2  -7  -3  -4   7   0  -2  -4  -7    1   1   1   2   1   1   1   3   1   0   1   3   0   2   1  76   5   1   1   0  1.71 0.96
  146 F    -3  -4  -3  -2  -6  -5  -3   7  -2  -8  -5  -5   0  -3  -4  -2  -5  -7  -5  -7    2   1   1   3   0   1   2  79   1   0   1   1   3   1   1   3   1   0   0   0  1.93 0.92
  147 M    -3  -4   1   5  -4  -2   0  -3   6  -4  -5   0  -1  -2   0  -1  -2  -6   2  -4    2   1   7  33   0   2   5   2  18   1   1   5   2   2   6   4   3   0   7   1  0.83 0.51
  148 F    -6  -6  -5  -8  -7  -7  -6  -7   1  -2   1  -7  -3   8  -8  -5   0  -2   3  -2    1   0   0   0   0   0   0   0   3   2  15   0   1  59   0   1   6   0   8   3  1.84 0.85
  149 Q    -3   5  -4  -4   0   4   2  -3  -3  -7  -4   5  -2  -7  -4  -3  -3  -7  -5  -6    2  26   0   0   2  15  15   2   1   0   1  29   1   0   1   2   2   0   0   0  1.07 0.64
  150 R    -3   6   0   1  -3   0  -1  -5   2  -6  -4   4  -3  -6  -5  -2  -2  -3  -3  -5    2  36   5   8   1   4   4   0   4   0   1  26   1   0   0   2   3   0   1   1  1.01 0.59
  151 V     0  -6  -5  -7  -5  -6  -7  -7  -1   2   5  -6   3   1  -6  -6  -2  -4  -4   1    7   0   1   0   0   0   0   0   2  11  58   0   6   5   0   0   2   0   0   8  1.18 0.62
  152 L    -5  -7  -8  -8   0  -7  -7  -8  -7  -1   6  -7   3   2  -6  -6  -5  -4  -1  -1    1   0   0   0   2   0   0   0   0   3  73   0   7   8   0   0   1   0   2   3  1.66 0.80
  153 V    -3  -3  -3  -5  -3  -5  -3  -6  -4   3   3  -4   2  -2  -6  -3  -1  -6  -5   5    1   1   2   1   0   0   2   1   0  14  26   1   4   1   0   2   4   0   0  39  0.91 0.52
  154 S     4  -3  -1  -4  -1  -1  -2   0  -3  -1  -2  -2   2  -4  -3   4  -1  -2  -3  -1   29   1   2   0   2   3   2   5   0   3   4   2   5   1   1  30   4   1   1   3  0.53 0.43
  155 L    -2  -6  -7  -8   0  -2  -7  -7  -5   2   6  -6   3  -3  -7  -6  -4  -6  -1   1    3   0   0   0   2   2   0   0   0   9  64   0   6   1   0   0   1   0   3   8  1.34 0.69
  156 S     2  -6  -6  -6   6  -5  -5  -6  -6   0   4  -6   0  -4  -5  -1  -2  -3  -5   3   14   0   0   0  14   0   0   0   0   4  37   0   2   0   0   5   2   0   0  19  0.89 0.53
  157 A     0  -1   1  -1  -1   5   0  -2  -2  -4  -4   2  -1  -6  -4   1   2  -6  -5  -3    7   3   6   2   1  29   6   2   1   1   1  12   2   0   0  12  11   0   0   1  0.61 0.46
  158 A     4  -4  -2  -5   2  -5  -4   5  -5  -3  -6  -3  -3  -5  -3  -1   0  -6  -3  -3   28   1   2   0   4   0   1  44   0   2   0   1   1   0   1   5   6   0   1   2  1.04 0.60
  159 G     0   0   4   1   0   1   0   0   1  -3  -3   1  -2  -1  -1   1   0  -4   0  -2    6   6  20   6   2   6   6   8   3   1   1   7   1   2   3   9   6   0   4   3  0.23 0.22
  160 R    -6   9  -5  -6  -5  -3  -5  -6  -1  -7  -6  -1  -5  -7  -6  -5  -5  -7  -7  -7    1  89   0   0   0   1   0   1   1   0   1   3   0   0   0   0   1   0   0   0  2.82 1.21
  161 D    -1  -3  -1   6  -2  -1   2  -4  -1  -5  -5  -3  -3  -4   1   0  -4  -6   2  -5    4   1   3  47   1   2  14   1   2   1   1   2   1   1   6   6   1   0   7   1  1.04 0.58
  162 E    -3  -4  -2   2  -6   1   7  -3  -3  -4  -6  -1  -4  -7  -1  -2  -3  -6  -4  -5    2   0   2  10   0   6  63   2   0   1   1   3   0   0   4   3   2   0   1   1  1.44 0.77
  163 G    -2  -2   2   1  -2  -3  -1   3  -3  -3  -5  -2  -3  -3  -3   4   1  -3  -2  -4    3   2  10   9   1   1   4  22   1   1   1   2   0   1   1  29   8   0   1   1  0.56 0.41
  164 N     0  -2   1   1  -2   1   1   1   0  -2  -2  -1   0  -1   1   1   2  -2  -1  -2    7   1   8   8   1   6   7  10   2   2   3   3   2   3   8   9  12   1   2   2  0.14 0.15
  165 Y     0  -1   1   0  -1   0   2  -2   1  -1  -2   0  -1  -1   2  -1   1  -2   1   0    7   3   6   6   1   4  17   3   3   3   3   4   1   3   9   4  10   1   4   8  0.13 0.15
  166 L    -1  -6  -5  -5  -1  -5  -4  -6  -5   3  -1  -5  -2  -1  -2  -5   0  -4   0   6    4   0   0   1   1   0   1   0   0  15   5   1   1   2   2   1   5   0   4  55  1.14 0.59
  167 D    -5  -4   4   7  -4  -3  -3  -6  -3  -3  -6  -4  -6  -5  -5  -1  -4  -7  -4  -4    1   1  20  62   0   1   1   0   1   2   1   1   0   1   0   5   1   0   1   1  1.85 0.88
  168 D     0   0  -1   0  -4   1   2  -2   1  -1  -1   0   2  -2   3  -1  -1  -2   1  -1    6   5   2   6   0   7  14   2   3   3   6   6   6   1  15   4   3   0   6   5  0.21 0.20
  169 A     2  -1   2   2  -4   2   3  -1   0  -3  -3   0  -2  -4  -3   0   0  -5  -2  -2   15   3   9  12   0  10  19   4   2   1   3   4   1   1   1   6   5   0   2   2  0.34 0.29
  170 L    -1   1  -3  -2  -4   3   0  -3  -3  -1   3   3   2  -3  -5  -2  -2  -5  -4  -1    5   8   1   2   0  14   6   1   0   2  30  15   4   1   0   3   2   0   0   4  0.43 0.34
  171 M     6  -6  -5  -6  -4  -6  -6  -5  -6   2  -4  -6  -1  -5  -4  -3  -3  -7  -5   3   64   0   0   0   0   0   0   0   0   9   1   0   2   0   1   2   1   0   0  18  1.46 0.78
  172 K    -1   2   0   2  -4   2   3  -2   1  -2  -2   3  -1  -3  -3  -1  -1  -5  -2  -1    6  12   4  10   0  10  17   2   3   3   3  17   1   1   1   3   3   0   1   4  0.34 0.28
  173 Q     1   1   1   0  -4   5   3  -3  -1  -3  -4   2  -1  -4  -4   0  -1  -2  -4  -3   11   6   6   5   0  23  17   1   1   2   1  11   1   1   1   6   4   1   0   2  0.49 0.39
  174 D    -4  -4  -3   8  -6  -2   2  -7  -3  -4  -4  -5  -7  -8  -7  -5  -5  -3  -6  -3    2   1   1  75   0   2  11   0   1   1   2   0   0   0   0   0   0   0   0   2  2.15 1.01
  175 A     7  -6  -7  -7  -2  -6  -6  -5  -7  -3  -6  -6  -6  -6  -5  -3  -4  -7  -7   2   80   0   0   0   1   0   0   0   0   2   0   0   0   0   0   1   1   0   0  13  1.99 0.99
  176 Q    -1   2  -1   0  -5   5   2  -5   1  -5  -4   4   0  -6  -5  -2  -1  -3  -4  -3    4  11   3   5   0  24  12   1   3   1   2  25   2   0   0   2   3   0   1   2  0.77 0.51
  177 E     3   1  -2   2  -1   1   2  -3  -1  -1  -2   1  -2  -5  -4   0   0  -3  -4  -2   26   6   1  11   1   5  14   1   1   5   4  10   1   0   0   5   6   0   0   3  0.33 0.30
  178 L    -6  -7  -8  -9  -5  -7  -8  -9  -8   2   7  -8   0  -2  -8  -6  -6  -7  -6  -3    0   0   0   0   0   0   0   0   0   9  86   0   1   1   0   0   0   0   0   1  2.12 0.97
  179 Y    -3  -3  -2  -7  -2  -2  -5  -7   4  -2   0  -2  -3   4  -6  -3  -5   2   8  -3    2   2   2   0   1   2   1   0   9   2   7   2   1  14   0   2   0   2  48   1  1.54 0.77
  180 E     0   1   1   3  -6   2   4  -3  -2  -5  -6   3  -4  -6  -3  -1  -2  -5  -4  -5    9   6   7  14   0   9  24   2   1   1   0  18   0   0   1   4   2   0   0   0  0.64 0.45
  181 A     7  -5  -2  -1   0  -5  -3  -3  -3  -4  -4  -2  -3  -7  -6  -1  -2  -7  -5  -3   73   0   2   3   2   0   2   2   1   1   2   3   1   0   0   3   2   0   0   2  1.48 0.81
  182 G    -3  -5  -3  -3   0  -3  -2   7  -6   0  -5  -4  -4  -4  -2  -3  -1  -6  -6  -2    1   1   1   1   2   1   3  68   0   6   1   1   1   1   2   2   5   0   0   3  1.43 0.72
  183 E    -1  -4  -2  -2  -6   1   6  -5  -3  -2  -4   0  -1  -4   0  -1  -1  -6  -6   0    5   1   2   2   0   5  55   1   1   3   1   5   1   1   4   4   3   0   0   7  1.02 0.63
  184 K     1  -1   1   0  -3   0  -1   4  -1  -4  -2   4  -4  -5  -4  -1  -4  -2  -5  -4   10   3   6   6   0   4   3  26   2   1   5  27   0   0   0   4   0   1   0   1  0.56 0.40
  185 R    -4   5  -1  -2  -3   1  -3  -3   0  -2  -5   5  -2  -5  -3  -2  -2  -6  -4  -4    1  30   3   3   1   6   1   2   2   3   1  36   1   0   1   3   3   0   0   1  1.00 0.57
  186 W    -2  -1  -3  -4  -3  -4  -4  -4  -1   1   2   1   1   2  -3  -2  -2   9  -2   0    4   3   2   1   1   0   1   1   2   6  20   8   4   7   1   4   2  26   0   6  0.89 0.48
  187 G    -2  -3  -3  -1  -2  -2  -3   7  -3  -5  -6  -1  -6  -2  -2  -2  -3  -6  -2  -3    3   2   1   3   1   2   2  69   1   1   1   3   0   2   2   2   2   0   1   2  1.47 0.72
  188 T    -2  -4   0  -3  -3  -5  -3  -5  -2  -2  -2  -2  -4  -4  -1  -1   7  -6  -4  -2    3   1   4   1   1   0   2   1   1   2   4   3   0   1   4   4  65   0   1   3  1.39 0.78
  189 D    -4  -4   2   8  -7  -3   0  -5   0  -7  -5  -3  -3  -5  -4  -2  -3  -5  -4  -5    1   1   9  67   0   1   6   1   2   0   1   1   1   0   1   2   2   0   1   1  1.81 0.86
  190 E    -3  -4  -1   1  -3  -1   7  -4  -2  -4  -6   0  -3  -7  -2  -3  -3  -7  -4  -1    2   1   3   6   1   2  65   1   1   1   0   5   1   0   2   2   1   0   1   5  1.43 0.78
  191 V     0  -3   0   2  -2  -2   2  -1  -2  -1  -2   0  -1  -2   0   4   0  -5  -3  -1    9   1   4   9   1   1  12   4   1   4   3   5   2   2   4  30   4   0   1   4  0.33 0.31
  192 K     0   0  -2  -2  -1   1   0  -4  -1   0  -2   3   0  -3  -3  -1   3  -5  -3   2    9   5   1   2   2   5   7   0   1   4   4  16   2   1   1   3  21   0   1  15  0.31 0.29
  193 F    -5  -6  -7  -8  -7  -7  -7  -7  -6   1   0  -7  -1   8  -8  -7  -6   4   0   0    1   0   0   0   0   0   0   0   0   6   9   0   1  67   0   0   0   4   2   7  2.17 0.93
  194 L    -3  -2   5  -4   3  -1  -4  -6  -3   5  -1  -2   1  -4  -4  -3   0  -6  -2   1    1   3  24   0   6   3   1   0   0  31   5   2   3   0   1   2   6   0   1  10  0.78 0.49
  195 S     0   3   1   1  -2   1   1  -2   0  -4  -3   1   1  -2  -2   1   1  -1  -1  -3    7  20   5   8   1   5   9   2   2   0   1   7   5   1   2  12   8   1   2   2  0.29 0.27
  196 I    -4  -6  -8  -8  -6  -6  -8  -8  -6   8   0  -7  -2  -4  -6  -7  -4  -7  -4   3    2   0   0   0   0   0   0   0   0  71   8   0   1   1   0   0   1   0   0  14  2.06 0.91
  197 L    -6  -5  -8  -8  -4  -7  -8  -8  -7   0   6  -7   3   5  -8  -6  -6  -3  -4  -3    0   1   0   0   0   0   0   0   0   5  64   0   6  21   0   0   0   0   0   1  1.70 0.81
  198 C     2  -5  -4  -6   7  -5  -5   0  -6  -1  -4  -5  -5  -3  -6   2   4  -7  -5   0   19   0   0   0  23   0   0   6   0   3   1   0   0   1   0  17  21   0   0   7  1.01 0.61
  199 S    -1   0   2  -3  -3   2   0  -2   1  -4  -2   1  -3  -4  -5   3   4  -6  -4  -3    4   6   8   1   1   8   7   3   4   1   4   8   1   1   0  19  24   0   0   1  0.46 0.39
  200 R    -4   8  -2  -4  -1   1  -2  -7  -2  -8  -5   0  -6  -7  -6  -2  -5  -2  -1  -7    2  71   2   1   1   6   3   0   1   0   1   5   0   0   0   3   0   1   2   0  1.94 0.95
  201 N    -5  -5   5  -3  -3  -5  -4  -4  -3  -8  -8  -6  -7  -8  -3   7  -2  -8  -7  -7    0   0  22   1   1   0   1   1   0   0   0   0   0   0   2  69   2   0   0   0  1.95 1.04
  202 R    -2   1  -1   0  -3  -2  -3  -4   1  -1  -1   0  -2   4   1  -2  -2   2   5   0    3   8   3   6   0   2   1   1   3   4   4   6   1  17   6   2   2   3  20   7  0.44 0.33
  203 N     2  -1   1  -1   1   0   0  -2  -1  -3  -2   0  -2  -1   4   0  -1  -1   1  -2   22   3   6   4   3   4   6   3   2   2   3   5   1   2  19   5   4   1   4   2  0.31 0.27
  204 H    -6  -4  -5  -4  -8   7  -2  -7   8  -8  -5  -5  -4  -3  -7  -6  -4  -4  -2  -6    0   0   0   1   0  52   2   0  37   0   1   0   1   1   0   0   1   0   1   1  2.51 1.18
  205 L    -5  -6  -8  -8  -4  -5  -8  -8  -8   2   6  -7   1  -4  -8  -6  -5  -7  -6  -1    1   0   0   0   0   0   0   0   0  11  79   0   2   0   0   0   1   0   0   3  1.87 0.88
  206 L    -1   6   0  -4  -1   3  -2  -4   0  -3  -1   2  -1  -4  -6  -2  -3   0  -3  -2    5  42   4   1   1  10   2   1   2   2   5  13   1   1   0   3   1   1   1   3  0.86 0.53
  207 H     4   1  -3  -3  -2   1   0  -3  -1  -2   1   1   0  -3  -5  -2  -3  -5  -4  -1   40   9   1   1   1   7   6   1   2   2  13   8   2   1   0   2   1   0   0   3  0.54 0.42
  208 V    -3  -7  -6  -7  -5  -6  -6  -6  -7   4  -1  -6   0  -4  -6  -5   4  -7  -4   5    2   0   0   0   0   0   0   1   0  24   5   0   2   0   0   0  24   0   0  41  1.36 0.72
  209 F    -1  -6   0  -3   1  -5  -6  -6  -6  -1   0  -5  -1   8  -7  -1  -6   1  -1  -4    6   0   4   2   2   0   0   0   0   4   7   1   1  62   0   5   0   2   1   1  1.69 0.81
  210 D     0   0   2   3  -5   4   3  -4   1  -4  -3   1  -3  -5  -4   0  -2  -2  -2  -2    6   4   8  17   0  16  21   1   4   1   2   7   1   0   0   5   2   1   1   3  0.54 0.40
  211 E     2   0  -3  -2  -1   2   5  -4   1  -2  -3   0  -3  -4  -5  -2  -2  -4  -1  -2   20   5   1   1   1   7  40   1   4   2   2   5   1   1   0   2   2   0   2   3  0.74 0.52
  212 Y    -8  -8  -8  -9  -6  -6  -8  -8  -2  -7  -5  -8  -7   3  -8  -7  -7  -3  10  -5    0   0   0   0   0   0   0   0   1   0   1   0   0  11   0   0   0   0  84   1  3.37 1.39
  213 K    -1   1   0  -2  -3   4   3  -3   2  -3  -4   4  -1  -4  -3  -1  -2  -6  -2  -2    4   5   3   1   0  17  18   2   4   2   2  26   2   1   1   5   3   0   1   3  0.59 0.43
  214 R    -1   3   1   0  -6   2   1  -3   1  -3  -4   4  -2  -5  -5   0  -1  -4  -3  -4    4  15   7   5   0  10   8   1   3   2   2  30   1   0   0   7   4   0   1   1  0.60 0.42
  215 I    -2  -1  -2  -3  -3  -1  -2  -5  -1   4   3   1   3  -1  -5  -3  -2  -3   1   1    3   3   2   1   0   3   3   0   1  22  27   9   7   2   0   1   2   0   5   6  0.44 0.32
  216 S     2  -3  -2  -4   1  -4  -4  -3   3  -3  -5  -2  -3   1  -5   3   3  -3   4  -3   16   1   1   0   3   1   0   1   7   2   0   2   0   5   0  26  16   0  15   1  0.73 0.52
  217 Q    -3  -2   2   0  -7   0  -1   6   0  -6  -7   2  -6  -7  -2  -1  -4  -7  -6  -6    1   3   8   5   0   5   3  53   2   0   0  12   0   0   3   4   1   0   0   0  1.11 0.61
  218 K    -4   2   0  -4  -1   1  -1  -4   6  -2  -4   4  -2  -3  -5  -2  -1  -6   1  -2    1  12   5   0   1   6   4   1  18   3   2  28   1   1   0   3   5   0   6   3  0.75 0.48
  219 D    -3  -4  -2   6  -5  -2   0  -2  -3  -5  -6  -2  -6  -5   1   3   3  -7  -6  -5    2   1   2  38   0   1   7   3   1   0   0   2   0   0   6  20  15   0   0   1  0.99 0.62
  220 I    -5  -7  -7  -8  -6  -7  -7  -8  -7   6   4  -7   3   2  -7  -7  -5  -6  -5   0    0   0   0   0   0   0   0   0   0  48  32   0   7   7   0   0   0   0   0   4  1.59 0.75
  221 E    -2  -2  -1   0  -6   1   6  -2  -2  -1   0  -2   0  -5  -4  -2   0  -6  -1  -1    3   2   2   4   0   5  46   3   1   5   9   2   2   0   0   3   6   0   2   4  0.69 0.49
  222 Q    -2  -1   0   3  -6   3   3  -3   0  -4  -5   4  -4  -6  -5  -1  -1  -5  -3  -3    3   2   4  18   0  10  21   1   2   1   1  26   0   0   0   4   4   0   1   2  0.76 0.50
  223 S     4  -4  -3   1  -3  -4  -3  -2  -1  -2  -3  -4   0  -3  -4   3   0  -6  -4   2   36   1   0   7   0   0   1   3   1   2   2   0   3   1   0  21   6   0   0  13  0.65 0.48
  224 I    -5  -8  -8  -8  -3  -7  -8  -8  -8   8   2  -7  -1  -3  -8  -7  -6  -7  -6   2    0   0   0   0   0   0   0   0   0  67  16   0   1   1   0   0   0   0   0  13  1.99 0.88
  225 K    -2   1  -1   2  -1   0   3  -4  -3  -4  -4   6  -3  -7  -5  -1  -2  -7  -5  -4    3   7   3  11   1   4  17   1   0   1   1  41   1   0   0   3   2   0   0   1  0.90 0.56
  226 S    -1   2   2   0  -3  -1  -1  -1  -1  -5  -3   4  -4  -5  -5   4  -1  -3  -4  -5    4  11   9   5   0   2   3   5   2   0   3  23   0   0   0  28   3   0   0   0  0.58 0.44
  227 E    -2  -2  -1   0   0   0   7  -4  -2  -7  -7  -2  -7  -5  -6  -3  -4  -7  -4  -4    4   2   3   5   2   3  70   2   1   0   0   3   0   1   0   1   1   0   1   1  1.69 0.89
  228 T    -4  -3  -4  -4   0  -5  -6  -3  -6  -2   1  -4   5   6  -3  -3   3  -5   0  -1    1   1   1   1   2   0   0   2   0   1  11   1  16  32   2   2  21   0   2   4  1.02 0.59
  229 S    -2  -2  -2  -2  -1  -3  -3  -3   2  -5  -4   1  -4  -6  -3   6   0  -7  -6  -5    2   2   2   3   1   1   1   2   4   0   2   9   1   0   1  64   5   0   0   0  1.31 0.79
  230 G    -5  -4  -3  -1  -8  -6  -5   7  -6  -8  -7  -3  -8  -4  -3  -2  -4  -4  -6  -8    0   1   1   4   0   0   1  83   0   0   1   2   0   1   1   3   1   0   0   0  2.16 1.00
  231 S    -4  -4   2   7  -3  -2   1  -4   4  -7  -6  -2  -7  -4  -3   0  -2  -4   0  -5    1   1   9  50   1   1   7   1  11   0   1   2   0   1   1   7   2   0   3   1  1.29 0.70
  232 F    -1  -5  -4  -3  -4  -4  -4  -5  -4   3   3  -5   3   4  -6  -3  -1  -4   2   1    5   0   1   2   0   1   1   0   0  13  31   0   7  18   0   2   5   0   7   7  0.70 0.42
  233 E    -2   3  -4  -3   0   2   5  -3  -1  -5  -1   4  -2  -4  -5  -3  -4  -7  -5  -5    3  14   0   1   2  10  33   2   2   0   6  22   1   1   0   2   1   0   0   1  0.85 0.56
  234 D    -1   1   2   4  -3   0   2  -4   0  -3  -4   3  -3  -3  -4   0   0  -6  -2  -3    4   7  10  22   0   3  11   1   2   1   1  19   0   1   0   6   6   0   1   2  0.51 0.37
  235 A     5  -5  -4  -6   2  -5  -6   4  -6  -3   1  -5  -2  -4  -6   0  -1  -6  -5  -2   41   0   1   0   4   0   0  25   0   1  12   0   1   1   0   6   4   0   0   3  0.88 0.56
  236 L    -5  -7  -8  -8  -2  -7  -7  -8  -4  -1   5  -7   4   3  -7  -6  -5  -4   4  -1    1   0   0   0   1   0   0   0   0   2  57   0  10  13   0   0   0   0  12   3  1.47 0.74
  237 L    -4   0  -3  -5  -2  -2  -4  -5  -1   1   5   1   1  -4  -6  -4  -1  -6  -3   1    1   5   1   0   1   2   1   1   1   6  53   9   2   0   0   1   4   0   1  11  0.83 0.51
  238 A     5  -5  -1  -4  -3  -3  -4  -2  -1  -3  -3  -5  -3  -1  -5   0   4  -6  -1  -1   45   0   3   1   1   1   0   3   1   2   2   0   1   3   0   7  24   0   3   4  0.88 0.59
  239 I    -2  -4  -7  -7  -3  -2  -7  -7  -5   6   3  -6   2  -3  -6  -5  -2  -6  -5   3    4   1   0   0   1   2   0   0   0  44  24   0   4   1   0   1   2   0   0  15  1.19 0.61
  240 V     0  -7  -7  -7  -1  -6  -5  -4  -7   2   1  -6  -1  -2  -7  -5  -3  -6   0   6    7   0   0   0   1   0   1   2   0  10  13   0   1   1   0   1   1   0   3  59  1.33 0.69
  241 K    -1   4  -1  -2  -3   3   0  -3  -1  -5  -2   5   1  -4  -5  -1  -2  -1  -3  -5    4  21   3   2   1  12   7   2   2   0   3  30   3   1   0   5   2   1   1   0  0.70 0.47
  242 C     0  -3  -2  -6   9  -6  -6  -1  -1  -1  -3  -5  -2  -1  -6   1  -1  -2   2   0    9   2   2   0  41   0   0   4   2   4   2   0   1   3   0  10   4   1   6   7  1.30 0.66
  243 M     4  -5  -2  -5   0  -3  -5  -3  -5   4   0  -4   2  -3  -5  -1  -1  -6  -3   3   29   0   2   0   2   1   0   2   0  23   7   1   4   1   0   4   4   0   1  19  0.68 0.44
  244 R    -3   5   0  -2  -2   3   2  -3  -2  -1  -2   3  -2  -4  -5  -2   0  -2  -3  -1    1  26   4   2   1  11  11   2   1   4   4  19   1   0   0   2   7   1   1   4  0.58 0.41
  245 S    -5  -4   7   5   0  -4  -3  -3  -1  -7  -8  -4  -5  -7  -3   2  -3  -8  -2  -7    1   1  43  29   2   1   1   2   1   0   0   0   0   0   2  14   1   0   2   0  1.48 0.79
  246 K    -2   4  -4  -4  -1   0  -1  -5  -1  -3  -2   4  -2  -5   5  -2   1  -6  -4  -2    2  20   0   1   1   4   3   1   1   2   4  22   1   0  24   2   7   0   1   3  0.77 0.50
  247 P     2  -3  -2  -1  -3   0   0  -3   2  -2  -4  -4  -4  -3   6  -1  -1  -3  -1  -1   18   1   2   3   1   5   5   2   4   3   1   1   0   1  38   5   3   0   2   5  0.81 0.52
  248 S     2   1  -1  -1  -3   0   1   0  -1  -3   0   2   2  -3  -4   0   0  -2  -2  -1   21   6   3   3   0   3   9   9   2   1   9  15   6   0   0   5   4   1   1   3  0.19 0.22
  249 Y    -4  -1  -5  -7   0  -4  -5  -7   3  -5  -3  -5  -5   6  -8  -5  -4  -2   8  -5    1   3   1   0   2   1   1   0   6   0   3   1   0  30   0   1   1   0  48   1  2.04 0.94
  250 F    -5  -8  -5   1  -7  -5  -6  -8  -4  -2  -1  -8  -3   8  -8  -6  -7  -1   4  -3    1   0   0   8   0   1   0   0   0   2   5   0   0  66   0   0   0   1  12   2  2.19 0.97
  251 A     7  -6  -7  -7  -2  -6  -3  -6  -7  -6  -7  -6  -7  -8  -6  -2  -3  -8  -7  -3   90   0   0   0   1   0   2   0   0   0   0   0   0   0   0   2   1   0   0   2  2.34 1.13
  252 E    -4   1  -1   2  -4   1   5  -4  -1  -4  -5   3  -3  -4  -5  -2  -1  -4  -1  -5    1   6   3  11   0   5  40   1   1   1   1  18   1   1   0   2   4   0   2   0  0.89 0.56
  253 R    -2   5  -3  -4   1   2   0  -5  -2  -1   0   2   0  -4  -5  -3  -2   0  -4   1    4  34   1   1   3   8   6   0   1   3  11  11   2   0   0   2   2   1   0   9  0.62 0.43
  254 L    -6  -6  -8  -8  -6  -7  -8  -8  -8   2   6  -7  -2   0  -8  -7  -6  -7  -5  -2    1   0   0   0   0   0   0   0   0  11  82   0   1   3   0   0   0   0   0   2  2.00 0.92
  255 Y    -4   2   2  -4  -3  -1   1  -6   7  -6  -4  -1  -4  -1  -6  -4  -5  -3   6  -4    1  10   9   1   1   3   9   0  26   0   1   4   0   2   0   1   0   0  29   1  1.33 0.71
  256 K     0   0   2   2  -4   1   1  -3   0  -5  -3   5  -2  -4  -5   0  -2  -3   0  -4    6   3  10  13   0   5  10   2   2   0   3  31   1   1   0   6   2   0   3   1  0.56 0.41
  257 S     5  -6  -4  -6   2  -5  -6  -4  -6  -5  -6  -5  -6  -5  -6   5  -1  -7  -5  -5   48   0   1   0   4   0   0   1   0   0   0   0   0   0   0  38   4   0   0   1  1.52 0.85
  258 M    -4  -7  -7  -8  -3  -6  -7  -2  -5   2   1  -6  10   0  -8  -6  -2  -7  -6  -1    1   0   0   0   1   0   0   4   0   9  12   0  61   4   0   0   2   0   0   5  2.25 1.03
  259 K     1   0  -1  -2  -4   0   0  -4   0  -4  -6   6  -4  -6  -4   0  -3  -3  -4  -3   13   4   3   2   0   3   6   1   2   1   0  52   0   0   0   6   1   0   1   2  1.04 0.62
  260 G    -4  -2  -3  -3  -4  -4  -3   7  -4  -8  -7  -1  -5  -6  -6  -3  -5  -7  -6  -6    1   3   1   1   0   1   2  80   0   0   0   5   0   0   0   2   1   0   0   1  2.01 0.91
  261 L     2  -3  -4  -5  -3  -3  -4  -4  -5   1   3  -1   4   1  -1  -1  -2   2  -3   0   17   1   1   0   0   1   1   1   0   7  33   3   9   6   3   4   2   3   1   6  0.47 0.34
  262 G    -4  -4  -3  -4  -7  -6  -3   7  -6  -6  -6  -4  -5  -7  -6  -3  -3  -7  -7  -5    1   1   1   1   0   0   2  85   0   0   1   1   0   0   0   2   2   0   0   1  2.23 0.97
  263 T    -3  -4  -3  -5  -5  -6  -5  -6  -4  -3  -5  -3  -4  -2  -3  -3   8  -7  -6  -2    2   1   1   0   0   0   1   0   0   1   1   2   1   2   1   1  82   0   0   2  2.21 1.06
  264 D    -3   2   4   6  -2  -3  -2  -6   1  -7  -6   3  -6  -5  -6  -2  -3  -7  -4  -7    2  11  17  40   1   1   2   0   3   0   0  17   0   0   0   3   1   0   1   0  1.21 0.66
  265 D    -6  -6   0   7  -6  -4   4  -5   0  -6  -7  -4  -6  -8  -6  -4  -5  -8  -3  -8    0   0   3  61   0   0  26   1   2   0   0   1   0   0   0   1   1   0   1   0  1.99 0.95
  266 N    -1   2   1   3  -3   0   1  -2   0  -3  -4   3  -4  -4  -4   2   0  -1  -2  -3    4  13   7  15   0   4   9   3   2   1   1  16   0   1   0  14   5   1   1   1  0.39 0.31
  267 T     1  -1  -1   1  -3   1  -2  -4  -2  -2  -2   1   1  -5  -4   0   5  -6  -5  -1   14   4   2   9   1   6   1   1   1   2   5   7   3   0   0   7  32   0   0   5  0.49 0.40
  268 L    -6  -6  -8  -8  -6  -7  -8  -8  -8  -1   7  -7  -1   2  -8  -7  -6  -7  -5   0    0   0   0   0   0   0   0   0   0   2  83   0   1   7   0   0   0   0   0   5  2.01 0.92
  269 I    -4  -5   0  -6  -5  -3  -7  -7  -5   7  -3  -6   2  -4  -7  -3   3  -7  -6   1    1   1   5   0   0   1   0   0   0  58   1   0   5   1   0   2  15   0   0   9  1.51 0.75
  270 R    -4   8  -2  -5  -8  -1  -2  -6  -2  -8  -6  -3  -4  -5  -7  -4  -4  -1  -2  -6    1  82   2   1   0   2   2   1   1   0   1   1   0   1   0   1   1   1   2   1  2.41 1.10
  271 V    -3  -1  -3  -7  -1  -6  -7  -6  -5   6   2  -6  -1  -3  -6  -6  -1  -7  -6   3    2   4   1   0   1   0   0   1   0  50  15   0   1   1   0   0   3   0   0  20  1.30 0.64
  272 M    -4  -5  -7  -7  -1  -6  -7  -8  -3   6   2  -7   5  -1  -7  -6  -3  -6  -5   4    1   0   0   0   1   0   0   0   1  37  20   0  13   2   0   0   2   0   0  23  1.32 0.65
  273 V     0  -6  -7  -7   1  -7  -7  -5  -7   3  -2  -7  -2  -6  -7  -5  -1  -2  -6   7    6   0   0   0   3   0   0   1   0  14   2   0   1   0   0   1   3   1   0  68  1.72 0.82
  274 S     0  -3  -1  -3  -1  -3  -4  -2   0  -4  -3  -3  -2  -4  -4   5   4  -3  -3  -4    6   2   2   1   1   1   1   3   2   1   2   1   1   1   1  45  27   0   1   1  1.02 0.63
  275 R    -7   9  -5  -7  -4  -2  -6  -7   2  -8  -6  -3  -5  -7  -8  -6  -5  -2  -3  -8    0  87   1   0   0   1   0   0   5   0   1   1   0   0   0   0   1   1   1   0  2.82 1.23
  276 A     2  -3  -2  -3   6  -4  -5  -4  -3  -5  -6  -5  -4  -3  -6   6  -1  -4  -3  -5   18   1   2   2  17   1   0   1   1   0   0   0   0   1   0  51   3   0   1   1  1.40 0.79
  277 E    -5  -4  -2  -2  -9  -2   7  -5   3  -6  -8  -3  -7  -3  -2  -5  -5  -3  -2  -6    1   1   2   2   0   1  77   1   6   0   0   1   0   1   2   1   0   1   1   0  2.06 1.03
  278 I    -2  -2  -3  -4  -1  -2  -3  -6  -4   6  -2   0  -1  -2  -1  -3  -1   4  -2   3    3   3   1   1   1   2   2   0   0  41   3   6   1   1   3   1   5   5   1  20  0.84 0.49
  279 D    -6  -4  -3   8  -5   1  -3  -6   1  -6  -7  -6  -8  -4  -7  -5  -6  -9  -7  -5    0   1   1  83   0   6   1   1   3   1   0   0   0   1   0   0   0   0   0   1  2.55 1.13
  280 M    -6  -5  -8  -8  -6  -6  -7  -8  -7  -1   6  -7   8  -2  -8  -7  -4  -7  -6  -4    0   1   0   0   0   0   0   0   0   3  59   0  33   2   0   0   1   0   0   1  2.07 0.95
  281 L     1   1   0  -2  -3   1   1   1  -1  -1   1   1   0  -2   0  -1  -2  -4  -3   1   11   6   4   2   0   7  10  13   1   2  13   9   2   1   4   2   1   0   1  11  0.11 0.16
  282 D     0  -1   2   4  -4   3   2  -2   0  -3  -2   1  -3  -4  -3  -1  -1  -3   0  -3   10   4  10  23   0  12  11   2   2   1   5   7   0   0   1   5   4   0   3   1  0.40 0.32
  283 I    -5  -8  -8  -8  -4  -8  -8  -9  -8   8  -3  -8  -3  -5  -8  -7  -2  -8  -7   3    1   0   0   0   0   0   0   0   0  78   2   0   0   0   0   0   3   0   0  15  2.43 1.03
  284 R    -2   3  -2  -5  -2  -2  -3  -4  -5  -4  -5   7   0   0  -6  -3  -4  -7  -6  -5    4  16   2   0   1   1   1   2   0   1   1  60   2   5   0   1   1   0   0   1  1.49 0.79
  285 A     1   1   1   2  -3   3   3  -1  -1  -3  -4   1  -2  -4  -4   0   0  -5  -4  -2   14   7   6   9   1  12  20   5   1   1   2   7   1   1   0   5   5   0   0   3  0.35 0.30
  286 S     3  -1  -3  -2   1   1   5  -5  -1  -2  -4   1   0  -5  -5  -2  -2  -4  -2  -1   24   3   1   1   3   5  39   0   2   2   1   7   2   0   0   3   2   0   1   4  0.77 0.53
  287 F    -8  -8  -7  -9  -8  -8  -8  -9  -3  -7  -5  -8  -7   7  -9  -8  -8  -4   9  -7    0   0   0   0   0   0   0   0   0   0   1   0   0  39   0   0   0   0  59   0  3.07 1.27
  288 K     0   1  -2  -2  -5   4   2  -4   2  -3   0   3  -1  -2  -4  -2  -2  -3   0  -3    7   7   1   1   0  21  14   1   4   2  10  20   2   2   0   2   2   0   4   2  0.50 0.39
  289 R     0   3   0  -1  -6   2   2  -4   1  -3  -4   4  -3  -6  -5  -1   0  -6  -5  -3    7  16   5   3   0   9  13   1   3   1   1  28   1   0   0   5   5   0   0   2  0.62 0.43
  290 L    -2   2  -1  -3  -3   0  -1  -5  -2   1   2   4   4  -3  -5  -3  -1  -5  -2  -1    3  10   3   1   0   3   3   0   1   9  21  24  12   1   0   1   4   0   1   3  0.50 0.37
  291 Y    -3  -6  -1  -7  -4  -4  -6  -6   2  -5  -6  -5  -6   4  -8  -1  -1  -4   9  -6    2   0   4   0   0   1   0   1   4   1   0   1   0  14   0   5   5   0  62   0  2.17 1.00
  292 G    -3  -1   2   0  -3   0  -1   5   1  -7  -7   3  -6  -7  -5  -1  -4  -7  -6  -7    1   4   8   5   1   4   5  47   3   0   0  16   0   0   0   5   0   0   0   0  1.02 0.58
  293 K    -4   2  -2  -4  -3   1   0  -4   0  -2  -4   6  -1  -5  -5  -2   0  -7  -3   0    1  11   2   1   1   6   6   1   2   2   1  48   1   0   0   3   7   0   1   6  0.97 0.59
  294 S    -3  -3  -2   1  -3  -4  -3  -4  -1  -6  -6  -3  -4  -5   2   5   4  -7  -5  -5    1   1   2   9   0   1   2   1   1   0   0   1   0   0   8  42  28   0   0   0  1.11 0.71
  295 L    -6  -8  -9  -9  -7  -8  -8  -9  -8   0   7  -8   0  -3  -7  -8  -7  -7  -6  -2    0   0   0   0   0   0   0   0   0   5  90   0   2   1   0   0   0   0   0   2  2.24 1.01
  296 Y     1  -1  -2  -1  -1   0   4  -2   1  -1  -3   0  -3  -2  -3   0  -1   0   3  -1   12   4   2   3   1   3  28   4   4   4   2   5   1   1   1   5   3   2  12   4  0.36 0.32
  297 S    -1   0   0   3  -6   2   2  -3   1  -5  -5   2  -4  -6  -5   3   0  -6  -1  -5    5   4   5  18   0   9  14   1   3   0   1  12   0   0   0  20   4   0   2   0  0.56 0.42
  298 F     3   2  -4   3  -1  -3  -2  -4  -1  -4  -3  -2   3   2  -5   0  -1   5   0  -2   24  10   0  18   1   1   3   0   1   0   2   1   8   9   0   6   4   7   3   3  0.52 0.41
  299 I    -6  -8  -8  -8  -5  -8  -8  -9  -8   8   0  -8  -1  -4  -8  -7  -5  -8  -7   4    0   0   0   0   0   0   0   0   0  68   7   0   1   0   0   0   0   0   0  23  2.19 0.95
  300 K     0   2  -2  -1  -3   2   2  -4   1  -2  -3   4  -1  -5  -5   1  -2  -6  -4  -2    9   8   1   2   0  10  14   1   4   3   2  28   1   0   0   9   2   0   0   3  0.53 0.40
  301 G    -1  -2   0   3  -6  -1   0   4  -1  -7  -5   1  -4  -6  -5   3  -2  -5  -6  -6    4   2   4  15   0   2   6  27   1   0   1  10   0   0   0  25   1   0   0   0  0.71 0.48
  302 D    -4  -5  -2   7  -8  -2   5  -6  -1  -6  -8  -1  -7  -4  -6  -4  -5  -8  -4  -6    2   0   1  48   0   1  38   0   2   0   0   4   0   1   0   1   1   0   1   0  1.80 0.90
  303 T    -3  -7  -6  -7   6  -6  -6  -7  -5  -2  -2  -6   2   0  -6  -3   7  -7  -4  -1    2   0   0   0  13   0   0   0   0   3   4   0   4   5   0   1  63   0   1   4  1.77 0.92
  304 S    -4  -1  -3  -4  -5  -4  -3  -2  -1  -7  -6   2  -5  -6  -5   7  -2  -5  -5  -6    1   3   1   1   0   0   1   3   1   0   1  10   0   0   0  73   2   0   0   0  1.70 0.96
  305 G    -4  -5  -5  -5  -8  -6  -5   8  -4  -9  -9  -6  -6  -4  -8  -3  -7  -8  -9  -8    1   1   0   0   0   0   1  92   1   0   0   0   0   1   0   2   0   0   0   0  2.63 1.15
  306 D    -3  -5   2   7  -3  -4  -2  -4   4  -6  -7  -3  -6  -7  -4  -1  -3  -8   0  -5    3   0   8  62   1   0   3   1   8   0   0   1   0   0   1   6   1   0   3   1  1.69 0.85
  307 Y    -5  -6  -7  -9  -2  -6  -8  -9  -2  -3   0  -8  -3   4  -9  -7  -6  -4   9  -4    1   0   0   0   1   0   0   0   1   2   9   0   1  16   0   0   1   0  67   1  2.56 1.13
  308 R    -4   5  -5  -5   0   2   3  -2  -2  -7  -5   5  -4  -8  -6  -4  -6  -2  -6  -6    1  28   0   0   2   9  18   3   1   0   1  35   0   0   0   1   0   1   0   0  1.31 0.73
  309 K    -2   4   1   2  -4   0   0  -5  -1  -5  -5   5  -5  -7  -5  -1   0  -7  -3  -6    3  18   7  10   0   3   5   0   1   1   1  40   0   0   0   4   6   0   1   0  0.93 0.57
  310 V     2  -6  -6  -6   3  -5  -6  -1  -6   2   3  -5   3   2  -6  -3   0  -5  -4   0   21   0   0   0   5   0   0   5   0  13  28   0   7   8   0   1   6   0   0   6  0.64 0.42
  311 L    -6  -8  -9  -9  -1  -7  -8  -9  -8   0   7  -8   4  -2  -7  -8  -7  -7  -3  -4    0   0   0   0   1   0   0   0   0   3  83   0   9   2   0   0   0   0   1   0  2.08 0.96
  312 L    -5  -5  -7  -6  -2  -2  -6  -8  -5   1   6  -4   0  -4  -7  -5  -3  -5  -4   3    0   1   0   0   1   2   0   0   0   7  64   1   2   0   0   1   2   0   0  18  1.37 0.70
  313 V     5  -1  -2  -4  -2  -2  -1  -2  -3  -3  -4   0  -3  -5  -5   1   1  -7  -2  -2   52   3   2   1   1   2   3   3   1   1   1   7   1   0   0   9  10   0   1   2  0.83 0.56
  314 L    -6  -7  -8  -9   1  -7  -8  -9  -8   5   5  -6   0  -4  -8  -7  -6  -7  -6   1    0   0   0   0   3   0   0   0   0  28  59   0   2   0   0   0   0   0   0   7  1.67 0.79
  315 C    -1  -6  -7  -8   6  -7  -7  -7  -8   4   3  -7  -2  -5  -7  -5  -4  -7  -6   4    5   0   0   0  16   0   0   0   0  23  24   0   1   0   0   1   1   0   0  29  1.30 0.65
  316 G    -2   0   1  -2  -6   3  -1   5  -3  -6  -7   3  -5  -7  -6  -1  -3  -7  -7  -6    3   5   7   2   0  13   4  45   0   0   0  15   0   0   0   3   2   0   0   0  1.03 0.59
  317 G     3  -4  -2  -3  -1  -4  -1   6  -3  -7  -7  -2  -6  -7   0  -2  -4  -7  -7  -6   24   1   1   1   1   1   4  56   1   0   0   3   0   0   5   2   1   0   0   0  1.29 0.67
  318 D    -6  -1   7   4  -7  -3   3  -3  -3  -7  -8  -3  -5  -7  -4  -2  -3  -8  -7  -7    0   3  49  21   0   1  20   2   0   0   0   1   0   0   1   2   1   0   0   0  1.58 0.76
  319 D    -5  -5   2   8  -7  -3   2  -5  -4  -7  -7  -4  -6  -7  -5  -3  -4  -7  -6  -6    0   0   8  81   0   0  11   0   0   0   0   0   0   0   0   0   0   0   0   0  2.08 0.70

                      K         Lambda
Standard Ungapped    0.1338     0.3172
Standard Gapped      0.0652     0.2670
PSI Ungapped         0.2130     0.3177
PSI Gapped           0.0652     0.2670
