
Last position-specific scoring matrix computed, weighted observed percentages rounded down, information per position, and relative weight of gapless real matches to pseudocounts
           A  R  N  D  C  Q  E  G  H  I  L  K  M  F  P  S  T  W  Y  V   A   R   N   D   C   Q   E   G   H   I   L   K   M   F   P   S   T   W   Y   V
    1 M   -2 -2 -3 -4 -2 -1 -3 -4 -2  1  1 -2  8 -1 -3 -2 -1 -2 -2  0    0   0   0   0   0   0   0   0   0   5   0   0  95   0   0   0   0   0   0   0  1.02 0.20
    2 T   -1 -2 -1 -2 -2 -1 -2 -2 -2 -2 -2  0 -2 -3 -2  1  6 -3 -2 -1    0   0   0   0   0   0   0   0   0   0   0   4   0   0   0   0  96   0   0   0  0.94 0.21
    3 M   -3  0 -4 -5 -3 -2 -3 -4 -3 -1  0 -3  9 -2 -4 -3 -2 -3 -3 -1    0   5   0   0   0   0   0   0   0   0   0   0  95   0   0   0   0   0   0   0  1.74 0.44
    4 E   -2 -2 -1  5 -4  0  4 -3  1 -4 -3 -1  1 -4 -2  0 -2 -4 -3 -3    0   0   0  44   0   0  40   0   4   0   0   0   7   0   0   5   0   0   0   0  0.89 0.27
    5 S    1 -2 -1 -2 -2 -1 -2 -2 -3 -2 -2  0  2 -3  2  3  3 -4 -3  0    8   0   0   0   0   0   0   0   0   0   0   5  10   0  12  30  29   0   0   5  0.46 0.24
    6 G    1 -2 -2 -2 -2  0 -2  2 -2  0  0 -1  3  0  1  1 -1 -2 -2  1   14   1   1   1   0   5   1  18   0   4   6   1  14   4   8  10   1   0   0  11  0.15 0.11
    7 A    2 -2 -2 -2 -2  0 -1 -2 -2  1 -1 -1  1 -2 -2  1  1 -3 -2  2   24   0   0   0   0   4   2   0   0   7   0   4   4   0   0  13  13   0   0  28  0.24 0.17
    8 D    1  0  1  1 -3  2  3 -2 -1 -2 -3 -1 -2 -4 -2  3  0 -4 -3 -3    9   5   5   8   0  13  21   0   0   2   0   0   0   0   0  34   2   0   0   0  0.43 0.22
    9 N    0 -2  2  0 -2 -1  0  1 -2  0 -3 -1 -2 -3 -1  3  2 -4 -3 -1    5   0  12   2   0   0   6  10   0   7   0   0   0   0   2  38  15   0   0   2  0.35 0.21
   10 Q    0  0  1  2 -4  6  0 -3  1 -4 -4  0 -2 -4 -3  1 -2 -4 -3 -4    8   4   8  10   0  52   1   0   2   0   0   3   0   0   0  12   0   0   0   0  0.79 0.35
   11 Q    0  0  0 -2 -3  4  0  0  0 -3 -1 -1  0 -3  0  1  0 -3 -2 -2   10   4   5   0   0  34   4   5   2   0   8   0   4   0   5  14   5   0   0   0  0.33 0.22
   12 S    0 -1  1  3 -3 -1  1  1 -2 -4 -4 -1 -3 -4 -1  3  1 -4 -3 -3    7   2   7  19   0   0  11  12   0   0   0   0   0   0   2  33   6   0   0   0  0.44 0.22
   13 G    0 -1  0  2 -3  1  0  4 -2 -2 -2 -2 -1 -3 -3  1 -1 -4 -3  0    5   1   3  13   0   8   4  38   0   0   3   0   2   0   0  11   2   0   0   8  0.39 0.20
   14 D    1 -1  2  2 -3  1  2 -1 -2 -3 -3 -1  0 -4  1  3  0 -4 -3 -2   10   1  10  10   0   5  15   3   0   0   0   0   2   0   7  30   5   0   0   2  0.36 0.22
   15 A    1 -2 -1  1 -2  0  0 -1 -2  0  0 -2 -1 -2 -2  1  3 -3 -2  0   17   0   2   9   0   5   4   3   0   3   9   0   0   1   0  15  23   0   0   9  0.19 0.18
   16 A    2 -1  1 -1 -2 -2 -2  0 -2  0 -1 -2 -2 -3  1  1  2 -4 -3  1   23   3   9   2   0   0   0   6   0   5   4   0   0   0   6  13  19   0   0   9  0.23 0.19
   17 V   -1 -1  0  2 -3 -1 -1 -1 -1  0  0 -1  2 -3  3  0  0 -4 -2  1    2   2   3  19   0   1   3   5   2   3   6   2  11   0  15   5   4   0   1  17  0.22 0.18
   18 T    1 -2  2 -1 -3  0  1 -2  2 -3 -3 -1 -3 -4 -1  4  2 -4 -3 -1   11   0   9   2   0   3   9   0   5   0   0   2   0   0   2  37  17   0   0   3  0.47 0.31
   19 E    0 -1 -2  1 -3  1  2  0 -1  0  1  0  2 -2 -2  0 -1 -3 -2  1    6   1   0   7   0   8  16   6   1   7  13   5   9   0   0   8   2   0   0  11  0.12 0.14
   20 A    2 -2 -1 -2 -2  0 -1 -1  0 -1 -2  0  1 -3  1  2  3 -4 -3  1   17   1   1   0   0   3   3   3   2   2   2   4   4   0   6  18  24   0   0  10  0.26 0.23
   21 E    1 -1  1  2 -3 -1  2  0  2 -3 -2 -1 -2 -3 -1  1  2 -4 -1 -3   10   3   5  15   0   1  18   8   6   0   4   0   0   0   1  13  14   0   2   0  0.28 0.21
   22 N    0  0  2  1 -3  0  0  2  0 -3 -3 -1 -3 -4  2  2  0  1 -3 -2    6   5  11   7   0   3   6  16   2   1   0   2   0   0   9  24   4   2   0   2  0.30 0.20
   23 Q   -1 -2  1  1  0  3  2  0  2 -2 -2  0  0 -3 -2  0  1 -4 -3  1    3   0   6   8   2  18  12   6   5   0   2   3   3   0   1   4  11   0   0  15  0.21 0.20
   24 Q    0 -2  0 -1 -3  4  0  0  0 -3  0  0 -2 -3  2  2  0 -4 -1 -1    5   0   4   2   0  25   3   5   2   0  11   4   0   0   9  20   4   0   1   5  0.29 0.26
   25 M    1  0  2  0 -2  0  0 -1 -2  0  0 -1  0 -2 -1  1  1 -3 -1  1   11   4  12   5   0   3   3   2   0   6  10   2   3   0   1  16   7   0   3  10  0.08 0.11
   26 T    0 -2  0 -1 -3  2 -1 -1  4 -1 -2 -1 -2 -3  0  1  2 -4 -2  0    6   0   4   2   0  14   2   3  15   3   3   1   0   0   5  13  20   0   0   8  0.30 0.25
   27 V    0 -1  0 -2 -2 -1 -2  0 -1  1  0 -2  2 -1  0  2  1 -3 -1  1    8   2   5   1   0   1   0   6   1   9   9   0   8   2   4  21  12   0   2   9  0.12 0.15
   28 Q    0  0  1  1 -1  3  2 -3  1 -2 -2 -1  1 -1  3  0 -2 -3 -2 -1    7   4   6   6   2  17  13   0   4   2   2   0   4   3  19   5   0   0   0   6  0.33 0.23
   29 A    1 -2  2 -2 -2  0 -2  0 -1  1 -1 -2  0 -2  0  2  2 -3 -2 -1   16   0  10   1   0   4   0   5   2  11   4   0   2   1   3  22  16   0   0   1  0.22 0.21
   30 Q    0  0  2  0 -3  4  1 -1 -2 -1 -2  0 -2 -1  1  1  0 -3 -2 -2    6   5  13   3   0  25   7   4   0   5   4   2   0   2   6  14   3   0   0   2  0.27 0.23
   31 P    0 -3  1  0 -3 -1 -1  0 -3  0 -3 -1 -3 -4  5  2  1 -4 -3 -1    6   0   7   4   0   1   3   6   0   7   0   2   0   0  32  17  11   0   0   2  0.59 0.30
   32 Q    0 -2  2  1 -2  2 -1 -1 -2 -1 -1 -1 -2 -2  3  1  1 -4 -3 -1    6   0  15   9   1  13   0   2   0   3   5   2   0   1  14  15   7   0   0   5  0.28 0.21
   33 I   -1 -1  0 -1 -3  3  0 -2 -1  1 -1 -1 -1 -3  1  2  1 -3 -3  0    4   1   3   2   0  18   4   2   1  14   6   2   0   0   7  18  12   0   0   5  0.21 0.21
   34 A    2 -1  0 -1 -2  2  0 -2  0  0 -2 -1 -2 -3  1  1  1 -3 -2  0   25   2   3   3   0  14   6   1   2   5   3   0   0   0   8  13   9   0   0   5  0.23 0.20
   35 T   -1  0  1  1 -2  1 -1 -1  0 -2 -1 -1  1 -2 -2  2  2 -3 -2  0    3   4   5   6   0   9   2   3   2   0   5   2   4   1   1  24  18   0   0  10  0.20 0.21
   36 L    0 -2 -2 -3 -2 -1 -2  0 -1  1  2 -2  1 -1  0  1  0 -3 -2  2    8   1   0   0   0   2   0   8   2  10  20   0   3   1   5  16   4   0   1  19  0.16 0.17
   37 A    1 -1  0  0 -2  1  0 -2 -1  0 -1  0 -1 -3  1  1  1 -3 -2  1   17   2   4   6   0  10   3   1   1   8   2   4   0   0   7  12  12   0   0  11  0.15 0.15
   38 Q    0  0  0  0 -3  5  1 -2  1 -2 -2 -1 -2 -4  0  1  1 -4 -3 -1    7   4   2   5   0  34   9   2   3   1   2   2   0   0   4  11   8   0   0   6  0.41 0.30
   39 V    0 -1 -2  0 -2  0 -1 -3 -3  2 -1 -2  0 -2  0  0  2 -4 -3  3    5   2   0   5   0   5   2   0   0  13   4   1   2   1   4   4  20   0   0  32  0.31 0.25
   40 S    1 -1  1 -2 -2  0 -1 -1  1  0 -1 -1 -2 -1  2  2  2 -3 -2 -1   11   3   7   0   0   4   2   3   4   7   5   3   0   2   9  24  13   0   0   2  0.20 0.18
   41 M    0 -2 -1 -2 -2  2 -1 -1 -1  1  1 -1  2 -1 -2  1  1 -2  0  1    8   0   3   0   0  14   1   3   1   6  15   2   8   2   0  10  11   0   3  13  0.14 0.16
   42 P    2 -2  1 -2 -2  1  1 -1 -1 -1 -2 -1 -1 -3  3  0  1  0 -2  0   21   1   6   1   0   8   8   3   1   2   3   1   2   0  19   7   9   2   0   6  0.29 0.20
   43 A    1 -1  1  0 -2  2  0  0 -2  0 -1 -1 -1 -1 -1  1  1 -3 -2 -1   16   1   8   4   0  12   3   8   0   6   5   2   0   3   3  12  13   0   0   4  0.13 0.14
   44 A    1 -2  0  0  0  2  0  1  0 -2 -1 -1 -1 -3  0  2  0 -3 -1 -2   14   0   4   5   2  16   6  12   2   1   7   0   1   0   4  16   5   0   2   2  0.17 0.17
   45 H    0 -1  1  0 -3  3 -1  1  1 -2 -1 -1  0 -1  1  1 -1 -3 -2 -2    8   2   9   5   0  21   1   9   4   2   7   1   2   3   7  15   3   0   0   1  0.21 0.19
   46 A    1 -2  0  0  0  0 -1  1  1 -1  0 -2  0 -2  1  1  1 -3 -1  1   12   0   4   4   2   3   1  11   5   0   8   0   4   0   6  16   8   0   2  12  0.10 0.13
   47 T    0 -1  0 -1 -2  0 -1  0 -2  1  0 -1  0 -1  1  2  2  0 -2  1    3   2   3   3   0   5   2   5   0  10   6   3   3   2   7  18  18   1   0   9  0.13 0.14
   48 S    0  0  1 -1 -1  1 -1  1 -1  0 -1 -1 -1  0  0  1  1 -3 -2  0    9   7   8   0   1  10   3  11   1   7   5   0   1   4   4  16   8   0   0   6  0.09 0.12
   49 S    1 -2 -1  0 -3  2 -1  2 -1 -1 -2 -2 -2 -3 -1  2  2 -3 -1 -1   12   1   0   5   0  14   2  17   1   2   4   0   0   0   2  16  17   0   2   4  0.25 0.22
   50 A    2  0 -1 -1 -2 -1 -1 -1  0  0 -1  0  0 -3  1  2  1 -3 -2  0   17   5   2   3   0   2   2   3   2   9   3   6   2   0   6  24   7   0   0   5  0.16 0.16
   51 P    1 -2  0 -2 -3  1 -2  0 -3 -2 -2 -1  0 -4  5  0  2 -4 -3 -2   10   0   4   1   0   8   0   9   0   2   3   4   3   0  33   7  13   0   0   1  0.59 0.31
   52 T    1 -2  2 -2 -3  1  0  1 -1 -2 -2 -2  0 -3  0  2  2 -3 -1 -2   12   0  12   0   0   9   5   8   0   1   2   0   2   0   4  24  14   0   2   2  0.29 0.24
   53 V    0 -3  1 -2 -2 -3 -3 -2 -3  3  0 -3  1 -2 -1 -2  1 -4 -3  4    6   0   9   1   0   0   0   2   0  18   7   0   4   0   2   2   7   0   0  39  0.44 0.29
   54 T    1 -1 -1 -2 -2  3 -1 -2  0  1 -1 -1 -1 -3 -1  1  2 -3 -2  1   11   2   2   1   0  20   1   1   2  11   5   0   0   0   3  13  15   0   0  11  0.23 0.23
   55 L    1 -2 -2 -3 -2  2 -2 -1  1  1  2 -2  0  0  0  0  0 -3 -1  1   11   0   0   0   0  13   0   3   4   6  21   0   2   5   5   7   6   0   1  14  0.13 0.16
   56 V   -1 -2 -3 -2 -3  0 -1 -1 -3  0  0 -2 -1 -1  2 -1  0 -3 -2  4    4   1   0   2   0   6   3   5   0   3   9   0   1   3  13   3   6   0   0  37  0.31 0.25
   57 Q   -1 -1  0 -2 -3  4 -1 -2  0 -1 -2 -2  0 -2  1  3  1 -4 -1 -1    1   2   3   1   0  30   0   2   2   3   3   0   2   1   6  24  10   0   2   5  0.43 0.34
   58 L   -2 -1 -1 -3 -3  1 -2 -3 -1  2  3  1  0  1 -2  0 -1 -3 -2  0    2   2   2   0   0   8   0   0   1  14  40  10   1   5   1   7   2   0   0   3  0.30 0.24
   59 P   -1 -4  0 -2 -4 -3 -3 -4 -4 -3 -3 -3 -1 -5  7  2 -2 -5 -4 -3    3   0   6   1   0   0   0   0   0   1   2   0   2   0  62  18   2   0   0   2  1.58 0.61
   60 N   -1 -1  3  0 -3  0  0 -1  0 -1 -2  2 -1 -3 -2  3  1 -4 -3 -1    1   0  17   5   0   3   5   3   3   4   2  13   2   0   1  26   9   0   0   5  0.30 0.24
   61 G   -1 -2  1 -1 -3  0  0  4  1 -3 -2 -2 -2 -3  0  2 -1 -3 -3  0    2   1   9   2   0   4   5  36   3   1   5   1   0   0   4  17   2   0   0   7  0.39 0.25
   62 Q    0 -1  1 -2 -3  5  1 -1  2 -2 -2  0 -2 -2 -1  0  0 -3 -2  0    9   0   9   1   0  33   6   3   5   2   3   3   0   1   3   5   6   0   0   9  0.36 0.28
   63 T    0 -1 -2 -1 -2  2 -1 -2 -2  1 -1 -1  0 -2  0  1  3 -3 -2  1    7   2   0   3   0  12   3   3   0  11   3   2   2   1   5  10  25   0   0  11  0.22 0.22
   64 V    1 -1 -3 -3 -2 -1 -2 -2  1  3  0 -2  0  0 -1 -1  2 -3 -2  3   11   2   0   0   0   2   2   2   4  20   4   2   1   4   3   2  14   0   0  26  0.25 0.22
   65 Q   -2 -1 -1 -1 -3  5 -1 -3  2 -2  1 -1  1 -2  1  0  2 -3  0 -3    0   2   2   2   0  34   0   1   6   1  14   1   4   1   6   5  16   0   3   0  0.47 0.36
   66 V    0 -3  0  0 -3  0 -2 -2  0  0 -1 -2 -1 -3  2 -1  1 -4 -1  4    6   0   5   4   0   4   0   1   2   2   4   2   0   0  10   4  10   0   3  42  0.34 0.28
   67 H   -2 -2  0 -2 -4  6 -1  0  3 -3 -2  0 -1 -4  0  0  0 -4 -3 -1    1   1   4   1   0  46   1   8   9   1   3   5   1   0   5   7   5   0   0   4  0.72 0.42
   68 G   -1 -2  0 -2  1  0 -2  3 -1 -2 -3 -2 -3 -3  1  3  1 -3 -3 -3    2   1   4   1   3   5   1  29   2   2   1   1   0   1   8  30  10   0   0   1  0.49 0.30
   69 V   -1 -3 -2 -3 -2 -3 -3 -1 -3  2  0 -2 -1  0 -3  1  1 -3 -2  4    2   1   2   1   0   0   1   4   0   9   7   2   0   5   1  10   8   0   0  46  0.45 0.30
   70 I   -2 -3 -3 -3  1 -1 -3 -4 -3  5  1 -2 -1 -2 -1 -3 -1 -3 -3  1    2   1   1   1   3   3   1   1   0  52  14   3   0   1   4   1   4   0   0   9  0.68 0.34
   71 Q   -3 -1 -2  0 -4  7  0 -3  0 -4 -2 -2 -3 -4  0 -1  0 -4 -1 -3    1   3   1   5   0  60   3   1   2   1   3   1   0   1   5   4   7   0   2   1  1.12 0.56
   72 A    2 -2 -1 -2 -1  1 -1 -1 -2 -2 -2 -1 -2 -3  2  2  3 -3 -2 -1   24   1   2   1   1   7   3   3   0   1   3   2   0   0  11  13  24   0   1   4  0.37 0.29
   73 A    2 -2  3 -2 -3  0 -1  0 -2 -3 -2 -1 -2 -3  2  0  1 -4 -1 -1   26   0  18   0   0   5   3   6   0   0   4   3   0   0  13   4   9   0   2   5  0.34 0.29
   74 Q   -3 -2  1 -3 -5  7 -2 -1  3 -1 -4  0 -3 -5  1 -3 -2 -5 -4 -4    1   0   7   0   0  62   0   4   7   3   1   4   0   0   8   0   1   0   0   0  1.41 0.72
   75 P   -1 -3  1 -2  0  2 -2  0 -1 -1 -1 -2 -3 -2  4  1  1 -4 -3 -3    4   0   8   0   2  14   2   8   1   3   6   2   0   2  28  10   9   0   0   0  0.50 0.35
   76 S    0 -2  0 -2  0 -1 -1  0 -3 -2 -2 -3 -3 -4 -1  5  1  0 -4 -2    4   2   4   1   2   2   3   5   0   2   3   1   0   0   3  55   7   2   0   2  0.72 0.50
   77 V   -1 -1 -2 -2 -3  0 -3 -2 -1  1 -1 -3  0  1  1 -1 -1 -4 -3  4    4   4   2   2   0   6   0   2   2   4   5   0   2   6   7   5   3   0   0  45  0.45 0.36
   78 I   -2 -5  0 -1 -4 -1 -4 -1 -4  6 -1 -4  0 -3 -2 -2 -2 -5 -1  2    3   0   4   5   0   2   0   6   0  55   4   0   2   0   2   2   2   0   2  11  0.85 0.50
   79 Q   -1 -3  1 -3 -5  6 -1 -4  5 -3 -4 -1 -1 -5 -1 -1  0 -5 -3 -3    5   0   6   0   0  50   2   0  14   2   1   3   1   0   2   4   5   0   0   1  1.16 0.67
   80 S    0  0 -1 -2 -3  1 -2 -2 -3 -2 -2 -2 -3 -2  0  4  3 -4 -4 -2    7   5   3   2   0   6   2   2   0   2   4   2   0   1   4  34  24   0   0   2  0.53 0.44
   81 P    1 -4  0 -1 -4 -1 -1 -2 -4 -4 -2 -3 -4 -3  6  0  3 -5 -4 -3   12   0   4   3   0   3   4   2   0   0   4   0   0   1  39   6  18   0   0   2  0.89 0.54
   82 Q    0  0  1  0 -4  4  0  0  2 -1 -1  0 -2 -1 -1  0  0 -4 -2 -2    8   5   7   4   0  26   3   7   5   4   6   3   0   2   3   7   7   0   1   2  0.27 0.29
   83 V   -1 -2  1 -1 -1 -2 -3  0 -1  2  0 -3  1  0 -1  0  0 -3 -1  2    4   1   8   4   1   1   0  10   2  16   9   0   5   3   3   5   7   0   1  19  0.15 0.19
   84 Q   -1 -2  1 -2 -4  5 -1 -2  2 -1 -1  0  0 -1  0 -1 -2 -4 -3  0    4   1   6   1   0  39   2   3   6   3   6   4   2   2   4   4   2   0   0   8  0.57 0.47
   85 T    1 -3  0  0  0  1 -2 -1 -1 -1  0 -2  0 -3  2  1  3 -4 -1  0   13   0   3   5   2   7   1   3   2   2   9   0   2   0  11  12  21   0   2   5  0.25 0.29
   86 V    1 -3 -1 -2  0  1  0  0 -3  1  0 -2 -1 -3  0 -1  1 -4 -1  3   12   0   2   2   2   6   5   6   0   7  11   2   1   0   4   4  10   0   2  25  0.17 0.22
   87 Q   -2 -1 -2 -1 -2  6  0 -1  3 -2 -2  0 -2 -5 -1 -1  0 -5 -4 -4    3   3   2   2   1  46   4   5   7   2   4   4   1   0   4   5   6   0   0   0  0.88 0.62
   88 I   -1 -1 -3 -1 -3  0 -2 -1  0  2  1 -1  1  1  0 -1  1  0 -1  3    5   3   0   3   0   4   2   4   2  10  11   3   3   5   5   5   9   2   1  23  0.14 0.17
   89 S    1  0  1 -1 -3  2  0 -1  1 -1  0  0  0 -3 -1  2  1 -3 -1  0   13   3   6   3   0  10   4   4   4   3   9   3   3   0   2  15   8   0   2   8  0.12 0.17
   90 T    0  0  0  0 -3  0 -1 -1  0  0 -1 -1 -2 -1  1  2  3 -4 -3  0    5   4   4   5   0   5   3   3   2   4   6   3   0   2   8  18  20   0   0   6  0.20 0.25
   91 I    0  0  0  0 -3  1  0 -1  0  1  0 -1  0 -2  0  0  0  0 -1  1    7   5   6   4   0   9   5   5   2  12   7   2   2   0   4   5   5   2   2  16  0.06 0.12
   92 A    1  0  0 -1 -3  2 -1 -1  1  0 -1 -1  0  0  1  1  0  2  0  0   12   4   4   3   0  10   3   4   4   6   4   3   3   4   6   9   5   3   4   6  0.07 0.12
   93 E    0  0  0  0 -3  1  0  0  2 -2 -1  0  1  0  0  0  0  3  1 -1    6   6   5   6   0   5   6   6   5   0   6   6   5   5   6   6   6   5   5   6  0.08 0.12
   94 S    0  0  0  0 -2  0  1  0  0  0 -1  0  0 -1  0  1  0 -3  0  0    5   3   4   6   0   5   8   8   3   5   5   7   3   2   4  16   6   0   5   6  0.06 0.10
   95 E   -1  0  1  2  1  1  2 -1  0 -1 -2  0 -2 -3  1  0  0 -3 -1 -1    3   5   7  13   3   7  18   4   2   5   4   5   0   0   6   7   4   0   2   3  0.18 0.18
   96 D    0  0  1  1 -2  1  0  0  2  0 -1  0 -1  0  1  0  0 -2 -1 -1    7   7   7   7   0   7   7   7   6   7   7   7   0   6   7   7   7   0   0   0  0.07 0.09
   97 S   -1 -1 -1  2 -2  1  0  0 -1 -2 -4  1 -2  0  0  3  1 -4 -3 -2    3   2   2  12   0   5   4   6   1   2   1  11   1   4   5  31   8   0   0   3  0.32 0.32
   98 Q    0  0  1  0  0  3  1  1 -2 -1 -1 -1 -2 -2  0  0  1 -3 -1  0    5   4   6   6   2  16  10  10   0   3   6   1   0   1   4   6  11   0   1   6  0.14 0.17
   99 E    0  0  2  2 -3  1  2 -1 -1 -2 -2  0 -2 -3  1  1  0 -3 -1  0    6   3  11  13   0   5  12   3   1   2   2   4   0   0   6  14   7   0   3   7  0.21 0.20
  100 S    1 -1  1  1  2  0  0  0  1 -1 -1  0 -1 -2  0  2  0 -3 -1 -1   10   1   6   7   5   4   5   7   5   2   8   4   1   1   5  18   4   0   2   4  0.09 0.12
  101 V   -1 -1  0  0 -1  0  0 -1  1  1  0 -1  0 -1  0  1  0  1 -1  1    2   2   3   4   1   6   6   5   5  12  12   1   2   1   4  12   6   2   2  10  0.05 0.10
  102 D    0  0  2  3 -3  1  1 -1 -2 -1 -2  0  0 -2 -1  1  0  0 -2 -1    7   5   9  18   0   5  11   3   0   3   4   3   3   1   2  13   6   1   1   5  0.19 0.20
  103 S   -1  0  1  0  0 -1  0  0  1 -1 -1 -1  0 -1  2  2  1 -4 -2  0    3   4   7   6   3   2   4   5   3   3   4   2   2   3  10  22   8   0   0   7  0.15 0.18
  104 V    1 -1 -1  1 -2 -1  0 -1 -1  1  0 -1  0 -1  0  0  0 -3  0  1   12   3   2  10   0   2   8   2   2   8   7   3   2   2   5   6   6   0   3  17  0.07 0.11
  105 T    0 -1  0  1 -2  0  0  1 -2  0 -1 -1 -1 -3 -1  1  1 -2 -1  0    6   3   5   7   0   4   7  14   0   8   7   3   0   0   2  16   9   1   2   5  0.10 0.14
  106 D    0  0  3  4 -4  0  2 -2 -3 -2 -4 -2 -3 -5  0  0  1 -5 -4 -3    7   5  14  27   0   3  15   2   0   2   1   1   0   0   5   6  10   0   0   1  0.52 0.38
  107 S    0 -1  2  0  0  0  0  0 -2 -1 -1  0 -1 -3  0  2  2 -4 -3  0    7   2  11   3   2   3   7   7   0   2   5   4   1   0   4  18  15   0   0   9  0.16 0.20
  108 Q    0  0  2  1 -4  4  1  0  2 -4 -3  0 -3 -2 -1  1  0 -4 -3 -2    7   4  11   6   0  23   8   8   6   0   2   5   0   1   3   9   4   0   0   3  0.32 0.30
  109 K    0  1  1  0 -1  1  0 -2 -2 -2 -2  3  1 -4  1  1  0 -4 -3 -2    7   7   6   5   1   4   6   1   1   2   4  28   5   0   6  11   4   0   0   2  0.27 0.26
  110 R    1  3  0  0 -3  1  1 -1  0 -2 -1  1 -2 -3 -2  1  0 -4 -2 -3   10  21   4   4   0   7  10   5   2   3   5  10   0   0   1  12   4   0   1   0  0.26 0.24
  111 R   -1  4 -1 -1  0  1 -1 -2  2  0 -1  1 -2 -3  0  1  0 -4 -3  0    5  30   1   2   3   7   3   2   5   5   5   7   0   0   5  11   4   0   0   6  0.32 0.29
  112 E    0 -1  0  2 -1  2  3  0  0 -1 -2  0 -2 -4  1  0  0  0 -3 -1    6   2   4  10   1  10  23   7   2   4   3   5   0   0   6   5   5   2   0   4  0.23 0.22
  113 I   -1 -3 -1 -2  0  0 -3 -3  0  3  1 -2  2  2  1 -1  0 -3  0  1    3   0   4   2   2   4   0   0   3  24  11   1   5   9   8   3   7   0   3  10  0.22 0.22
  114 L   -1 -2 -2 -3  0  0 -3 -2 -3  1  2 -3  0  1  4 -1 -1  2 -1  0    5   2   2   0   2   4   0   3   0   7  26   0   2   6  21   3   4   3   2   6  0.34 0.27
  115 S    1 -2 -1  0 -3 -1 -1 -1 -3 -1 -1 -1  2 -3  1  3  1 -4 -1 -1   15   1   1   5   0   3   2   4   0   2   7   3   8   0   8  26   8   0   2   5  0.24 0.28
  116 R    0  3  1 -1 -3 -1 -1 -1  2  0 -1  1 -2  0  3 -1  0  1 -2 -2    6  20   7   2   0   1   3   3   5   8   4   8   0   5  15   3   5   2   0   0  0.27 0.25
  117 R    0  3  1 -2  1  1 -1  0  0 -3 -2  1 -2 -2  1  0 -1 -3 -1  0    7  25   6   0   3   8   3   6   2   0   3   7   0   2   6   8   2   0   2   9  0.23 0.23
  118 P    0 -1 -1 -2  2 -1 -3 -1 -1 -2  0  0 -3 -4  5  1 -1 -5 -4 -1    6   4   3   2   5   3   0   4   2   2  12   7   0   0  36   9   2   0   0   3  0.63 0.42
  119 S    1 -3  1  0  1  0 -2 -1  2 -3 -3 -1  0 -4  2  3  1 -4 -3  0   10   0   7   4   3   4   0   4   5   0   2   3   3   0   9  30   9   0   0   6  0.37 0.35
  120 Y   -1  0  0  0  2 -1 -2 -2  2  0  0  1  0  1 -2 -1 -1 -2  5 -1    4   5   6   4   4   3   0   3   5   4   7  10   3   5   2   4   2   0  24   4  0.27 0.27
  121 R   -1  4  0 -2  0  1 -1 -2 -2  0 -2  1  0 -3  0  1  0  0 -1 -1    4  26   4   2   2   7   3   2   0   6   3   9   3   0   4  12   6   1   2   3  0.26 0.27
  122 K    0  1  1 -2 -3  0 -1 -1 -2  0 -1  2  0 -1  0  1  0 -3  1 -1    7   8   9   0   0   3   3   4   0   5   4  20   3   2   5  10   5   0   6   4  0.15 0.19
  123 I    0 -1  0 -2  1 -1  0 -1  1  2  1 -1 -1  0  0  0  0 -3  0  0    8   3   5   0   4   3   6   3   4  19  13   3   0   3   5   7   6   0   2   6  0.06 0.12
  124 L    0 -1  0  0  2  0  0  0 -1  0  0  0  1  0  1  0  0 -2  1  0    6   0   6   6   6   6   6   6   0   6   6   6   6   6   6   6   6   0   6   6  0.04 0.08
  125 N    0  0  3  0  0  0  0  0  1 -1 -2  1 -1 -3  0  0  0 -3 -1 -1    5   4  20   3   2   4   6   8   4   3   3  10   2   0   5   8   6   0   2   6  0.16 0.18
  126 D    0  0  0  2 -2 -1  1  0 -2 -1 -1  0  1  0  0  0  1 -2  0 -1   10   4   4  14   0   0   9   5   0   4   6   4   6   4   5   7   9   0   5   4  0.08 0.11
  127 L    0 -1  0  0 -2  1  0  0 -1  0  0  0  1  1  1  0  0 -2  1  0    6   0   6   6   0   6   6   6   0   6   6   6   6   6   6   6   6   0   6   6  0.04 0.08
  128 S   -1 -1  0  0 -4 -1  0  2  0 -2 -2 -1 -3 -1  2  3  0 -4 -1 -1    5   2   3   5   0   2   5  16   2   3   4   3   0   3  11  27   4   0   2   3  0.29 0.29
  129 S    0 -1  0  1 -3 -1 -1  2 -3 -2 -2 -1  0 -1  2  3  0 -4 -3 -1    6   3   4   7   0   3   4  16   0   2   4   3   3   3  10  24   4   0   0   3  0.25 0.27
  130 D    0 -1  0  3  0  1  2 -1  1 -1 -1 -1  0  0  0  0  0 -3  0 -1    6   3   5  18   3   5  12   4   4   3   4   3   3   4   4   8   4   0   4   3  0.15 0.17
  131 A    0  0  0  0  2  0  0  0  1  0 -1  0  1  0  0  0  0 -3 -1  0    6   6   5   6   5   5   6   6   5   6   6   6   5   5   6   6   6   0   0   6  0.03 0.07
  132 P   -1 -1  0  0  0  0 -1 -2  0  0  0 -1  1 -1  4  0  1 -4 -3  0    5   3   5   4   2   3   2   3   2   6   8   3   3   3  25   6   8   0   0   7  0.29 0.25
  133 G    0  0  0  0  2  0  0 -1  1  0 -1  0  1  0  0  0  0 -2  1  0    5   5   5   5   5   5   5   5   5   5   5   5   5   5   5   5   5   0   5   5  0.03 0.05
  134 V    0  0  0  0  2  0  0 -1  1  0 -1  0  1  0  0  0  0 -2  1  0    5   5   5   5   5   5   5   5   5   5   5   5   5   5   5   5   5   0   5   5  0.03 0.05
  135 P    0  0  0  0  0  0  0  0  0 -1 -1  0  0 -1  3  1  1 -4 -3 -1    7   5   3   7   2   5   4   7   2   4   6   6   3   2  16   9   8   0   0   3  0.16 0.15
  136 R   -1  1  1  0 -3  0  0 -1  1  0 -1  2  1 -1 -1  0  0 -3 -2  0    4  10   6   5   0   3   4   5   5   7   4  16   5   3   3   7   6   0   0   6  0.10 0.14
  137 I    0 -1  0  0  0  0  0  0  0  1  0  0  1  0  1  0  0 -2  0  0    5   3   3   4   3   3   6   6   3  13   8   5   5   3   6   7   4   0   3   9  0.02 0.05
  138 E    0  0  0  0 -3  0  0  0  1  0 -1  0  1  0  0  0  0  3 -1  0    6   6   5   6   0   5   6   6   5   6   6   6   5   5   6   6   6   5   0   6  0.06 0.09
  139 E   -1 -1  0  1 -3  1  3 -2  0 -2 -2  1  0 -3  2  0  0 -4 -1 -1    4   2   4   7   0   5  27   3   2   2   3   7   3   0   9   7   7   0   2   4  0.29 0.26
  140 E   -1 -1  0  1  1  0  4 -2 -1 -1 -2  1  0 -2  0  1  0 -4 -3 -1    4   3   3   6   3   3  31   2   1   4   2   9   3   1   5  11   5   0   0   3  0.33 0.31
  141 K    0 -1  0  0 -3  0  1  0 -1 -1 -1  2  1 -3  1  1  1 -3 -1  0    5   2   4   4   0   5  10   8   1   4   4  17   4   0   7   9   8   0   2   6  0.13 0.16
  142 S   -1 -1  0  1 -3 -1  1  1  0 -1 -1  0  1 -2  2  1  0  0  0 -1    4   2   3   8   0   2   8  11   3   2   4   7   4   1  10  15   6   1   3   3  0.13 0.16
  143 E    0 -1  1  1  0  1  3  0  0 -3 -2  0 -1 -4  0  1  0 -4 -2 -1    6   2   6   9   3   7  23   7   2   0   3   6   2   0   4  11   4   0   1   4  0.24 0.25
  144 E    0 -1  0  2  2  0  3  0  1 -2 -2  0  0 -4 -1  1  0 -4 -3 -1    6   3   5  12   4   4  23   6   3   3   3   4   3   0   3  11   4   0   0   3  0.23 0.24
  145 E   -1 -2  1  2  1  1  2 -1  1 -1 -1  0  0  0  0  0  0 -3 -2 -1    5   0   7  11   3   6  15   5   4   4   4   5   3   5   5   7   5   0   0   5  0.13 0.17
  146 T    0  0  0  0  1  0  0  0  1  0 -1  0 -1  0  0  0  0 -2  1  0    5   5   5   5   5   5   5   5   5   5   5   5   0   5   5   5   5   0   5   5  0.00 0.06
  147 S    0  0  0  0  0  1  0  0  0 -1 -1  0  0  0  1  1  1 -3  0 -1    7   4   4   7   3   7   7   6   3   4   4   4   3   4   7  11   8   0   4   5  0.06 0.08
  148 A    0  0  0  0  2  0  0  0  1  0 -1  0  1  0  0  0  0 -3 -1  0    6   6   5   6   5   5   6   6   5   6   6   6   5   5   6   6   6   0   0   6  0.03 0.07
  149 P    0  0  0  0 -3  0  0 -1  1  0 -1  0  1  0  0  0  0  3  1  0    5   5   5   5   0   5   5   5   5   5   5   5   5   5   5   5   5   5   5   5  0.06 0.08
  150 A    1 -1  0 -1  0 -1  0  1  0 -1 -1  0 -1 -3  0  2  1  0 -3 -1   13   2   5   2   2   2   5  10   2   3   7   5   1   1   5  20   8   1   0   4  0.16 0.21
  151 I   -1  0  0  1  0  0 -1 -1 -1  1 -1 -1 -1  0  0  1  0 -3  0  1    5   6   4   8   2   5   3   5   1  10   5   2   1   4   5  10   5   0   4  14  0.04 0.11
  152 T    0 -1  0 -1 -4  2 -1 -1 -1 -1 -2 -1 -1 -3  2  2  3 -1 -3  0    8   3   4   3   0   9   4   4   1   3   3   3   1   1   9  19  18   1   1   5  0.27 0.30
  153 T    1 -2  0 -1  0  1  1 -1 -1  0 -2 -1  0 -3  1  2  2 -4 -2 -1    9   1   5   3   2   7  10   4   1   6   4   2   2   1   7  18  12   0   1   3  0.17 0.22
  154 V   -1 -2 -1 -2  0  0 -1 -2  0  2  1  0  2 -1  0  0  0 -1 -1  1    4   2   2   1   2   5   4   3   3  12  13   6   8   2   5   7   6   1   2  13  0.10 0.13
  155 T    0 -1 -1 -1 -3  1  0 -1  0  0 -1 -1 -1 -1  1  2  2  0 -1  0    8   3   3   3   0   6   5   5   2   5   5   2   1   3   7  21  14   2   2   5  0.16 0.21
  156 V    0  0  0 -1  0 -1 -1 -1  0  0  0 -1  0 -1  0  1  1 -3 -1  1   10   4   4   2   1   2   4   5   2   5  11   3   3   3   5  11  10   0   2  13  0.05 0.09
  157 P    0 -1  1 -2 -1  1 -1  0  2 -2 -3 -1 -1 -1  5  0  0 -4 -1 -3    6   3   7   2   1   6   3   6   5   2   3   2   1   2  34   6   5   0   2   2  0.56 0.40
  158 T    0 -1  1 -1  1  0  0 -1 -3 -1 -1 -1 -2 -3  2  2  3 -4 -1 -1    9   3   6   3   3   4   5   5   0   4   5   4   0   0  10  15  20   0   2   3  0.21 0.24
  159 P   -1 -1  1  0 -3  1 -1  0  1 -1 -1  0  1 -3  4  1  0 -4  0 -1    5   3   7   5   0   7   3   7   4   4   4   4   4   0  21  11   6   0   3   3  0.26 0.25
  160 I    0 -1  0 -1 -2  0 -1 -1  1  1  0  0  1  0  1  0  0 -2  0  1    6   3   4   3   0   5   3   3   5  12   9   4   3   5   6   9   6   0   3  10  0.04 0.07
  161 Y   -1 -1  0 -3 -3  1 -1 -1  1  0  0 -1  1  1  0 -1  0  2  4  0    5   3   4   0   0   6   3   4   4   7   7   3   5   5   4   5   5   3  20   6  0.19 0.22
  162 Q   -1 -1  1 -1 -2  5 -1 -2  2  0 -2 -1  1 -2  2  0  0 -1 -1 -2    4   3   7   2   1  28   2   3   4   6   3   3   4   2   9   7   5   1   2   3  0.42 0.39
  163 T   -2 -1  1 -1 -1  0 -1 -1  2 -1 -1 -1  1 -2  1  1  3 -4  1 -1    2   3   7   4   1   5   2   6   4   3   5   3   4   1   7  10  23   0   5   5  0.20 0.25
  164 S    0 -1  2 -1 -1  1 -1  0  1  0 -1 -1 -3 -1  1  2  1 -4 -3 -1    6   3   9   2   1   6   2   6   3   5   7   3   0   3   7  21   9   0   0   5  0.16 0.22
  165 S    0  0  0 -1  1  0  0 -1  1 -1 -1  0  0 -2  1  2  0 -4 -1 -1    8   5   4   2   3   4   4   4   3   3   8   4   3   2   8  21   7   0   2   4  0.12 0.17
  166 G    0 -1  1  0 -3  1  0  2  2 -1 -1  0 -2 -1  1  1  0 -3  0 -1    6   3   6   5   0   6   5  17   6   3   5   4   0   2   7  11   5   0   3   5  0.13 0.15
  167 Q    0 -1  1 -1  1  2 -1  0  1 -1  0 -1  0  0  1  1  1 -3  0 -1    5   3   7   2   3  12   3   6   4   3   8   3   2   4   6  10  10   0   3   4  0.10 0.16
  168 Y    0  0  0  0  2  0  0 -1  1  0 -1  0  1  0  0  0  0 -2  1  0    5   5   5   5   5   5   5   5   5   5   5   5   5   5   5   5   5   0   5   5  0.03 0.05
  169 I   -1  0  1  0  1  1  0  0  1  1  0  0  0  0  1  0  0 -2  0  0    4   3   8   4   3   6   5   6   4  10   8   4   3   4   6   8   4   0   4   4  0.03 0.05
  170 A    0  0  0  0 -2  1  0  0  1  0 -1  0  1 -2  1  0  0 -2  1  0    6   6   6   6   0   6   6   6   6   6   6   6   6   0   6   6   6   0   6   6  0.05 0.08
  171 I    0 -1  0 -1  1  0  0 -1  1  1  0 -1  1  0  0  0  0 -2  1  1    6   3   4   3   4   5   6   6   4   9   7   3   4   4   6   5   5   0   6  10  0.02 0.05
  172 T    0  0  0  0 -3  0  0 -1  1  0 -1  0  1  0  0  0  0  3  1  0    5   5   5   5   0   5   5   5   5   5   5   5   5   5   5   5   5   5   5   5  0.06 0.08
  173 Q    0  0  0  0  2  0  0 -1  1  0 -1  0  1  0  0  0  0 -2  1  0    5   5   5   5   5   5   5   5   5   5   5   5   5   5   5   5   5   0   5   5  0.03 0.05
  174 G    1 -1  1 -1  0 -1 -1  2  0 -2 -1 -1  0 -4  1  1  0 -4 -1 -1   11   4   7   4   2   3   3  19   3   1   6   3   2   0   7  12   5   0   2   6  0.17 0.19
  175 G    0  0  0 -1  0  0  0  3 -3 -1 -2 -1 -1 -2  1  0  1 -4 -1 -2    8   4   5   4   2   4   8  24   0   4   4   3   2   2   6   8   8   0   2   3  0.19 0.20
  176 A    1 -1  0  0  1  0 -1  0  1  0 -2 -1 -1 -1  2  1  1 -4 -1  0   14   2   5   4   3   5   2   7   3   6   2   3   1   2  10  12  11   0   2   6  0.14 0.17
  177 I    0 -1 -1 -1  1 -1 -1 -3  0  2  1  0  1  0  0  1  0 -3  0  1    6   3   3   2   3   3   3   0   3  15  11   5   4   4   5  10   7   0   3   8  0.10 0.13
  178 Q   -1 -1 -1  0  1  4 -1 -2  3 -1 -1 -1  1 -1  0  1  0 -6  0 -2    4   4   3   4   3  19   4   4   6   4   6   3   3   3   6  11   6   0   3   3  0.28 0.26
  179 L   -1  0  0  0  2  0  0 -1  2  0 -1  0  2  1  0 -1  0  3  1 -1    5   5   5   5   5   5   5   5   5   5   5   5   5   5   5   5   5   5   5   5  0.08 0.08
  180 A    0  0  0  0  2  1  0  0  1  0 -1  0  1 -2  1  0  0 -3 -2  0    6   6   6   6   6   6   6   6   6   6   6   6   6   0   6   6   6   0   0   6  0.06 0.09
  181 N    0 -1  2  1 -3  1 -1 -1  2 -1 -1 -1  0 -1  0  2  0 -4 -1 -1    8   2  10   6   0   7   2   5   6   4   5   3   3   2   4  20   6   0   2   4  0.15 0.21
  182 N    0  0  0  0  0  1  0  0  1  0 -1 -1  0 -1  2  0  0  1 -2 -1    9   5   5   4   3   7   5   6   3   6   6   3   3   3  14   7   5   3   0   4  0.11 0.13
  183 G    0 -1  0  0  1  0  0  2  2 -1 -1 -1  0 -1  1  0  0 -3 -2 -1    5   3   4   4   4   5   5  18   6   5   6   4   3   3   8   6   6   0   0   5  0.10 0.13
  184 T    1 -1 -1 -1 -3  1 -1  0  0  0  0 -1  0 -1  1  1  2 -3 -1  0   11   3   3   3   0   6   3   7   2   5   7   3   3   2   7   8  16   0   2   9  0.09 0.14
  185 D    0  0  0  0 -3  0  0  0  1  0 -1  0 -1  0  0  0  0  3  1  0    6   6   5   6   0   5   6   6   5   6   6   6   0   5   6   6   6   5   5   6  0.06 0.08
  186 G   -1  0  0  0  2  0  0 -1  2  0 -1  0  2  1  0 -1  0  3  1 -1    5   5   5   5   5   5   5   5   5   5   5   5   5   5   5   5   5   5   5   5  0.08 0.08
  187 V   -1  0  0  0  2  0  0 -1  2  0 -1  0  2  1  0 -1  0  3  1 -1    5   5   5   5   5   5   5   5   5   5   5   5   5   5   5   5   5   5   5   5  0.08 0.08
  188 Q   -1  0  0 -4 -5  5  0 -2  3 -4 -1 -1  1 -2  2  1  0 -5 -1 -1    6   4   5   0   0  26   6   3   6   0   5   3   4   2   9   9   6   0   2   4  0.42 0.38
  189 G    0 -1  1  0 -1  0  0  2  0 -1 -2 -1 -2  0  1  1  0  0  0  0    9   2   7   5   2   3   5  16   3   5   4   3   0   4   6  13   7   2   3   6  0.10 0.12
  190 L   -1 -2  0 -1  0  0 -1 -1  0  2  2 -2  0  0  1 -1  0  1  0  0    4   2   6   2   2   4   4   4   3  12  21   0   2   3   7   4   4   2   4   7  0.09 0.13
  191 Q    0 -3  0  0 -4  4  0 -1  1 -1 -1  0  1  0  3 -1  0 -4 -3 -1    6   0   4   6   0  19   4   4   4   4   5   6   4   4  14   4   6   0   0   4  0.28 0.28
  192 T    0  0  0  0  2  0  0 -1  1  0 -1  0  1  0  0  0  0 -2  1  0    5   5   5   5   5   5   5   5   5   5   5   5   5   5   5   5   5   0   5   5  0.03 0.05
  193 L   -1  0  0 -1  1  1 -1 -1  1  0  1  0  0  1  0 -1  0 -2  1  0    5   4   4   2   4   9   2   4   4   7  15   5   3   8   4   5   6   0   6   4  0.05 0.09
  194 T    0  0  1  0 -2  1  0  0  2  0 -1  0 -1 -2  1  0  0 -2  1  0    6   6   6   6   0   6   6   6   6   6   6   6   0   0   6   6   6   0   6   6  0.06 0.07
  195 M   -2 -1  0 -2 -1  0 -3 -1 -3  1  1 -1  6 -3 -1 -1 -1 -4 -4  2    3   3   5   3   1   4   2   4   1   7  13   3  26   1   4   5   4   0   0  12  0.48 0.38
  196 T   -1 -2  0 -1  0  1 -2 -2 -1 -1 -1 -2 -1 -3  2  2  4 -2 -1 -2    5   1   4   3   2   7   2   3   2   4   5   2   1   1  11  19  24   1   2   2  0.38 0.37
  197 N   -1 -1  5 -1 -1  1 -2  0  0 -3 -3 -2 -1 -3  0  2  1 -5 -1 -2    6   3  28   3   2   6   2   6   2   1   2   2   2   1   4  16   8   0   2   3  0.46 0.39
  198 A    2 -2 -1 -2 -2 -1 -2 -1 -1 -1 -1 -1 -2 -3  2  3  2 -5 -2  0   17   2   2   2   1   2   1   4   1   4   6   3   1   1  12  24  11   0   1   5  0.33 0.33
  199 A    1 -1  1  0 -3  1 -1  2 -2 -1 -2 -1 -1 -2  2  1  0 -4 -2 -1   14   2   7   4   0   8   4  15   1   3   4   2   2   2   9  12   6   0   1   4  0.18 0.21
  200 A    1 -2  1 -1 -2  0 -1  0 -1 -1 -1 -2  0 -2  1  1  2 -4 -3  0   12   1   7   2   1   5   3   9   1   4   6   1   2   2   8  12  16   0   0   7  0.17 0.22
  201 T    1 -2  1 -1 -4  1 -2  0  1 -1 -1 -1  1 -1  3  1  1 -1 -3 -1   10   2   7   2   0   6   2   6   4   4   6   4   4   3  18   9  10   1   0   3  0.24 0.24
  202 Q    0 -1  0 -2  0  4  0 -1 -1 -1  0 -1  0 -4  1  0  1  1 -1 -1    7   3   4   2   2  25   4   5   1   3   8   3   2   0   6   8   7   2   2   5  0.27 0.29
  203 P   -1 -2 -1 -3 -5  2 -2  0  2 -3 -2 -2 -1 -3  6  0  0 -5 -4 -1    4   2   3   1   0   8   2   7   5   2   4   3   2   1  38   7   7   0   0   4  0.77 0.53
  204 G    0 -1  0 -2 -2  2 -2  4 -2 -2 -1 -2 -1 -5  2  1  0 -5 -4 -1    6   3   3   2   1   8   2  30   1   2   6   2   1   0  10  10   7   0   0   4  0.38 0.33
  205 T    2 -1  0 -2 -3  1 -1  0  0 -2 -1 -1  1 -2  2  1  1 -4 -2 -1   18   3   3   1   0   7   3   7   3   2   5   4   3   1  11  13  11   0   1   5  0.20 0.24
  206 T    1  0  0 -1  1  0 -1  0  0 -1 -1 -2 -2 -2  2  1  3 -4 -2 -1   10   6   4   3   3   5   4   6   2   3   6   1   1   1  12  10  19   0   1   3  0.20 0.23
  207 I    0 -2 -2 -3 -1  0 -3 -2 -1  3 -1 -2  1  0  1  0  0 -4 -1  2    6   1   2   1   1   5   1   3   1  20   5   2   4   3   8   9   7   0   3  18  0.26 0.26
  208 L   -1 -2 -2 -1 -1 -1 -3 -3 -1  1  2 -2  2 -1  1  0 -1 -4  0  2    4   2   2   3   1   3   0   1   2   8  25   2   4   2   6   9   3   0   3  19  0.26 0.25
  209 Q   -1 -2  0 -1  0  5 -1 -1  1 -2 -2 -2  0 -1  2  1 -1 -5 -1 -1    6   1   4   4   2  30   2   5   3   2   5   2   2   3   9  10   4   0   2   4  0.42 0.41
  210 Y    0 -1  0 -1  0  1 -1 -1  3 -1 -1 -1 -1  0  1  0 -1  0  4 -1    7   2   4   4   2   7   4   6   7   3   6   3   1   3   6   9   3   1  18   5  0.21 0.23
  211 A    2 -1  1  0 -3  1  0  0  2 -2 -1 -1 -1 -1  1  1  0 -1  0 -1   18   4   6   5   0   6   4   6   5   2   6   3   1   3   8   9   7   1   3   4  0.11 0.15
  212 Q    0  0  0 -2 -1  3  0 -1  2 -1 -1  0  0 -1  2  0  1 -4  0  0    6   4   3   1   1  14   6   4   5   3   6   4   3   2  13   7   8   0   3   5  0.17 0.20
  213 T    0 -1  1  0 -1  1 -1  0  1 -1 -1  0  1 -3  1  1  1 -4 -1  0    5   2   8   4   1   9   2   9   4   3   7   5   3   0   7  10  11   0   3   7  0.11 0.16
  214 T    0 -1  1  1 -3  1 -1  0  0 -1 -1 -1  1 -2  2  1  1 -4 -2  0    6   3   6   8   0   7   2   6   3   4   6   2   3   1   9  14  10   0   1   7  0.13 0.18
  215 D    0 -1  1  2 -3  0  0  1  1 -2 -1 -1 -1 -3  1  1  0  1 -1 -1    8   3   8  15   0   4   4  10   3   2   5   2   2   0   7  13   5   2   2   5  0.17 0.19
  216 G   -1  0  0  0  2  0  0 -1  2  0 -1  0  2  1  0 -1  0  3  1 -1    5   5   5   5   5   5   5   5   5   5   5   5   5   5   5   5   5   5   5   5  0.09 0.08
  217 Q   -1  0  0 -1 -4  4 -1  0  2 -2 -2 -1 -1 -4  1  1  1 -5  0 -1    4   4   4   3   0  21   3   9   6   2   5   3   1   0   8  11   7   0   3   4  0.31 0.32
  218 Q   -2  0  0 -1 -5  4  0 -1  2 -2 -1 -1  0  0  1  0  0 -4  0 -1    3   5   4   3   0  23   5   5   5   3   6   3   3   5   7   7   6   0   3   5  0.27 0.29
  219 I   -1 -1 -1  0  1  0 -1 -1  1  1  1 -1  1  2  0  0 -1 -3  2  0    5   2   3   5   3   4   3   4   4   8  12   2   4  12   5   7   3   0   7   6  0.08 0.12
  220 L   -1  0  0 -1  0 -1 -1 -1  3  0  0 -1  2  1  0 -1  0  2  1  0    4   6   5   4   3   3   3   5   7   6   9   3   5   5   6   5   5   3   5   8  0.08 0.07
  221 V    0  0  0  0  2  0  0 -1  1  0 -1  0  1  0  0  0  0 -2  1  0    5   5   5   5   5   5   5   5   5   5   5   5   5   5   5   5   5   0   5   5  0.03 0.05
  222 P    0  0  0 -1  0  1 -1 -1  1 -1 -1  0 -1 -1  3  0  1 -4 -1  0    7   4   4   2   2   8   3   4   3   3   7   4   1   2  19   6   9   0   3   7  0.20 0.20
  223 S    0 -1  1  0  0  1  0  1  0 -1 -1 -1  0 -1  1  1  1 -3  0  0    6   3   7   4   2   6   5  10   3   3   5   3   3   2   7  13   8   0   3   7  0.07 0.10
  224 N    0  0  2  0 -3  1  0  1  1 -1 -1  0 -2 -3  1  1  0 -3  0  0    6   4  10   6   0   6   6  12   4   4   5   4   0   0   6  12   5   0   4   6  0.11 0.14
  225 Q    0  0  0  0  2  0  0 -1  1  0 -1  0  1  0  0  0  0 -2  1  0    5   5   5   5   5   5   5   5   5   5   5   5   5   5   5   5   5   0   5   5  0.03 0.05
  226 V    0 -1 -1 -1  0  0  0 -1  1  0  0 -1  1 -1  1  0  1  0  0  2    7   3   3   3   2   4   6   5   3   3   7   3   3   3   8   7   9   2   3  18  0.07 0.11
  227 V    0  0  0 -1  1  0 -2  0  1  0  0  0  0 -1  0  0  1 -3  0  1   10   5   3   3   3   4   1   7   3   5   8   5   3   3   5   7   8   0   4  13  0.03 0.07
  228 V    0  0  0  0  1  0  0  0  0  0  0  0  0  0  1  0  0 -2  0  0    6   4   5   4   3   5   5   6   3   6   8   4   4   4   8   8   6   0   3   9  0.03 0.03
  229 Q    0  0  0  0 -2  0  0  0  1  0 -1  0  1  0  1  0  0 -2  1  0    6   6   5   6   0   5   6   6   5   6   6   6   5   5   6   6   6   0   5   6  0.03 0.06
  230 A    0 -1  0 -1  0  0 -1  0  0  0 -1  0  0 -1  1  1  0  2 -1  0   10   3   5   3   2   6   3   8   2   4   6   6   3   3   8  11   5   3   2   7  0.05 0.08
  231 A    1  0  0  0  1  0  0 -1  1 -1  0  0  1 -1  2  1  0 -3 -2 -1   11   4   4   4   3   4   5   5   3   4   8   7   4   3  10  11   6   0   0   4  0.08 0.10
  232 S    0 -1  0  0  0  1  0 -1  2  0 -1  0  0 -1  1  1  1 -3  0  0    6   3   5   4   3   6   5   4   6   4   5   4   3   3   7  10  10   0   3   7  0.04 0.09
  233 G    0 -1  0 -1  0  0 -1  2  1 -1 -1 -1  0 -1  1  1  0 -3 -1 -1    8   2   4   4   2   5   4  21   4   3   5   4   2   2   7   9   7   0   2   4  0.14 0.16
  234 D    0 -1  0  2  0  0 -1  0  0  0 -1 -1  0  1  2  0  0 -4 -3 -1    6   3   5  15   2   4   3   7   2   5   4   3   3   7  12   8   6   0   0   4  0.16 0.18
  235 V    0 -1 -1  1  1 -1 -4 -2  2  0  1 -1  4  1 -1  0  0  3  0  0    7   3   4   7   3   3   0   3   4   6  12   4  10   6   3   7   5   3   3   7  0.18 0.14
  236 Q   -1  0  0  0  2  0  0 -1  2  0 -1  0  2  1  0 -1  0  3  1 -1    5   5   5   5   5   5   5   5   5   5   5   5   5   5   5   5   5   5   5   5  0.09 0.08
  237 T   -1  0  0  0  2  0  0 -1  2  0 -1  0  2  1  0 -1  0  3  1 -1    5   5   5   5   5   5   5   5   5   5   5   5   5   5   5   5   5   5   5   5  0.09 0.08
  238 Y    0 -2 -1 -1  2 -1 -2 -1  3 -1 -1 -2  0  2  0 -1  0  2  5 -2    7   2   3   4   5   3   3   4   8   4   4   2   3   8   5   5   5   3  19   3  0.31 0.27
  239 Q   -1  0  0 -1  0  5  0 -2  1 -2 -2 -1  0 -1  1  1  0 -4  0 -2    5   4   4   2   2  30   4   3   4   2   4   3   3   3   7   9   6   0   3   3  0.40 0.38
  240 I   -1  0  0 -1 -3  0 -1  0  1  2  1 -1  2  0  0  0  0 -3  0  0    4   4   5   3   0   6   4   6   3  14  12   3   7   4   4   6   5   0   3   7  0.05 0.09
  241 R    0  0  0  0  2  0  0 -1  1  0 -1  0 -2  0  0  0  0  3  1  0    5   5   5   5   5   5   5   5   5   5   5   5   0   5   5   5   5   5   5   5  0.06 0.08
  242 T    0 -2  2 -1  0 -1  0  0  2 -2 -1 -2 -1 -2  1  2  3 -4 -1 -1    7   2   9   3   2   3   5   7   5   2   5   2   1   2   7  14  19   0   2   4  0.21 0.24
  243 A    1 -1  0  0 -3  0  1 -1 -3  0 -1  0 -1 -1  2  1  1  0 -3 -1   10   3   5   4   0   5  12   5   0   5   5   4   2   3   9  12   9   1   0   5  0.12 0.16
  244 P   -1 -2 -1 -1 -5  0  1  0  1 -2 -2 -1  1 -2  5  0  0 -5 -2 -2    5   2   2   4   0   4   8   7   3   2   3   3   4   2  31   9   6   0   1   3  0.52 0.40
  245 T    0 -1  1 -1  0  0  1  0  0 -1 -1 -1  0 -1  1  1  2  1 -3 -1    6   3   6   2   2   5   9   6   2   3   5   3   3   2   6  13  15   2   0   5  0.13 0.18
  246 S    0 -1  1 -1  1  0 -1  0  1 -1 -2  0  0 -1  0  2  0 -5  1 -2    8   4   8   4   3   5   5   8   3   4   4   5   3   3   5  15   7   0   5   3  0.11 0.12
  247 T   -1  0  0  0  2  0  0 -1  2  0 -1  0  2  1  0 -1  0  3  1 -1    5   5   5   5   5   5   5   5   5   5   5   5   5   5   5   5   5   5   5   5  0.09 0.08
  248 I    0 -1  0 -1  0  0 -1  0  1  0  1  0  0 -1  2  0  0 -3  0  0    6   3   5   3   3   4   3   7   3   5  14   6   3   2   9   8   7   0   3   5  0.05 0.07
  249 A    0 -1  0  0  1  1  0 -1  1 -1  1  0  1 -1  2  1  0 -3 -2 -1    7   2   3   5   3   8   4   5   4   4  14   5   3   2  10  11   5   0   0   3  0.09 0.13
  250 P   -1  0  1 -1  0  2  0  0  1 -1 -1  0  0 -1  3  0 -1 -4 -1 -1    4   4   6   4   2  13   4   6   4   3   4   4   3   2  19   7   4   0   2   5  0.23 0.24
  251 G   -1 -1  0 -1 -3  1  0  1  1  0 -1  0  1  0  0  1  0 -3 -1  0    4   2   5   3   0   9   6  14   3   5   5   5   5   3   5  11   5   0   2   7  0.08 0.13
  252 V   -1  0  1 -1  1  0  0 -1  2  0  0 -1  1 -1  0  0  1 -4  0  1    5   5   6   3   3   5   7   4   5   6   9   3   5   3   4   6   7   0   3  10  0.05 0.06
  253 V   -1  0  0  0  2  0  0 -1  2  0 -1  0  2  1  0 -1  0  3  1 -1    5   5   5   5   5   5   5   5   5   5   5   5   5   5   5   5   5   5   5   5  0.09 0.08
  254 M    0  0  0  0  2  0  0 -1  1  0 -1  0  1  0  0  0  0 -2  1  0    5   5   5   5   5   5   5   5   5   5   5   5   5   5   5   5   5   0   5   5  0.03 0.05
  255 A    1 -1  0 -1  1  0  0  1  0 -1 -1  0  1 -1  1  1  1 -3 -1 -1   14   3   5   3   3   5   5   9   2   2   4   5   6   2   7  10   9   0   1   5  0.09 0.13
  256 S    1 -1  1 -1 -2  0 -1  1  1 -2 -2 -2 -2 -3 -1  3  2 -5 -3 -2   14   3   7   3   1   4   2  10   3   2   3   1   1   1   3  29  11   0   1   2  0.36 0.35
  257 S    0 -1  1 -2 -2 -1 -2 -1  1 -2 -2 -2 -1 -3  2  3  2 -2 -1 -2    7   3   6   2   1   3   2   5   4   2   3   2   2   1  11  29  11   1   2   3  0.36 0.34
  258 P    0 -2  0 -1 -4 -2 -2  1  2 -2 -2 -3 -1 -2  5  2  0 -5 -2 -2    8   2   4   3   0   2   2  10   5   3   4   1   2   1  30  14   5   0   1   3  0.54 0.40
  259 A    0 -1 -1 -1 -1 -1 -2  2  3 -1 -1 -1 -1 -2  1  2  1 -1 -3 -1    9   3   2   3   1   3   2  16   7   3   6   2   2   2   6  19   8   1   0   4  0.20 0.22
  260 L   -1 -1  1 -2 -1 -1 -1 -1  0  0  1 -1  1 -1  0  2  1 -3 -1  0    4   4   6   1   1   2   3   4   2   5  17   3   3   2   4  23   7   0   1   6  0.15 0.20
  261 P   -1 -1  1 -1  1  0 -3  0  0 -1 -1 -2  0 -3  5  1 -1  0 -2 -2    3   3   6   3   3   3   1   8   3   3   6   2   3   1  31  13   3   1   1   3  0.51 0.37
  262 T   -1 -1  0  0  0  3  0  0  1 -1  0  0  0 -2  1  1  0 -3 -2 -1    4   3   5   5   2  15   6   7   3   4   9   4   2   1   6  14   7   0   1   2  0.13 0.17
  263 Q   -1 -1  0  0 -3  3  0  0  1 -2 -2  1  0 -3  1  1  2  0 -1 -2    4   2   4   6   0  14   6   7   4   2   3  11   2   0   6  10  13   1   1   3  0.19 0.21
  264 P   -1  0  1  1 -1  0  0  0  1 -1 -1  1  0 -3  3 -1  0 -3 -1 -1    4   5   6   9   1   4   6   7   5   3   6  10   3   0  16   4   5   0   2   4  0.17 0.16
  265 A    1 -1  0 -1  0  0 -1  0  1 -1 -1 -1  0 -2  1  1  1 -3 -1  0   15   4   3   2   2   4   3   8   5   4   5   2   3   2   6  12  12   0   2   7  0.09 0.13
  266 E   -1  0  1  3 -4  1  3 -1  0 -1 -2  0 -3 -3 -1  0 -1 -4  0 -1    3   3   6  18   0   7  25   5   3   3   4   5   0   0   2   5   3   0   3   4  0.32 0.28
  267 E   -1  0  0  2 -3  0  3  0  1 -1 -2  0  0 -3  0  0  0 -3  0 -1    4   3   5  14   0   4  21   8   3   3   3   6   4   0   4   4   7   0   4   4  0.19 0.20
  268 A    0  1  0  0 -3  1  0  0  0 -1 -1  2  0  0  1  0  0 -3 -2 -1    9   6   5   4   0   5   5   6   3   4   6  16   3   5   7   5   6   0   0   5  0.08 0.10
  269 A    0  0  0  0  2  0  0  0  0 -1 -1  0  0 -1 -1  1  1 -2  0 -1    9   7   3   6   7   3   7   6   2   3   6   5   2   1   1   9  15   0   4   5  0.07 0.08
  270 R   -1  3  0 -1 -1  0  0 -2  1 -1  0  1  0  0 -1  0  0 -1 -1 -1    2  27   3   3   1   4   6   1   5   3  11   9   2   4   2   6   4   1   2   3  0.18 0.14
  271 K   -2  3  0 -2 -4  1  0  0 -2 -4 -3  5 -3 -4  0 -1 -2 -3 -3 -3    1  19   3   1   0   3   5   9   0   1   1  47   0   0   5   3   1   0   0   1  0.66 0.32
  272 R   -2  5 -2 -2 -4  2  0 -3  1 -3 -2  3 -2 -4 -3  0 -1 -4 -3 -1    2  48   0   1   0   8   4   1   3   1   3  16   0   0   1   5   3   0   0   4  0.77 0.36
  273 E    0  0  0 -1 -3  2  3  0  2 -1 -1  1 -2 -3 -2  1  0 -3 -2 -1    5   3   4   2   0  11  24   6   8   3   4   9   0   0   1  10   4   0   0   4  0.23 0.18
  274 V   -1  2  0  0 -2  0 -1 -2  0  0  1  0  1 -1 -2  0 -1 -2 -2  1    3  17   6   4   0   5   2   1   2   6  17   6   5   2   1   7   2   0   0  13  0.10 0.11
  275 R   -1  5  1 -2  2 -1 -2 -3  2 -3 -2  0 -2 -1  1  0  0 -3  0 -3    4  43   7   1   4   1   1   1   5   1   4   3   0   2   7   8   4   0   4   1  0.53 0.31
  276 L   -2  2  0 -3  2 -1 -2 -3  2 -1  2  0  2  0 -3  0 -2 -2  1 -2    1  13   5   0   5   2   0   1   5   0  31   5   8   4   0  10   0   0   7   0  0.23 0.23
  277 M   -1  1 -2 -1 -2  0 -1 -3  0  1  1  0  1  2 -2  0 -1  1  0  0    3   8   0   4   0   3   4   1   2  12  16   6   6  13   0  12   2   2   3   4  0.08 0.12
  278 K    0  2  2 -2 -3  1 -1  0 -2  0 -1  2 -2 -3  1  0  1 -3 -2 -1    8  15  11   0   0   5   0   5   0   6   5  14   0   0   8   8   8   0   0   5  0.17 0.16
  279 N    0  1  1  1 -3  1  1  0  2 -2 -1  1 -2 -2  1  0  0 -2  1 -2    7   7   7   7   0   7   7   7   7   0   7   7   0   0   7   7   7   0   7   0  0.13 0.11
  280 R   -1  1  1  1 -2  1  1  0 -1  0  0  1  1 -2 -2  0  1 -3 -2 -1    1   8   8   8   0   8   8   8   0   8   8   8   8   0   0   8   8   0   0   0  0.10 0.10
  281 E    0  0  0  0 -3  1  3 -3  1  1  0  0  0 -2 -2  0  0 -2  1 -1    6   4   3   4   0   7  24   1   4  12   6   4   3   0   0   8   4   0   7   4  0.16 0.17
  282 A    4  0 -2 -3 -2 -2 -2 -2 -3  0 -1 -2 -2  0  0  2  0 -3 -3  0   47   5   0   0   0   0   0   0   0   6   4   0   0   4   4  20   4   0   0   4  0.46 0.32
  283 A    4 -2 -2 -3 -2  0 -2  1 -3 -2 -1  0 -2 -3  0  1  0 -4 -3 -1   56   0   0   0   0   5   0   9   0   0   5   4   0   0   4   7   4   0   0   3  0.54 0.31
  284 R   -1  4 -2 -2  2  3  0 -3  1 -3 -1  3 -2 -3 -3 -1 -1 -3 -3 -3    2  29   0   0   6  22   5   0   3   0   7  19   0   0   0   3   3   0   0   0  0.53 0.29
  285 E    0  0  1  0  2  1  4 -3 -1 -2 -1  0  2 -3 -2 -1 -1 -3 -3 -1    7   4   7   4   5   7  41   1   1   1   5   2   7   0   0   0   3   0   0   3  0.40 0.23
  286 C   -1  0 -3 -3  8  1 -3 -3 -1 -3 -3 -3 -3  0 -3  2 -2 -3  2 -3    2   6   0   0  45   6   0   1   2   0   1   0   0   3   0  23   0   0   9   0  1.09 0.40
  287 R   -3  6 -2  0 -4  1 -2 -3  3 -4 -3  0 -3 -4 -3  0 -3 -4 -3 -4    1  70   0   6   0   4   0   1   7   0   2   0   0   0   0   6   0   0   0   0  1.22 0.44
  288 R   -1  5 -1 -2 -1  2  1  0 -2 -3 -3  2 -2 -4 -3 -1 -2 -1 -3 -2    2  45   1   1   2   9  10   7   0   1   2  13   1   0   0   1   0   1   0   2  0.65 0.28
  289 K   -2  4 -2 -2 -4  0 -1 -3 -2 -1 -3  5 -2 -3 -2 -2  0 -3 -3 -3    1  30   1   1   0   3   1   1   0   5   1  46   0   0   1   1   7   0   0   1  0.84 0.32
  290 K   -2  2 -2 -2 -4  1 -1 -3 -2 -4 -3  6  0 -4 -3 -2  0 -4 -3 -3    1   9   0   0   0   4   1   1   0   0   1  71   2   0   0   1   7   0   0   1  1.07 0.39
  291 K   -2  1 -1 -3 -5  0 -1  0 -3 -3 -3  6 -1 -5 -3 -2 -3 -5 -4 -4    1   4   1   0   0   2   0   7   0   1   2  80   1   0   0   0   0   0   0   0  1.29 0.48
  292 E    0 -1 -1  1 -5  1  6 -3 -2 -3 -4 -1 -3 -5 -3  0 -2 -4 -4 -2    6   1   1   7   0   4  70   0   0   1   1   0   0   0   0   7   1   0   0   2  1.03 0.39
  293 Y   -3 -2 -4 -3 -5 -3 -4 -5  2 -4 -2 -4 -3  1 -5 -4 -4  2  8 -3    2   2   0   2   0   0   0   0   4   0   2   0   0   1   0   0   0   2  84   0  2.03 0.58
  294 V   -1 -4 -4 -4 -2 -3 -4 -4 -4  4  1 -4  1  2 -4 -3 -1 -3 -1  4    2   0   0   0   0   0   0   0   0  28   8   0   4  10   0   0   3   0   1  45  0.67 0.27
  295 K   -2  1  0  2 -3  2  1 -2  1 -3 -2  4 -1 -3 -3 -1  0 -4 -3 -3    1   7   3  11   0  11   5   2   4   1   3  39   2   1   0   3   6   0   0   1  0.46 0.24
  296 C   -1 -1  1  0  7 -1  0  1 -1 -3 -3  0 -3 -1 -3  0 -1 -3  0 -3    3   3   6   6  32   3   6  13   2   0   2   8   0   3   0   7   4   0   4   0  0.54 0.25
  297 L   -4 -5 -6 -6 -4 -4 -5 -6 -5  0  6 -5  1 -2 -5 -5 -4 -4 -3 -1    0   0   0   0   0   0   0   0   0   3  93   0   2   0   0   0   0   0   0   2  1.56 0.51
  298 E   -3 -2 -3 -1 -6  0  7 -3 -3 -6 -3 -1 -4 -6 -4 -3 -1 -5 -5 -5    0   1   0   0   0   1  90   1   0   0   2   2   0   0   0   0   3   0   0   0  1.82 0.61
  299 N    0  0  4  1 -4  0  1 -1  0 -3 -3  1 -3 -4 -3  1  0 -4 -2 -2    6   5  31   9   0   2  11   3   1   1   1  11   0   0   0  13   3   0   1   2  0.43 0.22
  300 R   -3  6 -2 -2 -3  1 -1 -4  1 -5 -4  2 -4 -5 -4 -2 -1  0 -4 -5    0  67   1   1   0   7   3   0   3   0   0  13   0   0   0   0   3   1   0   0  1.35 0.47
  301 V    1 -4 -3 -5  0 -4 -4 -4 -1  3  1 -4  1 -3 -4 -3 -2 -4 -3  5   10   0   1   0   2   0   0   0   2  14   9   0   3   0   0   0   1   0   0  58  0.82 0.35
  302 A    4  0  0  0 -2  0  1 -2 -1 -2 -2  1 -2 -4 -2  1  0 -4 -3 -1   44   5   3   5   0   3   8   0   1   1   1  10   0   0   0   9   5   0   0   3  0.37 0.23
  303 V    0  0 -1  0 -2  0  1 -2  0  1  0  0  2 -2 -3 -1  0 -3 -2  3    8   4   2   7   0   5  12   1   2   8   8   4   7   0   0   1   3   0   0  28  0.15 0.14
  304 L   -2 -4 -5 -6  3 -4 -5 -5 -5  0  5 -5  1 -1 -5 -4 -3 -4 -1 -1    3   0   0   0   6   0   0   0   0   1  83   0   2   2   0   1   1   0   1   1  1.24 0.45
  305 E   -1  0 -1 -1 -5  2  5 -3 -2 -4 -3  0 -3 -5 -3  0  2 -5 -4 -3    5   3   1   1   0   9  59   0   0   0   1   3   0   0   0   4  13   0   0   1  0.93 0.39
  306 N    0  0  4  0 -3  1  1  0  1 -2 -2  1 -1 -2 -3  1 -1 -4 -2 -1    5   3  27   5   0   8   7   5   3   2   3  13   2   2   0   8   2   0   0   5  0.27 0.17
  307 Q   -3  0 -2 -1 -3  6  5 -4  0 -5 -3  0 -3 -5 -4 -2 -1 -5 -4 -4    0   3   0   2   0  46  38   0   2   0   1   4   0   0   0   0   3   0   0   1  1.24 0.48
  308 N   -5 -3  8 -2 -6 -3 -3 -4 -1 -3 -4 -2 -1 -6 -5 -3 -3 -7 -5 -4    0   1  92   0   0   0   0   0   1   1   1   1   1   0   0   0   0   0   0   1  2.30 0.71
  309 K   -1  1  1  0 -3  2  1 -3  1 -2 -1  3  0 -3 -3  0  0 -4 -2 -2    4   6   9   4   0   9   9   0   3   2   5  31   4   0   0   7   5   0   1   1  0.32 0.19
  310 T    1  1  0  0 -3  2  2 -2 -1 -1 -2  2  0 -3 -2  0  2 -4 -3 -2   12   8   3   5   0   9  13   1   1   4   3  15   2   0   0   7  16   0   0   1  0.22 0.15
  311 L   -3 -4 -6 -6 -2 -4 -5 -6 -5  0  6 -5  1 -1 -5 -4 -4 -4 -1 -2    1   0   0   0   1   0   0   0   0   2  90   0   3   1   0   1   0   0   2   0  1.47 0.51
  312 I   -2  3 -3 -3 -4  0 -2 -4 -3  3  0  3  3 -3 -4 -2 -1  0 -3 -1    2  24   0   0   0   4   1   0   0  26   6  22   8   0   0   1   3   1   0   2  0.50 0.28
  313 E   -1  1 -1  1 -5  2  4 -2  0 -4 -3  3 -2 -4 -3 -1 -1 -4 -3 -3    4   9   2   6   0   6  42   3   2   0   2  18   0   0   0   2   2   0   0   1  0.64 0.30
  314 E   -3  1 -2 -1 -6  3  6 -4  0 -4 -5  2 -1 -5 -3 -2 -3 -5 -4 -4    0   5   0   1   0  12  65   0   1   1   0  11   1   0   0   0   1   0   0   0  1.26 0.48
  315 L   -2 -3  3 -3  0 -3 -4 -4 -3  2  4 -3  0 -1 -4 -3 -2 -4 -3  2    1   0  17   0   2   0   0   0   0  14  47   0   0   1   0   0   0   0   0  17  0.66 0.30
  316 K   -1  2  1  0 -2  3  2 -2 -1 -2 -3  4 -2 -4 -3  0 -1 -4 -3 -3    2  11   5   5   1  14  17   1   1   3   1  30   0   0   0   5   3   0   0   1  0.48 0.24
  317 A    2 -1  0 -1  1  0  1 -2  0 -1 -2  0 -1 -1 -2  1  2 -3  0 -1   24   2   4   2   3   4  12   0   3   2   2   4   1   3   0  13  15   0   3   4  0.20 0.16
  318 L   -4 -5 -5 -6 -4 -4 -5 -2 -5  0  6 -5  1 -1 -5 -4 -3 -2 -1 -1    0   0   0   0   0   0   0   4   0   1  87   0   3   2   0   0   1   1   2   1  1.36 0.49
  319 K   -3  3 -1 -2 -5  2  2 -4 -1 -5 -4  5 -1 -5 -3 -2 -3 -5 -4 -4    0  16   2   1   0   9  13   0   1   0   0  54   1   0   0   2   0   0   0   0  1.06 0.41
  320 D    1  1  1  3 -2  2  3 -2  0 -3 -3  1 -1 -4 -2  1 -1 -4 -3 -3   11   6   6  19   1   8  22   2   2   1   1   8   2   0   0   9   1   0   0   1  0.39 0.20
  321 L   -1  1 -2 -3 -1 -1 -2 -4 -2  2  3  0  3 -1 -3 -2  0 -3 -2  1    5   9   1   0   1   2   2   0   0  17  35   5   9   1   0   2   4   0   0   6  0.30 0.17
  322 Y   -2 -3  0 -4  4 -3 -3 -4  2 -1  1 -2  0  1 -4 -1 -2 -1  5  1    0   0   6   0  13   0   0   0   6   3  14   2   3   5   0   4   2   0  32  10  0.58 0.26
  323 C    1 -1 -1 -2  6  1 -2  1 -1 -2 -3  1 -2 -2 -3  1  0 -4 -2 -1   16   3   2   0  23   9   1   9   1   2   0   9   1   1   0  14   3   0   1   4  0.40 0.20
  324 H   -1 -1  2 -1 -3  4  0  0  5 -2 -2  0 -2 -2  0  0 -2 -2 -2 -2    5   2  11   2   0  26   3   7  21   3   4   6   0   1   4   4   0   0   0   1  0.46 0.24
  325 K   -2  2  1 -2 -4  1  0 -2  1 -4 -4  5 -3 -4 -1  0 -1 -4 -2 -4    0  11   5   0   0   6   3   2   3   0   0  58   0   0   2   6   3   0   1   0  0.84 0.31
  326 S    1 -2  1  0 -2 -1  0 -2 -2 -2 -3 -1 -2 -3  1  3  4 -4 -3 -1   10   0   6   3   0   0   7   1   0   0   1   2   0   0   6  27  33   0   0   5  0.44 0.20
  327 D   -3 -2  2  5 -5  0  4 -3 -2 -5 -5 -1 -4 -5 -3 -1 -2 -5 -4 -4    0   0  10  45   0   1  44   0   0   0   0   0   0   0   0   0   0   0   0   0  1.12 0.25

                      K         Lambda
Standard Ungapped    0.1207     0.3074
Standard Gapped      0.0313     0.2670
PSI Ungapped         0.1024     0.3175
PSI Gapped           0.0313     0.2670
