
Last position-specific scoring matrix computed, weighted observed percentages rounded down, information per position, and relative weight of gapless real matches to pseudocounts
           A  R  N  D  C  Q  E  G  H  I  L  K  M  F  P  S  T  W  Y  V   A   R   N   D   C   Q   E   G   H   I   L   K   M   F   P   S   T   W   Y   V
    1 M   -1 -2 -3 -3 -1 -1 -2 -3 -2  2  2 -2  5  0 -3 -2 -1 -2 -1  1    0   0   0   0   0   0   0   0   0  30   0   0  70   0   0   0   0   0   0   0  0.31 0.01
    2 S    1 -1  1  0 -1  0  0  0 -1 -2 -3  0 -2 -2 -1  4  1 -3 -2 -2    0   0   0   0   0   0   0   0   0   0   0   0   0   0   0 100   0   0   0   0  0.46 0.01
    3 N   -2  0  6  1 -3  0  0  0  1 -3 -3  0 -2 -3 -2  1  0 -4 -2 -3    0   0 100   0   0   0   0   0   0   0   0   0   0   0   0   0   0   0   0   0  0.74 0.01
    4 T    0 -1  0 -1 -1 -1 -1 -2 -2 -1 -1 -1 -1 -2 -1  1  5 -3 -2  0    0   0   0   0   0   0   0   0   0   0   0   0   0   0   0   0 100   0   0   0  0.48 0.01
    5 T    0 -1  0 -1 -1 -1 -1 -2 -2 -1 -1 -1 -1 -2 -1  1  5 -3 -2  0    0   0   0   0   0   0   0   0   0   0   0   0   0   0   0   0 100   0   0   0  0.48 0.01
    6 V   -1 -3 -3 -3 -1 -3 -3 -4 -3  4  1 -3  1  0 -3 -2 -1 -3 -1  3    0   0   0   0   0   0   0   0   0  75   0   0   0   0   0   0   0   0   0  25  0.37 0.00
    7 V    0 -3 -3 -3 -1 -2 -3 -3 -3  3  1 -2  1 -1 -2 -2  0 -3 -1  4    0   0   0   0   0   0   0   0   0   0   0   0   0   0   0   0   0   0   0 100  0.36 0.00
    8 P   -1 -2 -2 -2 -3 -2 -1 -2 -2 -3 -3 -1 -3 -4  8 -1 -1 -4 -3 -3    0   0   0   0   0   0   0   0   0   0   0   0   0   0 100   0   0   0   0   0  2.12 0.04
    9 S    1 -1  0  0 -1  0  0  0 -1 -3 -3  0 -2 -3 -1  4  1 -3 -2 -2    0   0   0   0   0   0   0   0   0   0   0   0   0   0   0 100   0   0   0   0  0.53 0.04
   10 T    0 -1 -1 -1 -1 -1 -1 -2 -2  0  1 -1  0 -2 -2  2  4 -3 -2  0    0   0   0   0   0   0   0   0   0   0  21   0   0   0   0  17  62   0   0   0  0.33 0.04
   11 A    2 -1  0 -1 -1  2  0  0  3 -2 -2  0 -1 -2 -1  0  2 -2 -1 -1   29   0   0   0   0  21   0   7  17   0   1   0   0   0   0   0  22   0   0   0  0.22 0.02
   12 G    2 -1 -1 -1 -2 -1 -1  4 -2 -3 -2  1 -2 -3 -1  0 -1 -2 -2 -2   28   0   0   0   0   0   0  45   0   0   1  21   0   0   0   0   0   0   0   0  0.41 0.03
   13 P   -1 -2 -1 -1 -2 -1 -1  1 -2 -1  1 -1 -1 -2  5 -1 -1 -2 -2 -1    2   1   1   1   0   1   1  18   0   1  23   1   0   1  42   1   1   0   1   1  0.59 0.02
   14 G    0 -1  0  2 -2 -1 -1  4 -1 -2 -2 -1 -2 -2 -1  0 -1 -2 -2 -2    2   1   1  20   1   1   2  57   1   1   2   2   1   1   1   2   2   0   1   2  0.49 0.03
   15 P    0 -2 -1  2 -2 -1  0  0 -2  1 -1 -1 -1 -2  4  1  0 -3 -2  0    7   1   0  19   0   0   1   5   0  20   1   1   0   0  28  15   1   0   0   1  0.36 0.03
   16 S    1 -2 -1 -1 -1 -1 -1  3 -2 -1 -2 -1 -1 -2  0  2  0 -3 -2  0   15   0   0   0   0   0   0  37   0   0   0   0   0   0   4  27   0   0   0  14  0.31 0.03
   17 G    0 -1  0  2 -2 -1 -1  3  2 -3 -3 -1 -2 -3  2  2  0 -3 -2 -2    0   0   0  14   0   0   0  29   8   0   0   0   0   0  12  35   0   0   0   0  0.38 0.04
   18 G    1 -1  0 -1 -2  2 -1  3 -1 -3 -3 -1 -2 -3  2  2  0 -3 -2 -2    5   0   0   0   0  16   0  30   0   0   0   0   0   0  13  33   0   0   0   0  0.42 0.06
   19 P    1 -1 -2 -2 -2 -1 -2  3 -2 -1 -1  0 -1 -3  5 -1 -1 -3 -3 -1   11   4   0   0   0   0   0  27   0   0  10   5   0   0  35   0   0   0   0   7  0.55 0.05
   20 G   -1 -3 -1 -2 -3 -2 -2  5 -3 -3 -2 -2 -2 -3  5  0 -2 -3 -3 -3    0   0   0   0   0   0   0  59   0   0   6   0   0   0  32   3   0   0   0   0  0.92 0.09
   21 G    0  0 -1 -2 -2 -1 -1  2 -2  0 -1 -1 -1 -2  2  1  1 -3 -2 -1    0   9   0   0   0   0   0  24   0   7   7   0   0   0  13  21  16   0   0   3  0.23 0.04
   22 G    1  0 -1 -2 -2 -1 -2  4 -2 -2 -2 -1  2 -3  2 -1 -1 -3 -3 -2   12   7   0   0   0   0   0  55   0   0   0   0  16   0  10   0   0   0   0   0  0.54 0.08
   23 G    0 -2 -1 -1 -2 -1  0  4  2 -1 -1 -1 -1 -2  1  1 -1 -3 -2 -1    0   0   0   0   0   0  10  42   9   3   7   0   0   0   7  15   0   0   0   7  0.31 0.05
   24 G   -1  1  2 -1 -3 -1 -1  3 -1 -3 -3  1 -1 -2  3  0 -1 -3 -2 -3    0  13  14   0   0   0   0  32   0   0   0   9   3   2  19   8   0   0   0   0  0.43 0.06
   25 G    1 -2  0 -1 -2 -1  0  3 -2 -2 -1 -1 -2 -3 -2  2 -1 -3 -3  0   17   0   5   0   0   0   7  35   0   0   4   0   0   0   0  21   0   0   0  12  0.32 0.08
   26 G   -1 -2 -1  3 -3  0  0  4 -2 -4 -3  0 -2 -4 -3 -1 -2 -4 -3 -3    2   0   0  24   0   4   5  52   0   0   1   8   1   0   0   0   0   0   0   2  0.66 0.14
   27 G    2 -1 -1 -2 -2 -1  0  3 -2 -3 -2  0 -2 -2  2  1  0 -3 -3 -2   22   2   2   0   0   0   6  30   0   0   4   5   0   2  11  12   5   0   0   0  0.36 0.11
   28 G    1 -2  0  2 -3 -1  0  3 -2 -2 -3  0  0 -3  0  1 -1 -4 -3 -2   18   0   3  13   0   0   7  31   0   1   0   7   3   0   5   9   1   0   0   2  0.34 0.12
   29 G    1 -2 -1  0 -3 -1  2  2 -1 -1 -2  0  3 -3 -2  1 -1 -3 -2 -2   12   0   1   5   0   0  19  22   1   4   2   6  15   0   0  10   1   0   1   1  0.26 0.16
   30 G    0 -1  2  0 -3 -1  2  2 -2 -2 -3 -1 -2 -2  2  3 -1 -4 -2 -2    3   2  10   2   0   0  18  17   0   3   1   0   1   2   9  29   1   0   1   1  0.35 0.19
   31 G    1 -1  1  1 -1 -1  0  2 -2 -1 -2  0 -1 -3 -1  1  1 -3 -2 -1   12   3   6   8   1   0   7  19   0   6   3   5   1   0   1  14  12   0   1   2  0.16 0.10
   32 T    0 -1 -1 -1 -3 -2 -2 -2 -3 -1 -2 -1 -2 -2 -3  1  6 -4 -3 -1    6   4   1   2   0   0   0   2   0   3   3   2   0   2   1   9  61   0   0   3  0.78 0.35
   33 E   -1  4  1  0  1  0  1 -3  2 -4 -4  3 -3 -4 -2 -1  0 -4 -1 -3    5  27   8   3   3   1   8   0   7   0   0  26   0   0   1   3   5   0   2   0  0.50 0.23
   34 V   -2 -1 -5 -5 -1 -4 -4 -5 -5  3  0 -4 -1 -1 -4 -3  0 -5 -3  6    0   5   0   0   1   0   0   0   0  17   5   0   0   1   0   0   5   0   0  66  1.02 0.38
   35 I   -2 -4 -5 -5 -1 -4 -5 -5 -5  5  2 -4 -1 -2 -4 -4 -2 -4 -3  4    2   0   0   0   1   0   0   0   0  51  14   0   0   0   0   0   0   0   0  31  1.04 0.36
   36 Q   -3  0 -1 -3 -5  7 -1 -4  3 -5 -5  2 -2 -5 -4 -1 -3 -4  0 -5    0   3   1   0   0  71   0   0   6   0   0   9   1   0   0   4   0   0   4   0  1.55 0.55
   37 V   -1 -5 -5 -6 -3 -5 -5 -6 -6  3 -2 -5 -2 -3 -5 -4 -3 -5 -4  6    3   0   0   0   0   0   0   0   0  13   0   0   0   0   0   0   0   0   0  84  1.60 0.53
   38 T    1 -3 -1 -3  0 -3 -3 -1 -4 -2 -4 -3 -1 -4 -3  3  6 -5 -2 -3   12   0   2   0   2   0   0   3   0   1   0   0   1   0   0  21  56   0   1   0  0.94 0.42
   39 N   -5 -4  8 -2 -6 -3 -3 -4 -3 -6 -6 -3 -5 -6  0 -2 -3 -7 -5 -6    0   0  95   0   0   0   0   0   0   0   0   0   0   0   4   1   0   0   0   0  2.44 0.71
   40 V   -3 -5 -5 -5 -3 -5 -5 -6 -5  5  2 -5 -1 -2 -5 -4 -3 -5 -3  4    0   0   0   0   0   0   0   0   0  42  18   0   0   0   0   0   0   0   0  40  1.12 0.39
   41 S    3  0  0 -3  0 -2 -3 -2 -3 -4 -4 -2 -4 -5 -2  5 -1 -5 -4 -3   29   4   4   0   1   0   0   0   0   0   0   0   0   0   2  58   2   0   0   0  0.99 0.44
   42 P   -2 -4 -3 -4 -1 -2 -3 -2 -1 -1 -3 -2  0 -5  7  1  1 -5 -4 -3    2   0   0   0   1   1   0   2   1   4   2   1   3   0  60  14   7   0   0   1  1.39 0.44
   43 S    1 -2  0 -2 -3  3 -1 -1 -1 -2 -1 -1 -2 -1 -2  3  1 -3  0 -1   12   0   3   0   0  22   0   3   1   1   6   2   0   2   1  29  10   0   3   5  0.34 0.24
   44 A    4 -4 -4 -4  2 -3 -3 -3 -4 -1 -1 -3 -2  0 -3 -1  1 -4 -3  2   53   0   0   0   4   0   0   0   0   2   4   0   0   4   0   2  11   0   0  21  0.68 0.34
   45 S   -2 -3  0 -3 -4 -1 -3 -3 -4 -4 -4 -1 -2 -5 -4  2  6 -5 -4 -3    0   0   4   0   0   2   0   1   0   0   0   2   1   0   0  16  74   0   0   0  1.39 0.53
   46 S   -1  3  1 -1 -3  0  1 -3 -2 -2  0  2 -1 -3 -3  2  1 -4 -2 -1    2  17   6   2   0   2   9   0   0   1  10  20   0   0   0  17  10   0   1   4  0.27 0.18
   47 E   -3 -2 -2  5 -5  0  5 -4 -3 -5 -5 -2 -4 -5 -1  0 -3 -5 -2 -5    1   1   0  37   0   3  48   0   0   0   0   1   0   0   2   6   0   0   1   0  1.22 0.44
   48 Q   -4 -2 -3 -2 -6  8  0 -5  2 -3 -3 -2 -1 -6 -4 -3 -4 -5 -4 -1    0   0   0   1   0  82   4   0   4   1   2   0   2   0   0   0   0   0   0   4  1.87 0.64
   49 M   -4 -4 -5 -6 -4 -4 -5 -6 -5  3  3 -4  8 -2 -5 -4 -1 -4 -4 -1    0   0   0   0   0   0   0   0   0  20  30   0  45   0   0   0   3   0   0   2  1.38 0.51
   50 R   -1  5 -1 -3 -4  3 -1 -4  2 -3 -1  3 -3 -2 -3 -1 -2 -3  2 -3    3  34   2   0   0  13   2   0   5   0   5  21   0   2   0   2   2   0   7   1  0.63 0.31
   51 T   -1 -3  0 -1 -4  2  0 -4  3 -2 -4 -1 -1 -4 -3  1  5 -5 -3 -2    4   0   3   2   0  11   7   0   7   1   0   3   1   0   0   6  51   0   0   1  0.77 0.39
   52 L   -4 -5 -6 -6 -4 -1 -5 -6 -5 -1  6 -5  3  1 -5 -5 -4 -4 -3 -2    0   0   0   0   0   3   0   0   0   1  82   0   8   6   0   0   0   0   0   0  1.42 0.51
   53 F   -5 -6 -6 -7  1 -6 -6 -6 -5  0 -1 -6  0  8 -7 -5 -5 -2  0 -4    0   0   0   0   3   0   0   0   0   4   4   0   2  87   0   0   0   0   0   0  2.37 0.69
   54 G    0 -3  0 -1 -4  0  0  4 -3 -4 -2 -1 -3 -4 -3  3 -1 -4 -2 -4    5   0   3   2   0   3   6  42   0   0   4   2   0   0   0  28   3   0   1   0  0.69 0.32
   55 F   -4 -5 -1 -5  2 -4 -5 -5  2  0  0 -5 -2  6 -3 -3 -4 -2  6 -3    0   0   3   0   6   0   0   0   5   4   7   0   1  44   1   1   0   0  29   0  1.31 0.47
   56 L   -2 -4 -5 -5  1 -1 -4 -5 -4  4  4 -4  0  1 -5 -4 -3 -4 -3  2    2   0   0   0   3   4   0   0   0  27  46   0   1   6   0   0   0   0   0  11  0.78 0.33
   57 G   -3 -5  0 -2 -5 -5 -5  7 -5 -7 -7 -4 -6 -6 -5 -1 -4 -6 -6 -6    0   0   3   2   0   0   0  91   0   0   0   0   0   0   0   4   0   0   0   0  2.11 0.63
   58 K   -2  4  1  2 -4  0  0 -3  0 -4 -4  4 -3 -5 -1 -1  1 -5 -3 -2    1  24   6  13   0   2   5   1   3   0   0  27   0   0   3   1  12   0   0   2  0.56 0.28
   59 I   -4 -5 -6 -6 -4 -5 -5 -6 -6  6  1 -5  0 -2 -5 -5 -2 -5 -4  3    0   0   0   0   0   0   0   0   0  69  12   0   1   1   0   0   1   0   0  16  1.42 0.49
   60 D   -2  1 -2  4 -5  0  5 -4 -2 -4 -4  2 -2 -1 -3 -2  0 -5 -4 -2    1   6   0  23   0   3  41   0   0   0   1  11   1   3   0   1   5   0   0   3  0.75 0.34
   61 E   -3 -3  0  5 -5  0  5 -4 -1 -5 -3 -2 -4 -5 -3 -1 -2 -5 -4 -4    1   0   3  33   0   3  50   0   1   0   3   0   0   0   0   3   2   0   0   0  1.16 0.44
   62 L   -3 -4 -5 -5  0 -4 -5 -5 -4  4  3 -4  2  3 -5 -4 -2 -3 -1  0    1   0   0   0   2   0   0   0   0  33  37   0   4  15   0   0   1   0   2   3  0.89 0.37
   63 R   -2  5 -1 -2 -3  1 -1 -4  0 -3 -3  4 -3 -1 -4 -1 -3 -4 -3  0    1  34   2   2   1   7   3   0   2   1   1  31   0   3   0   4   0   0   0   8  0.75 0.36
   64 L   -3 -4 -5 -5 -1 -4 -4 -5 -5  1  5 -4  4 -1  1 -4 -2 -4 -3  2    0   0   0   0   1   0   0   0   0   6  56   0  10   2   7   0   1   0   0  15  0.90 0.39
   65 F   -5 -5 -5 -5 -5 -4 -5 -5  0 -3 -4 -5 -4  5  1 -4 -4 -2  8 -4    0   0   0   0   0   0   0   0   2   1   0   0   0  27   7   0   0   0  59   0  2.03 0.67
   66 P   -4 -3 -5 -4 -5 -4 -4 -5 -1 -5 -5 -4 -5 -4  8 -3 -4 -6 -5 -2    1   1   0   0   0   0   0   1   2   0   1   0   0   1  86   2   0   0   0   3  2.56 0.75
   67 P   -1 -1 -1 -2 -3  0  1 -2 -2 -3 -2  0 -3 -2  4  2  3 -3  0 -2    2   3   2   1   0   3   8   2   0   1   2   5   0   2  24  21  19   0   3   1  0.50 0.26
   68 D   -2  0  1  4 -3  0  2 -2 -2  2 -2 -1 -1 -3 -2 -1 -2 -3 -1  0    1   5   7  30   0   3  15   2   0  15   2   2   2   1   1   3   1   0   2   8  0.38 0.21
   69 D   -2 -2  2  5 -4  0  1 -1 -1 -2 -3 -1  0 -2 -1  0  0  2 -3 -3    2   1   9  41   0   3  10   3   1   2   2   2   3   1   2   5   7   3   0   1  0.58 0.28
   70 S    0 -2  2 -1  1  0 -2 -2  0 -1 -1  0  0 -1 -1  3  1 -3 -2  1    6   1  11   2   3   3   1   1   2   2   7   4   2   2   3  30   7   0   0  14  0.21 0.19
   71 P    1 -3 -2  0 -3 -1 -1 -1 -3  0 -1 -2  0 -3  5  2  1 -4 -2 -1   12   0   1   6   0   1   3   5   0   5   6   2   3   0  29  16   7   0   1   3  0.46 0.24
   72 L    0 -2 -2 -2  2 -1 -1 -1  2  1  2 -2  2 -1 -1  0  0 -3 -2  1    6   1   1   1   5   2   4   3   6  10  27   1   6   2   3   9   6   0   0   9  0.14 0.13
   73 P   -1 -3  1  0 -3  1  0 -1 -2 -3 -3 -2 -3 -4  5  1  1 -4 -2 -2    5   0   7   4   0   7   7   5   1   0   3   1   0   0  35  12   9   0   1   2  0.66 0.30
   74 V   -1 -3  0  1 -2 -1 -2 -2 -2  2  0 -2  0  2  1 -2  0 -3 -2  3    2   1   5   8   0   2   2   2   1  11   6   1   2   9   6   2   6   0   0  34  0.26 0.19
   75 S    0 -2  0 -1 -1  4 -1  1 -2 -3 -3 -1 -2 -4  1  2  2 -4 -3 -2    7   1   5   3   1  22   1   9   0   1   1   3   1   0   6  19  17   0   0   3  0.38 0.25
   76 S    0 -2 -1 -2 -3  0 -2 -1  2 -2 -2 -1 -3 -2  0  4  1 -4 -3 -1    7   0   2   0   0   3   1   4   6   2   4   3   0   2   3  46  10   0   0   5  0.51 0.31
   77 R   -3  5 -3 -3 -5  2 -2 -4  0 -4 -2  5 -3 -5 -4  0 -3 -4 -4 -4    1  35   0   0   0   9   0   1   2   0   4  41   0   0   0   5   0   0   0   0  1.11 0.46
   78 V   -2 -4 -4 -4  0  0  0 -4 -4  4  0 -3  0  1 -4 -3 -1 -4 -3  4    2   0   0   0   2   5   7   1   0  23   5   0   1   7   0   1   2   0   0  42  0.64 0.32
   79 C    2 -5 -4 -5  9 -4 -5 -1 -5 -4 -3 -4 -4 -4 -4 -2  0 -5 -3  0   18   0   0   0  59   0   0   4   0   0   1   0   0   0   0   2   5   0   1   6  1.91 0.61
   80 F   -4 -4 -5 -5 -5 -4 -3 -5 -2 -2 -1 -4 -3  7 -5 -4 -2 -2  7 -3    1   0   0   0   0   0   2   1   0   2   5   0   0  44   0   1   2   0  40   0  1.75 0.59
   81 V   -2 -4 -4 -4 -3 -4 -1 -5 -5  5  0 -4 -2 -3 -4 -4 -3 -4 -3  5    2   0   0   0   0   0   5   1   0  38   6   0   0   0   0   1   0   0   0  44  1.07 0.43
   82 K   -3  3 -1 -3 -5 -1  2 -4 -3 -5 -4  6 -4 -5 -3 -3 -2 -5 -4 -4    1  16   2   0   0   1  11   1   0   0   1  62   0   0   0   1   2   0   0   1  1.28 0.51
   83 F   -4 -5 -5 -5  2 -5 -5 -5 -3 -3 -3 -5 -3  7 -5 -4 -4  2  7 -4    1   0   0   0   5   0   0   1   0   0   1   0   0  46   0   1   0   3  40   0  1.93 0.62
   84 H    1  0  0  2 -3  0  3 -2  3 -1 -2  1  0 -2 -2  1 -1 -3 -1 -1   11   4   2  11   0   3  21   2   8   3   2  11   3   2   1   9   2   0   2   4  0.22 0.15
   85 D   -3  1  1  5 -4  1  3 -3 -1 -4 -4  1 -4 -4 -3 -1 -2 -4 -4 -4    1   7   5  42   0   5  21   1   1   0   2   7   0   0   1   4   2   0   0   1  0.86 0.36
   86 P    0  2 -1 -1  1  0  1 -2 -1 -2 -2  0 -1 -3  4  2  0 -3 -1 -2    6  12   1   2   3   3   8   1   1   2   3   3   2   0  22  20   4   0   2   2  0.38 0.21
   87 D    0  1  0  2 -2  0  3 -2  0 -1 -2  0 -1 -3 -2  1  0  2 -2 -1    6   8   2  12   1   1  22   2   2   5   2   5   2   0   1  16   6   3   0   4  0.23 0.17
   88 S    1 -3  1  0  3 -1 -1 -1  0 -3 -4 -2 -3 -4 -3  5  2 -2 -3 -3    8   0   6   5   6   2   3   4   3   1   1   0   0   0   0  48  11   1   0   0  0.66 0.36
   89 A    3 -4 -4 -4  2 -3 -4 -4 -4 -1 -1 -4  2 -3 -4 -2 -1 -4 -3  5   30   0   0   0   4   0   0   1   0   1   4   0   5   0   0   1   2   0   0  49  0.87 0.41
   90 V    0 -1 -1  0 -1  0  1  3  1 -1 -2  1 -1 -3  0  0 -1 -3 -1 -1    9   1   1   3   1   2  14  27   4   4   4   9   1   0   3   5   3   0   2   6  0.20 0.14
   91 V    0 -3 -4 -4 -3 -3 -3 -3 -4  1  0  0  0 -3 -4 -1  1 -4 -3  5    6   0   0   0   0   0   0   2   0   7   6   8   1   0   0   3  10   0   0  53  0.68 0.35
   92 A    6 -3 -3 -4  0 -3 -3  0 -4 -4 -4  0 -3 -4 -3  1 -3 -5 -4 -3   72   0   0   0   2   0   0   7   0   0   1   5   0   0   0   9   0   0   0   0  1.19 0.51
   93 Q   -3 -2 -3 -4 -4  7 -2 -4  0 -3  3 -2  0 -2 -4 -2 -2 -4 -4 -3    1   1   0   0   0  57   0   1   2   0  29   0   2   1   0   2   1   0   0   0  1.32 0.57
   94 H   -2 -3  0 -3 -4 -2 -3 -4  9 -4 -3 -3 -3  1 -4 -3 -4 -4  1 -4    4   0   3   0   0   1   1   1  74   0   2   1   0   5   0   1   1   0   4   1  2.15 0.58
   95 L   -2 -3 -3 -3 -2 -2 -3 -3 -3  0  4 -3  2  2 -3 -3 -2 -2  0  0    1   1   1   1   0   1   1   1   0   1  73   1   6   9   1   1   1   0   2   1  0.65 0.20
   96 T   -1 -1  3 -1 -2 -1 -1 -2  0 -2 -2  1 -2 -3 -2  2  4 -3 -2 -2    1   1  17   1   0   1   1   1   2   1   1   9   0   0   1  16  47   0   0   1  0.50 0.19
   97 N   -2 -2  6  1 -3 -1 -1  1 -1 -4 -4 -1 -3 -3 -2  0 -1 -4 -3 -3    1   1  70   4   0   1   1  11   0   1   1   1   0   0   1   6   1   0   0   1  0.98 0.26
   98 T    0 -2 -1 -2  0 -2 -2 -2 -2 -1 -2 -2 -1 -3 -2  2  5 -3 -2  1    3   1   2   1   1   1   1   1   0   2   1   1   0   0   1  12  64   0   0   9  0.63 0.23
   99 V   -1 -1 -2  0 -2  0  0 -3  0  2  0  0  0 -1  0  0  0 -3 -2  3    2   1   0   6   0   3   6   1   3  12   3   5   1   3   4   8   2   0   0  39  0.18 0.14
  100 F   -2 -3 -3 -4 -3 -3 -3 -4 -2  1  2 -3  1  6 -3 -3 -2 -1  3  1    1   0   0   0   0   0   1   1   0   8  24   1   2  42   0   1   1   0   9   8  0.69 0.23
  101 V   -2 -2 -3 -3 -2  1 -2  0 -2  3  2 -2  3  1 -3 -2 -1 -2  1  1    1   0   0   0   0   8   1   8   0  30  17   0  13   4   0   1   1   0   6   9  0.26 0.15
  102 D   -2 -2  1  6 -4 -1  2  0 -2 -4 -4 -2 -3 -4  1  0 -2 -4 -3 -3    1   0   4  60   0   0  10   5   0   0   1   0   0   0   8   7   1   0   0   1  0.89 0.27
  103 R   -2  5  1 -2  0  0 -1 -3  0 -3 -3  2 -1 -3  1 -2 -2 -3  0 -3    1  56   7   0   2   0   1   1   2   0   1  12   2   0   8   1   1   0   4   1  0.73 0.26
  104 A    3 -2 -2 -2  3 -1 -2 -1 -2 -1 -1 -2  0 -2  2  0  1 -3 -2  1   37   1   0   1   8   3   1   4   0   1   3   1   3   0  10   2   7   0   0  18  0.28 0.15
  105 L   -2 -2 -3 -3 -2 -2 -3 -3 -3  3  4 -3  2  1 -3 -2 -2 -2 -1  1    1   1   1   1   0   1   1   1   0  23  52   1   3   6   1   1   1   0   0   4  0.47 0.17
  106 I   -1 -1  0 -1  0  1  0 -2 -2  2  0  0  1  0  1 -1 -1 -2 -1  1    2   1   6   3   2   8   6   1   0  23   8   6   3   3   9   4   1   0   1  13  0.09 0.07
  107 V   -2 -3 -3 -3  4 -3 -3 -3 -3  2 -1 -3 -1 -2  1 -2 -2 -3  1  4    1   1   1   1  13   1   1   1   0  11   3   1   0   0   8   1   1   0   7  50  0.62 0.26
  108 V    0 -1 -2 -2  1 -1 -1 -2 -2  1  0  0  0 -1 -2  1  1 -2  1  2    9   3   0   1   3   0   3   2   0   9   5   7   1   2   0  12   9   0   6  27  0.12 0.11
  109 P    0 -1 -1 -2  2  0 -2 -3 -3  0  0 -2 -2 -3  6 -1 -2 -3 -3 -2    9   3   2   1   4   3   2   1   0   8  11   2   0   0  47   4   1   0   0   1  0.85 0.27
  110 Y    0  0  0 -2  2 -2 -2  0 -2  0  0 -2  1  1  1  0  0  4  1  0    7   7   7   0   6   0   0   7   0   7   7   0   6   6   7   7   7   6   6   7  0.11 0.14
  111 A    1  0  0  0 -2  1  0 -1  1 -1 -1  0  1 -1  1  1  0 -3 -1 -1   12   6   6   3   0   7   4   3   5   3   7   6   5   3   8  10   6   0   2   3  0.07 0.09
  112 E   -1 -1  1  2 -4  1  2 -1  1 -2 -2 -1 -1  0 -1  2  0 -4  0 -3    3   3   6  15   0   6  17   5   3   3   3   3   2   4   3  15   5   0   3   0  0.23 0.22
  113 G    0 -3  2  2 -4 -2  1  3 -3 -3 -2 -3  0 -1  1  0 -1 -4 -4 -1    6   0  12  10   0   0  10  28   0   0   3   0   3   3   8   5   4   0   0   4  0.38 0.30
  114 V   -1  0  0  1  0  0  2 -1 -2 -1 -1  1 -1 -1  0  0  0  0 -3  0    5   3   4   9   2   4  18   3   0   4   5  13   2   3   5   5   6   2   0   7  0.13 0.15
  115 I   -2 -4 -5 -5  1  0 -4 -5 -1  6  0 -2  2 -1 -1 -2 -3 -4 -1  1    2   0   0   0   3   6   0   0   2  53   8   3   6   2   3   3   0   0   2   5  0.94 0.51
  116 P   -1 -5 -5 -5 -5 -4 -2 -5  1 -1 -5 -1 -1 -1  7 -1 -4  1 -5 -5    6   0   0   0   0   0   3   0   3   4   1   4   2   2  67   4   0   2   0   0  1.82 0.77
  117 D   -3 -2 -1  5 -2  0  3 -2 -3 -1 -2 -1 -4 -5  0  0 -2 -5 -4 -2    0   2   2  43   1   3  17   2   0   3   4   3   0   0   5   9   2   0   0   3  0.75 0.43
  118 E   -1 -3 -1  0 -5  1  6 -1 -3 -4 -2 -1  0 -1  0  0 -3 -4 -4 -4    5   0   2   4   0   6  55   4   0   0   4   2   2   3   4   8   0   0   0   0  0.88 0.51
  119 A    0 -1  0  0 -2  1  0  0  1  0  0  0  1  0  1  0  0 -2  1  0    6   0   6   6   0   6   6   6   6   6   6   6   6   6   6   6   6   0   6   6  0.04 0.08
  120 K   -1  1  0  0 -3  0  0 -1  1 -1 -1  2  1  0 -1  0  2 -3  1  0    4   7   5   4   0   4   4   3   3   3   5  17   4   3   3   5  14   0   7   6  0.11 0.16
  121 A    5 -1 -4 -5  2 -4 -4  0  1 -1 -2 -4 -4  0  1  0 -1 -5 -4 -1   49   4   0   0   4   0   0   8   4   3   4   0   0   4   8   5   4   0   0   3  0.65 0.48
  122 L    0 -2  1 -1 -2  1  0 -2 -2  1  0 -1  2  1  1  0  1 -2 -1  0    8   0   8   0   0   8   8   1   0   8   8   0   8   8   8   8   8   0   0   8  0.09 0.11
  123 S    0  0  1  0 -3  2  1 -1  1 -1 -1  1  0  0  0  1 -1 -3 -2 -2    6   3   9   3   0  14   8   3   5   4   7   9   2   5   3  14   2   0   0   2  0.14 0.17
  124 L   -1 -1 -1 -3  2 -1 -1 -1 -2  1  2 -1  2  0 -1  0  0 -2  1  1    3   2   4   0   5   2   3   4   0  11  24   3   5   3   2   9   7   0   5   8  0.12 0.14
  125 L    1 -1 -2 -3  1  0 -2  0 -3  0  1 -1  2 -2  0  1  1  1 -3  0   14   3   0   0   4   4   0   9   0   4  17   2   8   0   5  12  10   2   0   5  0.15 0.20
  126 A    2 -1  2 -1  1 -1 -1  1  0 -3 -2 -1 -2 -2 -1  2  0 -4 -3 -2   23   3  13   3   3   2   2  11   2   0   4   3   0   2   3  20   3   0   0   2  0.25 0.25
  127 P    0 -1  1 -1 -4  0 -1 -1  0 -3 -3 -2  1 -2  5  0  1 -4 -1 -2    8   2   9   2   0   4   3   4   2   0   2   0   4   2  39   6   8   0   2   2  0.69 0.41
  128 A    0  0  1  0 -2  1  0  0  2  0  0 -1  1  0  1  0  0 -3 -1  0    6   6   6   6   0   6   6   6   6   6   6   0   6   6   6   6   6   0   0   6  0.04 0.09
  129 N   -1 -1  3  0  1  1 -1  0  3 -2 -2 -1  1 -1  0  1  1  2  0 -2    4   3  13   4   3   7   3   7   6   3   4   3   4   3   5  11  10   3   3   3  0.19 0.18
  130 A    2 -2 -1 -2  0  0 -2  0 -3  0 -1  0  1 -1  2  1  1 -3 -1  0   17   0   2   2   1   4   0   6   0   6   6   5   4   2  12  12  12   0   2   7  0.17 0.19
  131 V   -1 -3  0 -2 -3  1 -2  1 -3  0  0 -1  2 -1 -1  0  0  0  0  2    4   0   6   2   0   8   0  14   0   4   6   2   7   2   2   9   4   1   4  23  0.16 0.22
  132 A    1 -1  0 -3 -3  2 -1 -1 -3 -1 -1 -1  2 -3  4  0  0 -4 -3 -1   15   3   6   0   0  10   3   5   0   4   7   4   7   0  19   7   5   0   0   5  0.30 0.28
  133 G    0  1  1 -1 -4 -1 -2  4  0 -1 -2 -1 -3 -4  2  2 -1 -4 -4 -2    7   7   7   3   0   3   2  30   2   4   3   2   0   0   9  14   4   0   0   2  0.37 0.30
  134 L    0 -1  1 -2 -3  2 -1  0  1  0  2 -1  2  0 -1  0 -1 -1 -1  0    6   3  10   1   0  10   3   7   4   5  21   2   7   4   3   5   2   1   2   6  0.09 0.16
  135 L   -1  0  0  0  2  0  0 -1  2  0 -1 -2  1  0  0  0  0  3  1  0    5   5   5   5   5   5   5   5   5   5   5   0   5   5   5   5   5   5   5   5  0.07 0.11
  136 P   -1 -3  0 -1 -4  0 -1 -1  3 -1 -1  0  1 -4  4  0  1 -4  0  0    5   0   5   4   0   4   4   5   8   4   5   5   4   0  23   6   8   0   3   7  0.35 0.29
  137 G    0 -1  1  0 -3  0  0  3  0 -1 -2 -1 -1 -2  1  0  0 -4 -3 -1    8   3   7   6   0   5   7  28   2   4   2   3   2   2   6   7   6   0   0   3  0.25 0.22
  138 G    1 -2 -1  0 -3  1  1  2  0 -1 -1  0  0 -2  0  0  0 -3 -2 -1   12   0   3   5   0   7  12  18   2   3   6   5   2   1   5   8   6   0   1   4  0.14 0.16
  139 G    0 -1 -2 -2 -1  1 -1  0  0 -1 -2  0  0 -1  4  0 -1 -4 -1 -1   10   3   2   2   1   6   3   9   3   4   3   6   3   2  25   9   3   0   2   5  0.34 0.27
  140 L    0 -1  0 -1 -1  2 -1 -2 -2 -1  1  1  0 -1  0  0  0  1 -1  1    6   3   4   3   1  12   3   2   0   2  17  11   2   2   5   5   6   2   2  11  0.09 0.15
  141 L   -1 -3 -1 -2 -3 -3 -1 -1 -1  0  3  0  0  1  0 -1 -1  5  0 -1    4   0   3   2   0   0   4   4   1   5  39   6   2   5   4   5   3   8   2   3  0.35 0.30
  142 P   -1 -2 -2 -4 -5 -1 -1 -2 -4  0  0 -1  1 -4  6 -1 -1  2 -2  0    4   3   2   0   0   3   3   4   0   5  10   3   3   0  41   4   4   3   2   6  0.77 0.49
  143 T   -1 -1 -1 -3 -3  0 -1 -1  0 -1 -1 -3 -1 -2  2  2  4 -4 -3 -1    5   3   3   1   0   4   4   5   3   3   6   1   2   2  11  14  31   0   0   3  0.40 0.36
  144 P    0 -1 -1  0 -3 -1  0 -2 -1  1 -2 -1 -1 -1  5  0  0 -4 -1 -1    7   3   3   6   0   2   7   2   1   8   3   3   2   3  30   7   6   0   2   5  0.43 0.30
  145 N   -1 -2  3  3 -3 -1 -1 -2  3 -2 -2 -1 -3 -1  0  0  2 -4 -1  0    4   2  16  17   0   2   3   2   9   2   2   2   0   2   5   6  16   0   2   9  0.31 0.28
  146 P   -1 -3 -3 -2 -1  0 -2 -4  0  1 -1 -1  0 -1  5 -1 -1 -4 -3  3    3   0   0   3   1   5   2   0   2   6   6   4   3   3  32   5   2   0   0  21  0.60 0.40
  147 L    0  0  1 -1 -1  0 -1 -2  0  1  1 -1  1  1  1  0  1 -3 -2  0    6   5   9   2   2   5   2   2   2   7  15   2   5   7   6   7   9   0   0   8  0.06 0.10
  148 T    1  1  2 -1 -3  1 -2 -1 -2 -1  1  0  1 -1  0  1  0 -3 -2 -1   11   7  13   3   0   6   0   3   0   3  18   4   4   2   5  10   7   0   0   4  0.12 0.18
  149 Q    1  0  1 -1  0  3  0 -3  1 -1 -1  0 -2 -3 -1  1  2 -4 -3  0   10   4   9   3   3  17   5   0   4   4   7   5   0   0   3   8  13   0   0   6  0.19 0.22
  150 I    0 -2  0 -1  1  0  0 -2 -2  2  0 -1  2  0 -1 -1  0 -3 -2  2    9   0   6   3   4   6   6   2   0  15   8   2   6   4   2   4   6   0   0  17  0.11 0.15
  151 G    0  0  1  0 -3  2  1  3 -1 -1  0 -1 -1 -4  0  0 -1 -4 -3 -1    5   4   6   4   0  14   9  24   1   3   9   2   1   0   5   5   3   0   0   3  0.24 0.24
  152 A   -1 -2  0  0  0  1  1  4 -3 -1 -2 -2  0 -3 -2  0  0 -4 -3 -2    4   1   4   5   3   9   9  34   0   4   3   2   3   1   2   5   7   0   0   2  0.36 0.29
  153 V   -2 -3  0 -2  0 -1 -2 -1 -1  2  2 -3  2 -2  0 -1  0 -3 -3  3    2   0   6   2   2   2   2   5   1  13  20   0   6   1   5   5   5   0   0  22  0.23 0.22
  154 P   -1  0 -2 -2 -2  0 -1  2  0 -3 -4  1 -4 -5  6 -1 -2 -5 -2 -3    4   5   1   2   1   5   3  18   2   1   1  10   0   0  38   3   1   0   2   2  0.81 0.48
  155 L    0 -1  1  1 -3  0  0 -2 -1 -1  1 -1  0  1  3 -1 -1 -3  1 -1    7   2   7   8   0   5   6   2   1   3  16   2   3   6  19   3   3   0   5   3  0.21 0.20
  156 A    0 -2  2 -1 -3  1 -1  2 -1 -1 -2 -2 -1 -3  1  1  0 -3  2  0    7   1  11   2   0   9   3  20   1   3   3   0   1   0   6   9   5   0   9   9  0.22 0.25
  157 A    1  1  0 -3 -2  3  0 -2  0 -1 -2  0 -1 -2  3  0  0 -4 -3  0   11   8   5   0   1  16   4   3   2   3   4   3   1   2  18   7   5   0   0   6  0.29 0.27
  158 L   -1 -1 -1 -2 -3  1 -1 -2  0  1  1 -1  3  0  2 -1 -1 -3 -1  1    5   2   4   1   0   9   2   2   2  10  15   2   9   3  10   4   3   0   2  13  0.16 0.19
  159 G    0 -1 -1 -3  0 -2 -1  2 -1  1  1 -2  2 -2  0 -1  0 -3  0  2    8   4   2   1   2   1   3  16   2   7  17   1   7   1   5   3   4   0   3  15  0.12 0.15
  160 A    1 -2 -1 -2 -1 -2 -2  1 -3  3  0 -2 -1  0  2 -1  0 -3 -1  1   15   2   2   2   1   0   2  11   0  22   9   2   1   3   9   3   4   0   1  10  0.18 0.19
  161 P    1 -1 -1  1 -1  0 -1 -1 -1 -1 -1 -1  0 -1  3 -1  1 -3 -1  0   13   3   2   9   1   4   3   5   2   4   5   3   4   3  17   3  10   0   2   7  0.16 0.15
  162 T    0 -4  2 -1 -2  1  0 -1 -4 -1 -3 -3 -4 -5 -1  1  5 -5 -2 -2    7   0   9   2   1   6   6   4   0   3   1   0   0   0   3   8  45   0   1   3  0.69 0.53
  163 L   -1 -3 -1 -2  0 -1 -3 -2  1  2  2 -3  3  1 -2 -1  1 -3  2  1    3   0   3   1   2   3   0   3   4  17  17   0   9   5   1   4  10   0   8   8  0.23 0.22
  164 D   -2 -4 -1  7 -6  2  1 -3 -4 -5 -4 -2 -5 -6 -2 -3 -2 -6 -5 -2    4   0   2  64   0   9   6   2   0   0   2   2   0   0   2   1   2   0   0   3  1.45 0.75
  165 P   -2 -2 -4 -2 -1 -3 -1 -2 -1 -3 -3 -3 -5 -6  7  0 -2 -6 -5 -4    3   2   0   2   2   1   3   4   2   1   3   1   0   0  65   7   3   0   0   1  1.66 0.81
  166 A    0  1  1 -1 -3  0  0 -1  0 -1 -1  1 -1 -2  0  1  2  0 -2 -1    8   8   8   3   0   3   7   3   3   4   6  10   1   2   5   8  18   1   1   3  0.14 0.17
  167 L   -2  2 -2 -4 -4 -1 -2 -2 -4  1  4  0  3 -1 -1 -1 -2 -4 -1 -1    3  12   1   0   0   2   2   3   0   7  38   6   7   3   3   4   2   0   2   4  0.40 0.33
  168 A    2  0 -2 -1 -3 -1  1 -2 -3  1 -1  0  0 -1  0  1  1 -4 -1  1   18   6   1   3   0   2  10   2   0   8   4   5   3   3   5   9   9   0   1  11  0.12 0.17
  169 A    3 -3 -2  0  0  0  3 -1  0 -2 -3 -2 -1  0 -1 -1  0  0  0  0   27   0   1   5   2   4  19   5   2   2   2   1   2   4   2   4   6   1   4   7  0.28 0.29
  170 L   -1  0  1 -2  0 -1  1 -2  1  0  1 -1  1  2 -2 -1 -2 -3  0  0    4   6   9   1   3   2   9   3   5   5  20   3   4  10   2   5   0   0   4   6  0.10 0.15
  171 G   -1 -2  2 -1 -4 -1  0  3 -3 -2 -3 -2  0  0 -1 -1  2 -4 -1  0    5   2  11   3   0   2   7  23   0   2   1   2   3   4   3   4  17   0   2   6  0.30 0.28
  172 L    0 -1 -3 -2  1 -1 -1 -4 -3  1  3 -3  1  2 -1 -1 -2 -3 -1  1    8   4   0   2   4   3   5   0   0   9  29   0   3  10   3   5   0   0   1  13  0.24 0.23
  173 P    0 -1 -3 -4  0 -1 -2 -4  0 -4 -1 -4  0  2  6 -2 -3 -4  2 -1    8   3   1   0   2   2   3   0   2   0   5   0   3  10  44   2   0   0   9   4  0.98 0.55
  174 G    0 -2  1  0 -1  1 -1  2 -2  0 -2 -1 -1 -2  2  0 -1 -3 -2  2    8   0   7   6   1   9   3  15   0   5   2   2   1   2  12   6   3   0   1  18  0.20 0.21
  175 A    1 -1 -2  0 -3  1  1  2  0 -2 -2 -2  2  0  2  0 -1 -2  2 -1   13   2   0   4   0   6   9  17   2   2   3   0   7   4   9   6   2   0  11   3  0.18 0.21
  176 N   -1 -1  5  0 -4  2  0  0  0 -4 -2 -2 -3 -2  3 -1  1 -4 -1 -3    5   2  32   3   0   9   6   5   2   0   4   0   0   2  14   2   9   0   2   0  0.48 0.38
  177 L   -1 -2 -2 -3 -2  0 -1 -3  0  1  2 -1  2  1  1  0  1 -2  0  1    3   0   0   0   0   4   4   0   2   9  22   3   6   8   6   9  10   0   4   8  0.16 0.18
  178 N   -1  0  2  3 -1 -1  0 -1 -2 -1  0  0  0 -3  0  0  0 -3 -3  0    4   4  11  22   2   2   6   3   0   2  12   8   2   0   4   7   5   0   0   6  0.18 0.17
  179 S   -1 -3 -2 -2 -2 -1 -1 -1  1 -2 -3 -1 -1 -3  5  3 -1 -4  2 -2    5   0   1   2   1   2   3   5   3   2   2   3   2   0  31  26   2   0   8   2  0.66 0.43
  180 Q    1  1  1  0  0  2  0  0  0  0 -1  0 -1 -2 -1  0 -1 -3 -1 -1   14   8   6   4   2  14   6   8   3   6   5   6   1   0   1   6   2   0   2   4  0.10 0.12
  181 S    0  1  1  0  0  0 -1 -2 -2 -2 -1  2  1 -3 -1  2  2 -4 -3 -2    9   8   6   4   2   4   1   2   0   2   6  14   4   0   2  18  16   0   0   2  0.21 0.22
  182 L    0 -3 -3 -3  0  0 -2 -3 -3  3  2 -3  0 -1 -3 -1  1 -3 -1  3    7   0   0   1   2   5   3   1   0  21  17   1   2   1   0   5   9   0   2  22  0.33 0.25
  183 A    1 -1  0  1  2 -1  3 -3 -3 -3 -1 -2 -3 -4  0  1  2 -4 -3 -1   15   2   3   8   4   2  23   0   0   0   6   0   0   0   4  12  16   0   0   4  0.33 0.31
  184 A    2 -2  0  0 -3 -1  2  0 -1 -1 -1 -1  0  1  0  0 -1 -3  0 -1   21   0   3   3   0   2  20   7   1   4   5   3   2   9   4   7   3   0   3   3  0.16 0.20
  185 D   -2 -2  1  3  0  2  2 -3 -1  1 -2 -1  0 -2  0  1  0 -4 -3 -2    2   0   6  17   3  10  17   0   1  13   2   2   3   2   4  11   5   0   0   1  0.28 0.28
  186 Q   -1  2  0  2 -2  4  2 -1  0 -4 -3  0 -1 -4 -3 -2 -2  0 -1 -1    6  12   4  11   1  27  15   4   2   0   2   4   1   0   0   1   1   1   2   4  0.46 0.36
  187 L    0  2  0 -3 -1  0 -2 -1 -3  0  3 -2 -1  0 -4 -1 -2  0 -1  2    9  13   5   0   2   5   2   4   0   5  32   0   0   3   0   3   1   1   2  14  0.23 0.26
  188 L   -2 -1 -2 -2 -3 -2  0 -1 -3  1  3 -2  3 -2  1 -1  2 -4 -3 -1    1   4   1   2   0   1   6   6   0   7  31   1  11   1   7   3  17   0   0   1  0.31 0.31
  189 K    0 -1 -1  1 -3  1  2 -1 -1  0 -2  2 -2 -1 -1  0  0 -1 -2  0    7   2   2  10   0   6  18   3   1   6   3  17   0   3   1   9   4   1   0   8  0.18 0.19
  190 L   -2 -3 -4 -4 -3 -1 -2 -4  0  1  2 -3  2  5 -2 -2 -2 -2  3  0    3   0   0   0   0   3   2   0   2   6  22   0   5  33   2   3   2   0   9   7  0.59 0.35
  191 M   -1 -1 -2 -4  0 -1 -2 -2  0  0  0 -4  3  6 -1 -2 -2 -3  0  1    4   4   2   0   2   2   3   4   2   5   6   0   8  39   4   3   2   0   2  10  0.59 0.39
  192 S    0  0  2  0  0  0 -1  2  0 -1 -2  0 -1 -3 -1  2  1 -4 -3 -1    7   6  14   4   2   5   2  16   2   3   4   4   2   0   3  16   9   0   0   3  0.19 0.18
  193 T    1  0  3  1 -3  2  0  0  0 -3 -3  0 -3 -4 -3  1  2 -4 -3 -1   11   4  15   9   0  10   4   7   3   0   1   4   0   0   0  10  17   0   0   4  0.30 0.26
  194 V    0  2 -1 -3  1 -2 -3 -1  2  1  1  0  1 -1 -3 -2 -1 -3  0  3    7  14   2   0   3   0   0   4   6   8  10   4   4   3   0   2   2   0   4  26  0.21 0.22
  195 D    0  0  0  0  2 -1  0  0  1  0 -1  0 -1  0  1  0  0 -2  1  0    6   6   6   6   6   0   6   6   6   6   6   6   0   6   6   6   6   0   6   6  0.03 0.07
  196 P    0 -1 -2 -1  1 -2  0  0 -3  2  1 -1 -1  0  2  0  0 -3 -2  0    5   4   0   4   4   0   6   8   0  17  18   4   0   4  10   6   4   0   0   7  0.11 0.14
  197 K   -1  2  0  0 -3  1  1 -1 -2  0 -1  3  0 -3 -3  0  0 -3  0 -1    3  11   4   4   0   5   8   3   0   5   6  30   2   0   0   8   5   0   3   3  0.26 0.24
  198 L   -1 -1  0 -3  2 -2 -1 -2 -3  2  1 -2  1  0 -3 -1  0  1  0  2    3   3   5   0   5   0   3   3   0  18  16   2   4   4   0   4   5   2   3  18  0.18 0.18
  199 N   -1  1  3 -1 -3  1 -1 -1  0 -1  0 -1  2  0 -2  0  1 -3  1 -1    4   7  18   3   0   7   3   4   1   4   9   2   7   3   2   5  10   0   6   5  0.12 0.18
  200 H    0  1 -1 -1 -4  0 -1 -2  7 -3 -2 -2  2  1  1  0 -1 -4  1 -2    8   7   2   3   0   5   4   2  29   0   3   0   7   5   7   6   3   0   5   3  0.54 0.40
  201 V    1 -2 -1  0  0 -2 -1 -1 -3 -1  0  0  1 -1 -3  3 -1  0 -1  0   13   2   3   4   2   0   2   4   0   4  10   6   4   2   0  34   2   1   2   5  0.26 0.30
  202 A    1  2  2  0 -1 -1 -1 -1  0 -1 -1  0 -1 -1 -3  1  2 -4 -1 -1   15  12   9   5   1   2   3   2   2   2   6   6   1   3   0   8  18   0   2   3  0.17 0.21
  203 A    2  0  2 -2  1  2 -2  1 -1 -1 -2 -1  0 -1 -3  0  0 -4 -2  1   21   6  12   1   3  11   1   9   1   3   1   2   3   3   0   5   7   0   1  11  0.20 0.25
  204 G    3 -3  0  2  0 -3  0  3 -1 -3 -4 -3 -1 -4  1  0 -1 -5 -4  0   24   1   3  12   2   0   5  25   2   1   0   0   2   0   8   5   3   0   0   6  0.44 0.35
  205 L   -3 -3 -2 -1 -1 -1  2 -3 -3  4  1 -2  0 -1  0 -2 -1 -4 -1  1    0   0   2   4   1   2  18   2   0  31  13   2   2   2   4   2   4   0   2   7  0.36 0.32
  206 V   -1 -3 -1 -1 -1 -1 -1 -1 -3  2  0 -3  1 -1 -2 -1  0 -4 -1  4    5   0   3   4   1   3   5   4   0  12   7   1   4   2   2   3   7   0   2  35  0.30 0.27
  207 S   -2  0  0  0 -5  1  0 -1 -3 -2 -2  5 -3 -4  0 -1 -2 -4  0 -2    2   4   5   4   0   4   7   4   0   2   5  46   0   0   4   5   1   0   4   3  0.62 0.45
  208 P   -1 -2 -1 -2 -1  0 -1 -3 -1 -3 -2 -1 -1 -2  6 -1 -2 -4  3 -3    5   2   3   2   2   4   4   2   1   2   5   4   1   2  44   5   2   0  10   1  0.86 0.49
  209 S    1  0 -1 -1 -3  3  0  0 -1 -2 -2 -1  1 -1  2  0  0 -3  1  0   10   4   2   2   0  16   7   8   1   2   3   2   4   3  12   7   7   0   6   6  0.18 0.21
  210 L    1  2 -1  0 -3 -2 -2 -2 -3  0  2  0  3  0 -2 -1  0 -3  0  0   11  12   3   5   0   0   1   2   0   6  24   4  10   3   1   4   5   0   3   5  0.19 0.23
  211 K   -1  1 -1 -2 -4 -1 -1 -3 -3  0 -2  4 -1  2 -1 -1  1  0 -3  1    4   6   2   2   0   1   3   1   0   5   3  33   2  10   3   3  10   1   0  10  0.35 0.33
  212 S    0 -2  0 -2  2 -1  1  0  0 -1 -1 -1  0 -1  2  2  1 -4 -3 -1    9   1   3   0   5   2  13   7   2   5   6   2   2   3   9  18   9   0   0   4  0.16 0.21
  213 D   -1 -1  2  2 -1  1  2  1  0 -2 -3 -2 -1  2 -3 -1  0 -4 -1 -2    6   2  13  15   2   7  16   9   2   2   2   0   1  11   1   3   5   0   1   1  0.29 0.28
  214 T    1  0 -1 -1 -3  0  1 -1 -1 -1 -2  0  0  1 -1  1  2  1  0 -1   16   4   2   2   0   3  11   5   1   4   2   6   2   7   3   9  14   2   3   5  0.10 0.15
  215 S    2  0  1  3  0  1  1 -2  0 -2 -2  0 -1 -2 -1  1 -1 -4 -3 -1   18   5   5  18   2   7   7   0   2   2   4   4   2   2   2  12   1   0   0   4  0.22 0.22
  216 S    1 -1  2 -2  0  4 -1  1 -2 -1 -1  0  1  0 -1  1 -2 -4 -3 -2   12   1  10   0   2  24   2  11   0   3   6   3   4   5   2  10   1   0   0   2  0.29 0.31
  217 K    0  1  1  1  1  0  0 -1  0 -1 -1  1 -2 -2  1  1  0 -3  0 -1    8   9   9   9   3   2   4   2   2   2   7  13   0   0   6  10   5   0   4   5  0.10 0.12
  218 E   -1  0  1  2 -4  1  4  0 -2 -4 -4  0 -3 -4  1  2  0 -4 -4 -4    5   4   5  12   0   5  30   7   0   0   1   4   0   0   6  15   4   0   0   1  0.47 0.34
  219 I    0 -1 -3 -3  1 -1 -1 -2 -3  2  1 -1  1  0 -1  0  0 -3  0  2    6   3   0   0   3   3   5   3   0  17  10   3   3   3   3   6   5   0   4  21  0.14 0.16
  220 E    0  0  0  1  0  0  2 -1  0  0 -1  1 -1 -3  1 -1 -1 -4 -3  0    9   6   3   9   2   4  19   3   2   7   4   7   2   0   8   3   3   0   0   7  0.15 0.16
  221 E    0  0  0  1 -3  0  3 -2  2  0 -2  0 -1 -3 -1 -1 -1 -3  2 -1    7   3   5   9   0   3  27   3   5   5   3   6   2   0   3   3   4   0   8   4  0.24 0.23
  222 A    4 -1 -3 -4  2 -1 -1 -1  0  0 -1 -2 -2  2 -3 -2 -1 -3  1  0   44   4   0   0   4   2   4   3   2   6   4   1   0   9   0   0   4   0   4   8  0.42 0.36
  223 M    0  0  0  0  2  0 -1 -2 -2  0  0  0  1  1  1  0  0 -2  1  0    6   6   6   6   6   6   0   0   0   6   6   6   6   6   6   6   6   0   6   6  0.06 0.11
  224 K    0  0  1  0  2  1  0  0 -1  0 -1  0 -1 -2 -2  0  0 -2  1  0    7   7   7   7   6   7   7   7   0   7   7   7   0   0   0   7   7   0   6   7  0.05 0.08
  225 R   -2  4  0 -1 -4  0  2 -1 -2 -2 -1  1  1 -1 -3 -1  0 -4 -3 -3    3  33   4   3   0   4  15   3   0   2   6   9   5   3   0   3   6   0   0   0  0.42 0.33
  226 V    0  0 -1 -3  0  0 -1 -2 -2  0  0 -1  0  2  0  0 -2 -2  1  3    8   4   2   0   2   4   5   2   0   4   6   2   2  12   4   6   0   0   6  29  0.17 0.21
  227 R   -1  2  0 -1  0  1  0 -1 -2  0  0  2 -1  0 -2  1  0 -3  0 -1    3  13   3   4   2   5   3   5   0   5  12  16   0   5   0  10   6   0   3   4  0.09 0.13
  228 E   -1  1  0  0 -1  1  5 -1 -2 -4 -3  1  1 -2 -3 -1 -2 -4 -3 -1    5   8   5   4   2   6  43   4   0   0   2   6   4   2   0   4   0   0   0   4  0.53 0.39
  229 A    2  0  0  0  0  1  0 -2 -2  1 -2 -1  0  0 -1  1  0 -3 -1  0   26   4   3   6   2   8   4   1   0  10   1   3   3   3   2  10   5   0   2   7  0.13 0.18
  230 Q   -3  1  1 -1 -4  6  1 -4  2 -4 -2  0 -3 -2 -1  0 -2 -4 -3 -2    0   6   5   2   0  49   6   0   5   0   4   3   0   2   3   7   2   0   0   2  0.85 0.54
  231 S    0  0  1 -1 -3 -1 -1 -3  4 -1 -2 -1 -1 -3  3  3  1 -4 -1 -3    5   4   8   2   0   2   2   0  13   4   4   3   1   0  14  28   6   0   2   0  0.41 0.33
  232 L    0  0 -2 -3 -1  0 -2 -3 -3  0  2 -2  1  1  0  2  1 -3 -1  0    5   6   0   0   1   4   1   1   0   5  21   0   3   6   5  23  10   0   1   7  0.19 0.23
  233 I   -3  1  0 -2 -3 -1 -1 -3 -3  5  0 -1 -1 -1 -4 -2 -1 -4 -3  1    1  11   6   2   0   2   3   1   0  47   7   3   1   2   0   3   2   0   0   8  0.56 0.38
  234 S    0  0  1 -1  1 -1 -1  0 -1  0 -2  0 -1  0  0  2  0 -3 -1  1    5   4   9   1   4   3   3   8   1   7   0   4   1   5   4  25   3   0   1  10  0.14 0.19
  235 A    4  0  0 -2  0 -1  0 -1 -1 -2 -2  0 -3 -4  0  1  0 -4 -3 -1   44   5   4   1   2   2   6   3   2   2   3   4   0   0   5   8   3   0   0   5  0.38 0.33
  236 A    3  0 -2 -1 -2 -1 -1 -1 -2  1 -1 -1 -1  0 -1  0  0 -3 -2  2   30   4   1   4   0   1   3   4   1  10   5   3   0   4   2   6   6   0   0  15  0.16 0.20
  237 I   -2 -1 -3 -4 -1  0 -2 -4 -3  4  2  0  2  0 -3 -2 -1 -3  0  1    2   3   0   0   1   5   2   0   0  31  23   5   6   3   0   3   3   0   4   8  0.37 0.27
  238 E    0  1  1  1 -2  1  1  0 -1 -2 -1  1 -1  1 -2  0  0 -2  1 -2    8   8   7   8   0   7   8   8   0   0   8   8   0   7   0   8   8   0   7   0  0.09 0.10
  239 P   -1  0  1  1 -2 -1  0  0 -2  0  0  0  1  0  1  0  0 -2 -1  0    1   7   7   7   0   0   7   7   0   7   7   7   7   7   7   7   7   0   0   7  0.05 0.09
  240 D    0  0  1  0 -2  1  0  0  2  0  0  0  1 -2  1  0  0 -3 -2  0    6   6   6   6   0   6   6   6   6   6   6   6   6   0   6   6   6   0   0   6  0.06 0.08
  241 K    0  1  1  0 -2  0  0  0 -1  0 -1  0  0  0  1  1  0 -2  1 -1    6   8   7   4   0   4   4   8   0   7   6   6   3   3   7  11   6   0   6   4  0.06 0.08
  242 K    0  0  0  0 -2  0  0  0  1  0 -1  0  1  0  1  0  0 -2  1  0    6   6   5   6   0   5   6   6   5   6   6   6   5   5   6   6   6   0   5   6  0.03 0.06
  243 E    0  0  0  0 -3  0  1  0 -2  0 -1  1  0  0  0  1  0 -2  1  0    5   6   4   4   0   3  11   6   0   5   6  10   4   4   4  10   7   0   6   5  0.05 0.09
  244 E    1  2  1  0 -3  0  1  0  1 -1 -1  2 -2  0 -1  1  0 -3 -2 -2   12  10   5   5   0   4   8   7   5   5   6  13   0   4   3   9   4   0   0   0  0.12 0.15
  245 K    0  2  0  2 -3  0  1 -1  0 -1 -1  1 -1 -2  0  1  0 -3 -1 -1    5  11   4  12   0   3   9   5   2   2   6  10   2   2   5  10   6   0   2   6  0.11 0.12
  246 R   -1  2  1  2  0  0  0 -1 -2  0  0  2  0 -1 -2  0 -2 -4 -3 -1    4  13   7  12   2   4   5   5   0   8   8  13   3   2   2   9   0   0   0   3  0.13 0.17
  247 R    0  2 -1  1 -4  0  2  0 -2 -1 -2  2 -3 -2  0  1 -1 -4 -1 -1    6  13   2   8   0   2  13   6   0   3   2  17   0   2   5  11   3   0   2   5  0.21 0.22
  248 H   -1  2 -2 -1 -3  0  1 -1  2  0  0  1  0  0 -3  1  0 -3  0  0    2  14   0   3   0   2  11   4   6   5  12   9   2   4   0  13   4   0   3   7  0.13 0.18
  249 S    0  2  1  0  0  0  0  0 -1 -2 -2  0 -1 -3 -1  2  0  0  0 -1    5  13   6   5   2   3   6   8   1   2   2   6   2   0   3  22   5   1   4   3  0.17 0.21
  250 R   -2  3 -1 -2 -4 -1  1 -2  5  0 -2  1  0 -4  0  2 -2 -4 -1 -2    2  17   3   1   0   2   9   3  14   5   4   9   2   0   4  17   2   0   2   3  0.35 0.32
  251 S    0  3 -2  0 -3  0  0  0 -1 -1 -2  1 -1 -1 -1  2  0  0 -3  0    5  17   0   4   0   3   5   7   1   4   3   8   1   3   2  21   5   2   0   8  0.19 0.24
  252 R   -1  3  0 -1 -1  0  0 -2  1 -1 -1  1  0 -1  0  2  1 -4 -1 -2    2  23   3   2   1   2   6   2   4   3   6   7   2   3   5  16   8   0   1   2  0.24 0.25
  253 S   -1  3  1  0 -3  1  1 -1  0  0 -2 -1 -1 -2 -1  2  0 -4 -2 -1    3  19   6   4   0   6   8   5   2   5   3   2   2   2   2  20   4   0   1   6  0.21 0.24
  254 R    1  3 -1 -1 -1  0 -1 -1  0 -2 -2  2 -3 -4  1  2 -2 -4 -2 -2   11  17   1   2   2   5   4   4   3   3   4  15   0   0   7  20   0   0   1   3  0.30 0.30
  255 S    0  2 -1 -3  0  0  0 -1 -1  2 -1  1 -1 -3  1  2 -1 -4 -3  0    5  14   3   0   2   2   7   3   1  15   5   8   1   0   6  17   3   0   0   6  0.17 0.22
  256 R    1  4 -2  0 -2 -1 -1 -2  0  0 -3  2  0 -4 -2  2  0 -4 -2 -1   13  24   1   5   1   1   2   2   2   6   1  12   3   0   2  14   5   0   1   5  0.32 0.31
  257 R   -1  4 -1 -2 -4  0 -1 -2 -1 -1 -1  3  0 -2 -1  2 -2 -4 -1 -1    4  22   3   1   0   4   4   3   1   3   6  19   3   1   2  16   1   0   2   4  0.33 0.31
  258 R   -2  3 -1 -1  0 -2 -1  0 -1 -4 -1  1 -4 -5  3  3 -2 -5 -2 -3    2  15   3   3   2   1   3   8   1   0   6   8   0   0  18  24   1   0   1   2  0.46 0.40
  259 R   -2  3 -1  1 -1  2  0 -2  0 -2  0  1 -2 -2 -1  2 -1 -4 -2 -1    2  18   2  10   1   9   4   3   3   2  10   8   0   2   2  15   3   0   1   4  0.21 0.24
  260 T    0  3 -1 -2  1  0 -1 -2 -1  0 -1  0 -1 -2 -1  3  1  0 -2 -1    6  17   2   1   3   3   2   2   2   6   6   6   1   1   3  25   8   1   1   5  0.23 0.27
  261 P   -2  4 -1  0 -5 -1 -1 -2 -1 -4 -1  3 -4 -5  2  2 -2 -5 -4 -2    3  20   3   5   0   2   4   2   1   0   5  22   0   0  12  17   1   0   0   3  0.53 0.43
  262 S    0  3  0 -1 -1  0 -1  0  1 -3 -2  1 -1  0 -2  3  0 -4 -2  0    5  17   3   3   1   3   3   8   4   0   2   6   2   4   2  24   5   0   1   6  0.24 0.27
  263 S    0  2  2  1 -2 -1 -1 -1  1 -2 -1  1 -3 -1  0  2 -1 -4 -1 -1    7  14   9   9   1   2   2   4   3   2   5   8   0   3   5  18   2   0   2   4  0.17 0.21
  264 S   -1  3 -3  0 -3 -1  2 -1  2 -3 -2  0 -3 -2 -1  2 -1 -1 -2 -2    3  21   0   6   1   2  16   4   6   2   4   5   0   1   2  20   2   1   1   2  0.37 0.35
  265 R    1  3 -2 -2 -4  1  1 -1 -1 -3 -2  2 -1 -1  0  2 -1  0 -3 -2   10  17   1   2   0   7   7   4   1   1   3  12   1   3   4  20   2   2   0   3  0.28 0.30
  266 H    1  3 -1  0 -4  0  0 -1  3 -2 -2  1 -1 -2  0  1 -1 -4 -3 -2   15  18   3   5   0   3   5   3  10   3   3   9   1   2   4  11   3   0   0   2  0.26 0.26
  267 R    0  3 -1  0 -4  2  1 -2  0 -2 -1  1 -2 -2 -1  2 -1 -4  0 -3    6  17   2   6   0   8   7   2   2   2   7  10   1   1   2  21   2   0   3   0  0.30 0.31
  268 R   -1  2  0  0  1  0  0 -1  0  0 -1  2 -2 -3  2  1  0 -3  0 -1    4  13   3   4   3   3   4   5   3   6   4  13   0   0  10  13   4   0   3   4  0.14 0.17
  269 S   -1  2  0  0 -3  0  1 -1  2 -1 -1  0  0 -3  0  1  0 -3  0 -1    3  14   4   4   0   4  11   4   6   3   4   5   3   0   5  15   5   0   4   3  0.15 0.18
  270 R   -1  4 -2  0  0  0  0 -1  0  0 -1  2 -2 -1 -1  1 -1 -4 -1  0    3  29   0   5   2   3   5   4   2   5   5  11   0   2   3  11   2   0   2   6  0.26 0.26
  271 S    0  2  0  0 -3  0  2 -3  1 -2 -1  1 -2 -3  0  2  0 -3  0 -2    7  13   2   4   0   2  13   1   4   2   6   8   0   0   4  21   6   0   3   2  0.22 0.24
  272 R   -2  4 -1 -1 -4  0  1 -2  1 -2 -3  2 -3 -4  1  1 -1 -4 -1 -2    1  29   3   2   0   4   9   3   3   3   2  12   0   0   9  13   2   0   2   3  0.42 0.32
  273 S    1  3  0  0 -3  1  0 -1  0 -3 -2  0 -2 -3 -1  2 -1 -3 -1 -2   13  19   5   4   0   5   6   3   2   0   4   4   0   0   3  22   3   0   2   3  0.26 0.25
  274 R   -1  4 -1 -1 -1  0  0  0  2 -1 -2  0  1 -1  1  1 -1 -3 -2 -1    3  26   1   3   1   4   4   8   7   3   3   5   4   3   7  10   2   0   0   5  0.24 0.24
  275 R    0  3  1 -1 -1  0  0 -1  1 -3 -1  1 -2 -3 -1  2  0 -4 -3 -2    5  19   5   2   1   4   5   3   3   0   8  10   0   0   2  23   4   0   0   3  0.26 0.25
  276 R   -2  4 -1  0 -4  1  1 -1  0 -1 -3  2 -1 -1 -1  1 -1  1 -1 -2    1  30   2   5   0   5   7   5   2   5   2  11   1   2   2  10   4   2   2   2  0.35 0.29
  277 S   -1  3 -1 -1 -1  1 -1 -1  1 -1 -3  0 -1 -2 -2  3  0 -4  0  0    4  17   2   2   1   5   3   3   4   3   1   5   2   1   2  29   3   0   3  10  0.29 0.29
  278 H   -2  4 -2  0 -4  0 -1 -2  2 -2 -1  3 -3 -2  0  2 -2 -4 -2 -3    1  25   1   6   0   2   3   3   5   2   6  21   0   2   4  15   2   0   1   1  0.44 0.35
  279 S   -1  2  0  2 -4  0  1  0 -1 -4 -4  0 -1 -4  0  3 -1 -1 -3 -1    3  14   4  12   0   3   9   6   1   0   1   6   1   0   5  26   3   1   0   4  0.34 0.30
  280 K    1  4 -2 -1 -2  0  0  0  0 -3 -3  1 -3 -1  0  1  0  0 -2 -1   11  26   1   2   1   4   5   6   3   0   1   8   0   3   5  14   4   1   1   4  0.29 0.26
  281 S   -1  2 -1  1 -3  2  0  1  2 -3 -2  0 -3 -3  1  1  0 -3  0 -1    3  13   2  10   0   9   6  10   7   0   2   6   0   0   6  12   6   0   3   4  0.21 0.21
  282 R   -1  3  0 -1 -3  1  0 -1  1 -3 -1  2 -2 -1  1  1 -1 -3  0 -2    3  19   4   3   0   5   4   3   3   0   6  16   0   2   6  15   3   0   3   3  0.25 0.23
  283 S    0  3 -1  2 -3  0  1 -2  1 -1 -1  0  1 -1 -1  2 -1 -1 -3 -3    6  19   2  14   0   4   8   2   4   3   6   3   4   3   3  16   2   1   0   1  0.23 0.24
  284 R   -1  5 -2 -1 -3  0 -1  1  0  1 -2  1  0 -2 -2  1 -1 -4 -3 -2    3  34   0   4   0   3   4  10   2  11   3   6   2   1   1  10   3   0   0   2  0.38 0.31
  285 R    0  4 -1  0 -1  0  0 -1  1 -1 -2  1 -1 -3 -1  2 -1 -4 -1 -3    8  32   1   5   1   3   6   3   4   3   3   6   1   0   2  16   3   0   2   1  0.38 0.31
  286 R    0  5  0  1 -4 -2 -1 -2  0 -2 -2  1 -3 -4 -2  1 -1  0 -3 -2    7  37   3   7   0   0   3   2   3   2   4   8   0   0   2  13   4   1   0   3  0.51 0.37
  287 S    0  2 -1  0 -3 -1  0 -1 -1 -2 -2  1 -3 -2  0  3  0 -4 -3  0    5  14   1   5   0   1   6   3   1   1   3   8   0   2   5  33   4   0   0   7  0.33 0.33
  288 K   -1  4  0 -2 -1  1 -2 -1  0  1 -3  2 -3 -4  1  1 -1 -4 -2 -2    3  26   5   2   1   5   1   3   2   8   2  16   0   0   7  14   2   0   1   2  0.39 0.34
  289 S   -2  3  0  2 -4 -1  2 -1 -1 -3 -2  0 -3 -4 -2  3 -1 -1 -2 -3    0  17   3  11   0   2  15   4   1   1   3   5   0   0   2  29   3   1   1   1  0.44 0.39
  290 P   -2  4 -2 -2 -1 -3  0 -3 -1 -5 -5  1 -4 -2  5  2 -2 -5 -4 -1    2  26   1   1   2   0   5   1   1   0   0   8   0   2  29  16   2   0   0   4  0.81 0.54
  291 R   -2  3 -1  1 -4  1  1 -2  2 -2 -1  1 -1 -3  0  1 -1 -4  0  0    0  22   1  10   0   6   7   1   5   1   5  10   1   0   4  12   2   0   3   8  0.28 0.28
  292 R   -2  4 -2  0 -4  1  0 -2  0 -1 -2  2  0 -4  0  2 -2 -4 -1 -2    1  29   0   4   0   5   5   2   2   4   2  14   3   0   5  17   1   0   2   3  0.43 0.37
  293 R   -2  4 -1  0 -2 -1  0  0  2 -4 -2  2  1 -1  0  2 -2 -1 -1 -2    1  26   1   4   1   1   6   6   6   0   2  12   4   3   4  18   0   1   1   2  0.37 0.34
  294 R   -2  5 -1 -1 -2 -2  0  0  2 -2 -2  1 -1 -2  0  1 -2 -4  0 -1    2  34   2   3   1   0   4   8   5   2   3   7   2   2   4   9   1   0   3   6  0.38 0.34
  295 S   -1  3 -1  1 -2  0  0 -1 -1 -2 -2  0 -3 -3 -2  3  0 -4 -1 -2    4  21   2   7   1   4   5   4   1   2   5   3   0   1   1  31   5   0   2   2  0.38 0.37
  296 H   -1  5  0 -1 -1  0 -1 -1  3 -5 -4  1 -4 -5 -1  2 -1 -5 -4 -2    3  37   3   3   1   4   3   5   7   0   1   8   0   0   3  17   2   0   0   2  0.64 0.46
  297 S   -1  4  0  2 -4 -1  0 -1  0 -3 -5  1 -2 -5 -1  4 -1 -5 -4 -4    2  22   4  10   0   1   5   3   2   1   0   8   1   0   2  35   2   0   0   1  0.60 0.46
  298 R   -2  4 -1  0 -4  0  0 -2  2 -1 -1  2 -2 -2  0  1 -1  0  0 -2    1  26   2   4   0   2   4   2   5   4   8  15   0   2   4  12   3   1   3   2  0.29 0.28
  299 E   -1  4 -1  3  0 -1  2 -2  0 -2 -2  1 -3 -3 -1  2 -1 -2 -2 -3    3  23   1  16   2   2  12   3   2   2   3   8   0   1   2  15   2   1   1   1  0.37 0.32
  300 R   -2  5 -3 -2 -5 -1  0 -3  1 -4 -2  2 -1 -1  0  1 -1 -5 -4 -2    3  40   0   1   0   2   6   1   4   0   5  11   1   3   4  13   2   0   0   2  0.66 0.47
  301 G   -2  4 -2  1 -4 -1  1  0 -1 -1 -4  1 -3 -3 -1  2 -2  1 -2 -2    1  30   0   7   0   1  11   6   1   3   1   8   0   1   3  18   1   2   1   3  0.45 0.37
  302 R   -1  5  0  0 -4  1  1 -1  2 -1 -4  2 -3 -4 -2  1 -1 -5 -3 -4    4  32   3   4   0   4   9   3   5   4   0  10   0   0   2  14   4   0   0   0  0.51 0.38
  303 R   -1  4 -2  1 -1  0  0 -2  0 -2 -4  2 -3 -2 -1  3  0 -5 -4 -3    5  27   0   8   1   3   5   1   2   2   0  12   0   1   3  24   4   0   0   1  0.49 0.39
  304 S    0  4 -1 -1 -4 -1 -1 -1 -1 -4 -3  2 -3 -4  0  3  0 -1 -4 -2    7  27   2   3   0   2   3   4   1   0   1  10   0   0   5  25   6   1   0   3  0.48 0.39
  305 R    0  5 -1  1 -2 -2  0 -2 -1 -4 -3  1 -4 -4 -1  2 -1 -5 -2 -3    9  32   2   7   1   0   7   2   1   0   2   9   0   0   4  19   3   0   1   1  0.53 0.41
  306 S   -2  4 -1 -1 -4 -2  0 -1 -1 -2 -2  1 -4 -4 -3  4 -2 -5 -1 -2    1  26   3   3   0   0   6   4   2   3   3   9   0   0   1  33   1   0   2   3  0.55 0.45
  307 T   -2  4  1  2  1 -1  0 -1  2 -4 -3  1 -3 -4  1  1 -2 -5 -1 -3    2  28   7  11   3   2   5   3   5   0   3   7   0   0   6  14   1   0   2   1  0.44 0.35
  308 S   -1  4 -1  0 -3  0  1 -2  1 -2 -4  1 -1 -1 -1  3 -2 -4 -1 -2    2  26   3   4   1   3   9   3   3   3   0   6   1   2   2  25   1   0   2   3  0.40 0.36
  309 K   -1  4  0  0 -2 -1 -1 -3  2 -5 -4  3 -4 -4  1  2 -1 -2 -4 -4    5  22   4   5   1   1   3   1   5   0   0  23   0   1   8  15   3   1   0   0  0.54 0.41
  310 T    0  1  0  1 -3  0  0  0  2 -2 -2  1 -2 -2  0  1  0  2  1  0    5  11   3   9   0   4   7   8   5   0   0   7   0   0   4  11   5   3   7   9  0.13 0.15
  311 R   -1  4 -1  0 -3  1  0 -1  1 -3 -2  1  1  0  0  0  0 -3  0 -1    4  27   0   5   0   5   5   5   4   0   1   9   4   5   4   8   5   0   4   4  0.23 0.22
  312 D   -1  2  0  3 -3  0  1  0  1 -3 -1  1 -2 -3 -1  1  0 -3 -1 -2    4  13   3  18   0   2  11   6   4   0   6   6   0   0   3  12   4   0   3   3  0.20 0.18
  313 K   -2  4 -2  0 -4  0  1 -2  1 -1 -2  3 -2 -3 -1  0  0  0  0 -2    0  29   0   6   0   1   7   2   3   5   2  19   0   0   3   9   4   1   3   3  0.38 0.31
  314 K   -1  3 -1  1  1  0  2  0  0 -3 -2  2 -2 -3 -1  1 -1 -3 -1 -3    4  18   2   6   4   3  18   6   1   0   3  13   0   0   3  13   2   0   3   1  0.28 0.24
  315 K   -1  3  0  0 -3 -1  0  0  2 -3 -2  2 -2 -2 -1  1  0  0  0 -1    3  22   4   5   0   0   5   7   5   0   3  14   0   2   2  10   8   2   3   4  0.22 0.20
  316 E   -2  2  0  2 -3 -1  2  1  0 -3 -1  1 -2 -2 -3  2  0 -4 -3 -2    1  16   2  13   0   1  15   9   2   0   5   9   0   2   0  19   4   0   0   1  0.29 0.26
  317 D    0  3  0  2 -3 -1  1 -2  0 -2 -2  1 -2 -1  1  1 -1  1 -2 -3    7  17   3  13   0   0  10   2   2   2   2  11   0   3   8  14   3   2   0   0  0.25 0.22
  318 K    0  4  0  0 -1 -1 -1 -1  1 -3 -2  2 -3 -4  1  2 -1  0 -3 -2    7  26   3   6   1   0   2   4   3   0   2  11   0   0   8  18   2   2   0   2  0.34 0.29
  319 E   -1  3 -1  1 -3  0  2 -1 -1 -1 -2  2 -2 -3 -1  1 -1 -4 -1 -2    4  22   1   7   0   1  15   3   1   4   2  16   0   0   2  15   2   0   2   2  0.32 0.27
  320 K    0  4 -1  1 -2  0  1  0 -2 -4 -3  3 -3 -4 -2  1  0 -4 -3 -3    7  24   2  10   1   2   8   6   0   0   1  21   0   0   1  11   4   0   0   1  0.40 0.30
  321 K    0  4  0  0 -4 -1  1 -2 -2 -3 -3  3 -1 -2 -1  1  0 -4 -1 -2    6  27   3   5   0   0   9   2   0   0   1  19   1   2   3  13   4   0   2   3  0.37 0.30
  322 R   -1  4 -1  0  0  0  0 -2  0 -2 -3  3 -3 -4 -2  1 -2 -4 -3 -1    5  31   1   4   2   3   6   3   2   3   1  21   0   0   1  12   0   0   0   4  0.46 0.34
  323 S    0  3 -1  1 -3  0  2  1  0 -3 -3  1 -1 -3 -1  2  0 -3 -3 -2    8  17   1   6   0   3  13  10   2   0   2   9   1   0   3  18   4   0   0   1  0.27 0.22
  324 K   -1  4 -1 -1 -4  0  0 -1  0 -3 -2  3 -3 -4  1  1 -1 -4 -3 -2    2  27   2   3   0   2   6   4   2   1   3  22   0   0   7  15   1   0   0   2  0.44 0.32
  325 T    0  3 -1  1 -3  0  1  0 -1 -3 -3  0 -1 -3 -1  2  3 -4 -3 -1    6  17   1   7   0   3   7   6   1   0   1   5   1   0   2  18  20   0   0   3  0.29 0.26
  326 P    0  2  1  2 -3 -1  0  0  1 -1 -3  1 -2 -3  2  1  0 -3  1 -2    5  12   5  15   0   0   5   6   4   5   1  12   0   0  11   9   4   0   5   0  0.22 0.18
  327 P    0  1  1  0  1  1  0 -1  1 -3 -2  1 -2 -2  2  1  0 -3  1 -2    5   7   7   5   3   5   6   4   3   0   4  11   0   0  11  11   7   0   7   0  0.15 0.15
  328 K   -1  3 -2  1 -3 -1  2 -1  1 -1 -1  2 -2 -3  0  1 -1 -4 -3 -1    3  24   0   7   0   0  13   4   3   4   5  15   0   0   5   9   3   0   0   5  0.28 0.24
  329 S   -1  2  0  2 -3  1  1  0  0 -3 -2  1 -2 -3  0  2 -1  0 -1 -1    2  14   4  12   0   8   7   6   2   0   2   9   0   0   4  18   3   2   2   4  0.22 0.19
  330 Y   -1  3  0  0 -3  0  1 -1  0 -1 -2  2 -1 -2 -1  0 -1 -2  2 -1    3  23   4   6   0   3   8   5   1   5   2  12   2   0   2   7   3   0  10   5  0.20 0.19
  331 S    0  3  0  1 -3  0  1 -1  1 -3 -3  1 -2 -3  0  2  0 -3 -2 -1    5  20   2   7   0   2   9   3   4   0   1   9   0   0   3  22   6   0   1   4  0.30 0.25
  332 T   -1  2  0  0 -3  0  1 -1  0 -1 -2  1 -2 -2  0  2  0 -3  0 -1    3  17   2   6   0   2   8   3   3   3   3   8   0   2   5  23   5   0   4   3  0.19 0.19
  333 A    0  3  0  1 -3  0  1 -1  0 -2 -3  2 -3 -4  1  2 -1 -4 -3 -2    5  19   2   9   0   2   8   3   2   2   1  16   0   0   7  20   3   0   0   2  0.35 0.27
  334 R   -1  4 -1  1 -4  0  1 -1 -1 -4 -2  3 -3 -4  0  1 -1 -4 -3 -2    4  29   2   7   0   3   6   4   1   0   3  20   0   0   3  12   2   0   0   3  0.44 0.32
  335 R   -1  5 -1  0 -2 -1  0  0  0 -4 -4  2 -3 -4 -1  1 -1 -4 -2 -1    5  36   1   4   1   0   6   8   2   0   0  15   0   0   3  10   2   0   1   6  0.49 0.35
  336 S    0  1  1  1 -2  1  1  0 -1  0 -1  1 -1 -2  1  0 -1 -3 -2  0    8   8   7   8   0   7   8   8   0   8   8   8   0   0   8   8   0   0   0   8  0.09 0.08
  337 R   -1  3  0  0  2  0  0 -1  2 -2 -2  1 -2  0  0  0 -1 -3  0  0    4  19   3   4   7   4   7   4   5   0   4   8   0   5   5   6   3   0   4   9  0.14 0.16
  338 S    0  1  1  0 -3 -1  0  0  0 -3 -3  1  0 -1  0  3  0 -3 -1 -2    6  11   5   6   0   0   5   6   3   0   1   7   3   3   4  30   6   0   2   3  0.22 0.24
  339 A    0  3 -2  0  1  0  0 -1  0 -2 -3  1 -3 -3  3  0  0  2 -3 -1    7  20   0   7   4   4   6   3   3   3   1   7   0   0  19   6   4   3   0   3  0.34 0.26
  340 S    0  1 -1  1  0  0  1 -1  1 -1 -2  1 -2 -2  0  2  0 -3  0 -1    4   9   0  11   2   2   7   4   5   3   3   7   0   0   4  21   6   0   4   6  0.14 0.17
  341 R   -1  4 -1  0 -4  0  1 -1  0 -3 -1  3 -2 -3 -1  0  0 -4 -1 -2    3  31   2   4   0   2   8   4   2   0   6  17   0   0   3   7   4   0   2   3  0.37 0.29
  342 E   -1  2  0  1 -3  0  3  1  1 -1 -2  1 -1 -3  0  1  0  1 -3 -3    4  11   2   6   0   2  22  11   3   4   2   9   1   0   3  10   4   2   0   0  0.23 0.22
  343 R   -1  3 -1  1 -4  0  1  0  3 -2 -2  2 -2 -3  1  0 -1 -3  0 -2    2  20   0   8   0   2   7   7   8   2   4  15   0   0   7   9   2   0   4   3  0.27 0.24
  344 R   -2  4  0  0 -4 -1  1 -2  2 -2 -2  3 -2 -1 -3  1 -1 -3  1 -3    0  28   4   4   0   0   8   3   4   3   4  19   0   3   0  11   3   0   5   0  0.39 0.31
  345 R   -2  4  0  1 -4  0  1 -2  2 -4 -3  2 -3 -2  0  0 -1 -4 -3 -2    0  31   3   6   0   3  11   3   6   0   2  14   0   2   6   8   3   0   0   2  0.46 0.33
  346 R   -1  4 -1 -1 -4  0  1 -1  1 -3 -2  3 -3 -2 -3  1  0 -4 -3 -2    4  25   1   3   0   2   8   5   3   0   4  20   0   2   0  14   4   0   0   3  0.37 0.30
  347 R   -2  4  0  0 -4  0  0 -2  3 -3 -2  3 -3 -4 -3  2 -1 -4 -3 -3    2  23   3   4   0   4   5   2   7   1   3  24   0   0   0  19   2   0   0   1  0.51 0.37
  348 S   -1  3 -1  0 -3  0  0 -2 -1  0 -3  1 -3 -1 -1  3 -1 -4 -2 -1    2  23   2   5   0   2   6   2   1   6   1  10   0   3   2  29   1   0   1   4  0.35 0.32
  349 R   -1  4 -1  1 -4 -1  0 -3  0 -2 -2  2 -3 -4 -1  3 -2 -1 -2 -1    2  25   2   9   0   2   5   0   3   2   3  12   0   0   2  26   0   1   1   4  0.41 0.35
  350 S   -1  2  0  2 -3  0  1  0 -2 -2 -3  2 -3 -1 -1  2 -1 -4 -3 -2    3  16   4  14   0   2   7   7   0   2   0  15   0   3   3  19   3   0   0   2  0.29 0.25
  351 G   -1  3 -1  2 -3 -1  1 -1 -2 -2 -3  2 -1 -3  1  2  1 -4 -1 -3    3  20   1  13   0   1   9   3   0   2   2  12   2   0   6  17   7   0   3   1  0.31 0.27
  352 T   -1  3  1  0 -3 -1  1 -2  0 -3 -2  2 -3 -1 -1  2  0 -4 -3 -2    4  23   7   5   0   0   9   2   1   0   3  12   0   3   2  19   6   0   0   2  0.32 0.27
  353 R   -1  4 -1  1 -4  1  1 -2  1 -3 -3  1 -3 -4 -1  2  0  0 -3 -2    4  29   1   8   0   5  11   1   3   1   0   9   0   0   2  17   4   1   0   3  0.43 0.32
  354 S   -1  3 -1  1 -3  0  0 -1  0 -3 -3  2 -3 -4  2  2 -1 -4 -2 -2    5  21   2   8   0   3   4   4   3   1   1  15   0   0   9  20   2   0   1   2  0.37 0.29
  355 P   -1  2 -1  1 -3  1  0  0 -2 -1 -1  1  0 -3  2  1 -1 -3 -3 -1    3  16   0   7   0   6   6   8   0   3   4   9   3   0  13  13   3   0   0   5  0.21 0.18
  356 K   -1  3  0  0  0  1  1 -1  0 -2 -3  2 -2 -3  0  1 -1 -4 -3 -2    4  21   5   5   3   4   8   3   3   3   1  17   0   0   4  14   3   0   0   3  0.28 0.22
  357 K   -1  3 -1  0 -3  0  1 -1  0 -1 -2  3 -2 -3 -1  1  0 -3  0 -1    1  19   0   6   0   4   7   4   3   3   3  22   0   0   3  12   4   0   3   6  0.24 0.21
  358 P   -1  2 -1  1 -3  1  1 -2  0 -2 -2  3 -2 -3  0  2  0 -3 -1 -1    3  13   0   9   0   4   7   1   2   2   3  20   0   0   4  21   3   0   3   4  0.26 0.23
  359 R   -1  4 -1  1 -4 -1  1 -2  0 -3 -2  2 -1 -3  0  1  0 -4 -1 -2    2  26   2   9   0   0  10   2   2   0   4  16   1   0   5   9   6   0   2   3  0.34 0.27
  360 S   -1  3  0  1 -3  0  1 -1  1 -3 -2  1 -2 -1 -1  2  1 -3 -1 -2    4  19   3   8   0   2   9   2   4   0   3  10   0   2   2  20   8   0   2   2  0.26 0.23
  361 P    0  3 -1  1 -3  0  0 -1 -1 -2 -3  2 -2 -2  3  1 -1 -4 -3 -1    6  20   2   7   0   2   5   4   1   2   1  12   0   2  15  14   2   0   0   5  0.30 0.24
  362 K   -1  2 -1  0 -3  0  1 -1  1 -2 -2  3 -2 -1 -1  1  0 -3  0 -2    3  12   2   5   0   3   8   4   4   1   4  27   0   2   2  12   4   0   3   3  0.25 0.23
  363 R   -1  5 -1  0 -4 -1  0 -2 -1 -4 -2  2 -1 -4 -1  2  0 -4 -2 -2    3  34   2   5   0   0   5   2   2   0   3  11   1   0   3  19   6   0   1   3  0.48 0.36
  364 K   -1  3 -2  1 -1  0  1 -1  0 -2 -2  4 -3 -4 -1  2 -1 -4 -3 -3    3  16   0   7   1   2   6   4   2   2   4  30   0   0   2  17   3   0   0   0  0.42 0.33
  365 L   -1  3  0  1 -3 -1  1 -2  0 -1 -1  2 -1 -2  0  1 -2 -3  0 -1    4  23   3   8   0   0  11   1   2   3   7  12   1   1   5  11   0   0   3   5  0.23 0.22
  366 S   -1  3 -2  1 -3 -1  0 -1  1 -3 -2  2 -1 -2  0  3  0 -4 -1 -2    4  16   0   9   0   0   6   4   4   1   2  14   2   1   3  26   3   0   2   2  0.31 0.29
  367 R   -1  5 -1  1  0 -1  1 -3 -1 -4 -3  3 -3 -3  0  0 -2 -4 -3 -2    4  36   1   8   2   1   8   1   1   0   2  17   0   1   4   9   1   0   1   3  0.54 0.37
  368 S   -1  3 -1  0 -3 -1  0 -1  1 -2 -3  1 -3 -2 -1  3  0 -4 -3 -1    4  19   1   6   0   1   4   4   4   2   2  10   0   1   2  30   5   0   0   4  0.34 0.31
  369 P   -1  3 -2  1 -4 -1  2 -2  1 -1 -2  3 -3 -4  3  0 -2 -4 -3 -2    3  19   0   6   0   0  16   1   3   3   2  18   0   0  14   9   0   0   0   2  0.45 0.33
  370 S   -1  3  0  1 -4 -1  2 -2 -1 -2 -3  2 -3 -4  0  2 -1 -4 -3 -1    2  21   4   8   0   0  12   2   1   2   2  13   0   0   4  22   2   0   0   4  0.37 0.32
  371 P   -1  3 -1  1 -4  0  2 -1 -1 -4 -3  2 -3 -4  3  1 -2 -4 -3 -2    3  18   2   7   0   2  14   5   1   0   2  11   0   0  16  13   0   0   0   3  0.41 0.31
  372 R   -1  2  0  0 -3  0  1  0  1 -1 -1  2 -2 -3  0  0  0 -3  0 -1    4  16   3   4   0   3   8   7   4   5   5  16   0   0   3   8   6   0   3   3  0.14 0.15
  373 R    0  1  1  1 -2  1  0  0  2  0 -1  0 -1 -2  1  0  0 -3 -2  0    7   7   7   7   0   7   7   7   6   7   7   7   0   0   7   7   7   0   0   7  0.08 0.08
  374 H   -1  3  0  0 -3  0  1 -1  3 -2 -2  2  0 -3 -1  1  0 -3 -2 -1    3  18   3   5   0   3   9   3   9   0   4  15   3   0   2  13   5   0   0   5  0.23 0.19
  375 K   -1  2  0  3 -3 -1  2 -2  1 -3 -2  2 -2 -3  1  1  0 -4 -3 -3    4  15   2  17   0   0  12   2   3   0   5  14   0   0   6  13   4   0   0   0  0.32 0.23
  376 K    0  3 -1  1 -3  1  0 -1  1 -2 -2  2 -2 -3  0  1  0 -3 -1 -3    8  21   0   8   0   4   6   4   3   3   2  19   0   0   4  10   4   0   3   0  0.27 0.21
  377 E   -2  2 -1  2 -3  1  2  0  1 -3 -2  2  0 -3 -1  1 -1 -4 -3 -2    0  13   0  13   0   4  16   7   4   0   2  15   4   0   3  13   3   0   0   3  0.28 0.22
  378 K   -1  3  1  1 -4  1  1 -2  0 -3 -2  3 -3 -4  0  0 -1 -4 -2 -3    3  20   6   9   0   4   8   2   2   0   3  29   0   0   3   6   1   0   1   1  0.41 0.28
  379 K   -1  4 -1  1 -4  1  1 -1 -2 -4 -3  3 -3 -4 -3  1 -1 -4 -1 -2    2  25   2   9   0   5   9   3   0   0   0  26   0   0   0  10   3   0   2   3  0.48 0.31
  380 K   -1  4 -1 -1 -4  0  0 -1 -2 -3 -2  3 -3 -3  0  1  0  0 -1 -2    2  26   1   3   0   2   5   5   0   0   2  23   0   0   4  14   4   1   2   2  0.41 0.30
  381 D   -1  3 -1  3 -3 -1  1 -1 -1 -1 -3  1 -3 -2 -1  2 -1 -4 -3 -1    2  20   2  19   0   0  10   3   1   5   1   7   0   2   2  21   1   0   0   4  0.33 0.27
  382 K   -1  3 -2  1 -4  0  0 -1  0 -3 -3  4 -1 -4 -3  1  0  2 -3 -2    3  15   0   7   0   2   6   4   2   0   0  32   2   0   0  14   4   4   0   2  0.43 0.31
  383 D   -1  1  1  3 -1  0  2 -1  1 -2 -3  0 -3 -4  1  1 -1 -4 -3 -2    4  10   5  25   1   2  13   3   3   3   1   6   0   0   6  13   3   0   0   2  0.32 0.23
  384 K   -1  4 -1  0 -3  0  0 -1 -2 -1 -1  3  1 -3 -1  0 -1 -4 -2 -2    4  27   2   5   0   1   7   3   0   3   6  22   4   0   3   8   1   0   1   3  0.34 0.26
  385 E   -1  2 -1  2 -4  0  3 -2  0 -4 -3  1 -3 -4 -2  3 -1 -4 -3 -3    2  11   0  14   0   1  28   2   2   0   2   9   0   0   2  23   2   0   0   1  0.52 0.36
  386 R   -1  4 -1  0 -4  1  2 -3 -1 -3 -3  3 -3 -4 -1  1 -1 -4 -3 -3    3  33   2   4   0   5  12   1   1   1   2  17   0   0   3  11   4   0   0   1  0.53 0.35
  387 S   -1  1  1  1 -3  0  1  0 -2 -3 -2  1 -3 -4  0  3  1 -4 -3 -2    3   7   5   9   0   1  12   6   0   1   3  12   0   0   4  27   8   0   0   3  0.29 0.25
  388 R   -1  5 -1  0 -4  0  0 -2 -2 -2 -1  2 -1 -4 -1  0 -1 -4 -3 -1    4  41   1   4   0   2   6   3   0   2   5  13   2   0   3   9   2   0   0   3  0.51 0.35
  389 D   -1  2  0  3 -4 -1  2 -1  0 -4 -4  1 -3 -3 -1  1  1 -4 -1 -3    4  13   2  20   0   0  18   4   3   0   0  11   0   1   3  12   8   0   2   0  0.38 0.28
  390 E   -2  3 -2  1  0 -1  3 -2 -1 -4 -4  3 -1 -2  1  0 -1 -4 -3 -3    2  22   0   7   2   0  24   2   1   0   0  19   2   2   8   7   2   0   0   1  0.51 0.35
  391 R   -2  4  0  1 -2  0  0 -3  1 -4 -3  3 -3 -2  0  0  0 -4 -3 -2    2  26   4  10   1   1   6   1   5   0   2  21   0   2   5   8   5   0   0   2  0.41 0.29
  392 E    0  2 -2  1 -4  0  3 -1 -2 -4 -2  3 -3 -4  0  1 -1 -4 -3 -2    6  12   0   6   0   3  26   4   0   0   3  19   0   0   4  13   2   0   0   3  0.40 0.30
  393 R   -1  4  0  0 -4 -1  1 -3 -1 -2 -4  2 -3 -4 -1  3 -2  0 -3 -4    3  30   3   5   0   0   9   0   1   3   0  16   0   0   3  24   0   1   0   0  0.57 0.40
  394 S    0  2 -2  1 -3  0  1 -3  0 -2 -2  0  0 -4  0  3  0 -4 -3 -1    6  15   0   6   0   2  10   0   2   1   3   4   3   0   4  35   4   0   0   4  0.35 0.31
  395 T   -1  2  0  0 -3  1  1 -1  0 -3 -3  2 -2 -3  1  2  2 -3  0 -2    1  16   2   4   0   7   8   4   2   0   2  12   0   0   7  16  13   0   3   2  0.27 0.22
  396 S   -1  2  0  1 -3  0  1  1 -2 -4 -4  2 -3 -4  0  3 -1 -4 -3 -4    3  11   3  10   0   3   8   9   0   0   0  15   0   0   4  34   0   0   0   0  0.45 0.33
  397 K   -2  3  0  0 -4  0  1 -1  0 -4 -2  4 -3 -3  0  1  0 -4 -3 -4    0  18   2   4   0   2  10   4   2   0   3  29   0   1   5  14   4   0   0   0  0.43 0.31
  398 K   -2  3  1  0 -4  0  2 -1  0 -3 -3  3 -3 -2  0  0 -1 -4 -1 -3    1  17   8   5   0   2  17   3   2   1   2  23   0   2   4   8   2   0   1   1  0.35 0.26
  399 K    0  3  0  1 -4 -1  1 -2  0 -3 -1  4 -3 -4 -1  1 -1 -4 -3 -2    6  16   3   8   0   0   8   1   3   0   6  31   0   0   2  13   1   0   0   2  0.39 0.30
  400 K   -1  3  0  0 -4  1  0  0 -1 -3 -2  3 -3 -4 -1  1 -1 -4 -3 -2    3  21   3   6   0   4   6   8   1   1   3  24   0   0   3  13   3   0   0   2  0.36 0.26
  401 S    0  1  0  1  0  1  0 -1  0 -1 -3  0 -2 -3 -1  3  1  0 -3 -1    5   7   2  11   3   5   6   3   3   3   1   6   1   0   2  31   8   1   0   3  0.24 0.23
  402 K   -1  3  0 -1 -4  0  0 -1 -1 -2 -3  4  0 -2  0  1 -1 -4 -3 -3    3  22   3   3   0   1   6   3   1   3   1  33   3   2   4   9   2   0   0   0  0.46 0.33
  403 D   -1  2 -1  4 -4  0  2 -2  0 -2 -3  1 -3 -4 -3  1 -1 -4 -2  0    4  11   1  32   0   3  12   2   2   1   0   7   0   0   0  14   3   0   2   7  0.44 0.30
  404 K   -2  3  0  1 -4 -1  1 -2  1 -3 -4  4 -3 -4  1  1 -1 -4 -3 -2    0  19   4   9   0   0   8   2   4   1   0  31   0   0   7  10   2   0   0   2  0.48 0.32
  405 E   -1  2 -1  2 -4  0  3 -2 -2 -2 -3  2 -3 -4  0  1  1 -4 -3 -1    2  11   1  10   0   2  25   3   0   1   0  14   0   0   3  12   9   0   0   5  0.36 0.27
  406 K   -2  5 -2  1 -4  0  1 -1 -1 -4 -4  3 -3 -4  0  1 -1  0 -2 -3    2  36   0   7   0   4   8   4   1   0   0  18   0   0   4  12   2   1   1   1  0.57 0.36
  407 D   -2  2  0  2 -4 -1  3 -1 -2 -4 -3  3 -3 -4  1  1 -1 -4 -2 -2    0  14   2  13   0   0  21   4   0   0   2  19   0   0   6  12   3   0   1   3  0.40 0.29
  408 R    0  4 -1  0 -4  0  1 -1  1 -3 -3  2  1 -4 -1  0 -1  0 -2 -2    6  33   1   5   0   2   8   5   3   1   1  12   5   0   3   8   3   1   1   2  0.37 0.28
  409 E   -1  2  0  2 -4  1  4 -3 -1 -2 -2  1 -3 -1 -1  0 -2 -4 -3 -3    4  14   4  15   0   4  30   0   1   3   3  10   0   3   3   6   1   0   0   1  0.43 0.30
  410 R   -2  4 -2 -1 -4  0  2  1  1 -4 -3  3 -3 -4  1  1 -1 -4 -3 -3    0  29   0   2   0   2  13   9   3   0   1  20   0   0   7   9   3   0   0   1  0.53 0.35
  411 K   -1  3  0  1 -4 -1  0 -2  0 -4 -4  4 -3 -2  1  0  0 -4 -3 -3    3  16   4   9   0   1   5   1   2   0   0  35   0   2   7   8   5   0   0   1  0.52 0.35
  412 S    0  1  1  1  1 -1  1 -2  1 -3 -3  2 -1 -4  0  3  0 -4 -3 -2    8   9   5   6   3   0   8   2   4   1   2  15   1   0   4  27   3   0   0   1  0.28 0.25
  413 E   -1  2  0  2 -4  2  3  0 -2 -3 -3  2 -3 -4  0  0 -2 -4 -2 -3    4  11   4  10   0   8  20   8   0   2   2  17   0   0   4   8   0   0   1   0  0.34 0.24
  414 S    0  2 -1  0 -3  0  2  1 -2 -4 -4  1 -3 -4  0  3  0 -4 -3 -2    5  13   2   5   0   4  15  10   0   0   0   9   0   0   4  28   4   0   0   2  0.35 0.28
  415 D   -1  1 -1  2 -3 -1  3 -3 -2 -2 -1  1 -2 -1 -2  2  0 -4 -3 -1    2   8   1  13   0   0  21   1   0   3   5  12   0   3   1  21   6   0   0   4  0.29 0.24
  416 K    0  1  1  1 -2  1  0  0  2 -2 -1  0  1 -2  1  0  0 -3 -2  0    7   7   7   7   0   7   7   7   6   0   7   7   6   0   7   7   7   0   0   7  0.09 0.10
  417 D   -1  1  1  1  1  0  1  0  1 -1 -1  1 -2 -3 -2  2  0 -3 -2 -1    1   9   5  10   4   4   9   7   4   4   5  10   0   0   0  20   4   0   0   4  0.15 0.16
  418 V   -1  1  0  0  1  0  0 -1 -1 -1  0  0  0  0  1  0 -1 -2  0  0    4  10   6   7   4   3   5   4   0   3  13   6   2   3   8   7   0   0   5   9  0.05 0.08
  419 K    0  2 -1  0 -3  0  1 -1  0 -1 -1  2 -2 -3  0  2  0 -3 -2  0    6  11   0   5   0   2   9   2   2   2   6  19   0   0   3  17   7   0   0   7  0.18 0.18
  420 Q   -1  2  0  0 -4  2  1 -1 -2 -3 -2  3 -1 -3 -1  1 -1 -3  0 -3    4  10   3   5   0  13   7   3   0   0   3  26   2   0   2  15   2   0   3   0  0.36 0.29
  421 V    0  1 -1 -1  0 -2 -1 -2  0  1 -1  0  1 -2  1  0  0 -3 -2  3    5   8   3   3   2   0   3   3   3   7   2   7   4   0   6   9   5   0   0  30  0.15 0.19
  422 T    0  1  0  0 -3 -1  2  0 -2 -2 -3  2 -2 -2  0  1  2 -3 -3 -2    8  10   4   3   0   0  16   5   0   2   1  12   0   2   4  13  18   0   0   0  0.27 0.24
  423 R   -1  5 -1 -1 -4  0  1 -3 -2 -2 -2  1  0 -4 -1  0 -1 -1 -3 -2    3  46   3   3   0   3   7   1   0   2   4   7   3   0   2   8   4   1   0   2  0.63 0.40
  424 D   -3  1  3  5 -4 -2  1 -1 -2 -3 -2  1 -3 -4  0 -1 -1 -4 -4 -2    1   9  14  35   0   0   8   4   0   0   4   7   0   0   4   4   4   0   0   4  0.54 0.34
  425 Y   -1 -1 -1 -1  2 -2 -1 -1  0 -2 -1  0  0  2 -3  1  0 -1  5  0    3   3   2   4   5   0   4   4   2   0   4   5   2   7   0  12   5   0  31   6  0.41 0.31
  426 D   -2  0  1  5 -4 -2  1  0 -2 -1 -2  0 -3 -2 -1  1 -2 -4 -3 -1    1   6   4  38   0   0  11   6   0   3   3   5   0   2   3  12   0   0   0   5  0.48 0.31
  427 E   -2  0 -1  2 -4  1  4 -1 -2 -4 -2  3 -3 -4 -3  1 -1 -4 -1 -4    2   4   2  10   0   5  33   5   0   0   3  21   0   0   0   9   3   0   2   0  0.53 0.35
  428 E    0  1  1  1  1  1  4 -1 -2 -4 -4  2 -3 -4  0  1  0 -4 -4 -3    7   6   5   5   3   3  35   3   0   0   0  15   0   0   4   9   4   0   0   0  0.48 0.32
  429 E    0  1 -1  2 -4  0  5 -1 -2 -4 -4  2 -1 -4 -2  0 -2 -5 -4 -1    8   6   1   9   0   2  42   4   0   0   0  13   2   0   1   7   0   0   0   5  0.58 0.37
  430 Q    1  2  0  0 -4  3  1 -2  0 -3 -3  3 -2 -4 -3  0  0 -4 -3  0   12  14   4   4   0  13   7   2   2   0   0  27   0   0   0   4   4   0   0   7  0.39 0.28
  431 G    0  1  1  1 -4 -2  1  4 -3 -4 -4  1 -3 -4 -3  1 -1 -4 -4 -3    5   8   6   9   0   0  10  37   0   0   0  11   0   0   0   9   3   0   0   2  0.51 0.30
  432 Y   -1  2 -2 -2 -1 -1  0 -1  2 -1 -1  1  0  1 -1  1 -2 -2  4 -2    3  15   1   1   1   0   5   3   6   4   4  10   2   4   2  12   0   0  23   2  0.29 0.26
  433 D   -2 -1  1  5 -4  0  3 -1  0 -2 -2  1 -3 -4 -1  0 -2 -5 -4 -4    2   3   6  38   0   3  18   3   2   3   4   7   0   0   2   8   0   0   0   0  0.60 0.35
  434 S    0  0 -2  0 -3  0 -1 -2 -2 -3 -1  2  0 -3  1  4  0 -4 -1 -1    7   6   0   4   0   3   3   0   0   0   6  13   3   0   7  37   4   0   2   3  0.34 0.29
  435 E    0  1  1  3 -4  1  4  0 -2 -4 -4  0 -3 -4 -1  1 -2 -4 -4 -4    6   6   6  15   0   6  37   6   0   0   0   4   0   0   3  11   0   0   0   0  0.58 0.35
  436 K   -1  3 -2  1 -4  0  1 -2  2 -2 -3  4 -1 -4  0  0 -1 -4 -3 -2    4  15   0   7   0   2   7   1   7   3   0  37   2   0   4   5   3   0   0   2  0.48 0.32
  437 E   -2  1  0  2 -5  1  5 -1  0 -4 -2  1 -1 -4 -3  0 -2 -5 -4 -3    1   7   4  13   0   3  44   4   2   0   5   7   1   0   0   6   0   0   0   2  0.60 0.38
  438 K   -1  3  0 -1 -4  0  1 -2 -2 -3 -3  4 -1 -4 -3  1 -1 -4 -1 -1    3  23   4   1   0   2  12   2   0   0   0  28   2   0   0  12   2   0   2   7  0.45 0.31
  439 K   -1  1 -1  1 -4 -1  3  0 -2 -2 -3  3 -3 -4 -1  1 -1  1 -3 -2    4   9   1   7   0   0  25   7   0   3   0  22   0   0   2  11   2   2   0   3  0.36 0.27
  440 E   -1  3  0 -1 -4  0  3 -2  2 -2 -3  2 -2 -4 -1  0  0 -4 -3  0    3  19   3   2   0   2  25   3   6   1   0  12   0   0   3   7   4   0   0   9  0.34 0.26
  441 E   -2  0  0  3  0  0  4 -1 -2 -1 -4  1 -3 -4 -2  0  1 -4 -3 -3    1   6   4  15   2   2  34   4   0   5   0  11   0   0   1   6   9   0   0   0  0.45 0.30
  442 K   -1  3  1  1 -4  0  1 -1 -1 -3 -3  3 -3 -2 -2  0 -1 -4 -1 -2    5  16   8   9   0   2   9   3   1   0   0  29   0   1   1   7   3   0   2   3  0.35 0.24
  443 K    1  2  1  1 -3 -1  1 -2  0 -3 -2  3 -2 -2 -1  2  0 -4 -1 -3   10  12   5   6   0   0   7   2   3   0   2  23   0   1   2  22   3   0   2   0  0.32 0.25
  444 P   -1  1  0  2 -3  0  1 -1  2 -3 -2  2  0 -3  1  2 -1 -4 -3 -2    1   7   4  16   0   4   6   4   5   0   2  17   3   0   7  18   1   0   0   4  0.27 0.21
  445 I   -1  1  1  3 -3 -1  0  0  0  0 -2  0 -2 -3 -1  2  0 -4 -3 -2    3   9   7  26   0   2   5   7   2   8   3   3   0   0   2  16   5   0   0   0  0.27 0.21
  446 E    0  2 -1  1 -3  1  2 -1 -1 -3 -2  1 -1 -3  0  1 -1 -3 -2 -1    9  14   0  10   0   6  15   4   1   0   3  11   1   0   5  14   1   0   1   4  0.23 0.18
  447 T    0  0  0  1 -3  1  2  0  0 -2 -3  1 -2 -3  1  1  1 -3 -2 -1    7   4   5   6   0   4  18   6   2   2   1   9   0   0   6  16   9   0   0   6  0.20 0.16
  448 G   -1  0  2  2 -3  0  0 -1  0 -2 -2  1 -2 -3  2  1 -1 -3 -1 -1    3   5  10  12   0   3   6   4   3   2   3  12   1   0  12  16   2   0   3   4  0.22 0.16
  449 S    0  1  2  1 -3 -2  0 -1 -2 -4 -4  0 -3 -4  0  4  0 -4 -1 -3    5   7   9   8   0   0   6   2   0   0   0   4   0   0   4  48   3   0   2   0  0.56 0.38
  450 P   -1  1  1 -1 -4 -1  0  1 -1 -3 -4  1 -3 -4  5  1 -1 -4 -3  0    3   7   8   2   0   1   5  10   1   0   0   9   0   0  34  10   2   0   0   8  0.60 0.31
  451 K   -1  2 -1  1 -4  1  2 -2  1 -2 -2  4 -1 -4 -1  1  0 -4 -3 -3    4   8   1   6   0   4  14   2   3   2   2  34   1   0   2  10   6   0   0   0  0.39 0.27
  452 T    0  1  0 -1  0  0  0  0 -2 -1 -2  1 -1 -1 -1  2  1 -3  0 -1    6   9   5   2   2   3   6   8   0   2   1   8   1   3   1  19  12   0   3   6  0.12 0.13
  453 K   -1  2  0 -1 -3  0  1  0  0 -3 -2  3 -1 -1  1  1 -2 -4 -2 -2    3  13   2   3   0   3   9   8   3   0   4  27   1   2   8  12   0   0   1   2  0.28 0.21
  454 E   -1  2 -1  0 -4  0  4 -1 -2 -4 -3  2 -3 -4  0 -1  0 -4 -3 -2    2  11   2   4   0   3  41   3   0   0   2  16   0   0   4   3   5   0   0   2  0.57 0.34
  455 C   -1  1  1  0  2  0  1  0  0 -2 -2  2 -1 -3  2  1 -1 -3 -2 -1    1   8   6   5   6   2   9   5   3   2   3  18   2   0  10  11   0   0   0   7  0.18 0.16
  456 S   -1  2  0 -1  0  0  2 -2  0 -3 -1  0 -1 -3 -1  3  0 -4 -3 -1    3  15   3   3   3   2  13   2   2   0   5   3   2   0   2  34   3   0   0   6  0.30 0.27
  457 V    1  0  0  2 -2  0  1 -1 -2  0 -1  0 -1 -2  0  1  0 -3 -2  1   11   4   3  13   0   2  10   4   0   7   3   7   0   0   5  12   3   0   1  13  0.11 0.11
  458 E   -2  2  0  3 -4  0  3 -1 -2 -3 -1  1 -2 -4 -1  0 -2 -4 -3 -1    0  10   5  20   0   2  26   5   0   0   7  10   0   0   2   4   0   0   0   7  0.36 0.25
  459 K    0  3  1 -1 -3  0  1 -2 -2 -2 -3  2  0 -1  0  2 -1 -4 -3 -3    9  17   8   2   0   3  10   0   0   3   0  18   3   3   5  17   2   0   0   0  0.30 0.23
  460 G    0  0 -2  0 -4  0  0  4 -1 -4 -3  0 -3 -4  2  2 -2 -4 -4 -4    5   5   0   6   0   3   5  35   1   0   3   6   0   0  13  17   0   0   0   0  0.50 0.29
  461 T   -1  1  2  2 -3 -1  2  0 -2 -2 -2  1 -1 -3 -2  2  0 -4 -3 -1    2   8  13  13   0   0  14   7   0   1   2   9   2   0   0  20   5   0   0   4  0.28 0.21
  462 G    1  1 -1  2  0 -2  0  3 -2 -3 -3  0 -1 -4 -3  2 -2 -4 -3 -1   11   8   0  12   2   0   6  27   0   0   0   5   2   0   0  21   0   0   0   5  0.37 0.26
  463 D   -1  1  0  4 -4  1  1 -3  2 -3 -2  0 -2 -1  0  0  0 -4 -1 -1    3   9   4  32   0   7   7   0   5   0   3   6   0   2   5   4   4   0   2   6  0.34 0.23
  464 S    0  1 -1 -2 -2 -1  0  0  1 -2 -1  1  0 -3  2  2  0 -3 -2 -1    8   8   0   0   0   0   5   9   5   1   7  10   2   0   9  22   7   0   0   5  0.17 0.16
  465 L    0  1  0  0 -2  0  0  0 -2 -1  0  1  0 -2  2  1  0 -3 -1  0    4   9   5   6   0   2   7   6   0   3  10   8   2   0  12  11   6   0   1   6  0.12 0.09
  466 R    0  3 -1  1 -3  0  0  0 -1 -3 -1  3  0 -3  0 -1 -1 -4 -3 -1    6  24   0  10   0   4   3   6   1   0   7  23   3   0   3   3   3   0   0   3  0.29 0.21
  467 E    0  2  0  0 -4  1  4 -1 -1 -2 -3  2 -3 -4  1 -1 -1 -4 -3 -3    9  11   3   4   0   3  33   5   1   3   0  15   0   0   6   3   3   0   0   0  0.41 0.25
  468 S    1  1 -1  1 -3 -1  1  0  1 -4 -4  0 -3 -4 -1  4 -1 -4 -3 -3   11  10   0  10   0   0   7   5   3   0   0   5   0   0   2  46   0   0   0   0  0.52 0.34
  469 K    0  2 -1  2 -4  1  2 -3 -2 -4 -4  4 -3 -4  0  1 -2 -4 -3 -3    6  11   0  12   0   5  12   0   0   0   0  41   0   0   3   9   0   0   0   0  0.58 0.31
  470 V    0  1 -2 -2 -2 -1 -1 -1 -2  0  1  2 -1 -2 -2  0  0  2 -2  2    6   9   0   0   0   2   3   3   0   3  15  15   0   0   0  11   3   4   0  26  0.15 0.16
  471 N   -2  0  5  0 -3  0  1 -2  0 -3 -1  2 -2 -3 -3  1 -1 -4 -1 -3    0   4  37   4   0   3  10   0   2   0   8  17   0   0   0  10   0   0   3   0  0.47 0.25
  472 G    0  1 -1 -1 -3 -1 -2  4 -2 -3 -3  2 -3 -3 -2  2  0 -3 -3 -3    4   8   0   3   0   0   1  43   0   0   1  16   0   0   0  16   5   0   0   1  0.55 0.24
  473 D    0 -1  1  4 -3 -1  2 -1  1 -3 -3  2 -3 -4 -2  0  0 -4 -3 -1    6   0   3  36   0   0  13   4   4   0   0  14   0   0   0   8   5   0   0   4  0.45 0.21
  474 D   -2  1  2  5 -4 -1  1 -2 -2 -3 -4  1 -3 -4  0  0 -2 -4 -3 -2    0  10   9  46   0   0   9   0   0   0   0  11   0   0   4   4   0   0   0   4  0.66 0.27
  475 H   -2  0  0  0 -4  3  1  0  6 -3 -1 -1 -2 -3 -1  0 -1 -3 -1 -3    0   3   4   3   0  18   7   7  33   0   9   0   0   0   3   9   3   0   0   0  0.51 0.27
  476 H   -2  3  1 -1 -4  2  1 -1  5 -4 -2  2 -2 -3  0 -1 -2 -4 -2 -3    0  18   9   0   0  13  10   5  21   0   5  15   0   0   4   0   0   0   0   0  0.48 0.24
  477 E   -2 -1  1  3 -4  3  4 -3 -2 -3 -4  0 -3 -4  2  0  0 -4 -3 -1    0   0   5  19   0  15  32   0   0   0   0   3   0   0  10   5   4   0   0   6  0.55 0.26
  478 E   -2  1 -1  3 -4  2  4 -1 -2 -1 -3  2 -3 -4 -3 -2 -2 -4 -3 -2    0   9   0  15   0   7  43   4   0   5   0  13   0   0   0   0   0   0   0   3  0.61 0.29
  479 D   -3  0 -1  7 -5  0  2 -1 -3 -5 -5 -2 -4 -5 -3 -2 -3 -6 -5 -5    0   5   0  75   0   4  11   5   0   0   0   0   0   0   0   0   0   0   0   0  1.41 0.46
  480 M   -2 -3 -3 -4 -3 -2 -3 -1 -3 -1  0  0  8  1 -4 -1 -2 -3  1 -2    0   0   0   0   0   0   0   6   0   0   0   6  70   5   0   6   0   0   6   0  1.17 0.45
  481 D   -3 -2  1  7 -5 -1  1 -3 -2 -5 -5  0 -4 -5 -3 -2 -2 -6 -4 -5    0   0   6  81   0   0   6   0   0   0   0   7   0   0   0   0   0   0   0   0  1.45 0.39
  482 M   -2 -2 -3 -4 -2 -2 -3 -4 -3  2  1  0  6 -2 -4 -3 -2 -3 -2  3    0   0   0   0   0   0   0   0   0   6   7   7  44   0   0   0   0   0   0  36  0.72 0.28
  483 S    0 -1  0 -1 -2 -1 -1 -1 -2 -3 -4  1 -3 -4 -2  5  0 -4 -3 -3    0   0   0   0   0   0   0   0   0   0   0  10   0   0   0  90   0   0   0   0  0.89 0.27
  484 D   -3 -2  0  6 -5 -1  3 -2 -2 -4 -5 -1 -4 -5 -2 -1 -2 -5 -4 -4    0   0   0  82   0   0  18   0   0   0   0   0   0   0   0   0   0   0   0   0  1.32 0.26

                      K         Lambda
Standard Ungapped    0.1251     0.3072
Standard Gapped      0.0358     0.2670
PSI Ungapped         0.1168     0.3176
PSI Gapped           0.0358     0.2670
