
Last position-specific scoring matrix computed, weighted observed percentages rounded down, information per position, and relative weight of gapless real matches to pseudocounts
            A   R   N   D   C   Q   E   G   H   I   L   K   M   F   P   S   T   W   Y   V   A   R   N   D   C   Q   E   G   H   I   L   K   M   F   P   S   T   W   Y   V
    1 M    -2  -3  -4  -4  -2  -2  -4  -4  -3   2   3  -3   7  -1  -4  -3  -2  -3  -2   1    0   0   0   0   0   0   0   0   0  11  32   0  50   0   0   0   0   0   0   6  0.77 0.21
    2 R    -2   5  -1  -1  -4   0   2  -3   1  -4  -2   3  -2  -4  -3   1  -2  -4  -3  -3    0  40   0   0   0   0  19   0   4   0   4  17   0   0   0  15   0   0   0   0  0.59 0.20
    3 R    -1   6  -2  -3  -5   1   0  -1  -2  -4  -3   4  -3  -4  -3  -2  -2  -4  -3  -4    5  47   0   0   0   3   4   3   0   0   2  36   0   0   0   0   0   0   0   0  0.89 0.28
    4 P    -1   3  -2   0  -4  -1   0   2  -2  -4  -4   0  -3  -4   5   0  -2   1  -1  -2    3  23   0   5   0   0   5  21   0   0   0   2   0   0  28   5   0   3   3   3  0.58 0.21
    5 S     3   1   0  -2  -2   0   0  -1   1  -1  -2   1   0  -2  -2   2  -1  -4  -2   0   34   8   4   0   0   4   6   3   4   3   0   9   3   2   0  16   0   0   0   6  0.23 0.16
    6 R    -3   1   0   6  -1   0   0   1  -1  -4  -3   0  -4  -5  -3  -1  -1  -5  -4  -2    0   9   2  53   2   2   2  13   2   0   2   4   0   0   0   3   4   0   0   3  0.78 0.31
    7 R     1   4  -2  -3  -1   1  -2  -3   0  -1   0   0  -2  -3  -2   0  -1  -4  -3   2   11  34   0   0   1   7   0   0   3   2  10   3   0   0   1   7   3   0   0  19  0.35 0.22
    8 R     0   3   0   2   0   1   1   2   0  -3  -2   2  -3  -4  -3  -1  -2  -4  -3  -3    6  22   3  14   2   4  10  16   2   1   3  13   0   0   0   1   0   0   0   1  0.35 0.20
    9 S     4   0   3  -2  -3  -2  -1   1  -2  -4  -3   0  -3  -4  -2   2  -1  -1  -4  -2   35   6  18   1   0   1   2   9   0   0   2   6   0   0   1  15   1   1   0   2  0.46 0.29
   10 K    -3   1   2   0  -6   2   3  -2   1  -4  -3   5  -4  -6   0  -3  -3  -6  -4  -5    0   6   8   4   0   8  20   3   3   1   2  41   0   0   5   0   0   0   0   0  0.78 0.41
   11 A     4  -2  -1  -1  -2  -2  -1   2  -1   0  -2   0  -3  -3   0   0  -2  -5  -4   0   39   2   2   3   1   1   4  19   1   6   2   5   0   1   4   4   0   0   0   5  0.38 0.28
   12 S     2  -1   2   1  -2   0   0   3  -2  -4  -4   0  -3  -5   0   2  -1  -5  -4  -2   17   2   9   9   1   4   4  21   1   0   1   6   0   0   5  14   3   0   0   2  0.34 0.23
   13 T     3   1  -1  -1  -2  -1   0   0  -3  -1  -3   0  -3  -4  -2   1   1  -5  -3   0   32   7   3   4   0   1   7   6   0   4   1   6   0   0   1  10   9   0   0   8  0.26 0.23
   14 P     0  -1   1   5  -5  -2   0  -3  -4  -3  -3   2  -4  -4   3  -1  -2  -1  -5  -2    8   3   5  37   0   1   4   1   0   1   3  12   0   1  17   3   2   1   0   2  0.71 0.39
   15 P    -1  -4   0  -1  -4  -2  -1   0  -3  -1  -3  -1  -4  -5   6   0   1  -2  -5   1    5   0   4   4   0   1   3   8   0   4   3   3   0   0  37   9   8   1   0  10  0.68 0.36
   16 R    -1   3   2   1  -4  -1   0  -3  -1   0  -2   3  -2  -4  -1   0  -1  -5  -2  -1    6  19  12   9   0   2   5   1   1   6   3  19   1   0   2   6   3   0   1   4  0.31 0.23
   17 S     2  -3   2   5  -3  -1  -1  -2  -3  -3  -4  -2  -3  -6  -2   2   1  -6  -4  -2   17   1   9  34   1   2   4   3   0   2   1   2   0   0   2  12   7   0   0   2  0.64 0.40
   18 H     2   2   2  -1  -3   0  -1  -1   3  -2  -2   2  -1  -3  -1   0   0  -1  -2  -1   19  13  10   2   0   3   4   5   8   1   3  11   1   1   2   6   4   1   1   6  0.20 0.19
   19 T    -1  -1  -1   2  -3   3   0  -2  -1  -3  -2   3  -2  -5  -2   1   3  -3  -3  -1    5   2   2  11   0  13   4   3   1   1   3  18   1   0   1   9  20   0   1   4  0.38 0.31
   20 T    -1   0   2   2  -4  -2  -1  -3  -4  -4  -3  -2  -3  -3  -2   3   4  -5  -3  -2    4   4  11  11   0   1   3   2   0   1   2   2   1   1   2  22  30   0   1   3  0.59 0.41
   21 P     0  -1   2   1  -4   2   1  -2  -1  -2  -2   3  -1  -2   1   1  -1  -4  -1   0    8   2   9   6   0  11   7   2   1   3   4  18   1   1   6   9   3   0   2   7  0.20 0.19
   22 R    -2   4   3   2  -4   1   0   0   0  -4  -3   3  -1  -2  -2  -1  -2  -5  -1  -4    2  23  12  10   0   5   6   7   2   1   2  16   1   1   1   3   2   0   3   1  0.46 0.30
   23 R    -4   2   1  -3  -3  -3  -1   6  -2  -6  -5   1  -4  -7  -6  -1  -5  -2  -5  -5    1  13   7   1   1   1   4  57   1   0   1   7   1   0   0   4   0   1   0   1  1.24 0.62
   24 T     1   2   2   1  -2   1   2  -2   0  -3  -3  -1  -3   0  -2   1   0   1  -1  -2   10  11  10   6   1   6  16   3   2   1   2   3   0   5   2   9   7   2   2   2  0.21 0.20
   25 G    -2  -4  -4  -5  -6  -3  -3   0  -7  -5  -5  -3  -3  -6  -6   0   7  -7  -6  -5    4   1   1   1   0   1   1   7   0   1   1   2   1   0   0   6  73   0   0   1  1.84 0.91
   26 P     2  -4  -5  -5  -4  -4  -3  -6  -7  -8  -6  -3  -7  -6   8  -1  -5  -1  -5  -4   18   1   1   1   0   1   2   0   0   0   1   2   0   0  65   5   0   1   0   1  2.00 0.95
   27 S    -4  -5  -6  -6  -4  -7  -5  -3  -8  -2   7  -7  -1  -4  -6  -4  -5  -4  -6  -2    1   1   0   0   0   0   1   3   0   2  84   0   1   0   0   2   1   0   0   2  1.85 0.85
   28 D    -3  -3  -3  -1  -3  -2  -5  -4  10  -3  -3  -4  -1  -1  -4  -3  -5  -2   3  -6    2   1   1   4   1   1   0   1  64   2   3   1   1   3   1   2   1   1   8   1  2.30 0.98
   29 S    -1  -1  -2  -2   0  -1   0  -3   0   1   2  -2   3   1  -4   1  -1   4   2   0    5   4   2   2   2   2   5   1   2   7  20   2   8   6   0  12   3   5   6   6  0.20 0.19
   30 R     7   0  -6  -4  -6  -6  -3  -6  -7  -7  -7  -4  -5  -6  -5  -2  -5  -8  -7  -4   85   5   0   1   0   0   2   0   0   0   0   1   0   0   0   3   0   0   0   1  2.09 1.00
   31 R     6  -1  -6  -4   3  -3  -5  -3  -6  -1  -3  -4  -5  -5  -4   3  -1  -7  -6  -1   54   4   0   1   5   1   0   1   0   4   2   1   0   0   1  19   3   0   0   4  1.10 0.64
   32 R    -1   4  -1  -1  -2   4   2  -1   0  -4  -1   1  -1  -1  -4   0  -2   1   0  -3    4  22   3   2   1  17  11   4   2   1   6   6   2   3   1   8   2   2   3   2  0.37 0.30
   33 P     1  -1   5  -1  -3  -1   2  -1   2  -4  -4   1  -2  -1  -2   0  -3   0   1  -3   14   4  29   2   1   3  12   4   4   1   1   7   1   2   2   6   1   1   4   1  0.50 0.37
   34 G    -4  -4   3  -4  -4  -5  -4   7  -6  -7  -4  -5  -5  -8  -7  -3  -5  -8  -4  -6    1   1  11   1   0   0   1  76   0   0   2   0   0   0   0   2   1   0   1   0  1.96 0.87
   35 T    -4   1   3   0  -1   2  -3  -5   9  -5  -3  -1  -3  -5  -5  -2  -3  -7   0  -6    2   6  11   6   1  10   2   1  45   1   3   4   1   0   1   3   2   0   4   0  1.50 0.72
   36 K     0  -1  -2  -1  -2  -2  -1  -3  -2   1   3   1  -1  -1  -3  -1   1  -1  -2   1    7   3   2   4   0   2   4   1   1   7  30   9   1   2   1   4  11   1   1  10  0.21 0.20
   37 E    -1  -4   0   5  -6   0   5  -3  -3  -7  -4   0  -7  -6  -3  -2  -3  -5  -7  -6    5   0   4  32   0   3  41   2   1   0   2   5   0   0   1   2   1   0   0   0  1.23 0.66
   38 Q    -1  -1  -4  -5   3  -1  -2  -5  -6   4  -1  -1   0  -4  -5  -2   0  -6  -5   5    6   3   1   1   5   3   3   1   0  21   3   4   2   0   0   3   5   0   0  40  0.79 0.45
   39 P     1  -5  -5  -7  -4  -5  -4  -6  -2   2  -1  -5  -2  -5  -2  -4  -2  -7  -5   7   13   1   0   0   0   0   1   1   1   9   4   1   1   0   3   1   2   0   0  63  1.40 0.69
   40 R    -3   4  -1  -3  -7   3   2  -4  -1  -5  -2   5  -1  -6  -3  -3  -3  -7  -5  -5    2  22   3   1   0  11  15   1   1   0   4  34   1   0   1   1   1   0   0   1  0.98 0.56
   41 P     0  -2  -4  -3   1  -3  -2  -4  -2   2   2  -2   0   1   0  -1  -1   0   4   1    8   2   0   1   3   1   3   1   1  11  24   3   2   6   5   4   3   1  14   8  0.29 0.23
   42 S    -1  -6  -4  -8  -3  -5  -8  -5  -5  -3   6  -5  -2  -2  -6  -4  -4  -7  -6  -3    6   0   1   0   1   1   0   1   0   1  82   1   1   2   0   1   1   0   0   1  1.77 0.82
   43 V    -2  -7  -6  -7  -1  -6  -7  -6  -4   5   4  -6  -1  -2  -2  -5  -4  -6  -5   3    4   0   0   0   1   0   0   1   0  28  43   0   1   1   3   1   0   0   0  16  1.16 0.57
   44 Q    -1   2   1   2  -6   2   4  -3  -1  -5  -3   2  -4  -5  -4   1  -2  -4  -5  -5    4  10   5  12   0  10  28   2   1   0   2  10   0   0   0  10   2   0   0   1  0.62 0.42
   45 G     1   1   5  -3  -3   1   0   0   4  -6  -4   3  -4  -4  -4  -2  -3  -6   0  -4   14   6  23   1   0   5   5   8   9   0   1  20   0   1   0   2   1   0   3   1  0.66 0.43
   46 G    -2  -4   0  -2  -6  -7  -4   7  -3  -8  -9  -1  -6  -7  -6  -1  -4  -8  -5  -7    3   1   4   3   0   0   1  76   1   0   0   4   0   0   0   6   1   0   0   0  1.88 0.85
   47 T     6  -4  -2  -1   0  -2  -4  -3  -2  -3  -5  -3  -2  -6  -5  -2  -1  -7  -4  -1   69   1   2   3   2   2   1   2   1   2   1   2   1   0   1   3   3   0   1   4  1.34 0.72
   48 R    -2  -1   4   5  -6   0   0  -3  -2  -4  -2   0  -2  -3  -2   0  -3  -4  -2  -3    3   4  17  35   0   4   7   2   1   1   5   6   1   1   2   5   1   0   2   2  0.68 0.42
   49 Q    -2  -3  -2  -2  -4   0  -2  -3  -1   3  -1  -2  -2  -2   0  -3  -3  -4  -4   5    3   2   3   3   0   5   2   2   2  16   5   3   0   1   6   2   1   0   0  43  0.70 0.43
   50 A    -1  -4   7   3  -5  -3   0  -2   0  -3  -5  -2  -4  -6  -3   0   0  -5  -5  -3    5   1  43  17   0   1   6   3   2   2   1   3   0   0   1   6   5   0   0   2  1.04 0.57
   51 E     4  -1  -1  -2  -3  -3  -1  -2  -2   1  -1   0  -1  -4  -2  -1   0  -4  -3   1   38   3   2   2   0   1   4   2   1   9   5   7   1   0   2   5   5   0   0  12  0.42 0.32
   52 H     1   2  -1  -2  -1   2   0  -2   0  -2  -2   4  -2  -5  -1  -1   0  -4  -4   0   13  11   2   2   1   8   6   3   2   2   4  26   1   0   2   3   6   0   0   6  0.34 0.28
   53 D     1  -3   4   6  -3  -2  -2  -2  -1  -5  -4  -3  -3  -6  -3   0   1  -7  -6  -5   13   1  16  39   1   2   2   3   1   0   2   1   1   0   1   7   8   0   0   1  0.91 0.52
   54 L    -3   2   3   0  -2   0   1  -3   0  -1   0   3  -2  -3  -3   0  -1  -5  -2  -1    1  10  15   6   1   3  11   2   2   4  11  17   0   1   1   6   2   0   1   5  0.28 0.24
   55 K    -2  -1   3   4  -2  -1   2  -2   0  -2  -2   1  -5  -2  -5  -1  -2  -2   2  -2    3   3  14  25   1   2  15   3   3   2   4   7   0   1   0   4   2   1   8   2  0.49 0.34
   56 V    -2  -1   0   1  -4  -1  -1   6  -1  -3  -4   0  -3  -6  -3  -3  -5  -1  -5  -2    3   3   4   6   0   3   4  58   1   1   2   5   1   0   1   2   0   1   0   3  1.07 0.56
   57 S     0   1   0   0   1   3  -1  -2   0  -2  -2   0  -1   1  -3   0  -2   6   1  -2    9   9   5   4   3  13   4   2   2   3   4   5   1   6   1   8   2  12   4   3  0.31 0.25
   58 S    -2  -3  -3  -3  -5  -4  -5  -3  -5  -3  -4  -4  -4  -4  -5   1   7  -1  -6  -4    4   2   1   1   0   1   1   3   0   2   2   1   0   1   1   8  72   1   0   1  1.76 0.88
   59 P     1  -2  -4  -6  -6  -5  -4  -3  -4  -6  -5  -1  -5  -7   8  -3  -3  -9  -8  -3   11   2   1   0   0   0   1   2   0   0   1   4   0   0  69   2   2   0   0   2  2.05 0.94
   60 N    -3  -4   1  -1  -3  -3  -5  -6  -1  -2   6  -4  -2  -3  -6  -4  -4  -4  -4  -3    2   1   7   4   1   1   1   0   1   2  73   1   1   1   0   2   1   0   0   1  1.37 0.67
   61 S    -1  -3   0  -2  -4  -4  -3  -2  10  -1  -3  -3  -2  -3  -5  -1  -2  -1   1  -4    5   1   5   3   0   1   1   4  57   3   3   1   1   1   1   4   2   1   4   2  1.81 0.80
   62 E    -2  -1  -2   0   1  -1   0  -3  -1   2   1  -1   0   1  -4   0  -2   4   2   1    2   3   2   5   3   3   8   1   1  14  16   4   2   5   0   6   2   5   9   8  0.18 0.17
   63 S     6  -4  -2  -4  -3  -3  -4  -2  -2  -3  -4  -4  -4  -5  -4   0   0  -5  -6  -3   70   1   2   1   1   1   1   3   1   2   1   1   0   0   1   6   5   0   0   2  1.38 0.71
   64 S     4  -2  -2  -3   2  -3  -3  -3   0  -2   0  -1  -3  -5  -2   3   0  -2  -4  -1   39   2   2   1   4   0   1   1   2   3   8   4   0   0   2  21   4   1   1   5  0.59 0.41
   65 Q    -2   3   0   0  -4   4   1  -3   0  -3   0   1  -1  -2  -3   0  -2   1   0  -3    3  17   4   4   0  19   8   2   2   2  11   9   1   2   1   7   2   2   3   2  0.34 0.27
   66 Y    -2   0   4   0  -3   1   1  -1   2  -2   0   1  -1  -1  -2  -1  -1  -1   2  -2    3   6  19   4   1   7  11   4   4   2   9   8   1   3   2   4   2   1   8   2  0.23 0.21
   67 S    -2   1   1  -2  -6  -4  -2   6  -3  -3  -3  -1  -4  -5  -5   0  -3  -2  -4  -3    3   7   7   2   0   1   3  56   1   2   4   4   0   0   0   6   1   1   1   2  1.02 0.52
   68 T    -2   0   2  -1  -3  -1  -2   0   8  -1  -4   1  -3  -4  -3  -1  -1  -5   1  -1    3   4  10   3   1   2   2   8  33   4   1  10   0   0   2   5   3   0   4   4  0.78 0.43
   69 S     2  -1  -1  -1  -2  -1   0  -1  -2  -1   1   2  -2  -3  -2   0   2  -3  -3   0   19   3   2   3   1   3   5   4   0   4  13  13   0   1   1   7  12   0   1   7  0.15 0.17
   70 E    -2  -1   2   5  -5   1   5  -4  -3  -3  -2   0  -2  -3  -3  -2  -2  -6  -2  -3    3   3   8  27   0   5  32   1   0   2   4   5   1   1   1   2   2   0   2   2  0.76 0.44
   71 L    -1  -3  -3  -4   0  -3  -4  -2  -5   4   3  -3   0  -2  -3  -4  -1  -3  -4   4    4   1   1   1   2   1   1   3   0  21  28   1   2   1   1   1   3   0   0  27  0.68 0.37
   72 W    -1  -3   3  -2  -4  -3  -2  -3  -1   3   2  -3  -1  -1  -3  -3  -2   1  -3   4    4   1  13   2   0   1   3   1   1  14  16   2   1   2   1   2   2   2   1  32  0.51 0.32
   73 S     1   0   3   2  -3   2   1  -2  -1  -3  -3   2  -2  -4  -3   1  -1  -5  -4  -2   13   4  13  10   0   9  10   3   1   2   3  12   1   0   0  13   4   0   0   3  0.31 0.25
   74 H     2   0  -1  -2  -4   1   0  -3   5  -2  -1   1  -1  -2  -2   0  -1  -4   2  -1   18   4   3   1   0   7   5   2  17   1   7  10   1   1   2   5   4   0   6   5  0.30 0.24
   75 K    -1   0   2   1  -4  -1  -1   1  -2  -3   2   3  -2  -4  -4  -1   1  -5  -4  -3    4   5   9   9   0   2   4  13   1   1  20  19   0   0   0   3   8   0   0   1  0.28 0.25
   76 V     2  -2   1   1  -2  -2  -1  -2  -2   1   0   1  -1  -2  -2   0   1  -4  -3   1   22   2   7   9   0   1   3   2   1   9  10   9   1   1   1   4   8   0   1   9  0.16 0.17
   77 I    -2  -2   2   4  -2   0   1  -2  -3   0  -2   1  -2  -2  -2  -1  -1  -4  -1  -1    3   1  10  27   1   4  10   2   0   7   4  10   1   2   2   4   4   0   3   4  0.35 0.25
   78 A     1  -1   2   2  -3  -2  -2   3  -1  -1  -3   0  -2  -3   0   0  -2  -3  -1   0   10   2  10  12   0   1   2  26   1   3   2   5   1   1   4   6   2   0   2   8  0.28 0.21
   79 N    -3   0   5   2  -2   0  -1   4   1  -5  -4  -2  -3  -6  -5   0  -2  -3  -3  -3    2   4  27  12   1   4   4  27   3   1   2   2   1   0   0   5   3   1   1   2  0.69 0.41
   80 Y     0  -2  -2  -2  -4  -1  -3  -4  -1  -2  -3  -3  -2  -1  -4  -1   6   5   4  -3    9   2   2   2   0   3   2   1   1   2   2   2   1   2   0   3  42   8  13   1  0.88 0.52
   81 S     1  -4  -2   3  -2  -2  -1  -5  -5  -5  -5  -2  -4  -5   4   1   4  -6  -2  -3   12   1   2  13   1   1   4   0   0   0   1   2   0   0  22   8  29   0   1   1  0.81 0.51
   82 E    -1  -6  -6  -2  -6  -1   1  -6  -6  -1   5  -4  -1  -2   4  -4  -4  -6  -5  -2    4   0   0   2   0   3   9   0   0   2  48   1   1   1  23   1   1   0   0   2  0.99 0.56
   83 L    -6  -5  -4  -7  -3  -5  -6  -7   9  -2   4  -5   0   2  -7  -6  -6  -3  -2  -4    0   0   1   0   1   0   0   0  41   2  39   1   2   9   0   0   0   0   1   1  1.82 0.80
   84 F    -5  -2  -3  -5  -1  -2  -1  -6   5   3   2  -3   4   2  -4  -4  -3   4   3  -2    0   2   1   0   1   2   4   0  13  18  16   2   9   9   1   1   2   6  11   2  0.68 0.39
   85 A     7  -7  -7  -7  -5  -5  -6  -5  -7  -6  -6  -6  -7  -8  -7  -2  -5  -8  -8  -5   94   0   0   0   0   0   0   0   0   0   0   0   0   0   0   3   1   0   0   1  2.50 1.11
   86 A     6  -6  -6  -6   3  -6  -6  -4  -7  -4  -5  -6  -6  -7  -6   2  -3  -7  -7   0   71   0   0   0   5   0   0   0   0   1   1   0   0   0   0  15   1   0   0   5  1.70 0.84
   87 S     1   3  -2  -2  -5   3   1  -3  -1  -3  -2   2   0  -1  -4   2  -1   2   0  -3   11  16   2   2   0  11   9   2   1   1   5  11   2   2   0  14   3   2   3   1  0.30 0.27
   88 V    -1  -1   5  -1  -1   0   2  -2   0   0  -3   1  -2  -4  -4   0  -1  -1   1  -1    5   3  27   2   1   3  14   2   2   7   2  10   1   0   0   6   3   1   5   5  0.39 0.30
   89 G    -5  -5   1  -1  -4  -5  -5   7  -7  -8  -8  -6  -8  -8  -7  -4  -7  -8  -8  -7    1   1   6   4   0   0   1  85   0   0   0   0   0   0   0   1   0   0   0   0  2.35 0.98
   90 N    -5  -1   3   3  -3   2  -3  -6   9  -8  -6  -2  -6  -5  -5  -1  -5  -4   0  -7    1   3  14  17   1   9   1   0  42   0   1   3   0   1   0   4   0   0   3   0  1.66 0.77
   91 V    -1  -1  -3  -1  -2  -2   0  -5  -3   1   3   1  -1  -2  -2  -2   1  -2  -3   2    5   3   1   4   1   1   7   0   0   7  29   8   1   1   1   2  11   1   0  16  0.31 0.26
   92 D    -2  -1   1   5  -8  -1   5  -3  -2  -7  -6   0  -5  -6  -4  -3  -3  -8  -7  -5    4   3   5  31   0   2  40   2   1   0   0   6   0   0   1   2   2   0   0   1  1.20 0.64
   93 W    -1  -3  -6  -5   4  -5  -3  -6  -5   3  -3  -3   0  -4  -7  -2   0   7  -5   5    5   1   0   1   7   0   2   0   0  17   2   2   2   0   0   3   5  15   0  36  1.10 0.57
   94 L     2  -7  -7  -7  -1  -6  -7  -6  -7   1   2  -6  -2  -4  -7  -4  -2  -7  -6   6   17   0   0   0   1   0   0   0   0   5  20   0   1   0   0   1   3   0   0  51  1.24 0.63
   95 R    -1   3  -1  -1  -3   3   3  -4  -1  -5  -5   5  -5  -7  -4  -1  -3  -7  -4  -4    6  15   2   2   1  12  17   1   2   1   1  31   0   0   0   5   2   0   0   1  0.81 0.49
   96 F     0  -3  -3  -3  -3   1  -2  -5   0   1   3  -3   0   1  -5  -3  -2   0   4   1    7   1   1   2   1   6   3   0   2   7  32   1   2   6   0   1   2   1  14  10  0.44 0.31
   97 C    -6  -7  -8  -8   3  -6  -8  -8  -8  -3   6  -7  -2  -2  -8   0  -3  -7  -4  -5    0   0   0   0   6   0   0   0   0   0  81   0   0   1   0   8   1   0   1   0  1.90 0.87
   98 V    -5  -7  -8  -8  -6  -7  -7  -8  -5   5   5  -7   2  -3  -7  -7  -5  -7  -4   2    1   0   0   0   0   0   0   0   0  27  54   0   4   1   0   0   0   0   0  13  1.51 0.68
   99 N    -1   0   2   3  -5   2   5  -2  -3  -6  -6   2  -5  -6  -4   1  -3  -6  -3  -5    4   4   8  14   0   8  32   3   0   0   0  12   0   0   0  10   1   0   1   1  0.72 0.46
  100 P     1   2   3  -1  -3   1   0  -3   5  -4  -4   4  -3  -5  -4  -2  -3  -6  -2  -5   11   9  15   3   1   7   5   1  14   1   1  26   1   0   1   2   1   0   1   1  0.72 0.44
  101 E    -1  -2  -1   0  -4  -4  -2   7  -2  -6  -7  -1  -7  -6  -5  -2  -3  -7  -6  -5    5   2   3   5   0   1   3  67   1   0   0   4   0   0   1   3   1   0   0   1  1.46 0.69
  102 R     6  -1  -3  -5  -2  -3  -2  -2  -1  -4  -4  -2  -5  -6  -4  -2  -2  -4  -5  -2   72   4   1   1   1   1   3   3   2   1   2   2   0   0   1   2   2   0   0   3  1.38 0.72
  103 K    -3  -3   4   6  -6  -1   1  -1  -3  -5  -6   0  -6  -6  -3   2  -4  -4  -3  -6    2   1  22  37   0   2   7   4   1   1   1   5   0   0   1  13   1   0   1   0  1.02 0.56
  104 E    -1  -5  -5  -4  -3  -2  -2  -5   0   3   0  -1  -3  -1   2  -4  -2  -3  -5   5    5   0   0   1   0   2   3   1   3  16   7   4   0   2  10   0   3   0   0  43  0.78 0.45
  105 I    -3  -4   7   3  -5  -4   0  -4  -1  -1  -3  -2  -5  -7  -5   0   1  -7  -5  -3    2   1  49  13   0   0   6   1   2   4   2   2   0   0   0   6   9   0   0   2  1.18 0.63
  106 I     4  -1  -2  -3  -2   1  -1  -4  -2   0  -1   0  -1  -3  -2   0   0  -5  -4   1   38   4   2   1   1   6   3   0   1   5   7   7   1   1   2   5   5   0   0  12  0.40 0.32
  107 V     1   1  -2  -3  -1   2  -1  -2  -3  -2  -2   4   0  -1  -2  -1   2  -5  -1   0   15   6   1   1   1   8   4   3   0   2   3  26   2   2   1   3  12   0   2   6  0.33 0.29
  108 D    -4  -4   4   7  -6  -3  -2  -3  -4  -6  -7  -3  -3  -8  -5  -1   2  -8  -5  -6    1   1  16  54   0   1   2   2   0   0   0   1   1   0   0   5  14   0   0   0  1.52 0.75
  109 D    -3   1   4   2  -3   0   2  -3  -1  -2  -5   5  -3  -5  -5  -1  -3  -3  -3  -4    1   6  20   9   1   4  12   2   1   3   0  31   1   0   0   5   1   0   1   1  0.73 0.46
  110 K    -3   0   4   4  -3   0   0  -2   1  -3  -5   2  -4  -2  -5  -1  -2  -1   2  -4    1   4  18  26   1   4   6   3   3   1   1  14   0   1   0   5   2   1   7   1  0.63 0.39
  111 G    -4  -3   0  -3  -5  -4  -2   7  -5  -7  -8  -3  -7  -6  -7  -3  -6  -4  -6  -8    0   2   4   2   0   1   3  82   0   0   0   2   0   0   0   2   0   0   0   0  2.11 0.89
  112 F    -2   1   0  -1   0  -1  -1  -3  -1  -2   1  -1   0   4  -5  -2  -3   7   2  -2    3   9   4   3   2   3   4   2   1   1  14   4   2  19   0   4   2  15   6   3  0.57 0.34
  113 T    -1  -5  -3  -6  -6  -6  -6  -7  -7  -4  -6  -5  -4  -7  -4   0   8  -8  -7  -5    5   0   1   0   0   0   0   0   0   1   1   0   0   0   1   6  83   0   0   0  2.31 1.06
  114 A     3  -7  -7  -5  -4  -5  -6  -7  -7  -7  -4  -6  -7  -8   8  -2  -3  -8  -8  -1   21   0   0   0   0   1   0   0   0   0   2   0   0   0  66   3   1   0   0   4  2.14 0.96
  115 I    -5  -7  -8  -8  -3  -7  -8  -8  -8   1   7  -7  -1  -3  -8  -7  -6  -7  -6  -2    1   0   0   0   1   0   0   0   0   8  86   0   1   1   0   0   0   0   0   2  2.06 0.87
  116 H    -6  -5  -3  -7  -4  -6  -6  -7  11  -4  -6  -5   0  -2  -6  -4  -7  -2   1  -7    0   0   1   0   0   0   0   0  82   1   1   0   3   2   0   1   0   1   5   0  3.42 1.27
  117 F    -2  -1  -4  -3   1  -2  -3  -4   0   2   3  -3   2   2  -5  -1  -2   5   3   1    3   4   1   2   3   1   1   1   2  11  28   2   4   7   0   4   2   8   9   9  0.42 0.27
  118 A     7  -7  -7  -5  -6  -6  -6  -5  -7  -7  -6  -6  -6  -5  -5  -2  -4  -8  -7  -5   93   0   0   1   0   0   0   0   0   0   1   0   0   0   0   2   1   0   0   0  2.42 1.07
  119 A     6  -7  -6  -7   4  -6  -5  -5  -7  -4  -5  -6  -6  -6  -6   2  -2  -8  -7  -2   68   0   0   0   8   0   0   0   0   1   1   0   0   0   0  16   2   0   0   3  1.69 0.85
  120 Q    -2   1  -1  -1  -2   4   1  -3   1  -1   1   2   1   0  -4  -1  -2   2   1  -2    3   8   2   3   1  18   9   1   3   3  15  11   3   3   0   5   1   3   5   2  0.27 0.25
  121 K    -3   0   5  -3  -2  -1   1  -3   5  -5  -6   2  -2  -3  -4  -1  -3   0   4  -6    2   5  31   1   1   2   8   1  12   0   0  11   1   1   1   4   1   1  16   0  0.93 0.54
  122 C    -4  -4   0  -2  -1  -7  -4   7  -5  -9  -9  -7  -5  -8  -7  -4  -7  -8  -4  -8    1   1   5   3   1   0   2  84   0   0   0   0   0   0   0   1   0   0   1   0  2.28 0.98
  123 Q    -6   3   3   0  -1   1  -3  -7   9  -8  -5   0  -5  -4  -7  -1  -5  -7   1  -7    0  13  12   6   1   6   1   0  42   0   1   6   0   1   0   5   0   0   5   0  1.55 0.75
  124 L    -2  -2  -5  -3  -3  -3  -2  -6  -4   1   5   1   0  -1  -3  -3   0  -2  -3   1    3   2   0   2   1   1   3   0   0   8  50   8   2   2   1   2   6   1   1   8  0.65 0.41
  125 S     0  -3   2   5  -8   0   5  -3  -4  -7  -8   0  -5  -8  -4  -2  -3  -8  -7  -5    7   1   8  28   0   3  40   2   0   0   0   5   0   0   1   3   1   0   0   1  1.19 0.65
  126 C    -2  -6  -7  -7   7  -6  -5  -7  -7   4  -2  -6   1  -5  -7  -3   0  -7  -5   5    3   0   0   0  21   0   1   0   0  17   3   0   3   0   0   2   6   0   0  43  1.44 0.67
  127 L     3  -6  -7  -7  -3  -6  -6  -6  -7   2   1  -6   2  -4  -6  -4  -2  -7  -5   6   20   0   0   0   0   0   0   0   0   8  13   0   4   1   0   1   2   0   0  50  1.21 0.61
  128 K    -3   2  -1  -2  -7   4   3  -4  -3  -5  -6   6  -4  -7  -5  -3  -1  -5  -6  -5    2  11   3   2   0  15  18   1   1   1   1  41   0   0   0   1   3   0   0   1  1.14 0.62
  129 V    -1  -3  -6  -6  -1  -4  -4  -6  -2   1   4  -3   1   1  -6  -3  -2   3   3   1    6   1   0   0   1   0   1   0   1   7  40   2   3   6   0   1   2   4  12  11  0.71 0.42
  130 L    -7  -8  -9  -9  -3  -8  -8  -9  -8  -3   7  -8  -1  -2  -8  -8  -7  -7  -7  -4    0   0   0   0   1   0   0   0   0   1  95   0   1   1   0   0   0   0   0   1  2.44 1.05
  131 I    -4  -7  -8  -8  -3  -7  -8  -8  -8   5   5  -7  -2  -3  -8  -5  -5  -7  -6   3    1   0   0   0   1   0   0   0   0  31  44   0   1   1   0   1   0   0   0  20  1.49 0.70
  132 E    -2  -2   1   3  -5   2   5  -3  -2  -5  -4   0  -5  -5  -4   1  -3  -5  -5  -4    4   1   5  13   0  10  43   2   1   1   2   6   0   0   0   9   1   0   0   1  0.92 0.51
  133 E     1   2   2  -2  -5   2   1  -4  -2  -4  -5   5  -4  -5  -4   0  -2  -5  -4  -3   10  11  11   2   0   8  10   1   1   1   1  34   0   0   0   7   2   0   1   2  0.71 0.43
  134 Y    -1   1  -1  -1   1   0   0   1   4  -1  -1   0  -1   0  -2  -1  -1  -1   3  -1    6   7   3   4   4   3   6  11  11   3   5   6   1   4   2   4   3   1  13   4  0.16 0.10
  135 K     0  -1   1  -2  -4  -2  -2   6   0  -6  -4   2  -5  -6  -3  -3  -4  -6  -4  -5    8   3   5   2   0   2   3  56   2   0   2  11   0   0   1   2   1   0   1   1  1.09 0.56
  136 Y     6  -5  -4  -5  -2  -4  -5  -2  -4  -1  -3  -6  -1   0  -5  -2  -2  -2  -4   1   66   0   1   1   1   0   1   2   0   3   2   0   2   5   0   2   2   1   1  10  1.29 0.71
  137 P    -5  -2   4   6  -7  -2   0  -3  -3  -5  -5  -2  -4  -6   2  -1  -4   1  -6  -5    0   2  19  46   0   2   5   2   1   1   2   2   1   0  10   4   1   2   0   1  1.24 0.65
  138 V    -2  -6  -6  -5  -4  -5  -5  -7  -7   4  -2  -3  -3  -1   0  -4  -4  -4  -6   6    3   0   0   1   0   0   1   0   0  21   3   2   0   3   5   1   1   0   0  58  1.40 0.69
  139 D    -4  -5   8   5  -4  -5   0  -5   0  -7  -6  -3  -5  -6  -7  -2  -3  -9  -4  -7    2   0  57  25   0   0   5   1   2   0   1   1   0   0   0   3   2   0   1   0  1.90 0.90
  140 L     4  -3  -4  -4  -3  -2  -2  -3  -2   1   1  -1  -1   0  -3   1  -1  -6  -4   1   40   1   0   1   0   1   3   1   1   7  12   4   2   3   1   9   4   0   0  10  0.50 0.38
  141 P     1   1  -2  -3  -2   2   0  -1  -3  -3  -2   3  -2  -4   1   0   1  -4  -4  -2   12   8   1   1   1  11   5   5   0   2   4  22   1   0   7   7  10   0   0   3  0.34 0.30
  142 T    -1  -4   3   6   1  -3  -2   1  -2  -5  -6  -3  -3  -4  -4   2   2  -7  -4  -4    4   1  14  38   3   0   2   9   1   0   1   1   1   1   1  12  11   0   0   1  0.90 0.54
  143 N    -2   0   4   0  -4  -1   1  -2   0  -2  -2   4  -3  -4  -1   0  -2  -2  -2  -2    3   4  24   6   0   2   7   3   2   3   4  25   0   1   3   7   2   1   1   3  0.49 0.36
  144 K    -3   1   4   4  -2   0   1  -2   1  -4  -3   0  -2  -1  -4  -1   1  -3   2  -4    2   6  22  21   1   4   7   3   3   1   3   5   1   3   0   3   8   0   7   1  0.50 0.36
  145 G    -4  -3   0  -1  -4  -3  -4   7  -3  -8  -7  -1  -5  -6  -7  -2  -6  -2  -5  -7    1   2   5   3   0   1   1  77   1   0   0   3   0   0   0   2   0   1   0   0  1.91 0.86
  146 Q    -2   2   0  -2   1   1  -1  -3   1  -1   0  -2  -2   0  -6  -1  -3   9   1  -1    3  13   4   2   3   6   4   2   3   4   8   2   1   4   0   6   2  25   4   6  0.76 0.44
  147 T    -4   3  -5  -6  -4  -4  -6  -7  -4  -4  -7  -4  -4  -7  -5  -3   8  -8  -4  -4    1  12   0   0   0   1   0   0   0   1   0   1   0   0   1   1  78   0   1   1  2.20 1.05
  148 P     1  -7  -7  -7  -8  -7  -7  -7  -4  -8  -5  -7  -4  -5   8  -2  -6  -9  -8  -4   12   0   0   0   0   0   0   0   0   0   1   0   0   1  80   3   0   0   0   2  2.65 1.17
  149 L    -5  -7  -8  -8  -3  -7  -8  -8  -8   2   7  -7  -2  -3  -8  -7  -6  -7  -6  -1    1   0   0   0   0   0   0   0   0   9  83   0   1   1   0   0   0   0   0   4  1.99 0.88
  150 H    -8  -5  -2  -6  -3  -4  -5  -9  11  -4  -5  -6   0  -2  -9  -5  -5  -3   1  -9    0   0   2   0   1   1   0   0  83   1   1   0   2   2   0   1   1   0   4   0  3.50 1.36
  151 L    -2  -2  -2  -4   0  -3  -3  -4  -3   1   3  -2   3   1  -4  -2  -2   4   2   2    3   2   2   1   2   1   2   1   1   8  30   2   8   5   0   4   1   5   8  14  0.45 0.30
  152 V     7  -7  -7  -6   1  -6  -6  -5  -7  -3  -5  -6  -6  -7  -5  -3  -3  -7  -7   1   79   0   0   0   2   0   0   1   0   2   1   0   0   0   1   1   2   0   0  11  1.90 0.92
  153 I     5  -5  -4  -5   3  -5  -5  -4  -5   2   0  -4  -1  -3  -5   2  -2  -6  -5   0   44   0   0   0   5   0   0   1   0  11  10   0   1   1   0  16   2   0   0   7  0.85 0.52
  154 H    -1   1   2  -2  -2   2   0  -2   5  -3  -2   0  -1   0  -4   2  -1   1   1  -3    4   8   8   2   1  10   6   3  13   2   5   6   1   4   0  15   3   2   5   2  0.29 0.26
  155 K    -2   1   5  -1  -1   0   0  -2   1  -4  -4   2  -1  -2  -3   0  -2   1   4  -4    4   6  27   2   1   3   7   3   2   1   1  14   1   1   1   6   2   2  12   1  0.52 0.37
  156 N    -2  -2   2   1  -3   1   0   6  -3  -7  -5  -2  -6  -6  -4  -2  -5  -6  -6  -6    3   2   8   8   1   5   6  57   1   0   1   3   0   0   1   3   0   0   0   0  1.21 0.61
  157 N    -4  -1   4  -3  -2  -2  -3  -4   9  -4  -5  -3  -5  -5  -4   1   0  -3  -1  -5    1   3  19   2   1   1   1   2  46   1   1   1   0   0   1  10   5   0   2   1  1.64 0.71
  158 K     0   1  -1   0  -2   1   1   1  -1  -2  -1   2  -1  -1   0   0   1  -2  -1  -1    7   6   2   4   1   7   8  12   1   2   5  14   1   3   4   7   8   0   2   5  0.10 0.08
  159 S     0   0   2   0  -1   0   1   0  -1  -1  -1   1  -1  -1   2   0   0  -1  -1  -1    8   4  10   5   1   4   9   6   1   3   5  10   2   3   9   8   5   1   2   4  0.10 0.05
  160 D     0   1   0   0   0   0   0   1   1   0  -1   0   0  -1   0   0   0  -1  -1   1    6  12   6   5   2   3   5  11   4   4   6   4   3   3   3   6   4   1   2  12  0.03 0.02
  161 I     0   0   0   0   2   0   0  -1   1   0  -1   0   1   0   0   0   0  -2   1   0    5   5   5   5   5   5   5   5   5   5   5   5   5   5   5   5   5   0   5   5  0.03 0.05
  162 L    -1  -3  -2  -3  -1  -2  -2  -3  -1   1   4  -2   0   1  -2  -2  -2  -2  -1   1    4   1   2   2   1   2   2   2   2   7  45   3   1   5   2   4   2   1   2  11  0.45 0.22
  163 P    -1  -2   0   4  -4   0   5  -3  -2  -3  -3   0  -3  -4   1  -2  -3  -4  -3  -4    5   2   3  23   1   4  36   2   1   2   3   6   0   1   6   2   1   0   1   1  0.77 0.41
  164 C    -2  -5  -5  -5   7  -5  -5  -5  -5   3  -1  -5   2  -4  -5  -4   0  -4  -4   5    3   0   1   0  23   0   1   1   0  18   4   1   5   1   0   1   5   0   0  35  1.23 0.54
  165 I     1  -5  -5  -5  -2  -5  -5  -5  -5   2   2  -5  -1  -2  -5  -4  -1  -5  -4   6   13   0   1   0   1   0   0   1   0   9  16   0   1   1   0   1   3   0   0  49  1.01 0.50
  166 D    -2   2  -1  -1  -4   3   3  -3  -1  -4  -4   5  -2  -5  -4  -2  -1  -4  -1  -4    3  10   3   3   0  15  18   1   1   1   1  30   1   0   1   2   4   0   2   1  0.71 0.43
  167 Y    -1  -6  -6  -6  -1  -4  -4  -7  -2   0   4  -3   0   2  -6  -5  -3   1   6   0    6   0   0   0   1   0   1   0   1   4  37   2   2   7   0   1   2   2  29   6  1.02 0.54
  168 L    -7  -8  -9  -9  -7  -8  -8  -9  -8  -3   7  -8  -1  -2  -8  -8  -7  -7  -6  -5    0   0   0   0   0   0   0   0   0   1  97   0   1   1   0   0   0   0   0   0  2.50 1.04
  169 L    -5  -7  -8  -8  -3  -7  -7  -8  -6   5   5  -6  -2  -3  -7  -6  -4  -7  -6   2    0   0   0   0   0   0   0   0   0  28  56   0   0   1   0   0   1   0   0  12  1.55 0.70
  170 K    -1  -1   0   3  -6   1   5  -2  -3  -5  -5   2  -4  -7  -4   2  -1  -5  -5  -5    4   2   5  16   0   6  33   4   0   1   1  11   0   0   0  13   3   0   0   0  0.75 0.48
  171 K     0   2   3  -4  -2   2  -1  -4   5  -5  -5   5  -4  -6  -5  -3  -4  -4  -2  -5    9  10  13   0   1   8   3   1  15   1   1  34   0   0   0   1   1   0   1   1  0.94 0.54
  172 G    -5  -2  -2  -3  -8  -6  -4   7  -7  -9  -9   0  -8  -9  -6  -3  -6  -8  -8  -8    0   3   2   1   0   0   1  84   0   0   0   5   0   0   0   2   0   0   0   0  2.27 0.97
  173 A     7  -7  -7  -6   0  -7  -7  -3  -7  -4  -6  -7  -7  -8  -7  -3  -4  -8  -8  -3   92   0   0   0   2   0   0   2   0   1   0   0   0   0   0   1   1   0   0   1  2.37 1.08
  174 A    -2  -4   4   6  -7  -1   1  -2  -3  -7  -5   0  -7  -7  -4   1  -4  -4  -3  -7    3   1  16  49   0   3   7   2   1   0   1   5   0   0   1   9   0   0   1   0  1.25 0.65
  175 I    -3  -6  -7  -7  -4  -5  -7  -7  -3   4  -1  -3  -3  -2   3  -5  -3  -4  -6   6    2   0   0   0   0   1   0   0   1  20   5   2   0   2  14   0   1   0   0  50  1.32 0.67
  176 N    -4  -4   7   3  -8  -4   0  -3   3  -8  -7  -2  -6  -8  -7   0  -1  -8  -4  -7    1   0  57  13   0   1   6   2   7   0   0   2   0   0   0   7   3   0   0   0  1.65 0.81
  177 S     5  -2  -4  -4  -1  -3  -2  -4  -3   0  -2   0  -2  -3  -4   0   0  -4  -4   3   44   2   1   1   1   1   2   1   1   5   4   5   1   1   1   5   5   0   0  19  0.68 0.45
  178 Q     1   2  -3  -3  -2   3   0  -2  -3  -3  -4   4   0  -4  -2  -1   2  -5  -3   0   10   9   1   1   1  11   4   3   0   1   1  28   2   1   2   4  13   0   1   6  0.48 0.35
  179 T     0  -3   5   5  -2  -3  -2  -1  -3  -4  -5  -4  -2  -5  -4  -1   3  -6  -3  -5    9   1  24  33   1   1   2   4   0   1   1   1   1   0   1   5  15   0   1   1  0.95 0.53
  180 Y    -3   0   4   2  -1   1   1  -4   1  -2  -4   4  -3  -3  -4  -1  -1  -2  -2  -2    1   5  17  12   2   5   9   1   3   2   1  28   0   1   1   4   3   1   2   3  0.56 0.36
  181 N    -3  -3   5   5  -4  -1   0  -2   0  -3  -5  -1  -3  -2  -4   0  -1  -3   1  -4    2   1  25  33   0   3   6   3   2   2   1   3   1   2   1   6   3   0   6   1  0.83 0.46
  182 G    -4  -3   1  -2  -3  -3  -2   7  -4  -7  -5  -2  -3  -5  -5  -3  -5  -6  -4  -6    1   2   5   2   1   1   3  74   0   0   1   3   1   1   1   2   0   0   1   1  1.75 0.77
  183 S    -2   1   0  -1   0   0   0  -3   0   0   0  -1   0   0  -4   0   0   7   3  -1    3   8   4   4   2   5   5   2   2   5   8   3   2   4   1   8   5  14  10   5  0.31 0.23
  184 T    -2  -5  -4  -5  -4  -5  -5  -6  -6  -3  -6  -5  -3  -6  -5  -1   8  -6  -4  -4    3   1   1   0   0   0   1   0   0   1   1   0   0   0   0   4  85   0   1   1  2.31 1.01
  185 P     1  -6  -6  -6  -6  -6  -5  -6  -6  -5  -4  -5  -4  -7   8  -2  -4  -7  -7  -2   10   0   0   0   0   0   0   0   0   1   2   0   1   0  76   3   1   0   0   3  2.38 0.99
  186 L    -4  -6  -7  -7  -3  -6  -7  -7  -7  -2   7  -6  -1  -3  -5  -5  -5  -6  -5  -1    2   0   0   0   0   0   0   0   0   1  88   0   1   0   1   1   1   0   0   3  1.95 0.83
  187 H    -6  -3  -3  -7  -2  -4  -6  -7  11  -3  -5  -6   0  -2  -7  -4  -5  -2   2  -7    0   1   1   0   1   1   0   0  80   2   1   0   2   2   0   1   1   1   5   0  3.21 1.20
  188 L    -2  -1  -2  -3   2   1  -2  -4  -2   3   2  -1   1   1  -5  -1  -2   5   2   0    2   3   2   1   4   7   2   1   1  17  22   3   4   7   0   4   2   8   6   4  0.36 0.25
  189 A     7  -6  -6  -6  -5  -6  -5  -3  -6  -6  -5  -6  -6  -7  -5  -1  -3  -7  -6  -1   85   0   0   0   0   0   0   2   0   0   1   0   0   0   0   5   2   0   0   4  2.01 0.93
  190 S     6  -5  -4  -5   2  -4  -5  -4  -5  -4  -4  -5  -5  -5  -5   3  -2  -6  -5   0   63   0   0   0   4   1   0   1   0   1   2   0   0   0   0  19   2   0   0   6  1.36 0.70
  191 C    -1   2  -1  -2   0   3   1  -2   0  -1  -1   2   0   0  -3   1  -2   1   1  -3    4  13   2   1   2  14  10   3   2   4   5  10   3   4   0  12   2   2   4   1  0.23 0.22
  192 N    -2   0   5  -1  -2   0   3  -1   1  -4  -4   2  -2  -3  -4   0  -2   1   0  -4    2   5  27   2   1   4  17   5   3   1   1  15   1   1   0   7   1   2   4   1  0.58 0.38
  193 G    -4  -5   3  -1  -3  -4  -5   7  -3  -7  -7  -4  -6  -6  -6  -3  -5  -6  -5  -6    1   1  12   3   1   1   1  76   1   0   1   1   0   0   0   1   0   0   0   0  1.95 0.81
  194 L    -4   0   1  -3  -1   2  -4  -6   9  -5  -1  -1  -1  -4  -6  -1  -4  -6   1  -6    1   5   7   1   1  10   1   0  51   1   7   3   1   1   0   5   1   0   4   0  1.62 0.72
  195 L    -2  -2  -3  -2  -3  -2   0  -5  -3   1   3   1   3  -1  -3  -2   1   0  -2   2    3   2   1   2   0   1   8   0   0   7  32   9   7   1   1   1   9   1   1  12  0.35 0.26
  196 G    -2  -2   0   5  -6   1   5  -1  -2  -5  -5   0  -4  -6  -4  -2  -3  -6  -4  -4    4   1   5  32   0   7  33   4   1   1   1   5   0   0   1   3   1   0   1   1  0.99 0.53
  197 C    -2  -6  -5  -6   7  -5  -5  -6  -6   4  -2  -5   1  -3  -5  -4   0  -6  -4   5    3   0   1   0  18   0   1   0   0  26   3   0   4   1   0   1   5   0   1  36  1.26 0.57
  198 I     2  -5  -5  -5  -3  -5  -5  -4  -6   1   1  -5  -1  -4  -5  -3   0  -6  -5   6   17   0   0   1   1   0   0   1   0   7  10   0   1   1   0   1   5   0   0  54  1.08 0.55
  199 K    -2   2  -1  -2  -5   3   3  -4  -3  -4  -5   5  -3  -6  -3  -2   0  -3  -4  -4    3   8   2   2   0  10  21   1   0   1   1  38   1   0   1   3   6   0   0   1  0.87 0.50
  200 L     0  -4  -4  -4   0  -3  -2  -5  -1   1   3  -3   2   2  -5  -2   1   1   4   1    8   0   0   1   2   1   2   0   1   7  30   2   4   6   0   2   8   2  14   9  0.43 0.29
  201 L    -6  -7  -8  -8  -6  -7  -7  -8  -7  -3   7  -7  -1  -3  -7  -7  -6  -6  -6  -3    0   0   0   0   0   0   0   0   0   1  95   0   1   1   0   0   0   0   0   1  2.33 0.96
  202 V    -3  -6  -6  -6  -2  -6  -6  -6  -6   5   5  -6  -1  -3  -6  -5  -3  -3  -5   3    1   0   0   0   1   0   0   0   0  28  45   0   1   1   0   1   1   0   0  19  1.24 0.57
  203 Q     0  -1   1   3  -6   2   5  -3  -3  -5  -6   2  -5  -5  -4   1  -3  -6  -4  -5    7   2   6  14   0   9  35   1   0   0   0  13   0   0   0  10   1   0   0   0  0.80 0.47
  204 S     1   1   3  -3  -3   0  -1  -3   5  -3  -3   3  -3  -3  -4  -1  -3  -5   2  -2   15   8  14   1   1   4   3   2  13   1   2  21   0   1   0   4   0   0   8   2  0.54 0.37
  205 G    -4  -2   0  -3  -6  -4  -3   7  -3  -7  -7   0  -4  -6  -6  -3  -5  -6  -6  -6    1   3   4   2   0   1   2  79   1   0   1   5   0   0   0   1   0   0   0   1  1.91 0.80
  206 A     7  -6  -6  -6  -3  -6  -6  -1  -6  -4  -5  -5  -6  -7  -4  -3  -3  -7  -6  -3   88   0   0   0   0   0   0   4   0   1   1   0   0   0   1   1   1   0   0   2  2.12 0.95
  207 N    -4  -3   4   6  -5  -1   1  -4  -3  -4  -5   0  -6  -6  -1  -1  -3  -7  -5  -5    1   1  21  48   0   2   7   1   0   1   1   6   0   0   3   3   1   0   0   1  1.26 0.62
  208 V    -1  -5  -5  -5  -3  -4  -5  -6  -3   4   0  -3  -2  -1   1  -4   0  -4  -4   5    5   1   0   1   0   0   0   0   1  22   6   2   1   2   6   1   5   0   0  46  0.98 0.49
  209 H    -4  -2   7   3  -6  -2   0  -4   3  -5  -3  -2  -4  -4  -5  -1  -1  -6  -3  -5    1   2  50  16   0   1   5   1   7   1   3   2   0   1   1   4   4   0   1   1  1.27 0.62
  210 A     5  -3  -3  -3  -1  -2  -1  -2  -2   1  -2  -1  -2  -3  -4   0   0  -5  -3   1   49   1   1   1   1   1   3   3   1   9   4   4   1   1   1   6   5   0   1   8  0.63 0.41
  211 R     0   2  -3  -3  -1   3   1  -2  -3  -2  -2   4  -2  -5  -2  -2   0  -4  -3   0    8  10   1   1   1  13   8   2   0   3   3  31   1   0   2   2   6   0   1   6  0.49 0.35
  212 D    -3  -4   3   7  -4  -3  -2  -3  -3  -5  -6  -4  -4  -6  -5   0   2  -7  -5  -5    2   1  14  52   0   1   2   2   1   1   1   1   1   0   0   8  14   0   0   0  1.33 0.65
  213 A    -1   0   4   1   0   0   1  -3  -1  -1  -4   4  -2  -4  -3   0  -1  -4  -2  -2    4   4  21   7   2   3   8   2   1   3   1  27   1   0   1   6   3   0   2   3  0.49 0.34
  214 T    -1   1   4   4  -3   1   1  -2   1  -3  -3   0  -1  -1  -4  -1  -2  -3   1  -4    5   8  18  25   1   5   7   2   3   1   3   4   2   3   0   5   2   0   4   1  0.46 0.31
  215 G    -4  -3   0  -2  -5  -3  -3   7  -3  -7  -6  -2  -6  -5  -6  -3  -5  -6  -4  -6    1   2   4   2   0   1   2  79   1   0   1   3   0   0   0   2   0   0   1   0  1.92 0.80
  216 F    -2   1   0  -2   2   0  -1  -3   3  -2  -1   0   0   2  -4  -1  -2   7   2  -1    3   7   6   2   4   5   4   2   8   2   7   6   2   8   1   4   2  17   6   4  0.46 0.28
  217 K    -2  -4  -4  -5  -5  -3  -4  -5  -6  -2  -3  -1  -3  -5  -4   0   8  -6  -6  -4    2   1   0   0   0   1   1   1   0   2   2   5   1   0   1   6  76   0   0   1  1.86 0.87
  218 P     1  -6  -6  -6  -4  -6  -6  -5  -7  -7  -5  -6  -6  -7   8  -2  -4  -7  -7  -3   10   0   0   0   0   0   0   1   0   0   1   0   0   0  79   4   1   0   0   2  2.51 1.04
  219 I    -4  -5  -6  -7  -3  -6  -6  -6  -6   1   6  -5   0  -2  -6  -5  -4  -5  -3  -2    1   1   0   0   1   0   1   1   0   7  80   1   1   2   0   1   1   0   1   2  1.65 0.71
  220 D    -4  -4  -2   3  -3  -3  -3  -5  10  -3  -4  -4   0  -2  -6  -2  -4  -4   1  -5    1   1   2  17   1   1   2   1  59   2   2   1   2   2   0   3   1   0   4   1  2.10 0.85
  221 Y    -3  -1  -3  -3   0  -3  -2  -4   0   1   3  -3   2   2  -5  -1  -2   4   3   0    2   3   1   1   2   1   2   1   2   8  33   1   6   7   0   4   1   7  12   5  0.49 0.30
  222 C     7  -6  -6  -6   3  -5  -5  -4  -6  -4  -6  -5  -5  -6  -5  -1  -3  -6  -6  -4   85   0   0   0   5   0   0   0   0   1   1   0   0   0   0   4   1   0   0   1  2.03 0.90
  223 R     5   1  -3  -5   2  -3  -3  -3  -3  -2  -3   1  -4  -4  -4   2   0  -4  -5  -1   45   7   1   0   4   0   1   1   0   2   2   9   0   0   0  18   4   0   0   5  0.75 0.48
  224 L    -1   1  -1   0  -3   4   1  -2   0   1   1   1   1  -1  -4  -1  -2   1   0  -2    4   7   2   4   0  20  10   2   2   9  12   7   4   3   0   5   1   2   4   2  0.23 0.22
  225 W    -4   0   5  -1  -1   0   2  -1   1  -5  -4   0  -3  -4  -5  -2  -4   8   1  -5    1   4  30   2   1   3  14   5   3   1   1   7   1   1   0   3   1  18   5   1  0.96 0.52
  226 N    -3  -3   2   0   0  -4  -4   7  -4  -6  -6  -3  -6  -6  -5  -2  -5  -6  -6  -6    1   2   9   5   2   1   1  72   0   0   1   1   0   0   0   3   0   0   0   1  1.71 0.73
  227 H    -5   0   1  -4  -1  -2  -4  -6  10  -5  -5  -2  -6  -5  -6  -2  -4  -6   1  -6    1   5   7   1   1   2   1   0  66   1   2   3   0   0   0   3   1   0   5   0  2.36 0.92
  228 R    -1   3  -3  -2  -3  -1   0  -3  -2   1   2   2  -1  -1  -2  -1   1   0  -2   0    6  16   1   2   0   1   6   1   1   7  24  12   1   2   1   3   8   1   1   6  0.22 0.20
  229 T    -1  -2   1   5  -6  -1   5  -2  -1  -4  -5   0  -3  -6  -3  -2  -2  -3  -5  -4    6   2   6  29   0   2  35   3   1   1   1   6   1   0   1   3   2   0   0   1  0.89 0.49
  230 C    -2  -5  -5  -6   7  -5  -5  -6  -6   4  -2  -5   3  -3  -5  -3   0  -5  -5   5    2   0   1   0  19   0   1   0   0  20   3   1   8   1   0   2   6   0   0  36  1.18 0.54
  231 A     4  -4  -5  -6   1  -4  -5  -3  -6   1  -2  -4  -1  -4  -5  -2  -1  -6  -5   6   29   1   0   0   2   0   1   2   0   6   2   1   1   0   0   3   4   0   0  47  1.04 0.55
  232 R     0   0   0   0   2   1   0   0   2   0  -1   0   1  -2   1   0   0  -3   1   0    6   6   5   6   5   5   6   6   5   6   6   6   5   0   6   6   6   0   5   6  0.04 0.08
  233 F    -1  -3  -4  -5  -2  -3  -3  -6  -1   2   4  -4   0   2  -6  -3  -1   1   4   0    5   1   1   1   1   1   2   0   2   9  39   1   2   8   0   1   3   2  16   6  0.68 0.43
  234 L    -4  -4  -8  -8  -6  -7  -7  -8  -7  -1   7  -7  -1  -1  -8  -7  -6  -7  -6  -3    1   1   0   0   0   0   0   0   0   3  89   0   1   2   0   0   0   0   0   1  2.13 0.99
  235 K     0   0  -3  -5  -1  -1  -3  -5  -2   4   3   0   0  -4  -5  -3  -3  -5  -4   1    7   5   1   0   1   3   2   0   1  26  33   7   2   0   0   2   1   0   0   8  0.60 0.39
  236 D    -1  -2   2   5  -2   0   3  -2   1  -3  -5   0  -3  -5  -4   1  -2  -5  -3  -4    5   2  10  29   1   3  20   3   3   1   1   4   1   0   1  10   2   0   1   1  0.66 0.41
  237 V     1   0   0  -2   0   0   0  -1   1   0  -1   2  -1  -1  -2  -1  -1  -3   0   2   14   4   4   2   2   4   7   3   5   6   4  15   1   2   2   3   3   0   3  15  0.10 0.13
  238 M    -1  -1   3  -1  -2   0   0   4  -1  -2  -2   0   3  -2  -3  -1  -1   2  -1  -2    3   2  17   3   1   4   6  27   1   2   3   5   8   1   1   4   3   2   2   3  0.37 0.27
  239 W     5  -2  -2  -2  -1  -2  -1  -2   1  -1  -2  -2   0  -4  -4  -2   0   7  -3  -1   42   2   2   2   1   2   5   2   3   4   5   2   2   1   1   2   5  13   0   3  0.72 0.44
  240 K    -1   0   2   2  -1   1   1  -1   2  -3  -3   3  -2  -3   0   0  -2  -4  -1  -2    4   4  12  12   1   7   9   4   4   1   2  22   1   1   5   5   2   0   2   3  0.34 0.27
  241 H     0   0   1   0  -2   0  -1  -2   2   2  -1   0   0  -2   0  -1   0  -4  -1   2    8   5   9   6   1   4   2   3   7  12   4   7   2   1   4   3   4   0   2  16  0.10 0.14
  242 D    -3  -3   5   5  -3  -1   1   1   2  -3  -4   1  -1  -5  -5  -2  -2  -6  -2  -3    1   1  25  28   1   2   9   9   4   2   1   7   1   0   0   2   2   0   2   2  0.77 0.48
  243 K     3  -1   1   1  -1  -1   0  -2  -1  -2  -3   4  -3  -3  -1  -1  -1  -5  -1  -1   26   3   7   6   1   2   4   3   1   2   3  25   1   1   2   3   4   0   2   4  0.39 0.33
  244 K     0   0   1   1  -4   0   1   3  -1  -2  -2   2  -1  -3  -1  -1   0  -4  -4  -2    6   4   5   9   0   5   9  20   1   2   3  17   2   1   2   4   6   0   0   2  0.25 0.22
  245 V    -1  -1   0   1  -1  -1   0  -2   2   1   0   0  -1  -1  -2   0   1   0   0   1    4   4   5  10   1   2   5   2   6   7  11   5   1   2   2   6  10   2   3  12  0.06 0.09
  246 L    -2  -2   3   0  -1   0   0  -3  -1   0   1   0   0   1  -3  -1   3  -1   0  -1    3   2  14   5   2   3   5   2   1   5  12   6   2   6   1   3  21   1   3   3  0.22 0.23
  247 A     4  -2   1   1  -2  -2  -2  -1   0  -2  -1  -2   0  -3   2   0  -1  -5  -3  -1   35   2   6   7   1   1   2   4   2   2   6   3   2   1  12   7   3   0   1   4  0.41 0.34
  248 Q     0   1  -1  -1  -1   1   0   1   0  -2   1   1   0  -2  -2   0  -1  -4  -2  -1   10   7   2   3   2   7   5  13   3   2  19   9   2   1   2   8   3   0   1   4  0.11 0.15
  249 E    -1  -1   0   1  -6   2   3  -1   7  -3  -3  -1  -3  -2  -5  -2   0  -2  -3  -3    5   4   4   9   0   8  19   6  22   1   3   4   1   2   0   3   7   1   1   2  0.61 0.42
  250 M    -1   1   1   0   1   0  -1  -1   2   0   0   0   3   0  -1  -1   0   3   0   0    5   6   7   4   3   4   4   5   5   4   9   6   7   3   4   5   6   4   3   6  0.07 0.07
  251 E     1   0   0   1   2   0   0   0   1  -1  -1   0   0   0   0  -1   0  -5   0  -1   13   5   5   9   4   4   5   8   4   3   7   5   3   4   5   4   7   0   3   4  0.07 0.07
  252 K     2  -1  -1  -2   1   0  -2   1   3  -2  -1   1  -2  -3   0   0  -1   0   0   0   15   4   3   2   3   5   3  12   8   2   6   9   1   1   6   6   3   1   3   8  0.18 0.16
  253 L     0  -2  -1  -1   0   0  -1  -2   1  -2   4  -3   1  -1  -4  -2  -1   3   0   1    7   2   4   3   2   4   4   3   4   3  35   2   3   2   1   3   4   3   3   8  0.39 0.27
  254 R    -1   1   3   0  -2   1   2  -2   3  -3  -2   2  -1  -2  -4  -2   2   0  -1  -6    6   6  11   6   1   6  11   3   7   2   4  12   1   2   1   4  12   1   2   0  0.33 0.27
  255 T     1  -1   1   0   0  -1  -2   1   0   0  -2   0  -1  -3   2  -2   0   1  -1   1   12   4   6   6   2   3   3  12   3   7   5   5   2   1  11   3   5   2   2   8  0.12 0.12
  256 L     1  -3  -1  -2  -2  -1  -3  -5   4   0   4  -2   2  -2  -7  -2  -2  -7   0   1   11   2   3   3   1   3   2   1   8   5  33   3   4   2   0   4   3   0   3   9  0.52 0.32
  257 K     0   0  -1  -3  -1  -2  -1  -4   4  -1   0   4  -2  -3  -3  -1  -1  -2   0   1    8   5   3   2   1   2   5   2   8   4   9  26   1   1   1   5   4   1   3   9  0.41 0.28
  258 E    -2   1   1   3   0   1   4  -2   0  -3  -2   0   1  -2  -4   0  -2  -2  -1  -1    4   6   7  13   2   6  21   4   2   2   4   5   3   2   1   7   2   1   2   5  0.32 0.25
  259 K     1  -2   1  -1  -1   2   0  -2   2   1   0   2  -2  -4  -3  -2  -1  -6  -1   1   11   2   7   4   1   8   5   3   4   6  10  14   1   1   1   3   3   0   2  11  0.20 0.17
  260 L     1  -3  -2  -2   1  -1  -3   2  -3   1   2  -1  -1  -2  -4  -3  -3  -1   0   2   12   2   3   3   2   3   2  17   1   8  18   4   1   2   1   3   2   1   3  14  0.31 0.20
  261 T     2  -2  -1   0  -3   1   2  -2   1  -1  -1   1   0  -2  -5  -1   0   0  -2   0   18   3   3   6   1   7  13   3   3   4   6   9   2   2   0   4   7   1   1   6  0.22 0.20
  262 I    -1  -1   0   1  -3   0   0  -4  -1   1   3   0   0  -1  -2  -2  -1   0  -1   1    6   3   4   8   1   4   7   1   2   9  24   5   2   3   2   3   4   1   2   8  0.19 0.14
  263 L    -2  -3  -2  -1  -1  -3  -1   0  -2   1   4   0   2  -3  -2  -3  -2  -3  -3   2    4   2   2   4   2   2   5   8   1   6  33   5   5   1   2   3   3   1   1  12  0.42 0.26
  264 E     0  -2   2   1   0  -1   3  -3   3   2   0  -1  -2  -4  -3  -3  -2  -3  -3   1    8   3   9   7   2   3  17   2   6  10  11   4   1   1   2   2   2   0   1   9  0.29 0.21
  265 Y     1   1  -1   1  -2   0   0  -2   3   0  -1   2  -1  -2  -3   0  -2  -5   0   1   13   7   3   6   1   4   7   3   5   6   5  14   1   2   2   6   2   0   3   9  0.17 0.14
  266 H    -1   1   2   1  -2   1   2   0   4  -1  -1   2  -3  -4  -3  -2  -1  -3  -3  -1    6   8   9   7   1   6  11   7   9   3   6  11   1   1   2   3   4   0   1   4  0.27 0.20
  267 Y     1  -3   1   2  -3  -3  -1   2   1   0  -1  -1  -3   0  -4  -2   0  -2   3  -1   13   2   7  10   1   1   4  15   3   5   7   4   1   3   1   4   6   1  10   4  0.24 0.19
  268 L     3  -2   1   0  -3  -2   0  -2  -1  -1   2   0  -2  -2  -4  -2  -1  -1  -2   0   23   2   8   5   1   2   7   3   2   3  19   7   1   2   1   3   3   1   2   6  0.28 0.22
  269 V     0  -2   3   2  -2  -1   1  -3  -2   1  -1   0  -1  -2  -3  -1  -1  -2  -2   2    9   3  14  13   1   3   8   2   1   8   6   6   2   2   1   5   4   1   2  12  0.24 0.18
  270 E    -2  -2   2   2  -6   0   2   2  -3   1  -2   1  -2  -4  -2  -2  -1  -6  -4   1    4   3   8  10   0   3  14  15   1   8   4   9   1   1   2   3   4   0   1  10  0.30 0.22
  271 Y    -1  -1   3   1  -1   0   1  -1   1  -2  -1   1   0   0  -3  -2  -2   3   2  -2    6   4  15   7   1   4   9   4   3   3   6   9   3   4   2   3   3   4   7   3  0.23 0.17
  272 Q     1  -1   1   1  -6   3   0   1  -2  -3  -2   2  -1  -4  -4  -2   3  -6  -4  -1   11   3   6   7   0  10   6   9   1   2   4  13   2   1   1   3  16   0   1   4  0.32 0.26
  273 K     0   0   0   0   0   0   0   2   0  -1  -1   1   0  -1   1   0   0  -3   0  -1    9   4   5   5   3   4   4  15   3   3   4  12   3   3   6   5   5   0   3   4  0.07 0.09
  274 E    -1   0   0   2  -3   1   2   0   1  -1   0   1   0  -1  -3   0   0   2   0  -1    4   4   4  11   0   5  13   6   3   3  11   8   3   3   0   5   6   3   4   4  0.09 0.12
  275 H    -3   1   2   0  -1   1   0  -3   6  -1  -3   1  -1  -2  -3  -2   2   0   0  -1    2   7   9   5   1   5   6   3  15   4   3   9   2   2   2   4  13   2   3   4  0.41 0.29
  276 Q     0  -1   2   2   0   2   1  -1  -1  -1  -2   0   0  -2   1  -2   1   1  -1  -1    8   4   8  11   2   7   8   5   1   4   4   6   2   2   8   3   8   2   2   5  0.14 0.14
  277 I     3  -2  -2  -1  -1  -3  -3   2  -2   1   2  -2  -2   0   0  -2  -1  -5  -1  -1   23   2   2   3   1   1   1  15   1   7  19   2   1   4   5   3   3   0   2   3  0.27 0.25
  278 L     1  -1  -2  -3   3   0  -2  -3   3   0   2  -1   0   0  -2  -1  -1   3   2   0   11   4   2   1   7   4   3   1   8   6  18   4   2   3   2   5   3   3   8   5  0.22 0.19
  279 R    -2   1   2  -2  -2   0  -2   0   3  -1  -2  -1   1  -3  -3   0   3   0  -2   0    3   8  10   3   1   5   2   6   6   4   5   3   3   1   1   7  20   2   2   8  0.24 0.24
  280 E     3  -2   1   1  -2   1   2  -4  -1  -4  -2   1  -2  -4   3  -1  -2  -3  -3  -3   27   2   8   6   1   5  12   1   2   1   4   7   1   1  12   3   2   0   1   2  0.41 0.36
  281 A     3  -3  -2  -1   2  -2  -1   2  -3  -2   2  -2  -1  -3  -5   0  -2  -5  -3  -1   27   1   2   4   4   2   4  14   1   2  22   3   2   1   0   6   2   0   1   3  0.40 0.33
  282 H     2   0  -2  -2  -2   0  -2  -2   9  -4  -5   0  -4  -4  -5   0  -4  -7  -1  -4   17   4   2   3   1   4   3   3  41   1   2   5   1   1   1   6   1   0   2   2  1.31 0.73
  283 F    -4  -2   0  -2   2  -2  -1  -5  -1   0   0  -2   0   6  -4  -4  -2   0   5  -1    2   3   5   3   4   2   5   1   1   6  10   3   2  27   1   2   2   1  16   5  0.70 0.42
  284 R     1   1   0   1  -2  -1   2   4  -1  -4  -4   0  -2  -5  -3   0   0  -5  -4  -4   13   7   5   7   1   2  11  27   2   1   2   6   1   0   1   5   6   0   1   1  0.42 0.32
  285 K     1  -1   3   0  -2   2   0   0   6  -2  -2   1  -3  -4  -1   0  -2  -2  -2  -2   12   3  13   4   1   8   6   7  16   2   4   7   0   1   3   6   2   1   2   3  0.38 0.27
  286 W    -1  -1  -2  -2  -2  -2  -1  -3   2   0   1  -1  -1  -3  -3  -1  -2   9   1   1    6   3   2   3   1   2   4   3   5   5  12   4   1   1   2   5   3  25   5   8  0.76 0.42
  287 L     1  -1   2   1  -2  -1   1  -2   0   0   2   1   0  -2  -2  -2  -1  -4  -1  -1   13   3   9   9   1   2  10   2   2   4  18  10   2   1   2   2   4   0   3   4  0.15 0.16
  288 Q     0  -2   0   1  -1  -1   1   0  -1   1  -2  -2   3  -4  -5  -1  -1  -5  -3   4    6   2   4   7   2   3   9   8   1   8   2   2   8   1   0   4   4   0   1  29  0.38 0.31
  289 N     2  -2   0  -2   1   0  -2  -4   2  -1  -3   1  -1  -4  -4  -1   0  -2  -5   5   14   3   5   3   3   4   3   1   5   4   3   8   2   1   1   4   5   1   0  34  0.49 0.37
  290 K    -4   2   0  -4  -8   0   2  -5  -1  -7  -5   7  -3  -7  -4  -3  -4  -7  -3  -4    2  11   4   1   0   4  11   1   1   0   1  55   1   0   1   2   1   0   1   1  1.45 0.83
  291 V    -1  -3  -2  -4  -2  -1  -1   1   2   1   3  -2  -1   2  -2  -3  -2  -1   3   1    6   1   2   1   1   3   4  11   5   6  26   2   1   8   2   2   2   1   9   8  0.27 0.23
  292 L    -7  -8  -9  -9  -7  -5  -5  -9  -3  -1   7  -5  -1  -1  -4  -6  -5  -8  -4  -2    0   0   0   0   0   1   1   0   1   3  83   1   1   3   1   1   1   0   1   2  2.01 1.02
  293 A    -2  -4  -4  -3  -3  -4  -3  -4  -4   4   4  -4  -2  -4   2  -2  -3  -6  -4   2    4   1   1   1   1   1   2   2   0  20  36   1   1   0  10   4   1   0   1  14  0.75 0.48
  294 Q    -2   0   0   2  -3   2   4  -3  -2  -5  -3   3  -4  -5  -1   0  -3  -3  -6  -5    4   4   5  12   1  10  28   2   1   1   4  14   0   0   3   8   1   0   0   1  0.61 0.47
  295 T     0   1   3  -3  -4   2  -1  -2   4  -3  -2   4  -2  -6  -1  -1  -1  -4  -2  -3    9   6  11   1   0   9   4   3  11   2   4  23   1   0   3   5   5   0   2   2  0.47 0.39
  296 L    -4  -1  -2  -4  -3  -1  -2   6  -2  -6  -2   1  -1  -4  -1  -2  -4   0  -7  -3    1   4   2   1   1   3   2  57   1   0   5   9   1   1   4   3   1   1   0   2  1.15 0.69
  297 G     6  -4  -6  -2  -4  -3  -3  -1  -2  -3  -3  -1  -3  -4  -5  -1  -1  -7  -4  -2   64   1   0   3   0   1   2   5   1   2   3   3   1   1   1   4   4   0   1   2  1.22 0.77
  298 S    -2  -2   4   5  -4  -1  -1  -3  -3  -3  -3   0  -3  -2  -1   1  -1  -7  -3  -3    4   2  18  35   0   3   4   2   1   2   3   6   1   2   3   9   3   0   1   2  0.75 0.52
  299 A    -1  -3  -4  -5  -3  -4  -4  -4  -4   3   0  -1  -2  -3   2  -2  -2  -4  -6   5    5   1   1   1   1   1   1   2   1  16   7   4   1   1  11   3   3   0   0  41  0.83 0.54
  300 D    -4  -2   7   4  -4  -4   0  -4  -1  -5  -5  -1  -3  -6  -1  -1  -2  -7  -3  -3    1   2  46  18   1   1   6   1   2   1   1   4   1   0   4   5   3   0   1   2  1.24 0.75
  301 S     5  -2  -3  -3  -1  -2  -1  -2  -3   0  -2   1  -2  -3  -2   1   0  -6  -4   0   41   3   1   1   1   1   5   3   1   5   3   8   1   1   2  10   5   0   1   7  0.52 0.42
  302 K     0   2  -3  -4  -1   2   0  -2  -3  -3  -2   5  -2  -3  -2  -1   1  -6  -3   0    8  11   1   1   1   8   6   3   1   1   3  33   1   1   2   4   7   0   1   6  0.54 0.43
  303 Q    -1  -1   3   5  -4   1  -1  -3  -2  -4  -4   0  -3  -5  -3  -1   3  -7  -2  -4    5   3  13  31   0   6   3   2   1   1   2   5   1   0   1   5  18   0   2   1  0.73 0.52
  304 K    -2   2   3   0  -6   1   1  -2  -1  -2  -1   4  -3  -5  -4  -1  -2  -6  -2  -2    3   9  13   4   0   5  10   3   1   3   5  28   0   0   1   5   3   0   2   3  0.51 0.40
  305 A     0  -1   3   3  -3  -2   0  -1   1  -3  -3   0   0  -1  -1   1  -2  -4   2  -4    7   4  16  18   1   1   7   4   4   2   3   5   3   3   4  10   2   0   6   1  0.33 0.29
  306 G    -4   0   0  -1  -4  -1  -1   6   0  -7  -7  -2  -3  -6  -2  -1  -3  -4  -5  -5    1   5   4   3   1   3   4  62   2   0   1   3   1   0   3   4   2   0   0   1  1.35 0.76
  307 V     0   2   0  -1   0   0  -1  -2  -1  -2   0   0  -1   1  -2   0  -1   5   4   0    7  10   4   3   2   4   4   3   1   2   8   7   1   5   2   7   3   8  13   7  0.21 0.21
  308 Q    -3  -2  -4  -4  -2  -1  -3  -6   0  -5  -5  -2  -4  -5  -1   0   7  -3  -3  -3    3   2   1   1   1   3   2   1   2   1   2   2   1   0   3   5  68   0   1   2  1.68 0.99
  309 P     1  -2  -3  -7  -3  -7  -4  -7  -7  -2  -4  -4  -7  -8   8  -1  -2  -8  -8  -4   12   2   1   0   1   0   1   0   0   3   2   1   0   0  67   4   3   0   0   2  2.02 1.12
  310 W    -4  -1  -6  -4  -5   0  -4  -5  -1  -1   6  -3  -1  -2  -5  -5  -3   2  -3  -3    1   3   0   1   0   4   2   1   2   3  69   2   1   2   1   1   2   2   1   1  1.35 0.77
  311 S    -2  -2   0   0   0  -1  -4  -4   9  -3  -3  -2  -1  -2  -3   1  -3  -5   0  -5    4   3   4   6   2   3   1   2  48   2   3   2   2   2   2   9   2   0   3   1  1.52 0.83
  312 L    -3  -1  -3  -3  -1   2  -2  -3  -2   2   3   0   0   1  -2  -2  -2   4   2   0    1   3   1   1   1   9   3   2   1  12  25   6   2   6   2   3   3   5   6   6  0.32 0.26
  313 A     7  -5  -3  -6  -4  -3  -4  -4  -4  -4  -4  -3  -6  -7  -2   0  -2  -8  -7  -2   73   1   1   0   0   1   1   1   0   1   2   2   0   0   2   5   3   0   0   4  1.65 0.95
  314 S     5  -2  -3  -3   3  -3  -2  -3  -1  -2  -3  -3  -4  -3  -2   3  -1  -3  -5  -1   39   2   2   1   6   1   2   2   2   2   3   1   0   1   3  22   4   0   0   5  0.76 0.55
  315 N    -2   2  -1   0  -3   4   2  -2   2  -4  -2   2  -1  -1  -4   0  -1  -1   0  -3    4  11   3   5   1  16  12   4   4   1   3  14   1   3   1   8   4   1   3   2  0.34 0.30
  316 T    -2   1   4  -3  -3   3   0  -2   2  -5  -3   3   0  -1  -3  -2   0  -2   1  -5    3   6  21   1   1  11   7   4   5   0   3  17   2   3   2   3   5   1   5   1  0.51 0.39
  317 L    -4  -1   2  -1  -2  -1  -4   6  -3  -4  -2  -2  -3  -5  -2  -2  -2  -3  -5  -4    1   4   8   4   1   3   2  55   1   1   4   2   1   1   3   4   3   0   0   2  1.09 0.65
  318 R    -3   2   2  -3  -2   2  -2  -4   9  -6  -4   1  -3  -4  -4  -1  -5  -7   0  -5    2  11   8   2   1   8   2   2  41   0   2   8   1   1   1   4   1   0   4   1  1.46 0.80
  319 C    -2  -2  -2  -3   3  -2  -1  -1   0   0   2   2  -1  -2  -1   0   2   0  -3   0    3   2   2   2   5   1   5   4   2   6  22  11   1   1   3   8  14   1   1   7  0.20 0.22
  320 P    -1  -2   0   3   0   1   4  -2   2  -4  -3   2  -3  -6   2  -4  -3  -7  -2  -5    5   2   5  17   2   6  25   4   4   1   3  11   1   0  10   1   1   0   1   1  0.59 0.46
  321 I    -2  -4  -5  -3   2  -1  -5  -3  -1   5  -1   0   1  -2  -4  -2   0  -3  -6   4    4   1   0   2   4   3   1   2   2  26   5   5   3   2   1   4   5   0   0  31  0.77 0.48
  322 T     1  -5  -5  -4  -2  -1  -2  -6  -4   1  -2   0   1  -4  -1  -1   1  -1  -4   5   10   1   1   1   1   2   2   0   0   8   4   7   3   1   3   5   7   1   1  42  0.75 0.50
  323 E    -4   2   2  -1  -7   1   3  -3  -1  -6  -5   4  -4  -4   0  -2  -1  -5  -5  -5    1  10  10   4   0   7  21   2   2   0   1  27   0   1   5   3   4   0   0   1  0.75 0.53
  324 S     0  -2  -2  -4  -2  -1  -2  -2  -2   0   3  -1  -1   1   0   0  -1  -2   3   1    7   2   2   1   1   2   3   3   1   5  27   4   1   5   4   7   4   1  10   8  0.24 0.23
  325 L    -4  -4  -5  -5  -7  -2  -4  -4  -4  -1   6  -2   0  -1  -7  -1  -3  -7  -4  -3    2   1   1   1   0   3   1   2   1   3  68   3   2   3   0   6   2   0   1   2  1.35 0.76
  326 H    -3  -1  -2  -4  -1  -2  -3  -3   3   3   3   1   0   0  -3  -1  -2  -1  -2   0    2   3   2   1   1   1   2   2   8  16  29   8   2   3   2   6   2   1   2   7  0.42 0.29
  327 Y    -1  -2  -1   1  -4   2   3   0   1  -3  -2   3  -2  -2  -2   1  -1  -5   1  -3    5   2   3   8   0   8  17   7   3   2   4  16   1   2   2  11   3   0   5   2  0.32 0.29
  328 P     3   0   2  -2  -1   0  -1  -3   3  -3  -5   2  -4  -3   3  -2  -3  -1  -1  -1   21   5  10   2   1   4   4   2   6   2   1  13   0   1  16   3   1   1   2   4  0.48 0.39
  329 S    -1  -1   0  -1  -5  -3  -1   5  -3  -7  -5   0  -7  -5  -2   3  -2  -3  -3  -4    4   4   4   4   0   1   5  41   1   0   1   6   0   0   3  20   2   0   1   2  0.85 0.57
  330 V     5  -1  -3  -3  -1  -1  -2  -1  -3   0  -2  -2  -2  -5   0  -2  -1  -2  -6   1   48   3   2   1   1   3   3   5   1   5   4   3   1   0   5   3   4   1   0   8  0.73 0.52
  331 E    -3  -1   2   5  -5   2   2  -3  -3  -5  -5   2  -2  -7  -3   1  -2  -7  -5  -5    2   3  10  29   0   7  14   2   1   1   1  13   1   0   2   9   2   0   1   1  0.78 0.54
  332 A     3  -2  -2  -4  -3  -1  -1  -2  -3   1  -1   1  -3  -4   3  -1   0  -6  -5   3   23   2   2   1   1   3   3   3   1   8   5   8   1   0  14   4   5   0   0  17  0.41 0.34
  333 Q    -2   2   6   0  -4   1   0  -3   2  -3  -2   1  -4  -4  -2  -1   0  -7  -5  -2    3   9  34   4   0   6   5   2   4   1   5   8   0   1   3   5   5   0   0   4  0.67 0.47
  334 L     3  -2  -3  -1  -2  -3  -1  -4  -4   1   1   0  -2  -2  -1   0   2  -2  -3   1   21   2   1   3   1   1   4   1   0   7  16   5   1   2   3   5  14   1   1  11  0.28 0.27
  335 K    -2   3  -3  -2   0   3   2  -2  -2  -4  -3   5  -2  -3  -4  -2  -2  -2  -6  -3    3  13   1   2   2  12  12   3   1   1   3  35   1   1   1   3   2   1   0   2  0.78 0.53
  336 N    -1  -2   4   4  -1   1  -2   0   2  -2  -6  -1  -6  -5  -6   2  -1  -7  -4  -3    5   2  21  22   1   6   2   6   4   2   1   4   0   0   0  17   4   0   1   2  0.68 0.48
  337 L    -2   0   1   0  -2   0   0   2  -3   1  -2   2   1  -3  -1   0   0  -4  -2  -1    3   6   8   4   1   5   7  15   0   9   4  12   3   1   3   5   7   0   2   5  0.13 0.16
  338 P     0   0   2   1  -3   1   2  -2  -2  -3   0  -1  -1  -2   2   1  -2  -3   0  -2    7   5   8   9   1   6  13   3   1   1  10   3   1   1  11  11   2   0   4   3  0.20 0.22
  339 S    -2   0  -1  -1  -1   1   1   1  -2  -4  -3   2  -1  -4  -3   1   3  -3  -2  -2    3   6   2   4   1   7  11  10   1   1   2  13   2   1   1  11  19   0   1   3  0.33 0.31
  340 P    -1   1   1   1  -4  -2   0  -1   1  -5  -3   0  -3  -4   5   0   0   0  -3  -3    5   9   7   8   0   2   6   6   3   1   3   6   1   1  24   7   7   1   1   2  0.42 0.35
  341 V    -1  -1  -1  -2  -4  -1  -1   0  -3   0   1   0  -1  -2   0   0   3   1  -2   0    4   4   3   1   0   3   4   9   1   6  17   7   2   1   4   7  18   2   2   5  0.15 0.19
  342 V     0  -2  -4  -2  -4   0   0  -3   5  -1   1  -1  -1  -4   3  -2   0  -4  -2   0    9   2   0   2   0   4   5   2  15   4  16   4   2   0  15   3   6   0   1   7  0.40 0.33
  343 P    -1   1  -4  -3   1   1  -3  -3   1  -1   1  -2   0  -4   4  -2   1  -3  -3   1    5   7   1   1   3   6   2   2   4   3  16   3   2   1  22   3   9   0   1  10  0.39 0.32
  344 P     2  -2  -2  -2  -6  -1  -1  -1   5  -4  -2  -1  -2  -2   5  -1  -2  -4  -2  -2   19   3   2   2   0   2   4   4  15   1   5   4   1   2  24   5   3   0   1   3  0.65 0.47
  345 K     2   1  -2  -1  -2   0  -1  -1   0   0   0   2  -1  -3  -2   0   0   2  -1  -3   21   7   2   4   1   3   4   5   2   5  10  14   1   1   2   8   5   3   2   1  0.18 0.21
  346 P     3   0  -1   0  -3  -1   0  -1   0  -3  -3   0  -3   2   4  -1  -2  -5  -4  -2   27   5   3   5   1   2   5   5   2   1   2   5   0   9  18   5   2   0   0   3  0.43 0.36
  347 I     2   0  -1  -2  -2   1   0  -3   2   1   1  -1   3  -3  -1   0   1  -2  -2   0   15   5   2   2   1   5   6   1   4   8  12   3   8   1   3   5   8   0   1   7  0.14 0.17
  348 Y     0   1   0  -1  -2   2  -1   3   1  -4  -4   1  -4  -1  -2   0  -2   1   4  -3    7   7   5   3   1   8   4  21   3   1   2   9   0   3   2   6   3   2  14   2  0.35 0.30
  349 K    -1   1  -1  -1  -4   1  -1   1   6  -5  -3   3   1  -2  -2  -1  -1  -4  -1  -2    6   8   3   4   0   6   4   9  17   1   2  20   3   2   3   4   4   0   2   2  0.47 0.36
  350 Q    -1   1   2   0  -3   3   1   1   3  -2  -2   1   1  -4  -1   0  -1  -5  -2  -1    4   6   9   6   1  15   8  10   7   2   4   8   3   1   3   5   3   0   1   4  0.23 0.23
  351 T    -2  -1   2   1  -1   1  -1  -3   4  -3  -4   0  -1  -5   3   1   1  -3  -1  -1    4   3  11   7   1   6   3   2  11   2   2   6   1   0  15  10  10   0   2   4  0.39 0.33
  352 T    -1   1  -1   0  -4   0   0  -1   0   1  -1   2   0  -3   1   0   2  -2  -4   0    4   7   2   5   0   4   6   4   2   9   5  12   3   1   6   8  16   1   0   6  0.16 0.19
  353 I     0  -2  -1   1  -2  -2   0  -1  -1   2   0   0   1  -1  -2  -1   0  -3   0   3    7   2   3   9   1   1   6   4   1  11   7   6   3   2   2   5   5   0   4  21  0.14 0.15
  354 S     0   2  -1  -2   0  -1  -1  -1  -1   0  -1   1   0  -2  -3   2   1  -3  -1   1    7  13   3   2   2   2   3   5   2   7   4  10   2   2   1  14  10   0   2   9  0.14 0.17
  355 R     1   3  -1   0  -3   2   0  -2   1  -2  -1   2  -3  -4  -1   0  -1   0  -2   1   11  18   2   6   0   9   5   3   4   2   5  10   0   1   3   5   3   1   1   9  0.22 0.22
  356 P    -1   1   0  -2   0   2   1  -1  -3  -1   0   2  -2  -1   3  -1   0  -2  -2  -3    4   8   4   1   2  10   8   5   0   4  10  12   0   3  13   4   7   1   2   1  0.21 0.21
  357 K     0   1  -2  -1   1   0   1  -2  -3  -1   2   2   0  -2   0  -1   0  -4  -1   0    8   6   2   3   3   3   8   2   0   3  23  13   3   1   4   5   6   0   2   5  0.14 0.17
  358 L     0  -1  -3  -3  -3   1  -1  -1  -2   0   3  -2   2  -3   1   0  -1  -5  -3  -1    6   4   1   2   0   6   5   5   1   5  34   2   6   1   7   9   3   0   1   4  0.31 0.29
  359 W    -1  -3  -2  -3  -6  -3  -3  -3  -2   2   1  -4   0  -3  -1  -1   0  10   1  -1    6   2   2   2   0   1   2   2   1  12  12   1   2   1   4   4   6  31   5   4  1.11 0.64
  360 N    -3  -2   6   1  -3   2   1  -1   2  -7  -4   0  -6  -5  -5   0  -1  -2  -3  -5    2   2  41   8   1   8   7   5   4   0   2   6   0   0   0   7   3   1   1   1  0.95 0.61
  361 Y     1   0  -1  -1  -3  -2  -1   0   4   0  -1   0  -2   0   2  -1   0  -4   2   0   13   5   3   3   0   1   3   7  10   7   5   7   0   5   9   3   6   0   7   7  0.13 0.16
  362 S     1  -2   0  -1  -3  -3  -1   3  -2  -2  -5   0  -5  -3  -3   4  -2  -6  -3  -3   12   2   5   4   1   1   4  22   1   2   1   5   0   1   1  33   3   0   1   2  0.60 0.46
  363 A     4  -1   2  -2  -4  -3  -1  -2  -3  -3  -3  -3  -3  -5   1   0   3  -6  -1   0   33   3   9   2   0   1   4   3   0   1   3   2   0   0   7   5  17   0   2   6  0.52 0.43
  364 N    -3   0   7   2  -7  -2  -2  -2   0  -3  -6   0  -3  -6  -5   1  -2  -4  -5   0    2   5  45  12   0   2   3   3   2   2   1   5   1   0   0   9   2   0   0   6  1.06 0.66
  365 P     0  -4   2  -2  -3  -3  -2  -3  -3   0   0  -1  -2  -4   6  -2  -1  -3  -4   0    8   1  11   2   1   1   3   2   1   5   9   5   1   1  36   3   4   0   1   7  0.71 0.50
  366 A     3  -2   5   0  -3  -3   1  -2  -2  -5  -3  -2  -5  -6   0   2   0  -6  -4  -4   21   2  24   5   1   1   9   3   1   0   3   2   0   0   5  15   5   0   1   1  0.58 0.47
  367 R     2   2  -1  -2  -4  -1  -1  -1  -1  -3  -2   2   0  -4  -1   2   1  -5  -4  -2   15  12   2   2   0   2   3   5   1   1   5  14   3   1   2  18  10   0   0   2  0.31 0.31
  368 S     0   0  -1  -1  -3   0   2  -1   1  -3  -3   2  -2  -2   4   1   2  -1  -4  -2    6   4   2   2   1   3  11   4   3   1   2  11   1   2  17  11  15   1   0   2  0.35 0.32
  369 P    -2   0   3  -1  -6  -5  -2  -3  -5  -4  -3  -2  -3  -6   7  -3  -2  -1  -2  -3    3   5  13   4   0   0   2   3   0   1   3   2   1   0  53   2   3   1   2   2  1.36 0.76
  370 I     1   0  -1  -1  -2  -2  -2  -2  -2   1   1   0  -1  -3   1   0   2  -2  -3   2   11   5   3   3   1   1   1   3   1   7  11   5   1   1   8   5  12   1   1  20  0.17 0.19
  371 T     2  -1  -1  -1  -1  -2  -3  -1   1  -3  -3   0  -3  -5  -1   0   5  -5  -3  -1   18   3   3   3   1   2   1   5   3   1   3   6   1   0   4   6  34   0   1   4  0.50 0.42
  372 N    -1   1   3   2   1   2   0  -1  -2  -2  -2   0  -3  -5  -2   2  -1  -1  -2  -3    5   9  16  10   3  11   5   4   1   3   3   4   1   0   2  16   4   1   1   1  0.30 0.29
  373 I    -1  -1  -3  -2  -3  -3  -1  -1  -2   5  -1   0  -1  -1  -2  -1   0  -5  -3   1    6   3   1   2   0   1   4   5   1  40   5   7   1   3   2   6   7   0   0   6  0.48 0.36
  374 G     1  -1   0  -2   2   0  -1   2  -2  -3  -2   1  -1   1  -2   3   0   0   1  -2    9   3   5   2   4   4   3  14   1   1   4   8   2   6   2  22   4   1   5   2  0.19 0.22
  375 H    -1   5  -3  -3   0  -1  -2  -1   3  -3  -2   1  -2  -1   0   0   0  -4   2  -2    5  35   1   1   3   2   2   5   6   1   3   7   1   2   5   6   5   0   7   2  0.53 0.40
  376 P    -1  -3  -4  -4  -6  -5  -1  -4   0  -4  -2  -2  -6  -3   7   1   1  -6  -4  -4    5   1   1   1   0   0   4   2   2   1   4   3   0   1  57  10   7   0   1   1  1.47 0.81
  377 Q    -1   0  -2  -2  -2   4   0  -3   4  -1  -3  -1  -3  -4   2   0   1   5  -2  -1    4   5   2   2   1  19   6   2  10   5   3   4   0   0  11   6   9   7   1   5  0.42 0.35
  378 N     0  -2   0   1   0  -2   0   2  -2  -2  -1  -2   1  -2   0   0   2   0  -2   0    8   2   3   7   2   1   7  15   1   2   7   1   4   1   5   7  17   1   1   6  0.14 0.17
  379 I     0  -3  -5  -3  -2  -3  -2  -3  -1   4   2  -3   0  -3  -1  -3  -2   0  -4   4    8   1   0   1   1   1   3   2   1  24  18   1   2   0   3   2   1   2   0  28  0.57 0.38
  380 R     0   6  -3   0  -1  -1  -3  -4   3  -3  -2   0  -4   1  -3  -2  -3   1   2  -3    8  43   1   5   2   3   0   1   6   1   3   5   0   6   1   3   2   2   6   2  0.76 0.49
  381 L    -1   0  -2  -2  -2  -1  -2  -4  -1   1   4  -3   3  -3  -1   0   2  -4  -2   0    4   5   2   2   1   3   2   1   2   6  37   0   8   0   4   6  12   0   1   4  0.36 0.31
  382 G     1  -2  -1  -2  -5  -4  -4   5  -4  -4  -4  -1  -1  -5  -1   2  -3  -5  -2  -2    9   2   3   2   0   0   1  49   0   1   2   4   2   0   3  16   1   0   1   3  0.84 0.51
  383 V    -1  -1  -1  -2  -1  -3  -3   0   0   2   1  -1   0  -2  -2  -1   2  -4  -2   3    4   4   2   2   1   0   1   8   2   9  14   4   2   1   1   3  12   0   1  27  0.24 0.23
  384 H    -2   1   1   2  -5   3   1  -4   7  -5  -3  -2  -3  -5  -2  -1  -3  -1   0  -4    4   6   7   9   0  15  10   1  30   0   3   1   1   0   2   4   1   1   2   1  0.86 0.52
  385 P     0  -2  -3  -3   2  -1  -2  -2  -5  -5  -3  -1  -5  -6   7   0  -2  -6  -3  -5    7   3   1   2   5   3   3   3   0   0   3   4   0   0  57   6   3   0   1   0  1.41 0.74
  386 E    -1   0  -2   4  -5  -1   5  -2  -2  -2  -4   1  -2  -4  -4   0  -3  -6  -5  -4    5   5   1  23   0   2  37   3   1   3   1   7   1   1   0   7   1   0   0   1  0.77 0.51
  387 P     0  -2  -4   0  -3   0   3  -4  -1  -2  -4   1   0  -5   5   0   0  -5  -5  -2    7   1   0   6   1   3  18   0   2   2   1   8   2   0  33   7   6   0   0   2  0.72 0.47
  388 Y     1  -1  -2  -3   4   0  -1  -1  -3  -1   0  -1   0  -3   2   1   0  -3   1   1   11   3   2   0  10   4   5   3   0   2  11   4   3   0  10   9   6   0   6  13  0.17 0.20
  389 K     0   0  -2  -2  -4   1  -1  -1   3  -2  -1   2  -3  -4   3   0   1  -4   0  -1    6   5   1   2   0   7   3   6   8   2   6  14   0   0  16   5  11   0   3   6  0.26 0.25
  390 E    -3   0  -3   3  -3   0   5  -1   0  -1  -2   1   0  -3  -2  -1  -3  -5  -4  -2    2   4   0  15   1   4  37   5   2   4   4   9   2   1   2   4   0   0   0   3  0.54 0.40
  391 H    -3  -4  -2  -3  -3  -2  -1  -1   8  -5  -2  -2  -4  -4   5  -3   0  -5   1  -4    2   0   2   1   1   2   4   6  34   0   5   3   0   0  27   2   6   0   5   1  1.15 0.62
  392 D    -4  -4   2   7  -5  -2  -1  -1   0  -2  -3  -3  -4  -5  -4  -3  -1  -5  -5  -5    1   1   9  65   0   1   2   5   2   2   3   1   0   1   1   1   4   0   0   1  1.48 0.68
  393 F    -2  -4  -1  -4  -4  -3  -4  -3   0   0   3  -2  -2   6  -2  -1  -3   1   0  -1    4   1   3   1   0   1   1   2   3   4  31   2   0  32   2   4   1   2   2   4  0.67 0.39
  394 R    -2   5  -1  -3   1  -1  -1  -1   3  -3  -4   0  -3  -3  -4   3   1  -4  -1  -2    2  31   3   1   4   1   3   6   6   1   1   5   0   1   0  20  10   0   2   2  0.54 0.40
  395 R    -1   1   2   2  -1   0  -1   1   0  -4  -3   0  -3  -2   2   3  -1  -4  -3  -3    5   9   9  10   1   3   3  11   2   0   1   4   0   1   9  25   3   0   0   2  0.32 0.28
  396 F     0  -3  -2  -1   0  -2  -1  -1  -3  -2  -2   0  -2   6  -2   1  -2   0   2  -2    7   1   2   4   2   1   4   6   0   1   3   6   1  39   2  11   2   1   6   3  0.58 0.39
  397 L    -2  -4  -3  -3   0  -3  -3  -5  -4   1   3  -3   0   0  -4  -3  -2  -4   1   4    3   0   1   2   2   1   2   1   0   5  34   1   1   4   0   2   2   0   6  33  0.61 0.39
  398 E    -1   1  -1  -1  -2  -1   2  -3   0  -1  -1   1   0   2  -1   2   3  -4  -1  -1    3   7   1   3   1   2  14   0   2   3   4   7   2   9   3  16  19   0   1   3  0.23 0.25
  399 V    -3  -2  -2  -2  -4  -3  -5  -4  -5   1   4  -4   2   3  -5  -4  -3  -1  -3   3    1   3   2   3   0   1   0   1   0   6  39   0   4  14   0   0   0   1   0  23  0.71 0.44
  400 T    -1   1  -2  -1  -1  -2   0  -1   1   0   0  -2   3   1  -1   1   2   3   0  -1    3  10   0   3   1   0   7   4   3   6   8   1  10   7   4   9  15   4   4   2  0.14 0.21
  401 R    -2   3  -2  -2   1   0  -1  -3  -2  -2  -1   4  -1  -5   3  -2  -2  -5  -3   1    2  15   1   1   3   4   2   1   1   2   5  33   2   0  12   3   1   0   1  12  0.53 0.40
  402 N    -1  -4   3   6  -5  -2   0   0  -2  -2  -3  -3  -1  -4  -2   0  -1  -1  -5  -5    6   0  16  43   0   1   4   8   1   3   2   1   2   1   1   6   4   1   0   0  0.81 0.50
  403 K     2   2   0  -2  -4  -1   0   1  -1  -3  -3   2  -3  -3   2   1  -2   0  -3  -2   16  12   5   1   0   2   6  11   1   1   2  13   0   1  11  12   1   2   1   3  0.27 0.25
  404 H    -1   2   2   2  -4   0   1   0   4  -1  -3   0  -1   1  -2   1  -3   0  -2  -4    3  11  10  14   0   3   7   6  13   4   2   4   2   8   1   9   0   1   1   0  0.29 0.26
  405 G    -2  -1  -1  -2  -2  -3  -5   6   1  -4  -3  -2  -5  -3  -5  -1  -1  -6  -1  -6    3   4   3   3   1   1   0  66   3   1   2   2   0   1   0   4   4   0   2   0  1.26 0.66
  406 G    -2   2   1   0  -1   2   1   3   3  -5  -2   1  -4  -2  -4  -1  -2  -4  -2  -4    2  11   6   5   1  11   9  27   6   0   4   8   0   2   0   4   1   0   2   0  0.42 0.32
  407 A     3  -1  -2  -3  -2  -4  -3  -3  -2  -1  -1  -2   0  -4   5  -2   2  -5   0  -1   25   4   1   1   1   0   1   1   1   3   5   2   2   0  30   1  13   0   4   5  0.65 0.45
  408 C    -1   1  -2  -1   0   3   0  -4   2  -1   0   1   3  -2   2  -1  -2   2  -2  -1    3   7   1   4   3  17   5   0   5   2  10   8   9   2  11   3   1   3   1   5  0.26 0.26
  409 L    -4  -2  -3  -4  -2  -1  -5  -6  -2   4   4  -5  -2  -1  -2  -4  -4  -4   4   1    0   2   1   1   1   4   0   0   1  26  39   0   0   1   2   1   0   0  13   6  0.78 0.48
  410 R    -2   3   0  -1   1   3   1  -4   6  -5  -4   2   1  -4  -4  -2   1  -5   0  -3    2  15   4   3   3  12   8   1  21   0   1  12   3   0   0   2   8   0   3   2  0.62 0.43
  411 T     1  -3  -3  -3  -4  -3   0  -4  -1   0   0  -4   1  -2  -2   0   5  -4   3   0   10   1   0   1   0   0   5   0   2   6   8   0   4   1   2   7  37   0  10   6  0.51 0.43
  412 V     3   0  -2   0   0  -2  -2  -1  -3   0  -1   2   1  -1  -2   1  -1  -4  -1   1   26   4   1   7   2   0   1   4   0   6   5  13   5   2   1  10   1   0   2   9  0.18 0.23
  413 D     1  -1   1   3  -4   0  -1  -2  -3   0  -2  -2  -3  -3  -2   0   0   7  -1  -1   12   3   7  20   0   4   3   2   0   6   4   1   0   0   2   6   7  16   2   4  0.46 0.35
  414 R    -2   1   0   2  -1  -1  -1   4   0   0  -4   0   0  -4   0  -2  -2  -1  -1  -2    2  10   4  14   2   2   3  31   3   6   0   5   4   0   5   1   2   1   2   2  0.36 0.29
  415 Q    -2   1   1   0  -1   2   0   3   2  -3  -2   1  -1  -3  -1   0  -1   4   0  -1    2   6   6   5   1  11   5  21   5   0   3   7   2   0   3   5   2   7   3   4  0.26 0.23
  416 L    -2   3   1   0  -2   0   0  -1  -1   0   0   2  -1  -3  -2  -1   0   4  -1   1    0  16   7   5   1   3   6   5   2   5   8  13   1   0   2   2   5   7   2  11  0.17 0.18
  417 V     0   0  -1  -3  -3   0  -1  -3   0   0   0  -1   0  -1   3   1   0  -4  -3   3    6   4   4   1   0   4   4   1   2   5   7   4   2   3  15  10   5   0   0  24  0.22 0.21
  418 T     1   0  -2  -2   0   2  -1  -1   0  -2  -1   0   0   1   1   1   2  -1  -2   0   12   5   0   2   2  10   2   5   2   0   7   4   2   6   7  13  13   1   0   6  0.12 0.17
  419 P    -2  -2  -2  -1  -1  -2   1  -1  -4  -5  -2  -2  -5  -5   7   1  -3  -5  -1  -5    3   3   1   4   1   1   9   5   0   0   4   2   0   0  50  11   1   0   3   0  1.13 0.60
  420 V     2  -2  -4  -2  -3  -1  -3  -4  -4   1   1  -1   3  -3  -3  -1  -2  -4  -3   5   17   2   0   3   0   3   1   1   0   6  12   4   8   0   1   4   0   0   0  39  0.54 0.38
  421 P    -2  -5  -5  -2  -6  -1  -5  -6  -6  -3  -4  -2  -6  -7   8  -2  -3  -7  -6   0    3   0   0   3   0   2   0   0   0   1   1   3   0   0  75   2   2   0   0   7  2.13 0.93
  422 Q    -2   3   3   4  -5   2  -1  -2   2  -4  -4   1  -4  -5  -1   0  -2  -5  -2  -2    3  16  16  24   0   8   2   2   4   0   1   7   0   0   3   7   2   0   1   2  0.53 0.36
  423 L    -2  -3  -3  -6  -5  -5  -3  -6  -6  -1   6  -3   0  -3  -6  -5  -4  -5  -4  -3    3   1   2   0   0   0   2   0   0   1  85   1   1   0   0   0   0   0   0   0  1.60 0.76
  424 P    -3  -6  -5  -3  -6  -5  -3  -6  -1  -6  -3  -5  -1  -6   8   0  -5  -7  -6  -4    2   0   0   1   0   0   2   0   2   0   3   0   2   0  78   7   0   0   0   1  2.32 0.98
  425 F    -2  -1  -2  -1   0   0   0  -3  -1  -1   2  -1   0   3  -2  -2  -3   2   4  -2    2   2   2   4   2   5   8   2   1   2  27   4   2  15   1   3   0   3  13   1  0.32 0.26
  426 E    -2  -3   0   4  -5   0   5  -3   3  -3  -5  -1  -4  -5  -2  -2  -3  -5  -2  -5    3   0   5  25   0   4  43   2   6   2   1   4   0   0   2   2   0   0   1   0  0.98 0.54
  427 M    -1  -5  -5  -2  -4  -4  -2  -5  -5   2  -1  -4   0  -2  -3  -4   1  -5  -4   6    4   0   0   3   0   0   4   0   0   8   3   0   2   2   2   0   9   0   0  62  1.04 0.56
  428 M    -2  -3  -5  -5  -3  -2  -4  -3  -4   5   3  -4   4  -2  -4  -4  -3  -4  -3   1    2   2   0   1   0   2   1   2   0  40  31   1   9   0   0   1   1   0   0   8  0.88 0.44
  429 V     0   1  -2   0  -4   3   3  -3   1  -1  -1   2  -2  -2  -1  -1  -2   3  -2  -1    9   8   0   5   0  14  20   1   4   4   7  13   0   1   2   2   1   4   1   5  0.28 0.24
  430 R    -4   7   0  -2  -5   1  -2  -4   0  -5  -5   4  -1  -5  -4  -2  -4  -5  -4  -5    1  56   3   2   0   6   2   1   2   0   1  20   2   0   0   2   0   0   0   1  1.34 0.62
  431 V     0  -1   0  -1   0  -2   2   2  -3  -1  -2   0   0  -2  -3   2  -1  -4  -1   2    7   2   4   2   2   0  19  14   0   3   1   5   3   2   0  16   1   0   2  17  0.20 0.23
  432 L    -1  -5  -6  -6  -4  -5  -5  -6  -5  -2   6  -5   0   0  -5  -5  -2  -5  -4  -3    7   0   0   0   0   0   0   0   0   0  83   0   2   3   0   0   2   0   0   0  1.49 0.68
  433 Y    -4  -4  -4  -5   4  -2  -4  -5   1  -3  -2  -3  -3   7  -5   2  -4  -2   5  -4    1   0   0   0   8   2   0   1   3   0   3   2   0  43   0  14   0   0  20   0  1.22 0.58
  434 P    -4   3  -4  -4  -5  -4  -2  -3  -5  -5  -5  -3  -5  -6   8  -1  -2  -6  -5  -5    1  16   0   0   0   0   2   2   0   0   1   0   0   0  68   4   2   0   0   1  1.97 0.79
  435 G    -1   2   1   2  -2   1   0   1   3  -4  -4   1  -3  -2  -1   2  -2  -1  -1  -4    3  15   5  10   1   8   6  12   7   0   1   8   0   1   2  16   1   1   3   0  0.31 0.26
  436 T     2   1  -1   1  -3  -1  -1  -3  -3  -2  -2   2  -1  -4  -1   2   1  -4  -3  -1   23   8   2  10   0   1   3   0   0   2   3  13   2   0   3  14  10   0   0   5  0.25 0.24
  437 Q    -1   2  -1   0   1   2  -1  -2   1  -1  -1   1  -2   3  -3   0  -1   4   0   0    5  14   3   5   3  11   3   2   4   3   4   8   0  15   0   5   2   5   1   7  0.19 0.19
  438 P    -3  -2  -2  -5  -6  -4  -4  -4   0  -3  -2  -4  -1  -3   8  -2   0  -6  -2  -2    2   2   2   0   0   0   0   1   3   2   5   0   1   1  67   3   5   0   2   3  1.70 0.74
  439 Y    -2  -3  -1   0   1   1   0   0   3  -3  -4  -1  -3  -4   2   4   1  -4   2  -3    1   0   2   4   3   8   6   6   8   1   0   4   0   0   9  33   7   0   8   1  0.43 0.36
  440 R    -4   8  -3  -4  -5  -1  -3  -3  -3  -3  -2  -1  -4  -4  -2  -2  -2  -5  -1  -2    1  73   0   1   0   2   1   2   0   2   4   1   0   0   2   2   2   0   2   4  1.56 0.68
  441 M    -3  -2  -4  -3  -3  -1  -4  -2   0   4   3  -4   6  -1  -4  -4  -3  -4  -3   1    1   2   0   2   0   4   1   4   3  31  23   0  20   2   0   1   0   0   0   6  0.71 0.39
  442 K     0   1  -1   2  -4   2   2  -3   2  -4  -2   3  -3  -3  -2   1   0  -4  -3  -3    6   8   1  10   0   9  12   0   6   0   3  21   0   1   1  12   7   0   0   1  0.36 0.27
  443 V    -1   3  -2  -2  -1  -2  -3   0  -3   1  -1  -1   3  -3  -1   2   0  -4  -1   3    5  17   1   1   1   0   0   7   0   6   3   1  10   0   2  16   4   0   2  23  0.28 0.27
  444 P    -5  -6  -5  -5  -6  -5  -5  -6   1  -6  -6  -5  -6  -7   9  -1  -5  -7  -6  -6    0   0   0   0   0   0   0   0   3   0   0   0   0   0  89   4   0   0   0   0  2.86 1.05
  445 Q    -2   1   0  -3   0   5   2  -2  -3   0   0   1   0  -2  -4  -1  -2  -4  -3  -1    1   8   4   0   2  31  12   3   0   6  11   8   3   2   0   3   2   0   0   5  0.40 0.33
  446 G    -2  -2   0   4  -1  -1   2   3   2  -1  -2  -3  -3  -4  -4  -1  -1  -5  -1   0    1   1   3  26   1   2  16  21   6   3   5   0   0   0   0   2   3   0   3   7  0.43 0.31
  447 L    -6  -6  -7  -7  -6  -7  -7  -7  -5  -3   2  -7  -3   8  -3  -6  -6  -3   3  -1    0   0   0   0   0   0   0   0   0   0  16   0   0  72   2   0   0   0   7   4  2.11 0.84
  448 Y    -2   3   0  -3  -1   3   1  -2   2  -5  -5   5  -4  -5  -4  -2  -2  -5   1  -2    2  14   4   0   1  15   6   3   5   0   0  38   0   0   0   2   2   0   5   3  0.74 0.46
  449 P     1  -1  -2  -5   6  -4  -4  -5  -5  -5  -6  -4  -5  -6   6   2  -2  -7  -6  -4   13   3   2   0  15   0   0   0   0   0   0   0   0   0  46  18   2   0   0   1  1.45 0.68
  450 R    -2   1  -1  -3  -1   2  -2  -4   0   1  -1   2   1  -2  -2   0   1   0  -3   3    1   9   3   0   1  11   0   0   2   7   3  15   4   2   1   5  11   1   0  24  0.27 0.27
  451 D    -4  -4   4   1   0  -2  -3  -5   8  -6  -6  -3  -1  -5  -5   2   1  -6   0  -4    0   0  19   8   2   1   0   0  39   0   0   1   2   0   0  17   7   0   3   1  1.26 0.64
  452 I    -4  -3  -6  -6  -4  -5  -6  -4  -6   6   1  -5   3  -3  -6  -5  -4  -6  -4   4    0   2   0   0   0   0   0   2   0  54  11   0   7   0   0   0   0   0   0  25  1.33 0.61
  453 L    -1   0  -3  -4  -3   1  -2  -2   1   2   2  -1   1   3  -3  -1  -2  -3   0   0    4   6   0   0   0   7   1   2   5  13  27   4   3  15   1   5   1   0   2   3  0.25 0.23
  454 K    -4  -1   1   7  -7  -3   2  -4  -2  -6  -7  -1  -6  -7  -5  -3  -3  -7  -6  -4    1   3   5  72   0   1  11   1   1   0   0   3   0   0   0   1   1   0   0   1  1.73 0.73
  455 V    -1  -5  -6  -6  -1  -2  -3  -6  -6   2   3  -5  -2  -3  -5  -3  -3  -5  -4   5    5   0   0   0   1   2   1   0   0   8  29   0   0   0   0   2   0   0   0  51  0.97 0.51
  456 P    -4  -3  -1  -3  -6   4  -1  -5   3  -5  -1   2  -4  -6   6  -4  -3  -6  -5  -5    0   0   3   1   0  21   3   0   7   0   7  13   0   0  45   0   1   0   0   0  1.30 0.63
  457 E    -3   5  -3  -4  -6   2  -2  -5   7  -5  -5   2  -4  -5  -5  -4   0  -6  -3   0    2  31   0   0   0   9   1   0  32   0   0  12   0   0   0   0   7   0   0   7  1.23 0.61
  458 K    -4   5  -4  -5  -6  -1  -3  -4  -4  -2  -1   6  -4  -3  -5  -4  -4  -6  -5  -5    0  30   0   0   0   2   0   1   0   2   6  57   0   1   0   0   0   0   0   0  1.48 0.70
  459 R    -4   6  -2  -4  -2  -1  -2   2   1  -3  -3   3  -4  -6  -5  -2  -4  -6  -5  -5    0  53   1   0   1   1   1  14   3   2   3  18   0   0   0   2   0   0   0   0  1.15 0.57
  460 H    -2   3  -3  -2   1   1  -2  -3   5  -2  -1   1  -3  -2   3  -2  -2  -4   3  -2    2  17   0   2   3   7   1   1  16   2   7   8   0   1  16   1   1   0  10   3  0.48 0.33
  461 V    -2  -4  -2  -4   0  -2  -4  -3  -4  -2   0  -4  -1   0   6   0  -1   0   0   0    2   0   2   0   2   2   0   2   0   2  12   0   2   5  46   9   4   2   3   6  0.93 0.46
  462 G    -2   1  -1   1  -5   2   3   4  -3  -5  -4  -1  -4  -5  -1   1  -2  -5  -5  -5    2   6   2   7   0  10  19  36   0   0   1   2   0   0   3  11   1   0   0   0  0.63 0.38
  463 D     0  -2   0   3  -5   1   3   0   2  -5  -5   1  -4  -5   3  -1   0  -5  -4  -4    7   0   4  19   0   6  17   8   6   0   0   8   0   0  15   3   6   0   0   0  0.50 0.31
  464 T    -2   3   2   2  -4   1   2  -2   1  -4  -1   0  -3  -4  -2   1   0  -5  -3  -4    1  18  12  12   0   6  15   2   3   0   6   5   0   0   2  13   5   0   0   0  0.37 0.27
  465 C    -4  -5  -3  -3   2   0  -5  -2  -5  -5  -3  -5  -1  -4   6  -2  -3   9   1  -2    0   0   1   2   4   4   0   3   0   0   2   0   2   0  36   2   2  33   5   3  1.70 0.69
  466 S    -2   0  -1  -2  -5   1  -3  -4   0  -4  -4   3  -4  -4  -4  -1   4   8  -1  -1    1   5   3   2   0   7   0   0   2   0   0  19   0   0   0   3  29  21   2   5  0.92 0.50
  467 N    -3  -4   1   5  -5  -1  -1  -1   0  -5  -5  -3  -4  -5  -1   3   4  -6  -5  -4    0   0   5  32   0   2   2   4   2   0   0   0   0   0   3  24  26   0   0   0  0.85 0.49
  468 T    -3  -2  -3  -1  -6   2   6  -5  -3  -4  -4  -2  -4  -1  -4  -1   2  -6  -5  -5    1   2   0   1   0  10  61   0   0   1   2   0   0   3   0   5  16   0   0   0  1.20 0.62
  469 M     0  -4  -5  -5  -3  -4  -2  -5  -5   3   2  -4   5  -3  -5  -2  -3  -5  -4   5    6   0   0   0   0   0   3   0   0  17  14   0  17   0   0   2   0   0   0  39  0.83 0.43
  470 A     5  -4  -2  -4  -3  -3   0   0  -4  -1  -4  -3  -3  -4  -2   1   0  -5  -1   0   56   0   1   0   0   0   5   7   0   4   0   0   0   0   2  11   5   0   2   6  0.71 0.43
  471 M    -4  -5  -5  -6  -4  -4  -5  -6  -1   0   3  -5   9   2  -5  -5  -2  -4  -1   0    0   0   0   0   0   0   0   0   2   3  24   0  55   7   0   0   2   0   2   5  1.59 0.67
  472 T    -4  -4   2  -4  -1  -3  -4  -5  10  -7  -7  -4  -5  -5  -6   3  -2  -6  -3  -6    0   0   8   0   1   0   0   0  67   0   0   0   0   0   0  22   2   0   0   0  2.32 0.86
  473 L    -5  -6  -7  -7  -5  -6  -6  -7  -6  -1   7  -6   1  -3  -6  -6  -5  -5  -4  -2    0   0   0   0   0   0   0   0   0   2  96   0   2   0   0   0   0   0   0   0  1.92 0.75
  474 R     2   6  -3  -4   2   1  -3  -4  -1  -4  -4  -1  -4  -5  -2   2  -2  -5  -4   0   15  47   0   0   4   5   0   0   2   0   0   0   0   0   2  18   2   0   0   7  0.85 0.46
  475 E    -3   0   0   3  -5   4   5  -4   0  -4  -4  -1  -4  -5  -4  -1  -3  -5  -4   0    0   4   3  13   0  22  44   0   2   0   0   1   0   0   0   3   0   0   0   8  0.92 0.44
  476 T    -1  -3   0   1   1  -2   1  -4  -3  -3  -3  -2  -1  -2  -3   0   5  -5  -4   1    3   0   4   7   4   0  12   0   0   0   0   2   2   2   0   5  47   0   0  12  0.63 0.38
  477 F    -4  -5  -6  -6  -4  -5  -6  -3  -5   0   5  -5   1   6  -6  -5  -4  -3   0  -2    0   0   0   0   0   0   0   2   0   4  57   0   3  32   0   0   0   0   2   1  1.23 0.50
  478 D    -4  -1  -2   7  -6   2   4  -4  -1  -6  -6  -3  -5  -6  -4  -3  -4  -6  -5  -4    0   3   0  62   0   8  25   0   1   0   0   0   0   0   0   0   0   0   0   1  1.53 0.57
  479 K    -1  -4  -4  -2  -5  -1   2  -4  -4  -5  -3  -2  -4  -6   7   2  -3  -6  -5  -5    4   0   0   1   0   3  13   0   0   0   2   2   0   0  59  16   0   0   0   0  1.49 0.53
  480 P     3   2  -1  -2  -3   0   1   0  -2  -1  -2   1   1  -3   0  -1  -1  -4  -3  -1   38  13   3   0   0   3   9   5   0   5   0   8   4   0   5   0   2   0   0   3  0.27 0.18
  481 F    -4  -4  -4  -5  -4  -4  -1  -5  -3   0   1  -4  -2   7  -5  -2  -4  -1   3  -2    0   0   0   0   0   0   5   0   0   4  13   0   0  65   0   3   0   0   9   0  1.26 0.40
  482 L    -1   2  -4  -4  -3  -3  -3  -4  -3   3   3  -2   1  -1  -4  -3  -1  -3  -2   1    3  13   0   0   0   0   0   0   0  24  43   0   3   0   0   0   4   0   0   8  0.47 0.21
  483 D     4   2  -2   0  -3  -1  -2   0  -3  -3  -3   1  -3  -4  -2   2  -1  -4  -3  -2   48  10   0   6   0   0   0   5   0   0   0  11   0   0   0  20   0   0   0   0  0.53 0.26
  484 S     2   1   0  -2  -2   1  -2   1  -2  -2   0  -1  -2  -2  -2   1   3  -3   1  -2   18  10   4   0   0   6   0   9   0   0  10   0   0   0   0  13  23   0   7   0  0.21 0.15
  485 L     0  -4  -4  -4  -2  -3  -4  -4  -4   0   4  -3   1  -2   0  -3   0  -3  -3   3    8   0   0   0   0   0   0   0   0   0  55   0   2   0   4   0   4   0   0  26  0.58 0.24
  486 E    -2   4  -2  -2  -4   3   3  -2  -2  -3  -1   3   0  -4   0  -2  -2  -4  -3  -3    0  26   0   0   0  20  19   2   0   0   6  22   3   0   3   0   0   0   0   0  0.58 0.22
  487 V     3   1  -1  -1  -2  -1   0  -1  -2  -2   0   0  -1  -3  -2   0   0  -4  -3   0   45   9   2   4   0   0   5   2   0   0  10   7   0   0   0   5   5   0   0   6  0.24 0.14
  488 C    -3  -3  -2  -3   4   0  -2  -4   9  -3  -4  -3  -3  -3   0  -3  -3  -4  -1   0    0   0   0   0  12   4   0   0  69   0   0   0   0   0   5   0   0   0   0  10  1.57 0.39
  489 R     0   1   0  -2  -3   4   1  -3   1  -2   0  -1  -1   1  -1   0  -1  -3  -1   0    6   9   4   0   0  33   8   0   4   0  12   0   0   8   2   5   0   0   0  10  0.25 0.15
  490 T    -1  -3  -1  -2  -3  -2  -2   4  -3  -2   0  -2  -2  -3   2   2   1  -4  -3  -1    0   0   2   0   0   0   0  38   0   0  11   0   0   0  10  25   9   0   0   3  0.48 0.17
  491 R     1  -1  -2  -3  -2  -1   0  -3  -3   0   3  -2   0  -2  -3  -1   2  -3  -2   0   20   2   0   0   0   2   8   0   0   0  42   0   0   0   0   0  20   0   0   5  0.27 0.15
  492 V    -2  -2  -3  -3  -4  -2  -2  -4  -2   0  -3   2  -2  -1   6  -2  -2  -2   4   1    0   0   0   0   0   0   0   0   0   4   0  15   0   0  45   0   0   0  23  13  0.96 0.24
  493 A     3   1   0  -2  -2  -1  -1   0  -2  -1  -2   0  -2  -3  -2   2   1  -3  -3  -1   43  10   5   0   0   0   0   4   0   3   0   5   0   0   0  21   9   0   0   0  0.32 0.12
  494 P     0  -3  -2   3  -2  -2  -1  -3  -3  -1   2  -2   0  -2   3   0  -1  -3  -3   0   10   0   0  23   0   0   0   0   0   0  33   0   0   0  19   6   0   0   0   9  0.33 0.11
  495 P    -2  -3  -3  -3  -4  -3  -2  -3  -4  -4  -4  -2  -4  -5   8   0  -2  -5  -4  -4    0   0   0   0   0   0   0   0   0   0   0   0   0   0  92   8   0   0   0   0  2.30 0.30
  496 S     1   1   0  -1  -2  -1  -1  -1  -2  -3  -3  -1  -2  -3  -2   5   1  -4  -3  -2    9   8   0   0   0   0   0   0   0   0   0   0   0   0   0  79   5   0   0   0  0.65 0.16
  497 K    -1   3   0  -1  -3   3   1  -2  -1  -3  -3   4  -1  -3  -2   0  -1  -3  -2  -3    0  23   0   0   0  19   0   0   0   0   0  58   0   0   0   0   0   0   0   0  0.53 0.03

                      K         Lambda
Standard Ungapped    0.1334     0.3183
Standard Gapped      0.0434     0.2670
PSI Ungapped         0.1419     0.3181
PSI Gapped           0.0434     0.2670
