
Last position-specific scoring matrix computed, weighted observed percentages rounded down, information per position, and relative weight of gapless real matches to pseudocounts
            A   R   N   D   C   Q   E   G   H   I   L   K   M   F   P   S   T   W   Y   V   A   R   N   D   C   Q   E   G   H   I   L   K   M   F   P   S   T   W   Y   V
    1 M    -5  -6  -6  -7  -5  -5  -6  -7  -6   1   1  -6  10  -4  -7  -6  -5  -6  -5  -3    0   0   0   0   0   0   0   0   0   8   9   0  84   0   0   0   0   0   0   0  2.78 0.93
    2 C     3  -4  -5  -4   5  -1  -3  -3  -3  -3  -3  -1   7  -5  -1   2  -3  -6  -4  -2   23   0   0   0  12   2   2   1   1   1   1   3  32   0   3  16   1   0   0   2  0.97 0.59
    3 N     2  -2   3  -2  -3  -1  -2   0  -3   0  -2   1   0  -3   1   1   0  -5  -2   1   16   1  15   1   0   1   2   6   0   5   2   9   3   1   8  12   4   0   1  14  0.21 0.23
    4 T    -1  -5  -6  -5  -3  -4  -5  -2  -3   0  -1  -5   2  -4   7  -2  -1  -7  -3   1    4   0   0   0   1   1   0   3   1   6   6   0   6   0  57   2   4   0   1   9  1.42 0.69
    5 P    -2  -3  -5  -2  -3  -5  -1   1  -6  -3  -3  -3  -4  -6   7  -4  -2  -7  -6  -2    4   1   0   2   1   0   4  13   0   1   3   1   0   0  61   1   2   0   0   4  1.58 0.74
    6 T     0  -3  -1  -2   0  -2  -2  -2  -2   0   0   0  -2   2  -2   3   3  -2  -2  -1    8   1   2   1   2   2   1   2   0   5   9   7   1   8   2  25  19   1   1   4  0.28 0.27
    7 Y    -5  -7  -7  -7  -7  -6  -7  -7   0  -4  -4  -7  -5   7  -7  -4  -6   1   8  -2    1   0   0   0   0   0   0   0   2   1   1   0   0  41   0   2   0   2  47   3  2.30 0.94
    8 C     2  -2   0  -1   2  -1   1   0   0  -3  -4   0  -3   1  -1   3   0  -4  -1  -2   15   2   5   3   5   1  11   6   2   1   1   6   0   8   2  23   6   0   1   2  0.25 0.26
    9 D    -3  -3   3   7  -6  -1   2  -4   3  -6  -6  -1  -6  -4  -5  -2  -2  -7  -3  -6    1   1  12  52   0   2  12   1   6   0   0   4   0   1   0   3   2   0   1   0  1.30 0.64
   10 L    -2  -3  -6  -6  -5  -4  -6  -5  -6   4   4  -5   1   2  -6  -5  -4  -5  -2   1    3   2   0   0   0   1   0   1   0  26  46   0   2   8   0   0   0   0   1   9  1.03 0.52
   11 G    -1  -3   0  -1  -1  -2  -4   6   3  -5  -4  -5  -5  -2  -4   0   0  -2  -3  -3    6   1   4   4   1   2   1  54   7   1   2   0   0   2   1   7   5   1   1   2  0.96 0.53
   12 K    -3   3  -2  -2  -7   0  -3  -3  -1  -4  -2   7  -5  -6  -5  -2  -3  -2  -3  -4    2  15   2   3   0   3   1   2   1   1   4  59   0   0   0   3   1   1   1   1  1.28 0.69
   13 A     1   0   0   0  -1   0   1  -2   0  -2  -1   2  -2  -3   1   2  -1   1  -2  -2   13   5   4   5   1   4   9   1   2   2   7  14   1   1   6  17   3   2   1   2  0.17 0.19
   14 A     5  -3  -2  -4   0   0  -2  -2  -1   0  -1  -3  -1  -3   0   1   0  -5  -3   1   46   1   2   0   2   5   2   2   1   4   5   0   2   1   4   7   6   0   1   8  0.50 0.39
   15 K    -2   5   2  -1  -5   0   0  -3  -1  -4  -2   4  -2  -3  -3  -1  -2  -1  -2  -4    3  27   9   3   0   4   5   1   1   1   4  30   1   1   1   4   2   1   2   1  0.67 0.41
   16 D    -2  -1   0   6  -5  -1   2  -1  -1  -5  -4   0   1  -5  -1  -1  -3  -6  -5  -5    3   3   4  52   0   2  11   5   1   0   2   5   3   0   3   5   0   0   0   0  0.96 0.51
   17 V    -2  -5  -5  -3   3  -4  -2  -5  -5   2   4  -4   1  -1  -5  -2   0  -5  -4   3    2   0   0   2   5   0   3   0   0  12  40   0   3   2   0   4   4   0   0  23  0.67 0.39
   18 F    -3  -5  -6  -6   0  -5  -6  -6  -1   0   5  -5   0   5  -6  -2  -4   1   0  -1    2   0   0   0   2   0   0   0   2   3  48   0   2  28   0   4   0   2   2   3  1.07 0.56
   19 N    -1   0   3  -1  -1  -1  -1  -1   1  -1  -2   1  -1   0  -2   1   2  -3   2  -1    3   3  15   2   1   2   3   5   4   3   4  11   1   3   2  10  16   0   7   4  0.17 0.19
   20 K    -1   0   0   1  -4   2   1  -1   0  -2  -2   4  -1  -3  -1   0  -1   1  -1  -2    5   4   3   6   0   8   8   5   2   2   4  30   2   0   2   8   4   2   2   2  0.25 0.24
   21 G    -1   0   1   2   1   0   0   2   3  -4  -3   0  -3  -1   0   0   0  -3   2  -3    4   5   5  16   3   4   4  20   9   0   0   4   0   3   5   4   7   0   8   0  0.25 0.21
   22 Y     0  -2   1  -2   3  -2  -2  -3   2   0   0   0   2   1  -3   0   0   4   2   0    7   0   7   0   7   0   0   0   7   7   7   7   7   7   0   7   7   7   7   7  0.14 0.16
   23 G    -1   0   0   0   2   0   0  -1   2   0  -1   0   2   1   0  -1   0   4   1  -1    5   5   5   5   5   5   5   5   5   5   5   5   5   5   5   5   5   5   5   5  0.09 0.08
   24 F    -3  -3  -2  -3   1  -2  -3  -4   4   0   0  -2  -2   6  -2  -1   1  -1   2   0    3   2   3   2   3   2   3   2   7   5   9   3   1  25   3   4   9   1   7   6  0.56 0.32
   25 G    -1  -2   1   3  -5  -1   0   4   1  -3  -3  -2  -5  -2  -3   1  -1   1  -2  -3    5   2   6  15   0   3   5  32   3   2   3   2   0   2   2  10   3   2   1   2  0.52 0.37
   26 M     0  -1   1  -1   0   2  -1   1   2  -1   0   1   2   0  -1   0  -1  -4   0   0    8   3   6   3   2   9   3   9   5   3   9   8   5   4   3   7   4   0   4   6  0.08 0.08
   27 V     0  -1   0  -2   1   0  -2  -2   0   0   0  -1   0   2  -1  -1   1   4   0   2    8   4   4   2   2   5   3   4   2   5  10   4   3   8   4   4   7   5   3  13  0.13 0.10
   28 K    -3   0   1  -2   0   1  -3  -2   1  -2  -3   6  -1   1  -3   0  -1   2  -1  -3    3   5   6   2   2   5   2   3   3   3   3  36   2   5   2   7   4   2   2   2  0.64 0.41
   29 I     0   0   0  -2   2   1   0  -2  -2   0   0   0   1   1   1   0   0  -2   1   0    6   6   6   0   6   6   6   0   0   6   6   6   6   6   6   6   6   0   6   6  0.02 0.11
   30 D    -1  -1   0   3  -1   0   2  -2   0  -1  -1   0   0  -1  -1   1   1  -4  -1   0    4   2   4  15   2   4  12   2   2   3   6   7   3   3   3  14   7   0   2   6  0.14 0.18
   31 L    -1  -3  -1  -2   2  -1  -2  -2   0   2   2  -2   1   2  -2   0   0   0   0   1    4   0   3   2   6   2   3   3   2  11  18   2   3  10   2   7   6   1   3  12  0.15 0.16
   32 K    -1   1   0  -1   0  -1  -1  -2   2  -2  -2   4  -3   0  -1   1   2  -4  -1  -1    3   6   5   3   2   2   3   3   4   2   5  24   0   4   3  11  13   0   2   5  0.25 0.28
   33 T     0   0   0   0   2   0   0  -1   1   0  -1   0   1   0   0   0   0  -2   1   0    5   5   5   5   5   5   5   5   5   5   5   5   5   5   5   5   5   0   5   5  0.03 0.05
   34 K    -1   0   1  -1   1   1  -1  -1   1  -1  -2   3   1  -1   0   0   1   2   0  -1    5   5   6   3   3   5   5   5   3   4   4  18   3   3   4   6   8   2   3   4  0.17 0.16
   35 S     0   0   0   0   2   0   0  -1   1   0  -1   0   1   0   0   0   0  -2   1   0    5   5   5   5   5   5   5   5   5   5   5   5   5   5   5   5   5   0   5   5  0.03 0.05
   36 C    -1   0   0  -1   2   0   0   0   0  -1  -2   1   0  -1   1   2  -1   2   0  -1    5   5   5   4   4   5   6   8   3   3   4   8   3   3   8  14   4   2   3   4  0.10 0.12
   37 S    -1   0   0   0   2   0   0  -1   2   0  -1   0   2   1   0  -1   0   4   1  -1    5   5   5   5   5   5   5   5   5   5   5   5   5   5   5   5   5   5   5   5  0.09 0.08
   38 G     0  -1   2   1  -6   0  -1   3   2  -1  -2   0   1   0   0  -1  -1  -6   0  -2    6   3   8   7   0   4   4  20   5   3   4   6   3   3   5   5   4   0   3   4  0.19 0.16
   39 V    -1  -1  -1  -2   1  -1  -2  -2   2   0   0  -2   2   1   2  -1  -1   2   0   2    6   4   4   3   3   3   3   4   4   6   9   3   4   6   9   4   4   3   3  15  0.14 0.12
   40 E    -1   0   0   0   2   0   0  -1   2   0  -1   0   2   1   0  -1   0   4   1  -1    5   5   5   5   5   5   5   5   5   5   5   5   5   5   5   5   5   5   5   5  0.09 0.08
   41 F    -2  -4  -1  -2  -4  -4  -5  -2   0   1   2  -3   1   6  -5  -1  -2   2   1   1    3   0   3   2   0   0   0   3   2   9  17   2   3  33   0   4   3   2   4   8  0.62 0.39
   42 S    -1  -1   1  -1  -4   0   0  -1   1  -1  -1   1   1  -1  -1   1   3  -4   0  -1    3   3   6   3   0   4   5   4   4   3   5  11   3   3   3  11  22   0   4   3  0.17 0.23
   43 T     0  -3   0  -1   2  -1  -3  -1   1   1  -1  -1   0   0   0   2   2  -4  -1   1    7   0   4   3   4   2   0   5   3   7   6   2   2   4   4  18  15   0   2  12  0.15 0.21
   44 S     0   0   0   0   2   0   0  -1   1   0  -1   0   1   0   0   0   0  -2   1   0    5   5   5   5   5   5   5   5   5   5   5   5   5   5   5   5   5   0   5   5  0.03 0.05
   45 G     0   0   0   0   2   0   0  -1   1   0  -1   0   1   0   0   0   0  -2   1   0    5   5   5   5   5   5   5   5   5   5   5   5   5   5   5   5   5   0   5   5  0.03 0.05
   46 H     0  -1  -1  -2   1   0  -1  -4   2  -1  -2   1   0  -1  -1   2   2   2   0   1    7   4   4   3   3   5   4   1   4   4   5   8   3   3   3  12  13   2   3   9  0.15 0.15
   47 A     0   0  -1  -3   2   1  -1  -1   3  -2  -1   2   2   0  -2   1   0   0   0  -1    8   5   3   1   4   6   5   4   7   3   7  12   5   4   3  10   5   1   3   4  0.14 0.14
   48 Y     0  -1   4   1   0  -1  -2   1   0  -1  -2   2  -1  -1  -2   1  -1   0   1  -2    8   3  16   8   2   3   3   9   2   4   4  10   2   2   3   8   5   1   4   4  0.19 0.17
   49 T    -1   0   0   0   2   0   0  -1   2   0  -1   0   2   1   0  -1   0   4   1  -1    5   5   5   5   5   5   5   5   5   5   5   5   5   5   5   5   5   5   5   5  0.09 0.08
   50 D     0   0   0   0  -2   1   0   0   1   0   0   0   1   0   1   0   0  -3  -1   0    6   6   6   6   0   6   6   6   6   6   6   6   6   6   6   6   6   0   0   6  0.04 0.07
   51 T    -1   0   0   0   2   0   0  -1   2   0  -1   0   2   1   0  -1   0   4   1  -1    5   5   5   5   5   5   5   5   5   5   5   5   5   5   5   5   5   5   5   5  0.09 0.08
   52 G    -1   0   0   0   1   1   0   2   1  -1  -1   0   0   0   0   0  -1  -3   0  -1    5   4   4   4   3   6   4  21   3   3   4   7   3   4   4   6   4   0   4   4  0.10 0.12
   53 K     0   0   0   0  -2   0   0   0   1   0  -1   0   1   0   0   0   0  -2   1   0    5   5   5   5   0   5   5   5   5   5   5   5   5   5   5   5   5   0   5   5  0.00 0.06
   54 A     0  -2   0  -1   1   0  -1  -1   0   1   0  -1   0   1   0   0   0  -2   0   1    9   0   4   3   3   3   3   6   3  10   8   3   3   7   4   8   5   0   3  14  0.03 0.07
   55 S     0  -1   1   0   0   0  -1  -1   0   0  -1   0   0   0   0   1   1  -3   0   0    9   3   6   7   2   5   3   5   3   5   4   4   2   5   5  15   9   0   3   5  0.06 0.10
   56 G     1  -3  -1  -3   1  -2  -3   4  -1   0  -2  -2   1   0  -2   0  -1   0   2   0   10   1   3   1   3   2   1  31   1   6   5   2   4   4   2   7   4   1   7   6  0.33 0.28
   57 N     0  -1   2   1   0   0   0  -1   2  -2  -1   0   0  -1  -1   1   0   0   0   0    7   2  10   9   2   5   6   4   4   2   5   6   3   3   2  13   7   1   4   6  0.09 0.12
   58 L     0  -4  -2  -4   0  -1  -2  -1   0   2   3  -4   1   2  -1  -1   0   1   0   1    6   0   2   0   2   3   2   6   2   9  27   0   3   8   3   4   5   2   3  10  0.22 0.21
   59 E     0  -1   0   0  -7   2   3  -1   1  -2  -3   1   0  -1  -1   1   0   2   0  -2    7   3   4   5   0   9  20   4   3   3   3   8   3   3   3   9   5   3   3   4  0.24 0.23
   60 T    -1   0   0   0   2   0   0  -1   2   0  -1   0   2   1   0  -1   0   4   1  -1    5   5   5   5   5   5   5   5   5   5   5   5   5   5   5   5   5   5   5   5  0.09 0.08
   61 K    -2   1   0  -1   0   1   0  -1   0  -2  -2   5   0  -1  -5   0   0   1   0  -2    3   6   4   3   2   6   6   4   2   2   4  32   2   3   0   8   5   2   4   3  0.37 0.34
   62 Y    -2  -1  -1  -2   1   1  -2  -3   1  -1  -2   0   1   3  -2  -2   0   2   6  -2    3   3   3   3   3   6   3   2   3   4   4   5   3  11   2   4   5   2  29   3  0.57 0.43
   63 K     0   0   0   0   2   0   0  -1   1   0  -1   0   1   0   0   0   0  -2   1   0    5   5   5   5   5   5   5   5   5   5   5   5   5   5   5   5   5   0   5   5  0.03 0.05
   64 V    -1   0   0   0   2   0  -1  -1   2   0  -1   0   2   0   0  -1   0   3   1  -1    5   5   5   5   5   5   5   5   5   5   5   5   5   5   5   5   5   5   5   5  0.03 0.09
   65 C     0   0   0   0   2   0   0  -1   1   0  -1   0   1   0   0   0   0  -2   1   0    5   5   5   5   5   5   5   5   5   5   5   5   5   5   5   5   5   0   5   5  0.03 0.05
   66 N    -1   0   2   1   0   1   1  -1   1  -1  -2   1   0  -1   1   0  -1  -4   0  -1    4   4  11   9   3   5  10   5   3   4   4  11   3   3   6   6   3   0   3   4  0.11 0.13
   67 Y    -1   0   0   0   2   0   0  -1   2   0  -1   0   2   1   0  -1   0   4   1  -1    5   5   5   5   5   5   5   5   5   5   5   5   5   5   5   5   5   5   5   5  0.09 0.08
   68 G     0   0   1   0   1   0   0   1   1   0   0   0   0   0   0   0   0  -2   0   0    6   5   7   6   4   3   5  13   4   5   7   5   3   5   4   4   4   0   4   7  0.02 0.03
   69 L    -1   0   0   0   2   0  -2  -1   1   0  -1   0   1   0   0   0   0   3   1   0    5   5   5   5   5   5   0   5   5   5   5   5   5   5   5   5   5   5   5   5  0.03 0.11
   70 T    -2  -1   1  -1  -1  -1  -2  -2  -1  -1  -2   1   1   0  -2   1   4  -7  -1   0    4   3   6   4   1   3   3   3   2   4   4   8   3   4   2  10  27   0   3   6  0.35 0.29
   71 F    -2  -2  -2  -3   1  -2  -3  -3   1   1   2  -2   2   5  -2  -2  -1   1   0   1    4   3   3   2   3   2   2   2   3   6  19   3   4  18   2   4   4   2   3  11  0.38 0.23
   72 T    -2  -1   1   2   2   0  -1  -2   1   0  -2   1   0  -1  -2   0   2   2  -1  -1    4   4   6  10   4   4   5   3   3   6   5   8   3   3   3   7  14   3   3   5  0.13 0.13
   73 Q    -1  -1  -1  -1   1   2   2   0   1   0   0  -1   1   0   0  -1  -1   2   0   0    6   3   3   3   3   8  13   8   3   4   8   3   3   4   4   5   4   3   3   8  0.08 0.09
   74 K    -1   1   0   0   1   0   0  -1   1  -1  -1   3   0  -1  -3   0   1  -4  -1  -1    5   7   4   6   3   3   4   4   3   3   5  24   2   2   0   5  10   0   2   5  0.19 0.22
   75 W     0  -1  -2  -4   2  -1  -2  -2   0   0   0  -2   0   1  -2  -1   0   8   0   1    9   4   2   0   4   3   2   4   3   6   9   2   2   6   2   4   5  19   3  11  0.44 0.32
   76 N     0   0   0   0   2   0   0  -1   1   0  -1   0   1   0   0   0   0  -2   1   0    5   5   5   5   5   5   5   5   5   5   5   5   5   5   5   5   5   0   5   5  0.03 0.05
   77 T    -1  -1   0  -1   0  -1  -2  -1  -4  -1  -1  -3   1  -2  -1   2   5  -5  -4  -1    3   4   5   3   2   3   3   5   0   3   6   0   3   2   3  14  36   0   0   3  0.46 0.41
   78 D     0   0   0   0  -2   1   0   0   1   0  -1   0   1   0   1   0   0  -2   1   0    6   6   5   6   0   5   6   6   5   6   6   6   5   5   6   6   6   0   5   6  0.03 0.06
   79 N    -1  -1   4  -1   1  -1  -2   2   0  -2  -2   0   1  -1  -1   1  -2   2  -1  -2    5   3  20   4   2   3   3  13   3   3   4   5   3   3   3  10   3   3   3   4  0.28 0.23
   80 T    -1   0   0   0   2   0   0  -1   2   0  -1   0   2   1   0  -1   0   4   1  -1    5   5   5   5   5   5   5   5   5   5   5   5   5   5   5   5   5   5   5   5  0.09 0.08
   81 L     0  -2   0  -2   2   0   0  -1   2   0  -1   0   1   1   0   0   0   3   1   0    6   0   5   0   5   5   6   6   5   6   6   6   5   5   6   6   6   5   5   6  0.08 0.13
   82 G    -1  -1   1   0   0   0  -1   1   0  -1   0   0   0  -1  -1   2   1  -4   0  -1    4   3   6   4   2   3   4  10   2   4   9   8   2   3   2  16   9   0   3   5  0.07 0.11
   83 T     0  -2   0  -2   1  -1  -2   0   0   0  -1  -2   0   1  -2   1   3   2   0   1    6   2   4   2   3   2   2   7   2   5   6   2   2   6   2  10  21   3   3   9  0.16 0.20
   84 E    -1   0   0   0  -3   0   0  -1   2   0  -1   0   1   0   0   0   0   3   1   0    5   5   5   5   0   5   5   5   5   5   5   5   5   5   5   5   5   5   5   5  0.06 0.08
   85 I    -1   0   0  -2   2   0   0  -1   1   0  -1   0   1   0   0   0   0   3   1   0    5   5   5   0   5   5   5   5   5   5   5   5   5   5   5   5   5   5   5   5  0.03 0.11
   86 S     0  -1  -1  -1   2  -1   0  -1   2  -1   0   1   1   1  -1   1   2   2   0  -1    7   3   3   3   4   3   7   5   5   4   8   7   3   5   3   9  12   2   3   4  0.08 0.10
   87 W    -1  -1  -1  -2   2  -1  -2  -2   1   1   1  -2   1   3  -1  -2  -1   3   2   2    4   3   3   3   4   3   3   3   3   8  12   3   4  11   3   4   4   4   7  11  0.20 0.13
   88 E    -1   1   1   1  -1   1   2  -2   1  -2  -2   1  -1  -1   0   1   1  -5   1  -1    5   7   7   9   2   5  12   4   3   2   5   8   1   2   5   9   7   0   4   4  0.13 0.13
   89 N     0   0   0   0  -2   1   0   0   1   0  -1   0   1   0   1   0   0  -2   1   0    6   6   5   6   0   5   6   6   5   6   6   6   5   5   6   6   6   0   5   6  0.03 0.06
   90 K    -1   0   1  -1   1   1   0  -1   1  -1  -1   2   0  -1   1   0   1   2   0  -1    5   6   6   4   3   6   5   4   3   3   7  11   3   3   7   8   8   2   3   4  0.07 0.08
   91 L    -1  -2  -2  -1   0  -1   0  -1  -1   1   2  -1   1   2   0  -2  -1   3   1   0    5   2   2   3   2   3   6   5   2   9  16   5   3   9   6   2   4   4   4   7  0.14 0.11
   92 A     1  -1   1  -1   2   0  -2  -1   1   0  -1  -1   1   0   1   0   0   4   0   0   13   4   7   3   4   3   3   5   4   5   6   4   3   5   6   7   5   5   3   6  0.10 0.10
   93 E    -1   0   0  -1   1   0   1  -1   1  -1  -1   1   0   0   2   0  -1   2   0  -2    5   5   4   4   3   5   9   5   3   4   5  10   3   3  11   7   4   3   4   3  0.11 0.12
   94 G     0   0   0   0   2   0   0  -1  -2   0  -1   0   1   0   0   0   0   3   1   0    5   5   5   5   5   5   5   5   0   5   5   5   5   5   5   5   5   5   5   5  0.05 0.08
   95 L    -1   0   0   0   2   0   0  -1   2   0  -1   0   1   0  -3   0   0   3   1   0    5   5   5   5   5   5   5   5   5   5   5   5   5   5   0   5   5   5   5   5  0.06 0.10
   96 K    -2   0   1  -1   1  -1  -2  -3   0  -2  -3   4   0   0  -1   0   2   2  -1  -2    3   5   6   3   3   3   3   3   3   3   4  25   3   4   4   8  11   3   3   3  0.36 0.30
   97 L    -1   0   0   0   2   0  -1  -1   2   0  -1   0   2   0   0  -1   0   3   1  -1    5   5   5   5   5   5   5   5   5   5   5   5   5   5   5   5   5   5   5   5  0.03 0.09
   98 T     0   0   0   0   2   0   0  -1   1   0  -1   0   1   0   0   0   0  -2   1   0    5   5   5   5   5   5   5   5   5   5   5   5   5   5   5   5   5   0   5   5  0.03 0.05
   99 L    -1   0   0   0   2   0   0  -1   2   0  -1   0   2   1   0  -1   0   4   1  -1    5   5   5   5   5   5   5   5   5   5   5   5   5   5   5   5   5   5   5   5  0.09 0.08
  100 D     0   0   0   0   2   0   0  -1   1   0  -1   0   1   0   0   0   0  -2   1   0    5   5   5   5   5   5   5   5   5   5   5   5   5   5   5   5   5   0   5   5  0.03 0.05
  101 T     0  -1   0  -1   2  -1  -2   0   1  -1  -1  -1   0   1  -1   2   2  -5   0  -1    7   3   4   3   4   3   3   8   3   3   5   5   3   6   3  13  14   0   4   5  0.13 0.14
  102 I    -1  -1   0  -1   1   1   0  -1   0  -1  -1   0   1   1  -1   1   1   2   1  -1    6   3   5   3   3   6   6   6   3   4   5   6   3   6   3  11  10   3   4   4  0.07 0.09
  103 F    -1   0  -1  -1   1   0  -2  -2   0   0   0   0   2   3  -1   0  -1   2   3   0    4   5   3   3   3   4   3   3   2   6  10   6   4  12   4   7   3   3   8   6  0.14 0.11
  104 V     0  -1   1   1   0   0   0  -1   0   0  -1  -1   0   0   1   1   0   1   0   0    8   2   9   7   2   4   4   4   3   6   6   4   2   5   6   9   5   3   3   7  0.04 0.06
  105 P    -1  -1  -1   0   0   0  -2  -2   0  -1  -1   0   0   0   5   0  -1  -5  -1  -1    5   3   3   5   2   4   3   3   3   3   7   5   3   4  32   6   4   0   3   4  0.46 0.36
  106 N     0   0   0   0   2   0   0  -1   1   0  -1   0   1   0   0   0   0  -2   1   0    5   5   5   5   5   5   5   5   5   5   5   5   5   5   5   5   5   0   5   5  0.03 0.05
  107 T    -1   0   0   0   2   0   0  -1   2   0  -1   0   2   1   0  -1   0   4   1  -1    5   5   5   5   5   5   5   5   5   5   5   5   5   5   5   5   5   5   5   5  0.09 0.08
  108 G    -1   0   0   0   2   0   0  -1   2   0  -1   0   2   1   0  -1   0   4   1  -1    5   5   5   5   5   5   5   5   5   5   5   5   5   5   5   5   5   5   5   5  0.09 0.08
  109 K     0   0   1   0   0   1   0   0   0  -1  -1   1   0   0   1   0   0  -3   0  -1    7   3   8   6   2   6   4   6   3   3   6  11   3   5   6   8   5   0   4   4  0.05 0.07
  110 K    -1   1   1   0  -3   0   0  -1   1  -1  -1   2   0   1   0   0   0   2   1  -1    4   6   7   5   0   5   5   3   3   4   5  14   3   7   4   7   7   3   5   4  0.07 0.11
  111 S     0   0   0   0   2   0   0  -1   1   0  -1   0   1   0   0   0   0  -2   1   0    5   5   5   5   5   5   5   5   5   5   5   5   5   5   5   5   5   0   5   5  0.03 0.05
  112 G    -1   0   0   0   2   0   0  -1   2   0  -1   0   2   1   0  -1   0   4   1  -1    5   5   5   5   5   5   5   5   5   5   5   5   5   5   5   5   5   5   5   5  0.09 0.08
  113 K    -1   0   0   0   2   0   0  -1   2   0  -1   0   2   1   0  -1   0   4   1  -1    5   5   5   5   5   5   5   5   5   5   5   5   5   5   5   5   5   5   5   5  0.09 0.08
  114 L    -1   0   0   0   2  -2   0  -1   2   0  -1   0   1   0   0   0   0   3   1   0    5   5   5   5   5   0   5   5   5   5   5   5   5   5   5   5   5   5   5   5  0.05 0.09
  115 K    -2   0   0   0   1   0   2   0   1  -1  -1   2   0  -1  -1  -1   0   2   3  -2    4   4   5   5   3   4  11   7   3   3   6  12   3   3   3   4   6   3   8   3  0.13 0.12
  116 A     1  -1   0  -6   3  -1  -6   0   1   0   1  -6   1   1  -1   0   1   2   0   2   11   3   4   0   6   3   0   6   3   4  11   0   4   5   3   8   9   3   3  12  0.23 0.18
  117 S    -1   0   1   2   0   3   2   1   1  -2  -3   0   0  -2   0   0  -1  -4  -1  -2    6   4   6  12   2  13  12  10   3   3   3   6   3   2   4   6   4   0   2   3  0.18 0.19
  118 Y    -2  -6  -2  -3   0  -2  -3  -4   1  -1  -1  -6   0   4  -6  -3  -3   4   8  -2    4   0   2   2   2   2   2   2   3   3   6   0   2  15   0   2   2   5  41   3  1.28 0.69
  119 R    -1   1   0  -1   0   1   0  -2   0  -1  -1   3   0   1  -2   0   0   1  -1  -1    4   7   5   4   3   7   5   3   2   3   7  20   2   6   2   5   6   2   2   5  0.12 0.16
  120 R    -1   1   1   0   1   1  -2   0   4  -1  -1   1   0   1  -1  -1  -1   2   1  -2    4   7   7   5   3   7   0   6  13   3   5   8   3   6   3   5   4   3   5   3  0.16 0.20
  121 D    -1   0   0   3   1   0   1  -1   0  -1  -2   0   0  -1   2   0   0  -4   0  -1    4   5   4  16   4   4  10   4   3   3   4   6   3   3   9   7   5   0   3   3  0.15 0.16
  122 C    -2   0   2  -1   2  -1  -2   0   4  -2  -1  -1  -1   1  -1  -1  -1   0   4  -2    3   5  12   4   5   2   2   7   9   2   5   4   2   6   4   5   4   1  15   3  0.25 0.24
  123 F     1  -1  -1  -2   0  -1  -2  -1   0   1   0   0   0   2  -1   0  -1  -3   1   1   14   3   2   2   2   2   2   4   2   8  11   5   3  12   3   5   4   0   4  10  0.05 0.11
  124 S     0   0   1   0   0   0  -1   1   4  -1  -1   0   0  -1  -1   0   0  -3   0  -1    9   4   9   5   3   3   3  11  11   4   4   5   3   3   3   5   7   0   3   4  0.10 0.13
  125 L     0  -1  -1  -3   1  -2  -1   0   0   1   1  -1   1   1  -1   0   1   2   0   1    9   3   3   0   4   0   4   6   3  12  11   3   4   5   3   8   8   3   3   8  0.05 0.10
  126 G    -1   1   3   2  -1   0   0   0   0  -2  -2   1  -1  -2  -3   0   2  -5  -1  -1    5   7  15  11   2   3   5   7   3   2   3   8   2   1   1   7  13   0   2   4  0.21 0.21
  127 S     3  -6  -1  -2   3  -1  -3   0   0  -1   0  -2   1   1  -1   0   1   2  -1   0   20   0   4   2   5   3   2   6   2   4  11   2   3   5   4   8   8   3   2   6  0.20 0.18
  128 N    -1  -2   3   2   0  -1   0  -2   0  -1  -2  -1  -1   0  -1   2   1   2  -1  -1    6   3  12  12   2   3   6   3   2   3   4   4   2   4   3  15   8   2   2   4  0.20 0.19
  129 V     0  -3  -1  -2   0  -2  -3  -2  -1   3   0  -3   2   2  -2  -1  -1   1   1   3    8   2   3   2   2   2   2   4   2  13  10   2   4   8   3   4   3   2   4  20  0.27 0.18
  130 D    -1   0   0   0  -3   0   0  -1   2   0  -1   0   1   0   0   0   0   3   1   0    5   5   5   5   0   5   5   5   5   5   5   5   5   5   5   5   5   5   5   5  0.06 0.08
  131 I    -1  -2  -1  -6   2  -1  -2  -1   1   1   3  -2   2   3  -1  -2  -1  -6   1   1    5   3   4   0   4   3   3   5   3   6  24   3   4  11   4   4   4   0   4   8  0.28 0.18
  132 D    -1   0   0   0   2   0   0  -1   2   0  -1   0   2   1   0  -1   0   4   1  -1    5   5   5   5   5   5   5   5   5   5   5   5   5   5   5   5   5   5   5   5  0.09 0.08
  133 F     0   0   1  -1   1   0   0  -1   0   0  -1   0   0   1   0   0   0   2   1   0    7   5   8   4   3   5   5   5   3   5   6   6   3   6   5   5   6   3   6   7  0.04 0.04
  134 S    -1   0   0   0   2   0   0  -1   2   0  -1   0   2   1   0  -1   0   4   1  -1    5   5   5   5   5   5   5   5   5   5   5   5   5   5   5   5   5   5   5   5  0.09 0.08
  135 G    -1   0   0   0   2   0   0  -1   2   0  -1   0   2   1   0  -1   0   4   1  -1    5   5   5   5   5   5   5   5   5   5   5   5   5   5   5   5   5   5   5   5  0.09 0.08
  136 P    -2  -3   0  -3  -1  -3  -3  -2   0  -1  -2  -1   1   0   6  -2  -1   0  -1  -1    4   2   5   2   2   2   2   4   2   3   5   4   3   4  41   4   4   1   2   4  0.86 0.56
  137 T    -1  -1   0  -1  -3  -1  -1  -1   0   0   0   0   0   0  -1   1   2   1   0   1    5   4   4   3   0   3   4   3   2   7  11   6   2   4   2  12  13   2   3  10  0.06 0.11
  138 I    -1  -2  -1  -2   2  -5  -1  -2   1   2   1  -2   2   2  -1  -2  -1  -5   0   2    5   3   3   3   4   0   4   4   3  13  14   3   4   9   3   4   4   0   4  13  0.22 0.14
  139 Y    -1   0   0   0   2   0   0  -1   2   0  -1   0   2   1   0  -1   0   4   1  -1    5   5   5   5   5   5   5   5   5   5   5   5   5   5   5   5   5   5   5   5  0.09 0.08
  140 G     2  -2   0  -1   0  -2  -2   3  -1  -1   0  -2  -1   1  -1   1   0  -4  -1   0   15   2   5   3   2   1   2  22   2   3   8   2   1   5   2   9   5   0   2   8  0.18 0.20
  141 W     2  -2   0   0  -4   0  -2  -1   0  -2  -2  -1  -1  -1  -4   3   0   2   2  -2   14   2   4   6   0   4   2   4   3   3   5   4   2   3   0  26   6   3   7   3  0.27 0.30
  142 A     2  -2  -1  -1   1  -1  -2   0   0   0   0  -1   1   1  -2   0   0  -4   1   1   23   2   3   3   3   2   2   8   2   5   8   3   3   5   2   5   7   0   4  11  0.12 0.16
  143 V     0  -2  -1  -1   1   0  -2  -1   0   0   0  -2   1   0  -2   0   1  -4   1   3    8   2   3   3   3   5   2   5   2   5   7   2   3   4   2   6   7   0   5  26  0.16 0.19
  144 L    -1  -1  -1  -2   1  -1  -2  -2   0   1   0  -1   1   3  -1   0   0   3   2   0    6   3   3   3   3   3   3   4   3   8   9   5   4  13   3   6   5   3   6   8  0.14 0.10
  145 A     0  -1   0  -1   1  -1  -1   3   2  -1  -2   0   0  -1   0   0  -1  -6   0   1    7   3   5   3   3   3   4  22   4   3   4   6   3   3   4   6   3   0   3  11  0.20 0.16
  146 F    -1   0   0   0   2   0  -1  -1   2   0  -1   0   2   0   0  -1   0   3   1  -1    5   5   5   5   5   5   5   5   5   5   5   5   5   5   5   5   5   5   5   5  0.03 0.09
  147 E    -1   0   0   0   2   0   0  -1   2   0  -1   0   2   1   0  -1   0   4   1  -1    5   5   5   5   5   5   5   5   5   5   5   5   5   5   5   5   5   5   5   5  0.09 0.08
  148 G    -1  -1   1   0   1  -1  -1   2   1  -2  -2   0   0  -1   0   0   1   1  -1  -1    5   4   6   6   3   2   4  15   3   3   4   6   2   3   5   8  10   2   2   5  0.08 0.10
  149 W    -2  -2   0  -6   3   0  -2  -2   1   1   0  -1   2   3  -1  -2  -1   6   1   0    4   3   4   0   5   5   3   4   3   7  10   4   5  11   3   3   4  10   4   7  0.37 0.24
  150 L     0   0   0  -1   1   0  -1   0   2   0   1  -1   1   0  -1   1   0   2   0   0    7   4   4   3   3   4   3   6   5   6  13   4   3   4   3  10   4   3   4   7  0.04 0.04
  151 A     0  -1  -2  -1   1   0  -2   1  -2   0   1  -1   0   2   0   0   0   2   1   0   11   3   0   3   4   4   0  10   0   3  14   3   3  14   4   6   4   3   4   7  0.07 0.12
  152 G     0   0   1   0   2   1   0   0   2   0  -1   0  -1  -2  -2   0   0   3  -2   0    6   6   6   6   6   6   6   6   6   6   6   6   0   0   0   6   6   6   0   6  0.09 0.12
  153 Y    -1   0   0  -2   2   0   0  -1   2   0  -1   0   1   1   0   0   0   3   1   0    5   5   5   0   5   5   5   5   5   5   5   5   5   5   5   5   5   5   5   5  0.07 0.11
  154 Q    -1   0   0   1   0   3   1  -1   1  -1  -1   1   0  -1  -3   0   0   1   0   0    3   3   4   8   3  15  10   4   3   3   4   7   3   3   0   6   7   2   3   7  0.11 0.19
  155 M     0   0   0  -2   2   0   0   0  -2   0   0   0   1   1   1   0   0  -2   1   0    6   6   6   0   6   6   6   6   0   6   6   6   6   6   6   6   6   0   6   6  0.04 0.08
  156 S     0  -1   1  -2   0   0  -1   1   1   0  -2   0   0  -1  -2   1   1   2  -1   0    6   3   6   3   2   4   4  11   3   5   5   5   2   2   3  11  10   2   3   7  0.03 0.09
  157 F    -2  -2  -1  -7   1   1  -2  -2  -6  -1  -1  -7   1   5  -1  -2  -2   3   6   0    4   3   3   0   3   5   3   4   0   4   6   0   3  20   4   4   3   3  22   6  0.76 0.45
  158 D    -2   1   2   4   1   1   0  -1   1  -2  -3  -1   0   0  -6  -1   0   3   0  -2    3   7   8  21   3   5   7   4   3   3   3   4   3   4   0   5   7   3   3   3  0.34 0.26
  159 T    -1   0   0   0   2   0  -1  -1   2   0  -1   0   2   0   0  -1   0   3   1  -1    5   5   5   5   5   5   5   5   5   5   5   5   5   5   5   5   5   5   5   5  0.03 0.09
  160 A     2  -1   1  -2  -1   1   0   1  -2  -3  -3   0  -1  -4   0   1   1  -1  -2  -2   19   3   6   2   1   7   5  10   1   2   3   6   2   1   6  11   9   1   1   3  0.20 0.21
  161 K    -1  -1   2   1  -2   0   0  -1  -1  -3  -1   3  -2  -3  -2   2   1  -2  -4  -3    5   3   9   9   1   5   5   5   1   2   6  17   1   1   2  15  10   1   1   2  0.29 0.25
  162 S     0   1   0  -2  -3   2  -1   3   0  -3  -3   1   1  -1  -1   3  -3  -2  -3  -5    7   8   5   2   1   8   5  19   2   2   3   7   3   3   4  17   2   1   1   1  0.32 0.27
  163 K     0   2   1  -1  -1   1   1  -1  -2  -2  -2   3   0  -2  -3   1   0  -2  -2  -1    7  11   5   3   1   6  10   4   1   2   3  19   2   2   1  10   6   1   1   5  0.24 0.22
  164 L    -2  -3  -1  -2  -1  -1  -2  -3  -1   2   2   0   2   4  -1  -2  -3   1  -1   1    3   1   3   3   1   2   2   2   2  10  20   6   5  18   4   3   1   2   2  10  0.33 0.24
  165 S    -1  -1   1   1  -2  -1  -1  -1  -1  -2  -3   1   1  -3  -1   2   4  -5  -3  -2    5   2   5   7   1   2   4   4   1   2   2  10   4   1   3  14  28   0   1   2  0.39 0.35
  166 Q    -1   2   1   0  -1   2   0  -1   0  -3  -2   4   0  -2  -1   0   0  -1  -2  -2    5   9   7   4   1  11   4   5   2   1   3  23   2   2   2   7   6   1   1   3  0.28 0.25
  167 N    -2  -2   2  -2   1  -2  -3  -2   3  -1  -1   0   0   1  -1   0   1   3   5  -1    3   2   9   2   3   2   0   3   8   4   5   6   2   5   3   6   8   4  20   5  0.34 0.29
  168 N     0  -1   4   1  -1  -1  -1  -1   0  -2  -3   0   0  -2   0   1   1   0   0  -2    8   3  22   6   2   2   3   5   2   2   2   5   2   2   5  12   9   1   3   3  0.23 0.23
  169 F     1  -3  -3  -3   1  -1  -1  -1  -2   1   1  -1   1   3  -1  -1   0   3   1   1   16   0   0   0   3   2   5   4   0   7  13   3   3  16   3   4   4   4   5   8  0.15 0.17
  170 A     2  -1  -1  -3   1   0  -2   3   0  -1  -2  -1   0  -1  -1   0   0   1  -3  -1   24   3   3   0   4   5   0  21   2   4   4   3   3   3   3   5   5   2   0   4  0.20 0.21
  171 L     0  -2  -2   0   2  -1   0   0  -2   0   0  -2   1   1   1   0   0  -2   1   0    7   0   0   7   7   0   7   7   0   7   7   0   7   7   7   7   7   0   7   7  0.07 0.11
  172 G    -1   0   0   0   2   0   0  -1   2   0  -1   0   1   0  -3   0   0   3   1   0    5   5   5   5   5   5   5   5   5   5   5   5   5   5   0   5   5   5   5   5  0.06 0.10
  173 Y    -2   0  -2  -5   2  -4  -5  -3   2  -1   0  -2   1   3  -2  -2  -2   3   6  -1    3   5   2   0   4   0   0   2   4   4   7   3   3  10   2   3   3   3  31   4  0.65 0.49
  174 K     0   0   0   0   2   0   0  -1   1   0  -1   0   1   0   0   0   0  -2   1   0    5   5   5   5   5   5   5   5   5   5   5   5   5   5   5   5   5   0   5   5  -0.00 0.06
  175 A     0   0   0   0   2   0   0  -1   1   0  -1   0   1   0   0   0   0  -2   1   0    5   5   5   5   5   5   5   5   5   5   5   5   5   5   5   5   5   0   5   5  -0.00 0.06
  176 A     0   0   0   0   2   0   0   0   1  -2  -1   0   1   0   0   0   0  -2   1  -1    5   5   5   5   5   5   5   5   5   0   5   5   5   5   5   5   5   0   5   5  0.01 0.10
  177 D    -1   0   0   0  -3   0   0  -1   1   0  -1   0   1   0   0   0   0   3   1  -1    5   5   5   5   0   5   5   5   5   5   5   5   5   5   5   5   5   5   5   5  0.02 0.09
  178 F    -1  -1  -2  -2   1  -2  -1  -1   0  -1   0  -3   0   4  -2   0   0   3   4  -1    5   3   2   2   3   2   4   5   2   4   9   0   3  17   2   6   5   4  14   4  0.22 0.27
  179 Q     0  -1   0  -1   1   1   0  -1   2   1  -1   0   0  -1  -3   1   0   1   0   0    5   3   4   4   3   6   6   4   5   9   5   4   3   3   0  13   7   2   3   6  0.02 0.12
  180 L     0  -2  -2   0   2   0   0  -1   1   0  -1   0   1   1   0   0   0   3   1   0    5   0   0   5   5   5   5   5   5   5   5   5   5   5   5   5   5   5   5   5  0.04 0.13
  181 H     1   0   0  -2   1   0  -1   0   4   0  -1  -1   1  -1  -1   1   0  -3   0  -1   10   5   4   0   3   3   3   7  12   6   5   3   4   3   3  10   7   0   3   4  0.06 0.17
  182 T    -1   0   0   0   2   0  -2  -1   1   0  -1   0   1   0   0   0   0   3   1   0    5   5   5   5   5   5   0   5   5   5   5   5   5   5   5   5   5   5   5   5  0.03 0.11
  183 H     0   0   0   0   2   0   0  -1   1   0  -1   0   1   0   0   0   0  -2   1   0    5   5   5   5   5   5   5   5   5   5   5   5   5   5   5   5   5   0   5   5  -0.00 0.06
  184 V    -1   0   0  -2   2   0   0  -1   1   0  -1   0   1   0   0   0   0   3   1   0    5   5   5   0   5   5   5   5   5   5   5   5   5   5   5   5   5   5   5   5  0.03 0.11
  185 N     0   0   0   0   2   0   0  -1   1   0  -1   0   1   0   0   0   0  -2   1   0    5   5   5   5   5   5   5   5   5   5   5   5   5   5   5   5   5   0   5   5  -0.00 0.06
  186 D     0   0   0   0  -3   0   0   0   1   0  -1   0   1   0   0   0   0   3  -1   0    5   5   5   5   0   5   5   5   5   5   5   5   5   5   5   5   5   5   0   5  0.02 0.10
  187 G     0   0   0  -1   1   0  -1   1   1  -2  -1   1   1   0   0   0   0   2   0  -1    5   5   4   4   4   4   4  11   3   0   6  11   4   5   4   6   5   3   3   6  0.01 0.10
  188 T     0   0   0   0   2   0   0  -1   1   0  -1   0   1   0   0   0   0  -2   1   0    5   5   5   5   5   5   5   5   5   5   5   5   5   5   5   5   5   0   5   5  -0.00 0.06
  189 E     0  -1   0   1   0   0   1  -1   1  -1  -1   0   0   0  -1   0   0  -3   0   0    6   3   3  10   3   4  12   4   3   4   4   5   3   4   3   6   8   0   3   9  0.02 0.09
  190 F    -1  -1  -1  -1   1  -1  -3  -2   0   1   1  -1   1   2  -1   0   0   2   2   0    5   3   3   3   3   3   0   3   3   7  11   3   4  11   3   6   7   3   8   8  0.06 0.14
  191 G     0   1   0   0   0   0  -1   0   0  -1   0   0   0  -1  -2   1   0   1   0   0    7   7   5   4   3   4   3   7   3   4   8   7   3   3   0  10   6   3   4   6  -0.00 0.06
  192 G     1   0  -1  -1   1  -1  -1   1  -2   0   0   0   1   0  -3   0   0   2   0   0   17   5   2   2   4   2   3  11   0   5   9   6   4   5   0   7   4   3   4   6  0.05 0.11
  193 S     1  -1   0  -1   1  -1  -1   0   0  -1  -1  -1   1   0  -1   3   0  -4  -1   0   11   3   4   3   3   2   2   8   3   3   6   3   4   4   3  25   4   0   2   6  0.13 0.19
  194 I     0   0   0  -2   2  -1   0   0   2   0   0   0   1   1  -3   0   0   4   1   0    6   6   6   0   6   0   6   6   6   6   6   6   6   6   0   6   6   6   6   6  0.08 0.13
  195 Y    -1  -2  -1  -2   0   0  -4  -3   3  -1  -1  -2   2   3  -2  -1  -1   3   6  -1    4   2   3   2   2   4   0   2   6   3   5   2   4  10   2   4   3   4  32   4  0.69 0.47
  196 Q    -1   0   0   0   2   0  -2  -1   2   0  -1   0   1   1   0   0   0   3   1   0    5   5   5   5   5   5   0   5   5   5   5   5   5   5   5   5   5   5   5   5  0.06 0.11
  197 K    -1   1   1   0  -4   0   0  -1   4  -1  -1   2   1  -3   0   0   0  -4   0  -1    4   9   7   6   0   4   4   3  11   4   5  16   4   0   4   9   5   0   4   3  0.20 0.21
  198 V    -1   0  -2   0   2   0   0  -1   2   0  -1   0   1   0   0   0   0   3   1   0    5   5   0   5   5   5   5   5   5   5   5   5   5   5   5   5   5   5   5   5  0.06 0.10
  199 N    -1  -1   4   0   2   0  -1  -1   2  -1  -2   0   0   0  -1   2   0  -4   0  -1    5   3  19   4   4   4   3   4   6   3   4   5   3   3   3  14   5   0   3   4  0.18 0.20
  200 E     0   0   1   0   2   1   0   0   2  -3  -1   0   1  -2   1   0   0   4   1  -2    6   6   6   6   6   6   6   6   6   0   6   6   6   0   6   6   6   6   6   0  0.12 0.16
  201 R    -1   1   2   1   0   0   0  -1   1  -2  -1   2   0  -1  -1   1   0  -3   0  -1    4   6  10  10   3   4   5   4   3   0   7  13   3   3   3   9   7   0   3   3  0.10 0.14
  202 I     0   0   0  -2   2   0   0  -1   2   0  -1   0   1   1  -3   0   0   3   1   0    6   6   5   0   5   5   6   6   5   6   6   6   5   5   0   6   6   5   5   6  0.08 0.12
  203 E     1   0   0   0  -3   1   1  -1   1  -1  -2   1   0  -1  -1   1   0  -3   0  -1   12   4   4   6   0   8  12   4   3   3   3   7   3   3   3  11   5   0   3   5  0.09 0.13
  204 T     0   0   0   0   2  -1   0   0  -2   0  -1   0   1   1   0   0   0   3   1   0    6   6   5   6   5   0   6   6   0   6   6   6   5   5   6   6   6   5   5   6  0.05 0.09
  205 S     0  -1   0   0  -2   1   0   0   2   0   0   0   1   1   1   0   0  -2   1   0    6   0   6   6   0   6   6   6   6   6   6   6   6   6   6   6   6   0   6   6  0.04 0.08
  206 I     0  -2   0  -2   2   1   0   0  -2   0   0  -2   1   1   1   0   0  -2   1   0    7   0   7   0   6   7   7   7   0   7   7   0   6   6   7   7   7   0   6   7  0.06 0.12
  207 N    -1   0   2   1  -3   1   1  -1   1  -1  -1   1   0   0   0   0   0  -3   1   0    4   4  10   8   0   5  11   3   3   3   6   7   3   3   3   5   4   0   6   9  0.07 0.11
  208 L     0   0   0  -2   2  -2   0   0   2   0   0  -2   1   1   1   0   0   4   1   0    6   6   6   0   6   0   6   6   6   6   6   0   6   6   6   6   6   6   6   6  0.08 0.14
  209 A     0   0   0   0   2   0   0  -1   1   0  -1   0   1   0   0   0   0  -2   1   0    5   5   5   5   5   5   5   5   5   5   5   5   5   5   5   5   5   0   5   5  0.03 0.05
  210 W    -3   1  -1  -2   0  -1  -5  -1   4  -1   0  -2   1   1  -5  -2  -2   8   3  -1    2   9   3   2   2   2   0   5  10   3  10   3   3   5   0   3   3  18  11   5  0.66 0.43
  211 T    -1   0   0   0   2   0   0  -1   2   0  -1   0   2   1   0  -1   0   4   1  -1    5   5   5   5   5   5   5   5   5   5   5   5   5   5   5   5   5   5   5   5  0.09 0.08
  212 A     0   0   0  -1   1   0  -1   0   0   0   0   0   0   2   0   1   0   2   1  -1    7   5   4   3   3   3   3   7   3   6   9   5   3   9   6   9   5   3   5   5  0.04 0.05
  213 G     0  -1   1   0   0   0   0   2   0  -3  -3   1   1   0  -1   2  -1  -6  -1  -2    8   4   7   6   2   4   6  14   2   2   3   9   3   4   3  16   3   0   2   3  0.17 0.17
  214 S    -1   2   1   0  -1  -1   1   0   0  -2  -4   1   0  -2  -1   2   2   1  -6  -2    5   9   6   6   1   3   7   7   2   2   2   8   2   2   3  16  12   2   0   3  0.22 0.22
  215 N    -2   1   5   1  -2   0  -1   0   1  -4  -4   3  -2  -3   0   1  -2  -8  -2  -4    4   7  21   7   1   4   4   7   3   1   2  15   1   1   5  11   3   0   1   1  0.48 0.36
  216 N     0  -2   3   2  -1   0   3   0   0  -3  -4   0   0  -4  -3   0  -1  -1  -3  -1    8   2  12  11   2   4  19   7   2   1   2   7   2   1   2   7   5   1   1   4  0.33 0.27
  217 T     0  -2   3  -3  -1  -3  -5  -3  -1  -1  -3  -2  -2  -4   1   1   4   2  -2   1    9   3  13   2   1   2   1   3   2   3   3   3   1   1   7   9  23   3   2  10  0.46 0.36
  218 R     0   1   0  -1   1   0  -2   0   0  -2  -2   1   0  -3  -6   1   4  -7  -2   0    7   8   5   4   2   5   3   7   3   2   4   7   2   1   0  12  21   0   2   6  0.29 0.25
  219 F     0  -4  -1  -4   1  -3  -4  -1   1   1   1  -4   2   4  -1  -1  -1   3   1   0    8   0   3   0   3   0   0   4   3   9  13   0   6  23   3   4   4   4   5   6  0.34 0.26
  220 G     0   0   0   0   2   1   0   0   2   0  -1   0   1  -2  -3   0   0   3   1   0    6   6   5   6   5   5   6   6   5   6   6   6   5   0   0   6   6   5   5   6  0.07 0.12
  221 I     0  -2  -2  -3   3  -2  -2   0  -2   1   0  -2   2   1  -3   0   0   4   2   0    8   0   0   0   8   0   0   8   0   8   8   0   8   8   0   8   8   8   8   8  0.17 0.14
  222 A     1  -2  -3  -2   0   0  -2   5   0  -1  -2  -1   0  -4  -1  -1  -1  -4  -4  -1   13   2   0   2   2   6   2  44   2   3   4   3   2   0   2   2   3   0   0   4  0.52 0.33
  223 A     0  -2   0   0   2   0  -2   0  -2   0   0   0   1   1   1   0   0   4   1   0    6   0   6   6   6   6   0   6   0   6   6   6   6   6   6   6   6   6   6   6  0.07 0.13
  224 K    -1   1   0   0   1   3   0  -1   1  -1  -2   2   1  -3  -3   1  -1   2   0  -1    5   9   3   5   3  13   6   3   3   3   4  16   4   0   0   9   3   3   3   4  0.18 0.21
  225 Y    -2  -1  -1  -2   3  -1  -2  -3   5  -1  -3  -1   1   1  -8  -2  -2   4   7  -2    4   3   3   3   5   3   3   3  10   3   4   4   3   5   0   3   3   5  30   3  0.90 0.53
  226 K     0   1   0   0   1   2  -1  -2   1  -1  -2   2   1   0  -1   0  -1   2   2  -1    9   7   4   6   3   8   3   3   3   4   4  14   3   3   4   6   4   2   6   5  0.12 0.12
  227 L    -2  -5  -2  -5   0  -2  -5  -3   0   2   4  -2   2   1   0  -2  -2   4   0   1    3   0   2   0   2   2   0   2   2  12  33   2   5   5   6   2   3   5   2  10  0.46 0.32
  228 D     0   0   0   0   2   0   0  -1   1   0  -1   0   1   0   0   0   0  -2   1   0    5   5   5   5   5   5   5   5   5   5   5   5   5   5   5   5   5   0   5   5  0.03 0.05
  229 C    -1   1   0   1   1   0   0   0   1  -2  -2   1  -3  -1   3   0  -1  -4   0  -2    5   6   5   9   3   3   5   7   3   3   3   9   0   3  15   8   3   0   3   3  0.14 0.18
  230 R    -2   0   0   3  -1   1   0   2   0  -1  -1  -1   0   0  -3   0  -1   0  -1  -2    3   6   5  17   1   5   7  14   2   3   7   4   2   4   1   6   4   1   2   3  0.19 0.16
  231 T     2  -3  -2  -3   1  -3  -2   0   0  -3  -2  -4  -1  -3  -4   1   5   0  -2  -2   17   2   2   2   3   2   3   7   2   2   5   2   2   1   1  11  31   2   1   3  0.59 0.44
  232 S    -1  -1  -2  -3   2  -1  -2  -3  -1   0   1  -1   2   2  -5   2   2   1  -1   1    4   4   1   1   4   2   3   1   2   5  12   4   5   8   0  15  15   2   2  10  0.22 0.24
  233 L    -1  -6  -6  -7  -1  -3  -6  -3  -6   3   3  -3   1   2  -6  -3  -2  -5   0   4    6   0   0   0   1   1   0   3   0  13  29   2   3   8   0   2   3   0   3  24  0.71 0.43
  234 S    -4   4  -3  -6  -2   0  -3  -4  -2  -3  -4   6  -2  -3  -3   1  -2  -7  -6  -4    1  20   1   0   1   3   1   1   1   2   2  48   1   1   2  11   2   0   0   1  1.22 0.73
  235 A     0  -3  -2   0   2  -2  -2   0  -2   0   0  -2   2   1   1   0   0   4   1   0    7   0   0   7   7   0   0   7   0   7   7   0   7   7   7   7   7   7   7   7  0.13 0.14
  236 K     0   3   0  -2   1   1   0  -3   1  -1  -2   4  -2  -3   0  -1  -1   2  -3  -1    7  16   3   0   3   4   3   0   3   3   4  33   0   0   3   4   4   3   0   4  0.35 0.28
  237 V    -1  -3  -4  -4   1  -3  -4  -2  -3   3   2  -2   1   2  -4  -3  -1   2   1   3    4   0   0   0   3   0   0   3   0  20  16   3   3   9   0   0   3   3   4  29  0.37 0.25
  238 N    -1  -1   5   4   0  -1  -1  -2  -3  -5  -4  -1  -4  -2  -4   1   0   0  -4  -4    4   3  34  27   2   2   3   3   0   0   2   2   0   2   0  10   5   1   0   0  0.74 0.45
  239 N    -2  -2   5   1  -1   0  -1  -2   1  -3  -4  -1  -1  -1  -2   3   0  -5  -2  -3    1   1  36   7   1   3   3   2   3   2   0   2   2   3   2  23   6   0   1   2  0.58 0.41
  240 A     0  -1   2   2  -1   0   0  -1   2  -3  -2   0  -2  -1  -2   1   1  -4   0  -2   10   3  12  14   1   3   6   4   6   1   4   5   1   3   2  13   8   0   3   2  0.18 0.18
  241 S    -1  -3  -2  -3   1  -2  -3   6  -1  -4  -3  -3  -2  -3  -3   2  -2  -1  -2  -3    4   1   2   1   3   2   1  57   1   1   3   1   1   1   2  13   2   1   2   2  0.98 0.55
  242 L    -2   1   0  -2  -1   2  -1  -3  -1   0   0   3   1   0  -4  -1   0  -4  -1   0    3   7   4   2   1  12   3   1   2   7  11  23   3   5   0   4   5   0   2   8  0.23 0.23
  243 I     1  -3  -3  -5  -1  -4  -5  -4  -5   3   3  -4   2   0  -5  -3  -1  -1  -3   3   12   1   1   0   1   0   0   1   0  17  27   0   4   3   0   1   3   1   0  24  0.59 0.37
  244 G     2  -2   0  -2  -1  -2  -2   5  -1  -4  -5  -2  -3  -4  -4   3  -1  -1  -2  -3   14   2   4   2   1   2   2  37   1   1   0   2   1   1   0  23   3   1   1   2  0.71 0.45
  245 L     3  -4  -4  -5   0  -3  -4  -2  -4   0   3  -4   2   1  -2  -2   1   1  -3   2   24   0   0   0   2   1   0   4   0   4  29   0   5   6   1   2   8   2   0  12  0.43 0.33
  246 G     2  -3  -2  -3   0  -3  -3   2  -3  -2   2  -3  -1   0  -4   2  -2  -2  -2   1   16   1   1   1   2   1   2  16   1   1  23   1   1   3   0  17   2   1   1  11  0.32 0.29
  247 Y    -3  -5  -5  -4   1  -5  -5  -4  -1   2   3  -5   0   3  -5  -3  -3   0   6   1    2   0   0   1   3   0   0   1   1  11  25   0   2   9   0   2   1   1  31   8  0.90 0.50
  248 T    -2  -1  -2  -3  -2   5   2  -3  -1   0  -3   1  -2  -4  -4   0   3  -1  -4  -2    3   3   1   1   1  28  13   2   2   5   3   9   1   1   1   7  17   1   1   3  0.56 0.43
  249 Q    -1   1  -1  -4  -3   5   0  -4   7  -2  -2   0  -2  -1  -2  -1  -1  -1   1  -2    4   8   3   0   1  25   5   1  22   2   4   5   1   3   2   5   3   1   4   3  0.73 0.47
  250 T    -1   2   0  -1  -3   1   2  -2  -1  -2  -3   4  -1  -4  -2  -1   1  -5  -2  -2    4  12   4   3   1   7  16   3   2   2   3  23   1   1   1   5   8   0   1   3  0.37 0.30
  251 L    -4  -6  -6  -7   0  -6  -6  -5  -6   3   4  -6   0   1  -3  -5  -3   7   0   1    1   0   0   0   2   0   0   1   0  15  42   0   2   5   2   1   2  13   2  10  1.07 0.55
  252 R    -1   4   3  -1   0   0  -2  -1   1  -2  -3   2  -3  -2  -3   1  -1   0  -2  -3    5  25  12   3   2   4   1   4   4   3   3  11   1   2   1  11   4   1   1   2  0.39 0.31
  253 P    -2  -3  -1   1  -6  -1   1  -2  -2  -6  -3   1  -1  -2   6   0  -3  -6  -4  -4    3   1   3   8   0   3   9   4   1   0   2   8   2   2  43   7   1   0   1   1  0.97 0.58
  254 G    -1  -1   3  -1  -1  -2  -2   4   0  -4  -4   4  -3  -2  -3  -1  -2  -1  -2  -4    5   4  12   3   1   1   2  30   2   1   2  24   1   2   1   4   2   1   1   1  0.62 0.41
  255 V    -1  -4  -4  -5  -2  -4  -3  -5  -4   3   1  -4   0   1  -5   3   1  -1  -3   4    5   1   1   0   1   0   2   0   0  14  12   1   2   6   0  19   8   1   1  27  0.54 0.38
  256 K    -2   0   1  -2   1   0  -2  -3  -1  -3   0   3  -1   1  -3   1   3  -2  -1  -2    2   6   6   2   3   4   2   2   1   1   9  21   2   7   1   9  19   1   2   3  0.30 0.28
  257 L    -1  -6  -6  -6  -1  -4  -6  -4  -4   2   4  -5   2   4  -4  -3  -3  -2  -3   3    5   0   0   0   1   0   0   1   0   8  39   0   5  15   1   2   2   0   1  18  0.81 0.46
  258 T    -1  -3   0  -5  -3  -3  -4  -1  -3   0  -2  -2   0  -4  -5   2   6  -6  -4  -1    6   1   5   0   0   1   1   5   1   5   3   2   2   1   0  13  49   0   0   4  0.92 0.59
  259 L    -1  -5  -4  -6  -3  -5  -5  -3  -5   3   4  -5   1   3  -3  -4  -2  -5   1   2    4   0   1   0   0   0   1   3   0  18  38   0   3  10   1   1   2   0   5  13  0.75 0.43
  260 S     1  -6  -3  -5   2  -5  -4   2   1  -5  -5  -4  -4  -2  -4   6  -1  -3  -3  -4   11   0   1   0   5   0   0  14   3   0   1   1   0   2   1  55   3   0   1   1  1.17 0.73
  261 A     3  -4  -2  -4   0  -4  -4   4  -5  -2  -1  -4  -1   0  -5   1   1  -1  -5   0   28   1   2   0   2   0   0  26   0   1   6   0   1   4   0  11   9   1   0   6  0.57 0.42
  262 L    -1  -2   0  -1  -3   3   4  -1  -1  -3   1   0  -1  -4  -4   1  -1  -5  -5  -2    4   1   3   3   1  14  31   5   2   1  14   4   2   0   0   9   3   0   0   2  0.49 0.40
  263 I    -2  -5  -6  -6  -2  -4  -6  -5  -5   3   2  -5   1   5  -6  -4  -2  -2   1   4    3   1   0   0   1   1   0   1   0  18  16   0   4  23   0   1   2   0   4  24  0.86 0.47
  264 D    -4  -5   4   7  -4  -3   0  -3  -3  -7  -6  -3  -7  -5  -4  -2  -4  -7  -4  -5    1   0  17  62   1   1   6   2   1   0   1   1   0   1   1   3   1   0   1   1  1.70 0.83
  265 G     1  -3  -3  -4   2  -3  -4   2   1  -1   1  -3   0  -1  -1   0   3  -4  -3   0   11   1   1   0   4   0   0  16   4   3  13   0   3   3   3   7  24   0   1   5  0.32 0.29
  266 K    -1   1   1  -3  -3   1  -1  -2  -2  -3  -2   5   1  -2  -2  -1   0  -2  -2  -2    4   8   7   1   0   6   2   3   1   1   5  40   4   2   2   4   6   1   1   2  0.56 0.40
  267 N     2   0   4   2  -3   0  -1  -2   3  -5  -4   1  -3  -4  -3   2  -1  -5  -4  -4   16   4  22  12   1   3   3   2   6   0   1  10   0   1   1  13   3   0   0   1  0.51 0.37
  268 F    -3  -3  -4  -4  -4  -4  -4  -3  -4   3   3  -2   2   3   1  -2  -2   1  -1   1    2   1   1   1   0   0   0   2   0  14  34   3   4  14   8   2   2   2   2   7  0.53 0.34
  269 N    -1  -2   4   3  -2  -1   1  -2   0   0  -2   1  -2  -2  -3   1   0  -5  -3  -3    4   2  24  16   1   2   9   3   2   5   3   8   1   2   1   8   6   0   1   2  0.40 0.31
  270 A     1   0   1   1  -3   2   1   0  -1  -4  -3   3  -3  -3  -3   1   0  -2  -3  -4   13   5   7   8   0   8   7   5   1   0   2  21   0   1   1  12   5   1   1   1  0.32 0.28
  271 G     0  -2   1   0  -4  -1  -2   4  -2  -1  -3  -1  -2  -3   1   2   0  -3  -4  -2    7   1   6   6   0   3   2  31   1   4   2   4   1   1   6  14   6   0   0   3  0.38 0.27
  272 G     2  -2   1   0  -2  -1  -1   2  -1  -2  -3   0  -3  -2   0   2   0  -4  -2   0   20   2   8   4   1   2   2  17   1   2   2   6   0   2   4  15   4   0   1   6  0.24 0.21
  273 H    -3  -3  -1  -4  -3   0  -3  -3   8  -2  -3  -3  -3  -2   4  -1  -1  -4   1  -4    2   1   3   1   1   4   2   2  40   2   2   1   1   2  22   4   4   0   5   1  1.33 0.62
  274 K    -4   3  -2  -4  -7   0  -2  -5  -2  -7  -5   7  -6  -7  -4  -2  -3  -7  -3  -6    1  14   2   1   0   3   2   1   1   0   1  68   0   0   1   3   2   0   1   0  1.76 0.87
  275 V    -4  -6  -6  -7  -2  -6  -6  -7  -1   3   2  -5   2   6  -5  -6  -3  -2   2   4    1   0   0   0   1   0   0   0   2  14  18   0   4  28   0   0   1   0   5  25  1.05 0.55
  276 G    -4  -5  -3  -5  -8  -5  -5   8  -7  -9  -9  -6  -8  -8  -5  -4  -6  -3  -8  -8    1   1   1   0   0   1   1  93   0   0   0   0   0   0   1   1   0   1   0   0  2.63 1.14
  277 L    -2  -6  -7  -7  -1  -6  -6  -6  -3   2   4  -6   2   4  -6  -4  -2   0  -3   2    4   0   0   0   1   0   0   0   1  12  41   0   4  19   0   1   2   2   0  14  0.96 0.52
  278 G     3  -2  -2  -4   0  -2  -3   4  -1  -6  -5  -1  -5  -5  -5   3  -1  -6  -6  -4   26   2   2   0   2   2   1  30   2   0   0   3   0   0   0  26   3   0   0   1  0.84 0.55
  279 F    -5  -6  -6  -8  -3  -6  -7  -7  -7   2   5  -7   1   4  -6  -6  -5   3  -3   2    0   0   0   0   1   0   0   0   0  12  53   0   3  15   0   0   0   4   0  12  1.25 0.63
  280 E     2  -3   1   2  -5   0   3  -3  -4  -3  -4  -2  -2  -4  -4   2   2  -6  -3   0   20   0   8  10   0   3  21   0   0   1   1   1   1   0   0  12  12   0   1   7  0.47 0.39
  281 L    -5  -6  -7  -7  -5  -6  -7  -7  -6   3   4  -6   1   5  -7  -6  -4  -4   2   1    0   0   0   0   0   0   0   0   0  13  44   0   3  24   0   0   0   0   5  10  1.21 0.60
  282 E    -3   0  -2   1  -1   1   5  -4   0  -6  -6   4  -5  -6  -4   0  -2  -6  -5  -5    2   3   1   7   2   4  38   1   2   0   0  31   0   0   0   7   2   0   0   1  0.96 0.55
  283 A     5  -5  -5  -5   3  -4  -4  -4  -5  -5  -5  -4  -5  -6   6   2  -3  -6  -6  -4   44   0   0   0   7   0   0   0   0   0   0   0   0   0  34  15   0   0   0   0  1.41 0.68

                      K         Lambda
Standard Ungapped    0.1330     0.3157
Standard Gapped      0.0365     0.2670
PSI Ungapped         0.1192     0.3175
PSI Gapped           0.0365     0.2670
