
Last position-specific scoring matrix computed, weighted observed percentages rounded down, information per position, and relative weight of gapless real matches to pseudocounts
            A   R   N   D   C   Q   E   G   H   I   L   K   M   F   P   S   T   W   Y   V   A   R   N   D   C   Q   E   G   H   I   L   K   M   F   P   S   T   W   Y   V
    1 M    -2  -3  -4  -4  -3  -2  -3  -4  -3   0   1  -3   8  -1  -4  -3  -2  -3  -2   3    0   0   0   0   0   0   0   0   0   0   4   0  72   0   0   0   0   0   0  23  1.08 0.28
    2 V    -1  -4  -3  -2  -3  -3  -4  -4  -4   3   2  -4   2   2  -4  -3  -2  -3  -2   4    4   0   1   2   0   0   0   0   0  20  17   0   6  11   0   0   0   0   0  38  0.55 0.24
    3 D    -3  -4   3   7  -6  -3  -1  -4  -3  -6  -6  -1  -5  -6  -4  -2  -3  -6  -4  -5    2   0  13  80   0   0   0   0   0   0   0   3   0   0   0   1   0   0   1   0  1.76 0.52
    4 Y    -4  -5  -5  -6  -1  -4  -5  -6  -1  -4  -4  -5  -4   0  -6  -2  -4  -1   9  -1    0   0   0   0   1   0   0   0   0   0   0   0   0   0   0   3   0   0  93   3  2.56 0.72
    5 S    -1  -3   0  -2  -3  -1  -2  -1  -2  -5  -3  -2  -4  -5  -3   6  -1  -5  -4  -4    1   1   2   1   0   2   0   4   0   0   3   1   0   0   0  84   0   0   0   0  1.27 0.52
    6 V    -1   1  -3  -3  -5  -1  -2  -4  -2  -3  -2   6  -3  -5  -3  -2  -2  -5  -4   1    3   6   0   1   0   0   0   0   0   0   3  74   0   0   0   0   2   0   0  12  1.14 0.46
    7 W    -2  -3  -7  -8  -6  -5  -6  -6  -6  -6  -5  -6  -5   0  -7  -6  -6  12  -1  -6    4   2   0   0   0   0   0   0   0   0   0   0   0   3   0   0   0  91   0   0  4.05 0.92
    8 D    -3  -2   3   6  -5  -2   0  -3  -3  -5  -5   2  -5  -6  -4  -2  -1  -6  -5  -5    0   1  13  63   0   0   1   1   0   0   0  17   0   0   0   1   3   0   0   0  1.30 0.47
    9 H     1   1   4   1  -4  -1  -1  -1   5  -4  -4   2  -2  -3  -3   0  -1  -4   0  -4   11   9  25   9   0   1   0   2  18   0   0  13   1   0   0   4   4   0   3   0  0.51 0.27
   10 I    -3  -4  -3  -5  -3  -3  -5  -6  -5   5   4  -3   0  -1  -5  -3  -2  -4  -3   0    0   0   2   0   0   1   0   0   0  48  44   1   0   2   0   1   1   0   0   1  0.99 0.41
   11 E    -3  -2  -2   1  -5   0   6  -2  -2  -5  -5   1  -4  -5  -3  -1   0  -5  -1  -3    0   0   0   7   0   1  70   2   0   0   0   6   0   0   0   3   6   0   3   1  1.18 0.49
   12 V    -1  -3  -3  -2   0  -3  -3  -4  -4   3   3  -3   1  -2  -4  -3  -2  -3  -3   3    4   0   1   3   2   0   0   0   0  20  41   0   2   0   0   0   0   0   0  23  0.56 0.26
   13 S    -2  -3  -2  -3  -3  -3  -3  -3  -3  -4  -2  -3  -4  -2  -3   6   1  -5  -4  -4    0   0   0   0   0   0   0   0   0   0   4   0   0   1   0  86   5   0   0   0  1.44 0.61
   14 D    -4  -4   1   8  -6   0  -1  -4  -4  -5  -6  -3  -5  -6  -4  -2  -3  -6  -5  -3    0   0   5  83   0   3   2   0   0   0   0   0   0   0   0   1   0   0   0   2  1.90 0.66
   15 D    -2  -4   0   7  -5  -3   0  -3  -1  -5  -5  -3  -5  -2  -1  -2  -3  -5  -4  -3    4   0   4  77   0   0   4   1   1   0   1   0   0   2   3   2   0   0   0   1  1.57 0.56
   16 E    -3  -3  -3   1  -5  -1   7  -4  -3  -5  -5  -2  -4  -5  -4   2  -3  -5  -4  -5    0   0   0   5   0   0  74   0   0   0   0   0   0   0   0  17   0   0   0   0  1.52 0.65
   17 D    -1  -3   0   7  -5  -1   2  -2  -3  -5  -5  -1  -4  -5  -3  -1  -2  -5  -4  -4    5   0   3  65   0   2  10   2   0   0   1   4   0   0   0   4   2   0   0   0  1.27 0.51
   18 E    -3   0  -1   5  -5  -1   4  -4   0  -3  -3   0  -4  -2   0  -2  -1  -5  -4  -2    0   5   1  33   0   1  36   0   2   1   2   3   0   2   4   0   4   0   0   4  0.78 0.42
   19 T     0  -2  -2   0   3   0   0   1  -3  -1  -1   0  -1   0  -3   0   3  -3  -2   1    7   0   0   5   9   4   4  13   0   2   3   5   1   4   0   5  21   0   0  16  0.18 0.19
   20 H    -1  -1   1  -2  -1  -2  -1   0   9  -5  -4  -3  -4  -1   0   0  -3  -4   0  -2    4   2   6   2   1   0   4   6  54   0   1   0   0   3   5   6   0   0   2   3  1.25 0.57
   21 P    -2  -1  -4  -4  -5  -3  -1  -3  -4  -2  -4   0  -1  -1   7  -1  -3  -5  -4  -3    2   3   0   0   0   0   3   2   0   3   0   6   2   4  68   5   0   0   0   1  1.69 0.65
   22 N    -1   0   5   0  -4   0  -1  -1   2  -1  -4  -1  -3   1  -1   0  -1  -4   0  -1    3   5  41   5   0   4   2   5   5   3   0   3   0   6   3   5   2   0   3   4  0.49 0.32
   23 I    -1   0  -3  -4  -3  -3  -3  -2  -4   5   1  -3   0  -1  -1  -1   0  -4  -3   3    4   6   0   0   0   0   1   3   0  43   9   0   1   2   2   4   4   0   0  19  0.51 0.30
   24 D    -1  -3   1   6  -4  -2   1  -1   2  -4  -4   0  -4  -4   1  -2  -3  -5  -4  -4    6   0   7  50   0   0   9   4   6   0   1   6   0   0   7   1   0   0   0   1  0.88 0.42
   25 T    -2   2  -1  -2  -3   0   1  -1   1  -2  -1   3  -1  -3  -2   0   3  -3  -3  -2    1   9   2   1   0   2   9   4   3   2   8  28   2   0   1   8  20   0   0   1  0.32 0.25
   26 A     1   1   1   0  -3   0   1   1  -2  -3  -3   1  -2  -3   3   1  -1  -3  -3  -2   15   9   7   6   0   3   7  11   0   0   2  10   0   0  15   9   0   0   0   3  0.27 0.18
   27 S     1   0   0  -2  -3   0  -2  -1  -2  -3   0   0  -2  -1  -3   4   0  -3   0   0    9   5   3   0   0   3   0   3   0   0   9   5   0   3   0  45   3   0   4   7  0.39 0.35
   28 L    -2  -2   0  -4   0  -3  -1  -4   1   0   3  -3   2   3  -4  -3  -1   5   0   0    3   2   4   0   2   0   4   0   4   4  34   0   5  17   0   0   3   9   2   4  0.44 0.30
   29 F     0   0  -2   0  -3   0  -2  -2  -3   3   0  -1   0   4  -3  -1  -2   0   0   1    7   6   1   6   0   6   0   2   0  24   6   3   2  23   0   4   0   1   1   7  0.26 0.24
   30 R    -2   6   1   0   2   0   1  -4   0  -4  -3   1  -3  -4  -1  -2  -3  -4  -4  -4    2  46   8   5   6   3  11   0   2   0   3   7   0   0   4   2   0   0   0   0  0.77 0.45
   31 W     1  -1  -4  -1  -4  -3  -2  -4   1  -1   1  -1   1   1  -4  -3  -1   8   0   1   16   4   0   4   0   0   3   0   3   3  13   4   3   5   0   0   4  26   3   9  0.70 0.42
   32 R    -1   3   3   0  -4   1   1  -3   1  -2  -3   3   0  -4  -1  -2  -1   1  -3  -1    3  16  15   6   0   5   9   0   3   3   1  23   3   0   3   0   3   2   0   4  0.37 0.29
   33 H     0   1   0   0  -4   3   0  -3   5  -1  -2   0  -2   0   0  -2   1  -3   0  -1    8  10   4   5   0  16   4   0  17   4   4   5   0   4   4   0   9   0   3   4  0.31 0.29
   34 Q     0   0   1   0  -3   1   0   0   2   0  -1   0   1   0   1   0   0  -2   1  -2    6   6   6   6   0   6   6   6   6   6   6   6   6   6   6   6   6   0   6   0  0.05 0.09
   35 A     0   1   1   1  -2   1   0   0   2  -2  -1   0   1  -2   1   0   0  -3  -2   0    7   7   7   7   0   7   7   7   6   0   7   7   6   0   7   7   7   0   0   7  0.09 0.10
   36 R    -1   5  -1  -1  -4   0  -1  -2   0   1  -2   0  -2  -3   0  -1  -1   1   1  -1    3  38   3   2   0   2   2   3   2  12   4   4   0   0   4   5   4   2   5   3  0.42 0.34
   37 V     0   0   1   0  -2   1   0   0   2   0   0   0   1  -2  -2   0   0  -2   1   0    6   6   6   6   0   6   6   6   6   6   6   6   6   0   0   6   6   0   6   6  0.05 0.09
   38 E     0   1   1   1  -2   1   1  -2   2   0   0   1   1  -2  -2   0   0  -3  -2   0    7   7   7   7   0   7   7   0   7   7   7   7   7   0   0   7   7   0   0   7  0.08 0.11
   39 R    -1   5   0  -1  -5   1   0  -1   1  -2  -2   3  -3  -5  -4   0  -1  -5  -4  -4    5  34   3   3   0   6   6   4   3   3   4  19   0   0   0   5   3   0   0   0  0.59 0.41
   40 M     0   2  -1   0   1   0   0  -1   0   0  -1   1   4  -3  -1  -1  -1  -3   1  -1    7  16   3   5   3   4   6   5   3   5   4   7  14   0   3   4   3   0   6   4  0.15 0.21
   41 E     0   0   0   0  -2   1   0   0   2   0   0   0   1   0  -2   0   0  -2   1   0    6   6   6   6   0   6   6   6   6   6   6   6   6   6   0   6   6   0   6   6  0.04 0.07
   42 Q     1   0  -1   0  -5   3   3  -3   0  -4  -1   1   0   0  -1  -1  -1  -5  -1  -2   12   4   3   6   0  15  22   2   2   0   6   9   2   4   3   4   3   0   2   2  0.33 0.33
   43 F    -1   3  -1  -3   0   0   1  -2   2   0   0  -1   3   2  -2  -1  -1   1   0  -1    6  19   2   0   2   3  10   4   5   5   8   3   8  10   2   3   2   2   3   3  0.21 0.23
   44 Q     0   1   1   0   1   1   1  -1   1  -1  -2   3   0  -1  -1   0  -1  -4  -3  -1    7   6   7   4   4   7  11   3   4   5   4  18   3   3   3   5   3   0   0   3  0.15 0.18
   45 K    -1   0   0   0  -3   0   0  -1   1   0  -1   0   1   0   0   0   0   3   1   0    5   5   5   5   0   5   5   5   5   5   5   5   5   5   5   5   5   5   5   5  0.06 0.08
   46 E    -1   1   0   0   0   1   3  -2  -2  -1  -2   3  -3  -3  -1   0  -1   3   0  -3    4   8   5   5   2   7  19   3   0   4   5  17   0   0   2   6   3   4   4   0  0.27 0.27
   47 K     0   0   0   0  -2   1   0   0   2   0  -1   0   1  -2   1   0   0  -2   1   0    6   6   6   6   0   6   6   6   6   6   6   6   6   0   6   6   6   0   6   6  0.05 0.08
   48 E     0   0   0   2  -3   1   2  -1   0  -1  -1   0   0  -1   0   0   0   2   0  -1    7   5   3  11   0   6  15   3   3   4   6   6   3   3   4   5   5   4   3   5  0.11 0.13
   49 E    -1   1   0   2  -1   1   4  -1   1  -2  -3   1   0  -3  -4  -1   0  -5  -2  -3    6   8   3  10   1   7  27   4   4   2   3  10   2   1   0   4   5   0   2   2  0.36 0.32
   50 L    -1  -1  -1  -2   2  -1  -1  -2   1   1   3  -2   1   1  -1  -2  -2   2   0   0    6   4   4   3   5   3   4   3   4   7  24   3   3   6   3   3   3   3   4   6  0.19 0.12
   51 D     0   0   1   0  -2   1   0   0   2   0  -1   0   1  -2   1   0   0  -3  -2   0    6   6   6   6   0   6   6   6   6   6   6   6   6   0   6   6   6   0   0   6  0.06 0.08
   52 R     1   1  -1   0   0   1   1  -3   0  -1  -2   4  -1  -2  -3  -1  -1   0  -1  -3   10   7   3   5   2   7   8   2   2   4   4  23   2   2   2   6   4   1   2   2  0.30 0.24
   53 G     0  -1   2  -1  -7   2   3   0   1  -2  -3   2   1  -2  -3   0  -3   2  -2  -3    7   4   9   3   0   8  19   9   3   2   3  11   3   2   2   7   2   3   2   2  0.33 0.28
   54 C    -1   1   0  -1   2   0  -1   0   1   0   0   1   1  -1  -1   0   0   2   1   0    4   7   4   3   6   4   4   6   3   7   9   9   3   3   3   8   5   3   4   7  0.05 0.05
   55 R     0   1   0   1   1   1   0  -2   1  -1  -2   2   2  -5  -1  -1   0  -6   0   0    9   7   5   7   3   6   7   4   3   4   4  14   5   0   4   5   5   0   3   6  0.15 0.14
   56 E     0  -1   0   1   0   0   4  -3  -1  -1  -2   0   2  -2  -2  -1   0  -7  -2   0    9   3   5   7   2   4  25   3   2   4   4   5   4   2   2   5   5   0   2   7  0.30 0.26
   57 C     0  -2   3   1   5  -2  -2  -4   2   0   1  -2   0   0  -3  -1  -1   1   1   0    7   2  13   7  13   2   3   2   4   5  12   2   2   4   2   5   3   2   5   6  0.34 0.23
   58 K    -1   2   0   0  -5   2   1  -2   0  -2  -1   3   1  -4  -4   0   0  -5  -1  -2    5   9   4   5   0   8  11   3   2   2   7  20   4   0   0   8   6   0   3   2  0.27 0.25
   59 R     0   2   0   0   0   1   1  -2   1  -1  -2   3   0  -1  -1  -1  -1   4  -2  -1    9  10   4   4   2   5   8   3   4   3   4  19   2   2   3   4   4   6   0   5  0.17 0.19
   60 K    -1   2   0   1  -4   1   0  -2   2  -1   1   2   0  -3  -3  -1  -1  -4  -1  -1    5  15   4   7   0   6   6   3   6   3  15  14   3   0   0   4   3   0   2   3  0.18 0.20
   61 V    -1   0   0  -2  -3   0  -1  -4   0   2   2   0   1   0  -3  -1  -1   2   1   1    4   4   4   2   0   4   4   0   2  13  27   6   4   3   0   3   3   3   6   8  0.18 0.19
   62 A     1   0   1   0  -3   1   1  -1  -1  -2  -1   2  -1  -3   0   0  -1  -4  -1  -1   14   4   7   5   0   7  10   4   1   2   6  15   1   0   5   7   4   0   2   4  0.14 0.18
   63 E     0   0  -1   1   1   1   3  -4   1  -1  -2   2   0  -1  -3  -1   1   2   0  -1    9   5   3   8   3   5  20   0   3   3   4  11   3   3   0   4   7   3   3   3  0.20 0.23
   64 C    -1  -1  -1  -1   1  -1  -1  -2   0   2   2  -1   1   0  -3  -1  -1   2   0   1    5   3   3   3   4   3   3   3   3  14  22   3   4   5   0   3   4   3   3   8  0.12 0.14
   65 Q    -1   1   0   0   1   3   1  -1   1  -1  -1   1   0  -3  -1   0   0  -3   0  -1    3   7   3   6   3  18  11   3   3   4   5   9   3   0   3   6   4   0   3   5  0.17 0.20
   66 R     0   0   0   0  -3   1   0   0   2   0  -1   0   1  -2   0   0   0   3   1   0    6   6   5   6   0   5   6   6   5   6   6   6   5   0   6   6   6   5   5   6  0.07 0.10
   67 K    -1   2   0   0   1   1   0  -3  -2  -1  -1   3   1  -1  -1   0  -1  -3   0  -1    5  11   5   5   4   7   4   0   0   4   6  21   4   3   3   6   3   0   4   4  0.16 0.20
   68 L    -1  -1  -2  -3  -1  -1  -2  -3  -4   2   4  -2   2   0  -2  -3  -2  -4  -1   1    5   3   2   2   1   2   2   1   0  12  46   2   4   3   2   1   2   0   2   7  0.51 0.36
   69 K     0   0   0   0   2   1   1  -1   2  -1  -2   3  -3  -3  -3   0   0  -4   0  -2    9   5   5   5   5   7  10   4   5   3   4  19   0   0   0   8   4   0   4   3  0.19 0.21
   70 E     0   0   1   1   0   1   2  -1   0  -1  -1   1  -2  -2  -1   1   0  -4  -3  -1    8   5   6  10   2   5  14   5   2   3   5  12   0   2   2  10   3   0   0   6  0.12 0.14
   71 L     0  -1  -1  -1   0   0  -1  -1   0   0   2  -1   0   0  -1   0   0  -3   0   0    8   3   3   3   2   5   4   5   2   5  28   3   2   4   3   5   4   0   3   6  0.06 0.11
   72 E     0   0   1   1  -4   2   3   0   0  -2  -2   1   0  -3  -1   0   0  -4  -1  -1    7   3   8   7   0   8  22   6   2   2   3   7   2   0   3   7   5   0   2   5  0.21 0.21
   73 V     0  -1   0   0  -1   0   1   0   0   0   0   1   0  -1  -1   0   0  -3  -2   0   10   2   4   5   1   3   9   7   3   7  13   9   1   1   2   7   5   0   0  10  0.03 0.07
   74 A     1  -1  -1   1   1  -1   1   0   3  -2  -2   1  -1  -2  -2   1   0  -4  -1  -1   16   3   2  10   3   2   9   7  10   2   4   9   1   2   1  11   4   0   2   3  0.17 0.19
   75 E     0   0   1   1  -1   0   2   0   1  -2  -2   1  -2  -1   0   1   0  -3  -1  -1    7   3   9   8   1   3  14   8   4   2   5   9   0   2   5  11   5   0   2   3  0.13 0.14
   76 S     0   0   0   0  -1   0   1   0   0  -1  -2   2  -2  -1   1   1   0  -1  -1  -1    8   3   5   6   1   4   8   6   2   4   3  14   0   2   7  12   5   1   1   6  0.10 0.13
   77 D     0  -2   1   3  -4  -1   4  -2  -1  -2  -3   1  -2  -2  -2   0   0  -5  -1  -2    8   1   7  16   0   2  30   2   1   3   2   7   1   2   2   7   7   0   2   2  0.44 0.37
   78 G     1  -1   1   2  -1   0   1   1  -1  -2  -1   0  -1  -2  -2   2   0  -1  -1  -1   11   2   5  10   1   3   8  13   1   2   6   4   2   2   2  17   5   1   2   3  0.14 0.16
   79 Q     0   0   0   0  -2   1   0   0   1   0  -1   0   1   0   1   0   0  -2   1   0    6   6   5   6   0   5   6   6   5   6   6   6   5   5   6   6   6   0   5   6  0.03 0.06
   80 V     0   0   0   1   0   0   1  -1  -2  -1  -1   1   0  -1   0   0   0   1   0  -1    7   5   4   9   3   4   9   5   0   4   6   9   3   3   5   7   7   3   4   3  0.05 0.07
   81 E     0   0   0   0  -2   1   0   0   1   0  -1   0  -1   0   1   0   0  -2   1   0    6   6   6   6   0   6   6   6   6   6   6   6   0   6   6   6   6   0   6   6  0.04 0.06
   82 L    -1   1   0  -1  -1   0   0  -1   1   0   1   0   0   0   0  -1   0   0   0   0    4   9   5   3   1   4   7   3   5   7  14   6   3   5   4   4   5   1   3   7  0.02 0.04
   83 E     1   0  -1   1  -4   1   3  -1  -1  -1  -1   1   1  -4  -1   0   0   1  -4  -1   12   4   3   7   0   6  19   5   2   4   6   7   3   0   3   7   5   2   0   4  0.19 0.21
   84 R    -1   0   0   0   2   0   0  -1   2  -2  -1   0   1   0   0   0   0   3   1  -1    5   5   5   5   5   5   5   5   5   0   5   5   5   5   5   5   5   5   5   5  0.08 0.12
   85 L     0  -1   0  -1  -3  -1   0  -2  -1   0   2  -1   1   2  -4   0   0   1   1   0    9   3   4   3   0   2   8   2   2   5  19   4   3  10   0   7   6   2   4   7  0.11 0.14
   86 R     0   0   1   0   0   3   2  -2   1  -2  -1   1   0  -2  -2   0   0   1  -1  -2    7   5   6   6   2  11  14   3   3   3   7   9   3   2   2   6   5   2   3   4  0.16 0.16
   87 A     1   0   0  -1  -5   1   2   0   1  -1  -2   1   0   0  -1   0   1   2   0  -1   11   4   5   4   0   6  12   6   3   4   4   8   3   3   3   6   7   3   3   5  0.09 0.11
   88 E    -1   0  -1   0   1   0   2  -1   2  -1   0  -1   0  -1  -1   0   2   2   0  -2    4   4   3   6   3   4  15   4   5   3   8   4   3   3   3   8  11   3   3   3  0.13 0.14
   89 A     0   0   0  -1   0   0   0  -1   0   1   1   0   1  -1   1   0   0  -3  -1   0    6   4   6   4   2   3   6   3   2   8  15   7   4   3   7   9   3   0   2   5  0.04 0.07
   90 Q     0   0   1   2  -1   1   2  -2   0  -1  -2   2  -1  -2   0   0   0   2  -1  -1    7   4   5  12   2   5  13   3   2   4   3  12   1   1   4   5   6   3   2   5  0.15 0.17
   91 Q    -1  -1   1   1   0   3   4  -2   1  -3  -3   2  -1  -5  -2   0   0  -6  -2  -2    5   2   6   8   2  11  24   3   3   2   2  12   1   0   2   6   5   0   2   3  0.39 0.36
   92 L    -2  -2  -1  -2  -1  -1  -2  -2   1   2   3   0   1   0  -2  -1  -2  -4   0   0    4   2   2   3   1   3   3   3   3  11  35   7   3   4   2   5   2   0   3   6  0.30 0.25
   93 R     0   0   0   0   2   1   0   0   2   0  -1   0  -1  -2   1   0   0  -2   1   0    6   6   6   6   6   6   6   6   6   6   6   6   0   0   6   6   6   0   6   6  0.05 0.08
   94 K     0   1   0   0   0   1   1  -1   1  -2  -2   3   0  -1  -1   0   0   2  -3  -1    7   6   5   6   2   6   8   5   3   3   4  19   2   3   3   7   5   3   0   4  0.14 0.16
   95 E    -1   1   0   0   0   1   2  -2   1   0  -1   0   0   0   0  -1   1   1  -1   0    6   7   3   4   2   8  17   3   3   6   6   5   3   3   4   3   8   2   2   6  0.09 0.12
   96 E     0   0   0   1  -1   1   3  -2   0   0   0   0   1  -1  -1   0  -2  -4  -1  -1    7   4   4   7   1   6  24   3   2   5   8   5   4   3   3   6   2   0   2   4  0.18 0.21
   97 R    -1   1   0   0  -5   1   2  -2  -1  -2  -2   3  -1  -5  -1   1   0  -5  -1  -2    5   7   5   5   0   5  16   3   1   2   3  21   2   0   3  10   7   0   2   3  0.30 0.28
   98 S    -1   0   0   0  -3   0   0  -1   1   0  -1   0   1   0   0   0   0   3   1   0    5   5   5   5   0   5   5   5   5   5   5   5   5   5   5   5   5   5   5   5  0.06 0.08
   99 W     0   0   0   0   2   0   0  -1   1   0  -1   0  -2   0   0   0   0   3   1  -1    5   5   5   5   5   5   5   5   5   5   5   5   0   5   5   5   5   5   5   5  0.06 0.08
  100 E     0   1   1   1   1   2   2  -1   0  -1  -1   1  -1  -4   0   0  -1  -4  -3  -1    7   8   6   6   3   9  14   3   3   4   8  10   2   0   4   8   3   0   0   3  0.15 0.17
  101 Q     1   1   0   1  -3   2   1  -1   0  -1  -1   2  -1  -1   1   0   0  -3  -1  -1   11   6   3   7   0   9   8   4   2   4   5  12   2   2   5   6   7   0   2   4  0.10 0.12
  102 K     0   1  -1  -1   0   0   1  -2   1  -1  -2   4   1  -2   1   0   0  -4  -1  -2    9   6   2   4   2   2   7   2   3   3   4  28   4   2   6   5   5   0   3   3  0.27 0.27
  103 L    -1   0   0   0  -1   0   2  -1   0   0   1   0   1  -1  -1  -1  -1  -3  -1   0    5   4   5   5   2   4  20   4   2   4  16   6   4   2   2   5   3   0   2   6  0.10 0.15
  104 E     1  -1   1   1  -1   1   4  -2   0  -1  -3   2  -1  -2  -1   0   0  -5  -4  -2   11   2   5   9   1   5  27   3   2   4   2  11   1   2   3   6   5   0   0   2  0.34 0.31
  105 D    -1   0   0   2   1   0   3  -2   1  -1  -2   0   1   0   0  -1   0  -4   0  -2    5   4   3  11   3   3  24   3   3   3   4   7   4   4   4   5   5   0   3   3  0.20 0.22
  106 M    -1  -2   0   0   2   0   0  -1   2   0  -1   0   1   0   0   0   0   3   1   0    5   0   5   5   5   5   5   5   5   5   5   5   5   5   5   5   5   5   5   5  0.07 0.11
  107 R     0   2   0  -1   0   0   1   0   0  -1  -1   1   0  -1   0  -1   1   2  -1  -1   10  11   5   3   2   4   9   6   2   3   4  10   3   2   4   4   8   3   2   4  0.08 0.11
  108 K    -1   2  -1   0  -5   2   0  -1   2  -2  -2   4  -4  -1  -1  -1  -1   2   0  -2    4  10   2   6   0   8   6   6   4   2   5  25   0   3   3   4   3   3   3   3  0.29 0.27
  109 K    -2   1   1   1  -1   1   2  -2   0  -2  -2   3   1  -1  -1  -2  -1  -5  -1  -2    4   8   6   7   1   6  13   2   2   3   4  22   3   3   3   2   4   0   2   3  0.26 0.25
  110 E    -2  -1  -2   0  -6  -1   6  -3  -5  -3  -3   2  -5  -3  -1  -2  -2   1  -2  -3    4   3   2   4   0   3  51   2   0   2   3  10   0   2   4   2   2   2   2   2  0.96 0.65
  111 K     0   0   0   0  -2   1   0   0   2   0  -1   0   1  -2   1   0   0  -2   1   0    6   6   6   6   0   6   6   6   6   6   6   6   6   0   6   6   6   0   6   6  0.05 0.08
  112 N    -1   0   1  -1   0   1   1  -2   0  -1   0   1   2  -1  -1   1   0   1   0  -1    3   5   9   3   2   7   8   3   2   3  10   9   7   2   3   9   7   2   3   4  0.08 0.13
  113 M     0   1   0  -1   1   0   0  -1   1   0   0   1   0   0   0   1   0  -3   0   0    4   7   6   3   4   4   4   5   3   4   8  10   4   3   4  10   6   0   4   6  0.03 0.05
  114 P     0   0   0   0   2   1   0   0   1   0  -1   0  -1   0   1   0   0  -3  -1   0    6   6   6   6   6   6   6   6   6   6   6   6   0   6   6   6   6   0   0   6  0.04 0.07
  115 W    -1  -1  -1  -1  -1  -1   0  -1   0   0   0   0   1  -1   2  -1   1   7  -1  -1    4   3   3   4   1   2   6   5   2   5   8   5   3   3  10   4  10  15   2   4  0.31 0.25
  116 N    -1  -3   3   0  -3   0   0   0   1   0  -1  -1   1   0   1   1   0  -3   1  -1    4   0  16   4   0   4   4   7   3   5   7   4   3   4   7  10   7   0   5   4  0.13 0.17
  117 V     0   0   0  -1   1   0   0  -1  -2   1   0   0   0  -1   0   0   0   1   0   1    7   6   4   4   4   4   5   5   0   8   9   4   3   3   4   6   6   3   3  12  0.02 0.04
  118 D    -1  -2   1   5  -5  -1   1  -2  -2  -3  -2   0  -4  -3   1   1  -1   0  -2   0    6   2   6  31   0   2  10   2   1   1   4   5   0   1   7  10   3   1   1   6  0.46 0.37
  119 T    -1  -3   2   0  -4  -1   1  -2  -4   1  -2   0   0  -3   0   1   4  -5  -2   0    4   0  12   4   0   2  10   3   0   7   4   5   3   1   4   9  25   0   1   7  0.31 0.32
  120 L     0   0   0  -1  -1  -1   0   0  -1   2   1  -1   2  -1   0   1   0  -4  -3   0    5   4   4   2   1   3   8   6   1  17  12   4   6   3   5  11   4   0   0   5  0.08 0.13
  121 S    -1   0   0  -1   4  -2  -1   1   0  -3  -1  -1  -1  -2   0   4   0  -5  -2  -2    3   5   4   3   8   1   5  10   2   2   5   4   2   2   4  31   5   0   2   3  0.33 0.33
  122 K    -2   1  -1  -1  -5   1   0  -3   4  -1  -1   3   0  -1  -2   0   0   2  -1  -1    3   7   2   4   0   5   6   2  12   4   6  21   2   3   2   7   6   3   2   5  0.29 0.27
  123 D     0  -1  -1   2  -4   0   2  -1  -1  -1  -2   0  -1   1   1   0   0  -4   0   1    6   3   3  12   0   5  16   4   2   4   3   6   1   6   8   5   4   0   3   9  0.13 0.16
  124 G     1   0  -1  -1   0  -1   0   2  -3  -2   0   0   1  -1  -1  -1   0   2  -1   0   11   4   3   2   2   3   5  20   0   2   9   7   3   2   3   3   6   4   2   9  0.12 0.15
  125 F    -1   0   0   0  -4  -2   0  -2   1   0  -1   0   0   3   1  -1   1   4   2  -1    6   5   4   5   0   0   6   2   3   5   7   5   2  16   7   4   9   6   6   3  0.18 0.20
  126 S    -1   0   2   2   0   0   1  -1   1  -2  -2   0  -3  -1   1   2   0  -4  -1  -1    5   5  11  10   2   4  11   3   3   2   3   5   0   2   6  14   6   0   2   5  0.16 0.19
  127 K    -1   0   0   0   2   0   0  -1   2   0  -1   0   2   1   0  -1   0   3   1  -1    5   5   5   5   5   5   5   5   5   5   5   5   5   5   5   5   5   5   5   5  0.08 0.08
  128 S     0  -4  -1   0   1   2   1  -1  -4  -1  -3  -1   0  -1   0   3   3  -5  -1  -1    9   0   3   5   3   8   8   4   0   3   2   3   2   2   5  19  17   0   2   4  0.27 0.30
  129 M     0   0   0   0   0   0   0  -1   1   1   0   0   1   0  -1   0   0  -2   0   0    6   6   3   5   3   5   7   4   4  11   6   5   4   5   3   9   4   0   3   8  0.01 0.05
  130 V     0  -1  -1  -1   1   0   0  -1   0   2   0   0   0   0  -1  -1   0  -3   0   2    7   3   3   3   3   4   5   4   3  18   8   5   3   3   3   4   4   0   3  14  0.06 0.10
  131 N    -1  -1   4   1  -4  -1  -1   0   0  -1  -1   1   0   0  -1   1   0  -4  -1  -2    6   3  23   9   0   3   3   6   2   3   5   7   2   5   3  11   4   0   2   2  0.24 0.25
  132 T     0   0   0   0  -3   1   0   0   1   0  -1   0  -1   0   1   0   0   3  -1   0    6   6   6   6   0   6   6   6   6   6   6   6   0   6   6   6   6   6   0   6  0.06 0.09
  133 K     0   1   1   0  -3   1   0  -1   1  -1  -2   2  -1  -1   0   1  -1  -3   0  -1    7   7   6   5   0   7   5   5   4   5   4  17   2   3   5   9   3   0   3   3  0.11 0.14
  134 P     0   0   0   0   2   0   0  -1   1   0  -1   0   1   0   0   0   0  -2   1   0    5   5   5   5   5   5   5   5   5   5   5   5   5   5   5   5   5   0   5   5  0.03 0.05
  135 E     0   0   0   0  -2   1   0   0  -1   0   0   0   1   0   1   0   0  -2   1   0    6   6   6   6   0   6   6   6   0   6   6   6   6   6   6   6   6   0   6   6  0.03 0.06
  136 K     0   0   1   0  -2   1   0   0   2   0  -1   0   1  -2   1   0   0  -3  -2   0    6   6   6   6   0   6   6   6   6   6   6   6   6   0   6   6   6   0   0   6  0.06 0.08
  137 A     0   0   0   0  -1   1   1  -1   1  -1  -2   1   0  -1   1   0   1   0  -2   0    9   4   4   6   1   6   8   4   5   2   3  11   2   2   8   6   8   2   0  10  0.09 0.13
  138 E    -1  -1   2   1  -4   1   3  -1   0  -2  -2   1  -1  -2   1  -1   0  -4  -1  -1    6   3   8   6   0   5  23   5   3   2   3   8   1   2   8   5   5   0   3   4  0.23 0.24
  139 E     0   0   0   1  -3   1   1  -1   2   0  -2   1   0   0   1   0   0  -3  -1   0    6   3   4   9   0   6  11   4   5   5   3   8   3   4   7   7   5   0   2   8  0.09 0.12
  140 D     0  -1   0   3  -4   0   2   0   1  -1  -1   0   0  -1   0   0   0   1  -1  -2    6   2   5  17   0   4  13   6   3   3   5   6   3   3   5   6   7   2   2   2  0.15 0.16
  141 S     0  -1   0   0   1   1   1  -1  -2  -1  -1   0   0  -1   2   1   1   2   0  -1    7   3   5   5   3   8   8   4   0   4   4   5   3   3  10  11   9   3   3   4  0.10 0.13
  142 E     0   0   1   0  -3   1   0   0   2  -2  -1   0   1  -2   1   0   0  -2   1   0    6   6   6   6   0   6   6   6   6   0   6   6   6   0   6   6   6   0   6   6  0.07 0.10
  143 E    -1   0   0   2  -3   0   2  -1   1  -1  -1   1   0  -1   0   0   0  -3   0  -1    5   4   4  14   0   4  13   3   4   5   4  10   3   3   3   6   6   0   3   4  0.12 0.14
  144 A     0  -1   0   1   2   1   2  -1   1  -1  -2   0   0  -1   0   1   0  -3   0   0    6   3   4   8   4   5  15   5   4   3   4   4   3   3   4  10   5   0   3   6  0.09 0.12
  145 R     0   0   0   1  -3   1   1  -1   1  -1  -1   1   0  -1   1   0   0   1  -1  -1    6   4   4   9   0   6  11   4   4   5   6  10   3   3   8   5   6   2   2   3  0.09 0.11
  146 E     0  -1   0   0  -4   0   3  -1   0  -2  -1   1   1   0  -1   0   0   1  -1  -1    7   3   4   5   0   2  24   5   3   2   5   8   4   4   3   6   6   2   2   5  0.16 0.19
  147 Q    -1   0   0   2   0   2   2  -1   1  -1  -1   1   1  -1   0   0   0  -4  -3  -1    5   4   5  12   2  10  14   4   3   4   5  11   4   3   3   5   5   0   0   3  0.15 0.17
  148 K     0   1   0   2  -3   0   1  -1   1  -1  -1   2  -2  -1   0   0   0  -3   0  -1    6   9   3  12   0   3   8   5   3   5   5  15   0   2   5   4   5   0   3   5  0.12 0.14
  149 H     0   0   0   0   2   0   0  -1   1   0  -1   0   1   0   0   0   0  -2   1   0    5   5   5   5   5   5   5   5   5   5   5   5   5   5   5   5   5   0   5   5  0.03 0.05
  150 K     0   0  -1   2  -1   1   2  -2   0  -1  -1   3   0  -4  -1   1   0   0  -1  -1    6   4   2  10   1   6  12   2   2   3   5  18   2   0   2   9   7   2   2   4  0.18 0.22
  151 T     0   0   0   2  -3   0   1  -1   0  -1  -1   0   0  -1   0   0   1   1  -1  -1   10   5   4  12   0   4  10   4   2   3   6   7   3   2   5   7   8   3   2   4  0.09 0.11
  152 F    -1  -1   0   0  -4   0   1  -2   2   0   0  -1   1   4  -1   0  -1   2   2  -1    4   2   4   6   0   4  10   3   4   5   8   3   3  22   3   6   3   2   6   3  0.22 0.23
  153 V     0   0   0   0   2   0   0  -1   1   0  -1   0   1   0   0   0   0  -2   1   0    5   5   5   5   5   5   5   5   5   5   5   5   5   5   5   5   5   0   5   5  0.03 0.05
  154 E    -1   0  -1   1  -5   2   3  -2  -4   0  -2   2  -4  -5   0  -1   0  -5  -4  -1    5   4   3   8   0  11  21   3   0   5   5  14   0   0   6   5   5   0   0   4  0.34 0.29
  155 K    -1   0  -1   1   0   0   1  -1   0  -2  -2   3   0  -2  -1  -1   1   1   1  -2    5   4   2   8   2   3  11   4   2   2   5  24   2   2   4   4   7   2   4   3  0.21 0.21
  156 Y    -1  -2   4  -1   0  -3  -1  -3   5  -1  -1  -1   1   1  -1  -1  -1   1   4  -1    4   2  17   4   2   0   4   2  12   3   7   3   4   5   3   5   4   2  13   4  0.38 0.30
  157 E    -1   0   0   0  -4   1   3   0   1  -1  -2   1   0  -1   0   0  -1   2  -3  -1    5   6   5   5   0   5  24   7   3   3   4   7   3   3   4   8   3   3   0   3  0.19 0.21
  158 K     0   0   1   0   2   1   0   0   2  -2  -1   0   1  -2   1   0   0  -3   1  -1    6   6   6   6   6   6   6   6   6   0   6   6   6   0   6   6   6   0   6   6  0.07 0.11
  159 Q    -1   0   0   0  -3   1   1  -1   1  -1   0   1   1   0   0   0   0  -3  -2   0    5   3   6   6   0   7  13   4   5   4  11  11   4   5   3   4   4   0   0   6  0.07 0.11
  160 I     0  -1   0  -1   1  -1  -1  -1  -2   1   1  -1   1   0   1   0   0  -3   0   0    9   4   5   3   3   3   5   3   0  13  20   3   4   3   6   5   4   0   3   4  0.06 0.09
  161 K     0   0   0   0   1   1   2   0   1  -1  -1   2  -2   1  -3   0   0  -3  -2  -1    7   4   4   5   3   6  13   6   4   3   5  18   0   8   0   6   4   0   0   4  0.14 0.18
  162 H     1  -1   0   0  -4   1   2  -2   3  -1  -2   2   0   0   0  -1  -1   2   0  -2   12   2   3   6   0   5  14   2   9   4   3  12   3   4   4   4   3   4   2   2  0.19 0.21
  163 F    -1   1   1  -3  -4   0   0  -4  -3   0   0   0   1   3   1   0  -1   2   2   0    5   7   9   0   0   4   5   0   0   5   8   5   4  14   7   9   4   3   7   6  0.18 0.20
  164 G     0   0   0   0   2   0   0  -1  -2   0  -1   0   1   0   0   0   0   3   1   0    5   5   5   5   5   5   5   5   0   5   5   5   5   5   5   5   5   5   5   5  0.05 0.08
  165 M     0   0   0   0  -2   1   0   0   1   0   0   0   1   0   1   0   0  -3  -1   0    6   6   6   6   0   6   6   6   6   6   6   6   6   6   6   6   6   0   0   6  0.04 0.07
  166 L     0   0   0   0   2   0   0   0   1   0  -1   0   1   0  -2   0   0  -2   1   0    6   6   5   6   5   5   6   6   5   6   6   6   5   5   0   6   6   0   5   6  0.03 0.07
  167 H     0   0   0   0   2   0   0   0   1   0  -1   0  -1   0   1   0   0  -2   1   0    6   6   5   6   5   5   6   6   5   6   6   6   0   5   6   6   6   0   5   6  0.03 0.06
  168 R     0   1   2   3   0   0   1   0   1  -4  -4   2  -4  -5  -1   0   1  -5  -4  -4    6   9   9  18   3   3   9   7   4   0   1  11   0   0   3   7  10   0   0   0  0.35 0.28
  169 W    -1   0   0   0   2   0   0  -1   2   0  -1  -2   1   0   0   0   0   3   1   0    5   5   5   5   5   5   5   5   5   5   5   0   5   5   5   5   5   5   5   5  0.07 0.11
  170 D     0   1   1   3  -4   1   2  -3   0  -1  -2   0  -3  -3  -1   0  -1  -4   0  -1    9   9   7  16   0   8  16   0   2   4   2   5   0   0   3   7   3   0   4   4  0.24 0.22
  171 D     1   1  -1   4  -4   1   1  -2  -2  -2  -2   1  -3  -2  -1   0  -1  -4   0  -2   12   8   2  25   0   6   9   3   0   2   4  10   0   2   2   5   3   0   3   3  0.29 0.26
  172 S     1  -1   0   0   2  -3  -2  -1  -1  -1   0  -2   1  -4  -3   4   1  -4  -1  -1   10   2   3   4   5   0   2   4   2   3   8   2   4   0   0  36   8   0   2   4  0.35 0.35
  173 Q    -1   1   0  -1  -4   2   3  -2   3  -1  -1   2  -1  -1  -3  -1  -1   0   1  -1    4   6   3   2   0  12  20   3   7   3   6  12   2   3   0   4   2   1   6   3  0.24 0.25
  174 K     0   2   0   1   0   2   2  -2  -1  -2  -1   3  -1  -4  -2  -1  -1  -4  -2  -3    9  12   5   9   2   9  13   3   1   2   5  19   2   0   1   3   2   0   1   1  0.28 0.26
  175 Y    -3  -4  -2  -5   0  -2  -1  -5   0   0   0  -2   1   7  -5  -4  -2  -3   4  -2    2   0   2   0   2   2   4   0   2   5   7   3   3  46   0   0   2   0  16   2  1.11 0.58
  176 L    -4  -5  -3  -2  -2  -2  -2  -3  -5   3   5  -5   1   0  -5  -3  -4  -4  -4   0    0   0   1   2   1   2   2   3   0  16  59   0   2   3   0   2   0   0   0   6  0.92 0.52
  177 S     0   1  -1   0  -3   1   1  -1   0  -1   1   1   0  -3   1   1   0  -4  -2  -2    7   7   1   5   0   6  10   4   2   3  14   9   3   0   6  16   4   0   1   1  0.12 0.16
  178 D    -1   1   1   3  -4   1   3  -1   0  -2  -2   1  -1   0  -3   0  -1   2  -3  -3    4   7   5  18   0   5  22   4   2   3   2  10   1   4   0   5   3   3   0   0  0.33 0.26
  179 N    -4  -1   4   1  -5   0  -2  -2   7  -4  -1  -1   0  -2  -4   0  -2  -4   1  -4    0   2  25   7   0   4   2   3  31   0   6   4   3   2   0   5   2   0   4   0  0.89 0.52
  180 V    -2  -2   0  -2  -4   1  -2   0  -1  -1  -1  -1   0  -2   6  -1   0   0  -4  -1    2   2   4   2   0   6   2   6   2   3   5   4   3   2  41   4   5   2   0   5  0.70 0.41
  181 H    -1  -1   0   2  -3   0   2  -1   2  -2  -1   0  -2  -1   1   0  -1   2   1   0    5   3   4  13   0   4  14   3   7   0   7   6   0   3   6   6   3   3   5   7  0.13 0.14
  182 L    -1  -3  -1  -1   2  -3  -1  -4   1   2   3  -3   1   0   0  -3   0  -3  -2   1    5   0   4   4   5   0   5   1   4  16  31   0   4   4   5   1   4   0   0   7  0.27 0.23
  183 V     0  -1  -3  -3   2  -1   0  -2  -2   2   1  -2   1   0  -3  -1   1  -3   0   2    7   3   0   0   5   3   7   3   0  14  14   0   4   4   0   3   8   0   4  21  0.15 0.16
  184 C     0  -1   0  -1   5   0  -1   0   2  -3  -2  -1  -1  -3   0   2   2  -4  -3  -2    8   2   5   3  13   4   4   5   6   0   3   3   2   0   4  19  15   0   0   3  0.28 0.25
  185 E    -1   0  -2   1  -4   2   4  -1   2  -1  -3   1  -3  -4   0   0   0  -4  -3  -1    5   4   0   8   0  10  33   6   5   4   1   6   0   0   5   4   4   0   0   4  0.39 0.29
  186 E    -1   0   1   1  -3   1   2   0   2  -1  -2   0   0   0   1   0  -2  -3   0  -3    4   6   5   9   0   7  20   8   6   4   4   4   3   4   7   7   0   0   3   0  0.18 0.17
  187 T     2  -2  -1  -2   0   0  -1   0   1  -2  -3  -2  -1  -2  -4   0   4  -4   0  -1   21   2   2   1   2   4   4   8   3   1   1   2   2   2   0   6  31   0   4   4  0.43 0.36
  188 A     3  -2  -2  -1   1   0  -1  -1  -1  -1  -1   0   0   1  -1   2   1   0  -1  -1   25   0   1   2   3   4   4   3   1   2   5   7   2   7   3  14   9   1   2   4  0.17 0.20
  189 N    -2   0   4   3  -1   0   1  -1   2  -2  -3   0  -1  -4  -3   0  -1  -5  -2  -1    2   5  21  21   2   3  11   5   5   2   3   6   2   0   0   7   2   0   2   4  0.41 0.29
  190 Y    -1  -1  -3  -2   2   0   1  -1   1  -1  -1  -1   0   2  -1  -1  -1   3   5   0    5   2   0   2   4   3   9   4   2   2   4   3   2  10   3   5   4   4  26   6  0.35 0.27
  191 L    -1   0  -3  -4  -3  -2  -3  -4  -3   1   3   0   3   2  -3  -1  -2  -2   1   0    6   7   0   0   0   0   0   1   0   7  40   6   8   8   0   5   0   0   5   5  0.35 0.23
  192 V     0   0   0  -2   2  -1  -2   0  -2   0   0   0   1   1   1   0   0  -2   1   0    7   7   7   0   6   0   0   7   0   7   7   7   6   6   7   7   7   0   6   7  0.05 0.10
  193 I     0  -1   0  -2  -2   0   0  -2  -3   2   2   0   1  -1  -3  -1  -1   2  -2   1    6   3   6   2   0   4   5   2   0  18  21   6   5   2   0   5   3   3   0   9  0.13 0.15
  194 W    -1  -1  -1  -2  -4   1   1  -4   1  -2  -2  -1   1  -1  -1  -2   0   9   1  -2    6   3   3   2   0   7  12   0   4   2   4   3   5   2   3   2   7  29   4   3  0.77 0.43
  195 C     1  -2  -2  -3   7   0  -2  -1  -2  -1  -1   0   1  -2   0   0   0  -3   0  -1   16   0   0   0  28   6   0   4   0   4   4   6   4   0   4   6   6   0   5   4  0.41 0.27
  196 I    -1  -2  -2  -2  -2   0   0  -3  -2   1   1   0   1   3   0  -1   0  -2   1   1    4   0   0   0   0   4   8   1   0  12  16   6   4  16   6   4   4   0   5   8  0.12 0.13
  197 D    -1   1   3   3  -1   0   2  -2   2  -1  -2   0   0  -1  -3  -1  -1  -4  -1  -2    4   8  17  18   1   4  12   2   5   3   4   6   3   2   0   3   3   0   2   2  0.28 0.24
  198 L     1  -2  -3  -1  -1  -1   0  -3   1   0   3  -1   1   0  -3   0  -1   0   0   0   14   2   0   3   1   3   6   1   4   4  35   3   3   4   0   6   4   1   4   5  0.22 0.23
  199 E     1  -1  -2  -1   1   3   3  -1   1  -1  -1  -1  -3  -4  -1   1  -1  -4  -1  -2   14   3   0   2   3  18  23   3   3   3   5   3   0   0   2  10   3   0   2   2  0.32 0.30
  200 V    -1  -1   1  -1   0  -1  -1  -3   0   1   1  -1   4   1  -1  -1  -1  -3   1   0    5   3   7   3   2   2   2   0   2  10  16   5  16   6   3   3   3   0   4   7  0.14 0.17
  201 E     0   0   1   2  -4   1   3  -1   2  -3  -2   1   0  -4  -3  -1  -1  -4  -3   0    7   4   7  13   0   7  24   4   5   0   3   9   3   0   0   4   3   0   0   8  0.29 0.26
  202 E     0   0   1   0   2   1   0   0   2  -2  -1   0   1   0   1   0   0  -3  -2  -2    6   6   6   6   6   6   6   6   6   0   6   6   6   6   6   6   6   0   0   0  0.08 0.12
  203 K    -1   1   1   0  -3   1   0   0   2  -1   0   0   1   1  -2   0   0  -2   1   0    0   7   7   7   0   7   7   7   6   0   7   7   6   6   0   7   7   0   6   7  0.07 0.12
  204 C    -2   1   2   1   2  -1   0  -2   4  -1  -3  -1   1   0   0  -1   0   3   0  -2    3   7   9   8   4   3   7   4  11   4   3   5   3   5   5   5   5   3   4   3  0.23 0.16
  205 A     1   0  -1   2  -3   0   2  -1  -2  -1  -2   1   0  -1  -1   0  -1  -4  -3  -1   14   4   3  12   0   4  17   3   0   4   4  11   3   3   3   7   4   0   0   5  0.17 0.19
  206 L     0   0   1   0   2   1   0   0   2  -2  -1   0   1   0  -2   0   0  -2   1   0    6   6   6   6   6   6   6   6   6   0   6   6   6   6   0   6   6   0   6   6  0.05 0.10
  207 M     3  -2  -5  -5   1  -4  -2  -5  -4  -1   1  -2   7   0  -2  -1   0  -5  -1   0   22   2   0   0   3   0   3   0   0   2  11   2  31   4   2   5   5   0   2   5  0.78 0.51
  208 E    -1   2   0   1   1   1   2  -2   1  -2  -1   3   0  -2   0  -1  -1   0  -1  -2    5  12   3   9   4   5  13   2   3   2   5  18   2   1   5   3   3   1   2   2  0.21 0.19
  209 Q    -2   3   1   0  -5   4  -1  -2   4  -2  -2   0   0  -4  -4  -1  -1   3  -1  -1    3  14   7   5   0  23   3   3  11   2   4   5   2   0   0   5   3   4   2   4  0.47 0.36
  210 V    -1  -4  -1  -4   5  -2  -4  -3   0   2   0  -4   2  -1  -4  -1   0   1   3   3    5   0   4   0  13   2   0   2   2  10   6   0   5   2   0   5   5   2   9  24  0.48 0.33
  211 A     0  -2   1  -1   3   1  -1   1  -2   1   0  -1  -1  -2  -2   1   1  -3  -2   1   10   0   9   0   9   9   1  10   0  10  10   1   0   0   0  10  10   0   0  10  0.09 0.09
  212 H    -1   2   2   0  -3   1   0  -1   5  -2  -3   2  -2   0  -3   0  -1  -3   0  -2    3  10   9   4   0   5   6   3  22   3   1  13   0   4   0   7   3   0   3   3  0.32 0.22
  213 Q    -1   0   1   0   1   5  -1  -3   1  -3  -2   1  -2  -4  -1   0   0  -4  -3  -1    3   4   8   3   3  38   0   1   3   0   3  10   0   0   3   7   5   0   0   6  0.46 0.32
  214 T     2  -1  -2  -2   3   0  -2   1  -1  -1  -1  -1  -1   1   0   1   1  -2   0   0   19   3   0   0   8   5   0   9   1   2   7   3   0   6   4  12  10   0   4   5  0.12 0.16
  215 M    -1  -2  -2  -3  -2   0  -1  -3   1   2   1  -1   2   1  -3  -1   0   3   1   1    5   0   0   0   0   5   4   1   4  15  15   4   8   5   0   5   5   4   6  12  0.15 0.16
  216 V     0   0   0  -2   2   0  -2  -3   1   1   1   0   1   0  -2   0   0  -2   0   1    6   3   5   0   5   3   0   0   4  12  14   8   4   4   0   5   8   0   3  11  0.05 0.11
  217 M     0  -1  -1  -1  -2  -1  -2  -3   0   2   2  -1   2   0  -1   0   0  -3  -2   1    6   3   3   3   0   3   1   1   2  19  21   4   8   3   3   6   4   0   0   7  0.12 0.18
  218 Q     0   1   0  -1   0   3   0   0   2  -2  -2   0  -2  -3  -2   2   0  -3   0  -1    7   6   4   3   2  20   6   7   5   2   2   5   0   0   0  16   4   0   4   3  0.17 0.23
  219 F     0   0   1  -2   2   1  -2  -3   2  -1   0  -1   2   1  -3   0   0   4   2   0    7   7   7   0   7   7   0   0   7   0   7   0   7   7   0   7   7   7   7   7  0.16 0.18
  220 I    -2  -5  -2  -5   6  -5  -5  -3  -5   5   2  -5   0  -1  -1  -3  -3  -4  -1   1    2   0   2   0  15   0   0   3   0  39  18   0   2   1   3   2   0   0   2   9  0.85 0.48
  221 L     0   1  -2  -2   0  -1  -1  -2   1   1   3  -1   1  -1  -2  -1  -1  -3  -1   1    7   9   1   2   2   2   3   2   5   6  38   3   2   1   2   3   3   0   1   8  0.22 0.23
  222 E    -1   1  -1   3  -1   3   4  -1   0  -3  -3   1  -2  -4  -2  -1  -2  -4  -2  -2    4   7   2  14   1  13  31   5   2   1   3   6   1   0   2   2   2   0   1   3  0.48 0.36
  223 L    -1  -2  -1  -4   0  -1  -3  -2  -4   1   4  -2   3   0  -4  -2  -2  -4  -1   0    4   2   3   0   2   2   2   3   0   6  49   2   9   3   0   3   1   0   2   5  0.55 0.38
  224 A     4  -3  -3  -3   1  -1  -2   2   1   0  -2  -2   0  -1  -3   1  -1  -4   0  -1   40   0   0   0   3   2   2  15   3   5   3   2   3   2   0  11   2   0   4   3  0.42 0.37
  225 K    -1   2   2   0  -4   2   1  -1   0  -4  -3   4  -3  -4  -1   0   0   0  -1  -2    3   9  11   4   0  10   7   5   2   0   2  27   0   0   3   7   4   2   2   2  0.34 0.29
  226 S     0  -1   2   0  -3   1   0   0   1  -1  -1   0   0  -1   0   2   1  -3   0  -2    9   3  12   4   0   5   4   5   3   4   4   4   4   3   4  17  10   0   3   0  0.13 0.17
  227 L     0   0   0  -2   2   1   0   0   2   0   0   0   1   0  -2   0   0  -3  -1   0    6   6   6   0   6   6   6   6   6   6   6   6   6   6   0   6   6   0   0   6  0.04 0.10
  228 K     0   1   1   1  -2   1   0   0   2   0  -1   0  -1   0   1   0   0  -3  -1  -1    7   7   7   7   0   7   7   7   6   7   7   7   0   6   7   7   7   0   0   0  0.07 0.09
  229 V     1   1   0  -1   0   0   0  -1   0   0  -1   0   0   0  -2   0   0  -2   1   1   14  10   3   3   2   5   6   4   2   7   5   5   1   3   1   5   6   0   5  13  0.04 0.07
  230 D    -1   0   1   4   0  -2   1  -1   2  -2  -2   0  -3  -1   2  -1   1  -3  -3  -2    3   6   6  25   2   1   7   5   6   3   3   4   0   3  11   3   9   0   0   3  0.31 0.23
  231 P     0  -1   0  -3  -4  -1  -2  -2  -3  -3  -2  -1   0  -4   6  -1   1  -4  -4  -2    8   3   6   1   0   3   2   3   0   1   5   4   3   1  45   5   8   0   0   3  0.89 0.45
  232 R    -1   4   0  -2  -1   0   0  -1   1   0  -1   1   0  -2  -1  -1   0  -3  -1  -1    3  28   5   1   2   3   7   4   3   8   6   8   2   1   3   3   6   0   3   4  0.23 0.19
  233 A     1  -1   1   3  -3   0   1   0   0  -1  -3  -1   0  -2  -1   0   1  -3  -1  -1   11   2   7  20   0   5   9   8   2   3   1   3   2   2   3   7   8   0   2   5  0.19 0.17
  234 C    -1  -4  -2  -1   7   0  -1   2  -4   0  -1  -3   0  -1  -2  -1  -1  -4  -1   1    5   0   2   4  24   4   3  19   0   6   5   0   3   2   2   3   4   0   3  10  0.48 0.32
  235 F    -1  -4  -4  -4  -3  -1  -4  -5   1   4   0  -4  -2   2  -1  -1   0  -4   1   4    4   0   0   0   0   3   0   0   3  24   8   0   0  10   4   4   5   0   5  28  0.52 0.35
  236 R    -1   3   2   1  -4   1   0  -1   0  -2  -2   1  -1  -2   2   0   0   0  -3  -2    5  16  11   7   0   5   6   4   2   2   2  10   1   2   9   6   7   1   0   3  0.21 0.19
  237 Q     0   1  -1  -2  -3   3   0  -2  -1  -1   0   0   2  -3   2   0   0  -3  -2  -1    8   7   3   1   0  16   6   2   1   3  13   6   6   0  10   9   5   0   1   3  0.18 0.19
  238 F    -2  -3  -5  -5   0  -5  -5  -5   0  -2  -1  -5  -3   8  -5  -1  -4   0   0  -1    4   2   0   0   2   0   1   1   2   2   5   0   0  68   0   4   0   1   2   4  1.63 0.68
  239 F    -1  -4  -4  -1   1  -4  -1  -4  -3   0   0  -4  -2   7  -4  -1  -3  -2   2  -1    5   1   0   4   4   0   6   1   0   4   9   1   0  51   1   4   1   0   5   5  0.92 0.44
  240 T     0   0   0   0  -2   1   0  -1   1  -1  -1   2  -1  -1  -2   1   1  -3   0  -1    7   5   5   4   0   5   4   4   4   4   6  16   0   3   0  11  13   0   3   4  0.10 0.13
  241 K     0   0   1   0   2   1   0   0   2   0  -1   0   1  -2   1   0  -2   3  -2  -2    6   6   6   6   6   6   6   6   6   6   6   6   6   0   6   6   0   6   0   0  0.11 0.15
  242 I     0   1  -1   0  -2  -1  -1  -2  -1   0   0   0   1   1  -2   0   0  -2   1   0    8   8   0   8   0   0   0   1   0   8   8   8   7   7   0   8   8   0   7   8  0.02 0.10
  243 K     0   0   0   0  -2   1   0   0   2   0  -1   0   1  -2   1   0   0  -2   1   0    6   6   6   6   0   6   6   6   6   6   6   6   6   0   6   6   6   0   6   6  0.05 0.08
  244 T     0   0   1   0   3   0   1  -1   1   0   0   1   1  -3  -3   0   1  -4  -3   0    6   4   6   5   6   5  10   4   4   5   8  11   4   0   0   6  11   0   0   5  0.12 0.16
  245 A    -1   0   0   0   2   0   0  -1   2   0  -2   0   1   0   0   0   0   3   1  -1    5   5   5   5   5   5   5   5   5   5   0   5   5   5   5   5   5   5   5   5  0.08 0.13
  246 D    -1   0   0   0  -3   0   0  -1   1   0  -1   0   1   0   0   0   0   3   1   0    5   5   5   5   0   5   5   5   5   5   5   5   5   5   5   5   5   5   5   5  0.06 0.08
  247 H    -1   0   0   1   1   0   1  -1   3  -3  -1   0  -3  -1   2   0  -1  -4   0  -1    5   5   4   7   3   5  10   5   9   0   8   6   0   3  13   6   4   0   3   4  0.17 0.18
  248 Q    -1   1   0   0   0   3   2   0   0  -3  -2   1   0  -3   1  -1  -1  -4  -1  -1    3   7   3   4   2  16  16   9   2   0   4   7   3   0   7   4   3   0   3   5  0.22 0.23
  249 Y     2  -1  -2  -2  -1  -3  -2  -2   1  -4  -2  -2  -1   2  -2  -1  -2  -2   7  -2   15   4   2   2   2   0   3   4   3   0   3   3   2   9   2   3   3   0  37   3  0.74 0.50
  250 M    -1   1   0  -1   1   1   0  -1   1  -1   0   1   1   1  -3   0  -1  -2   1  -1    4   8   4   3   3   8   4   4   4   4   9  12   6   7   0   8   3   0   4   4  0.07 0.11
  251 E     0   1   0   1  -4   2   2  -1   2  -1  -3   2   0  -4   0   0   0  -4  -3  -1    7   7   5   8   0   9  17   4   5   3   0  12   3   0   4   5   5   0   0   5  0.22 0.21
  252 G     2  -1   0   1   0   0   0   1  -1  -1   0  -2   2  -2  -2  -1  -1  -4  -2   0   22   3   4   7   2   4   8  12   1   2   8   1   7   1   1   4   3   0   1   9  0.13 0.17
  253 F    -3  -6  -6  -6  -5  -6  -6  -6  -1  -2  -2  -6   0   8  -6  -2  -1   2   3  -1    2   0   0   0   0   0   0   0   2   2   3   0   2  63   0   3   4   3  10   4  1.81 0.80
  254 K     0   0   1   2  -3   1   2  -1   1  -2  -1   0   1  -1   0   0   0   1   0  -2    6   6   6  11   0   7  14   3   3   2   8   6   4   3   4   4   5   2   3   2  0.11 0.12
  255 Y    -1   0   1   4  -1   1   1  -2   0  -2  -2   2  -3  -4  -1   0   0   1   1  -3    4   5   7  23   2   5   9   2   2   2   4  14   0   0   3   6   6   2   5   0  0.31 0.27
  256 E     0  -3  -1   3  -5   1   4  -1   0   0  -4   0  -1   0  -4  -2  -1  -5  -1  -2    7   0   2  17   0   4  35   4   2   5   0   4   2   4   0   2   4   0   2   3  0.53 0.41
  257 L    -2   0  -2  -2   2   1   0  -1   2   0   0   0   1   1   1  -2   0   4   1   0    0   6   0   0   6   6   6   6   6   6   6   6   6   6   6   0   6   6   6   6  0.12 0.16
  258 E     1   0   1   1  -3   1   2  -1   4  -1  -1   1   1  -3  -3   0  -1  -3  -1  -1   11   4   8   8   0   6  15   3  11   4   5   7   5   0   0   6   3   0   2   3  0.19 0.20
  259 A     1   1   0   2  -3   1   1  -1   0  -1  -2   0   0   0   0   1   0  -3  -1  -1   14   7   4  12   0   5   7   5   3   2   2   6   4   5   4  11   4   0   2   2  0.11 0.13
  260 F    -3  -2  -1  -2   0  -2  -4  -2  -3  -1   1  -2   1   5  -4  -1   2   2   2  -1    0   2   3   3   2   2   0   3   0   3  13   3   4  32   0   3  16   3   5   3  0.52 0.39
  261 K    -2   2  -2  -2   0   0   0  -1   0   1  -2   3   0   1  -1  -2  -2   0   4   0    2  10   2   1   2   4   5   5   2  11   2  18   2   6   2   1   2   1  15   6  0.25 0.25
  262 E    -1  -1   2   1  -4   2   3  -1   2  -1  -2   0   0  -1  -3   0  -1   1  -1  -2    4   3  10   8   0   9  22   3   6   3   4   6   2   2   0   8   3   2   2   2  0.24 0.21
  263 R    -3   6   1  -1   0  -1  -1  -2   3  -1  -2   1   0  -4  -4  -2   0   1  -1  -2    0  42   6   4   2   2   2   2   7   3   3   9   2   0   0   2   5   2   2   2  0.68 0.41
  264 V    -1  -4  -4  -1   1  -4  -4  -5  -4   5   1  -4   1  -3  -1  -2  -3  -4   0   3    4   0   0   4   3   0   0   0   0  36  13   0   3   0   4   4   0   0   4  22  0.69 0.39
  265 R    -1   4  -1  -1  -4   2   1  -4   1  -1  -3   3  -1  -4  -3   0  -1   0  -1  -2    5  22   2   3   0  11   7   0   3   4   2  22   2   0   0   7   4   2   2   3  0.41 0.31
  266 G     0   1   1   1  -3   1   1   0   0  -2  -2   2  -1  -3  -2   1   1  -3  -1  -1    5   7   8   9   0   4   9   8   2   2   3  15   2   0   0   9   8   0   3   5  0.15 0.15
  267 R    -1   6  -2  -4   3   0  -3  -4   0  -1  -2   0  -1   0  -1  -2  -2   1   0  -1    4  48   2   0   8   5   0   0   3   3   3   4   1   3   3   2   2   2   3   4  0.82 0.49
  268 A     3   0  -3  -3   3  -2  -1  -1  -3   0  -1   0   1  -4  -3   1   1  -4  -3   0   33   5   0   0   7   0   4   5   0   4   4   7   4   0   0   9  10   0   0   7  0.32 0.28
  269 K     0   1   0  -1  -3   1   1  -1   1  -1  -1   2   0   0  -3  -1   0   2   1   0    9   6   3   3   0   7  11   3   3   4   4  16   3   4   0   1   4   3   7   9  0.12 0.14
  270 L     0   0   0   0   2   0   0  -1   1   0  -1   0   1   0   0   0   0  -2   1   0    5   5   5   5   5   5   5   5   5   5   5   5   5   5   5   5   5   0   5   5  0.03 0.05
  271 R    -1   2   0   0  -4   1   0  -2   0   0  -1   3   0   0   0  -1  -2  -3  -1  -1    4  14   4   4   0   7   7   2   3   8   7  19   3   4   5   5   0   0   2   2  0.17 0.20
  272 I     1   1   1  -2   1   0   0  -1   0   1   0   0   1  -3  -1   0   0  -3  -3   0   14   8   7   0   3   2   5   4   2  13   7   7   4   0   3   7   6   0   0   5  0.06 0.14
  273 E     0   0   0   0   2   0   0  -1  -2   0  -1   0   1   0   0   0   0   3   1   0    5   5   5   5   5   5   5   5   0   5   5   5   5   5   5   5   5   5   5   5  0.05 0.08
  274 K     0   0   0   0   2   1   0   0   1   0  -1   0   1  -2   1   0   0  -3   1   0    6   6   5   6   5   5   6   6   5   6   6   6   5   0   6   6   6   0   5   6  0.04 0.08
  275 A     2   0   0  -1  -3   0   0  -1  -2  -1   0   0   0   0   0   0   0   2   0  -1   24   6   4   4   0   4   6   4   0   3  10   5   3   3   4   4   4   3   3   4  0.09 0.15
  276 M     0   0   0   0   1   1   0   0   1   0  -1   1   3   0   0   0   0  -3   0   0    8   5   4   5   3   5   7   6   4   5   6   8  12   4   4   5   4   0   3   5  0.05 0.10
  277 K     0   0   0   0  -2   1   0   0   2   0  -1   0   1  -2   1   0   0  -2   1   0    6   6   6   6   0   6   6   6   6   6   6   6   6   0   6   6   6   0   6   6  0.05 0.08
  278 E    -1  -1   0   1  -4   2   4  -1  -3  -1  -2   0   0   1   0   0  -1  -4  -3  -2    5   3   4   6   0  10  29   5   0   4   3   5   3   6   4   6   4   0   0   3  0.29 0.29
  279 Y     0   0   0   0   0   1   0   0   0  -1  -1   0   2   0   1   0   0  -2   1  -1    9   4   4   4   2   8   7   8   2   3   5   5   8   4   6   4   7   0   6   4  0.05 0.10
  280 E     0   0   0   0   1   1   3  -1   1  -1  -2   0  -2  -3   1   0   0  -3   0  -1    6   3   5   4   3   7  26   5   3   3   3   5   0   0   6   5   6   0   5   4  0.20 0.22
  281 E     0   0   0   2  -3   0   2   0   0  -1  -1   1   0  -3   1   0   0  -3   0   0    6   4   4  10   0   4  18   6   3   5   4   9   3   0   6   5   4   0   3   6  0.13 0.14
  282 E     0   0   0   0  -3   1   0   0   2   0  -1   0   1  -2   1   0   0   3  -2   0    6   6   6   6   0   6   6   6   6   6   6   6   6   0   6   6   6   6   0   6  0.08 0.11
  283 E     0   0   0   0   1   1   2  -1  -2   0  -2   0   0  -1   2   0   0  -3  -1   0    6   5   4   5   3   7  15   5   0   6   3   5   2   2  10   5   6   0   2   9  0.11 0.14
  284 R     0   0   0   0   2   0   0  -1   1   0  -1   0   1   0   0   0   0   3  -2   0    5   5   5   5   5   5   5   5   5   5   5   5   5   5   5   5   5   5   0   5  0.05 0.09
  285 K     0   0   1   0  -3   2   1  -1   1   0   0   1   0  -3  -3   0   0   2  -2   0    6   5   6   5   0  14  11   3   4   5   8   9   3   0   0   6   5   3   0   7  0.12 0.16
  286 K     0   0   1   1   0   1   1  -1   1   0  -1   1  -2  -3   0   1   0  -3   0  -1    8   4   7   6   3   8  12   4   3   6   5   9   0   0   4   9   4   0   3   4  0.09 0.11
  287 R     0   3   0  -1  -1   2   0  -2   1  -2  -1   0  -2  -1   0   1   1   0  -3  -2    8  21   5   2   1  11   4   2   4   3   7   3   0   2   4   9   8   2   0   3  0.20 0.23
  288 L    -1  -1   1   1   1   0   0  -1  -2   1   1   0   1   0   1   0   0  -3  -2   0    4   3   7   8   3   4   5   5   0   9  16   5   3   3   6   8   3   0   0   6  0.04 0.08
  289 G    -1   0   0   1   1   0   0   2   0  -1  -1  -1   0  -3   1   0   0  -3   0  -1    4   6   5  11   3   4   4  16   3   3   4   3   4   0   9   6   6   0   4   5  0.11 0.13
  290 P    -1  -1   0  -1   1   0   0  -1   1  -1   0  -1  -3  -1   4   0   0  -4   0  -1    4   3   4   3   3   4   5   4   4   4   9   3   0   3  26   8   6   0   3   5  0.30 0.26
  291 G     0   0   0   1   3   0   1   2   1  -3  -2  -1  -3  -1  -1   0   0   2   0  -1    6   5   3  10   7   4  12  16   4   0   3   3   0   3   3   5   5   3   4   3  0.16 0.18
  292 G     1   1   0   1   2  -1   0   2   0  -1  -2  -1  -2  -3   0   1  -1   1  -1  -1   15   7   5   7   5   2   5  18   2   3   4   2   0   0   4   9   3   2   2   5  0.13 0.16
  293 L     0   0   0   0  -3   0   0   0  -2   0  -1   0   1   0   0   0   0   3   1   0    6   6   5   6   0   5   6   6   0   6   6   6   5   5   6   6   6   5   5   6  0.06 0.08
  294 D     0  -3   2   3  -4   1   2   0   1  -2  -2   0  -3  -4   0  -1   0  -4  -1  -4    8   0   9  20   0   8  15   7   3   3   3   7   0   0   4   4   6   0   3   0  0.33 0.29
  295 P     2   0  -1  -1   0   1   1  -2   0  -2  -2   0  -3  -1   4   0  -2   1  -1  -2   16   5   2   3   2   7   8   3   2   3   3   4   0   3  25   6   2   2   2   3  0.36 0.29
  296 V     0   2  -1  -2  -1   0  -1  -3  -1   1   1  -1   2   0  -4  -2  -2   3   2   1    7  15   3   2   2   4   4   2   1   8  13   3   5   4   0   3   2   4   8  11  0.18 0.19
  297 E     0  -1  -1   1  -5   1   5  -2   0  -2  -2   1  -4  -5  -2  -2  -1  -5  -5  -2    7   3   3   7   0   5  43   3   2   3   3   8   0   0   2   3   4   0   0   2  0.67 0.47
  298 V    -1  -5  -5  -5   0  -2  -2  -5   0   4   0  -4   0  -1  -5  -1  -2  -4   1   5    4   0   0   0   2   2   3   0   2  24   7   0   2   2   0   5   2   0   5  38  0.74 0.44
  299 Y    -2  -2  -2   0  -2  -1   0  -3   2   0   0  -2   2   1   1   0   0   4   2   0    1   0   0   8   0   0   8   1   7   8   8   0   7   7   8   8   8   7   7   8  0.16 0.16
  300 E     0   0   0   0  -3   3   3   0   2  -3  -1   0   0  -1   0   0   0  -3  -2  -3    5   3   4   5   0  14  22   8   5   0   5   5   3   3   4   6   5   0   0   0  0.22 0.20
  301 S    -1  -1  -1  -1   0   2  -1   0   0  -3  -2   0   0   0   0   3   1   2  -3  -3    4   2   2   3   2   8   3   8   2   0   4   4   2   5   5  31  10   3   0   0  0.29 0.26
  302 L    -2  -3   1  -1  -3  -3  -3  -3  -3   1   3  -3   2   3  -1   0   0  -3  -1   0    1   0  10   4   0   0   0   1   0   5  38   0   6  15   3   7   5   0   0   4  0.34 0.26
  303 P     0  -2  -2   0  -4   0   0  -3   1  -1  -2   0  -3  -4   6   1   0  -4  -3  -3    6   0   0   4   0   4   4   1   3   4   5   7   0   0  42  11   6   0   0   0  0.78 0.36
  304 E     0   0   0   0   2   1   0   0   1   0  -1   0   1  -2   1   0   0  -3   1   0    6   6   5   6   5   5   6   6   5   6   6   6   5   0   6   6   6   0   5   6  0.04 0.08
  305 E     0   0   0   0   2   0   0   0   1   0  -1   0  -1   0   1   0   0  -2   1   0    6   6   5   6   5   5   6   6   5   6   6   6   0   5   6   6   6   0   5   6  0.03 0.06
  306 L    -1  -2  -2  -2   3  -1   0  -3  -2   1   0   0   2   1  -2   0   0   4   2   0    1   0   0   0   8   0   8   1   0   8   8   8   8   8   0   8   8   8   8   8  0.16 0.15
  307 Q    -1   2  -1  -2   2   3   0  -3   2  -2   0   1   2  -2  -2   0  -1  -3  -2  -1    5  15   0   0   5  20   6   1   8   0  13   8   7   0   0   6   1   0   0   5  0.22 0.18
  308 K     0   0   0   0   2   0   0   0   1   0  -1   0   1   0  -2   0   0  -2   1   0    6   6   5   6   5   5   6   6   5   6   6   6   5   5   0   6   6   0   5   6  0.03 0.07
  309 C     3   0   0  -4   6   0  -1  -1   2  -4  -4  -3  -3   0  -4   1   1  -4   1  -3   27   4   4   0  18   4   4   5   5   0   1   0   0   5   0   8   7   0   4   0  0.56 0.37
  310 F     0  -3  -3  -4  -3  -3  -3  -4  -3   2   1  -3   1   5  -4  -1  -1  -2   2   1    7   0   0   0   0   0   0   1   0  11  15   0   4  35   0   6   4   0   6   7  0.53 0.29
  311 D    -1   0   1   2  -3   1   3  -2   0   0   0   1   0  -3  -2  -1   0  -3  -3  -1    4   3   8  13   0   6  23   2   2   9   8   8   2   0   0   2   6   0   0   2  0.22 0.18
  312 V     0  -1   0  -1  -2   0   0  -2  -2  -1   0  -1   1  -3  -2   3   3  -3  -3   0    7   2   3   3   0   4   6   2   0   3   8   3   4   0   0  26  21   0   0   7  0.25 0.23
  313 K    -1   2   0   0  -1   3   0   1   0  -2  -3   2  -1  -1   0  -1  -1  -3  -2  -3    4  14   4   4   2  14   6  13   2   3   2  17   1   4   4   3   3   0   0   1  0.24 0.20
  314 D    -1  -1   2   6  -4  -1   0  -2  -3  -4  -3   0  -3  -4  -1   1  -1  -5  -4  -1    5   3   8  45   0   1   4   3   0   0   3   6   0   0   3  10   3   0   0   5  0.67 0.37
  315 V    -2   0  -3  -4   0  -3  -2  -4  -3   2   3  -1   2   0  -1  -2   1  -3  -1   2    2   6   0   0   2   0   2   0   0  14  30   3   5   3   4   1   8   0   2  18  0.31 0.23
  316 Q    -1  -1   0   3   2   3   2  -2  -1  -3  -1   0   1  -4   0   0  -1  -4  -3  -3    4   2   3  18   5  18  16   3   1   0   5   6   4   0   4   6   3   0   0   1  0.35 0.27
  317 M     1   0  -1  -1  -3   1   1  -2  -1   0   1   2   3   0   0   0  -1  -3  -2   0   11   5   2   2   0   5   9   1   1   7  12  14  12   5   4   6   2   0   0   4  0.11 0.14
  318 L    -3  -3  -4  -4  -3  -2  -4  -4  -4   2   4  -1   1   0  -4  -1   0  -3  -3   2    1   0   0   0   0   2   1   1   0  11  51   3   3   3   0   4   6   0   0  14  0.61 0.34
  319 Q    -2   0   4  -2  -4   5   0  -2   1  -3  -4   1  -1  -3  -1  -1  -1  -4  -2  -3    3   4  25   1   0  31   4   2   4   1   1  10   1   1   3   4   3   0   1   1  0.66 0.41
  320 D     0   0   1   3   0   1   3  -2  -1  -4  -3   2  -3  -4  -3   1  -1  -4  -2  -2    8   3   6  16   3   7  19   2   1   0   1  17   0   0   0  11   2   0   1   2  0.37 0.26
  321 A     2  -1  -1  -2  -1  -3  -2  -1  -2   1   0  -3   0   0  -3  -1   0  -3   0   4   18   3   3   2   1   0   2   4   1   7   5   0   1   4   0   2   7   0   3  37  0.32 0.27
  322 I     1  -3  -3  -4   1  -2  -4  -4  -4   2   3  -3   2   1  -1  -2  -2  -3  -2   2   13   0   1   0   3   2   0   0   0  13  38   0   5   7   3   2   0   0   0  11  0.44 0.28
  323 S     1  -2   0   0  -1   1   0   1   2  -3  -2  -1   1  -3  -3   2   0  -3   1  -2   14   1   5   5   1   5   7  13   6   0   4   3   4   0   0  21   4   0   5   1  0.20 0.20
  324 K     0   0   2  -1   0   2   1  -1  -1  -4  -2   3  -2  -4  -3   1   0  -4  -3  -3    8   3  12   2   3   8  10   3   1   0   3  26   1   0   0  13   7   0   0   1  0.35 0.27
  325 M    -4  -2  -4  -3  -4  -2  -1  -5  -4   1   2  -4   8  -3  -1  -2  -3  -4  -1   0    0   2   0   2   0   1   5   0   0   8  22   0  45   0   3   3   1   0   2   5  1.07 0.56
  326 D    -1  -1   0   4  -1  -2   0  -2   0  -3  -4   0  -4  -4   4   2   0  -4  -1  -3    4   4   4  26   2   0   5   3   2   1   0   4   0   0  21  14   5   0   2   1  0.54 0.34
  327 P    -1   0   0   0  -2   0   1  -1  -2  -1  -1   0   0  -3   4   0  -1  -4  -2   1    4   6   4   4   1   3  12   5   1   3   6   5   2   0  23   6   2   0   1  12  0.28 0.20
  328 T    -1  -1  -2   2  -5   1   5  -3   1  -4  -4   1  -2  -1  -1  -1   0  -5  -2  -3    4   3   1  11   0   7  45   1   3   0   0   6   1   3   2   3   7   0   1   2  0.68 0.43
  329 D    -2  -2   0   3  -5   0   5  -4  -3  -2  -2   0  -3  -4  -4  -2   0   2  -4   1    1   2   3  15   0   3  42   0   0   2   3   4   0   0   0   0   7   3   0  13  0.66 0.43
  330 A     5  -1  -1  -4   1  -3  -2   0  -4  -3  -2  -3  -2   2  -3   0  -1  -4  -3  -1   57   4   3   0   3   1   2   5   0   0   2   1   1  10   0   4   3   0   0   3  0.72 0.46
  331 K     0   2   1  -1  -3   2   4  -3  -1   0  -3   2  -3  -4  -3   0  -1  -4  -2  -2    6   9   7   1   1   7  32   0   1   6   2  16   0   0   0   6   3   0   1   2  0.45 0.32
  332 Y    -3   1   0  -1  -1  -1   1  -4   4  -3  -3   0  -1   2  -3  -2  -2  -2   6  -2    1   6   4   4   2   3  11   1  13   1   1   6   1   7   1   1   2   0  33   2  0.70 0.42
  333 H    -1  -3  -1  -4  -1  -2  -3  -2   8   1  -1  -1  -1   0  -3  -4  -3  -2   3   0    5   1   2   1   2   1   0   3  43  10   6   3   2   3   1   0   1   0  10   6  1.02 0.52
  334 M    -3  -2  -1  -5  -4  -4  -5  -5  -2   2   4  -4   6   1  -5  -4  -2  -4  -2   2    1   2   3   0   0   0   0   0   1   9  36   0  24   6   0   0   2   0   1  14  0.82 0.45
  335 Q    -2   1   0   1  -5   4   1  -1   1  -5  -4   4   0  -5  -2   0  -2  -5  -4  -3    1   7   3   9   0  22   6   5   3   0   0  31   3   0   1   6   1   0   0   1  0.63 0.41
  336 R    -3   6  -3  -2   0   2  -2  -3   3  -1  -1   1  -2  -4  -4  -2  -2  -5  -4  -3    1  49   0   2   2   9   1   1   9   3   8   7   1   0   0   2   2   0   0   2  0.88 0.50
  337 C    -1  -4  -6  -7  10  -6  -6  -6  -6  -3   0  -6   1   0  -6  -2  -4  -5  -1  -2    4   1   0   0  69   0   0   0   0   1  10   0   3   5   0   2   0   0   2   2  2.45 0.88
  338 I    -2  -3   0   0  -3  -2  -1  -1  -4   5   1  -3   2  -3  -4  -1  -1  -4  -3   2    1   1   4   6   0   1   3   6   0  38   9   1   6   0   0   4   2   0   0  16  0.45 0.32
  339 D     0   1  -1   5  -5   1   3  -2  -1  -4  -3   2  -3  -5  -3  -1  -2  -5  -4  -3    6   7   2  35   0   5  21   2   1   1   3  11   1   0   1   3   1   0   0   1  0.66 0.38
  340 S     3  -4  -3  -4   2  -3  -3   0   1  -3  -4  -3  -2  -5  -4   5  -1  -5  -2   0   23   0   0   0   4   0   0   7   3   1   0   0   1   0   0  50   2   0   1   7  0.83 0.53
  341 G    -2  -3  -2  -1  -6  -5  -4   7  -5  -7  -6  -3  -6  -6  -5  -2  -3  -6  -6  -6    1   1   2   3   0   0   1  86   0   0   0   1   0   0   0   3   1   0   0   0  1.96 0.76
  342 L    -4  -5  -5  -6  -1  -5  -5  -6  -5   2   5  -5   3   1  -3  -3  -4  -4  -3   1    0   0   0   0   1   0   0   0   0   9  68   0   6   5   1   1   0   0   0   8  1.11 0.52
  343 W    -5  -3  -6  -7   0  -2  -6  -6  -6  -2   3  -6  -3  -3  -6  -2  -5  11  -2  -5    0   1   0   0   2   2   0   0   0   2  28   0   0   0   0   3   0  60   0   0  2.65 0.89
  344 V    -1  -3   0  -2  -1  -3  -2  -2  -3   3   0  -3   0  -1  -3   0   2  -4  -3   4    3   1   6   2   1   0   2   2   0  18   6   0   1   3   0   7  15   0   0  33  0.36 0.26
  345 P    -2  -4   0  -3  -1  -2  -2  -4  -2   2  -3  -3  -3  -1   6   0  -1  -5  -3   0    2   0   5   1   1   1   2   0   1  15   1   0   0   3  49   8   4   0   1   6  1.05 0.47
  346 N    -1  -2   5   3  -4  -1   1   0   0  -3  -5  -1  -4  -5   1   0   2  -5  -4  -4    3   1  30  19   0   2  11   6   1   1   0   1   0   0   6   5  13   0   0   0  0.61 0.36
  347 S     2  -2  -1  -1  -3   0   2   2  -3  -2  -2  -1  -1  -3   1   1   0  -4  -2   0   22   1   3   1   0   2  14  16   0   0   4   2   1   0   6  14   6   0   1   8  0.24 0.21
  348 K    -1   2   1   0  -3   0   0   1  -2  -2  -3   3  -3  -4   1   1   2  -4  -2  -3    3  11   8   4   0   3   6  10   0   2   1  20   0   0   6   8  15   0   1   0  0.29 0.22
  349 S     0  -1   0   2  -3  -1   1   0  -1   0  -1   0  -1  -3  -1   0   1   5  -2  -1    6   2   4  14   0   2  13   9   1   7   6   5   1   0   2   7   9   9   0   4  0.17 0.15
  350 G     1  -2  -1   2  -3   0   1   1   0  -1  -2  -1  -1  -2  -1   1   1   0  -1  -2   11   0   1  14   0   2  13  13   2   5   3   3   1   1   3  11  11   1   3   2  0.16 0.15
  351 E    -2  -1   0   3  -5   1   4  -2  -1  -3  -4   3  -4  -5   0  -2  -1  -5  -4  -3    2   2   3  17   0   5  35   2   1   1   1  20   0   0   5   1   4   0   0   1  0.67 0.37
  352 A     2  -2  -1   2  -3  -1   2   2  -3  -3  -3  -2  -1  -4   0   0   0  -4  -4  -1   25   1   1  12   0   2  19  18   0   0   1   1   2   0   3   5   4   0   0   5  0.36 0.26
  353 K     0  -2   0   4  -4   0   2  -1  -1  -2  -3   2  -3  -4   0   0   2  -5  -4  -3    7   0   2  25   0   3  15   4   1   2   1  16   0   0   5   5  13   0   0   1  0.40 0.27
  354 E     0   0  -1   2  -4   0   4  -1  -1  -3  -2   1  -2  -4   0   0   1  -4  -3  -2    6   5   1  13   0   3  33   5   1   1   4  10   1   0   3   4  10   0   0   1  0.39 0.25
  355 G     0  -1   0   0  -3   0   2   2  -2  -2  -1   1  -1  -2   1   0   1   2  -2  -1    7   1   3   5   0   4  14  17   0   1   5   8   2   1   7   7   9   4   0   5  0.16 0.13
  356 E    -1   0   0   2  -5   1   5  -2  -2  -5  -5   1  -2  -5   0   0  -2  -5  -4  -3    4   4   3  11   0   6  49   2   0   0   0   8   1   0   4   6   0   0   0   1  0.77 0.40
  357 E     0  -1   0   2  -4   0   4   1   1  -4  -3   1  -3  -3  -2   0  -1  -4  -1  -2    6   1   4  12   0   2  39  11   3   0   2   7   0   1   1   4   3   0   2   4  0.44 0.27
  358 A     1  -1   0   1  -1   1   1   0  -2  -1  -2   0  -2  -2   1   1   1  -3  -1   0   10   1   4   9   1   7  11   8   0   1   2   4   0   1   7   8  13   0   1  11  0.13 0.12
  359 G     1  -1   1   1  -3   0   2   3   0  -3  -3   0  -2  -4  -3   0   0  -4  -3  -2   13   3   6   7   0   2  19  27   2   1   1   5   1   0   0   6   5   0   0   1  0.33 0.20
  360 P     0  -2   1   0  -3   1   2   0   1  -3  -3   1  -3  -3   4   1   0  -4  -2  -2    7   0   9   4   0   6  15   5   3   0   2   8   0   0  22  10   4   0   1   2  0.38 0.19
  361 G     0   0   2   1  -3   1   1   3   0  -3  -2  -1  -1  -3  -2   1  -1  -1   0  -3    9   6  10  10   0   5   8  25   3   1   3   1   1   0   1   9   1   1   4   0  0.25 0.15
  362 D    -2   1   0   4  -5   0   4  -1  -2  -5  -5   0  -4  -5   0   1  -1  -5  -4  -4    1   6   3  28   0   3  34   3   0   0   0   5   0   0   5  10   1   0   0   0  0.66 0.30
  363 P     0  -1  -1   1  -4  -1   3  -2  -2  -2  -3   0  -3  -1   4   0  -1  -4  -3  -1   10   1   2   6   0   1  29   2   0   1   1   7   0   3  26   4   4   0   0   3  0.53 0.25
  364 L     0   0  -1  -2  -2   1   1  -3  -1   1   1   0   0  -1  -2   1   1  -3   0   1    6   4   1   0   0   7   9   0   1   8  21   4   2   1   0  11   8   0   3  13  0.09 0.10
  365 L     0  -1  -1  -1  -2   0   0  -1  -1   0   1  -1  -1   1   1  -1  -1  -1   3   0   11   2   3   4   0   3   6   3   0   6  20   3   0   4   6   4   1   0  17   7  0.09 0.11
  366 E     0   1  -1   1  -5   0   6   0  -2  -5  -5  -1  -4  -5  -1  -1  -1  -5  -2  -3    7   7   2   7   0   1  60   7   0   0   0   0   0   0   2   2   3   0   1   2  0.85 0.39
  367 A     2  -1   0   0  -3   0   3   1  -2  -3  -3   0  -3  -4  -1   1   1  -4  -3  -2   17   2   4   2   0   2  32  10   0   0   1   6   0   0   2  11   9   0   0   2  0.35 0.21
  368 V     1   0  -2  -1  -1  -1  -2  -1  -1   1   0  -2   2  -2   0  -1   0  -3  -2   3   12   6   0   3   1   1   1   3   2   7   8   1   6   0   5   4   3   0   0  36  0.18 0.15
  369 P     0   1  -1  -1  -3   0   0  -1   0  -2  -3   2  -1  -3   5   1   0  -4  -2  -3    7   6   2   1   0   5   5   5   2   2   2  13   2   0  30  14   4   0   1   0  0.50 0.20
  370 K    -1   0   0   0  -4   2   3  -1  -2  -4  -4   5  -1  -4  -3   0   0  -4  -3  -3    4   2   3   4   0   7  20   3   0   0   0  44   2   0   0   6   4   0   0   0  0.59 0.28
  371 A     1  -1  -2   0  -3   1   3  -2   0  -3  -3  -1  -2  -4   4   1   2  -4  -3  -3   11   2   0   3   0   4  24   2   2   0   0   0   1   0  23  10  19   0   0   0  0.53 0.23
  372 G     1  -2   0   1  -3   0   2   3  -2  -3  -2  -1  -2  -4  -2   1   0  -4  -3  -1   15   0   3   7   0   2  20  30   0   0   2   2   0   0   1  11   3   0   0   5  0.35 0.16
  373 N     0  -2   1   5  -1   1   2  -1  -2  -4  -4   0  -3  -4   0   0   1  -4  -3  -3    8   0   3  42   2   5  14   3   0   0   0   3   0   0   3   5  12   0   0   0  0.57 0.20
  374 E    -1  -1  -1   0  -4   2   4  -2  -2  -4  -4   3  -3  -4   0   1   1  -4  -3  -3    2   0   0   2   0  10  43   2   0   0   0  20   0   0   3  10   9   0   0   0  0.59 0.23
  375 K    -1   1   0   1  -3   1   3   0  -2  -2  -2   3  -2  -3  -2  -1   0  -4  -3   1    0   4   5   6   0   6  23   7   0   0   0  27   0   0   0   0   6   0   0  17  0.27 0.13
  376 D    -2  -1   2   5  -4   0   3  -2  -1  -4  -4   2  -3  -4  -2  -1  -2  -5  -3  -4    0   0  13  51   0   0  20   0   0   0   0  16   0   0   0   0   0   0   0   0  0.82 0.18
  377 V     2  -3  -3  -3  -1  -2  -2  -2  -3   2   0  -2   0  -1  -2  -1   1  -3  -2   4   21   0   0   0   0   0   0   0   0  13   0   0   0   0   0   0   7   0   0  59  0.33 0.08
  378 S     0  -1   2  -1   2  -1  -1   2  -1  -1  -2  -1  -1  -2  -2   2   2  -3  -2  -1    0   0  17   0   7   0   0  15   0   9   0   0   0   0   0  33  19   0   0   0  0.25 0.04
  379 A     3  -2  -2  -2  -1  -1  -2  -1  -2   1   0  -1   0  -2  -1   0   0  -3  -2   2   60   0   0   0   0   0   0   0   0   0   0   0   0   0   0   0   0   0   0  40  0.25 0.02

                      K         Lambda
Standard Ungapped    0.1304     0.3140
Standard Gapped      0.0315     0.2670
PSI Ungapped         0.1031     0.3174
PSI Gapped           0.0315     0.2670
