
Last position-specific scoring matrix computed, weighted observed percentages rounded down, information per position, and relative weight of gapless real matches to pseudocounts
            A   R   N   D   C   Q   E   G   H   I   L   K   M   F   P   S   T   W   Y   V   A   R   N   D   C   Q   E   G   H   I   L   K   M   F   P   S   T   W   Y   V
    1 M    -3  -4  -5  -6  -4  -3  -5  -5  -4   0   2  -4   9  -2  -5  -4  -3  -4  -3   0    0   0   0   0   0   0   0   0   0   1  12   0  81   0   0   0   0   0   0   5  1.92 0.61
    2 E    -1  -2   2   3  -4   0   5  -2  -1  -4  -4   0  -3  -5  -3   1   0  -5  -4  -4    2   0  10  14   0   0  50   2   1   0   0   5   0   0   0   9   7   0   0   0  0.73 0.33
    3 D    -3   0   1   6  -5  -2   2  -1  -2  -4  -3   0  -4  -1  -3   0  -2  -5  -4  -4    0   5   5  56   0   0  10   4   0   0   3   6   0   4   0   7   0   0   0   0  0.86 0.36
    4 S     0  -1   1  -1   2  -2   1  -2   0  -3  -1  -2  -3  -4  -3   5   1  -4  -3  -3    4   2   6   2   4   0   7   0   2   0   7   0   0   0   0  58   7   0   0   0  0.61 0.36
    5 M    -1  -2  -3  -1  -3  -2  -2  -2  -4   2   1  -2   7  -1  -4   1  -1  -4  -3   1    4   1   0   4   0   1   3   2   0  12   8   1  43   1   0  10   3   0   0   7  0.65 0.39
    6 D    -2  -1   0   5  -4  -1   1  -1   0  -2  -4   1   0  -4  -3   2   0  -5  -4  -3    0   2   4  37   0   0   7   4   2   3   0   9   4   0   0  23   4   0   0   0  0.56 0.32
    7 M    -1  -3  -1   0  -3  -2  -3   0  -3   1   1  -3   7  -3  -4   1   0  -4  -3   0    5   0   3   6   0   0   0   6   0   8   9   1  38   0   0  14   5   0   0   5  0.56 0.37
    8 D    -2  -3  -1   6  -4  -2   2   0  -1  -4  -5  -2  -4  -5  -2   2  -1  -5  -3  -3    2   0   1  48   0   0  12   5   1   0   0   2   0   0   2  20   3   0   1   2  0.89 0.43
    9 M     0   0  -2  -2  -1  -1   0  -3  -3   0   2  -2   5  -1  -3   1   0  -3  -3   0    6   4   2   2   1   2   5   1   0   4  20   2  23   2   0  16   4   0   0   7  0.30 0.26
   10 S     1   0   1  -2  -3  -2   0   1  -1  -2  -3   0   0  -4  -3   4   0  -4  -3  -2   13   5   5   1   0   0   4  12   1   2   1   7   3   0   0  40   4   0   0   1  0.42 0.30
   11 P    -2  -1  -3   0  -4  -1   0  -2   1  -4  -1  -1  -1  -3   6   2  -1  -4   0  -3    2   3   0   6   0   3   5   2   4   0   6   3   2   1  40  17   2   0   3   0  0.75 0.37
   12 L    -1  -1  -2   0  -1  -1   1  -1  -2   0   3  -1   2  -2  -1   0   0  -3  -2   0    2   2   1   7   1   2   9   5   1   2  34   3   7   0   3   7   4   0   0   8  0.15 0.17
   13 R    -1   5  -1  -2   0   1   1  -3   0  -3  -4   3  -2  -3  -1  -1   0   0  -3  -2    4  34   3   1   2   4   8   1   2   1   0  22   1   1   2   4   5   1   0   4  0.54 0.32
   14 P     0  -4  -4  -4  -2  -1  -1  -4   0  -2   0  -3   1  -2   6   1   0  -5  -4  -4    8   0   0   0   1   2   3   0   2   2   8   1   4   2  50  10   6   0   0   0  1.08 0.49
   15 Q     0   2  -2  -1  -1   4   2  -3  -1  -1  -1   1  -1  -2   0   0  -2  -2  -3   1    6  11   0   2   1  24  12   1   1   2   6   9   1   2   4   5   1   0   0  13  0.30 0.26
   16 N    -1  -1   3  -1   3  -1   2  -2  -1  -2  -1  -1   1  -4  -1   2   2  -1  -3  -1    4   2  15   2   6   0  19   2   1   1   5   1   4   0   2  17  12   1   0   5  0.28 0.26
   17 Y    -1  -4  -3  -2   1  -2  -2  -4  -1  -2   0  -3   0   3  -3  -3  -2   0   6   1    4   0   1   2   3   2   2   0   1   1  11   1   2  14   1   1   2   0  39  13  0.77 0.41
   18 L    -3  -5  -5  -5  -4  -4  -5  -5  -4   1   4  -5   1   6  -2  -3  -2  -1  -1  -1    2   0   0   0   0   0   0   0   0   5  47   0   3  35   2   1   1   1   0   2  1.04 0.50
   19 F    -4  -6  -6  -7  -6  -3  -6  -6  -5  -3  -2  -6  -1   5  -4  -4  -3  11   3  -5    1   0   0   0   0   1   0   0   0   1   4   0   1  26   1   1   1  51   9   0  2.51 0.89
   20 G    -1  -4  -3  -3   0  -5  -5   7  -5  -6  -6  -4  -2  -6  -5   0  -2  -1  -6  -4    5   1   1   1   2   0   0  78   0   0   0   0   1   0   0   6   2   1   0   1  1.66 0.71
   21 C     0  -6  -5  -3  10  -5  -6  -2  -6  -1  -3  -3  -4  -2  -5  -3  -1  -2  -3   0    7   0   0   2  62   0   0   4   0   4   2   2   0   2   0   2   5   1   1   8  2.02 0.79
   22 E    -2  -2  -2  -2  -2   1   6  -4  -3  -3  -4   0   0  -5  -4  -2   2  -5  -4  -1    2   1   1   1   1   6  56   0   0   2   1   4   3   0   0   2  15   0   0   5  1.03 0.58
   23 L    -5   0  -6  -6  -5  -5  -5  -6  -5  -1   6  -5  -2  -3  -1  -5  -4  -5  -4  -1    0   5   0   0   0   0   0   0   0   3  83   0   0   0   4   0   0   0   0   3  1.57 0.72
   24 K    -3  -1   3   0  -4   0   0  -2  -3  -4  -5   3  -2  -5  -2   3   2  -5  -4  -2    0   2  17   4   0   3   4   3   0   0   0  23   1   0   1  24  13   0   0   3  0.60 0.46
   25 A     3  -1  -2  -1  -1   1  -1   2  -3  -2  -3   1  -3  -3  -3   3   0  -1  -4  -2   23   2   0   3   1   6   3  14   0   2   2  10   0   1   0  23   6   1   0   2  0.38 0.34
   26 D    -1  -1   2   3  -4   0   2   0   0  -4  -3   1  -2  -4  -2   1   1  -5  -4  -4    5   3  12  19   0   4  13   7   2   0   2   9   1   0   2  11   9   0   0   0  0.38 0.30
   27 K    -3   3   1  -2  -5   2   0  -4   1  -5  -3   6  -4  -5  -2  -2  -1  -5  -4  -2    2  13   7   2   0   8   5   0   3   0   2  46   0   0   1   2   3   0   0   4  0.88 0.55
   28 D    -1   2   0   2  -4   0   2  -3  -3  -3  -4   1  -2  -5   3   1   1  -5  -4  -3    4  12   4  11   0   3  13   1   0   1   0   9   1   0  14  11  10   0   0   2  0.35 0.32
   29 Y    -2  -2  -2   0   3  -1   1  -3   0  -2  -2  -2  -3   2  -4   0   1   3   4   0    2   2   2   5   8   3  11   2   2   2   2   2   0   9   0   6   9   5  15   8  0.31 0.33
   30 H    -1   0  -1  -1   0   1   1  -4   4  -1  -2   1  -1   1  -2  -1   2   1   1   1    3   4   3   3   2   6   9   0  10   3   2   7   1   6   2   4  15   2   4  10  0.16 0.24
   31 F    -2  -1  -4  -1  -4  -1  -1  -5  -4  -1  -1  -1   1   5   0  -2   1   4   1   2    3   3   0   3   0   3   4   0   0   3   4   3   3  25   4   3   9   6   4  16  0.44 0.37
   32 K    -1   0   0   0   2   0   0  -1   2   0  -1   0   1   0   0  -2   0   3   1   0    5   5   5   5   5   5   5   5   5   5   5   5   5   5   5   0   5   5   5   5  0.06 0.11
   33 V     0  -3  -2   2  -1  -1   0   0  -3  -1  -1   0  -1  -2   3   0   0   1  -3   2    8   0   1  12   1   2   8   7   0   2   4   5   2   2  14   5   6   2   0  18  0.21 0.23
   34 D    -2  -2  -2   4  -5   2   3  -2   0  -3  -4   0  -4  -3   3  -1  -2  -5  -3  -2    3   2   1  28   0   8  20   3   2   1   2   5   0   1  13   4   2   0   1   3  0.63 0.45
   35 N    -2  -4   2   5   0  -1   4  -1  -1  -3  -3  -1  -2  -5  -2  -2  -1  -5  -2  -3    3   0   8  28   2   2  28   4   1   2   3   4   1   0   2   3   3   0   2   2  0.69 0.47
   36 D    -1  -4  -1   5  -6  -1   3   1  -1  -3  -6  -1  -5  -5  -2  -2  -1   4   0  -3    5   0   2  39   0   2  16   9   2   2   0   3   0   0   2   3   4   5   3   2  0.84 0.55
   37 E    -2   0   1   2  -1   2   2   1   0  -2  -2   2  -3   1  -2  -1  -2   0   0  -3    3   5   6  13   1   8  14  10   2   2   4  13   0   6   2   3   2   2   4   1  0.21 0.22
   38 N     0   0   2   1   1   0  -1  -1   1  -1   0   0   1  -1   0  -1  -1   1   1  -1    7   6  11   7   4   4   3   4   4   3  12   4   5   2   5   3   3   2   6   3  0.06 0.11
   39 E    -2  -2   0   3   1   1   5   0  -1  -2  -3  -2  -1  -1  -2  -1  -2  -5  -5  -3    2   1   3  15   4   6  38   7   1   2   3   1   1   3   2   4   2   0   0   2  0.65 0.48
   40 H     0   0   1   0   2   1   0   0   2  -2  -1   0   1  -2   1   0   0  -3   1  -1    6   6   6   6   6   6   6   6   6   0   6   6   6   0   6   6   6   0   6   6  0.07 0.11
   41 Q    -1   0  -1  -3   0   4  -1  -3   2   0   0   1   0   1  -2   1   1  -3   1  -1    2   4   1   0   2  21   2   0   5   7   8  11   2   6   1  12   9   0   4   2  0.23 0.24
   42 L    -3  -4  -5  -5   3  -4  -2  -5  -5   1   5  -2  -1  -1  -1  -1  -3  -4  -3   1    0   0   0   0   6   0   2   0   0   5  63   3   0   2   3   5   0   0   0   8  0.88 0.48
   43 S     0  -2  -1  -1   0   0  -1  -2   2   0   0  -2   0   3  -1   2  -1  -2   1   0    8   1   1   3   2   4   4   2   5   6  11   1   3  15   2  19   1   0   3   8  0.13 0.17
   44 L    -1  -3  -3  -3  -2  -2  -3  -2   2   1   3  -3   1   1   0  -1  -1  -2   0   0    3   0   0   0   0   0   0   4   7   8  47   0   3   5   4   6   3   0   4   5  0.32 0.24
   45 R    -1   3   0  -2   1   0  -1  -1   1  -3  -3   2  -2   0   1   1   0   2   0  -3    4  24   5   0   4   4   0   4   4   0   1  16   0   4   6  11   5   4   4   0  0.29 0.24
   46 T     0   1   1  -2  -2   1  -1   0   2   0   0   0   1  -2  -2   0   0   4  -1   0    7   7   7   0   0   7   0   7   7   7   7   7   7   0   0   7   7   7   0   7  0.10 0.13
   47 V     0   0  -2  -2   2   1  -2  -2   2   0   0  -1   2   1  -2   0   0   4  -1   0    7   7   0   0   7   7   0   0   7   7   7   0   7   7   0   7   7   7   0   7  0.09 0.17
   48 S    -1  -3  -1  -3   7   0  -3  -2  -3  -1   0  -3   1  -1   0   2  -1  -4  -3  -1    3   0   3   0  32   4   0   3   0   3   8   0   4   2   6  23   3   0   0   5  0.65 0.34
   49 L    -1  -3  -3  -4   2  -3  -3  -3  -3   1   4  -3   1   1   1  -1   0  -3  -2   1    4   0   0   0   6   0   0   1   0   5  48   0   3   7   6   4   4   0   0   9  0.39 0.24
   50 G     0  -1  -2   1  -3  -2  -1   4  -3  -3  -2  -1  -3  -3   2   0   0   4  -3  -3    4   3   0   9   0   0   3  39   0   0   5   3   0   0  12   6   6   6   0   0  0.48 0.25
   51 A     0  -1   1   0  -2   1   0   0   2   0  -1   0  -1  -2   1   0   0  -2   1   0    7   0   7   7   0   7   7   7   6   7   7   7   0   0   7   7   7   0   6   7  0.07 0.09
   52 G     0   0   1   0   2   1   0   0  -2  -2  -1   0   1   0  -2   0   0   3  -1   0    6   6   6   6   6   6   6   6   0   0   6   6   6   6   0   6   6   6   0   6  0.08 0.13
   53 A     4   0   0  -3   1   0  -2  -2  -3   0  -1   0   0  -3  -3   0   1  -4  -3   0   43   6   4   0   3   4   0   0   0   6   5   5   3   0   0   6   7   0   0   4  0.36 0.31
   54 K    -1   1   0   1  -3   1   0  -1  -2  -1  -1   3   0  -3   1   0   0  -4  -3  -1    3   8   3   7   0   5   5   3   0   3   7  29   3   0   7   5   7   0   0   3  0.24 0.21
   55 D    -1  -2   0   5  -4   0   3   0   0  -3  -4   1  -3  -4   1  -1  -2  -4  -2  -1    3   0   3  41   0   2  17   6   2   0   1   8   0   0   6   4   0   0   2   5  0.61 0.33
   56 E    -2  -1   0   0  -4   1   5  -1   2  -4  -4   1  -3  -4  -3   1  -2  -4  -3  -2    1   2   3   4   0   4  55   4   6   0   1   7   0   0   0  10   0   0   0   3  0.82 0.44
   57 L    -1   1  -2  -2   2  -2  -2  -3  -2   0   2  -1   2   3  -1  -1  -1   0   1   0    3   9   1   1   5   1   2   1   1   2  30   4   6  15   3   5   4   1   4   4  0.19 0.17
   58 H    -1   0   5  -1  -4   0  -2  -3   7  -4  -3  -1  -3  -4   0  -1  -1  -4  -1  -3    4   5  35   1   0   3   0   1  31   0   2   4   0   0   5   3   2   0   1   2  0.97 0.44
   59 I    -1  -1  -3  -3  -2  -2  -1  -4  -3   3   1   0   1  -2  -3  -2   0  -3  -2   4    5   2   0   0   0   0   3   1   0  19  14   6   3   0   0   2   4   0   0  38  0.42 0.25
   60 V    -1  -3  -4  -4  -3  -3  -4  -4  -4   3   0  -1  -1  -3  -4   0  -2  -4  -3   5    3   0   0   0   0   0   0   1   0  17   6   4   0   0   0   7   0   0   0  59  0.84 0.41
   61 E     1   1  -1  -1  -4   3   5  -2  -2  -4  -4   0  -2  -4  -3  -1  -1  -4  -3  -2   12   7   1   2   0  11  49   2   0   0   1   4   1   0   0   2   3   0   0   3  0.72 0.38
   62 A     2  -1  -3  -3  -2  -3  -2  -3  -3   2   1  -1   0   0  -3  -2  -1  -3  -2   4   22   3   0   0   0   0   1   1   0  13  10   3   2   5   0   1   2   0   0  36  0.40 0.26
   63 E    -2  -2  -3  -1  -3   0   4  -3   1  -1  -1   0  -1  -4  -1  -1   1  -4   0   1    2   1   0   2   0   3  38   2   4   3   6   4   2   0   3   4  11   0   4  10  0.43 0.33
   64 A     3  -3  -6  -1   0  -1  -3   1   0  -2  -7  -6  -7  -2   3   1   3  -7  -7  -2   23   2   0   4   2   4   2  11   2   2   0   0   0   2  14   9  18   0   0   3  0.64 0.44
   65 M    -3   1  -1  -2   0   2  -1  -1   0  -1  -1   1   5  -2   2  -1  -1   1  -2  -2    3   7   3   3   2   8   4   6   2   3   7   9  13   2  12   5   3   2   2   4  0.29 0.24
   66 N    -2  -1   4   2   2   0   0   0   1  -1  -2  -1   1  -6  -1  -1   1  -7  -6  -2    4   3  20  11   3   5   6   7   3   4   4   4   3   0   4   6   8   0   0   4  0.37 0.27
   67 Y    -1   0   0   0   2   0   0  -1   2   0  -1   0   2   1   0  -1   0   3   1  -1    5   5   5   5   5   5   5   5   5   5   5   5   5   5   5   5   5   5   5   5  0.09 0.08
   68 E     0  -1   0   3  -1   1   3  -1  -1  -2  -3   0  -1  -4  -2   1   0   0   1  -2    8   2   4  16   1   8  19   5   1   2   2   6   1   0   2   9   5   2   7   2  0.27 0.26
   69 G    -1   0   1   1  -3   0   0   3   2  -2  -4   1  -3  -1  -3   1  -1   1  -1  -3    4   4   7   9   0   3   4  29   5   3   1   8   0   3   0  11   3   2   2   0  0.33 0.26
   70 S    -1   1   1   1   0   2   1  -1   0  -1  -3   2  -2  -3   0   1  -1  -4  -1  -1    4   5   6  10   3  11  10   5   2   5   0  15   0   0   4  10   2   0   2   5  0.19 0.20
   71 P     0   0   0   0   1   0   1  -1   1  -1  -1   0   0  -2   2   1   0  -3  -1  -1    5   6   5   4   4   3  12   4   4   2   6   5   3   0  12  10   7   0   3   4  0.13 0.12
   72 I    -1  -1  -3  -3   0   0   0  -3  -1   3  -1   2   0  -3  -2  -1   1   0  -3   2    5   3   0   0   2   4   6   2   1  26   3  14   2   0   2   3  10   1   0  15  0.24 0.24
   73 K     0   0  -1  -2  -3   0   1  -1   2  -2  -2   3  -2  -3   3   0   0  -4  -2  -1    6   4   2   0   0   4   8   3   6   2   3  30   0   0  14   7   6   0   0   4  0.33 0.23
   74 V     0  -3  -3  -3   2   0  -3  -2   1   2   0  -3   1   1  -3   0   0  -3   0   3    7   0   0   0   6   4   0   3   4  11   8   0   3   6   0   7   3   0   3  33  0.24 0.21
   75 T    -1  -1   1  -3   1  -1  -2  -3   0  -1  -2   0   0  -2   5  -1   3  -4  -3   0    3   2   8   0   3   2   0   0   2   3   3   5   2   2  31   3  21   0   0   9  0.53 0.31
   76 L    -2  -3  -3  -3  -3  -1  -1  -4   0   4   2  -3   1   0  -1  -3   0  -3  -2   2    1   0   0   0   0   3   4   0   3  35  22   0   3   4   3   0   7   0   0  13  0.44 0.28
   77 A     4  -2  -3  -3   1  -2  -3   1  -3  -1  -1  -1  -2  -1  -3   0   0  -3  -1   1   47   2   0   0   3   0   0  10   0   3   5   3   0   2   0   4   5   0   1  14  0.42 0.30
   78 T     0  -2   3  -2  -3  -1  -2  -2   1  -1  -2  -2  -1  -2  -3   3   3  -4  -3   1    6   2  14   0   0   1   0   1   3   3   2   0   1   1   0  28  24   0   0  10  0.40 0.31
   79 L    -3  -4  -4  -5  -4  -1  -4  -5   1  -1   5  -4   2   1  -4  -1  -1   2  -3  -1    1   0   0   0   0   3   0   1   4   0  66   0   4   5   0   5   3   3   0   3  0.91 0.46
   80 K    -1   3   1  -2   0   1   1  -2   3  -4  -4   4  -3  -4  -3   1   0  -4  -3  -1    3  15   6   0   2   4   8   3   8   0   1  29   0   0   0   9   6   0   0   4  0.45 0.29
   81 M     0   0   0  -2   1   0  -1   0   1   0   0  -1   3  -2   2   0  -1   2  -2  -1    7   6   6   0   3   3   3   7   4   6   9   4  13   0  13   5   3   3   0   4  0.15 0.17
   82 S    -2  -1   0   0  -3  -2  -1   3   1  -3  -2   0   0  -1   0   3   0  -4   0  -1    0   4   4   4   0   0   4  22   4   0   4   6   3   3   4  26   4   0   3   5  0.27 0.29
   83 V     0  -1  -1  -3   5  -1  -1   0   1   0  -1   1   0  -3  -3  -1  -1   1  -1   2    6   3   2   0  15   3   4   6   5   6   5   9   3   0   0   3   4   2   2  19  0.20 0.23
   84 Q    -2  -1   1  -1   0   3  -1  -3   0  -1   1   0   2   0  -1  -1   1  -3  -2  -1    2   2   7   3   3  18   3   0   3   3  18   6   7   5   2   4  11   0   0   3  0.20 0.25
   85 P    -1   1   0   1  -5   0   1  -4   0  -5  -3  -1  -4  -3   6  -1  -1  -5  -1  -4    4   7   5   8   0   3  11   0   3   0   2   4   0   1  40   4   4   0   2   0  0.84 0.49
   86 T     0   0   1   0   2   1  -1  -3   2   0   0   0   1  -2  -3   0   0   4   1   0    6   6   6   6   6   6   0   0   6   6   6   6   6   0   0   6   6   6   6   6  0.11 0.16
   87 V     0   0  -2  -2   2   1   0   0   2   0   0  -2   1   1   1   0   0   3  -1   0    6   6   0   0   6   6   6   6   6   6   6   0   6   6   6   6   6   6   0   6  0.09 0.15
   88 S    -1  -1   0  -1   4   0  -3  -2   1   0  -2   0   1   0   0   2   1   2   0   0    4   4   4   3   9   3   0   3   5   5   4   6   3   5   4  17   8   3   3   6  0.16 0.19
   89 L    -3   1  -4  -4  -3  -3  -1  -4  -4   1   4  -3   4   0   0  -2  -1   2  -3   1    0   8   0   0   0   0   4   0   0   5  41   0  11   4   6   3   4   3   0   9  0.50 0.35
   90 G    -1  -3   0   3   0   0  -1   2   0  -2  -2  -1   1  -1  -1   0   0   0  -1   0    4   1   4  22   2   3   4  14   2   2   3   3   5   2   3   8   6   1   2   7  0.20 0.17
   91 G    -1  -2   1   1   0  -1  -1   4   0  -1   0  -2  -1  -2  -3   0  -2  -3  -2   0    3   1   7   9   3   3   3  34   2   4  12   1   1   2   1   7   2   0   1   7  0.31 0.23
   92 F    -2  -4  -5  -5  -1  -4   0  -5  -4   1   3  -4   1   6  -5  -1  -3  -3   0   0    2   0   0   0   1   0   8   0   0   9  28   0   4  33   0   5   0   0   2   7  0.77 0.43
   93 E     0  -1  -1   0  -2   1   0   0   2   0   0   0  -1   0   1   0   0  -2  -1   0    7   0   0   7   0   7   7   7   7   7   7   7   0   7   7   7   7   0   0   7  0.06 0.08
   94 I    -2  -3  -3  -2  -1   0  -1   0   2   3   2  -1   1   2   1  -2  -1   0   0   0    2   0   0   2   1   4   3   7   5  18  21   3   3   9   7   2   4   1   4   3  0.18 0.19
   95 T     0  -1   1   1  -1   0   2  -1   0  -2  -3   1  -1  -2   0   1   3  -4  -1  -1    6   2   6  10   1   3  14   3   2   2   2   7   2   2   5   9  20   0   2   3  0.22 0.22
   96 P    -1  -1  -1  -1   0   0   0  -1   0  -1  -1   0  -2   1   4   0   0  -3  -2  -1    4   2   3   2   3   3   5   3   2   4   7   7   0   8  25   9   6   0   0   5  0.28 0.18
   97 P     0  -3  -1   0   1  -2   0  -1   2  -2  -2   0  -3  -4   6   0  -1  -4  -3  -3    6   0   3   5   4   0   5   4   6   3   4   7   0   0  41   8   3   0   0   0  0.75 0.38
   98 V     1  -3  -3  -1  -2  -2  -1   0  -3   1   0  -3   0   1  -3  -1   1  -3   0   3   14   0   0   4   0   0   3   8   0   4   5   0   3   8   0   4   9   0   3  34  0.24 0.24
   99 V    -1  -2  -2  -1  -1  -2  -2  -3  -3   0  -2   0  -1  -3  -3   0   5  -4  -3   3    2   1   1   3   1   1   1   1   0   4   2   6   1   0   1   7  41   0   0  25  0.58 0.33
  100 L    -3  -4  -4  -5  -4  -4  -4  -4   0  -1   3  -4  -2   7  -4  -1  -3  -2  -1  -1    1   0   0   0   0   0   1   1   3   2  31   1   0  50   0   5   1   0   0   2  1.16 0.45
  101 R    -2   4   1  -2   0   0  -1  -2   2  -1  -2   2  -1  -3  -3   0   0   2  -1  -1    1  31   6   0   2   4   3   2   7   3   2  13   1   0   0   6   7   3   2   6  0.35 0.23
  102 L    -3  -4  -5  -5  -3  -4  -4  -5  -4   0   6  -4  -1  -2  -4  -2  -3   3  -3  -1    1   0   0   0   0   0   1   1   0   2  80   0   0   0   0   4   0   5   0   3  1.28 0.51
  103 K    -1   1   0  -2  -1   0  -1  -3  -1   1  -2   5   0  -3  -3  -1   0  -4  -3   1    3   8   4   1   1   3   3   1   1   9   2  41   2   0   1   3   6   0   0  11  0.42 0.26
  104 C     1  -1   0  -1   6   0   1  -1  -1  -3  -3   1  -1  -3  -2   2  -1  -3  -2  -2   11   3   5   1  20   4  12   4   1   1   2   7   1   0   1  21   2   0   1   2  0.39 0.23
  105 G    -2  -4  -1  -1   0  -4  -4   7  -4  -5  -5  -3  -4  -5  -4  -2  -3  -4  -4  -4    2   1   2   3   2   0   1  81   0   1   1   1   0   0   1   2   1   0   0   1  1.67 0.55
  106 S     0  -3   1   0  -1  -1  -2  -2  -3  -2  -3  -2  -2  -1  -2   5   1  -2  -3  -3    4   1   6   4   1   1   1   2   0   2   2   2   1   2   1  59   9   1   0   1  0.77 0.42
  107 G    -1   0  -1  -1  -3   1   1   4  -1  -3  -3  -1  -2  -3  -2   1  -1   3  -2  -3    1   7   1   1   0  10  14  44   0   1   1   1   0   1   1  11   1   5   0   1  0.44 0.13
  108 P     0  -1  -1  -1  -2   2  -1  -2  -2  -2  -2  -1  -2  -3   5   1   2  -3  -2  -2    9   1   1   1   0  14   1   1   0   1   1   1   0   1  40  11  16   0   0   1  0.72 0.16
  109 V     0   1  -1  -1  -2   1   0   0  -2   1   0  -1   0  -2  -2  -1  -1  -3  -2   3    4  14   3   3   0   9   4  10   0   4   4   1   3   0   1   1   1   0   0  37  0.11 0.09
  110 H     0  -1  -1  -3   0   0  -2  -3   7  -3  -2  -2  -2   1   1  -1  -2  -2   4  -2    9   3   2   1   2   3   1   1  37   1   2   1   0   5   8   3   2   0  17   2  0.71 0.28
  111 I    -1  -1   0  -3  -2  -2  -3   0  -3   3   1  -2   0   0  -3  -1   0  -3  -2   3    1   3   6   1   0   1   1   8   0  30  13   1   2   2   1   2   4   0   0  24  0.26 0.16
  112 S     0  -1   0   0   2  -1  -1   0  -1  -1  -1  -2  -1  -2  -2   4   0  -3  -2  -1    4   2   4   5   4   1   1   6   2   4   6   1   1   1   1  47   5   0   1   2  0.30 0.21
  113 G     0   1  -2  -2  -3  -2  -2   5  -3  -3  -3  -1  -3  -1   1  -2  -2  -3  -3  -1    5  10   1   1   0   1   1  57   0   1   1   3   0   3   8   1   1   0   0   5  0.74 0.26
  114 Q     0   0   1   0   2   1   0  -3   2  -2  -1   0   1  -2  -3   0   0   4   1   0    6   6   6   6   6   6   6   0   6   0   6   6   6   0   0   6   6   6   6   6  0.13 0.16
  115 H    -3   0   0   0   1   1   0  -3   6  -3  -1  -2   1   1   0  -1  -1  -3   1  -1    0   6   5   4   4   7   6   0  27   0   5   0   4   6   5   4   4   0   5   5  0.43 0.34
  116 L     0  -1  -2  -3   1   0  -1  -2   0   1   2  -1   1   1  -3   0   0   1   1   1    6   4   0   0   4   5   3   3   2  10  21   3   3   6   0   7   6   2   5   9  0.08 0.11
  117 V    -1  -3  -3  -3  -3   0  -1  -2  -1   2   0  -1   1   0   0  -1   1  -3   1   3    3   0   0   0   0   4   5   3   2  16   8   3   3   3   4   3  12   0   7  25  0.21 0.22
  118 A     1  -1  -1   0   0   0   2  -1  -1   0   0  -1   2  -1  -1   0   0  -3   0   1   15   2   3   6   2   2  17   4   1   4   6   2   8   2   2   5   6   0   3  10  0.09 0.14
  119 V    -1  -2   0  -1   0  -1   0   0   2   0   0  -1   2   1  -1   0   0   0   0   1    4   1   6   3   2   2   5   7   8   4   9   3   7   7   2   7   6   1   4  14  0.05 0.10
  120 E    -1   1   0   1   0   0   3  -1  -3  -2  -2   0  -1  -2   2   1  -1  -4   0  -2    4   8   3   7   2   3  24   4   0   2   4   5   2   1  11  11   3   0   4   2  0.28 0.26
  121 E    -1  -1   0   3  -4  -1   4   0  -1  -3  -3  -2   0  -1  -2   1  -1  -4   0  -2    4   3   4  19   0   1  30   7   1   1   2   2   3   3   2   9   3   0   3   3  0.47 0.36
  122 D    -1  -3   0   5  -4  -2   2   0   0  -1  -1  -2   0  -4  -2   1  -2   0  -1  -2    4   0   4  35   0   1  11   6   3   4   7   2   3   0   1  10   2   1   3   3  0.49 0.36
  123 A     1  -2  -1   3  -2   0   2   0  -3  -1  -2  -2  -1  -2   1   1  -1   2   1  -2   12   1   2  16   1   5  12   6   0   3   4   1   2   2   7  11   3   3   5   3  0.19 0.20
  124 E    -2  -3   0   2  -5   0   4  -2  -3  -3  -2  -1   0  -2  -2   2  -1   6  -3  -3    3   1   4  12   0   3  25   3   0   1   4   3   3   2   2  18   4  11   0   2  0.54 0.42
  125 S    -1  -2  -1   3  -1  -1   3  -2  -3  -4  -2  -2   0   1  -1   2  -1   1  -1  -2    4   2   2  18   1   2  25   2   0   0   3   2   2   7   3  17   3   2   2   2  0.42 0.36
  126 E     0   0   0   0   2   0   0   0  -1   0   0   0   1   0   1   0   0  -2   1   0    6   6   5   6   5   5   6   6   0   6   6   6   5   5   6   6   6   0   5   6  0.03 0.06
  127 D    -1  -3   0   3  -4   0   2  -1   1  -1  -1   0   2   0   1   0  -2   2  -3  -1    4   0   4  19   0   3  13   5   3   3   5   4   8   5   7   8   0   3   0   4  0.23 0.25
  128 E     0  -1   0   2  -4   1   4   0   1  -4  -3  -1   0   0  -1  -1   0  -4  -1  -2    6   3   5  13   0   4  30   8   4   0   2   2   3   4   3   4   5   0   2   2  0.34 0.31
  129 D    -2  -1   0   3   0   0   4  -1  -3  -2  -2   0  -1  -1  -3   0  -1  -4   0  -2    3   2   3  18   2   3  28   5   0   2   3   4   2   2   0   9   3   0   4   3  0.33 0.34
  130 E    -1  -1   0   3  -4   0   4   0   0  -2  -2  -1  -1  -4  -1   0  -1  -4   0  -2    4   3   3  17   0   3  29   6   2   2   5   3   1   0   3   8   2   0   4   2  0.32 0.34
  131 E    -1  -1  -1   3  -1  -1   4  -2  -1  -2  -2   0   0  -2   1  -1   0   0  -1  -2    5   3   2  16   2   1  28   2   1   2   4   5   3   2   6   3   5   1   2   3  0.30 0.34
  132 D     0   0   0   0   2  -1   0  -1   1   0  -1   0   1   0   0   0   0   3  -1   0    5   5   5   5   5   0   5   5   5   5   5   5   5   5   5   5   5   5   0   5  0.02 0.11
  133 V    -1  -2   0   1   1  -1   2  -1   0   0  -2  -1   0  -1   0   0   0   0   0   2    4   0   6   7   3   2  14   5   2   4   3   3   2   3   4   5   7   2   3  18  0.06 0.18
  134 K    -1   1   0   0  -3   1   2  -2   1  -1  -1   2   0  -1  -1   0   0  -4  -1   0    5   6   3   5   0   6  17   3   4   3   5  13   3   2   2   6   5   0   2   7  0.11 0.19
  135 L    -1  -1   0   1  -3   0   2  -1   0   0   1   0   1   1   1  -1  -1  -3  -2  -1    3   2   3   7   0   4  18   5   2   5  13   4   3   6   7   3   4   0   0   4  0.08 0.18
  136 L     0   0   0   0  -2   0   0   0  -1   0   0   0   1   0   1   0   0  -2   1   0    6   6   5   6   0   5   6   6   0   6   6   6   5   5   6   6   6   0   5   6  0.00 0.06
  137 G     0   0   0   0  -2   1   0   0   1   0   0   0   1   0   1   0   0  -3  -1   0    6   6   6   6   0   6   6   6   6   6   6   6   6   6   6   6   6   0   0   6  0.04 0.07
  138 M     0   0   0   1  -3   0   1  -1   0   0  -1   1   1  -2   1   0   0  -3   0   0    9   4   5   9   0   4   8   4   3   8   6   8   5   0   8   7   5   0   3   7  0.07 0.09
  139 S     0   0   0   1   1   1   1  -1   0  -1  -2   0   0  -1   2   2   0  -4  -3  -1    5   3   3   7   3   5   8   4   3   3   4   5   3   3   9  21   6   0   0   4  0.14 0.18
  140 G     0   0   0   1   0   0   1   1  -2  -1  -1   0   0  -1   0   0   0  -3  -1   0    7   5   3   8   2   3  10  12   0   3   3   7   3   3   5   8   8   0   2   8  0.07 0.09
  141 K    -1   0  -1   1  -4   0   2  -1  -1  -2  -2   4  -3  -1   0   0  -1  -4   0  -1    5   3   2   8   0   4  12   5   1   2   4  29   0   2   4   7   4   0   3   4  0.29 0.29
  142 R    -2   4  -1   0   0   0   1  -1   0  -2  -1   2  -1  -1   0  -1  -1  -4  -1  -2    3  27   2   6   2   3  10   4   2   2   6  12   1   3   5   4   3   0   2   3  0.28 0.26
  143 S     0   0  -2   0  -1   0   2  -2  -1  -2  -2   2  -1  -2   3   2  -2  -4  -2  -2    7   4   1   5   2   3  14   3   1   2   3  14   2   1  16  16   2   0   1   3  0.31 0.30
  144 A     3   1  -1   0  -1   0   1  -2  -1  -1  -2   0  -1  -2   0   1   0  -4  -2  -1   28   9   3   4   1   3  10   3   2   3   3   4   1   2   5  11   4   0   1   4  0.21 0.24
  145 P    -1  -2   0   0  -5  -1   2  -1  -1  -4  -1   1  -1  -5   5   1  -1  -5  -4  -3    4   2   5   5   0   3  12   6   1   0   6   8   1   0  30  12   3   0   0   1  0.57 0.41
  146 G     0   0   0   1  -3   0   2   2  -2  -1  -1   0  -1  -2   0   0  -1  -4  -3   0   10   4   3   7   0   4  14  15   0   4   7   6   2   1   5   8   3   0   0   9  0.12 0.14
  147 G     0  -1   0   0  -3  -1   1   1  -1  -1  -2   1   0  -2  -1   2   1  -4  -3  -1    8   2   4   6   0   2  12  10   1   3   4  12   2   1   3  16   8   0   0   5  0.15 0.18
  148 G     0  -1  -2   1  -3   0   1   2  -3  -1  -1   0   1  -3   2   1   0  -4  -3   0    8   3   1   9   0   3   8  19   0   2   6   5   4   1   9  10   5   0   0   7  0.17 0.19
  149 N     1   0   1   2  -3   0   1   0  -3  -2  -2   0  -3  -4   1   2   1  -4  -2  -1   14   4   8  11   0   4   8   6   0   2   3   6   0   0   8  15   7   0   1   4  0.21 0.21
  150 K    -1   0   0   0  -4   1   0   0  -1  -3  -3   4   0  -3   0   0  -1  -5  -3  -2    5   4   3   6   0   6   6   6   1   2   3  35   3   1   5   7   2   0   1   2  0.41 0.35
  151 V     0  -2   0   0  -3  -1   0  -1  -1   0  -1   1   0   0   2   0   0  -4  -2   2    7   1   4   6   0   2   5   5   2   4   3  10   3   5  13   8   5   0   1  19  0.14 0.18
  152 P     0  -2   0   1  -5   0   0  -2   0  -3  -2   1  -4  -5   5  -1  -1  -5  -2  -1    8   1   4   6   0   3   7   3   2   1   4  10   0   0  36   5   3   0   1   4  0.65 0.44
  153 Q     0   1   0  -1  -2   3   1  -1  -2  -2  -2   2   1  -4   1   0   1  -4  -3  -1    7   6   4   3   1  18   8   5   1   2   3  12   4   0   6   7   8   0   0   5  0.23 0.24
  154 K    -1   0  -2   0   1  -2   0  -2  -1  -2  -4   6   0  -4  -3  -3  -3  -5  -2  -1    5   4   2   5   3   0   6   2   1   3   2  56   2   1   1   1   1   0   1   4  0.95 0.61
  155 K    -1   0  -1  -1  -1   0   1  -3  -3  -1  -1   6  -1  -5  -1  -2  -2  -5  -2  -2    5   3   2   3   1   3   9   1   0   3   6  50   1   0   3   3   1   0   2   3  0.73 0.51
  156 V     1   0  -2   0  -1   0   0  -1  -1   0   0   1   0  -2   0  -1   0  -3  -3   2   14   6   0   6   1   3   7   5   1   4   8   9   3   2   4   2   5   0   0  20  0.09 0.15
  157 K     0   1  -2   0  -1  -1   0  -3  -2  -3  -2   6  -1  -2  -2   0  -1  -5  -2  -3    7   5   1   6   1   1   4   2   1   1   4  50   1   2   2   7   3   0   1   1  0.71 0.49
  158 L     0   1  -2   1   1  -2   0  -2  -3   0   2   0   3  -2  -1  -1  -1  -3  -3   0    6   7   1   8   3   0   8   2   0   5  29   6   8   1   2   3   3   0   0   7  0.18 0.21
  159 D     1  -1  -2   3   0  -1   3  -1   0  -2  -3   0   0  -4  -2   0  -1  -4  -3   0   12   3   0  19   3   2  24   5   2   1   2   5   3   0   1   6   4   0   0   7  0.33 0.29
  160 E     1  -1   0   2  -3   1   3  -1  -2  -2  -2   1  -3  -3  -1   0   0  -4  -1  -1   16   1   3  13   0   6  22   3   0   2   5   9   0   0   2   7   5   0   2   5  0.26 0.25
  161 D     0  -1   1   4  -1  -1   2   0  -1  -3  -2   0  -3  -3   0   1   0  -4  -3  -2    9   2   5  27   2   1  14   6   2   1   3   6   0   1   4   8   7   0   0   2  0.35 0.26
  162 D     0  -1   1   3  -3   0   2  -1  -1  -2  -2   1  -1  -2   1   0  -1  -3  -3  -1    8   2   5  20   0   4  18   4   1   2   3   7   2   2   7   6   4   0   1   5  0.25 0.20
  163 E     0   0   1   4   0   0   3   0  -2  -2  -2   1  -3  -2  -2   0  -1  -3  -3  -2    8   4   5  22   2   3  21   6   0   2   3   9   0   2   1   6   2   0   1   3  0.33 0.23
  164 D    -1   0   0   4  -1   2   3   0  -2  -3  -2   1  -1  -3  -1   0  -1  -3  -3  -1    3   3   2  23   1   8  18   7   0   1   3   9   2   1   3   7   4   0   1   4  0.32 0.23
  165 D     0  -1   1   3   0   0   3   0  -1  -2  -3   1  -3  -3  -2   0   0  -3  -1  -2    6   3   5  22   2   2  21   7   1   2   2   8   0   1   2   7   4   0   3   3  0.33 0.24
  166 D     0  -2  -1   4  -2  -1   2   1  -2  -3  -2   0  -3  -4  -1   1   0  -4  -3  -2    7   1   2  27   1   1  16  13   0   1   3   6   0   1   3  11   5   0   1   2  0.41 0.29
  167 E     0   1  -1   3  -1  -1   2  -1  -1  -2  -2   0   0  -3   0   1  -1  -3  -1  -1    6   7   2  20   1   2  17   5   1   2   4   4   3   1   4  13   3   0   2   4  0.22 0.19
  168 D    -1  -1   1   4  -1  -1   3  -1  -2  -2  -3   0  -3  -4  -2   0  -2  -4  -3   0    5   2   6  29   1   2  22   4   0   1   3   6   0   1   2   5   1   0   0   8  0.46 0.31
  169 D    -1  -1   1   4   2   1   3  -1  -2  -3  -2   1  -2  -3   0   0  -2  -4  -2  -2    3   2   5  23   5   5  26   4   0   1   4   7   1   1   4   6   1   0   1   3  0.43 0.30
  170 E    -2  -1   0   4  -4   0   3  -1  -2  -2  -3   0  -1  -2  -1   0  -2  -4  -2  -1    1   2   4  27   0   4  25   3   0   2   2   6   2   2   3   6   2   0   1   6  0.46 0.31
  171 D    -1  -2   0   5  -4  -1   3  -2  -3  -3  -3   0  -1  -4   2   0  -1  -4  -2  -2    5   1   3  36   0   2  17   2   0   1   3   6   2   1   9   6   4   0   2   2  0.58 0.36
  172 D    -2  -2   0   4  -4  -1   3  -2  -2  -3  -3   1  -2  -3   1   0  -1   0   0  -2    1   1   5  29   0   2  21   2   0   2   3   7   1   1   8   7   3   2   4   3  0.48 0.32
  173 E     0  -1  -1   3  -3   0   2   0  -2  -2   0   0  -1  -1  -2   0  -1  -3  -1  -1    6   3   1  23   0   3  18   7   0   2  11   4   1   2   1   8   3   0   2   5  0.23 0.21
  174 D    -2  -1   1   4   0  -1   3  -1  -2  -2  -2  -1  -1  -3  -3   1  -2   0  -2  -1    3   3   6  28   2   1  25   6   0   2   4   2   1   1   1   9   1   1   1   5  0.47 0.33
  175 D     0   0   1   0  -2   1   0   0  -1  -1   0   0   1   0   1   0   0  -3  -2   0    7   7   7   7   0   7   7   7   0   0   7   7   6   6   7   7   7   0   0   7  0.06 0.09
  176 D    -1   0   1   3  -3   0   1  -1   1  -1  -1   1   0  -3   0   1   0  -3   0  -1    4   3   7  17   0   4  12   4   3   4   5   9   3   0   4   9   5   0   3   5  0.15 0.15
  177 D    -1   0   1   2  -3  -1   2  -1   0  -1  -3   1  -1  -1   1   0  -1  -3  -1  -1    4   4   8  14   0   0  19   4   2   6   1  10   2   2   8   9   2   0   2   3  0.22 0.20
  178 D     0   0   0   3   1   0   2   0  -2  -2  -2  -1   0  -1   0   1   0  -4  -1  -2    7   4   3  20   3   2  17   6   0   2   3   2   3   2   4   9   4   0   3   3  0.21 0.21
  179 D    -1  -1   0   3  -4   0   2  -1   1  -3  -1   2  -2  -2  -3   0  -1  -4  -3  -1    6   2   5  23   0   2  14   4   3   0   9  15   0   2   0   5   2   0   0   6  0.28 0.25
  180 F     0   0   1   1  -3  -1   2   0   0  -1  -1   0   0   1  -1   1   0  -3   0  -1    8   7   6   8   0   0  17   7   2   2   6   4   2   9   2   9   4   0   3   2  0.10 0.13
  181 D     0  -1   2   4  -4   0   2  -2   1  -3  -2   0   1  -2   0   0  -1  -4  -3  -1    7   2   8  30   0   2  13   2   3   0   4   4   4   2   4   7   3   0   0   4  0.37 0.29
  182 E    -1  -1   0   3  -2   1   3   0   0  -2  -1   1  -2  -3  -2   0   0  -3  -1  -1    2   3   4  17   1   7  22   8   2   1   5   7   0   1   1   5   6   0   2   4  0.26 0.22
  183 E    -1  -2  -1   2   2   0   3  -2  -3  -3  -2   1   1  -3   1   1   0  -4  -3  -3    5   0   2  11   4   3  26   3   0   1   3  11   4   1   7  11   6   0   0   0  0.34 0.30
  184 E     0   1   0   1  -3   1   3  -2   0  -1  -1   1   0  -1  -2   0  -1  -3  -1  -1    6   7   4   9   0   7  22   2   2   4   5   8   2   4   0   7   3   0   2   5  0.18 0.17
  185 T     0  -1   0   2   0   0   2  -1   0   0  -1   0   0  -3   0   0   1  -3  -2   0    9   2   2  12   3   2  14   5   2   6   6   7   2   0   5   8   8   0   0   6  0.10 0.11
  186 E    -1  -1   0   1   2   1   3  -3  -2  -3  -1   2   1  -3   1   1  -2  -4  -3  -1    5   0   4   8   5   5  21   1   0   0   5  16   4   0   8  10   0   0   0   6  0.28 0.24
  187 E     0   0   1   0  -2   1   0   0  -1   0   0   0   1  -2   1   0   0  -2   1   0    6   6   6   6   0   6   6   6   0   6   6   6   6   0   6   6   6   0   6   6  0.05 0.08
  188 K     0   1   1   1  -2   1   0   0   2  -2  -1   0   1  -2   1   0   0  -3  -2   0    7   7   7   7   0   7   7   7   6   0   7   7   6   0   7   7   7   0   0   7  0.09 0.10
  189 V     1   0   0   0   1   0   1   0   0   0  -1   1  -2  -3   1   0   1  -3  -1  -1   14   4   3   6   3   3  12   5   3   6   3  13   0   0   5   5   8   0   3   4  0.09 0.11
  190 P    -1   0   0   2  -4   0   1  -2  -3  -2  -2   0  -3  -1   5   0   0  -4  -3  -2    3   5   4  11   0   5   9   3   0   3   4   5   0   3  31   8   4   0   0   3  0.50 0.32
  191 V     0   0  -1   0  -2   1   0   0  -2   0   0   0   1  -2   1   0   0   3  -2   0    7   7   0   7   0   7   7   7   0   7   7   7   6   0   7   7   7   6   0   7  0.09 0.11
  192 K    -1   1  -2   1  -3   1   1  -1  -2  -3  -1   3   0   1   0   0   0  -3   0  -1    4   5   0   7   0   4  11   4   0   0   4  29   3   7   3   7   4   0   3   3  0.21 0.22
  193 K     0   1   1   1  -3   1   1  -2   2  -2  -2   1   1  -2   1   0   0  -2   1   0    7   7   7   7   0   7   7   0   7   0   1   7   7   0   7   7   7   0   7   7  0.14 0.14
  194 S     0   0   0   0   2  -1   0   0  -2   0   0   0   1   0   1   0   0  -2   1   0    6   6   6   6   6   0   6   6   0   6   6   6   6   6   6   6   6   0   6   6  0.03 0.07
  195 V     0   0   0   0  -3   0   0  -1   0   0  -1   2   0  -1   1   1   0   2  -2   0    6   3   3   6   0   4   6   4   3   6   4  16   3   3   6  10   6   3   0   7  0.08 0.12
  196 R     0   2  -3   1   1   0   2  -1  -3  -1  -1   2   1  -4   1  -1  -1   1  -4  -1    7  13   0   7   3   5  13   4   0   4   5  14   4   0   7   4   3   2   0   4  0.22 0.23
  197 D     0   0   0   2  -1   0   2  -1  -1  -1  -2   2   0  -1  -1  -1   0   0  -1  -1    8   3   5  15   2   4  12   4   1   3   4  15   2   2   3   4   5   2   2   3  0.15 0.16
  198 T     0   0   0   0  -2   1   0   0  -2   0  -1   0  -1   0   1   0   0   3  -1   0    6   6   6   6   0   6   6   6   0   6   6   6   0   6   6   6   6   6   0   6  0.07 0.09
  199 P     0  -1   0   1  -3  -1   0   0  -3  -2  -2   0  -3  -1   4   1   0  -4  -1  -1    7   3   4   8   0   3   6   7   0   2   4   6   0   3  20  13   6   0   2   5  0.25 0.21
  200 A     0   0  -1   1  -3   1   1   0   0  -1  -1   1  -1  -1   1   0   0   1  -2   0   10   3   2   9   0   5  12   8   2   2   4  10   2   2   8   4   6   2   0   7  0.11 0.13
  201 K    -1   0  -1   0  -4   1   2  -2   0   0  -2   3  -3   0   0   0   0   2  -3  -1    5   2   2   5   0   4  13   3   2   5   4  27   0   5   5   5   6   4   0   3  0.24 0.26
  202 N    -1  -1   3   1  -1   0   1   0   1  -2  -2   2   0  -3   1   1   0  -4  -3  -1    4   2  16   8   1   3   8   5   4   3   3  15   3   0   6   9   6   0   0   4  0.20 0.20
  203 A     1   1  -2   1  -3   0   1   0   0  -1  -2   2   0  -2   1   0   1  -4  -3  -1   16   6   0  10   0   2   7   6   2   3   4  14   4   1   7   4   9   0   0   5  0.14 0.18
  204 Q     0  -1  -1   2   0   3   0  -1   0  -2  -2   2   0  -4   1   1   1  -4  -3  -2    5   2   2  10   2  14   4   4   2   1   3  17   3   0   6  12   8   0   0   3  0.24 0.26
  205 K    -1   0   1   1  -3   1   1  -1   2  -1  -2   2   0  -3   2   0   0  -4  -2  -1    4   5   7   7   0   6  11   4   5   3   4  18   3   0   9   4   6   0   0   4  0.19 0.17
  206 S     0   0   1   0  -2   1   0   0  -2   0   0   0   1  -2   1   0   0  -3  -2   0    7   7   7   7   0   7   7   7   0   7   7   7   6   0   7   7   7   0   0   7  0.07 0.08
  207 N     0   1   2   1  -3   0   1   0  -2  -1  -2   2  -2  -3   1   1   1  -3  -3  -2    6   6  10   8   0   4   8   6   0   4   4  17   0   0   6  10   9   0   0   0  0.18 0.16
  208 Q     0   0   0   0  -3   3   0  -1   1  -1  -1   2   0  -1   1   0  -1  -3  -1   0    9   5   4   4   0  18   6   4   3   2   4  13   2   3   6   6   2   0   2   7  0.15 0.17
  209 N    -1  -1   3   1  -3  -1   1  -1  -1  -1  -1   1   0  -2   0   0   1  -4  -1   0    5   2  20   8   0   0   9   3   1   2   4  12   3   2   4   4  10   0   2   7  0.18 0.20
  210 G     0   0   1   0   2   1   0   0  -2   0   0   0   1  -2   1   0   0  -3  -2   0    6   6   6   6   6   6   6   6   0   6   6   6   6   0   6   6   6   0   0   6  0.06 0.08
  211 K     0   0  -2   0  -3   1   0   0  -2  -2  -1   2   1   1   2   0   0  -3  -2   0    5   4   0   6   0   5   7   8   0   0   4  17   5   7  11   8   4   0   0   8  0.14 0.17
  212 D     0   0   0   2   1   1   1   0   0  -1  -2   0  -2  -3   0   0   0  -3  -2  -1   10   4   3  15   4   9  10   7   3   5   4   6   0   0   4   7   6   0   0   3  0.13 0.12
  213 L     0   0   0   1  -3   1   1   0   0  -1  -1   0  -2  -3   2   1   0  -3  -2   0    7   4   3   6   0   9   7   8   3   4   5   5   0   0  12  14   4   0   0   7  0.15 0.13
  214 K     0   1   1   1  -2   1   1  -2  -1  -1   0   1   1  -2   1   0   1  -3  -2   0    8   8   7   8   0   7   8   1   0   0   8   8   7   0   8   8   8   0   0   8  0.12 0.11
  215 P    -1  -1   1   0   1   0   1  -1   1  -1  -1   0   0  -3   4   0   0  -4  -3  -1    5   3   7   3   4   3  11   5   4   3   8   7   3   0  20   5   5   0   0   4  0.23 0.17
  216 S     0  -1   1   0   2   1   0   0   2   0   0   0   1  -2   1   0   0  -3  -2   0    6   0   6   6   6   6   6   6   6   6   6   6   6   0   6   6   6   0   0   6  0.07 0.10
  217 T     0  -1   0  -1  -3   1   0   0   1  -1  -1   1   0  -3   1   1   3  -3  -2  -1    6   0   5   3   0   6   6   5   5   3   4  11   3   0   5  10  22   0   0   4  0.17 0.18
  218 P    -2  -2  -1  -1  -3   2   0  -1   2  -1  -1   1  -2  -3   5   0   0  -4  -3  -1    1   0   3   3   0  10   6   4   7   5   6  11   0   0  28   5   6   0   0   5  0.43 0.28
  219 R     0   1   0   1  -2   0   0   0  -2  -1  -1   1  -1   0   1   1   0  -3  -2   0    8  10   4   8   0   4   5   6   0   3   4  10   0   6   7  12   7   0   0   7  0.09 0.10
  220 S     1  -1   0  -1  -3   1   0  -1   0  -2  -2   2   0  -1   2   2   1  -4  -3  -1   13   2   3   2   0   6   5   4   3   2   2  14   2   3  11  16   8   0   0   5  0.19 0.20
  221 K    -1   1   0  -1  -1   0   0  -2   1  -2  -4   5   0  -4  -1  -1  -1   1  -3   0    4   5   5   3   1   3   4   2   4   2   0  45   2   0   3   4   3   2   0   6  0.52 0.39
  222 G     0   0  -1   0   2   1   0   0   2  -2  -1   0   1   0   1   0   0  -3  -1   0    6   6   0   6   6   6   6   6   6   0   6   6   6   6   6   6   6   0   0   6  0.06 0.11
  223 Q    -1   1   0   0  -4   4   0   0  -2  -3  -2   3  -3  -4   2   0  -1  -4  -3   0    3   5   3   4   0  23   6   6   0   0   3  21   0   0  10   5   3   0   0   7  0.38 0.32
  224 E     0   0   0   0  -3   1   2  -1   1  -1  -2   2   0  -3   0   0   0  -4  -3  -1    5   2   3   4   0   7  18   5   5   3   3  18   2   0   5   4   7   0   0   6  0.19 0.19
  225 S     0  -1  -2   0   0   0   1  -2  -2  -1  -1   1  -2  -2   3   2   1  -3  -3  -1    6   3   0   5   2   2   7   2   0   3   6  13   0   2  13  21   9   0   0   4  0.21 0.20
  226 F     0  -1   0   1   0   0   1   0   0  -1  -1   1  -2   1   2   0   1  -3  -1  -1    8   0   4   7   2   4   8   8   3   2   4  10   0   8   9   7   9   0   0   4  0.09 0.11
  227 K    -1   1  -1   0  -4   1   1  -2  -3  -4  -3   5  -3  -4   1   0  -1  -4  -4  -2    5   5   2   4   0   4  10   2   0   0   2  44   0   0   7   7   4   0   0   3  0.58 0.39
  228 K     0   0   1   1  -3   1   0   1  -2  -3  -3   4  -3  -4   1   0   0  -4  -3  -1    7   2   8   6   0   5   3  12   0   0   1  32   0   0   7   5   6   0   0   4  0.35 0.27
  229 Q    -1   2   0   0  -3   2   1   0   0  -2  -2   3   0  -3   0   0   0  -3  -2  -1    4   9   4   5   0  14   6   7   2   1   4  22   2   0   5   6   5   0   0   5  0.22 0.18
  230 E     0   0   0   1  -3   0   2   0  -1  -2  -1   2  -2  -2   2   0   0  -3  -2  -2    9   3   3   9   0   4  13   7   2   0   8  16   0   2  10   7   5   0   0   2  0.18 0.15
  231 K     0   0   0  -3  -1   1  -1  -1  -3  -4  -2   5  -3  -2  -2   0  -1  -4  -3  -2    6   1   5   0   2   5   2   4   0   0   5  54   0   2   2   6   4   0   0   3  0.66 0.44
  232 T     0   0   1   0  -2  -1   0   0   2   0   0   0   1  -2   1   0   0  -3  -2   0    7   7   7   7   0   0   7   7   6   7   7   7   6   0   7   7   7   0   0   7  0.06 0.08
  233 P     0   0   0   0  -3   1   0   0   1  -1   0   1   1  -3   3   0   0  -3  -2  -2    6   4   4   5   0   5   5   5   4   4  10  10   6   0  14   9   7   0   0   0  0.15 0.14
  234 K     1   1   0   0   2   0   0   0   0  -2  -1   3  -2  -3   0   0   0  -3  -3  -1   14   6   3   4   5   4   5   6   2   0   5  27   0   0   4   3   4   0   0   6  0.18 0.20
  235 T     0   1  -2  -2  -3   0  -2   0   2  -2  -1   2   0  -3   0   1   3  -4  -2  -1    5   7   0   0   0   4   0   8   7   2   5  14   4   0   5  13  23   0   0   2  0.24 0.25
  236 P    -1   0  -1  -3  -4   0   0  -2  -3  -3  -2   1  -3  -4   6  -1   0  -4  -4  -1    4   4   3   0   0   3   7   3   0   0   4  10   0   0  47   4   5   0   0   4  0.92 0.44
  237 K    -1   0  -1  -2  -4   1   1  -1  -2  -3  -2   5  -3  -2   0   1   0   1  -1  -2    4   2   2   0   0   5   9   3   0   0   3  42   0   1   4  12   5   2   2   2  0.46 0.35
  238 G    -1   1   0  -2  -3   0   0   3  -2  -3  -3   3  -3  -1  -1   0   1  -4  -3  -1    3   8   3   0   0   2   6  23   0   0   0  25   0   3   2   6  10   0   0   6  0.33 0.26
  239 P     0  -1  -1  -3  -4  -1  -3  -1  -2  -4  -3   0   0  -2   6   0   0  -5  -4  -2    8   3   3   0   0   2   0   6   1   0   2   6   3   2  48   8   6   0   0   2  0.94 0.45
  240 S    -1  -1   0  -1  -3  -1  -1   1  -2  -1   0   0   1   0   2   2   0  -3  -2  -2    2   3   4   2   0   0   3  13   0   3  14   7   4   5  12  20   7   0   0   0  0.17 0.18
  241 S     0  -2   0   0   1   0   0  -1  -2  -2  -3   1  -3  -2   0   4   3  -4  -3  -2    4   0   4   3   3   3   5   4   0   2   1   8   0   2   4  36  18   0   0   2  0.37 0.31
  242 V    -1  -2  -1  -2   0  -2  -1  -2  -3   2   1   0   1   1  -1  -1   0  -3  -2   2    2   0   3   2   2   0   4   2   0  16  16   7   4   7   2   3   8   0   0  21  0.15 0.16
  243 E     0  -1   0   2  -4   2   4  -2  -2  -4  -4   0  -3  -4   2   1  -1  -4  -2  -3    8   2   5  11   0   7  33   2   0   0   0   6   0   0  10  11   1   0   1   0  0.50 0.32
  244 D     1   1   0   2  -3   0   2   0  -1  -1  -1   1   0  -1  -2   0   0  -3  -1  -2   11   7   4  13   0   3  14   6   0   4   4   9   4   3   0   7   6   0   2   0  0.13 0.12
  245 I     0  -2   1   0  -2   1  -1  -1  -2   2   0  -1   0  -1   1   0   1  -3  -2   1    7   0   9   7   0   7   0   3   0  17   9   4   3   3   7   4  10   0   0   9  0.09 0.13
  246 K    -1   0  -2  -3   1   1  -1  -1  -2   0  -2   4   2   0   0   0  -2  -4  -3  -1    4   3   0   0   4   7   3   5   0   7   1  42   7   4   4   6   0   0   0   4  0.39 0.33
  247 A     2  -1   0   0  -2   0   1   1  -2  -1  -1   0  -2   1  -2   1   1  -3  -2  -1   26   2   4   3   0   2  13   9   0   2   5   6   0   8   0   8   7   0   0   4  0.14 0.17
  248 K    -1   0   0   2  -4   1   2  -1   0  -3  -2   4  -2  -4   1   0   0  -4  -3  -3    3   4   3  11   0   5  14   4   2   0   4  34   0   0   8   4   4   0   0   1  0.40 0.27
  249 M    -1  -2   0   0   2  -2   0  -3  -2   1   2   0   4  -1  -3  -2  -2  -3   1   1    6   0   6   5   4   0   9   1   0   7  19   7  20   0   0   1   0   0   6  10  0.22 0.21
  250 Q     0   1   0   0  -3   3   1  -2  -1  -2  -1   2   1  -2   0   0   0  -3   1  -1    8   9   4   4   0  17   7   1   0   0   7  13   4   0   4   5   6   0   6   4  0.17 0.15
  251 A     2   0   1  -2   1   1   0  -1  -2  -3  -2   1  -2  -3   1   2   2  -4  -3  -1   19   3   9   0   3   6   6   3   0   0   4   8   0   0   7  14  13   0   0   3  0.22 0.21
  252 S     0   0   0   1  -3   1  -1  -2  -2   0  -2   1   0   0  -2   2   1  -3   0  -1    6   3   4   9   0   5   2   2   0   5   2   8   3   5   0  24  11   0   3   5  0.16 0.19
  253 I     0  -1  -2  -1  -2   0  -1  -1  -1   2   0   0   1  -1   0  -1   0  -3  -1   2    9   3   0   2   0   4   4   5   1  16   9   5   3   2   5   2   5   0   2  18  0.07 0.11
  254 E    -1   0  -1   0  -3   1   2  -1  -2  -2   0   2   1  -1   0   1   0  -3  -2  -1    4   5   0   5   0   4  17   4   0   0   9  17   6   4   5  11   5   0   0   4  0.14 0.14
  255 K    -1   1   0  -2  -3   2   1   0  -2  -3  -3   4  -2   0   0   0   0  -3  -2  -3    5   5   5   0   0   9   8   9   0   0   1  35   0   5   5   7   6   0   0   0  0.36 0.25
  256 G     0   0  -1   0   1   0  -2   4  -3  -1  -2  -1   0  -3  -1   1   1  -3  -3  -1    5   4   0   4   3   4   0  37   0   3   4   4   3   0   3   8  13   0   0   4  0.33 0.22
  257 G    -1   0  -1   0  -1  -1  -1   2   1  -2  -1   1   1  -3   3  -1   0   2   0  -1    4   3   2   4   2   2   3  20   4   2   5  12   4   0  13   3   6   3   3   5  0.19 0.16
  258 S     1  -2   2  -1  -3   1  -2   0   0  -3  -2   1  -1  -1   2   2   0  -3   1  -2   13   0  10   2   0   6   1   5   2   0   3   7   1   3   9  24   4   0   6   2  0.23 0.22
  259 L    -2   0  -3  -3   2  -2  -3  -3   1   0   4   0   2   0   0  -1   1  -3  -2   0    1   6   1   1   4   1   1   1   3   3  43   5   5   3   4   5   8   0   0   6  0.33 0.24
  260 P    -3  -1  -3  -3  -4  -3  -3  -4  -4  -4  -4  -1  -4  -4   8  -1   0  -4  -4  -4    1   3   1   1   0   1   1   1   0   1   1   4   0   1  73   5   6   0   0   1  1.91 0.61
  261 K    -1   3  -1  -3  -4   1  -1  -3  -3  -4  -4   6  -3  -4  -3  -2  -2  -4  -3  -4    4  15   2   1   0   4   1   1   0   1   1  65   0   0   1   1   2   0   0   1  1.16 0.45
  262 V     0  -2  -1  -3  -2  -1  -2  -2  -3   0   0   2   1  -2   0   0   1  -3  -2   3    5   0   3   1   0   3   1   2   0   1   9  18   4   0   3   7   9   0   0  32  0.23 0.20
  263 E     0  -2  -1   0  -4   2   5   0  -2  -3  -1   1  -3  -4  -3  -1  -2  -4  -3  -1    6   0   2   3   0   8  49   6   0   0   6   9   0   0   0   4   0   0   0   5  0.60 0.32
  264 A     2   0  -2   2  -3   1   1   0  -2  -3  -3  -1  -3  -4   3   1  -1  -4  -3  -1   26   4   0  11   0   7   9   8   0   1   1   2   0   0  15   9   3   0   0   4  0.33 0.21
  265 K    -1   0   1  -3  -5   2   0  -4  -3  -1  -4   6  -4  -5  -3  -2  -2  -5  -4  -4    4   2   6   0   0   7   4   0   0   4   0  70   0   0   0   0   1   0   0   0  1.21 0.52
  266 F    -5  -1  -5  -2  -5  -5  -5  -6  -4   0  -2  -5  -3   8  -6  -5  -5  -2   0  -1    0   4   0   3   0   0   0   0   0   6   1   0   0  81   0   0   0   0   0   4  1.94 0.62
  267 I    -1   0   1   0  -3   0   2  -1  -2   3  -1   0  -1  -1  -3  -1   0  -3  -1   0    4   5   7   4   0   3  17   5   0  29   4   4   0   2   0   3   7   0   2   6  0.15 0.16
  268 N    -3  -2   7  -1  -4   2  -2  -1   0  -5  -5  -1  -4  -4  -4  -1  -1  -5  -1  -4    1   0  70   0   0  10   0   4   2   0   1   2   0   0   0   2   3   0   2   0  1.36 0.48
  269 Y    -3  -4  -3  -2   0  -3  -4  -4   0  -2   1  -4  -2   4  -4  -3  -3   4   7  -3    1   0   1   2   2   0   0   0   2   0  17   0   0  18   0   0   0   6  48   0  1.16 0.40
  270 V    -1  -4  -4  -4   4  -3  -4  -4  -4   2   1  -3   3  -2  -4  -3  -2  -4  -3   5    4   0   0   0  12   0   0   0   0   6  13   0  11   0   0   0   0   0   0  50  0.70 0.28
  271 K    -2   3   0  -2  -4   0   1  -2  -2  -4  -4   6  -3  -4  -3  -2  -1  -4  -3  -4    0  16   4   0   0   2   9   2   0   0   1  61   0   0   0   0   3   0   0   0  0.90 0.33
  272 N    -1  -2   6   1  -4  -1   0  -2   3  -4  -4  -2  -3  -4  -3   3  -1  -5  -3  -4    4   0  48   5   0   1   6   0  10   0   0   0   0   0   0  23   1   0   0   0  0.84 0.33
  273 C     0  -2   0  -3   8   1  -3   0  -3  -3  -1  -2  -2  -2  -3   1   1  -4  -3  -2    6   1   5   0  42   7   0   6   0   0   6   2   0   1   0  13   9   0   0   0  0.78 0.30
  274 F    -3  -4  -4  -4  -4  -2  -4  -1   0  -1   1  -4   0   7  -4  -1  -3  -1   3  -2    0   0   0   0   0   1   0   5   2   3  10   0   2  59   0   6   0   0  10   0  0.97 0.34
  275 R    -1   3   0  -2  -4   3   0  -3   0  -4  -3   4  -3  -4   1  -2  -2   4  -2  -3    5  19   3   0   0  13   4   0   2   0   0  39   0   0   6   0   0   7   0   0  0.64 0.27
  276 M    -2  -3  -3  -4   0  -3  -3  -3  -3   2   1  -3   6   0  -4  -2   1  -3  -2   3    1   0   0   0   2   0   0   1   0  10  11   0  37   2   0   0  10   0   0  23  0.65 0.30
  277 T    -1  -2  -1  -1  -3   0   2  -1   0  -1  -1  -1  -2   0  -2   1   5  -3  -2  -2    2   0   2   2   0   4  16   3   2   2   5   2   0   4   0   7  49   0   0   0  0.46 0.26
  278 D    -1  -3   2   7  -5  -2   0  -2  -3  -5  -5  -1  -4  -5  -3  -1  -3  -5  -4  -4    5   0   8  77   0   0   2   2   0   0   0   2   0   0   0   2   0   0   0   0  1.42 0.43
  279 Q    -1   0  -1   0  -4   5   1  -3  -2  -2  -1   2  -2  -4   1   0  -1   1  -3  -2    4   2   0   4   0  41   9   0   0   2   6  11   0   0   8   6   3   2   0   1  0.50 0.25
  280 E    -1  -1  -1   0  -4   1   5  -3  -2  -4  -4   4  -3  -4   0  -1  -1  -4  -3  -4    4   0   1   2   0   3  48   0   0   0   0  33   0   0   5   2   2   0   0   0  0.80 0.31
  281 A     3  -2  -3  -3  -2  -1  -1  -2  -3   1  -1  -1   2  -2  -2  -1   1   4  -2   3   35   0   0   0   0   1   3   0   0   4   3   4   6   0   0   0   7   6   0  30  0.34 0.20
  282 I    -2  -2  -3  -4  -3  -1  -3  -4  -3   5   1  -1   1  -1  -4  -2  -1  -3   0   2    1   2   1   0   0   3   0   0   0  62   6   4   3   0   0   4   1   0   3  10  0.63 0.27
  283 Q    -1  -1   2   0  -4   5   1   0  -1  -3  -4   2  -2  -4  -2   1   0  -4  -3  -3    1   0   9   2   0  42   6   7   0   1   0  15   0   0   0  12   4   0   0   0  0.58 0.26
  284 D    -2  -1   1   5  -5   2   3  -3  -2  -4  -4   0  -1  -3  -3  -1  -2  -5  -4  -4    3   1   7  49   0   8  26   0   0   0   0   2   2   1   0   0   0   0   0   0  0.90 0.30
  285 L    -1  -2  -5  -5   1  -3  -4  -5  -4   0   5  -4   2  -1  -4  -3  -2  -3  -3   0    3   1   0   0   3   0   0   0   0   0  84   0   3   0   0   0   2   0   0   4  0.95 0.34
  286 W    -5  -5  -6  -7  -5  -5  -5  -5  -5  -5  -4  -6  -4   1  -6  -5  -5  12   0  -3    0   0   0   0   0   0   0   0   0   0   0   0   0   4   0   0   0  94   0   2  3.87 0.71
  287 Q     0  -1   1   0  -3   4   1  -1  -1  -3  -2   2  -2  -4  -2   0   1  -4  -3  -1    8   0   8   4   0  35   6   4   1   0   2  13   0   0   0   5  10   0   0   5  0.37 0.19
  288 W    -3  -3  -6  -6  -5  -4  -5  -4  -4  -4  -3  -5  -3   4  -6  -5  -5  11   1  -5    2   1   0   0   0   0   0   1   0   0   1   0   0  16   0   0   0  76   3   0  2.98 0.58
  289 R    -2   5  -2  -3  -4   1  -1  -2   2  -1  -1   1  -2  -3  -3  -2  -1   4  -1   1    2  46   0   0   0   7   0   3   7   2   4   5   0   0   0   0   2   7   2  13  0.51 0.22
  290 K    -2   1  -2  -2  -5   6   1  -3  -2  -4  -4   5  -2  -5  -3  -2  -2  -4  -2  -4    0   2   0   0   0  50   3   0   0   0   0  44   0   0   0   0   0   0   1   0  1.12 0.36
  291 S     2  -2  -1  -2  -2  -1  -1  -2  -2  -2  -3  -1  -2  -2   0   4   3  -3  -2  -2   14   0   0   0   0   0   2   0   0   1   0   2   0   2   2  45  32   0   0   0  0.50 0.18
  292 L    -2  -3  -4  -4  -2  -3  -4  -4  -4   1   4  -3   2   1  -4  -3  -2  -2  -1   2    0   0   0   0   0   0   0   0   0   2  74   0   3   6   0   0   0   0   0  15  0.64 0.16

                      K         Lambda
Standard Ungapped    0.1287     0.3068
Standard Gapped      0.0353     0.2670
PSI Ungapped         0.1154     0.3178
PSI Gapped           0.0353     0.2670
