
Last position-specific scoring matrix computed, weighted observed percentages rounded down, information per position, and relative weight of gapless real matches to pseudocounts
            A   R   N   D   C   Q   E   G   H   I   L   K   M   F   P   S   T   W   Y   V   A   R   N   D   C   Q   E   G   H   I   L   K   M   F   P   S   T   W   Y   V
    1 M    -2  -2  -3  -4  -2  -1  -3  -4  -3   0   1  -2   8  -1  -3  -2  -1  -2  -2   1    0   0   0   0   0   0   0   0   0   0   0   0  92   0   0   0   0   0   0   8  1.01 0.21
    2 A     5  -2  -2   1  -1  -1   0  -1  -2  -2  -2  -1  -2  -3  -2   0  -1  -3  -3  -1   87   0   0   9   0   0   5   0   0   0   0   0   0   0   0   0   0   0   0   0  0.61 0.16
    3 N     1   1   2   0  -2   0   1  -1  -1  -3  -3  -1  -2  -3   3   3   0  -4  -3  -2   16   7  17   1   0   0  10   0   0   0   0   0   0   0  18  31   0   0   0   0  0.43 0.12
    4 D    -2  -2   1   6  -4  -1   3   0  -2  -3  -4  -1  -3  -4  -3  -1  -2  -5  -4  -1    0   0   3  57   0   0  24   9   0   0   0   0   0   0   0   0   0   0   0   7  0.86 0.24
    5 P     2  -2  -2  -2  -2  -2  -2   0   1   0  -1  -2  -2  -3   4   0   2  -4  -3  -1   28   0   0   0   0   0   0   7   4   8   4   0   0   0  26   3  21   0   0   0  0.46 0.16
    6 L    -2  -3  -4  -4  -3  -3  -3  -4   2   2   3  -3   0   4   1  -3  -2  -2   0   0    0   0   0   0   0   0   0   0   7  13  48   0   0  24   8   0   0   0   0   0  0.51 0.19
    7 E    -2  -2  -2   0  -5   2   6   0  -2  -4  -4  -1  -3  -5  -3  -2  -2  -4  -3  -1    0   0   0   0   0   6  81   7   0   0   0   0   0   0   0   0   0   0   0   6  1.09 0.35
    8 G    -1  -3   1  -2  -4  -3   0   6  -3  -5  -5  -3  -4  -5  -4  -2  -3  -4  -4  -5    0   0   6   0   0   0   6  88   0   0   0   0   0   0   0   0   0   0   0   0  1.44 0.34
    9 F    -3  -3  -3  -1  -3  -3  -3  -4  -3   1   0  -4   2   7  -4  -1  -2  -1   1   0    0   0   0   5   0   0   0   0   0  11   7   0   5  61   0   5   0   0   0   4  0.84 0.29
   10 H    -1  -3  -2  -1  -5  -2   0  -4  10  -5  -5  -3  -4  -4   2  -3  -4  -5  -1  -5    4   0   0   4   0   0   5   0  77   0   0   0   0   0  10   0   0   0   0   0  1.93 0.58
   11 E     0   0   1  -1  -4   0   4  -1   1  -4  -4   0  -3  -4  -3   2   1  -4  -3  -3    7   4   7   0   0   0  42   4   4   0   0   5   0   0   0  20   7   0   0   0  0.53 0.29
   12 V     1  -3  -3  -4  -3  -3  -3  -4  -4   0  -1   0  -1  -3   0   0   1  -4  -3   5   10   0   0   0   0   0   0   0   0   0   3   7   0   0   4   7  10   0   0  60  0.61 0.36
   13 N    -1   0   6   2   0   3   0  -3   0  -5  -5   0  -4  -5   0   1  -2  -5  -4  -4    3   3  44   9   2  14   3   0   2   0   0   6   0   0   3  10   0   0   0   0  0.75 0.39
   14 L    -1  -3  -3  -1  -3  -1  -1  -2   1   2   4  -1   0  -2  -4  -2   0  -4  -3   0    3   0   0   3   0   3   5   4   4  10  52   5   0   0   0   3   6   0   0   3  0.37 0.28
   15 A     4  -1  -1  -1  -3   0  -1  -1  -3  -3  -2  -1  -3  -4   2   2   0  -4  -3  -1   39   2   3   3   0   5   3   3   0   0   3   2   0   0  11  21   3   0   0   2  0.46 0.32
   16 S     1  -4  -3  -4  -4   0  -3  -2  -4  -2  -3  -3   0  -5  -2   6   0  -5  -5  -2   13   0   0   0   0   5   0   2   0   2   2   0   2   0   2  67   3   0   0   2  1.10 0.68
   17 P     0  -1  -2  -4  -5  -2  -1  -4  -4  -1  -3  -2  -1  -5   7   1  -3  -6  -5  -3    6   4   2   0   0   2   4   0   0   4   2   2   2   0  60  10   0   0   0   2  1.44 0.66
   18 T     0  -2  -3  -3  -3  -3  -3  -2  -4  -3  -4  -1   0  -4  -2   3   5  -5  -4   0    7   2   0   0   0   0   0   2   0   0   1   3   3   0   2  26  44   0   0   8  0.84 0.55
   19 S    -1  -1  -1  -2  -4  -3  -2  -2   1  -2  -3  -3  -4  -5   1   4   4  -5  -4  -2    4   4   2   2   0   0   2   3   3   2   2   0   0   0   6  36  32   0   0   3  0.71 0.54
   20 P    -2   0  -2  -3  -6  -4  -2  -4  -5  -2  -2  -2  -5  -6   7   0  -1  -7  -6  -3    3   5   2   1   0   0   3   1   0   3   4   2   0   0  65   6   3   0   0   1  1.66 0.82
   21 D    -1  -1   1   5  -4   1   1  -2   0  -4  -3  -1  -1  -1   1  -1   2  -5  -4  -2    4   3   5  33   0   5   8   2   2   0   2   4   1   3   7   4  14   0   0   3  0.48 0.36
   22 L    -1   0  -1  -1  -1  -2  -1  -4  -1   0   2  -2   1  -1   4  -1   0  -4  -1  -1    5   6   3   4   2   1   4   0   2   5  29   2   4   3  19   3   6   0   2   2  0.30 0.26
   23 L     1   1   0  -1   0   1   1  -2   1   0   0  -1  -1  -3   2   0   0  -3  -2   0   12   8   4   2   2   6   8   2   5   4  10   3   1   0  13   9   4   0   0   7  0.13 0.14
   24 G     1   0   1   0  -3  -1   1   2  -1  -3  -3  -1  -3  -4   0   2   0  -4  -1  -1   10   6   6   6   0   2   8  16   1   0   2   2   0   0   5  22   6   0   2   4  0.25 0.24
   25 V     1   1  -2  -2  -2   1  -1  -1  -1   0   1  -1   0  -1   1   0   0  -3  -2   1   13   8   0   1   0   6   4   5   1   6  14   3   1   2   6   8   7   0   0  13  0.08 0.13
   26 C     2  -2  -1   0   4  -1  -1  -1   1  -2  -2  -2   0  -1   2   1   1  -3   1   0   19   2   3   5   9   1   4   3   4   2   2   0   3   2   9  10  10   0   6   7  0.20 0.23
   27 D    -1   0   1   2  -4   1   2   0   0  -3  -1   0   0  -1  -1   1   0   0  -3  -2    5   6   7  15   0   6  17   6   2   0   5   4   3   2   2  10   5   1   0   2  0.22 0.21
   28 P     0  -4   0  -2  -4   1  -2  -1   0  -1  -2  -2  -1  -1   5   2  -1  -5  -4  -1    7   0   4   1   0   6   1   4   3   4   5   2   1   3  35  15   4   0   0   4  0.63 0.44
   29 G    -1   3   0   1  -4   0   1   2   2  -4  -2   1  -3  -4   2   1  -1  -5  -3  -4    4  15   4   8   0   4  10  14   6   0   4   9   0   0   9  10   3   0   1   0  0.31 0.28
   30 T     1  -1  -2  -4  -4   1  -2  -2   3  -3  -2  -2  -1  -1   4   1   3  -4   2  -2   14   4   1   0   0   7   1   2   7   1   3   1   1   2  18  12  17   0   7   2  0.43 0.39
   31 Q    -2   0   0   0  -5   3   2  -2   2  -2  -2   0  -3  -5   3   2   0  -5  -2  -3    2   4   4   4   0  16  15   3   4   2   5   4   0   0  14  15   5   0   1   1  0.39 0.35
   32 E    -1   0   0   0  -1   0   3  -2  -1   0  -1   0   0  -2   0   1   1  -4  -3   0    3   3   4   4   2   4  22   2   1   5   6   6   2   1   4  14   8   0   0   8  0.18 0.22
   33 Q    -1  -1  -1  -1  -1   2   1  -3   2   0   0   0   0  -2   3   1  -1  -4  -2  -1    4   3   2   2   2  11   9   1   6   6  11   5   2   1  17  11   3   0   1   4  0.23 0.24
   34 T     1  -2  -2  -1  -4  -1  -1  -1  -4  -1  -2   0  -3  -2   1   3   2  -5  -4   1   12   1   1   3   0   3   4   4   0   2   4   6   0   2   6  24  16   0   0  13  0.30 0.33
   35 T     0   1  -1  -1   0   0  -1   0  -2  -1  -3  -2  -4  -5   0   3   4  -5  -4  -2    8   7   2   3   2   3   4   6   1   4   3   1   0   0   5  27  24   0   0   2  0.42 0.41
   36 S     2  -1  -1  -2   0  -1   1  -2  -1  -3  -2  -1  -1  -4   2   3   2  -5  -4  -1   17   2   2   1   2   3   8   3   1   1   3   3   1   0  12  23  12   0   0   5  0.34 0.34
   37 P     0   1  -1   0  -6  -1  -1  -1  -5  -3  -5  -1  -2  -3   6   1  -1   0  -5  -4    7   9   3   4   0   3   4   5   0   2   0   3   1   1  41  10   4   2   0   1  0.87 0.57
   38 S     0  -2   0  -1  -4  -1  -1  -1  -2  -3  -2  -1  -1  -5   1   5   2  -5  -4  -2    7   2   4   2   0   2   4   5   1   1   5   3   1   0   6  42  10   0   0   3  0.53 0.45
   39 V     0   0  -1  -2   1  -1  -1   2  -1   0  -1  -1  -1   0   3   1   0  -4  -3  -1    7   4   3   2   3   3   3  14   2   6   6   3   1   5  14  15   6   0   0   5  0.16 0.17
   40 I    -1  -2  -2  -1  -4  -1   1  -4  -1   2   1  -1   0  -1   4   0  -1   0  -3   0    4   2   1   3   0   2   8   0   1  13  16   3   2   3  20   7   4   1   0   7  0.30 0.25
   41 Y     0   0  -2   0  -1   2   0  -2   2   0  -1   0  -1   2   0  -1   0  -2   3   0    8   4   1   5   1  11   5   3   7   5   6   4   1   9   4   4   7   0  11   5  0.12 0.16
   42 R    -1   3   0  -1  -1   1   0  -2   0  -1  -1   1  -3  -4   0   0   1  -4  -3   1    5  21   3   3   1   6   5   3   2   2   5   7   0   0   5   8  11   0   0  11  0.22 0.24
   43 P     0  -2  -1  -1  -2  -1  -3  -1   0  -3  -3  -1  -4  -2   5   1   2  -5   0  -1    9   2   2   4   1   2   1   4   2   1   3   4   0   2  33   9  11   0   4   4  0.60 0.44
   44 H    -1   1  -1  -1  -1   2   0  -1   5  -2  -1   0  -3  -1  -2   2   1  -1   1  -2    5   7   2   4   1   8   5   4  16   3   5   5   0   2   1  19   7   1   4   2  0.29 0.29
   45 P    -2  -1   1   2  -1   1   0  -2   0  -1  -1  -1  -2  -3   4   2   1  -5  -4  -1    2   4   7  10   1   7   6   2   3   3   7   2   1   1  19  14   8   0   0   4  0.29 0.27
   46 S     1   0  -1   0  -4   0   0  -2   0  -2  -1  -1  -1  -5   2   4   1   0  -4  -2   11   5   2   4   0   3   6   2   2   2   6   3   2   0   9  31   8   1   0   2  0.34 0.35
   47 T     0   0   0   2   1   0  -1  -2   0  -1  -1  -2  -3  -4   1   2   2  -1  -3   0    9   5   4  11   3   4   3   3   2   2   7   1   0   0   6  16  14   1   0   8  0.17 0.21
   48 L     1  -2  -1  -1  -3   0  -1  -1  -3   1   1  -2   0   1  -1   0   1  -3  -1   2   11   2   3   3   0   4   4   4   0   7  17   1   2   6   3   8   9   0   1  15  0.10 0.14
   49 C     0  -1   0   0   3  -1   0  -1   0  -1   0  -1  -2   1   0   2   1  -3   1  -2    8   3   4   6   8   2   6   3   2   2   8   2   1   6   4  21   8   0   4   2  0.15 0.20
   50 A     1   0  -1   2   0   0  -1   1   0  -2  -3  -1  -4  -5   1   3   1  -5  -4  -3   11   5   2  10   2   4   4   9   3   2   2   3   0   0   7  28   7   0   0   1  0.35 0.34
   51 A     1  -2   1  -1   0   1  -1  -1  -1  -2  -1   1  -3  -4   1   2   3  -5  -4  -2   11   1   7   2   2   8   2   5   1   2   6   8   0   0   6  18  17   0   0   2  0.27 0.30
   52 P     0  -2  -1   0  -5   1  -1  -3   0  -3  -4  -1  -1  -5   6   1  -1  -6  -2   0    7   2   3   6   0   6   4   1   2   1   1   3   2   0  39   9   4   0   2   8  0.77 0.53
   53 L     0  -1  -1   0   0  -1  -2  -1  -2   1   0  -2   0   0   1   1   2  -3   0   0    6   3   3   5   2   2   1   4   1  11  10   1   3   3   6  14  14   0   4   6  0.11 0.16
   54 Q    -1   1  -1   0  -1   4   1  -2  -1  -3  -2  -2  -2  -5   2   1   1  -5  -4   0    6   9   3   4   1  22   9   3   1   1   3   1   1   0  10   9   8   0   0   9  0.35 0.35
   55 A     0  -1  -1   0   0  -1  -2  -3   2   0   1  -1  -1  -1   4   0   0  -4  -2  -1    8   4   2   6   2   2   2   1   6   6  14   3   1   3  24   7   5   0   1   4  0.32 0.27
   56 N     0   1   3   1   1   0   1  -2   1  -1  -1   0  -1  -2  -2   1   1  -4  -2  -2    8   8  16   6   3   4  10   3   4   3   5   3   2   1   2   9  11   0   1   1  0.19 0.20
   57 A     2   1   1   0  -1  -1   0  -1   3  -2  -2   0  -3  -2  -1   1   1   0  -2  -1   17   8   7   5   1   2   5   4   8   1   4   4   0   1   3  13  10   1   1   5  0.16 0.20
   58 L     0   0   0  -1   0   0   0  -2   0   0   1   0   0  -1   1   1   0  -3  -2  -1    6   4   3   4   2   3   6   3   2   6  21   7   3   2   7  12   6   0   1   4  0.07 0.11
   59 D    -1   1   1   1   1   2   1  -1   1  -1   0   0  -2   0  -1   1  -1  -3  -2  -1    4   7   5   8   4  10   9   4   5   2   9   3   0   4   3  13   2   0   1   5  0.10 0.15
   60 L     1   1  -1   0  -1   0   0  -2  -3   1  -1   0  -1  -2   0   0   1  -4  -1   2   14  11   2   5   1   3   5   2   0   7   6   5   1   1   4   5   8   0   2  17  0.10 0.15
   61 S     0   2  -1   1   1   1  -1  -1  -1  -1  -2   1  -1  -3   0   2   0  -4  -2   0    7  14   2   9   3   6   3   3   1   4   3   7   1   1   4  19   5   0   1   6  0.17 0.21
   62 D    -1   0   1   3   2   1   0   0  -1  -2  -2  -1  -1  -3  -1   2   0  -4  -2  -2    5   5   6  22   4   8   5   7   1   2   4   2   2   1   3  14   5   0   1   2  0.25 0.25
   63 L     0   1  -1   0   1   0  -1  -1   0   0   1   0   0  -1  -1   0  -1  -3   1   0    9   9   3   6   3   2   4   4   2   4  18   5   2   2   3  10   3   0   5   6  0.03 0.08
   64 P     0  -1   0   3   0   0   2  -2   0  -1  -2  -2  -4  -1   4   1  -1  -5  -4  -2    7   3   4  15   2   3  11   3   2   3   3   1   0   2  22  11   3   0   0   3  0.39 0.33
   65 T     1   1   0   0   3   0  -1  -2  -1  -2  -2   1  -1  -4   1   1   2  -1  -2  -2   10   9   5   4   6   5   3   2   1   2   4   7   1   0   8  12  15   1   2   2  0.18 0.22
   66 Q     0   0   0   0   0   3   0   0   3  -1  -1   0  -2  -2   0   0  -1   0  -1  -1    8   4   3   4   3  18   6   7   9   3   6   5   0   2   5   7   4   1   2   6  0.16 0.20
   67 P    -1  -1  -2   1  -1   0  -1  -2   1  -3  -1  -2  -4  -5   6   1  -1  -5  -2  -2    5   3   2   9   2   5   3   3   3   2   6   2   0   0  38   9   4   0   1   3  0.68 0.47
   68 V     0  -1  -1   0  -3  -1   0   0  -3   1   1  -1   1  -1  -1   1   0   0  -2   2    7   3   2   7   0   2   5   6   0   8  16   2   3   2   2  11   5   1   0  17  0.09 0.15
   69 Y    -1  -1   0   0   0   0   0  -2   0   0   1  -1  -1   2  -1   0   0  -2   2   0    5   2   3   4   2   4   8   3   3   4  18   3   0   8   2   8   6   0   8   7  0.06 0.11
   70 S    -1   1   1  -1   1  -1   0  -2  -1  -2  -1  -1  -1  -2   2   3   0  -4  -3  -1    5   8   7   3   4   2   7   3   2   2   8   2   2   2  10  26   4   0   0   5  0.23 0.27
   71 S     0   0  -1   1  -1   0   1  -1  -1  -1  -4  -1  -1  -2   0   3   1   0  -1  -1    6   5   3   9   1   4   9   4   2   4   0   3   1   2   4  29   6   1   2   5  0.25 0.29
   72 P     0  -1   0   1  -4   0   2  -1   1  -4  -1   0  -1  -4   5  -1  -1   0  -2  -1    7   3   5   7   0   3  12   4   3   0   6   5   2   0  29   4   4   1   1   4  0.45 0.34
   73 R     0   3  -1   0   0   2   0  -3   0  -1  -1   1  -1  -3  -1   1   1  -4  -1  -1    7  21   2   5   2   9   5   1   2   4   8   9   1   0   2   9   8   0   2   4  0.21 0.22
   74 H     0   0   0   1  -4   1   0  -2   5  -1  -1   1   0  -1  -2   1   0  -4  -2  -1    7   4   5   8   0   6   5   2  17   3   7   9   2   3   2  10   5   0   0   4  0.22 0.23
   75 F     0   0   0  -1   1   0   1  -2   0   1   1  -1   0  -1   0   0   0  -3  -2   1    6   6   4   3   3   5  10   3   2   7  16   2   3   3   5   7   5   0   0  11  0.05 0.10
   76 N     0   0   3   1   1   0   0   0   2  -2  -2  -1  -1  -1  -1   1   0  -4   0  -1    7   4  18   6   3   4   5   7   6   2   4   3   2   2   3  10   5   0   3   4  0.15 0.17
   77 C     0   0   1   0   3   0   0   0   1   0   0  -1   1  -3   0   1   1  -3   0   0    5   5   6   4   7   5   4   9   3   6   8   3   4   0   4  11   9   0   3   5  0.06 0.10
   78 A     0   0   0   0   2   0   0  -1   1   0  -1   0   1   0   0   0   0  -2   1   0    5   5   5   5   5   5   5   5   5   5   5   5   5   5   5   5   5   0   5   5  0.03 0.05
   79 E    -1  -1   3   1  -4   1   3  -3   1  -3   0  -1  -1  -3  -2   1   0  -5  -3  -1    4   3  13   7   0   5  24   2   3   1  10   2   1   1   2  12   5   0   1   4  0.33 0.30
   80 V     0  -2  -1  -1   1  -2  -1  -2  -3   1   1  -2   0   0   1   1   1  -4  -2   2    5   2   3   3   3   2   4   2   0   8  13   2   2   3   8  12  10   0   1  19  0.15 0.17
   81 S     1   1   0   0  -4  -1   1   0   1  -3  -2   1  -4  -5   2   3   0  -5  -4  -2    9   8   3   4   0   2   8   7   3   1   3   7   0   0  12  24   5   0   0   2  0.32 0.30
   82 N     1   0   2   1  -2   1   0   1  -1  -3  -2  -1  -4  -5  -1   2   1  -1  -4  -3   10   6   9   8   1   6   6  13   1   1   4   3   0   0   3  20   7   1   0   1  0.25 0.25
   83 I    -1  -1  -3  -1  -2  -1  -3  -1  -1   3   2  -2   1  -1   0  -1   0  -2   1   2    4   3   0   4   1   3   1   4   2  16  22   2   3   1   6   5   5   1   5  13  0.19 0.19
   84 S     0  -1  -1  -1  -1   2   1  -1  -2  -1  -1  -1  -3  -3  -1   4   0  -2  -2   1    5   4   3   4   1   9  10   4   1   3   5   2   0   1   3  30   6   1   1   9  0.28 0.30
   85 A     2   1  -1   1  -2   0   0  -1  -2   1  -1   0  -2  -2   1   1   0  -4  -2  -1   17   7   2   9   1   5   6   3   0   9   6   4   0   1   8  11   6   0   1   3  0.13 0.17
   86 H    -2   1   2   2  -4   2   1  -2   3  -2  -1   1  -2  -4  -2   2   0  -5  -4  -2    2   6  11   9   0   9  10   2   8   2   6  10   1   0   2  14   6   0   0   2  0.30 0.27
   87 A     0  -1  -1   1   0   1   1  -1  -1   0   1  -1   0  -2   0   0  -1  -3  -2   1    8   3   3   9   2   6   9   3   1   5  17   3   1   1   4   9   3   0   1  12  0.07 0.11
   88 P     0  -2   1   1  -3   1   1  -2   0   0  -1  -1  -2  -3   2   2   2  -5  -2  -2    7   1   7   7   1   6   9   3   2   5   5   2   1   1  12  15  14   0   1   3  0.23 0.24
   89 D     0  -1   1   4  -3   3   2   0   1  -4  -2  -1  -2  -1  -2   1   0  -3  -2  -3    6   4   5  21   1  12  11   6   4   0   4   3   1   3   2  11   4   0   2   1  0.33 0.28
   90 P     0  -2  -1   0  -1   1   1  -2   0  -2   1   0  -1  -4   4   0   0  -2  -2  -3    9   2   2   5   1   7  10   2   3   2  14   4   1   0  19   8   6   0   1   1  0.27 0.25
   91 A     0  -1  -1   2  -1   1   1  -1  -1   0   1   0   0  -2  -2   1   0  -2  -3   1   10   3   2  11   1   6  10   5   1   5  14   5   2   1   1  10   4   1   0  11  0.08 0.12
   92 S     0   0   0   1  -4   2   1  -3   0  -2  -1  -1   0  -3   2   2   1  -2  -1  -2    6   6   3   9   0  10   7   1   3   2   8   3   3   1   9  17   8   0   2   2  0.20 0.22
   93 S     0   0  -2  -1   3   2   1   0   0  -1  -2   0  -1  -3  -1   1   2  -4  -3  -1    8   5   1   3   7  10  10   8   2   3   3   5   1   0   3  12  12   0   1   5  0.16 0.19
   94 V     0   0   0   0  -2   0   0  -2   0   0   2  -2   0  -2   0   2   0  -4  -1   0    6   5   5   5   1   4   6   1   2   4  19   1   2   1   5  18   5   0   2   7  0.11 0.16
   95 P    -1   1   1   1  -1   0   1  -1  -1  -2  -2   0   0  -3   3   1   2  -4  -2  -2    4   8   5   7   1   3   9   5   2   2   4   4   2   1  15  10  15   0   1   3  0.22 0.21
   96 S     1   0   0   0  -2   2   1   0  -1  -2  -2  -1  -2  -3   1   2  -1  -4  -2  -1   13   5   4   6   1   8  11   6   2   2   3   3   1   1   6  20   4   0   1   4  0.21 0.22
   97 A     0  -1   1   0  -1   1   1   1   2  -2  -1   0  -2  -3   1   1  -1  -4  -2  -1    8   3   6   6   1   6   8  11   5   1   7   6   0   1   7  13   3   0   1   4  0.13 0.14
   98 V     0  -1  -1  -1   1   0   0  -1  -1   0   2  -1   1  -1   0   0   0  -3  -1   0    6   3   4   2   3   4   8   4   2   5  27   2   3   1   5   6   4   0   2   8  0.09 0.13
   99 A     1   1   0   0   1   2   1  -2   1  -1  -2  -1  -2  -1  -1   1   0  -1  -3   0   13   8   4   5   3   9  11   2   3   3   3   3   1   2   2  13   4   1   0   8  0.12 0.16
  100 S     2  -1   1   0  -2   1   1   0  -2  -2  -2  -1  -1  -3   0   2   1  -5  -3  -2   18   2   7   5   1   7  10   6   1   2   2   4   1   1   4  16  11   0   1   2  0.22 0.24
  101 G     1   0   1   0   1   1   0   2  -1  -2   0   1  -2  -2  -1   1   0  -1  -3  -1   10   6   6   4   4   8   5  15   1   2  10   8   0   1   2   9   4   1   0   5  0.09 0.12
  102 L     0   0   0   0   1   1   0  -1  -2   1   1   0   0  -1   2   0   0  -2  -2   0    7   4   4   4   3   7   5   4   1  10  14   5   2   2   9   8   6   0   1   7  0.06 0.08
  103 T    -1   0   1   0  -3   0   1  -2   0  -1  -1   0  -2  -2   1   1   2  -4  -3   1    5   6   7   4   0   5  10   2   2   2   7   6   1   1   6  10  14   0   0  12  0.14 0.18
  104 K     0   1   0   1  -2   1   2   0   1  -2  -2   1  -2  -1   1   2  -1  -4  -2  -1    8   6   4   9   1   5  13   5   4   1   3   8   1   3   6  16   3   0   1   4  0.17 0.18
  105 L    -1  -1  -2  -2  -3   0  -1  -1   1   1   3  -1   1  -2   0   0  -1   3  -1   0    5   3   2   2   0   4   4   5   3   9  32   3   2   0   5   6   2   4   2   5  0.19 0.21
  106 T    -1   0   1   1  -1   1   2  -2  -3  -1  -1   1   0  -4   0   1   2  -2  -3  -1    5   4   5   8   1   7  12   2   0   4   8  10   2   0   5   9  14   0   0   4  0.16 0.19
  107 S     1   1   1  -1  -4   1   1  -1   1  -3  -2   1  -3  -4   1   2   1  -3  -2  -1   10   7   6   3   0   7  10   5   3   1   3   7   0   0   6  19   7   0   1   4  0.20 0.22
  108 R     0   3   0   0  -4   1   1  -1  -1  -2   1   1  -1  -2  -1   0  -1   0  -2  -1    8  16   3   5   0   7  11   5   1   1  14   8   1   2   3   6   2   1   1   3  0.15 0.18
  109 K     0   0  -1  -1   0   0   2  -1  -1  -1   0   3   1  -2  -3   0   0   0  -2  -1    5   5   3   3   2   4  14   5   2   3  11  19   4   1   1   7   5   1   1   4  0.14 0.17
  110 D    -1   1   0   3  -3   1   3  -1  -1  -3  -1  -1  -2  -3   1   0  -1  -5  -3  -2    4   7   3  20   0   5  19   5   1   1   5   3   1   1   8   7   4   0   0   3  0.32 0.28
  111 S     1   0   2   0  -2   1   0  -1   1  -2  -1   1   0  -3   1   2   0  -2  -2  -2   13   4  10   6   1   6   7   3   4   1   5   8   3   1   6  14   5   0   1   2  0.16 0.18
  112 C     0   1  -1  -1   3   0   0  -1   1   0   0   1   0  -2  -1   1   0  -2  -1   0    8   9   2   2   8   4   6   3   4   4  12   9   2   1   3  10   5   1   2   7  0.08 0.11
  113 N     0   2   0   0   0   2   0  -3   0   0  -1   1  -1  -3  -1   1   1  -3  -2   0    7  11   4   6   2  10   6   1   2   6   7   7   1   1   3  11   9   0   1   7  0.11 0.15
  114 A     2   0   0  -1  -3   2   1   0  -1  -2  -1  -1  -1  -1  -3   2   0  -4  -3  -2   22   5   4   2   0  10   9   6   1   2   6   2   1   2   1  18   4   0   0   3  0.24 0.27
  115 E    -1   1  -1   0  -1   0   4  -3   3  -3  -1   0  -1  -4   0   0  -1   0  -1  -1    6   7   3   4   1   3  31   2   8   1   7   4   1   0   4   6   3   1   2   4  0.35 0.32
  116 R     0   2   1  -2  -1   0  -1  -1   0   0   1   1   0  -2  -2   0  -1  -4  -1  -1    8  16   6   1   1   5   4   5   2   4  17   9   3   1   1   7   4   0   3   4  0.11 0.15
  117 E     0   0   0   0  -5   1   5  -3   1  -5  -3   0  -2  -4  -1   1   0  -6  -2  -3    8   4   5   5   0   5  38   1   3   0   3   5   1   1   3  10   6   0   1   1  0.56 0.43
  118 F     1   0  -1  -1  -2   1   0  -1   0  -1   0   0   0   1  -1   1   0  -3   0  -1   13   4   2   3   1   5   7   3   2   1  10   7   3   9   3  14   5   0   3   4  0.07 0.12
  119 L    -1   0  -3  -4  -2  -1  -1  -1  -1   0   4  -2   2  -2  -4  -1  -2  -5  -3  -1    4   5   1   1   1   3   4   5   2   3  51   3   5   1   1   4   3   0   0   3  0.55 0.40
  120 Q    -1   1   0   1  -2   3   1  -2  -1  -1   0   1   1  -3  -3   0  -1  -4  -2   0    4   8   5   8   1  15   9   3   1   4  11   9   3   0   1   6   4   0   2   6  0.17 0.19
  121 G     0   0   0   0  -2   1   2   1   0  -1  -1   0   0  -2   1   0   0  -3  -1  -1    8   5   4   5   0   6  15  12   2   4   5   6   2   1   6   7   8   0   1   4  0.11 0.11
  122 A     2   0  -1   1  -2   1   1   0  -1  -1  -1   1  -2  -3  -3   0   0  -4  -2   0   20   5   2   8   1   5   9   7   1   4   6  11   0   0   0   5   7   0   1   7  0.14 0.17
  123 T     1   0   0   0   0  -1   0  -2  -2   0   0   0   0  -2  -1   1   1  -3  -1   0   13   6   3   6   2   2   5   2   1   6  12   5   2   1   2  12  12   0   2   6  0.08 0.12
  124 I    -1   0  -2  -1  -3   2   2  -2   1   1   1   0   0  -3  -2  -1   1  -2  -2   0    5   4   1   2   0  11  15   3   3   7  17   7   2   0   2   4   8   0   1   8  0.15 0.19
  125 T     0  -1  -1   0   1   2   1  -1   1  -1   0   0  -1  -2  -2   1   1  -4  -2   1    9   3   2   5   4  10  12   4   4   3   8   4   0   1   1  12   8   0   1  10  0.10 0.14
  126 E    -2  -1  -1   2  -3   1   6  -3  -1  -2  -1   1  -3  -6  -1  -2  -3  -1  -4  -3    2   3   2  10   1   6  49   2   2   3   5   7   1   0   3   2   1   1   0   2  0.83 0.54
  127 A     1   0  -1   0   2  -1   1  -2  -1   1   1   0   0  -2  -2  -1   0  -3  -2   1   15   6   3   4   5   2  10   2   1   7  17   5   1   1   1   4   5   0   1   9  0.08 0.13
  128 S     2  -1  -1  -1   1   2   2  -1   1  -1  -1   1  -1  -2  -2   1   0  -4  -3  -2   20   3   3   3   3   8  14   3   3   3   7   7   1   1   1  13   5   0   1   2  0.20 0.22
  129 A     1   1  -1   0  -1   2   1   0  -1  -2   0   1  -1  -3  -2   1  -1  -4  -2  -2   16   6   3   6   1  10   9   7   1   2  11  10   1   1   1  12   3   0   1   0  0.15 0.19
  130 G     0   2  -1   0  -3   0   0   1  -2  -1   1   1   1  -2  -2  -1  -2  -2  -2   0    6  14   2   5   0   4   6  13   1   2  19   9   4   1   2   3   1   0   1   7  0.12 0.16
  131 N     0   2   3   1  -3   2   1   0  -1  -3  -1   1   0  -2  -2  -1   0  -4  -3  -2    8  10  14   8   0   8  11   6   1   1   8   9   2   1   1   3   4   0   0   3  0.20 0.20
  132 D    -1   0   0   2   0   3   4  -3   0  -3  -1   0  -1  -4  -2  -1  -1  -5  -1  -2    4   5   3  13   2  14  27   2   2   1   5   6   1   0   2   5   4   0   2   3  0.40 0.33
  133 D    -2   0   1   4  -5   0   4  -2   0  -4  -2   0  -2  -3  -2  -2  -1  -2  -4  -2    3   6   8  26   0   3  29   3   2   1   4   5   1   1   1   1   3   1   0   2  0.62 0.42
  134 I     0  -1  -2  -2   0   0   1  -3   1   1   2  -1   3  -2  -1  -1   0  -3  -1   1    7   3   1   2   2   5  10   1   4   9  21   2   8   0   3   3   4   0   2  11  0.15 0.18
  135 F     0   0  -1  -1  -2   2   1  -2  -1   0   1   0   1   0  -2   0   0  -3   0   0   10   5   3   2   0  11   9   1   2   5  16   4   3   5   1   8   7   0   2   5  0.08 0.12
  136 G     1   1  -1  -1  -3  -1   1   0   0  -1  -1   1  -1  -2  -1   1   0  -1  -2   0   16  10   2   3   0   1  10   6   3   4   6  10   1   1   2  12   6   1   0   6  0.11 0.14
  137 L     0   2  -2  -2  -2  -1  -1  -3  -3   0   3   0   1  -3  -2  -1   0  -4  -2   0    7  11   1   2   0   3   4   1   0   4  38   7   2   0   1   5   6   0   1   5  0.29 0.26
  138 S     1   1   2  -1  -2   1   0  -2   0  -2   0   1   0  -3  -2   1   0  -4  -2  -1   12   7  11   2   1   5   6   2   2   2  12  12   3   1   1  12   7   0   1   3  0.14 0.16
  139 T     0  -1   0   2   0   2   1  -2   1  -2   0  -1  -1  -3  -2   1   2  -2  -3  -2    9   2   3  12   3  13  11   1   3   1  11   2   1   0   1  12  13   1   1   1  0.23 0.24
  140 D    -1   0   1   2  -3   1   3  -1   0  -1  -1   2  -2  -3  -2   1  -1  -2  -2  -2    4   3   6  11   1   5  21   3   2   3   8  16   0   1   1   9   2   1   1   3  0.24 0.22
  141 S     0   0   0   1  -2   1   3  -2   0  -1   0   0  -2  -1  -1   0   0  -1   2  -1    7   4   3   7   0   5  22   1   2   3   9   7   0   2   2   7   4   1   8   5  0.15 0.17
  142 L     0  -3  -2  -2   0   1   1  -3  -3   1   2  -1   2  -1  -2  -2  -1  -1  -3   2    6   0   2   2   2   6   9   1   0   6  27   3   5   3   2   1   3   1   0  20  0.24 0.22
  143 S     1  -1   0   2  -3   1   1  -2  -2  -2  -2   1  -1  -3  -2   3   1  -4   0  -1   11   2   5  12   0   5   9   1   1   2   3   8   2   0   1  25   7   0   4   3  0.26 0.25
  144 R    -1   5  -1   0  -5   2   3  -3   1  -4  -3   1  -4  -5  -1  -1  -1  -5  -4  -3    4  33   3   4   0   8  23   1   3   1   3   6   0   0   3   4   3   0   0   2  0.66 0.42
  145 L     0   1  -3  -3  -2  -1  -1  -3  -2   2   4   1   0  -1  -3  -1   0  -4  -2  -1    7  10   0   1   1   2   4   1   1  13  39   8   2   2   1   3   5   0   1   2  0.35 0.29
  146 R    -2   5   0  -1  -3   2   2  -3  -2  -2  -3   3   0  -3  -1  -2  -2  -2  -2  -2    3  32   5   2   1   8  15   2   0   2   2  15   3   1   2   1   2   0   1   2  0.56 0.37
  147 S     0   1   1   0   2   1   0  -2   2  -2  -2   1  -2  -3  -2   2   0  -4  -3   0    7   6   6   5   6   6   5   2   6   2   2  10   1   0   1  21   6   0   0   6  0.19 0.19
  148 P     1   0   0   1  -1   1   2   0  -1  -1  -1   1  -1  -3   1   0   0  -3  -2  -1   12   6   4   7   1   6  14   7   1   4   4   8   1   1   7   8   4   0   0   5  0.12 0.11
  149 S     0   0   0   0  -2   0   1  -1  -1  -1   0   1  -1  -1   0   2   0  -3   0  -1   10   4   5   3   0   4  10   2   1   3   9   9   0   2   5  17   6   0   4   5  0.09 0.11
  150 V     1  -2  -1  -1  -1  -1   1  -2  -1   1   2  -2   3  -2  -2   0  -1  -3  -2   2   12   2   2   2   1   2  13   2   2   8  18   1   9   0   1   6   3   0   0  15  0.16 0.18
  151 L     1   0  -1  -1  -2   2   1  -2  -2  -1   1   0   2  -3  -1   1   0  -3  -3   0   11   4   2   3   1  12  12   1   1   3  16   5   6   0   2  10   5   0   0   7  0.14 0.17
  152 E    -2   2  -1   1  -5   2   5  -3   1  -3  -3   2  -3  -4  -3   0  -3  -4  -3  -3    3  11   2   5   0   9  38   2   4   1   3  12   1   1   0   6   0   0   1   1  0.62 0.40
  153 V     0   0  -2  -1  -1   0   0  -2   0   2   0   0   1  -1  -3   0   0  -3  -1   2    6   5   1   2   1   3   8   3   3  16   9   6   3   2   0   8   3   0   2  18  0.09 0.13
  154 R    -1   4   0  -2  -3   2   0  -3   0  -4  -1   3  -1  -4  -2   0   0  -5  -4  -2    5  29   4   1   0   9   4   1   2   0   7  22   1   0   1   5   5   0   0   3  0.51 0.36
  155 E     0  -1  -1   3  -5   1   5  -2  -2  -4  -3   1  -3  -4  -2   0  -1  -5  -3  -4    7   2   2  19   0   6  37   2   1   1   2   8   1   1   1   6   3   0   1   0  0.63 0.41
  156 K     0   2   0   0  -2   2   1  -2   0  -2  -1   3   0  -2  -3   1   0  -3  -2  -2    5  11   4   5   1  13   8   1   2   2   7  18   3   1   0  11   5   0   1   1  0.23 0.21
  157 G     0  -2  -2   0  -1  -2   0   1  -3   1   2  -2   1  -1  -3   0   0  -3  -2   1    8   2   0   5   1   0   8  14   0   7  20   1   5   1   0   5   7   0   0  15  0.12 0.15
  158 Y    -1  -1   0   1  -2   0   3  -2   2   0  -1  -1   1   0  -2   0  -1  -3   1  -1    5   2   3   8   1   3  27   3   5   8   4   3   4   4   1   7   2   0   6   5  0.19 0.19
  159 E    -1   0   0   1   0   3   3  -1   0  -2  -2   1  -2  -3  -3   1  -1  -4  -1  -3    5   5   3   7   2  13  26   5   2   2   4  10   0   0   0  10   3   0   2   1  0.31 0.24
  160 R    -2   3  -1   0  -5   2   5  -3  -3   0  -4   0  -1   0  -3  -2  -2  -4  -3  -4    3  17   2   5   0   7  46   1   0   6   0   5   1   4   0   0   2   0   0   0  0.74 0.45
  161 L    -1  -3  -4  -4   0  -3   1  -4  -4   2   4  -1   1  -1  -4  -2  -2  -3  -1   1    6   0   0   0   2   0  11   1   0   9  47   3   2   2   0   1   1   0   3  12  0.47 0.33
  162 K     0   2   1   2  -4   1   3  -3   1  -4  -2   3  -2  -2  -3  -1  -1  -4  -3  -2    6  11   7  11   0   7  21   1   3   0   3  21   1   2   0   2   2   0   0   3  0.40 0.30
  163 E     0  -1   0   4  -5   1   4  -1   0  -1  -4   0  -4  -2  -4  -2  -2  -5  -2  -3    8   3   3  25   0   4  37   4   2   4   0   3   0   2   0   2   2   0   1   1  0.65 0.42
  164 E    -2  -2  -1  -2   0   1   3  -3  -4  -1   4  -1   0  -2  -1  -3  -3   2  -3  -1    1   2   3   2   2   6  21   1   0   2  45   2   2   1   3   1   0   3   0   3  0.48 0.39
  165 L     0  -3  -2  -3  -1  -2  -2  -3  -1   0   2  -2   1  -2  -4   2   3  -4  -3   0    6   0   1   0   1   1   2   1   2   5  27   2   3   1   0  16  27   0   0   6  0.38 0.34
  166 A     2   1   0   1  -1   0   2  -2   1  -2  -2   0   0  -4  -3   1   1  -4  -2  -1   26   7   5   6   1   3  14   2   3   2   2   4   3   0   0  10   8   0   1   3  0.22 0.23
  167 K     0   2   1   0  -1   2  -1  -1   1  -3  -3   3   0  -4  -3   1   0   2  -3  -2    8  11   7   4   1   8   2   4   4   0   2  19   3   0   0  14   6   4   0   2  0.26 0.24
  168 A     2   0  -3  -3  -2   0   0  -3  -3   0   2   0   1  -2   0   0  -2   1  -2   0   21   4   0   0   0   4   8   0   0   5  32   5   3   0   3   7   0   3   0   3  0.19 0.21
  169 Q    -1   0   0  -1  -4   3   0  -3  -2   0   0   0   1   5  -3  -1  -1  -2  -1  -1    4   5   4   4   0  16   4   0   0   4   6   6   4  31   0   4   4   0   0   4  0.35 0.31
  170 R     0   1   1   0  -2   1   0   0   2  -1   0   0   1   0  -2   0   0  -3  -1   0    7   7   7   7   0   7   7   7   6   0   7   7   6   6   0   7   7   0   0   7  0.06 0.10
  171 E    -3  -1   0   0  -6   4   6  -5   0  -3  -4   0  -5  -6  -5  -2  -3  -6  -5  -4    2   2   3   4   0  20  52   0   2   2   2   5   0   0   0   2   1   0   0   1  1.20 0.70
  172 A     6  -3  -5  -5  -4  -3  -3  -3   0  -2   0  -3  -1  -5  -3  -2  -3  -1  -5  -1   70   1   0   0   0   1   2   1   2   2  10   1   2   0   1   2   1   1   0   4  1.20 0.70
  173 H    -3   0   7  -2  -6   0   2  -3   5  -6  -6  -2  -3  -3  -5  -2  -4  -5   2  -5    1   4  51   1   0   3  11   1  13   0   0   1   1   1   0   3   0   0   6   0  1.32 0.70
  174 K     0   2   2   0  -4   1   1   0   0  -3  -3   3  -2  -4  -3   0   0  -4  -3  -2    6  10  11   4   0   7   9   6   2   1   2  24   1   0   0   7   7   0   1   2  0.35 0.28
  175 M    -4  -3  -3  -4   0  -1  -4  -6  -5   0   1  -1   9  -4  -6  -4  -5  -6  -5  -1    1   1   2   1   2   3   1   0   0   4  13   3  63   0   0   1   0   0   0   3  1.99 0.95
  176 V    -2  -2  -5  -3  -5  -3  -2  -6  -6   0  -1  -1   0  -2  -5  -3  -2  -6  -2   7    3   3   0   2   0   1   2   0   0   2   6   3   2   1   0   2   2   0   1  70  1.29 0.71
  177 R     2   2   0   0  -2   1   1  -3  -1  -1  -2   0   0  -1  -3   1   0  -4  -1  -2   24  15   4   6   1   6   7   0   1   4   4   5   2   3   0  10   4   0   2   2  0.22 0.24
  178 E     0  -2   0   3  -2  -1   5  -2  -2  -2  -3   1  -4  -4  -4  -1   0  -5  -3  -2    7   2   4  18   1   2  37   2   1   2   3   7   0   1   0   4   5   0   1   2  0.60 0.43
  179 A     5  -1  -4  -3  -5  -1   4  -3  -1  -3  -1  -2   0  -5  -4  -1  -3   0  -3  -3   47   2   0   1   0   2  26   2   1   1   6   2   2   0   0   3   1   1   1   1  0.84 0.59
  180 N     0   3   4   1  -2   1   1  -4   0  -4  -2   3  -2  -5  -4  -1  -2  -5  -4  -2    8  14  21   6   1   5  11   0   2   0   5  19   1   0   0   3   1   0   0   2  0.51 0.39
  181 V    -1   3  -1  -1  -4   1   2  -3   0   0  -1   1   2  -2  -3  -1   0  -2  -2   1    5  16   2   2   0   7  14   1   3   7   6   8   7   1   0   3   5   0   1  12  0.21 0.23
  182 K     1   3  -2  -2  -5   1   2  -2  -3  -2  -2   4   1  -5  -4  -1  -2  -5  -4  -2   13  15   1   2   0   5  11   2   0   3   4  31   3   0   0   3   2   0   0   2  0.51 0.39
  183 Q    -1   5   0   0  -3   3  -1  -4   1  -3  -2   1  -2  -5  -2  -2  -1  -1  -1  -2    6  33   4   4   0  16   3   1   4   1   5   9   1   0   2   2   3   1   2   3  0.55 0.41
  184 A     2   0   0   2  -2   1   2  -3   2  -2  -2   0   0  -2  -3   0  -1  -1  -1  -1   24   4   4  11   1   6  12   1   6   1   2   5   3   2   0   7   3   1   2   5  0.23 0.25
  185 T     1   2   0  -1  -3   2   2  -1   3  -2  -1   1  -1  -3  -3   0   0  -4   0  -2   12  10   4   3   0  11  13   4   7   2   7   9   1   0   0   4   7   0   3   2  0.20 0.21
  186 A     3  -2  -2  -2   1  -1  -1  -2  -2   0   2  -3   0  -2  -4   1   0  -2  -3   1   28   1   2   2   3   3   3   1   1   4  21   1   2   2   0  12   5   0   0  10  0.29 0.29
  187 E    -3   0  -3  -1  -6   3   6  -6  -2  -2  -3   0  -2  -6  -5  -3  -2  -6  -3  -4    2   4   1   3   0  10  63   0   1   2   4   6   1   0   0   1   2   0   1   1  1.33 0.76
  188 K    -2   3   0  -1  -3   2   1  -3  -1  -4  -3   5   0  -5  -4  -1  -1  -5  -5  -4    2  19   5   2   1   8  10   2   1   1   2  36   3   0   0   4   3   0   0   1  0.71 0.48
  189 Q     0   2  -1   0  -5   4   2  -3  -3  -2   2   2  -3  -3  -4  -1  -2  -5  -4  -3    7  12   2   5   0  21  12   1   0   2  19  13   0   1   0   3   2   0   0   1  0.45 0.39
  190 L    -2  -3   1  -3   0  -1  -3  -5   0   0   5  -3   0  -1  -5  -1  -3  -4   1   0    4   1   6   1   2   4   2   0   2   3  55   1   1   2   0   4   1   0   5   6  0.68 0.48
  191 K     0   2   0  -1  -1   1   1  -2   1  -2  -2   4  -1  -2  -2  -1   0  -4  -2  -2    7  12   4   3   1   5   9   2   3   3   3  32   1   1   1   4   4   0   1   2  0.38 0.32
  192 E    -1  -2  -2   1  -6   2   6  -3  -1  -1  -3  -2  -1  -5  -4  -2  -2  -6  -5  -2    5   2   2   7   0   9  54   2   1   5   2   2   1   0   0   2   2   0   0   4  1.03 0.65
  193 A     3  -1  -1  -2   1  -1  -1  -2  -3  -1   0   1   0  -2  -3   1   2  -4  -1  -1   28   3   2   2   3   2   4   2   0   2  10   8   3   2   0   9  13   0   2   4  0.25 0.27
  194 Q    -2   2   1   1  -1   2   3  -2   0  -2  -1   1   0  -2  -3  -1  -1   0  -2  -2    2  13   7   9   1  10  18   2   2   2   7  10   2   2   0   4   4   1   1   2  0.27 0.25
  195 G     0   0   0   0   0   1   2   0   1  -1  -1   0   2  -1  -2   0   0  -3   0  -1    7   5   5   4   3   7  14   8   3   3   7   4   7   3   0   5   6   0   4   4  0.06 0.10
  196 K     0   1   0   0  -3   2   1  -1   1   0   0   2   1  -3  -3   0   0  -4  -3  -1    9   7   4   4   0  10  10   5   4   5   8  15   4   0   0   5   5   0   0   4  0.14 0.16
  197 I     0   0   0   0   2   0   0   0   1   0  -1   0   1   0  -2   0   0  -2   1   0    6   6   5   6   5   5   6   6   5   6   6   6   5   5   0   6   6   0   5   6  0.03 0.07
  198 D    -1   1   0   2   1   2   2  -1   1  -1  -1   0   0  -3  -3  -1   0  -4   0  -1    5   7   4  13   3  10  17   5   3   3   5   6   3   0   0   4   5   0   3   4  0.19 0.21
  199 V     0   0   0   1  -2   0   0   0   1  -1  -1   0   0  -2   0   1   0   1   0   0    9   4   6   8   0   4   5   7   3   4   6   4   4   0   5  12   7   3   4   8  0.05 0.09
  200 L     0  -1  -2  -1  -3   0   1  -3   1   0   2   0   2   0  -1  -1   0  -3   0   0    7   3   0   4   0   4  11   0   5   6  23   5   7   3   3   4   5   0   3   6  0.12 0.16
  201 Q     0   0   1   0  -2   1   0   0   2   0  -1   0   1  -2   1   0   0  -3  -2   0    6   6   6   6   0   6   6   6   6   6   6   6   6   0   6   6   6   0   0   6  0.06 0.08
  202 A     0   0   0   0  -2   1   0   0   2   0   0   0   1   0  -2   0   0  -2   1   0    6   6   6   6   0   6   6   6   6   6   6   6   6   6   0   6   6   0   6   6  0.04 0.07
  203 E     0   0   0   0  -3   3   3  -1   2  -1  -1   0   0   0  -3  -1  -1  -3   0  -1    8   3   4   5   0  13  23   3   5   3   6   4   3   4   0   4   3   0   3   4  0.20 0.23
  204 V     0   0   0  -2   2   1   0  -3  -2   0   0   0   1   1   1   0   0   3   1   0    6   6   6   0   6   6   6   0   0   6   6   6   6   6   6   6   6   6   6   6  0.09 0.14
  205 A     1   1   0   2  -1   2   1  -1   2  -2  -2   1  -1  -3  -1   1   0  -4  -1  -2   10   8   3  11   1  12  10   4   5   2   4   7   2   0   2   9   5   0   2   2  0.17 0.18
  206 A     1  -1   0   0   1   2   1  -1   3  -1  -2   0   0  -3  -1   0   1   3  -2  -1   12   3   3   5   3  12   7   3   9   3   3   6   3   0   3   8   8   5   0   3  0.17 0.20
  207 L     0   0   0  -2   2   1   0  -3  -2   0   0   0   1   1   1   0   0   3   1   0    6   6   6   0   6   6   6   0   0   6   6   6   6   6   6   6   6   6   6   6  0.09 0.14
  208 K    -1   3   0  -1   1   2   0  -2   1  -4  -2   3  -3  -1  -1   0  -1   2  -3  -2    4  14   4   3   3  10   4   3   3   0   4  24   0   3   3   5   3   4   0   3  0.31 0.29
  209 T     0   0   0   0   2   1   2  -1   0  -1  -1   0   0  -3  -1   0   1  -3   0  -1    7   5   4   4   6   6  16   5   3   3   6   5   4   0   3   5  12   0   3   4  0.10 0.14
  210 L    -1   0  -1  -1   1   2   0  -2   1   0   1   0   2  -1  -1  -1   0   1  -1   0    3   6   3   2   4  11   7   2   4   5  18   4   6   2   3   5   5   2   2   6  0.09 0.14
  211 V    -1   0  -2  -4  -1   0  -1  -2  -1   0   2   0   4  -1  -2  -1  -1  -4  -2   2    5   5   1   0   1   5   3   4   2   5  18   7  13   2   2   5   3   0   1  17  0.23 0.24
  212 L     0   0   0  -1  -3   2   1  -1   0   0   0   0   1   0  -1  -1   1   2   0  -1    6   5   3   3   0  10  11   4   3   5  12   6   5   3   3   4   8   3   3   4  0.07 0.11
  213 S     0   0   0   0  -3   1   0   0   2  -1  -2   1  -2  -1   1   1   1   2   0  -1    8   6   4   5   0   5   6   7   5   3   4   9   0   3   6   9  10   3   3   4  0.09 0.12
  214 S     0  -1   0  -1  -1   0  -1  -2   0  -1   0   0   3  -1   0   2   0  -4   0  -1    6   3   4   3   1   4   4   2   2   3  11   6  10   2   6  21   6   0   3   3  0.16 0.22
  215 S     0   1   0   0  -1   1   2   0  -1  -1  -1   0   1  -2  -1   1   1  -3  -1  -1    7   7   4   5   2   5  13   6   1   4   5   6   4   1   2  12   9   0   2   4  0.09 0.12
  216 P     0   1   0   1  -4   2   2  -2   1  -1  -1   0   0  -2   3   1   0  -4  -3  -1    6   7   5   6   0   8  12   2   3   3   5   5   2   2  14   9   5   0   0   6  0.20 0.20
  217 T     0   0   0   1   0   1   0   0   0  -1   0   0   0  -1   0   1   1  -3  -1  -1    7   4   4   7   2   6   6   6   3   2   9   5   3   2   5  15  10   0   1   3  0.07 0.11
  218 S     0   0   2   1  -1   2   0  -1   0  -3  -3   0   0  -4  -1   3   1  -5  -1  -2    7   5   9   7   1   8   5   4   2   1   3   5   3   0   3  24   7   0   2   3  0.26 0.28
  219 P     0  -1   2   1  -2   1   0  -3   0  -2  -4  -1  -1  -2   5   1  -1  -2  -3  -1    6   4   9   6   1   7   5   2   2   2   1   4   1   2  26  12   4   1   1   4  0.47 0.38
  220 T    -1   0   3   0   0   0   1   0   1  -1  -1  -1   1  -1   0   0   0  -4  -1  -1    5   4  15   6   2   5  11   6   3   4   6   2   4   2   6   6   6   0   3   5  0.10 0.14
  221 Q     0   1   1  -1   0   1  -1  -1   2  -1  -1   0   1  -1   1   1  -1   1  -1  -1    7   8   5   4   2   8   4   4   6   3   6   6   5   2   6  11   4   2   2   3  0.09 0.13
  222 E    -1   0   0   0  -4   2   2  -1   4  -1  -1   0   0  -1   0   0   0  -4  -1  -1    5   5   5   6   0   9  13   5  10   3   6   5   2   2   5   8   5   0   2   4  0.16 0.18
  223 P     0   0   0   0   2   0   0  -1   1   0  -1   0   1   0   0   0   0  -2   1   0    5   5   5   5   5   5   5   5   5   5   5   5   5   5   5   5   5   0   5   5  0.03 0.05
  224 L     0   0   0  -1   0   1   0  -1   2   0   1   0   1  -1   0   0   0  -3  -1  -1    8   6   4   2   2   6   5   5   7   5  14   6   4   2   4   9   6   0   2   3  0.05 0.09
  225 A    -1   0   0   0   1   0  -1  -2   0  -1  -2   1   1   0   2   1   1  -5   0  -1    5   5   5   6   3   4   5   4   3   4   4   9   3   3  11  11   8   0   3   5  0.11 0.12
  226 A    -1   0   0   0   2   0   0  -1   2   0  -1   0   2   1   0  -1   0   4   1  -1    5   5   5   5   5   5   5   5   5   5   5   5   5   5   5   5   5   5   5   5  0.09 0.08
  227 A     0  -1   0  -1   1   0  -1   0   1   0   0   0   1   0   1   0   1   2   0  -1    7   4   4   4   3   4   4   7   3   5  10   5   4   3   7   8   9   3   3   4  0.03 0.04
  228 K    -1   1   1   1   0   0   0   0   0  -1  -1   2   1  -2  -1   1   0  -5  -1  -2    6   9   7   7   2   5   7   6   2   3   6  13   4   2   3   9   5   0   2   3  0.12 0.12
  229 T     1  -1   1  -2   0  -2  -1  -1   0  -2  -1   1   1  -2  -1   3   1   0  -2  -2   10   4   6   2   2   2   4   6   2   2   6   9   4   2   3  21   9   1   2   3  0.20 0.21
  230 P    -1   0   0   0  -3   0   0  -1   1   0  -1   0   1   0   0   0   0   3   1   0    5   5   5   5   0   5   5   5   5   5   5   5   5   5   5   5   5   5   5   5  0.06 0.08
  231 F    -1   0  -1  -2   0  -2  -1  -2   1  -1   1  -1   1   4  -1   0  -1   1   0   0    6   4   3   2   2   2   5   4   3   4  12   4   4  18   4   8   4   2   2   6  0.21 0.16
  232 K    -1   0   0   0   2   0   0  -1   2   0  -1   0   2   0   0  -1   0   3   1  -1    5   5   5   5   5   5   5   5   5   5   5   5   5   5   5   5   5   5   5   5  0.03 0.09
  233 R    -2   3   0   1   1   0   0  -2   1  -1  -2   2   1  -1  -1   0   0   2   0  -5    4  14   4   6   3   5   6   3   3   4   5  14   3   3   4   7   5   3   3   0  0.22 0.20
  234 G     0   0  -1   0  -1   1  -1   2   0  -2  -1  -1   0  -1   0   1   0   0  -1  -1    9   5   3   4   1   6   4  18   2   3   6   4   2   2   5  12   6   1   2   4  0.12 0.13
  235 H    -2   0   1  -1   0   0  -2  -2   6  -2  -3   0  -1   0   0   2  -1   0  -2  -3    4   5   7   3   2   4   3   4  20   3   3   5   2   4   5  16   4   2   2   2  0.52 0.36
  236 T     0   1   0   0  -1   1   0   0   0   0  -1   0   0  -2   0   2   1   1  -2  -1    6   7   4   5   2   5   5   8   2   5   7   6   2   2   4  14   9   2   2   4  0.07 0.09
  237 R    -2   4  -1  -1  -1   1   0  -2   0  -1  -2   2   1  -2   0   0  -1   1  -6  -1    3  23   3   4   1   6   6   4   2   4   5  11   3   2   5   8   4   2   0   5  0.35 0.28
  238 N    -1   0   0   0   2   0   0  -1   2   0  -1   0   2   1   0  -1   0   4   1  -1    5   5   5   5   5   5   5   5   5   5   5   5   5   5   5   5   5   5   5   5  0.09 0.08
  239 K     0   0   0   0  -5   1   0   0   1  -1  -1   2   1  -1   2   0   0  -5   0  -1    8   6   4   5   0   5   6   7   3   4   6  11   3   3   9   6   6   0   4   4  0.09 0.10
  240 S     0  -1   0   0  -4   0   0  -1   1  -1  -2   0   0  -1   0   3   0   2   0  -1    5   3   5   6   0   4   5   3   3   4   4   5   3   3   4  28   5   3   3   5  0.18 0.24
  241 T     0   0   0   0   0   0   0   0   1   0  -1   0   0  -1   0   1   0  -3   0   0    6   5   5   6   3   5   4   6   5   4   5   6   3   3   5  11   6   0   4   8  0.03 0.05
  242 S    -1  -1   1  -1   1   0   0  -1   1  -3  -1   0   0   2   1   3   0   0   0  -2    4   3   6   4   3   4   7   5   4   2   5   5   2   7   6  18   6   2   3   3  0.15 0.16
  243 S     0   0   1  -1   0   1   0  -1   0  -2  -1  -1   0  -2   0   2   0   1   0  -1    7   5   6   4   2   7   6   5   3   3   8   3   3   2   5  18   5   2   3   5  0.11 0.14
  244 A     1   0  -1  -1  -1  -1   0  -2   1  -1   1   1  -1  -1   0   1   0  -1  -1   0   11   4   3   4   1   2   6   3   3   4  13   8   2   3   6  13   5   1   2   6  0.06 0.09
  245 M    -1   0   0  -1   0   1  -1  -2  -1   0   1   0   2   0   0   1   0   1  -1   0    5   6   4   4   2   6   4   3   1   5  15   6   5   4   4  10   6   2   2   6  0.06 0.07
  246 G     0   0   1  -1   0   0  -1   0   0  -1   0   0   1  -1   0   1  -1  -1   2   0    8   5   7   4   2   4   4   8   2   3  10   6   3   2   4   9   4   1   8   6  0.04 0.06
  247 G     0  -1  -1   0  -2   0   1   2   1  -2  -2   0   0  -2  -1   2   1  -1  -2  -3    8   4   3   5   1   4   8  16   3   3   4   5   2   2   3  17   8   1   1   2  0.20 0.20
  248 S     1   1   0  -2   0  -1  -1  -1   0  -1  -3  -2   0  -1   2   3   0   1  -1  -2   13   7   5   3   2   3   4   4   2   3   3   3   2   3   9  20   6   2   2   4  0.21 0.22
  249 H     0   0   1   0   0   1   0  -1   4  -1  -2   0   0   0   0   0  -1   1   0  -1    8   5   6   5   2   7   7   4   9   4   5   4   2   3   5   8   4   2   3   4  0.11 0.12
  250 Q     0   0   2   0   2   2   0  -2   2  -1  -2   0   0  -1   0   1   0   1  -1  -2    7   5   8   6   4   9   6   4   4   3   4   5   2   2   6  12   6   2   3   3  0.12 0.14
  251 D    -2   0   0   3   0   2   1  -2   3  -1  -3  -2   0  -2   2   1   0  -7  -2  -3    3   5   5  15   2   8   9   4   6   4   3   3   2   2  10  10   6   0   2   2  0.28 0.25
  252 L    -1  -2   0   0  -1  -1  -2  -1   1  -1   1  -2   1   0   2   1  -1   1   2   0    6   3   4   5   2   2   2   4   3   4  15   3   4   3   9  10   5   2   7   7  0.10 0.11
  253 S     0  -1   1   0   1   1   0  -1   1  -1  -1  -1   0  -1   1   1   1  -5   0  -1    9   3   6   5   3   5   7   5   4   3   6   4   3   3   7  11   8   0   3   5  0.07 0.09
  254 V     0  -1  -1  -1   1   0   0  -1   1   1  -1  -1   1  -1   1   1   0   2   0   0    8   3   3   4   3   3   8   5   4   7   7   3   3   3   8  10   4   3   3   8  0.06 0.07
  255 I     0  -2  -1  -1  -1   0  -1  -2   0   2   2  -1   1   1   1   0   0  -4  -1   0    6   2   3   3   1   5   5   4   2  12  18   3   3   7   7   7   5   0   1   5  0.10 0.12
  256 Q    -2  -1   0   1  -1   3   1  -2   2  -1  -2  -1   1  -1   1   1   0   0   0  -2    3   3   5   7   1  16  10   3   4   3   5   4   3   3   7  11   5   1   3   3  0.20 0.23
  257 P    -1  -1   0  -1  -5   0   0  -1   1  -1  -2  -1  -2  -1   4   2  -1  -6  -2  -1    6   3   4   4   0   5   7   5   4   4   5   4   1   3  24  14   4   0   1   4  0.36 0.32
  258 I    -1  -1   1   0  -1   0   0  -1   1   1   0  -1   0   1   2  -1   0  -4   0   1    5   3   6   5   2   4   6   5   4  10   9   3   2   6   9   4   6   0   3   8  0.07 0.06
  259 V     0   0   0   0   0   0   0  -1   1   0  -1  -1   0  -1   1   1   0   0   1   1    8   5   4   5   2   3   5   4   4   5   6   4   3   3   7  12   6   2   5   9  0.04 0.06
  260 K    -1   0   0   0   2   0   0  -1   2  -1   0   0   1   0   2   0  -1   2   0  -1    5   5   5   5   5   4   6   4   5   4   8   6   3   3  10   6   4   3   4   4  0.08 0.08
  261 D    -1  -1   0   2   3   1   2  -2   3  -1  -2  -1   1  -1   1   0   0  -6   0  -2    5   4   5  12   5   5  11   3   6   4   5   4   3   3   7   6   5   0   3   3  0.17 0.15
  262 C    -1   0   0   0   3   0   0   0   1   0  -1  -1   1   0   0   0   0   2   0   0    5   5   4   5   6   4   6   6   4   5   6   3   4   5   6   7   7   3   4   6  0.05 0.06
  263 K    -1   0   0   0   2   0   0  -1   2   0  -1   0   2   1   0  -1   0   4   1  -1    5   5   5   5   5   5   5   5   5   5   5   5   5   5   5   5   5   5   5   5  0.09 0.08
  264 E     0   0   0   0   2   0   0  -1   1   0  -1   0   1   0   0   0   0  -2   1   0    5   5   5   5   5   5   5   5   5   5   5   5   5   5   5   5   5   0   5   5  0.03 0.05
  265 A     0   0   0   0   2   0   0  -1   1   0  -1   0   1   0   0   0   0  -2   1   0    5   5   5   5   5   5   5   5   5   5   5   5   5   5   5   5   5   0   5   5  0.03 0.05
  266 D     0   0   0   0  -2   1   0   0   1   0  -1   0   1   0   1   0   0  -2   1   0    6   6   5   6   0   5   6   6   5   6   6   6   5   5   6   6   6   0   5   6  0.03 0.06
  267 L    -1   1   0   0   1   0  -1  -1   0  -1   0  -1   0  -1   2   1   0   1   0  -1    4   7   3   6   3   4   3   6   3   3  11   2   2   2  12  11   7   2   4   4  0.09 0.12
  268 S     0  -1   0  -1   0   1   0  -2   1   0   1  -1   1   0   0   0   1  -3   0   1    8   3   4   3   2   6   6   2   4   6  13   2   4   4   4   8   9   0   3  10  0.04 0.08
  269 L    -1  -1  -2  -2   2  -1  -1  -2   1   0   2  -2   0   1   0   0   0   1   0   0    6   3   2   2   5   3   4   3   3   5  25   2   2   6   5   6   6   2   4   5  0.11 0.14
  270 Y    -2   0  -1  -1  -4  -1  -1  -2   4   0   1  -1   0   4  -1  -1  -1   2   3  -1    3   4   3   3   0   3   3   3  10   4  12   3   3  18   3   5   3   3  10   4  0.26 0.23
  271 N     1   1   0   0   1   1   1   0   1  -1  -1   0   0  -3   0   1   0  -3   0  -1   11   7   5   6   3   8   8   5   3   3   7   6   3   0   5   9   6   0   3   3  0.07 0.10
  272 E    -1  -1  -1   1   0   1   4  -4   1  -2  -1  -1   0  -1   0   1  -1  -4  -1  -2    5   2   3   8   2   5  33   0   3   3   5   3   3   3   4  10   3   0   2   3  0.36 0.34
  273 F    -5  -1  -2  -2  -6  -5  -6  -3  -5  -1   0  -3   0   8  -1  -1  -2  -4   1  -2    1   4   2   3   0   0   0   2   0   4   7   2   2  56   4   5   2   0   3   2  1.41 0.71
  274 R    -1   1   0  -1   1   1   0  -1   1   1   1   1   1  -1  -1   0   0  -4   0   0    5   6   3   3   3   7   5   4   4   7  12   9   3   3   3   6   7   0   3   6  0.05 0.06
  275 S    -1   0   0   0   2   0   0  -1   2   0  -1   0   2   1   0  -1   0   4   1  -1    5   5   5   5   5   5   5   5   5   5   5   5   5   5   5   5   5   5   5   5  0.09 0.08
  276 W     0  -2  -2  -2  -5  -1  -2  -2   1  -2  -1  -2   0   4  -2  -2   0   9   1  -2    7   2   2   2   0   3   3   3   4   3   6   2   2  19   3   4   5  24   4   2  0.89 0.54
  277 K     0   0   0  -2  -3   1   0   0   2   0  -1   0   1   1   0   0   0   3   1   0    6   6   5   0   0   5   6   6   5   6   6   6   5   5   6   6   6   5   5   6  0.07 0.11
  278 D     0   0   0   0  -2   1   0   0   1   0  -1   0   1   0   1   0   0  -2   1   0    6   6   5   6   0   5   6   6   5   6   6   6   5   5   6   6   6   0   5   6  0.03 0.06
  279 E     0   0   0   0   2   0   0  -1   1   0  -1   0   1   0   0   0   0  -2   1   0    5   5   5   5   5   5   5   5   5   5   5   5   5   5   5   5   5   0   5   5  0.03 0.05
  280 P    -1  -2  -2  -2   2  -2  -1   0   0  -2  -1  -2  -1  -2   5   1   1  -5  -1  -2    5   2   2   2   4   2   3   6   3   2   6   2   2   2  32  12   8   0   3   3  0.53 0.42
  281 T    -1  -1   1  -1   0   1  -1  -2   2  -2  -2   0   0  -1   0   3   3  -4  -1  -1    4   3   6   4   2   5   3   2   4   3   4   5   2   2   4  21  20   0   2   4  0.24 0.28
  282 M    -1  -1   0  -1  -3   0   0  -2   0   0   1   0   2   0   1   0   1  -3   0   0    4   3   5   3   0   3   5   3   3   6  19   5   6   4   6   9   9   0   3   5  0.07 0.12
  283 D    -1  -1   1   2   0   0   0  -1   1  -1   1   0   1   0   0   0   0  -3   0  -1    5   3   6  15   3   3   5   3   5   4  14   4   3   3   4   8   4   0   3   3  0.07 0.11
  284 R    -1   2  -1  -1   0   1  -1  -2   3  -2  -1   3   1  -1  -1  -1   0   1   1  -1    4  14   3   2   2   6   3   3   8   2   6  17   4   3   3   3   5   2   6   5  0.21 0.23
  285 T     0   0   1   1   1   1   1  -1   1  -1  -1   0   0  -3   0   1   1  -3   0  -1    7   3   6   9   3   5   7   4   3   4   7   4   3   0   4  14  12   0   3   3  0.09 0.13
  286 C    -1  -1   1   0   3   0  -1  -1   3  -1   0  -1   0   0  -3   1   1  -3   0  -1    5   3   9   5   8   3   3   3  10   4  11   3   3   3   0  12   8   0   3   3  0.12 0.17
  287 P     0   0  -1  -1  -1  -1  -1  -2  -1   0  -3   1  -3  -4   5   1  -1  -4  -2  -2   10   5   3   4   2   3   4   2   1   5   3   9   0   0  35   9   3   0   2   2  0.57 0.33
  288 F    -4  -2  -5  -5  -5  -5  -5  -5   0  -1   0  -5   0   7  -5  -5  -1   2   4  -1    1   3   0   0   0   0   0   0   2   3   7   0   2  57   0   0   3   3  11   4  1.44 0.60
  289 L    -2  -4   0  -4  -3  -1  -4  -2  -3   2   3  -4   5   1  -1  -3  -1   2   1   0    3   0   5   0   0   3   0   3   0  10  30   0  19   7   3   0   3   2   5   5  0.48 0.35
  290 D     0   1   0   1   0   1   1  -2   1  -3  -2   4   0  -4  -3   0  -1  -4  -1  -2    8   8   4   8   2   5   9   2   3   0   3  30   2   0   0   7   3   0   2   2  0.32 0.27
  291 K     0   0   0   0   2   0  -1   0   1   0  -1   0   1   0   0   0   0  -2   1   0    6   6   5   6   5   5   0   6   5   6   6   6   5   5   6   6   6   0   5   6  0.03 0.08
  292 I     0  -1   0  -4   6  -3  -1  -4  -4   3   1  -3   1  -1  -4  -1  -1  -4  -3   2    6   4   5   0  22   0   6   0   0  17  11   0   4   3   0   5   4   0   0  14  0.53 0.34
  293 Y     0   0   0   0  -3   1   0  -3   2   0   0   0   1   1  -3   0   0   3   1   0    6   6   6   6   0   6   6   0   6   6   6   6   6   6   0   6   6   6   6   6  0.09 0.13
  294 Q     1   0   1   0  -1   0   1  -1   0  -1  -1   0  -1  -2  -1   1   1  -1  -1   0   13   6   6   5   1   3  13   4   2   3   8   6   2   1   1   8   8   1   1   7  0.07 0.09
  295 E    -1  -1  -1   1  -6   0   6  -3  -4  -5  -3  -1  -1  -2  -4  -2  -2  -5  -2  -3    4   3   3   8   0   3  61   2   0   0   2   3   1   2   0   2   2   0   2   2  1.18 0.66
  296 D    -2  -5   0   7  -6  -4   1  -5   0  -6  -4  -2  -5  -6  -5  -2  -4  -6  -1  -3    3   0   3  68   0   0   9   0   2   0   2   3   0   0   0   2   0   0   3   2  1.67 0.79
  297 I    -1  -5  -3  -5  -1  -2  -5  -5  -1   6  -1  -4   0  -1  -3  -1  -1   2  -2   3    6   0   2   0   1   2   0   0   2  43   3   0   2   2   2   5   3   3   1  22  0.83 0.47
  298 F    -1   0   0   0   2   0   0  -1   1   0  -1   0   1   0  -3   0   0   3   1   0    5   5   5   5   5   5   5   5   5   5   5   5   5   5   0   5   5   5   5   5  0.03 0.10
  299 P    -1  -1  -2  -4   0   1  -4  -3  -1  -3  -1  -2  -4  -5   7  -2  -2  -5  -2  -4    5   4   2   0   2   7   0   2   2   2   8   2   0   0  56   2   3   0   2   0  1.30 0.61
  300 C     1  -5  -2  -5   9  -4  -5  -2  -5  -2  -3   0  -4  -1  -5  -1   1  -5  -1  -1   10   0   2   0  49   0   0   3   0   2   2   5   0   2   0   4  11   0   2   5  1.47 0.63
  301 L    -1  -4  -5  -5   3   1   0  -5  -5   1   5  -4   3   1  -5  -4  -4  -4  -4   0    6   0   0   0   5   6   6   1   0   6  48   1   7   6   0   1   1   0   0   6  0.78 0.38
  302 T     1   3   1   0   0   1  -1  -1   1  -1   0   0   1  -1  -3  -1   0   2   0  -1   11  18   6   4   3   5   4   3   3   3  12   3   3   3   0   4   4   3   3   3  0.12 0.13
  303 F    -3  -3  -3  -1   0  -4  -2  -3  -2  -1   2  -3  -1   7   0  -2  -4   2  -1  -3    2   2   1   3   2   1   3   2   1   3  15   1   1  47   5   3   1   3   2   2  1.14 0.61
  304 A     0  -1   0   2   0  -1   0   2   0  -3  -2   1  -1  -2   0   1   1  -5  -4  -2    8   3   5  14   2   2   5  15   3   1   4   7   2   2   5   9   9   0   0   3  0.18 0.18
  305 K    -1  -1   5   0   0   0  -2  -1   2  -2  -2   0   1  -2   1   1  -1  -5  -1  -2    4   3  28   5   2   3   2   4   4   2   5   5   3   2   7  12   4   0   2   2  0.40 0.36
  306 S     1   0   1  -1   1   0  -1  -2   1  -2  -3   1   0  -1   0   2   0   5   0  -2   10   5   5   4   3   5   4   3   3   3   3   8   3   3   4  15   7   6   3   4  0.18 0.18
  307 E    -1   0   0   0  -3   0   0  -1   1   0  -1   0   1   0   0   0   0   3   1   0    5   5   5   5   0   5   5   5   5   5   5   5   5   5   5   5   5   5   5   5  0.06 0.08
  308 L    -2   2  -1  -2  -3  -2  -2  -1  -3   0   2  -1   1   1  -1   0  -1   3  -1   0    2  11   4   2   0   0   2   6   0   5  28   4   3   7   3   8   4   4   2   4  0.16 0.21
  309 A     0   0   0  -2   2   0  -2   0   2   0   0   0   1   1   1   0   0  -2   1   0    6   6   6   0   6   6   0   6   6   6   6   6   6   6   6   6   6   0   6   6  0.05 0.10
  310 S     0   3   0   0  -3   1   0  -1   1  -3  -2   2   0  -1  -1   2   0  -4  -3  -1    5  17   4   4   0   4   5   4   4   0   4  12   4   3   3  18   5   0   0   3  0.21 0.23
  311 A     0   2   0   0   0   1   0  -3   0  -2  -1   2   0  -1   0   1   0  -3  -1  -2    9  13   4   5   2   5   4   0   2   2   6  18   2   2   3  11   6   0   2   2  0.16 0.18
  312 V    -2  -4  -4  -2   1  -4  -4  -2   0   3   2  -4   2   1  -4  -2  -1   2   0   3    3   0   0   2   3   0   0   3   3  18  20   0   5   7   0   2   4   3   2  25  0.44 0.31
  313 L    -1   1  -1  -3  -1   1  -2  -4   2   1   2  -1   2   0  -2  -1  -1   3   1   0    4   9   3   0   1   8   1   0   5   7  25   3   5   4   2   3   3   4   6   6  0.20 0.21
  314 E     0   1   1   2  -1   1   1  -1   0  -2  -2   1  -2  -3  -1   1   0   0  -2  -1   10   8   7  11   1   4  12   3   3   1   5   9   0   0   3  13   5   2   1   3  0.16 0.16
  315 A     5  -1  -2  -4   2  -1  -2  -1   1  -2  -3  -1   0  -3  -3   2   0  -4  -1  -1   47   3   2   0   4   3   2   3   3   2   2   4   2   1   0  12   4   0   2   3  0.56 0.44
  316 V    -3  -2  -5  -3  -1  -5  -5  -6  -5   5   2  -3   5  -2  -5  -3  -1  -1  -4   3    2   2   0   2   1   0   0   0   0  33  16   1  13   1   0   2   3   1   0  19  0.91 0.51
  317 E     0  -1  -2  -2   0   1   3  -3   0   0   1  -1   2  -1  -1   0  -1  -1  -2   0    8   2   1   1   2   7  19   2   3   5  16   4   5   2   2   8   3   1   1   7  0.15 0.19
  318 N     0   1   1   2  -1   1   1  -2   1  -1  -2   0  -1  -3  -2   1  -1   1  -2  -2    9   8   8  13   2   6  11   2   4   4   4   5   2   1   1  13   3   2   1   2  0.18 0.18
  319 N    -2  -1   6   0  -5   1  -2   3   0  -5  -3  -1  -5  -3  -1  -1  -2  -2  -3  -3    3   3  35   5   0   5   2  25   2   0   4   3   0   1   3   4   2   1   1   2  0.80 0.51
  320 T     0  -1   0  -1   1   0  -1  -2  -2  -3  -1  -1  -1  -2   1   2   4  -2  -3  -2    6   3   4   3   3   4   4   3   1   1   5   4   1   2   6  16  31   1   1   2  0.38 0.35
  321 L    -3  -2  -6  -6   6  -5  -6  -6  -6   3   4  -5   0  -2  -6  -3  -3  -5  -5   1    2   3   0   0  17   0   0   0   0  14  45   0   2   1   0   2   1   0   0  10  1.12 0.56
  322 S     0  -3  -3  -3   1  -2   1  -3  -1   1   0  -2  -2   3  -1   0   2   0   0   1    8   1   1   1   3   1  12   2   1   8   6   1   1  14   3   8  13   1   2  13  0.20 0.21
  323 I    -3  -5  -6  -6  -5  -1  -3  -4  -6   6   0  -5   2  -3  -2  -5   0   2  -4   2    2   0   0   0   0   3   2   2   0  53   8   0   4   1   2   0   5   3   0  14  1.18 0.58
  324 E     0   1   1   1  -2   1   0   0   2   0  -2   0  -1   0   1   0   0  -3  -1   0    7   7   7   7   0   7   7   7   6   7   1   7   0   6   7   7   7   0   0   7  0.08 0.09
  325 P     0   0   0   0  -2   1   0   0   1   0  -1   0   1   0   1   0   0  -2   1   0    6   6   5   6   0   5   6   6   5   6   6   6   5   5   6   6   6   0   5   6  0.03 0.06
  326 V    -1   0   0  -2   2   0   0  -1   2   0  -1   0   1   0   0   0   0   3   1   0    5   5   5   0   5   5   5   5   5   5   5   5   5   5   5   5   5   5   5   5  0.07 0.11
  327 G    -1   0   0   0   2   0   0  -1   2   0  -1   0   2   1   0  -1   0   4   1  -1    5   5   5   5   5   5   5   5   5   5   5   5   5   5   5   5   5   5   5   5  0.09 0.08
  328 L     1  -2   0  -1   0   0   0   0   0  -2  -2  -1   0   0   2   1   1   2  -1  -1   10   2   4   3   2   4   7   7   2   3   4   4   3   4  11  12   8   2   3   5  0.11 0.13
  329 Q     0   0   1   0  -5   2   1   0   1  -1  -2   0   0  -1   1   1   0  -5  -1  -2    6   5   7   6   0   8   9   7   3   4   4   7   2   3   6  11   5   0   3   4  0.11 0.12
  330 P     0   0   0  -2  -1   1  -2  -3   1  -1  -3   1   0  -1   3   2   2   2   0  -2    8   4   5   2   2   5   3   3   4   4   2   7   2   2  14  13  11   3   3   3  0.24 0.22
  331 I    -1  -1  -1  -2  -4   0   0  -1   0   0   1   1   2  -1   2   0   0   1  -1   0    5   3   3   2   0   4   8   5   3   5  13   7   5   2   9   8   6   2   2   8  0.09 0.10
  332 R    -2   3   0  -2  -1   0  -1  -1   1  -1   0   1  -1   1   2   1   0   0  -1  -1    3  15   4   2   1   4   3   5   3   4   9   8   1   5   9   9   6   1   3   4  0.14 0.13
  333 F    -1   0   0  -1  -4   1  -1  -2   0   0  -1  -1   0   2  -1   1   0   5   2   0    5   5   5   3   0   5   4   4   2   5   6   4   3   9   3  10   6   7   6   7  0.16 0.13
  334 V    -1   0   0  -1  -4   0   1   0  -1  -2   0  -1  -2   0   0   2   1  -1   1   1    6   5   4   4   0   3   9   6   1   2   9   3   1   3   5  14   9   1   5   9  0.09 0.11
  335 K     0   1   0  -3  -4  -1  -1  -2   0  -2  -1   2  -1  -1   2   2   1   1  -1  -2    6   8   5   2   0   3   4   3   2   3   8  13   2   2  10  14   9   2   2   3  0.20 0.18
  336 A     2  -1   0  -2  -2   0  -1  -1  -1  -1  -1  -2  -1   0   1   2   0  -1  -2   0   19   4   5   2   1   4   4   4   2   4   6   2   2   4   8  15   6   1   2   6  0.17 0.15
  337 S     0  -1   1   1  -1  -1  -2   0   0  -2  -3  -1  -1  -2   1   3   1  -4  -1  -1    9   4   6   7   1   3   2   7   3   3   3   4   1   2   6  24   9   0   2   4  0.21 0.20
  338 A     2  -1   0  -1   1  -1  -1   0   0  -2  -1   0  -2  -1   1   3   1  -4  -4  -1   16   3   5   4   3   3   3   6   2   2   5   5   1   3   7  21   8   0   0   4  0.21 0.21
  339 V    -1   0   0   0   2   0   0  -1   2   0  -1   0   2   1   0  -1   0   4   1  -1    5   5   5   5   5   5   5   5   5   5   5   5   5   5   5   5   5   5   5   5  0.09 0.08
  340 E     1  -1  -1   1  -5   0   1  -2   1   0  -1   1   1  -1   2   1   0  -5   0   0   10   4   3   7   0   4   9   4   3   5   5   9   3   3   9   9   5   0   3   5  0.11 0.12
  341 C    -1   0   0   0   2   0   0  -1   2   0  -1   0   2   1   0  -1   0   4   1  -1    5   5   5   5   5   5   5   5   5   5   5   5   5   5   5   5   5   5   5   5  0.09 0.08
  342 G     1  -2   1   0   0   0   0   1   0  -2  -2  -1   0  -2   2   1   0   0  -1  -1   11   2   7   4   2   4   6  13   2   2   4   3   3   2  12  11   5   1   2   3  0.14 0.17
  343 G    -1   0   1   0   0   1   0   0   1  -1  -1  -1   0   0   2   0   0  -3   0   0    5   4   7   4   2   6   5   7   5   4   5   3   2   4  11   9   6   0   3   7  0.08 0.10
  344 P    -1   0   0   0   2   0   0  -1   2   0  -1   0   0   0   2   0   0  -3   0   0    5   4   4   4   5   5   4   4   5   5   5   8   3   5  12   6   5   0   4   6  0.08 0.10
  345 K     0   0   0   0   2   0   0  -1   1   0  -1   0   1   0   0   0   0  -2   1   0    5   5   5   5   5   5   5   5   5   5   5   5   5   5   5   5   5   0   5   5  0.03 0.05
  346 K    -1   0   0   0   2   0   0  -1   2   0  -1   0   2   1   0  -1   0   4   1  -1    5   5   5   5   5   5   5   5   5   5   5   5   5   5   5   5   5   5   5   5  0.09 0.08
  347 C    -1  -2  -2  -1   9   0  -5  -3  -5  -2  -2  -2  -5  -2   0   0  -4  -5  -1  -5    4   3   2   5  51   5   0   2   0   2   5   3   0   2   4   7   0   0   2   0  1.59 0.76
  348 A     2   0   0  -2   1   0  -2   0  -1  -2  -1  -1  -1  -2  -1   2  -1   0   1   0   19   6   6   2   3   5   2   5   1   2   7   3   1   2   3  18   3   1   5   8  0.12 0.18
  349 L     0   0  -1  -1   1   0  -1   0  -2   0   2  -2   1   0  -1   0   0  -3   0   0    7   5   3   3   4   5   3   7   0   3  30   0   3   4   3   5   6   0   3   7  0.09 0.15
  350 T    -1  -1   0  -1   7   0  -1  -2   1  -3  -1  -1   1  -1   0   1   0  -4  -3  -1    4   3   5   3  30   4   4   3   4   0   5   3   3   3   6  11   5   0   0   3  0.58 0.41
  351 G     0   0   0   0   2   1   0   0   2  -2  -1   0   1   0   0   0   0  -2   1  -1    6   6   5   6   5   5   6   6   5   0   6   6   5   5   6   6   6   0   5   6  0.05 0.09
  352 Q     0   0   0   0   2   1   0   0   1   0  -1   0   1  -2   1   0   0  -3   1   0    6   6   5   6   5   5   6   6   5   6   6   6   5   0   6   6   6   0   5   6  0.04 0.08
  353 S    -1  -1   1  -1   1   1   1  -2   3  -1  -1  -1   0  -1   3   1   0   2  -1  -1    4   3   7   3   3   6   8   3   6   3   6   4   3   3  12  11   6   3   3   4  0.17 0.17
  354 K    -2   5  -1  -2   2   0  -2   0   1  -2  -2   2   0  -4  -2  -1   0  -5  -1   0    3  31   3   3   5   3   2   6   3   3   4  11   2   0   2   3   5   0   2   7  0.41 0.35
  355 P    -2   0  -2  -1   2   1  -1  -4   0   1   0   0  -1   1   3   0   1   0  -2  -1    3   5   2   4   4   6   5   2   3   7  11   6   1   5  14   8   8   1   1   4  0.17 0.16
  356 C    -2  -2  -3   0   9  -2  -2  -1   1  -2   0  -4  -1  -3  -1  -3  -3  -1   1  -1    3   2   2   5  37   2   3   5   3   3  11   2   2   1   3   3   2   1   4   5  1.18 0.62
  357 R    -1   0   0   0  -3   0   0  -1   1   0  -1   0   1   0   0   0   0   3   1   0    5   5   5   5   0   5   5   5   5   5   5   5   5   5   5   5   5   5   5   5  0.06 0.08
  358 H     0  -2  -2  -2   3   1   0  -3   2  -1   0  -2   2   1   1   0   0   4   2   0    7   0   0   0   7   7   7   0   7   0   7   0   7   7   7   7   7   7   7   7  0.17 0.18
  359 R     0   0   0  -2   2   1   0   0   2   0   0   0   1   0  -2   0   0  -3  -1   0    6   6   6   0   6   6   6   6   6   6   6   6   6   6   0   6   6   0   0   6  0.04 0.10
  360 I    -1   0   0  -3   1  -2  -3  -3  -3   2   2  -1   3   2   0  -2   0  -2   1   1    5   5   5   0   4   0   0   0   0  12  17   5  12  11   4   0   5   0   4   9  0.20 0.20
  361 R     0   3   0  -2  -3   1   0  -3   1   0  -1   1   0   0   0   1   0  -3   1  -1    5  22   3   0   0   5   3   0   3   5   6   9   3   3   5  12   4   0   5   3  0.18 0.18
  362 L    -2  -3  -2  -3  -1  -4  -2  -3  -1   3   3  -3   2   1  -3  -2   2  -1  -1   1    2   1   1   1   1   0   2   2   2  14  34   1   4   5   2   3  11   1   2   9  0.43 0.26
  363 G    -1  -1   1   1  -2   0   0   3  -1  -3  -2  -1  -4  -3  -1   3   0  -4  -4  -2    3   3   5   9   1   4   7  22   1   1   3   3   0   1   2  25   7   0   0   2  0.38 0.28
  364 D    -3  -2   1   5  -5  -1   3  -1   1  -4  -4  -2  -1  -4   0  -1  -1  -5   0  -4    2   2   6  33   0   2  20   4   4   1   2   2   2   1   6   4   5   0   3   1  0.68 0.38
  365 S    -1  -2   2   2  -1   0   0   0   2  -2  -2   0  -2   0  -1   2   0  -1  -2  -2    3   2   9  14   1   5   6   8   4   3   3   5   1   4   2  19   5   1   1   3  0.21 0.18
  366 S     1  -2  -1   4  -2  -1   3   0  -2  -4  -3   0  -4  -3  -2   2   0   1  -3  -3   10   2   2  23   1   2  16   7   1   0   2   5   0   1   2  16   5   2   1   1  0.44 0.30
  367 C    -1  -2   2   2  -1   2   2   0  -1  -3  -3  -1  -2  -4   0   1   1   3  -2  -1    6   1  12  10   1   9  16   7   2   1   2   3   1   0   5   9   7   4   1   4  0.27 0.21
  368 C    -3   2  -3  -2   2  -2  -4  -3  -1  -4  -3  -2  -5  -1   0   0  -1  10   1  -1    2  10   1   3   5   2   1   2   2   1   2   3   0   2   5   7   4  38   5   5  1.40 0.60
  369 Y    -1  -1  -2  -4   0   0  -1  -4   3   1   1   0   0   1  -2  -2  -3   1   5  -1    6   3   2   0   2   4   5   0   7   7  13   5   3   5   2   3   1   1  25   4  0.42 0.26
  370 Y    -1   1   0  -2   3  -2  -3  -3   1  -2   0  -2  -2   0   5   0  -2   3   3  -3    5   7   4   2   6   2   1   1   3   2   9   2   1   3  27   9   2   3  10   1  0.51 0.30
  371 I    -1  -1  -5  -2  -4  -4  -5  -5  -5   6   3  -4   2  -3  -5  -3  -2  -5  -4   2    6   4   0   3   0   0   1   1   0  40  24   0   5   0   0   2   2   0   0  11  0.89 0.39
  372 S    -1  -1  -3   2   8  -4  -2  -2  -4  -4  -4  -4  -4   0  -4   3  -1  -5  -4  -4    4   4   0  12  39   0   2   3   0   0   1   0   0   4   0  26   3   0   0   0  1.30 0.54
  373 P     1   1   0   0  -1   1   0   0   1  -1  -1   0  -1  -1   2   0   0  -3  -1  -1   11   8   3   3   1   9   7   8   5   3   5   5   1   2  10   7   5   0   2   4  0.10 0.08
  374 F     0  -2  -1   0   1  -1  -1  -2   3  -1   0  -2   0   3   0   0  -1   3   3  -1    7   1   3   4   3   2   5   2   7   2  10   1   2  14   4   7   3   4  12   5  0.18 0.15
  375 C     1  -5  -1  -5  10  -5  -5  -5  -5  -4  -1  -5  -4  -5  -2   0   1  -5  -5  -2   11   0   3   0  58   0   0   0   0   0   7   0   0   0   2   6   8   0   0   3  1.94 0.68
  376 R    -2   6  -2  -4  -5  -2  -1  -4   1  -3   1   0  -3  -2  -1  -1  -1  -4   1   0    3  44   2   0   0   0   3   0   4   0  13   5   0   2   4   5   3   0   4   8  0.66 0.37
  377 Y     1   1   1   0  -3   0   0  -1   2  -1  -1  -1   0   1  -1   0   0  -3   0  -1   12  11   8   6   0   5   7   4   7   4   4   0   3   6   3   7   4   0   3   3  0.09 0.09
  378 R    -4   6  -4  -5  -6   2  -3   0  -4  -6  -5   3   3  -6  -5   1  -4  -6  -5  -5    0  47   0   0   0  11   0   8   0   0   0  16   9   0   0   9   0   0   0   0  1.22 0.50
  379 I     1  -2  -2  -3   4  -2  -2  -2  -3   1   1  -2   2   2  -3   1   1  -2  -1   1   11   0   0   0  11   0   0   0   0  11  11   0  11  11   0  11  11   0   0  11  0.19 0.11
  380 T     0   4  -1   0   2  -1  -1  -2  -3   0  -2  -1   0  -1  -4   0   0  -4  -1   2    6  27   2   6   5   2   3   2   0   6   3   2   2   2   0   8   5   0   2  16  0.25 0.23
  381 S     3  -1  -1  -1   1  -1  -3  -2  -3  -1  -4  -1   0  -1   0   3   1   2  -3  -2   33   2   3   3   3   3   0   2   0   3   0   2   2   3   5  22  10   3   0   2  0.41 0.32
  382 V     0  -5  -5  -5   2  -5  -5  -5  -5   1   1  -5  -2   0  -5  -1   2  -5  -4   5    6   0   0   0   5   0   0   0   0   7  11   0   0   4   0   6  11   0   0  50  0.82 0.39
  383 C    -1  -4  -3  -5   9   1  -4   0   1  -1  -1  -2  -1  -3  -4  -2  -2  -4  -2  -2    4   0   1   0  55   6   0   6   4   4   4   2   2   1   0   2   2   0   1   2  1.46 0.53
  384 N    -2  -1   2   5  -4   1   3  -2  -1  -4  -4   0  -4  -5  -3   0  -1  -5  -4  -2    3   2  11  36   0   6  20   2   1   0   0   6   0   0   0   6   4   0   0   2  0.68 0.33
  385 F    -4  -4  -4  -1  -1  -4  -1  -5  -3   0   1  -4   1   7  -5  -4  -3   1   3  -3    0   0   0   5   1   0   4   0   0   3  16   0   3  55   0   0   1   2   8   0  1.15 0.47
  386 F    -2  -4  -4  -5  -1  -3  -4  -5   0   0   2  -1   0   5  -4  -3  -2   1   5   0    2   0   0   0   1   0   0   0   1   6  21   4   2  23   0   2   2   2  27   6  0.73 0.34
  387 T     1  -1   1  -1  -1   0  -1   1  -1  -2  -1   0   0  -3  -2   1   2  -3  -2  -1   15   2   9   2   1   3   2  13   1   1   6   3   3   0   0  13  19   0   1   4  0.18 0.16
  388 Y    -4  -3  -4  -5   2  -1  -4  -5  -1  -3  -1  -3  -1   7  -5  -4  -3   2   6  -2    0   1   0   0   5   3   0   0   1   0   3   2   1  44   0   0   1   2  32   1  1.37 0.52
  389 I    -2  -4  -4  -5  -1  -4  -4  -5  -4   3   4  -4   2   0  -4  -3  -2  -3  -3   2    2   0   0   0   1   0   0   0   0  22  45   0   4   4   0   1   1   0   0  16  0.70 0.32
  390 R    -1   6   1  -3  -4  -1  -2  -2   0  -3  -3   1   1  -4  -4   1  -1  -4  -3  -4    3  58   6   0   0   0   0   2   2   1   2   7   4   0   0  10   2   0   0   0  0.98 0.44
  391 Y    -2  -1   1  -2  -1   0  -2  -2   4   0   0   0   3   0  -3  -1   0  -2   4   0    2   2   9   1   1   3   0   2  15   5   8   6  10   3   0   4   6   0  17   6  0.28 0.21
  392 I    -2  -4  -4  -4   2  -4  -4  -4  -4   4   3  -4   2   0  -4  -3  -2  -3  -3   2    2   0   0   0   5   0   0   1   0  34  29   0   5   4   0   0   2   0   0  16  0.66 0.30
  393 Q    -1   4  -1  -3  -2   3  -1  -3   2  -2  -1   3  -3  -3  -3   0  -1  -4  -2  -2    4  29   2   0   1  12   2   1   6   2   6  21   0   1   1   6   3   0   1   2  0.50 0.30
  394 Q    -1   1   1   2  -3   4   1  -2   0  -2  -1   1   0  -3  -2   0  -1  -4  -3  -2    5   8   5  11   0  28   6   3   2   2   8   7   2   1   1   5   3   0   0   2  0.33 0.24
  395 G    -2   1   0   0  -5  -2  -3   6   0  -5  -5  -2  -5  -5  -1  -2  -2  -5  -5  -4    1   7   4   4   0   1   1  67   2   0   0   2   0   0   4   2   2   0   0   1  1.18 0.49
  396 L    -1  -2  -3  -3   0  -3  -3  -3   3   2   4  -2   1  -1  -4  -2  -1  -3   0   2    3   1   0   1   2   0   0   2  10   9  44   1   3   2   0   3   2   0   3  13  0.46 0.28
  397 V    -2  -2  -2  -4  -2  -1  -3  -4  -2   2   0  -2   1   1  -4  -2   0   6   4   3    2   2   2   1   1   2   2   1   0  11  10   2   3   4   0   1   5  13  15  23  0.52 0.30
  398 K    -1   3   1   0  -3   1  -1  -1   1  -4  -3   4  -2  -4  -2   1   0  -4  -3  -3    5  15   7   6   0   6   2   5   3   0   2  32   1   0   1  10   5   0   0   1  0.45 0.28
  399 Q     0  -1   1   0   1   2   0   0   3  -2  -1   0  -1  -2  -2   2   0  -3  -2  -1    8   2   9   3   4  11   4   9   9   1   5   3   1   1   1  18   5   0   1   5  0.16 0.15
  400 Q     0   3   0   1  -2   2   1  -1   2  -3  -2   0  -1  -3  -2   0   0  -1  -2  -1    6  21   4   7   1  10  11   4   6   1   2   5   2   1   1   7   7   1   1   4  0.24 0.18
  401 D    -1  -2   0   3  -3  -1   1  -1  -3  -3  -4  -1  -3  -5   3   3   2  -5  -4  -3    4   1   4  17   1   2   9   5   0   1   1   4   1   0  16  22  12   0   0   1  0.48 0.32
  402 V     0   0   0   0   2   0   0  -1   1   0  -1   0   1   0   0   0   0  -2   1   0    5   5   5   5   5   5   5   5   5   5   5   5   5   5   5   5   5   0   5   5  0.03 0.05
  403 D    -1   0   0   1  -4   1   2  -1   2  -1  -1   0   0  -1  -1  -1   0   2   0  -1    3   4   5   8   0   6  17   5   7   3   7   6   3   3   3   4   6   3   3   3  0.12 0.16
  404 Q    -1   0   0   4   0   2   3  -1   0  -2  -3   2  -4  -1  -1   0  -1  -5  -4  -2    4   5   3  21   2   8  17   4   2   2   3  11   0   2   3   6   3   0   0   3  0.36 0.32
  405 M     2   0  -2  -5   0  -1  -2  -5  -1   2   3  -2   4  -3  -5  -1   0  -5  -1   1   16   5   2   0   2   2   2   0   2   9  25   2  13   0   0   4   5   0   2  10  0.41 0.34
  406 F    -2  -8  -9  -9  -8  -8  -8  -9  -6  -2  -3  -3  -7   5  -9  -8  -8   8   8  -3    4   0   0   0   0   0   0   0   0   2   3   2   0  24   0   0   0  20  42   2  2.36 1.02
  407 W    -1   1   0  -2   0   1   2  -4   0  -2  -1   1   0   0  -4  -1  -2   8   1  -2    5   7   5   2   2   6  13   1   2   2   6   8   2   4   1   4   2  21   4   3  0.62 0.39
  408 E    -4  -1  -1   1  -8   2   6  -6   1  -8  -7   1  -3  -8  -6  -4  -3  -1  -6  -7    1   3   3   8   0   9  62   0   4   0   0   7   1   0   0   1   1   1   0   0  1.54 0.74
  409 V    -1  -5  -2  -5   5  -3  -4  -4  -5   3   1  -5   1   1  -5   1  -1  -5  -2   3    5   0   2   0  12   1   1   1   0  20  12   0   4   5   0  12   3   0   1  21  0.58 0.35
  410 M    -1  -3  -2  -5  -2   0  -5  -4  -5   3   2  -4   5  -3  -5  -1   1  -5  -2   3    4   1   2   0   1   6   0   1   0  14  19   0  14   1   0   4   9   0   1  23  0.59 0.36
  411 Q    -2   6  -1  -3  -2   1  -2  -3   1  -6  -3   3  -2  -4  -5  -1  -2   4  -1  -4    3  43   3   1   1   5   2   2   3   0   3  15   1   1   0   5   3   5   2   1  0.91 0.49
  412 L    -3  -1  -4  -7  -6  -4  -6  -7   4   0   6  -3   1  -1  -7  -5  -5  -6  -2  -3    3   4   1   0   0   1   0   0   9   4  70   1   3   2   0   1   0   0   2   1  1.39 0.65
  413 R    -7   8  -6  -7  -1  -1  -5  -8  -6  -8  -5   2  -6  -8  -7  -6  -4  -8  -7  -8    0  80   0   0   2   3   0   0   0   0   1  13   0   0   0   0   1   0   0   0  2.51 1.00
  414 K    -1   4  -3  -3  -1   0   2  -3   0  -3   2   3  -1  -3  -5  -2  -2  -5  -3  -3    4  22   0   1   2   4  15   2   2   1  24  16   1   1   0   2   2   0   0   1  0.52 0.36
  415 E    -2   4   2  -1  -2   4   1  -2  -1  -2  -4   2  -1  -4  -5   0  -3  -6  -2  -4    4  21  12   2   1  20   8   2   1   3   1  14   1   1   0   5   1   0   2   1  0.60 0.39
  416 M    -6  -7  -8  -9   1  -6  -8  -8  -7   3   0  -7  10  -5  -8  -7  -6  -7  -6  -2    0   0   0   0   2   0   0   0   0  14   7   0  75   0   0   0   0   0   0   3  2.95 1.09
  417 S     3  -5  -2  -6   1  -3  -5  -2  -1  -3  -2  -5   0   6  -6   1   0   4   0  -2   22   0   2   0   3   1   0   3   2   1   3   0   2  38   0  10   5   5   2   3  0.91 0.48
  418 L    -2  -2  -4  -5   1  -2  -3  -5  -1  -1   3  -4   2   1  -6  -2  -3   8   4  -1    3   2   1   1   3   2   1   0   2   2  31   0   5   5   0   3   1  19  15   4  0.94 0.46
  419 A     6  -4  -3  -6   0  -4  -5  -3  -3  -3  -4  -5  -5  -6  -5   3  -1  -7  -6  -3   66   1   1   0   2   1   0   1   1   1   1   0   0   0   0  19   4   0   0   1  1.41 0.69
  420 K    -6   8  -5  -6  -8  -4  -5  -7  -5  -4  -5   3  -1  -7  -7  -4  -4  -7  -6  -4    0  75   0   0   0   0   0   0   0   1   1  18   2   0   0   1   1   0   0   1  2.25 0.87
  421 L    -3  -5  -3  -6   1  -4  -5  -6  -5   3   4  -5   4   1  -6  -2  -3  -5  -2   2    1   0   2   0   2   1   0   0   0  17  42   0   9   5   0   4   1   0   1  16  0.84 0.40
  422 G    -2  -7  -5  -3  -7  -6  -6   7  -6  -8  -8  -6  -1  -7  -6  -3  -6  -7  -7  -7    2   0   0   1   0   0   0  94   0   0   0   0   2   0   0   1   0   0   0   0  2.50 0.84
  423 Y     1  -4  -3  -5  -3  -4  -4  -3  -3   2   3  -4   1   4  -4  -1   0  -3   2   0   15   0   1   0   0   0   0   1   0  12  26   0   4  22   0   4   5   0   8   3  0.51 0.27
  424 F    -2  -4  -4  -4  -3  -1  -3  -3   1   1   3  -4   2   3  -4  -1  -1   6   3   0    1   0   0   0   0   3   1   2   4   6  31   0   6  11   0   6   3  11  11   4  0.50 0.25
  425 K    -1   0   0   0  -4  -1   1  -3   1  -3  -2   1  -2  -2   5   1   1  -4  -3  -3    2   6   4   6   0   1   8   0   3   1   4  11   1   2  27  14   9   0   0   1  0.46 0.22
  426 E    -2  -1   2   4  -4   1   3  -3   2  -2  -3  -2  -3  -4  -1   1  -2   1  -3  -3    2   3   8  30   0   7  22   0   7   3   1   0   0   0   3  10   0   2   0   1  0.56 0.25
  427 E     0  -1  -1   2  -4   2   5  -1  -2  -3  -3   1   0  -4  -2   0   1  -4  -3  -2    8   0   0   9   0  10  47   3   0   0   2   5   4   0   0   2   9   0   0   1  0.56 0.22
  428 L    -2  -3  -4  -4  -2  -3  -4  -4  -3   2   4  -3   4   0  -4  -3  -2  -3  -2   0    0   0   0   0   0   0   0   0   0   8  72   0  20   0   0   0   0   0   0   0  0.72 0.16

                      K         Lambda
Standard Ungapped    0.1294     0.3152
Standard Gapped      0.0346     0.2670
PSI Ungapped         0.1132     0.3176
PSI Gapped           0.0346     0.2670
