
Last position-specific scoring matrix computed, weighted observed percentages rounded down, information per position, and relative weight of gapless real matches to pseudocounts
            A   R   N   D   C   Q   E   G   H   I   L   K   M   F   P   S   T   W   Y   V   A   R   N   D   C   Q   E   G   H   I   L   K   M   F   P   S   T   W   Y   V
    1 M    -3  -4  -5  -6  -3  -4  -5  -6  -5   2   4  -4   6  -2  -5  -4  -3  -4  -3   2    0   0   0   0   0   0   0   0   0  11  46   0  28   0   0   0   0   0   0  15  1.06 0.44
    2 A     5  -3  -3  -3  -3  -2   0   0  -4  -1  -2  -3  -3  -4  -3   2  -1  -5  -4   1   50   0   0   0   0   1   6   5   0   2   3   0   0   0   0  19   2   0   0  12  0.64 0.40
    3 G     1  -3  -1  -2  -3  -1   1   3  -3  -2  -3  -2  -3  -4   1   3   1  -2  -4  -3   13   0   1   0   0   2  10  26   0   3   2   0   0   0   7  25  11   1   0   0  0.47 0.33
    4 A     3  -3   0   0  -3  -1  -1   1  -3  -3  -4  -2  -3  -3   2   3   0  -5  -4  -1   34   0   4   5   0   3   2  10   0   1   0   1   0   1  10  21   5   0   0   4  0.46 0.35
    5 G     0   0  -2  -1   2  -2  -1   3  -4  -5  -4  -3  -4  -5  -2   4   1  -5  -5  -4    7   5   1   3   4   1   3  27   0   0   1   0   0   0   1  37  10   0   0   0  0.70 0.46
    6 G    -1  -4   0   1  -2  -2   0   5  -2  -5  -5  -2  -5  -4   2   3  -2  -5  -2  -4    2   0   4   8   1   1   6  40   1   0   0   2   0   0  11  21   1   0   1   0  0.74 0.45
    7 G     0  -3   2   3  -4  -1   1   3   0  -3  -4  -2  -2  -5  -1   3   0  -5  -4  -3    6   0   9  20   0   2   7  20   2   1   1   2   1   0   3  22   4   0   0   1  0.48 0.35
    8 N    -2  -1   4   3  -4   1   2   1   2  -4  -4  -2  -1  -5   0   1  -1   0  -4  -3    2   3  20  17   0   6  12  10   5   0   1   1   2   0   4  11   3   1   0   2  0.42 0.32
    9 D    -2  -1  -1   4  -4   1   1  -2   0   0  -3  -2  -4  -5   1   2   2  -2  -4  -3    2   3   2  26   0   5  10   3   2   6   3   1   0   0   8  14  12   1   0   1  0.42 0.34
   10 I    -1  -2   0  -4  -1  -1  -2  -4  -2   3   2  -1   2   1   1  -1   1  -4  -1   0    4   2   5   0   1   2   2   0   1  23  21   3   5   6   8   3   8   0   1   5  0.27 0.24
   11 Q    -3   2   1   2  -3   3   2  -2  -1  -4  -1   1   1  -5  -2   1   0  -5  -4  -2    1  11   6  10   1  18  11   2   1   0   6   8   4   0   1  10   6   0   0   3  0.33 0.30
   12 W    -4  -3  -8  -8  -7  -2  -7  -5  -7   2  -1  -7  -2   0  -8  -7  -7  12   0  -3    2   2   0   0   0   2   0   1   0  10   6   0   1   4   0   0   0  68   2   2  3.13 1.22
   13 C    -3   3   1   0   4   0  -2  -4   3  -3  -2   4  -4  -3  -4  -1  -2   3   1  -2    1  14   6   6   9   5   1   1   7   1   4  26   0   1   0   4   2   4   6   3  0.54 0.39
   14 F    -4  -3  -6  -1  -5  -1  -6  -6  -2   0   2  -6  -3   7  -4  -5  -3   4   2   1    1   1   0   3   0   3   0   0   1   5  17   0   0  44   1   0   2   6   5   9  1.16 0.60
   15 S     0   0  -1  -1   2  -2  -1  -1  -2   0  -1  -3  -2  -2  -3   3   1   4  -2   0    7   5   3   4   4   1   3   4   1   5   7   0   1   2   1  29  10   7   1   7  0.31 0.31
   16 Q    -5  -2  -1   3   2   8   0  -6   0  -7  -5  -2  -5  -3  -6  -3  -2  -6  -3  -3    0   1   2  15   4  59   4   0   2   0   1   2   0   1   0   2   3   0   1   2  1.63 0.90
   17 V    -1  -1  -2  -3   4  -2  -3  -1  -1   1  -2  -1  -1  -1   0  -2   1   2  -2   4    4   4   2   1   9   2   1   5   2   6   3   3   1   2   5   3   9   3   1  35  0.44 0.33
   18 K    -3  -2  -5  -1  -6  -4  -1  -2  -5   0   0   4  -4   6  -5  -2  -1  -4  -2  -2    2   1   0   4   0   0   3   3   0   5   8  29   0  36   0   3   4   0   1   2  0.95 0.58
   19 G     0   1  -2  -1  -6  -3  -3   6  -6  -4  -4  -2  -1  -6  -3  -3  -3  -6  -6  -3    6   7   1   3   0   1   2  64   0   1   2   2   2   0   2   2   2   0   0   2  1.33 0.71
   20 A     0  -2   1   2  -1   2   3  -1  -1  -3  -1   1  -1  -5  -2   1   2  -5  -4  -2    8   1   5  13   2   8  17   5   1   1   6   7   1   0   2  10  12   0   0   2  0.29 0.28
   21 V     0   0  -2   0   1   1   0  -2  -4   1   1  -1   0  -2   3  -1  -2  -1  -4   1    8   4   1   6   3   6   6   3   0   8  16   4   2   1  13   5   2   1   0  11  0.15 0.17
   22 D    -1  -2   2   3  -1   1   1   1   0  -1  -1   0   0  -2   0  -1  -1   0  -2  -2    4   1  10  18   1   6   7  12   3   4   8   7   3   1   4   3   3   1   1   2  0.18 0.18
   23 D     0  -1   0   2  -4   1   3  -1   0   0  -3  -1  -2  -3   2  -1   1  -5  -4  -2    9   3   4  13   0   7  22   6   2   5   3   3   1   1   9   3   8   0   0   2  0.30 0.27
   24 D    -1  -2   0   3  -1   1   3  -3  -1  -2  -1   1  -1   1   0   0  -1  -4  -1  -2    4   1   4  19   1   5  17   1   1   2   6  10   1   6   5   8   4   0   2   2  0.28 0.26
   25 V    -1  -2  -2  -2  -1   0  -1  -2   1   3   1  -1   0  -1  -1  -1  -1   1   0   3    6   1   2   3   1   4   5   3   4  15  14   4   2   2   3   3   3   2   3  21  0.17 0.16
   26 A     0  -1   1  -1   0   2   0   3   1  -2  -3  -1  -1  -4   0   0   1  -4  -4  -1    8   2   6   3   2   9   7  26   4   2   3   4   1   0   5   6   8   0   0   4  0.27 0.24
   27 E    -2  -1   0   1   0   0   3  -2   8  -3  -4  -2   0  -2  -2  -2  -2  -6   0  -5    3   4   4   9   2   3  17   3  34   2   2   2   3   2   3   3   2   0   3   0  0.92 0.54
   28 A     0   0   1   1   0   0   0   0   2   0  -2   0  -3  -1  -1   1   2  -4  -1  -1    9   4   5   9   3   3   6   6   5   5   2   5   0   3   3  13  14   0   2   4  0.12 0.14
   29 D    -1   0   2   5  -7   0   0   0   2  -7  -7   0  -7  -7   0   1  -1  -7  -7  -7    6   5   9  31   0   4   7   8   5   0   1   6   0   0   4   9   5   0   0   0  0.76 0.41
   30 I    -1   0   0   0   2   0   0  -1   2   0  -1   0   2   1   0  -1   0   4   1  -1    5   5   5   5   5   5   5   5   5   5   5   5   5   5   5   5   5   5   5   5  0.09 0.08
   31 I    -1  -4  -4  -5   2  -4  -4  -5   0   4   0  -4   1   1  -4  -2  -1  -4   1   4    5   0   0   0   4   0   0   0   3  27   7   0   4   5   0   3   4   0   5  31  0.69 0.40
   32 S    -1  -1   0  -1   1  -1  -1  -2  -3  -1  -2  -1   1   0   0   3   1   4   2  -1    4   4   5   3   3   3   4   3   0   3   3   4   4   3   6  24   7   5   7   5  0.22 0.26
   33 T     0   0  -1   0   2   1   0   0   1   0   0   0   1   0   1   0   0  -3  -1   0    6   6   0   6   6   6   6   6   6   6   6   6   6   6   6   6   6   0   0   6  0.04 0.08
   34 V    -1  -3  -4  -1  -3  -3  -3  -4  -4   3   2  -2   2   0  -3  -3   0  -3  -1   4    4   0   0   3   0   0   0   1   0  16  17   3   5   2   0   1   4   0   2  40  0.50 0.30
   35 E     2  -1  -2   1   1   0   3  -1   0  -2  -2   0   0  -3  -3   1   0  -4  -1  -2   22   3   0   8   3   3  23   4   2   2   4   4   4   0   0   9   5   0   2   2  0.25 0.23
   36 F    -3  -4  -4  -4   1  -4  -4  -4   1  -1  -1  -4   1   7  -4  -1   0   2   3   0    0   0   0   0   3   0   0   0   3   3   4   0   3  50   0   6   6   3   9   7  0.93 0.45
   37 N    -1  -3   4   3   2  -2   0  -1   1  -4  -4   0  -4   0   0   2   0  -4  -3  -4    5   0  19  19   4   0   6   5   4   0   1   4   0   4   4  18   5   0   0   0  0.43 0.31
   38 H     0   0   1   0   2   1   0   0   2  -1  -1   0  -2  -2   1   0   0   3   1  -2    6   6   6   6   6   6   6   6   6   6   6   6   0   0   6   6   6   6   6   0  0.10 0.13
   39 S     0   1   1   0   2   1   0   0   2   0  -1   0  -1  -2  -2   0   0  -2   1  -2    7   7   7   7   6   7   7   7   6   7   7   7   0   0   0   7   7   0   6   0  0.07 0.11
   40 G    -1  -2   0  -1  -4  -3  -1   6  -4  -2  -5  -2  -4  -5  -2  -1  -3  -4  -4  -3    2   2   5   2   0   0   4  71   0   3   1   2   0   0   2   3   0   0   0   2  1.21 0.50
   41 E    -1   0   2   2   0   1   2  -1   0  -3  -1   2  -1  -3  -2   1   1  -4  -3  -3    4   4  14  13   2   6  12   2   2   0   6  14   2   0   0  13   7   0   0   0  0.25 0.18
   42 L    -2  -1  -1  -3   0   0  -2  -3   4   1   1   0   2   2  -1  -2   0   1   4  -1    2   3   2   0   2   5   0   0  12   7  17   6   6   8   2   2   5   2  16   2  0.23 0.19
   43 L    -2  -3  -3  -4  -2  -1  -3  -4  -3   2   3  -3   1   1  -3  -3   0   5   1   1    1   0   0   0   0   4   0   1   0  16  36   0   4   5   0   1   5  10   4  11  0.42 0.21
   44 A     3  -2  -2  -3   2  -2  -2   0  -2   0   0  -1  -1   0   1   0   0  -3   0   0   39   0   0   0   5   0   0   5   0   6   7   4   0   5   6   7   4   0   4   5  0.23 0.21
   45 T     0  -2  -2  -2   1   1  -1  -1  -2   1   0  -1   1   1  -2   1   1  -2   0   1    8   0   0   0   4   9   4   4   0  10   9   0   4   6   0  12   8   0   4  14  0.08 0.11
   46 G     0  -1   0  -4  -5  -4  -4   6  -4  -5  -5  -1   1  -5  -4   0   0  -5  -5  -5    8   4   4   0   0   0   1  57   0   0   1   4   4   0   0   7   6   0   0   1  1.08 0.51
   47 D    -1  -2   2   4   2  -3  -1   0   0  -4  -2  -3   0  -1  -1   3  -1  -4  -1  -2    3   2   9  22   5   0   3   7   2   0   3   0   2   3   3  26   3   0   3   2  0.41 0.31
   48 K    -1   1   1   0   0   0   1   0   1  -1  -2   1   0  -1  -1   0   0   1   0   0    3  10   9   4   2   3   8   7   4   4   3  12   2   2   2   7   5   2   3   8  0.07 0.09
   49 G    -1  -2   1   5   0  -1  -1   3  -4  -3  -5  -2  -1  -5  -4   1   0  -5  -5  -3    6   2   7  37   2   2   2  20   0   2   0   2   2   0   0   9   5   0   0   1  0.70 0.44
   50 G    -1  -1   0  -1  -1   0  -3   5  -2  -1  -3   1  -2  -5  -4  -2  -3  -1  -3  -2    4   3   5   3   1   4   1  51   1   4   3  11   1   0   0   2   1   1   1   4  0.76 0.45
   51 R    -3   6   0  -2   0   0  -2  -4   0  -1  -3   0   0  -1  -4   0   3  -5  -1  -3    1  41   5   1   2   3   2   0   2   3   2   5   2   3   0   6  18   0   2   1  0.71 0.47
   52 V    -1  -2  -2  -5   0  -4  -4  -5  -5   4   1  -2   0   0  -4  -4  -1  -4  -3   5    4   3   2   0   2   0   0   0   0  25  13   2   2   4   0   0   3   0   0  40  0.73 0.43
   53 V    -1   0  -1  -2   1   0   0  -2   0   0  -2   0  -1   0  -4   0   0   6   2   1    4   7   3   2   4   4   5   2   2   5   3   6   1   3   0   8   6  15   7  14  0.30 0.26
   54 I    -1  -3  -1   0   1  -1  -3  -2  -3   3   2  -1   1   0  -1  -1  -1  -3  -2   2    3   0   2   5   3   2   0   3   0  22  20   3   3   3   3   5   3   0   0  17  0.20 0.20
   55 F    -1  -1  -1  -4  -4  -3  -3  -2   2   0   0  -1   2   4  -1  -1  -3   6   3  -1    4   3   4   0   0   0   0   4   6   4   9   5   7  17   3   4   0  14  12   4  0.45 0.32
   56 Q     0   0   1   0   2   1   0   0   2  -2  -1   0  -2  -2   1   0   0  -3   1  -1    6   6   6   6   6   6   6   6   6   0   6   6   0   0   6   6   6   0   6   6  0.08 0.10
   57 Q     0   2   0  -1   1   1   0  -1   1   0  -1   0   0   0  -1  -1   0   1   0   0    7  18   3   3   3   5   5   3   3   5   5   6   3   4   3   4   5   3   3   9  0.06 0.11
   58 E     0   0   1   0  -2   1   0   0   2   0  -1   0   1  -2   1   0   0  -3  -2   0    6   6   6   6   0   6   6   6   6   6   6   6   6   0   6   6   6   0   0   6  0.06 0.08
   59 Q     0   0   1   0  -3   1   0   0   2  -2  -1   0   1  -2   1   0   0  -2   1   0    6   6   6   6   0   6   6   6   6   0   6   6   6   0   6   6   6   0   6   6  0.07 0.10
   60 E     0   0   0   0   2   0   0  -1   1   0  -1   0   1   0   0   0   0  -2   1   0    5   5   5   5   5   5   5   5   5   5   5   5   5   5   5   5   5   0   5   5  0.03 0.05
   61 N     0   0   0   0   2   0   0  -1   1   0  -1   0   1   0   0   0   0  -2   1   0    5   5   5   5   5   5   5   5   5   5   5   5   5   5   5   5   5   0   5   5  0.03 0.05
   62 K    -1   0   0   0   2   0   0  -1   2   0  -1   0   2   1   0  -1   0   4   1  -1    5   5   5   5   5   5   5   5   5   5   5   5   5   5   5   5   5   5   5   5  0.09 0.08
   63 I    -1   0   0   0   2   0   0  -1   2   0  -1   0   2   1   0  -1   0   4   1  -1    5   5   5   5   5   5   5   5   5   5   5   5   5   5   5   5   5   5   5   5  0.09 0.08
   64 Q     0   0   0  -1   0   2  -1   0   2  -1  -2   0   0  -5   1   1   1   1  -1  -1    7   6   4   3   2  10   4   8   4   3   4   6   3   0   6  10  10   2   3   5  0.13 0.15
   65 S    -1   0   0   0   2   0   0  -1   2   0  -1   0   2   1   0  -1   0   4   1  -1    5   5   5   5   5   5   5   5   5   5   5   5   5   5   5   5   5   5   5   5  0.09 0.08
   66 H    -1   0   0   0  -3   0   0  -1   1   0  -1   0   1   0   0   0   0   3   1   0    5   5   5   5   0   5   5   5   5   5   5   5   5   5   5   5   5   5   5   5  0.06 0.08
   67 S    -1   0   0   0   2   0   0  -1   2   0  -1   0   2   1   0  -1   0   4   1  -1    5   5   5   5   5   5   5   5   5   5   5   5   5   5   5   5   5   5   5   5  0.09 0.08
   68 R    -1   0   0   0   2   0   0  -1   2   0  -1   0   2   1   0  -1   0   4   1  -1    5   5   5   5   5   5   5   5   5   5   5   5   5   5   5   5   5   5   5   5  0.09 0.08
   69 G    -1   0   0   0   1  -1   0   1   5  -1  -1  -1   0   0   2   0   0  -4   0  -1    3   4   3   4   3   2   5  10  16   4   6   3   2   4  10   7   6   0   3   5  0.23 0.21
   70 E    -2   0   1  -1   2  -1   1   0   1  -1   0  -1   0  -1   0   1   2   3  -1  -2    3   4   7   4   4   3   8   6   4   4   8   3   3   3   4  10  11   4   3   3  0.10 0.11
   71 Y     0   0   1   0  -3   1   0   0   2  -2  -1   0   1   1  -3   0   0   3   1  -1    6   6   6   6   0   6   6   6   6   0   6   6   6   6   0   6   6   6   6   6  0.09 0.12
   72 N    -1   1   1   0   0   0   0  -1   0   0  -1   0   0  -1   0   1   1  -3  -1   0    4   8   8   5   2   5   6   5   2   7   3   5   2   3   4  10  10   0   2   7  0.06 0.09
   73 V    -1   0   0   0   2  -2   0  -1   1   0  -1   0   1   0   0   0   0   3   1   0    5   5   5   5   5   0   5   5   5   5   5   5   5   5   5   5   5   5   5   5  0.05 0.09
   74 Y    -1   0   0   0   2   0   0  -1   2   0  -1   0   2   1   0  -1   0   4   1  -1    5   5   5   5   5   5   5   5   5   5   5   5   5   5   5   5   5   5   5   5  0.09 0.08
   75 S    -1  -1  -1  -1   2   0  -1  -1   2   0  -1  -1   0   0  -1   2   2  -4   0   2    4   3   2   2   5   4   4   3   5   5   3   3   2   3   3  15  14   0   4  16  0.14 0.20
   76 T     0   0  -1   0  -3   1   1  -1   0   0  -2   0   0   0  -1   1   2   1  -1   1    6   4   3   4   0   6   8   5   2   4   3   5   2   4   2  12  13   2   2  12  0.08 0.15
   77 F    -1  -1  -4  -1   3  -1  -1  -2   1  -1   0  -1   0   4   0   0  -1   4   1  -1    4   3   0   3   7   3   3   3   4   3   7   4   3  21   4   9   3   7   4   4  0.30 0.28
   78 Q     0   0   0   0   2   0   0  -1   1   0  -1   0  -2   0   0   0   0   3   1  -1    5   5   5   5   5   5   5   5   5   5   5   5   0   5   5   5   5   5   5   5  0.06 0.08
   79 S     1  -1   1   0   2   0  -1   0  -3  -1  -2  -1   0  -1   1   3  -1  -4  -1  -1   11   3   6   6   4   3   2   8   0   4   2   2   2   3   6  28   3   0   2   4  0.22 0.26
   80 H     0   0   1   0  -3   1   0   0   2  -3  -1   0  -2   1   1   0   0   4   1  -2    6   6   6   6   0   6   6   6   6   0   6   6   0   6   6   6   6   6   6   0  0.13 0.14
   81 E    -1  -1   0   3   0  -1   2  -1   0  -1  -1   0  -2  -1  -2   0   1  -4  -1   1    3   3   4  17   2   2  12   4   2   3   7   6   0   3   2   9   8   0   2  11  0.14 0.17
   82 P     0   1  -1   0   1  -1  -1   1   0  -2  -2   0  -3  -2   4   1   0   1  -4  -2    9   7   2   4   3   3   4  11   2   2   4   7   0   2  19  12   5   2   0   2  0.27 0.24
   83 E    -1   0   0   0   2   0   0  -1   2   0  -1   0   2   1   0  -1   0   4   1  -1    5   5   5   5   5   5   5   5   5   5   5   5   5   5   5   5   5   5   5   5  0.09 0.08
   84 F    -1  -1  -1  -1   1   0  -1  -1   0   1   0  -1   1   2  -1   0   0   2   1   0    4   3   3   4   3   4   3   5   3   9   9   3   3  10   3   8   7   3   4   8  0.08 0.07
   85 D    -1   0   0   0  -3   0   0  -1   1   0  -1   0   1   0   0   0   0   3   1   0    5   5   5   5   0   5   5   5   5   5   5   5   5   5   5   5   5   5   5   5  0.06 0.08
   86 Y     0  -3  -2   2   2  -3  -3  -3   1   0  -1  -3  -1   1  -2  -2   2   0   5   0    8   1   2  13   4   1   2   2   3   4   7   2   2   6   3   4  12   1  16   6  0.39 0.28
   87 L    -3  -1  -2  -3   0  -1  -3   1  -1   0   3  -2   0   0  -2   1  -1   2  -1   0    2   4   2   2   2   3   2  12   2   5  29   3   2   4   2   9   4   3   2   7  0.29 0.21
   88 K     0   3   0  -1  -7   0   0  -1   0  -3  -4   4   1  -1  -7   0  -1   1   0  -2    7  14   4   3   0   4   6   6   2   2   2  26   3   2   0   6   4   2   3   3  0.48 0.34
   89 S    -2  -2   1  -2   3   0  -3  -2  -1  -1  -2  -2  -1  -2  -3   5  -2  -7  -1  -2    3   2   6   2   5   4   2   4   1   4   4   3   1   2   2  45   3   0   2   3  0.80 0.55
   90 L    -1   0   0   0   2   0   0  -1   2   0  -1   0   2   1   0  -1   0   4   1  -1    5   5   5   5   5   5   5   5   5   5   5   5   5   5   5   5   5   5   5   5  0.09 0.08
   91 E    -1   0   0   3  -6   1   2  -2   2  -6  -2  -1   1  -6  -1   0  -1   2   1  -1    6   5   5  16   0   6  14   4   5   0   5   4   3   0   4   8   4   3   4   5  0.30 0.25
   92 I    -1  -2  -1  -2  -3  -1  -2  -2   0   4   0  -1   0   0  -2   1   0   0  -1   1    5   2   3   3   0   2   3   3   2  28   7   4   2   4   2  11   6   2   2  10  0.24 0.22
   93 E    -1  -1   0   2   0   0   1   0   1  -1  -1   0  -2  -1   1   0   1   2   0  -1    4   3   4  11   3   4  12   8   3   3   5   5   0   3   7   8   8   3   3   3  0.10 0.12
   94 E     0   0   1   0  -2   1   0   0   2   0  -1   0   1  -2   1   0   0  -3  -2   0    6   6   6   6   0   6   6   6   6   6   6   6   6   0   6   6   6   0   0   6  0.06 0.08
   95 K    -2   2   1  -1   1   1  -1  -1   1  -2  -2   3   0  -1  -1   0   1   2   0  -2    4  10   7   3   3   5   3   6   4   3   3  16   3   3   3   6   8   3   3   3  0.21 0.16
   96 I    -2  -2  -1   1   2  -1  -4  -2   2   4   0  -2   0  -3  -4  -2  -1   1  -4   3    2   2   3   8   4   4   0   4   5  29   9   2   2   0   0   2   3   2   0  19  0.47 0.34
   97 N    -2   0   5  -1   0   0  -2  -1   2  -1  -3   1   0  -1  -4  -1   2   2  -2  -1    2   5  30   3   2   4   2   4   4   4   2   7   2   2   0   4  13   3   1   5  0.45 0.38
   98 K     0   1   0   1   2   2   0   0   0  -2  -1   1   0  -2   0   1   0  -3  -1  -1    8   6   4   7   5  10   6   6   2   2   4   8   3   2   4  11   5   0   2   4  0.09 0.12
   99 I    -2  -1  -1  -4   1  -1  -2  -2  -4   5   0  -2   2   0  -1  -1  -1   2  -3   2    3   3   3   0   3   2   2   3   0  33   7   2   6   4   4   4   4   3   0  12  0.44 0.33
  100 R     0   2   0   0   1   1   1  -2   0  -1  -1   1   0  -1  -3   1   0   1   0   0    6  13   3   5   4   7   7   3   2   2   5  10   2   3   0  10   4   2   2   7  0.10 0.14
  101 W    -3  -1  -1  -2   1  -1  -2  -3  -1   0   0  -1   0   3  -2  -1  -2   8   1   0    2   3   3   3   3   2   3   2   2   6  10   3   2  10   3   5   3  23   5   7  0.64 0.41
  102 L    -1  -1  -1  -1   5  -1  -2   0   2   0   1  -4   1   0  -4   0   0   5  -3   0    5   3   2   4  11   2   2   7   6   5  17   0   3   5   0   6   6   8   0   6  0.32 0.26
  103 P    -1   0   1   0   0   1   0  -1   3  -1  -2   1  -1   2   2   0  -1  -4   0  -1    5   4   6   6   2   6   4   5   7   3   3   8   2   9  12   6   3   0   2   6  0.14 0.15
  104 Q    -1   1   0   0  -4   1  -1   0   1  -2  -2   0  -1  -1   0   2   1  -4   0  -2    5   9   4   5   0   5   4   7   3   3   4   5   1   3   5  20   9   0   4   3  0.13 0.19
  105 K     0   0  -1   0   0   2  -1   1   3  -3  -2   0   0  -1   1   1   1  -4  -2  -2    8   5   3   5   2  10   3  10   6   1   3   7   3   3   8  10   8   0   1   3  0.15 0.18
  106 N    -2  -2   5   2   0  -2  -4   1   1  -2  -3  -2  -2  -4  -1   2   1   0  -4  -6    3   2  25  13   2   2   1  10   3   2   2   3   1   1   3  15  10   1   1   0  0.60 0.46
  107 A     0  -1   0   0  -1   0  -2   4   1  -1  -3   0  -2  -2   0   1   0  -1  -3  -1    9   4   5   5   1   4   2  28   3   4   2   5   1   2   4  11   5   1   1   4  0.29 0.25
  108 A     1   0   1   0   0  -1   0  -1   0  -1  -2   1  -2   0  -1   2   1  -1  -2  -2   13   6   7   4   2   3   5   4   2   3   4   8   1   4   3  18   8   1   1   3  0.15 0.18
  109 Q     0   0   0  -1   0   1  -1   0   3   0   0  -1   1  -1  -1   0   1   0   0   0    6   5   4   3   3   8   4   6   8   4  12   4   3   2   3   7   8   2   4   5  0.05 0.08
  110 F    -2  -1  -2  -3  -1   0  -2  -2   1   2   2  -1   1   3  -5   0   0   2   0   0    2   4   2   1   1   5   3   2   3  13  17   4   3  13   0   7   6   3   3   7  0.23 0.20
  111 L     1  -1  -2  -2   2   0  -4   0   0   2   2  -3   1  -1  -1  -1  -1   2  -1   1   12   3   2   2   5   4   0   7   3  11  20   0   3   3   3   5   3   2   2  10  0.17 0.17
  112 L    -1  -2  -2  -1  -1  -2  -1  -3  -1   0   2  -1   0   0  -1   2   0   1  -1   0    4   2   2   3   1   1   4   2   1   5  23   4   3   5   4  20   6   2   2   6  0.20 0.22
  113 S     1  -1   0  -1   2  -1  -1   1   0  -1  -1  -2   0   1   1   2   0   1   0  -1    9   2   3   3   5   2   2  11   2   3   7   2   3   6   6  16   7   2   3   4  0.10 0.14
  114 T     1  -3   0  -1   2  -1  -1   0  -3  -1  -1  -1   1   1  -1   3   1   2   1  -1    9   0   3   4   4   3   4   5   0   4   6   3   3   5   3  23   7   3   6   4  0.16 0.21
  115 N     0   0   0   0   2   0   0  -1   1   0  -1   0   1   0   0   0   0  -2   1   0    5   5   5   5   5   5   5   5   5   5   5   5   5   5   5   5   5   0   5   5  0.03 0.05
  116 D    -1  -1   0   5  -5   0   0   0   1  -1  -2   0   0  -4  -1  -1  -1  -5   0  -2    5   4   4  35   0   3   6   6   4   3   3   4   3   0   4   5   4   0   4   3  0.45 0.35
  117 K    -1   0   0   0   2   0   0  -1   2   0  -1   0   1   0   0   0   0   3   1  -2    5   5   5   5   5   5   5   5   5   5   5   5   5   5   5   5   5   5   5   0  0.08 0.12
  118 T    -1   0   0  -1   1   0  -1  -2   1   0  -1  -1   1   1  -1   1   3   2  -3  -1    3   4   3   4   3   3   4   3   3   7   4   4   3   6   3  11  23   3   0   5  0.17 0.23
  119 I     0   0   0   0   2   0  -2   0   1   0  -1   0   1   0   0   0   0   3  -2   0    6   6   5   6   5   5   0   6   5   6   6   6   5   5   6   6   6   5   0   6  0.06 0.12
  120 K    -1   0   0   0   2   0   0  -1   2   0  -1   0   1   0  -3   0   0   3   1   0    5   5   5   5   5   5   5   5   5   5   5   5   5   5   0   5   5   5   5   5  0.06 0.10
  121 L     0  -2   0   0   2   0   0   0  -2   0   0   0   1   0   1   0   0  -2   1   0    6   0   6   6   6   6   6   6   0   6   6   6   6   6   6   6   6   0   6   6  0.04 0.08
  122 W    -1  -1   0  -2  -5  -4  -2  -2   2   0  -1  -3  -4   1  -5   1  -2  10   0  -1    5   4   4   3   0   0   2   3   4   5   5   2   0   5   0   9   2  38   3   4  1.24 0.67
  123 K    -1   1   0   2  -4   0   0  -3   0  -1  -2   3   0   0   0   0  -1   2  -1   0    4   9   3  12   0   4   5   0   3   2   2  21   3   4   4   9   3   3   2   7  0.20 0.22
  124 I     0  -2   0   0   2   0   0   0  -2   0  -1   0   1   1   0   0   0   3   1   0    6   0   5   6   5   5   6   6   0   6   6   6   5   5   6   6   6   5   5   6  0.06 0.11
  125 S    -1   0   0  -1   3   1  -1  -2   3  -2  -3   0   0   1   0   1   1   2   0  -1    5   4   5   3   5   6   5   4   7   3   3   6   3   7   4  10  10   3   3   5  0.15 0.14
  126 E    -1  -1   0   0  -4   1   3  -1  -3  -2  -2   0   0  -1  -1   2   2  -4   1  -1    3   3   5   6   0   6  19   5   0   3   3   4   2   3   4  13  14   0   4   3  0.22 0.25
  127 R    -1   2   0   0  -1   1   0   2   1  -1  -1   1  -1  -3   0   0  -1  -4  -1  -1    5  13   5   4   2   6   5  15   4   3   6  10   2   0   4   5   3   0   2   5  0.13 0.14
  128 D    -1   0   0   0   2   0   0  -1   2   0  -1   0   2   1   0  -1   0   4   1  -1    5   5   5   5   5   5   5   5   5   5   5   5   5   5   5   5   5   5   5   5  0.09 0.08
  129 K     0   0   0  -1   2   1   0  -1   1   0   0   1   0   0   0   0   0  -4   0   0    7   5   3   4   5   7   6   4   4   6   8   9   3   4   4   7   4   0   3   8  0.04 0.04
  130 R    -2   2  -1  -2   0   1  -1  -2   0  -1  -1   3   0   0  -1   0   1   1   0   0    3  12   3   2   2   5   5   3   2   3   7  16   3   4   3   7   8   2   4   6  0.18 0.16
  131 P     0   0   0   0   2   0   0  -1   1   0  -1   0   1   0   0   0   0  -2   1   0    5   5   5   5   5   5   5   5   5   5   5   5   5   5   5   5   5   0   5   5  0.03 0.05
  132 E     0   0   0   0   2   0   0  -1   1   0  -1   0   1   0   0   0   0  -2   1   0    5   5   5   5   5   5   5   5   5   5   5   5   5   5   5   5   5   0   5   5  0.03 0.05
  133 G     0  -1   1   0   1   0  -1   1   2   0   1  -1   0   0   0   0   0   2  -3  -1    8   3   6   5   3   4   4  10   5   5  13   3   3   5   5   6   5   3   0   4  0.06 0.07
  134 Y    -1   0   0   0   2   0   0  -1   2   0  -1   0   2   1   0  -1   0   4   1  -1    5   5   5   5   5   5   5   5   5   5   5   5   5   5   5   5   5   5   5   5  0.09 0.08
  135 N    -1  -1   5   0   1   0  -2   1   1  -2  -3  -1   0  -1  -1   1  -1   1  -1  -2    5   3  25   6   3   4   3  10   4   3   3   3   2   2   3   9   4   2   2   3  0.40 0.30
  136 L    -1   0   0   0   2   0   0  -1   2   0  -1   0   2   1   0  -1   0   4   1  -1    5   5   5   5   5   5   5   5   5   5   5   5   5   5   5   5   5   5   5   5  0.09 0.08
  137 K    -1   1   1   0   1  -1   0  -1   2   0  -1   1   0  -1   0   1   0   1  -1  -1    3   6   8   6   3   3   5   5   5   6   7   8   3   3   5  10   5   2   3   5  0.06 0.07
  138 E    -1   0   0   0   2   0   0  -1   2   0  -1   0   2   1   0  -1   0   4   1  -1    5   5   5   5   5   5   5   5   5   5   5   5   5   5   5   5   5   5   5   5  0.09 0.08
  139 E     0   0   0   0   2   0   0  -1   2   0  -1   0   1  -2   0   0   0   3   1   0    5   5   5   5   5   5   5   5   5   5   5   5   5   0   5   5   5   5   5   5  0.07 0.11
  140 D    -1   0   0   0   2   0   0  -1   2   0  -1   0   2   1   0  -1   0   4   1  -1    5   5   5   5   5   5   5   5   5   5   5   5   5   5   5   5   5   5   5   5  0.09 0.08
  141 G    -1   0   0   0   2   0  -1   0   1   0  -1   0   1   1   0   0   0   3   0   0    5   5   6   4   5   4   4   9   3   4   6   5   4   7   4   7   5   4   3   7  0.04 0.05
  142 R    -2   2   0  -1   2   0  -1  -1   1  -1  -1   0   0   0  -1   3   0   1  -1   0    3  12   4   4   5   4   4   5   3   3   6   5   2   3   3  19   5   2   2   7  0.17 0.17
  143 Y     0   0  -2  -2   0  -1  -2  -1   1   0   0  -1   1   2   2  -1  -1   2   2   0    8   6   2   3   2   3   2   4   3   6   9   4   3   8  11   5   4   3   7   8  0.12 0.10
  144 R     0   2   1  -1   2   0  -1  -1   1  -1  -2   0   1   1   1   0  -1   2   0  -1    7  13   7   4   4   4   3   6   4   3   4   5   3   6   7   6   4   3   3   4  0.12 0.11
  145 D     0   0   0   0   2   0   0  -1   1   0  -1   0   1   0   0   0   0  -2   1   0    5   5   5   5   5   5   5   5   5   5   5   5   5   5   5   5   5   0   5   5  0.03 0.05
  146 P    -1  -1   0  -1  -6  -1  -1   1   0  -1  -1   0  -1  -2   4   1  -1   3  -6   0    5   4   4   4   0   3   4  10   2   3   7   5   2   2  21   9   3   3   0   7  0.28 0.26
  147 T    -1   1  -1  -1   0   0  -1   0   0   0  -2  -1   0   0   1   2   1   1  -1   0    6   7   3   4   2   4   4   8   3   4   4   4   2   4   6  16   9   2   2   6  0.09 0.11
  148 T    -1  -1   0   0   1   0  -1   1   1   0  -2  -1   1   0   0   2   1   2   0  -1    4   4   5   5   3   3   4   9   3   6   4   4   3   5   5  14   7   3   3   4  0.08 0.09
  149 V     0  -1   0   1   1   0  -1   0  -3   1  -1   0   1   0   0   0   0  -4   0   0    8   4   4   7   4   4   4   9   0  10   6   5   3   3   5   7   5   0   4   6  0.05 0.05
  150 T     0   0   1   0  -1   0  -1  -1   0  -1  -3   0   0  -1   0   2   2   0   0  -2    6   4   8   5   2   4   3   5   2   3   3   7   2   3   5  16  13   1   3   3  0.16 0.17
  151 T     0   0   0   0   0   0  -1   1   0  -1   0   0   0   0   0   1   1  -3  -1  -1    6   4   5   6   2   5   4  10   2   3   9   5   2   4   3  14   9   0   2   3  0.06 0.09
  152 L    -1   0  -1  -1   1   0   0  -1  -4   1   2  -1   1   0  -1   1  -1   2   0   0    4   5   3   3   3   4   5   5   0   7  20   4   3   4   3  10   4   3   3   6  0.10 0.10
  153 R    -1   0   0   0   2   0   0  -1   2   0  -1   0   2   1   0  -1   0   4   1  -1    5   5   5   5   5   5   5   5   5   5   5   5   5   5   5   5   5   5   5   5  0.09 0.08
  154 V    -1  -1  -1   1  -5  -2  -1  -1   0   0   0  -1   0   0   0   2   0  -5  -1   1    5   4   3   9   0   2   3   6   3   4  11   4   2   4   6  17   5   0   2   9  0.12 0.13
  155 P    -1  -2   0   0   2  -1  -1   1   1  -2  -1  -1   0  -6   4   0  -2   4  -1  -2    5   3   5   6   4   3   5  11   3   3   5   4   2   0  20   8   3   4   2   3  0.33 0.28
  156 V    -2   1   0   0   1   0  -1  -1   1  -1  -2   0   1  -1  -1   3   0   2   0   0    4   6   4   5   3   4   3   4   3   4   4   6   3   3   3  19   6   3   4   8  0.15 0.16
  157 F    -1   0   0   0   2   0   0  -1   2   0  -1   0   2   1   0  -1   0   4   1  -1    5   5   5   5   5   5   5   5   5   5   5   5   5   5   5   5   5   5   5   5  0.09 0.08
  158 R     0   1   0   1   1   1  -1  -1   2  -1  -2   1   1  -1  -1   0   1   2   0   0    6   9   4   9   3   6   4   4   5   4   4   7   3   3   3   6   9   3   3   6  0.10 0.10
  159 P     0   0   0   0  -2   1   0   0   1   0  -1   0   1   0   1   0   0  -2   1   0    6   6   5   6   0   5   6   6   5   6   6   6   5   5   6   6   6   0   5   6  0.03 0.06
  160 M    -2   0  -1  -1   0   1  -1  -1   2   1   0  -1   2  -2  -1   0   0   6  -2   0    3   6   3   4   2   6   4   6   5   9   8   3   5   2   3   6   6  10   1   8  0.26 0.20
  161 D    -2  -2   1   4  -1   1   2   0   0   1  -3   0  -1  -1  -1  -1  -2   2  -2  -2    4   2   5  21   1   5  15   8   2   7   3   6   2   2   3   4   3   3   2   3  0.33 0.26
  162 L    -1   1   0   1   0  -1  -1  -1  -1  -1   1   0   0  -1   0   0   2   2   1   0    4   6   4   7   2   2   4   5   2   4  13   5   3   3   5   6  12   3   4   6  0.06 0.08
  163 M    -1  -1   0  -1   0   0  -1  -1  -1   1   1  -1   1  -1  -2   0   1   2  -1   1    6   4   4   4   2   5   3   4   2   9  13   4   4   3   2   7  10   3   2  10  0.08 0.08
  164 V    -1  -2   0   0  -6  -1  -2  -2  -1   1   0  -1   1   0   0  -1   1   6   1   2    5   2   4   5   0   4   3   4   1   8  10   3   3   3   5   5   7   9   4  14  0.22 0.17
  165 E    -1   0   0   0   2   0   0  -1   2   0  -1   0   2   1   0  -1   0   4   1  -1    5   5   5   5   5   5   5   5   5   5   5   5   5   5   5   5   5   5   5   5  0.09 0.08
  166 A     3  -3  -2  -2   2  -1  -2  -1   0  -1  -2  -2   1  -1   1   0   1   1  -1   1   24   2   2   3   4   3   3   4   2   4   4   2   3   3   7   6   8   2   2  11  0.25 0.22
  167 S    -1   1   0  -1   2   1   0  -1   1  -1  -2   0   0  -1  -1   1   1   3   0   0    4   9   4   3   4   6   6   5   3   4   4   6   2   3   3  12   9   4   3   7  0.09 0.11
  168 P    -1   0   0   0   2   0   0  -1   2   0  -1   0   2   1   0  -1   0   4   1  -1    5   5   5   5   5   5   5   5   5   5   5   5   5   5   5   5   5   5   5   5  0.09 0.08
  169 R     0   0   0   0   2   0   0  -1   1   0  -1   0   1   0   0   0   0   3  -2   0    5   5   5   5   5   5   5   5   5   5   5   5   5   5   5   5   5   5   0   5  0.05 0.09
  170 R    -2   4   0  -1   0   0   0   0   1  -2  -1   3   0  -1  -1  -1  -1  -4  -1  -2    3  21   5   3   2   4   4   6   3   3   6  20   3   2   2   4   4   0   2   3  0.27 0.26
  171 I     0   0   0   0   2   0   0  -1   1   0  -1   0   1   0   0   0   0  -2   1   0    5   5   5   5   5   5   5   5   5   5   5   5   5   5   5   5   5   0   5   5  0.03 0.05
  172 F    -1  -3  -3  -3   1  -2  -3  -3   0  -3   0   1  -3   5  -2  -3   2   0   5  -2    4   1   1   1   3   2   2   2   2   1   8   8   0  24   2   2  13   1  18   2  0.67 0.41
  173 A     1  -2   0  -1  -2   0   0  -1   0  -1   1   1  -1   1   0   1   0  -3  -1  -1   13   2   4   2   1   5   5   4   2   3  17   8   1   8   4  11   5   0   2   3  0.09 0.12
  174 N    -2   1   4   1  -2   0   1   0   2  -2  -2   1  -1  -4  -1   1   0  -4  -1  -2    3   7  18   9   1   5   7   6   6   2   4   7   2   0   4   9   6   0   2   3  0.25 0.21
  175 A     2  -3  -2  -2  -1  -1   0   4  -2  -1   0  -3  -2  -2  -1   0   0  -5  -3   0   15   1   2   2   2   2   6  33   1   3  10   1   1   1   3   6   5   0   1   6  0.41 0.30
  176 H    -4  -6  -2  -3  -7   0  -2  -7  10  -2  -7  -3  -6  -6  -3  -4  -3  -7   1  -7    2   0   2   2   0   4   3   0  71   3   1   2   0   0   2   2   2   0   4   0  2.86 1.19
  177 T    -1  -1   1   0  -2   0   0   1  -2   0  -1   0   0  -3  -1   1   3  -5  -3  -3    5   3   5   5   1   4   6  12   1   6   6   5   2   1   3  12  20   0   1   1  0.21 0.22
  178 Y    -1  -1   2   0   1  -1   0   0   2  -5  -4  -2  -1   2  -2   0  -1  -4   5  -4    5   3  10   6   3   2   6   7   5   0   2   2   2   9   2   7   5   0  23   1  0.48 0.35
  179 H    -1   0   3  -1   1  -1  -1  -3   4   0  -2   0  -1  -1  -1   1   0   3   2  -2    6   4  14   2   3   2   4   2  11   5   3   5   1   2   4  12   7   4   6   3  0.25 0.23
  180 I    -2  -7  -1  -2   1  -7  -7  -2  -7   5   0  -7   1  -1  -7  -7   1  -7  -7   4    4   0   3   3   3   0   0   4   0  30   8   0   3   3   0   0   7   0   0  28  1.05 0.47
  181 N    -2   0   4  -1   1   1  -2  -2   3  -1  -2   1   0  -1  -1   0   0   2   1   0    3   6  16   3   3   7   3   3   6   4   3   9   3   3   3   7   5   3   4   6  0.24 0.20
  182 S     0  -2  -1  -1   3  -1  -2  -1   1  -2  -3  -1   0   1  -2   4  -1   2   1  -2    7   3   3   4   6   3   3   6   3   3   3   4   2   5   3  27   4   3   4   4  0.34 0.29
  183 I    -1  -4  -5  -5   3  -4  -4  -5  -5   4   2  -4   2   0  -1  -1  -1  -4  -3   3    4   0   0   0   5   0   0   0   0  26  22   0   5   4   3   5   3   0   0  21  0.61 0.37
  184 S     1  -1   0   0   4  -1  -1  -1   1  -1  -2   0  -1  -2  -1   4   0  -5  -3  -1    9   3   3   5   8   2   4   3   3   3   3   5   2   2   3  33   4   0   0   4  0.30 0.33
  185 I     0  -1  -1  -1   2   0  -1  -3  -3  -1  -1  -1   0   3   2  -1   0   3   1   0    7   4   4   3   6   5   3   0   0   3   6   3   3  15  12   3   6   4   5   9  0.18 0.21
  186 N     0   0   0   0   2   0   0   0   1   0  -1   0   1   0  -2   0   0  -2   1   0    6   6   5   6   5   5   6   6   5   6   6   6   5   5   0   6   6   0   5   6  0.03 0.07
  187 S     0   0   0   0   2   0   0  -1   1   0  -1   0  -2   0   0   0   0   3   1  -1    5   5   5   5   5   5   5   5   5   5   5   5   0   5   5   5   5   5   5   5  0.06 0.08
  188 D    -2   0   1   5   1   1  -1  -2   2  -2  -3  -1  -4  -1  -1  -1  -1  -5   0  -2    4   4   5  38   3   5   3   3   4   3   3   3   0   3   3   5   3   0   3   3  0.54 0.41
  189 Y    -1   0   1   0   1   0  -1   3   0   0  -2  -1   0   0  -1   0  -3   2   1  -2    5   4   9   5   3   4   4  25   3   5   3   3   3   4   3   5   0   3   6   3  0.20 0.20
  190 E    -1   2   1   0  -1   2   3  -2   1  -2  -2   1  -1  -1  -2   1   1  -3  -2  -2    2  10   7   5   1   8  19   2   3   2   4   9   2   3   1  10   8   0   0   2  0.21 0.18
  191 T    -1  -1   1  -3  -1  -1  -2  -2   2   1   0  -2   0   0  -1   1   4   0   1  -1    5   3   6   0   1   3   2   2   5   8   7   2   2   3   2  13  29   1   4   2  0.24 0.23
  192 Y    -2  -1  -4  -4   1  -3  -4  -4  -3   1   2  -2   1   6  -1  -3  -3  -2   2   1    3   3   0   0   4   0   0   1   0  10  18   3   4  37   3   1   0   0   5   8  0.62 0.33
  193 L     2  -1  -2  -1   0  -2  -2  -1   0   1   1  -2   1   0  -1   0   0  -3   0   1   24   3   0   5   2   0   0   3   2  11  16   0   4   3   3   7   4   0   4   9  0.13 0.16
  194 S     0  -3  -1  -3   1  -1  -3  -1   1   0  -2  -3   0  -1   0   5   0  -4  -1  -2    5   0   2   0   3   2   0   4   3   6   3   0   2   2   4  51   6   0   2   2  0.56 0.41
  195 A     2   0  -2  -3   3  -3  -3   2  -3   0  -1  -3  -2  -4  -3   3   1  -4  -3   0   17   5   0   0   7   0   1  13   0   7   6   0   0   0   0  28   7   0   0   6  0.38 0.27
  196 D     0   0   1   0   2   1   0   0   2  -2  -2   0   1  -2   1   0   0   3   1  -1    6   6   6   6   6   6   6   6   6   0   1   6   6   0   6   6   6   6   6   6  0.13 0.17
  197 D    -2  -2   0   6  -5  -1  -1  -2  -4  -1  -3  -4   0  -1  -2  -1  -4  -5   0  -1    4   2   5  52   0   3   4   4   0   4   3   0   2   3   2   4   0   0   4   5  0.94 0.58
  198 L    -1   1   1   0   1   0  -1  -1   2  -1   1   1   0  -1   0   0  -1   1   0  -1    5   7   6   5   4   5   3   6   7   2  20   8   2   3   4   5   3   2   3   2  0.06 0.11
  199 R     0   0   0   0   2   1   0   0   1   0  -1   0   1  -2   1   0   0  -3   1   0    6   6   5   6   5   5   6   6   5   6   6   6   5   0   6   6   6   0   5   6  0.04 0.08
  200 I    -2  -2  -4  -4   1  -3  -4  -4  -4   5   1  -2   1  -1  -4  -3   0   1   0   4    3   2   0   0   3   0   0   0   0  36   9   2   3   2   0   0   4   2   3  28  0.59 0.34
  201 N    -1   1   3  -1   1   1  -1  -2   2  -1  -1   1  -1  -1  -3   0   0   0   0  -2    2  10  22   2   4   7   0   2   6   4   5   9   2   3   0   8   5   2   4   2  0.20 0.19
  202 L    -3  -1  -4  -4   0  -1  -3  -4  -3   3   4  -2   2   2  -2  -3  -1   2  -2   1    1   3   0   0   2   4   0   0   0  16  42   2   4   8   2   0   2   3   0   8  0.46 0.28
  203 W    -2  -2  -5  -5   1  -2  -5  -2   2  -4  -2  -4  -4   2  -1  -2  -4  11   1  -5    3   2   0   0   3   2   0   3   5   0   3   0   0   8   3   3   0  59   3   0  2.26 0.78
  204 H    -2  -1   4   4   0   0   0  -2   4  -4  -4  -1  -4  -4  -1   0  -1   1   1  -2    2   3  21  26   3   4   3   2  10   0   0   4   0   0   3   5   2   2   5   2  0.54 0.39
  205 L     0  -1  -3  -3   0  -2  -2  -3   0   2   2  -2   1   1   1  -1   0   3   0   2    8   3   0   0   2   0   3   0   2  10  19   2   3   5   6   3   7   5   3  18  0.18 0.19
  206 E     0   0   0   0  -3   1   0   0   2   0   0   0   1   0  -2   0   0   3  -1   0    6   6   6   6   0   6   6   6   6   6   6   6   6   6   0   6   6   6   0   6  0.06 0.10
  207 I     0   0   0   0   2   0   0  -1   1   0  -1   0   1   0   0   0   0  -2   1   0    5   5   5   5   5   5   5   5   5   5   5   5   5   5   5   5   5   0   5   5  0.03 0.05
  208 T    -1  -1   2  -1   0   0  -1   3   0  -2  -2   0  -1  -3   1   1   1  -5  -4  -2    4   3   9   3   2   3   3  24   2   2   4   4   2   1   8  12   9   0   0   2  0.26 0.26
  209 D    -1  -1   2   3  -1   1   1  -1   0  -2  -2   1  -1  -2  -2   0   0  -4  -2  -2    6   3  12  19   1   7  10   5   2   2   4  10   2   2   1   7   5   0   1   2  0.26 0.24
  210 R    -1   1  -1  -1   2   4   1  -2   0  -2  -1   1   0  -2  -2   0   0   1  -3  -1    4   6   2   3   4  22   9   3   2   2   7   8   2   2   2   8   6   2   0   5  0.24 0.27
  211 S     1   0  -1  -2   5  -1  -1  -1  -1  -1  -1   0  -1  -2  -1   3  -1  -4   0   0   10   4   2   2  12   2   3   6   2   3   6   6   1   2   3  21   3   0   3   9  0.22 0.24
  212 F    -2  -2  -1  -3   0  -2  -2  -1   3   1   0  -2   0   5   0  -2  -1   0   3   0    3   2   3   2   2   2   2   4   7   7   8   2   2  29   5   3   3   1   8   5  0.48 0.31
  213 N     0   0   0   0   2   0   0   0   1   0  -1   0   1   0   1   0   0  -3  -1   0    6   6   5   6   5   5   6   6   5   6   6   6   5   5   6   6   6   0   0   6  0.03 0.07
  214 I     0   0  -2  -2   2   0   0   0  -2   0   0  -2   1   1   1   0   0   4   1   0    6   6   0   0   6   6   6   6   0   6   6   0   6   6   6   6   6   6   6   6  0.09 0.14
  215 V    -1   0   1   0   1   1   0  -1   1   1  -1  -1   0   0  -3   0  -1   2   1   1    5   5   9   4   3   7   5   3   4   8   5   3   3   4   0   5   3   3   5  13  0.05 0.09
  216 D    -1   0   1   4  -3   0   0   0   1  -2  -2  -1  -3   0  -3   0  -1   1   1  -2    5   4   8  30   0   3   5   7   3   3   4   3   0   5   1   6   3   2   5   3  0.31 0.24
  217 I    -1   0   0   0   2   0   0  -1   2   0  -1   0   2   1   0  -1   0   4   1  -1    5   5   5   5   5   5   5   5   5   5   5   5   5   5   5   5   5   5   5   5  0.09 0.08
  218 K    -2   1  -1  -1  -6   2   1  -2   3  -1   0   3   2  -6   0  -1   0  -6   0  -2    3   7   3   3   0   8  10   3   6   4   8  19   4   0   4   4   5   0   4   4  0.31 0.23
  219 P    -1   0  -2  -1  -4   0   0  -2  -4  -1  -1   0  -1  -2   6   0  -1  -4  -4  -2    5   4   2   4   0   4   5   4   0   4   5   6   2   2  36   9   4   0   0   2  0.63 0.40
  220 A     1  -1   0   0  -1   1   1  -1  -1  -2  -2   0  -1  -1   2   1   1   0  -1  -1   10   2   5   5   1   8   9   5   1   2   3   6   2   3   9  11  10   1   2   5  0.11 0.13
  221 N    -1   0   2   0   0   1   0  -2   1   0  -2   1  -1  -1  -1   1   1  -3   0  -1    3   5  14   6   3   7   5   2   3   5   3  10   2   3   3  11  10   0   4   3  0.13 0.16
  222 M    -1   0  -1  -1  -3  -2  -1  -1   0   1   2  -1   4   1  -1  -1   0  -3   1   1    3   6   3   3   0   0   4   4   3   7  20   4  14   5   3   4   4   0   4   9  0.14 0.18
  223 E    -1  -1   0   1   1   1   2   0   1  -1  -2   0  -2  -1  -1   1   0  -3   0  -1    4   3   4   9   4   8  15   7   4   3   4   4   0   3   3  10   6   0   4   4  0.11 0.14
  224 E     0   0   0   0  -2   1   0   0   1   0  -1   0   1   0   1   0   0  -2   1   0    6   6   5   6   0   5   6   6   5   6   6   6   5   5   6   6   6   0   5   6  0.03 0.06
  225 L    -1  -1   0  -1  -5   0  -1  -2   6   0   1  -1   0  -1   0  -1  -1  -5   0   0    5   3   3   4   0   3   4   3  23   4  17   4   3   3   4   6   3   0   2   6  0.38 0.31
  226 T    -1  -1   0  -1   1   0   0  -2   1   0  -1   0   1  -1   0   2   2   2   0   0    3   3   4   3   3   3   6   2   4   5   4   4   3   3   5  16  13   3   3   8  0.11 0.16
  227 E     0   0   0   0   2   0   0  -1   1   0  -1   0  -2   0   0   0   0   3   1  -1    5   5   5   5   5   5   5   5   5   5   5   5   0   5   5   5   5   5   5   5  0.06 0.08
  228 V    -1  -1  -1  -2   1  -1  -1  -2   1   0  -1   0   1   0  -1   1   1   5   1   2    6   4   3   3   3   3   4   4   3   5   6   5   3   4   4   9   7   7   5  13  0.14 0.12
  229 I    -1  -1  -1  -5  -5  -5  -5  -6  -5   5   0  -2   1   0  -1  -2   0  -6  -5   4    6   3   3   0   0   0   0   0   0  29   7   3   3   3   3   3   5   0   0  29  0.75 0.43
  230 T    -2   0   2  -3   2  -2  -1  -2   0  -2  -2   0   0  -1  -4   0   4   5   0  -2    2   5  10   1   4   2   4   3   2   2   4   5   3   2   0   8  29   7   3   3  0.47 0.38
  231 A     1  -1   0  -1   3   0  -1   0   1   1  -1   0  -2   0  -3   1   0   2   0   1   10   3   4   3   7   4   3   5   4  10   4   5   0   4   0  14   4   3   3   9  0.07 0.13
  232 A     2  -1   0  -1   2  -2  -1  -1   0   0  -1  -2   1   0  -1   1   0   2   0   1   17   3   4   3   5   0   3   4   3   6   6   0   5   3   3  11   4   3   3  14  0.09 0.16
  233 E     1   0  -1   1   1   1   2  -1   1  -2  -1   1  -2  -1  -1   0   0   2  -1  -1   12   5   2   7   3   5  18   4   3   2   5   8   0   3   3   6   4   3   2   5  0.12 0.16
  234 F    -1  -2   0  -2   4  -4  -2  -2  -1  -2   0  -4   1   6  -1  -1  -1   1   2  -2    6   3   5   2   9   0   2   3   1   2   7   0   4  33   4   5   4   2   5   3  0.55 0.40
  235 H    -2  -3   0  -2   0   0  -1  -3   6  -2  -2   0   0   2  -2   3  -1  -4   0  -2    2   0   4   2   2   4   4   2  22   3   4   6   2   8   2  24   4   0   3   2  0.50 0.41
  236 P    -2  -1   1  -2   0  -1  -1  -4  -1  -5  -3  -1  -5  -1   7   0  -1  -5  -1  -3    3   3   7   3   2   3   4   1   2   0   3   3   0   3  49   7   4   0   2   2  1.07 0.65
  237 N    -1   0   1   2   0   0   0  -2   2  -1  -1   0  -1   0  -1   0   0   1   0  -1    5   4   7  16   3   4   4   3   6   5   5   7   1   6   2   7   7   2   3   5  0.09 0.12
  238 S    -1  -1   2   1  -2   0   1  -1   4  -1  -1  -1  -1  -1  -3   2   0   0   0  -2    3   2  12   9   1   5   8   5  12   3   5   4   1   2   1  15   4   2   4   2  0.23 0.23
  239 C    -1  -2   1   1   7  -2  -2   2  -1  -2  -2  -3  -4  -1   2   0  -2  -5  -3  -2    5   2   7   7  21   2   2  19   2   3   4   1   0   3   9   9   2   0   1   3  0.53 0.38
  240 N     0   0   0   0   2   1   0   0   2   0  -1   0   1   1  -2   0   0  -2   1  -2    6   6   6   6   6   6   6   6   6   6   6   6   6   6   0   6   6   0   6   0  0.05 0.10
  241 T     0   0   0  -2   2   0   0  -1   2   0  -1   0   1   1  -3   0   0   3   1   0    6   6   5   0   5   5   6   6   5   6   6   6   5   5   0   6   6   5   5   6  0.08 0.12
  242 F     0  -2   1   0   2   1  -2  -2  -2   0   0  -2   2   1  -3   0   0   4   1   0    7   0   7   7   7   7   0   0   0   7   7   0   7   7   0   7   7   7   7   7  0.13 0.16
  243 V     2  -1  -1  -3   0  -2  -2  -1   0   1   1  -1   2   0  -2   1  -1   4   0   1   19   2   2   0   2   0   2   5   2   7  15   3   6   5   1  10   2   6   2   9  0.16 0.19
  244 Y    -1  -2  -1  -1  -1  -1  -1  -1   3   0  -2  -3   1   1  -4   2  -1   0   5   0    4   2   3   4   2   3   3   4   6   5   3   0   3   5   0  19   3   1  24   7  0.39 0.34
  245 S     1  -1   0  -1   2   0   0   2  -3  -3  -1  -2   1  -3   0   2   0  -4   0  -1   14   3   4   3   5   4   5  15   0   0   6   0   5   0   3  18   5   0   3   5  0.18 0.21
  246 S     0   0   0   0   2   0   0   0   1   0  -1   0  -1   0   1   0   0  -2   1   0    6   6   5   6   5   5   6   6   5   6   6   6   0   5   6   6   6   0   5   6  0.03 0.06
  247 S    -1   0   1   2   1  -1  -1  -2   0  -2  -2  -1   0  -2  -1   4   0   1  -1  -2    4   5   6  13   3   3   3   3   2   3   5   4   3   2   2  30   4   2   2   2  0.32 0.32
  248 K    -2   0   1   5   0  -1   0  -1   1   0  -1   0   0  -1  -1   0  -1  -5   0  -2    3   5   6  31   3   3   4   4   3   5   7   6   2   2   3   6   3   0   3   2  0.35 0.29
  249 G    -1  -2   1  -2  -2  -1  -2   5  -1  -3  -2   0  -2  -3  -5  -1  -1  -1  -2  -3    4   2   7   2   1   3   3  49   2   2   4   6   1   1   0   4   3   1   2   2  0.78 0.47
  250 T    -1  -1  -1  -2  -1   0  -2  -2  -1  -1  -1  -2   0  -1  -5   2   5  -1   1  -1    4   4   3   2   1   5   3   3   1   3   5   2   2   3   0  14  35   1   5   3  0.48 0.41
  251 I    -2  -3  -3  -6   0  -6  -6  -6   1   6   1  -6   0  -2  -3  -5  -1  -6  -1   4    4   2   1   0   2   0   0   0   3  41  10   0   2   2   2   0   4   0   2  24  1.07 0.59
  252 R    -1   6   2  -3   0   1  -4  -3   0  -3  -4   3  -5  -1  -5  -1  -3   0  -1  -3    4  37   8   1   2   5   0   2   2   2   2  18   0   3   0   5   2   2   2   2  0.79 0.52
  253 L    -1  -3  -3  -1   1  -3  -1  -2  -3   1   3  -1   1   1   1  -3  -2   2   0   0    4   0   0   4   4   0   5   4   0  10  34   4   4   5   8   0   0   4   4   7  0.28 0.24
  254 C     0   0   0   0   2   0  -2   0   2   0   0  -2   1   1  -3   0   0   3   1   0    6   6   6   6   6   6   0   6   6   6   6   0   6   6   0   6   6   6   6   6  0.08 0.14
  255 D    -1   1   1   1  -3   1   1   0  -1   0  -2   1  -2  -2   1   0   0   4   1  -2    1   8   7   8   0   7   8   8   0   8   1   8   0   0   8   8   8   7   7   0  0.17 0.15
  256 M     0   0  -2   0   2   0  -2  -1   2   0  -1   0   1   1   0   0   0   3   1   0    6   6   0   6   5   5   0   6   5   6   6   6   5   5   6   6   6   5   5   6  0.07 0.13
  257 R    -1   3   0   0   1   1  -1   0   1  -3  -1   1   0  -3  -1  -1  -1   2   1  -2    5  22   4   5   3   6   4   6   4   0   5  10   3   0   3   4   4   3   5   3  0.21 0.23
  258 A     0  -1   0  -1   0   1   1   0   0   0   0   0   0  -1  -2   1   2  -3  -1  -1    7   3   5   3   2   7  10   6   2   5   8   6   2   2   0  12  15   0   2   4  0.08 0.13
  259 S     1   1   1  -1   0   0  -1   1  -2  -3  -2   1  -1  -3   0   3   0  -4  -3  -1   10   8   7   3   2   3   3  13   0   1   4   7   2   0   4  23   6   0   0   4  0.20 0.21
  260 A     0   0   0   0   2   0   0  -1   1   0  -1   0   1   0   0   0   0  -2   1   0    5   5   5   5   5   5   5   5   5   5   5   5   5   5   5   5   5   0   5   5  0.03 0.05
  261 L     0   0   0   0   2   0   0   0   1   0  -1   0   1   0   1   0   0  -3  -1   0    6   6   5   6   5   5   6   6   5   6   6   6   5   5   6   6   6   0   0   6  0.03 0.07
  262 C    -1  -1  -1  -4   7   0  -3  -2  -1   0   0  -1   0   0  -2   1  -1   1  -1   0    4   3   2   0  24   5   1   3   2   6   8   4   2   4   2  13   4   2   3   8  0.44 0.34
  263 D     0   0   1   4   0   0   0  -1   1  -1  -2   0  -3  -1   0   0   0  -4   0  -2    6   4   5  24   2   5   6   4   4   3   5   5   0   3   4   8   5   0   4   2  0.21 0.21
  264 R    -1   0   1   1   0   1   0   0   1  -1  -1   1  -1  -1   1   0   1  -3  -1  -1    4   5   7  10   2   7   4   6   5   4   5   9   2   2   5   7   9   0   2   4  0.08 0.09
  265 H    -1   0   0   0   2   0   0  -1   2   0  -1   0   2   1   0  -1   0   4   1  -1    5   5   5   5   5   5   5   5   5   5   5   5   5   5   5   5   5   5   5   5  0.09 0.08
  266 S     1   0   0   0   1   0   0   0   1   0  -1   0   0   0   0   1   0  -2   0   0   13   5   4   4   3   4   4   5   4   5   6   5   3   4   4  10   7   0   4   4  0.03 0.05
  267 K     0   0   0   0   2   0   0  -1   1   0  -1   0   1   0   0   0   0  -2   1   0    5   5   5   5   5   5   5   5   5   5   5   5   5   5   5   5   5   0   5   5  0.03 0.05
  268 L    -1   0   0   0   2   0   0  -1   2   0  -1   0   1   0  -3   0   0   3   1   0    5   5   5   5   5   5   5   5   5   5   5   5   5   5   0   5   5   5   5   5  0.06 0.10
  269 F    -1   0   0   0  -3   0   0  -1   1   0  -1   0   1   0   0   0   0   3   1   0    5   5   5   5   0   5   5   5   5   5   5   5   5   5   5   5   5   5   5   5  0.06 0.08
  270 E    -1   0   1   1   2   1   1  -1   1  -1  -1   0   1   0  -1   0   0   3   1  -1    5   5   6   7   4   6  10   5   4   4   5   4   4   5   3   6   5   4   5   5  0.09 0.09
  271 E    -1   0   1   2   0   1   1  -1   1   0  -2   0   0  -1  -1   0  -1   2  -1   0    5   4   6  10   2   5  11   4   4   5   4   5   2   3   3   8   4   3   2   7  0.09 0.09
  272 P    -1   0   0   0  -5   2   1  -2   1   0  -1   0   0  -1   3  -1   1  -5  -1   0    5   6   4   5   0   8   9   4   4   5   6   5   2   2  15   5   8   0   2   6  0.18 0.17
  273 E    -1   0   0   1  -4   1   3  -1   0   0  -1   0  -1  -1   1   0   0  -4  -2  -1    4   4   4   7   0   6  21   6   2   5   7   5   2   3   6   6   7   0   2   5  0.15 0.17
  274 D     0   0   2   2   1   0   0  -1   1  -1  -1   0  -3  -3   0   1   0  -4   0  -1    8   5   9  15   3   4   4   5   3   3   7   4   0   0   6   9   6   0   4   3  0.13 0.14
  275 P    -1   0   0  -1   0   0   0   1   2  -2  -2  -1  -3  -1   4   1   0  -4  -1  -2    5   6   3   3   2   4   5  11   5   2   5   4   0   3  22   9   5   0   3   3  0.29 0.24
  276 S     0   0   0   0   1   2   0   1   1  -1  -1   0   0  -1   0   1   1  -3   0  -1    6   3   4   4   3  10   5  11   3   4   4   4   3   3   4  11   9   0   3   4  0.07 0.12
  277 N     0   0   2   0   0   0   0  -1   1  -1  -1  -1   0  -1   0   1   0  -3   0   0    5   5  11   5   3   4   7   5   5   4   7   3   3   3   5  12   6   0   4   6  0.06 0.09
  278 R    -1   0   0   0   2   0   0  -1   2   0  -1   0   2   1   0  -1   0   4   1  -1    5   5   5   5   5   5   5   5   5   5   5   5   5   5   5   5   5   5   5   5  0.09 0.08
  279 S    -1  -2   1   1   1   2   0  -1   1  -1  -2   0  -1  -1  -1   3   0   2  -2   0    5   2   6   7   3   9   6   4   3   3   4   5   1   2   4  18   6   3   2   6  0.18 0.19
  280 F    -1  -2   0  -1   0   1  -1  -1   0   0  -2  -1   3   3   2  -2   2   2   0  -1    4   3   5   4   2   6   4   5   2   6   4   4   6  12  10   3  11   2   3   4  0.20 0.17
  281 F     0   0   0   0   2   0  -2   0   2   0   0  -2   1   1  -3   0   0   3   1   0    6   6   6   6   6   6   0   6   6   6   6   0   6   6   0   6   6   6   6   6  0.08 0.14
  282 S     0   0   1   0   1   1   0   0   1   0  -1   0   0   0   0   0   0  -3   0  -1    8   4   7   5   4   7   5   8   4   5   5   4   4   4   4   8   7   0   3   4  0.03 0.05
  283 E    -1   0   0   1   0   0   3   2   1  -1  -2   0   0  -4  -1   0  -1  -4  -1  -3    4   6   4   7   2   4  20  19   3   4   3   5   3   0   3   7   3   0   3   0  0.24 0.24
  284 I    -1   0   0  -1  -4   1  -1  -1   6   1  -1  -1   0   0  -1  -1  -1  -4   2   0    3   6   4   4   0   5   4   4  22  10   7   2   3   5   2   4   4   0   6   6  0.30 0.27
  285 I     0   0   0   0   2   0   0  -1   1   0  -1   0   1   0   0   0   0  -2   1   0    5   5   5   5   5   5   5   5   5   5   5   5   5   5   5   5   5   0   5   5  0.03 0.05
  286 S     0   0   2   2   2   0   0   0   1  -2  -2   0  -1  -1  -1   2   0  -4  -1  -2    7   5   9  10   5   3   5   7   3   2   3   4   2   2   2  20   6   0   2   2  0.17 0.20
  287 S    -1  -1   1   0   2  -1  -1  -1  -3  -1  -3  -1   0  -1   0   3   0   4   1  -2    5   3   6   4   5   3   4   5   0   4   2   3   2   2   5  29   6   5   4   3  0.29 0.32
  288 I     0   0  -2  -2   2   0  -2   0  -2   0   0  -1   1   1   1   0   0  -2   1   0    7   7   0   0   7   7   0   7   0   7   7   0   7   7   7   7   7   0   7   7  0.07 0.12
  289 S    -1  -1   0  -1   2   0  -2  -1   0  -2  -1  -1   0  -1  -2   4   1   4   0  -2    4   4   5   3   5   4   2   4   2   2   7   4   3   3   2  30   8   5   3   2  0.31 0.30
  290 D    -1   0   0   0   2   0   0  -1   2   0  -1  -2   1   0   0   0   0   3   1   0    5   5   5   5   5   5   5   5   5   5   5   0   5   5   5   5   5   5   5   5  0.07 0.11
  291 V     0  -2  -3  -1   2  -3  -3  -2   0   2   0  -2   1   1  -1  -1  -1   2   0   3   10   3   0   5   4   0   0   3   2  15   8   2   4   6   2   3   3   3   3  22  0.20 0.21
  292 K     1   1   1   0   1   1   0  -1   0  -1  -2   3   1   0  -3   1   0  -3  -2  -1   14   5   6   4   4   5   3   4   3   3   4  20   4   4   0   9   4   0   0   4  0.15 0.19
  293 F    -3  -2  -1  -5   0  -1  -5  -5  -1   0  -1  -3  -1   7  -2  -2  -2   2   2  -1    2   3   3   0   2   3   0   1   2   6   6   2   2  49   3   2   2   3   6   3  1.02 0.57
  294 S     0  -2   1  -1   0  -3  -2  -1   0  -1  -2  -1  -3  -3  -2   4   2  -5  -4   0    5   1   7   3   2   0   2   5   3   4   4   3   0   1   2  40  11   0   0   7  0.46 0.41
  295 H    -2   0   3   0  -4   1  -1  -2   3  -3  -3   1   0  -2   4   0  -1  -4  -1  -2    2   4  13   4   0   6   2   2   9   1   2  10   3   2  24   6   4   0   2   2  0.46 0.34
  296 S     0   1   1   1   2   1   1   0  -1  -1  -2   1  -2  -2   1   0   0  -2   1  -2    7   7   7   7   7   7   7   7   0   7   1   7   0   0   7   7   7   0   7   0  0.11 0.12
  297 G    -1   0   1   0   1   0   0   3   2  -3  -2  -1  -3  -3   1   0  -1   3   0  -2    4   4   8   4   3   4   4  27   5   0   4   4   0   0   7   6   3   5   3   3  0.26 0.21
  298 R     0   0   0   0   2   0   0  -1   2   0  -1   0   1  -2   0   0   0   3   1   0    5   5   5   5   5   5   5   5   5   5   5   5   5   0   5   5   5   5   5   5  0.07 0.11
  299 Y    -1   0   0  -3   0   0  -1  -4   4   0   0  -1   0   2  -4  -1   1   2   4  -1    5   6   4   0   2   3   3   0  10   5   8   3   3   9   0   5   8   2  19   3  0.31 0.27
  300 M     0   0   0   0  -3   0  -2   0  -2   0   0  -1   1   1   1  -1   0   4   1   0    7   7   7   7   0   7   0   7   0   7   7   0   6   6   7   0   7   6   6   7  0.09 0.14
  301 M     0  -2  -2   0   3  -2  -2  -2  -2   1   0   0   2   1  -2   0   0   4   2   0    8   0   0   8   7   0   0   1   0   8   8   8   7   7   0   8   8   7   7   8  0.13 0.14
  302 T     1  -1   0  -2   2   0  -1  -1  -2  -1  -1  -1  -2   0   0   2   2  -3   0   0   12   3   3   0   5   3   3   4   0   4   7   4   0   4   3  20  15   0   3   5  0.13 0.16
  303 R    -1   5  -1  -3   3   0  -1  -1   0  -3  -1   0  -3  -1  -3   1  -1  -4  -1  -2    4  44   3   0   6   3   3   5   2   0   6   3   0   3   0  10   3   0   2   3  0.54 0.37
  304 D    -2  -2   2   5  -1   0   0  -1   1  -2  -3  -1  -3  -4  -2   1   0  -4  -2  -2    2   2   8  38   2   4   4   5   4   2   2   2   0   0   2  13   6   0   2   2  0.51 0.35
  305 Y     0   0   0   0   2  -1  -2   0   2   0   0   0   1   1   1  -1   0  -2   1   0    6   6   6   6   6   0   0   6   6   6   6   6   6   6   6   0   6   0   6   6  0.04 0.11
  306 L    -2  -1   1   1   2   0  -1   0   2  -1   1  -1   4   0  -1  -1  -1   2   0  -2    3   3   8   7   4   5   4   9   5   3  12   4  10   4   3   5   4   2   4   3  0.16 0.13
  307 S    -1  -1   1  -1   2   0  -6   0   1  -1  -2  -1  -6   0  -1   1   4  -7   1  -2    5   3   5   4   3   4   0   7   4   4   4   3   0   4   3  12  26   0   5   4  0.39 0.30
  308 V    -3  -1  -2  -3   2  -7  -7  -7  -7   4   2  -2   1  -6  -7  -3  -1  -7  -1   4    3   4   3   2   4   0   0   0   0  23  19   3   3   0   0   3   4   0   2  26  0.89 0.43
  309 K    -1   0   0   0   2   0   0  -1   2   0  -1   0   2   1   0  -1   0   4   1  -1    5   5   5   5   5   5   5   5   5   5   5   5   5   5   5   5   5   5   5   5  0.09 0.08
  310 I    -2  -6  -6  -7   2   1  -2  -2  -6   3   3  -1   2   1  -7  -1   0  -6   0   2    4   0   0   0   3   6   4   4   0  16  22   4   5   5   0   4   5   0   4  14  0.48 0.26
  311 W    -2   0  -5  -5  -5  -4  -5  -5  -4  -1  -4  -1  -4   3  -1  -1  -1  10   2  -1    3   6   0   0   0   0   0   0   0   3   1   5   0  13   4   4   5  45   6   4  1.72 0.72
  312 D    -3  -1   0   6  -1  -2   0   0  -1  -3  -4  -2  -5  -3  -1  -3  -2  -6  -2   0    1   4   5  54   1   1   4   6   1   2   2   2   0   1   4   1   2   0   1   7  1.00 0.56
  313 L     0   0   0  -2   2   1   0   0   1   0   0   0   1   0   1   0   0  -3  -1   0    6   6   6   0   6   6   6   6   6   6   6   6   6   6   6   6   6   0   0   6  0.04 0.09
  314 N     0   3   2   0   1   1   0  -1   2  -1  -2   1  -2  -1  -3   0   1   2   0  -1    6  16  10   4   3   6   5   4   5   3   4   7   0   3   0   7   8   3   3   3  0.15 0.17
  315 M     0   0   0   0   2   0   0  -1   1   0  -1   0   1   0   0   0   0  -2   1   0    5   5   5   5   5   5   5   5   5   5   5   5   5   5   5   5   5   0   5   5  0.03 0.05
  316 E    -1   0   0   1  -3   0   2   1   1  -1  -2  -1   0  -3   2   0   0   2  -3  -1    4   6   5  10   0   5  13  10   3   4   4   3   3   0  12   7   6   3   0   3  0.18 0.18
  317 N    -1   1   1   0   1   1   0  -1   1  -1  -2   1  -2  -3  -1   1   1   2   0  -1    4   9   7   5   4   8   5   5   3   3   4  12   0   0   3  11   7   3   3   3  0.12 0.15
  318 R    -1   2   0   0   1   2   1   0   1  -2  -1   1   0  -3   0   0  -1   2   0  -2    5  11   4   4   3  10  11   7   3   2   7   8   2   0   4   6   3   3   4   2  0.10 0.14
  319 P    -2  -2  -1  -2   1  -2  -1  -2   1  -1  -2   0  -1  -2   6  -1  -2   2  -1  -1    3   2   4   2   3   2   3   3   3   3   5   5   2   2  42   4   2   3   2   5  0.80 0.51
  320 V    -1   0  -2  -2   2  -1  -1  -2  -3   1   1  -2   1   0  -1  -1   0   0   0   3    5   6   2   2   4   3   4   3   0   7  14   2   4   4   3   3   4   1   4  23  0.16 0.17
  321 E     1   0  -1   0  -1   2   2  -2   2  -1  -2   2  -1  -1  -1   0  -1  -1  -1  -1   12   5   2   4   1   9  13   3   6   3   4  14   2   3   2   8   4   1   2   3  0.18 0.20
  322 T    -1   0  -2  -2   1  -1  -1  -3  -4   1   0  -2   0  -2   0   0   4  -5  -4   2    4   6   2   2   3   2   3   2   0   7   9   2   2   2   5   6  28   0   0  14  0.35 0.31
  323 Y    -1   0   0   0   2   0   0  -1   2   0  -1   0   2   1   0  -1   0   4   1  -1    5   5   5   5   5   5   5   5   5   5   5   5   5   5   5   5   5   5   5   5  0.09 0.08
  324 Q     0   0   0   0   2   0   0  -1   2   0  -1   0   1  -2   0   0   0   3   1   0    5   5   5   5   5   5   5   5   5   5   5   5   5   0   5   5   5   5   5   5  0.07 0.11
  325 V    -1  -1  -1  -1   1  -1  -1   0   1   2   0  -1   1   0  -1  -1  -1  -3   0   3    4   3   3   3   3   3   4   8   4  12  10   3   3   3   3   3   3   0   3  22  0.10 0.14
  326 H    -2  -1   0  -2   2   1   0  -1   8  -2  -2  -2   1   0  -2   0  -1  -5   1  -3    2   3   5   2   4   6   5   4  34   3   5   2   3   4   2   6   5   0   4   2  0.75 0.51
  327 E    -1  -1   0   3  -1   1   3  -2   0  -1  -3  -1   0  -2   1   0  -1   0   0  -2    4   3   5  18   2   7  19   3   2   3   2   4   2   2   6   6   3   1   3   3  0.29 0.27
  328 Y    -2  -2   0  -1   0   1  -1  -2   5  -2  -1  -1  -3   1   0   0   0   0   4  -2    3   2   4   3   2   6   3   4  15   3   6   4   0   6   5   9   6   1  15   3  0.33 0.29
  329 L    -3  -4  -2  -1   0  -1  -4  -3  -1   1   4  -3   1   2   0  -1  -2   1  -1   1    2   0   2   4   2   3   1   2   2   6  41   2   4   7   5   4   2   2   2   9  0.48 0.35
  330 R    -1   2   0  -1   0   0   0   0   1  -1  -1   1  -2   0   0   0   0  -3   0   0    4  17   5   3   3   4   6   5   3   4   5   8   0   4   3   8   4   0   3   8  0.06 0.13
  331 S     0   0   0   0   2   0   0   0   1   0  -1   0  -1   0   0   0   0   3  -1   0    6   6   5   6   5   5   6   6   5   6   6   6   0   5   6   6   6   5   0   6  0.06 0.09
  332 K     0   0   0   0   2   0   0  -1   1   0  -1   0   1   0   0   0   0  -2   1   0    5   5   5   5   5   5   5   5   5   5   5   5   5   5   5   5   5   0   5   5  0.03 0.05
  333 L    -1   0   0   0  -3   0   0  -1   0   0   2  -1   1   1   0  -1  -1  -3   0   0    6   4   5   6   0   3   5   4   3   5  24   4   5   6   4   5   4   0   3   5  0.06 0.10
  334 C    -1  -1   1   1   5   1  -1   0   1   0  -2  -1  -1  -1  -1   1  -1   1   0   0    4   4   6   7  14   6   4   8   3   5   3   3   2   3   3  11   2   2   3   7  0.18 0.19
  335 S    -2   0   0   2  -1   1   1  -3   2   0  -2  -2   0   0  -1   1   0   3   0   0    4   6   4  13   1   5   9   3   4   5   4   2   3   5   4  10   6   3   3   6  0.14 0.14
  336 L    -2  -2  -2  -5   0  -4  -5  -3  -1   1   4  -1   2   0  -2  -1  -1   0  -1   2    4   2   2   0   2   0   0   3   2   8  36   4   4   3   2   4   3   1   2  16  0.47 0.32
  337 Y    -2  -2  -1  -5   2   0  -3  -5   2  -2   0  -2   0   2  -1  -2  -3   1   7  -2    3   2   4   1   4   5   2   1   4   3   8   3   3   8   4   3   2   1  37   2  0.90 0.51
  338 E     0   0   1   0   2   1   0   0   2   0  -1   0  -1   0  -2   0   0  -3  -1   0    6   6   6   6   6   6   6   6   6   6   6   6   0   6   0   6   6   0   0   6  0.04 0.07
  339 N     0   0   1   0   0   0  -1   1   2  -1  -1   0   0  -2  -1   1   0  -3   1   0    6   3  10   5   3   5   3  10   5   4   5   4   3   0   3  11   7   0   6   7  0.06 0.10
  340 D    -1   0   1   4  -4   0   1   0   1  -4  -4   0  -3  -4   0   0   1  -4   0  -1    5   4   5  28   0   4  10   7   4   0   1   6   0   0   4   6   8   0   4   4  0.37 0.28
  341 C    -1   0   0   0   2   0   0  -1   1   0  -1   0   1   0  -3   0   0   3   1   0    5   5   5   5   5   5   5   5   5   5   5   5   5   5   0   5   5   5   5   5  0.03 0.10
  342 I     0   0   0  -2  -3   1   0   0   2   0   0  -1   1   1  -3   0   0   4   1   0    6   6   6   0   0   6   6   6   6   6   6   0   6   6   0   6   6   6   6   6  0.09 0.13
  343 F    -1   0   0  -1   2   0  -1   0   2   0  -1  -1   0   2  -3   0  -1   3   1   0    5   4   4   4   6   4   3   7   7   5   5   3   3  10   0   6   4   5   6   8  0.10 0.12
  344 D     0   0   1   0  -3   1   0   0   2   0   0  -1   1  -2   1   0  -1  -2   1   0    7   7   7   7   0   7   7   7   6   7   7   0   6   0   7   7   0   0   6   7  0.06 0.11
  345 K     0   0   0   0   2   0   0  -1   2   0  -1   0   1  -2   0   0   0   3   1   0    5   5   5   5   5   5   5   5   5   5   5   5   5   0   5   5   5   5   5   5  0.07 0.11
  346 F    -3  -1   0  -1   2  -4  -4  -1   1  -1   0  -1   2   5  -1  -1  -1   3   1   0    1   3   6   3   4   0   0   4   3   3   8   3   6  25   3   6   4   4   4   7  0.33 0.31
  347 E    -2   0  -1   1   0   1   4  -1   1  -1  -2   1  -1  -2  -2   1  -1   2  -4  -1    3   4   3   8   2   5  29   6   4   3   3   7   1   2   2   9   4   3   0   4  0.31 0.28
  348 C    -2  -2  -5  -6   8  -5  -5  -2   1   0   1  -1   0  -1  -5  -2  -1   1  -1   3    3   2   0   0  30   0   0   4   3   4  12   5   3   3   0   3   4   2   2  20  0.88 0.50
  349 C     1  -1  -1  -1   6  -1  -1  -2   0  -1  -2   0   0  -1  -1   1   0  -4   0   1   11   3   3   3  17   3   3   3   3   3   4   6   3   3   3  10   5   0   3  12  0.25 0.23
  350 W    -2  -1  -1  -1   1  -1  -5  -2  -4   1   0  -5   2   5  -5  -2  -1   7   1  -1    4   3   3   4   3   3   0   3   0   7  10   0   4  23   0   4   3  16   4   4  0.68 0.42
  351 N    -1  -1   1   0   2  -3  -1  -1   0  -1  -1  -3  -3  -1  -1   4  -1  -4   1  -1    5   3   7   6   5   0   2   4   2   4   8   0   0   2   4  36   3   0   5   4  0.30 0.34
  352 G     0   0   0   0   2   1   0   0   2  -2  -1   0  -2   0   1   0   0   3  -1  -1    6   6   6   6   6   6   6   6   6   0   6   6   0   6   6   6   6   6   0   6  0.08 0.12
  353 S     0   0   1   0   2   1   0   0   2   0  -2   0   1  -2   1   0   0  -3   1   0    6   6   6   6   6   6   6   6   6   6   1   6   6   0   6   6   6   0   6   6  0.07 0.12
  354 D     0   1   1   1   2   1   0   0   2  -2  -3   0  -2  -2  -2   0   0   4   1  -1    7   7   7   7   6   7   7   7   6   0   1   7   0   0   0   7   7   6   6   7  0.15 0.16
  355 S     0   0   0   0   2   0   0  -1   1   0  -1   0   1   0   0   0   0  -2   1   0    5   5   5   5   5   5   5   5   5   5   5   5   5   5   5   5   5   0   5   5  0.03 0.05
  356 V    -1   1   0  -2   1   1  -1  -1   2   0   0   1   1   1  -3  -1   0   2   2   0    5   8   4   0   3   9   3   3   6   4   9   9   4   8   0   4   6   3   7   5  0.09 0.13
  357 V    -1  -3  -3  -1   1  -1  -1  -2   0   2   2  -3   1   1  -4  -1  -1   2   0   2    4   0   0   3   3   3   3   4   3  16  17   0   4   7   0   4   4   3   3  17  0.22 0.21
  358 M     2  -3  -3  -3   3   0  -1   0  -1   0   0  -1   2   1  -1   0  -1  -3  -1   0   25   0   0   0   7   4   3   6   2   6   9   3   8   6   3   4   3   0   2   7  0.15 0.20
  359 T     0  -2   1  -1   1   0  -2  -1  -3   0  -1  -1  -1  -1   1   2   4  -4  -1  -1    5   2   7   3   3   3   0   3   0   6   4   3   2   2   7  14  30   0   2   3  0.29 0.30
  360 G     0   0   0  -2   2   0   0   4  -3  -1  -2   0  -3  -3  -3  -1  -1   3  -3   0    5   4   4   0   5   4   7  36   0   5   4   5   0   0   0   4   4   4   0   7  0.35 0.27
  361 S     0  -2   1   0   2  -1   0   1   1   0  -1  -1   0   0   0   2   0  -3  -2  -1    6   0   7   6   5   0   5  10   4   5   6   3   3   4   5  19   7   0   0   4  0.07 0.13
  362 Y    -2  -1   0  -1   1  -1  -1  -1   2   0  -1  -1   2   2  -1   0  -2   2   5  -2    2   3   4   3   3   2   4   5   6   5   6   4   5  10   3   7   2   3  21   2  0.26 0.25
  363 N     0  -2   3   4  -1   0   0   0   1  -2  -3  -1  -3  -2  -3   1  -1  -5  -3  -1    6   2  15  29   1   3   4   8   4   3   3   2   0   1   0  10   3   0   0   5  0.42 0.32
  364 N     0   1   1   1   2   1   0   0   2  -1  -2   0  -2  -2   1   0   0  -3   1  -2    7   7   7   7   6   7   7   7   6   7   1   7   0   0   7   7   7   0   6   0  0.12 0.13
  365 F    -1  -1   2  -1   1   0   0  -1   1  -1   0   0   1   1  -1   0   1   2   0  -1    4   3  10   3   3   4   7   4   4   4  10   6   4   7   3   8   8   3   3   4  0.08 0.08
  366 F    -2  -1  -1  -7   2  -6   0  -2  -6   1   1  -2   2   5  -1  -2  -2   3   1   1    4   3   3   0   3   0   6   3   0   8  12   3   4  23   3   4   3   3   4  10  0.49 0.28
  367 R    -1   4  -1  -4   2   1  -2  -2   3   0   0   1   0   0  -4  -2  -1   1   0   0    4  25   2   0   4   6   2   3   8   5   8   7   3   5   0   3   3   2   4   6  0.29 0.29
  368 M     0   0  -2  -2   2  -1   0  -3   2   0   0  -2   2   1  -3   0   0   4   2   0    7   7   0   0   7   0   7   0   7   7   7   0   7   7   0   7   7   7   7   7  0.14 0.16
  369 F    -1   0  -1  -1   1   0  -3  -2   0   1  -1  -1   1   3  -4  -1  -1   6   2   0    6   7   3   4   4   4   0   3   3   8   5   4   4  13   0   4   3  13   8   5  0.30 0.23
  370 D    -1  -1   2   4   0   0   0   0   2  -2  -2  -1  -1  -2  -1   1   0  -4  -3  -1    4   3   9  27   2   4   5   5   5   2   2   4   2   2   3   9   6   0   0   6  0.28 0.24
  371 R    -1   3  -1  -1   2  -1  -1  -3   2   0  -1  -1   0  -1   0  -1   1   4  -1   1    6  17   2   4   5   2   3   2   5   5   6   3   3   3   5   4  10   6   2   9  0.18 0.19
  372 N     0   0   2   1  -1   1   1   1   0  -1  -2   1  -1  -1  -2   1  -1  -4  -1  -2    7   4  11   9   2   6   9  12   3   3   4   9   1   2   2   9   2   0   2   3  0.14 0.15
  373 T    -1  -2   1  -1  -4   0   0   2  -1  -2  -2  -1  -1  -1  -1   3   3  -5  -2  -1    5   2   6   3   0   3   5  13   2   2   3   3   2   2   3  20  23   0   1   3  0.34 0.33
  374 K    -1   2   1   0  -1   1   1   3   0  -2  -3   1   0  -3   0   0   0  -4  -2  -3    3  10   6   4   1   5   8  22   2   2   1  10   3   1   5   7   6   0   1   1  0.25 0.24
  375 R     0   2   0   0  -2   2   2  -1   1  -1  -2   1  -2  -2  -2   1   1  -4   0  -2    6  11   5   5   1  11  15   4   3   3   3   6   1   2   2  10   8   0   3   2  0.19 0.21
  376 D     0  -2   0   4  -1   0   1   1   0  -2  -2  -1  -2  -3  -2   0   0  -5  -3  -1    7   2   3  27   1   4  10  10   3   2   4   3   1   1   2   7   7   0   1   4  0.33 0.28
  377 I     0  -2  -1  -1  -1  -1  -1  -3   0   2   0   0  -1   0  -2   0   2   2  -1   2    8   2   2   3   1   3   3   1   3  12  10   6   1   3   2   7  13   3   1  16  0.14 0.16
  378 T    -1  -1  -3  -3   2  -2  -2  -3  -2   0   0   0   1  -3  -3  -1   5   0  -2   1    5   3   1   2   4   1   3   2   1   5   8   7   4   1   1   5  35   2   2   9  0.48 0.39
  379 L    -3  -3  -4  -6  -5  -3  -4  -4  -1   2   5  -2   2   1  -3  -3  -2   0   2   0    2   1   1   0   0   1   1   2   2  10  48   3   5   5   1   2   2   1   6   6  0.78 0.47
  380 E     0   1   1   0  -2   1   0  -2   2   0  -1   0  -1   0   1   0   0  -3  -1   0    7   7   7   7   0   7   7   0   6   7   7   7   0   6   7   7   7   0   0   7  0.07 0.09
  381 A     2   0   0   0   2   0   0   1   1  -1  -1   0  -2  -2   0   1   0  -3   0  -1   21   4   3   4   5   3   5   9   4   4   6   4   0   0   5   9   6   0   3   5  0.09 0.12
  382 S    -1   1   1   1   0   0  -1   1   3  -2  -2   0  -3  -1  -1   2   0   1  -2  -2    4   7   6   8   2   5   3  10  10   3   3   4   0   3   3  20   5   2   0   2  0.18 0.21
  383 R    -1   0   0   0   2   0   0  -1   2   0  -1   0   2   1   0  -1   0   4   1  -1    5   5   5   5   5   5   5   5   5   5   5   5   5   5   5   5   5   5   5   5  0.09 0.08
  384 E    -1   0   2   1  -5   1   1   0   2  -1  -2   0   1   0   0   1   0  -5   1  -1    5   5   8   7   0   5  10   6   4   3   4   6   4   3   5  10   5   0   4   5  0.11 0.12
  385 N     0   0   3   0  -4   0  -1   0   2  -1  -2  -1  -1   1   1   1   0   2   0  -2    9   5  14   5   0   4   3   6   5   3   3   3   2   6   7   9   7   3   4   2  0.14 0.17
  386 N    -1   1   0   0   0   1  -1  -1  -1   0  -2   0   1   0   1   0   0   1   0   2    5   6   5   5   2   5   3   5   2   5   3   5   4   5   7   9   5   2   3  13  0.07 0.08
  387 K    -1   2   0  -2  -4   0  -1  -1   0  -1  -1   2   1   0   0   1   0   3   1   0    4  13   4   2   0   4   4   4   3   3   5  12   3   3   4  10   4   4   4   9  0.13 0.16
  388 P     0   0   0   0   2   0   0  -1   1   0  -1   0  -2   0   0   0   0   3   1  -1    5   5   5   5   5   5   5   5   5   5   5   5   0   5   5   5   5   5   5   5  0.06 0.08
  389 R    -2   2   0  -1   0   2  -1   0   2  -1  -2   2   0  -1  -1   0  -1   1  -3   1    3  13   3   4   2   8   3   9   5   3   3  12   3   3   3   7   3   2   0  10  0.14 0.18
  390 T     1   0   0  -1   0   0  -1  -1   0   0  -1   0   0  -1   0   1   1   1  -1   0   10   6   4   3   3   4   2   5   2   4   7   5   2   2   5  15   8   2   2   8  0.06 0.10
  391 V     0  -2  -2  -1   1   0  -2  -2  -1   1  -1  -1   1   3   0   1   0   1  -1   2    7   2   2   4   3   5   3   4   2   7   5   3   3  10   6  12   6   2   2  12  0.13 0.12
  392 L    -1  -1  -2  -2   1   0  -3   0   0   0   1  -1   0   2   0   1   0   0  -1   0    5   4   1   2   3   5   0   7   3   4  17   3   2  10   4  13   7   1   2   7  0.11 0.15
  393 K    -1   1   0  -2  -4   1  -1  -1  -1  -1  -2   2  -2  -1   3   1   0   2  -4   0    5   8   4   1   0   6   3   6   1   3   5  14   1   3  13  13   7   3   0   6  0.21 0.23
  394 P    -1   0   0   0   2   0   0  -1   2   0  -1   0   2   1   0  -1   0   4   1  -1    5   5   5   5   5   5   5   5   5   5   5   5   5   5   5   5   5   5   5   5  0.09 0.08
  395 R    -1   0   0   0   2   0   0  -1   2   0  -1   0   2   1   0  -1   0   4   1  -1    5   5   5   5   5   5   5   5   5   5   5   5   5   5   5   5   5   5   5   5  0.09 0.08
  396 K    -1   3   0  -1  -6   1  -1  -1   1  -1  -1   2   1  -1   2  -1  -1   2  -5  -2    6  13   5   3   0   6   4   6   4   3   7  11   3   3   9   4   4   3   0   3  0.17 0.19
  397 V    -1   0   0   0   1   0  -1   0   1   0  -1   0   1   0   0   0   0  -4   1   1    5   7   5   4   3   4   3   7   4   7   6   6   4   4   5   6   6   0   5  12  0.03 0.04
  398 C    -1   0   0   0   2   0   0  -1   2   0  -1   0   2   1   0  -1   0   4   1  -1    5   5   5   5   5   5   5   5   5   5   5   5   5   5   5   5   5   5   5   5  0.09 0.08
  399 A     0   0   0   0   2   0   0  -1   1   0  -1   0   1   0   0   0   0  -2   1   0    5   5   5   5   5   5   5   5   5   5   5   5   5   5   5   5   5   0   5   5  0.03 0.05
  400 S     0   0   0   0   2   0   0  -1   1   0  -1   0   1   0   0   0   0   3  -2   0    5   5   5   5   5   5   5   5   5   5   5   5   5   5   5   5   5   5   0   5  0.05 0.09
  401 G    -1   0   0   0   2   0   0  -1   2   0  -1   0   2   1   0  -1   0   4   1  -1    5   5   5   5   5   5   5   5   5   5   5   5   5   5   5   5   5   5   5   5  0.09 0.08
  402 K     0   0   1   1   1  -1   0   0   1  -1  -2   1   0   0  -1   0   1   2   0  -1    7   6   6   7   3   3   6   7   3   3   4   7   3   4   4   8   9   3   4   3  0.06 0.07
  403 R    -1   2   2   2   1   1   0   0   2  -1  -1  -1   1  -5  -1   1  -1  -6   0  -1    6  10   8  10   3   6   6   6   5   3   7   4   4   0   3   9   4   0   4   4  0.14 0.14
  404 K    -1   1   0   1   0   1  -1   0   1  -1  -2   2   1  -2   1   0  -2   2   0  -2    6   9   4   9   2   7   4   8   3   3   5  11   3   2   6   8   2   3   3   4  0.13 0.13
  405 K     0   3   0   0  -7   1  -1   2   2  -3  -3   2  -1  -3   0  -1  -2  -7  -2  -2    8  14   5   5   0   6   5  15   5   2   4  13   1   1   5   5   2   0   2   3  0.30 0.24
  406 D    -1  -1  -1   3  -6   1   1   0   1  -3  -3   1  -1   0  -1   1   0  -7  -6   0    6   3   3  17   0   6   9   7   4   2   3   8   1   3   4  10   6   0   0   7  0.24 0.21
  407 E    -1  -1   1   3   0   0   3  -1  -1  -1  -2  -2  -2  -1   1   1   0  -5  -2  -1    5   3   6  18   2   4  18   5   2   3   4   2   1   2   6  10   5   0   2   4  0.25 0.24
  408 I     1  -1  -1  -2  -3   0  -1   0  -1   3   1  -2   1   0  -1   0   0   0   0   0   11   4   2   2   0   4   5   6   2  18  11   2   3   3   4   8   5   2   3   5  0.09 0.12
  409 S     0  -2   3   2  -1   0  -1   0   0  -2  -2  -1   0  -2   0   2  -1   0  -3  -3    8   2  16  12   1   4   4   8   2   2   5   4   2   2   5  16   3   2   1   2  0.26 0.25
  410 V     0  -2  -1  -2  -2  -1   1   2  -1   0  -1  -3  -1  -1   2   0   0   1  -2   2    9   2   3   2   1   2   8  15   1   6   6   1   1   2   9   5   5   2   1  17  0.17 0.19
  411 D    -2  -2   3   4  -6  -2   2  -1   2  -1  -5  -3  -2   1   0   0  -1   2  -1  -1    3   3  12  25   0   2  12   5   4   3   1   2   1   5   4   6   4   3   2   4  0.45 0.35
  412 S     1  -2   1   0   2   0   0  -1  -4  -3  -2   0   0  -3   2   3   1  -6  -2  -2   10   2   7   6   3   4   5   6   0   2   4   5   3   1  11  21   7   0   2   3  0.26 0.28
  413 L    -2  -3  -4  -3   3   0  -4  -3  -2   3   3  -3   1   2  -2  -3  -2   1   1   2    4   1   1   2   7   4   1   2   1  15  26   2   3   7   3   2   2   2   4  12  0.44 0.29
  414 D    -3  -2   2   7  -8  -3   1  -1  -1  -4  -6  -3  -8  -3  -7  -1   0  -8  -8  -8    2   3  10  54   0   1   8   5   1   1   1   2   0   1   0   4   5   0   0   0  1.43 0.81
  415 F    -2  -3  -4  -5   2  -2  -4   0   1  -2   1  -6   1   7  -1  -3  -1  -5   3  -3    3   2   1   1   4   2   1   7   4   2  11   0   4  39   4   2   5   0   8   1  0.94 0.56
  416 N    -1  -2   4   1  -6   1  -2   0   2  -3  -3   0  -3  -4  -4   3   3  -2  -2  -2    4   2  17   7   0   6   2   6   4   2   2   6   1   1   1  19  16   1   1   3  0.45 0.39
  417 K    -2   3   0  -1   0   2   0  -2   1  -6  -3   5  -3  -3  -2   2   1  -6  -5  -5    3  13   3   3   2   7   5   3   3   0   3  30   1   1   2  13   8   0   0   0  0.58 0.44
  418 K    -4   3  -2  -1  -8   0  -1  -2  -2  -7  -7   7  -7  -8  -3  -3  -6  -8  -7  -7    1  12   2   4   0   3   3   3   1   0   0  65   0   0   2   2   0   0   0   0  1.77 0.93
  419 I    -2  -6  -6  -7   1  -6  -6  -5  -7   5   2  -6  -2  -5  -3  -4  -1   4  -5   4    3   0   0   0   2   0   0   1   0  29  19   0   1   0   2   1   4   5   0  31  1.11 0.59
  420 L    -2  -1  -2  -6  -5  -2  -4  -3  -4   0   5  -1   3  -1  -4  -1   0  -2  -2  -2    3   4   2   0   0   2   1   2   0   4  56   4   6   2   1   5   5   1   1   2  0.84 0.52
  421 H    -3   1   0  -6   0   1  -3  -6   9  -6  -2  -2  -3  -2  -3   2  -2  -6  -1  -4    2   6   4   0   2   6   1   0  47   0   4   3   1   2   1  14   2   0   2   2  1.54 0.80
  422 T     0  -3  -4  -4   2  -5  -5  -3  -1   1   3  -5   2  -2  -5  -1   1  -5  -3   4    9   1   1   1   4   0   0   2   1   6  25   0   5   1   0   5  10   0   1  26  0.57 0.40
  423 A     5  -3  -5   0   2  -2  -2  -2   0  -3  -5  -3  -5  -4  -5   3   0  -6  -6  -3   44   1   0   6   4   2   3   2   2   1   1   1   0   1   0  25   4   0   0   2  0.93 0.62
  424 W    -4  -7  -7  -8   2  -4  -7  -4   1  -4  -5  -5  -3   5  -8  -1  -4  11   0  -3    2   0   0   0   3   1   0   1   3   1   1   1   1  21   0   4   1  52   3   2  2.62 1.16
  425 H    -6   0   1  -6   0  -5  -4  -2  10  -7  -6  -4  -6  -6  -6   3  -6  -7  -2  -7    0   4   6   0   2   0   1   3  60   0   1   1   0   0   0  19   0   0   1   0  2.35 1.07
  426 P    -3  -6  -3  -3  -7  -4  -6  -4   1  -7  -3  -2  -6  -4   8  -3  -5  -7  -6  -6    2   0   1   1   0   1   0   1   3   0   3   2   0   1  79   3   1   0   0   0  2.47 1.12
  427 K     0   0   2   2   0   0  -1  -1   2  -4  -3   2  -3  -1  -4   1   3  -1  -3  -3    7   4  10  13   2   4   3   5   6   0   2  11   1   2   0   8  19   1   0   1  0.33 0.30
  428 E    -2   0  -1   2  -6   1   4   2   0  -6  -4  -1  -5  -6  -5   1  -1   0  -4  -4    3   5   3  11   0   5  32  15   2   0   2   3   0   0   0  11   4   2   0   1  0.62 0.45
  429 N    -4  -2   6   3  -3  -1  -2  -5  -1  -3  -4   1  -3  -4  -2   0   0  -7  -1  -6    1   2  43  17   1   3   2   0   1   1   2   9   1   1   2   8   5   0   2   0  1.03 0.62
  430 I    -3  -4  -4  -5   0  -3  -3  -4  -5   4   2  -3   0  -2  -4   1   2  -5  -2   3    1   0   1   0   2   1   1   1   0  21  20   2   2   2   1   9  15   0   1  20  0.57 0.39
  431 I    -1  -6  -3  -7  -5  -6  -7  -7  -7   6   3  -6   1  -1  -7  -4  -2  -6  -2   3    6   0   2   0   0   0   0   0   0  39  25   0   3   3   0   1   2   0   2  18  1.12 0.59
  432 A     7  -4  -7  -7  -6  -6  -6  -4  -7  -6  -4  -6  -6  -3  -6  -2  -2  -7  -3  -1   85   1   0   0   0   0   0   1   0   0   1   0   0   1   0   2   2   0   1   4  2.05 1.01
  433 V     0  -5  -5  -6   6  -5  -6  -3  -6   2  -1  -5  -1  -1  -6   2   0  -6  -4   5    6   0   0   0  14   0   0   2   0  11   5   0   1   3   0  14   6   0   0  37  0.90 0.53
  434 A     6  -6  -6  -5   2  -6  -5   1  -6  -6  -6  -6  -6  -7  -6   2  -2  -7  -7  -2   69   0   0   0   3   0   1   9   0   0   0   0   0   0   0  13   3   0   0   3  1.58 0.83
  435 T     4  -3  -1  -5   2  -2  -4   1   2  -3  -4  -3  -4  -4  -5   2   1  -6  -5   0   39   1   2   0   5   1   1   9   5   1   1   1   0   0   0  18  10   0   0   6  0.67 0.47
  436 T     2   0   1  -1  -2  -1  -3   1   1  -2  -2  -1  -1  -3  -4   1   3  -2  -2  -1   17   4   6   3   1   3   1  12   3   2   4   4   2   1   0   8  25   1   1   3  0.30 0.28
  437 N    -3  -3   7   4  -2  -3  -1  -2   0  -7  -6  -3  -6  -7  -1   1  -1  -8  -6  -7    2   1  47  19   1   1   3   3   2   0   1   1   0   0   3  11   3   0   0   0  1.27 0.68
  438 N     0  -1   6  -4   1  -2  -2  -1   0  -4  -5  -1  -2  -4  -5   4  -1  -6  -2  -4    7   3  36   0   3   1   2   4   2   1   0   4   1   1   0  30   3   0   1   1  0.95 0.58
  439 L    -4  -6  -6  -7  -1  -6  -6  -4  -2   3   6  -4   1  -3  -6  -6  -5  -5  -5   0    1   0   0   0   1   0   0   2   1  16  69   1   2   0   0   0   0   0   0   5  1.39 0.65
  440 Y    -5  -4  -6  -7  -2  -6  -7  -6   4  -2  -3  -6  -5   5  -8  -6  -5  -3   8  -5    1   1   0   0   1   0   0   1   9   3   3   0   0  26   0   0   1   0  57   0  2.25 0.92
  441 I    -4  -3  -5  -3  -2  -5  -3  -6  -5   4   3  -5   5   2  -3  -5  -1  -4  -3   2    0   1   0   2   1   0   2   0   0  29  25   0  13   9   1   0   4   0   0  12  0.80 0.43
  442 F    -6  -4  -7  -7  -6  -4  -7  -7  -1  -1   0  -6  -4   7  -7  -6  -6  -3   8  -5    0   1   0   0   0   1   0   0   1   3   9   0   0  40   0   0   0   0  46   0  2.13 0.85
  443 Q     0  -1   2  -2  -4   4   2  -4   4  -4  -4   0  -3  -5  -4   2   2   0  -2  -3    6   2   8   0   0  20  14   0  13   0   0   4   0   0   0  16  13   1   1   2  0.57 0.38
  444 D     0  -1   1   4  -4   2   1   2   0  -4  -5   1  -4  -5  -3   0  -1   1  -4  -3    6   2   6  30   0   9   8  17   2   0   0   8   0   0   0   4   3   2   0   2  0.49 0.27
  445 K    -3   1  -2   0  -5   2   2  -4   2  -3  -4   5  -3  -3  -2  -1  -2  -5  -3  -1    0   7   0   5   0  10  13   0   4   1   0  49   0   1   1   2   1   0   0   6  0.73 0.36
  446 V    -1  -3  -3  -3   2  -2   1  -4  -3   3   1  -2   3  -1  -3  -2  -1  -3  -2   3    4   0   0   0   6   0  14   0   0  25   6   2  10   1   0   0   0   0   0  32  0.36 0.18
  447 N    -2  -2   6   0  -3  -1  -1  -2  -1  -4  -4  -1  -3  -4  -3   2   2  -5  -3  -3    0   0  70   2   0   0   0   0   0   0   0   0   0   0   0  14  14   0   0   0  0.99 0.26

                      K         Lambda
Standard Ungapped    0.1327     0.3175
Standard Gapped      0.0310     0.2670
PSI Ungapped         0.1012     0.3174
PSI Gapped           0.0310     0.2670
