
Last position-specific scoring matrix computed, weighted observed percentages rounded down, information per position, and relative weight of gapless real matches to pseudocounts
            A   R   N   D   C   Q   E   G   H   I   L   K   M   F   P   S   T   W   Y   V   A   R   N   D   C   Q   E   G   H   I   L   K   M   F   P   S   T   W   Y   V
    1 M    -3  -3  -4  -5  -3  -2  -4  -4  -3   0   0  -3   9  -2  -4  -3  -2  -3  -3   0    0   0   0   0   0   0   0   0   0   0   0   0  98   0   0   0   0   0   0   2  1.76 0.42
    2 F    -1  -3  -3  -3  -2  -2   0  -4  -3   0   3  -3   2   3  -3  -2  -1  -2  -1   2    4   0   0   0   0   0  10   0   0   0  43   0   4  16   0   0   3   0   0  20  0.38 0.18
    3 T     1  -2  -1   1   3   0   0   3  -2  -3  -3  -2  -3  -4  -2   2   2  -4  -3  -2   14   0   0   7   7   3   6  28   0   0   0   0   0   0   0  15  20   0   0   1  0.40 0.18
    4 S    -2   0   0  -4  -4  -2  -3  -4  -3  -2  -2  -1   8  -3  -2   3   0  -4  -4  -1    1   4   4   0   0   0   0   0   0   0   0   4  48   0   2  28   5   0   0   3  0.99 0.50
    5 E    -1  -2   3   4  -4  -1   3  -3  -2  -4  -4   0  -4  -5   0   0   1  -5  -4  -4    3   0  13  30   0   0  27   0   0   0   1   6   0   0   3   6  10   0   0   0  0.67 0.32
    6 I    -1   3  -2   0   0   1   0  -3  -2   0   0   1   0   1  -3   0   1  -3  -2   1    4  19   0   5   2   8   5   0   0   7   6   6   2   8   0   6   9   0   0  12  0.13 0.14
    7 G     1   0  -1   0   0   0   0   4  -2  -2  -3   0  -3  -4  -3   1   0  -4  -3  -2   15   4   2   6   2   4   7  32   0   2   2   5   0   0   0  13   4   0   0   2  0.36 0.22
    8 V    -2  -3  -2  -2  -3   1  -1  -4   0   3   2  -2   1  -2  -2  -2   0  -4  -3   3    1   0   1   2   0   9   5   0   3  16  18   2   4   0   2   1   7   0   0  29  0.33 0.25
    9 V    -4  -5  -6  -6  -4  -5  -5  -6  -6   4   3  -5  -1  -3  -5  -5  -3  -5  -4   5    0   0   0   0   0   0   0   0   0  28  23   0   1   0   0   0   0   0   0  46  1.26 0.58
   10 E    -2   2   1   0  -5   4   3  -3   0  -4  -2   2  -3  -5  -2   0  -1  -5  -4  -3    2  12   7   4   0  24  18   1   2   0   3  13   0   0   1   7   3   0   0   1  0.57 0.38
   11 E    -4  -3   0   5  -6  -1   5  -4  -4  -6  -6   0  -5  -6  -4  -1  -2  -6  -5  -5    0   0   4  34   0   1  46   1   0   0   0   6   0   0   0   4   2   0   0   0  1.32 0.66
   12 W    -6  -4  -7  -7  -6  -6  -7  -6  -6  -2  -2  -7  -5   3  -7  -6  -3  12   0  -2    0   1   0   0   0   0   0   0   0   2   4   0   0  11   0   0   2  73   2   3  3.43 1.19
   13 L    -5  -6  -7  -3  -5  -6  -6  -7  -6   1   6  -6   1  -2  -7  -6  -5  -5  -5  -1    0   0   0   2   0   0   0   0   0   6  85   0   2   1   0   0   0   0   0   3  1.78 0.83
   14 S     2  -2   1  -2  -4   1   0  -1  -4  -4  -4  -1  -4  -5  -2   4   3  -5  -4  -2   17   1   6   2   0   6   5   4   0   0   1   3   0   0   1  33  19   0   0   2  0.60 0.47
   15 E    -1  -2  -1   4  -5  -1   5  -3  -1  -2  -4  -1  -2  -6  -2   0  -1  -6  -5  -5    6   2   2  26   0   1  41   1   1   2   1   3   1   0   2   7   3   0   0   0  0.91 0.56
   16 F    -2  -3  -5  -6   3  -5  -5  -5  -4  -1   1  -2  -3   6  -5  -2  -3   3   6  -1    3   1   0   0   7   0   0   0   0   3  15   3   0  32   0   3   1   4  24   3  1.10 0.58
   17 K    -1   0   0   1  -5   1   2  -2  -4  -3  -3   5  -4  -5  -4  -1  -2  -5  -5  -3    5   5   4   6   0   6  11   4   0   2   3  46   0   0   0   4   1   0   0   2  0.76 0.50
   18 T     2   0   0  -1  -2   0   0   0  -3  -2  -4   0  -2  -4   0   3   2  -4  -4  -2   17   5   5   3   1   4   4   8   0   2   0   5   1   0   4  22  14   0   0   2  0.30 0.29
   19 L    -2  -3  -1  -4  -2  -1  -1  -2  -1   0   5  -1  -1  -2  -4   0  -1  -4  -1   0    3   1   3   0   1   2   5   3   2   5  53   3   1   1   0   6   4   0   2   5  0.56 0.40
   20 P     0  -1  -2  -1  -2   1  -1  -3  -3   0  -2   1  -1  -4   4   2   1  -1  -4  -2    7   3   1   3   1   8   3   2   0   5   3   7   1   0  23  18  11   1   0   2  0.43 0.35
   21 E    -2   0   0   4  -5  -1   4  -1  -3  -4  -3   1  -2  -5   1   0  -1  -5  -4  -2    3   4   3  20   0   2  28   5   0   0   3   9   1   0   8   6   4   0   0   3  0.52 0.39
   22 T     0  -1   1   2   0   0   1  -2  -2  -1  -2  -1  -2  -3  -2   3   2  -5  -4   0    7   2   5  10   2   3  11   2   1   3   3   2   0   1   1  23  15   0   0   6  0.28 0.29
   23 S     0  -2  -1   3  -3   2   4  -2   0  -5  -3   0  -2  -4  -3   3  -2  -5  -4  -3    7   1   2  15   1   9  28   3   2   0   2   4   1   1   1  20   1   0   0   2  0.57 0.44
   24 L    -1   1  -2   0  -3  -1  -2  -3  -1   3   2  -2   2  -1  -2   0   0  -1  -1   1    3   7   1   6   0   2   1   1   2  21  18   2   5   2   1   6   6   1   2  12  0.21 0.20
   25 P     1   0  -1  -1  -4   0   1  -2   4  -3  -2   0  -2  -2   4   2   0  -4  -2  -4   10   5   3   3   0   3   9   2   9   1   4   5   1   1  20  15   6   0   1   0  0.38 0.31
   26 N     0   1   2   1  -2   0   0  -1  -1  -2  -3   1  -2  -2  -1   2   2  -4  -3  -2    7   7  11   7   1   3   7   4   1   2   2   8   1   2   2  19  13   0   0   2  0.23 0.22
   27 Y    -1  -2  -1  -3  -4  -3  -3  -4   0  -2   0  -2   0   4   1  -2  -2   0   6  -1    4   2   4   1   0   0   1   1   2   2  10   3   2  21   7   3   2   1  28   4  0.68 0.42
   28 A     5  -4  -3  -1  -1   0  -1  -2  -4   1   0  -4  -1   0  -3   0  -1  -5  -3   0   49   0   1   3   1   4   3   2   0   7   8   0   1   4   1   6   3   0   1   6  0.60 0.44
   29 T     1   2   0  -1   2   1   1  -2  -1  -1  -1   1  -1  -3  -3   2   1  -4  -3  -1   10  10   4   2   4   5   8   2   1   3   7   9   1   1   0  18   8   0   0   5  0.18 0.20
   30 N     0   1   1   0  -2   1   0  -1   1  -2  -2   1  -2  -1  -3   2   2   1  -1  -3    8   8   6   4   1   5   7   3   3   1   4   9   1   3   0  17  14   2   2   1  0.19 0.21
   31 L    -3  -3  -4  -3  -2   0  -2  -5   2   1   4  -3   2   1  -3  -2  -2  -4  -2   0    1   1   0   1   1   5   2   0   5   8  49   1   5   5   1   3   2   0   1   7  0.66 0.42
   32 K    -1   0   0  -2   1   0   2  -3   3  -1   2   2   1  -2  -3   0  -1  -1  -1  -1    4   5   5   1   3   3  14   1   7   2  20  12   3   1   1   8   3   1   2   3  0.17 0.20
   33 D     0  -1   2   3  -2   2   2  -1   4  -4  -1   0  -2  -4  -2   1  -1   0  -2  -3    7   3   8  16   1   8  12   4  13   0   6   5   1   0   1   9   3   1   1   1  0.33 0.28
   34 K    -3  -1   5   3   0   0  -1  -4  -1  -3  -3   2  -5  -5  -3   1  -2  -6   0  -5    1   3  30  18   2   4   3   0   1   2   3  14   0   0   1  12   2   0   3   0  0.73 0.50
   35 S     0  -1   0   1  -2   0   2   0   2  -2  -2   1  -1  -2   2   0   0  -4  -2  -1    6   2   5   8   1   4  15   7   7   1   4  10   2   1  10   5   6   0   1   4  0.18 0.17
   36 S     2  -2   0   2  -4   0   3  -2   0  -3  -3   0  -4  -5   0   1   2  -5  -3  -3   16   2   3  12   0   4  21   2   2   1   2   5   0   0   4  11  11   0   1   1  0.37 0.33
   37 L    -1  -4  -2  -4  -4  -2  -3  -5   0   2   4  -2   1   0  -3  -3  -1  -4  -2   2    4   0   3   1   0   1   1   0   2  11  44   2   3   3   1   1   3   0   1  17  0.63 0.40
   38 V     1  -2  -1  -4  -1  -2  -3  -2  -1   2   1  -3   1   0  -2   0   1   0   1   2   11   1   3   0   1   1   1   3   2  16  13   1   4   4   1   7   8   1   6  15  0.20 0.20
   39 T     0   0   1   1   1   2   1  -2  -1  -1   0   1  -1  -2   0   1   1  -4  -3  -1    8   3   8   8   3  10   7   1   1   3   9   7   1   2   5  10  10   0   0   4  0.12 0.15
   40 S     4  -3  -1   1   0   0   0  -1  -1   1  -1  -2  -3  -1  -3   1  -1   0  -2  -1   36   0   3   7   2   3   6   3   2   8   6   2   0   3   0  11   4   1   1   2  0.33 0.32
   41 L    -3  -5   0  -3  -4  -3  -5  -6  -5   5   4  -5   0   0  -5  -2  -2  -5  -4   1    2   0   5   1   0   1   0   0   0  32  38   0   2   3   0   2   2   0   0   8  0.90 0.52
   42 Y    -2  -2  -2  -3  -5  -2  -1  -5   2   1   0  -2  -1   4  -5   0  -1  -3   6  -2    3   2   2   1   0   2   4   0   5   8   8   2   1  17   0   8   4   0  32   2  0.79 0.51
   43 K    -1   0   1   0   0   1   1  -2   2  -1   0   1  -1   1  -3   2   1  -4  -2  -1    4   5   7   5   3   6   7   2   5   2   9  12   2   6   0  15   8   0   1   3  0.13 0.18
   44 V     1   0   0  -2   1  -2  -1  -3   0   1   2  -1   1  -1  -4   0   0  -4  -1   2   10   6   5   2   4   1   3   1   2   8  21   3   4   2   0   7   4   0   1  14  0.15 0.17
   45 I    -3  -2  -2  -5   3  -2  -5  -6  -5   3   4  -3   1   3  -5  -1  -2  -4  -3  -1    2   2   3   0   6   2   0   0   0  15  40   2   3  14   0   6   2   0   0   3  0.74 0.46
   46 Q     0   2   3   1  -1   2   3  -1   0  -3  -2   0  -2  -3  -2   0  -1  -5  -2  -2    6  10  17   7   2   8  17   3   2   1   4   4   1   1   2   7   3   0   1   2  0.29 0.27
   47 E    -1   0   0   3  -5   1   3  -1   2  -3  -3   0  -4  -1  -2   1  -1  -4   3  -1    4   4   4  15   0   5  17   4   5   1   1   6   0   2   1  10   4   0  11   4  0.32 0.29
   48 P    -1   1   1  -1   0   1   0  -2   2  -2  -3   0   0  -1   3   0   0   1   1  -2    5   7   6   4   2   6   7   2   5   2   2   6   2   2  18   7   7   2   4   3  0.23 0.23
   49 Q    -2  -1   2   2   1   1   0   0   1  -4  -3   0  -1  -2  -1   3  -1   1   0  -2    3   3   9  11   4   7   5   6   3   0   3   6   2   2   4  22   4   2   4   2  0.25 0.27
   50 S     0   0   0  -1   0   0   0   1   1  -1  -2   0   0   0   0   1   0  -3   0  -1    7   6   5   3   3   4   5   9   3   3   3   7   3   4   5  16   4   0   4   5  0.07 0.10
   51 E     0   0   0   0  -2   1   0   0   1   0  -1   0  -1   0   1   0   0  -2   1   0    6   6   6   6   0   6   6   6   6   6   6   6   0   6   6   6   6   0   6   6  0.04 0.06
   52 L    -1   0  -1  -1  -1  -1   0   0  -2   0   2   0   0   0  -3   0   0   1   0   0    5   5   3   3   1   2   9   9   0   5  23   4   2   5   0   6   5   2   4   8  0.06 0.12
   53 L     0  -1   0   0   0  -1  -1  -1   0   1   1  -1   1   0  -1  -1   0  -3   0   1    9   4   5   5   2   2   3   3   2  13  17   3   4   4   3   4   6   0   3   9  0.04 0.07
   54 E    -1   0   0   3   0   1   2  -1   1  -1  -2   0  -2   0   0   0  -1  -3   0  -1    4   4   4  20   3   6  14   5   4   4   4   5   0   4   3   6   3   0   3   3  0.18 0.17
   55 P     0   1   0   1   1   0   0  -1   1   0  -2   0  -3  -4   3   1   0  -4  -3  -3    6   8   5   8   4   5   7   4   4   7   4   4   0   0  18  10   6   0   0   0  0.26 0.23
   56 V    -1  -4  -3  -1  -3  -3  -3  -4  -4   3   3  -3   1   1  -4  -1   0  -3  -2   3    4   0   0   5   0   0   1   1   0  17  27   0   4   5   0   4   5   0   0  26  0.46 0.28
   57 C    -1   0   1   0   3  -1  -2  -2  -1   1   0  -1   2   1  -2   0   1  -2   2   0    1   8   8   8   8   0   0   1   0   8   8   0   8   8   0   8   8   0   8   8  0.09 0.12
   58 H     0   0   0   1   0   3   0   0   3  -2  -2   0   0  -3   1   0   0  -4  -2  -1    9   4   5  10   2  15   4   6   9   2   3   6   3   0   6   6   6   0   0   3  0.18 0.15
   59 Q    -2   0  -1  -3  -1   5  -1  -3   0  -1  -2  -1  -3   1  -2   0  -1   7  -1  -2    2   5   2   0   2  32   3   2   2   4   3   3   0   5   2   7   4  15   2   3  0.69 0.37
   60 L    -4  -5  -5  -5   2  -4  -5  -5  -5   1   5  -5   2   2  -5  -5  -4  -4  -3   0    1   0   0   0   4   0   0   1   0   8  65   0   4   9   0   1   0   0   0   5  1.17 0.47
   61 F     0  -2  -2  -3   3  -2  -2  -2   2   1   1  -2   2   2  -2   0  -1  -1   2   1   10   0   0   0   9   0   1   1   9  10  10   1   9   9   0  10   1   0   9  10  0.15 0.12
   62 E     0  -1   2   3  -1   0   2  -2   0  -2  -1  -1  -1  -3  -2   1   0   0  -1  -2    9   3  11  20   1   4  13   2   3   2   5   3   1   0   0  11   5   2   2   2  0.24 0.19
   63 F    -2  -4  -4  -5   3  -4  -4  -4  -3   1   2  -4   2   4  -2  -2   1   4   2  -1    3   0   0   0   7   0   0   0   0   8  22   0   5  23   2   2  12   6   7   2  0.56 0.34
   64 Y    -2  -3  -4  -1   1  -4  -4  -5   0  -2  -1  -4  -3   4  -5  -2  -1  -2   8  -2    3   2   0   4   3   0   0   0   2   2   6   0   0  15   0   3   3   0  54   2  1.34 0.62
   65 R    -3   5   0  -3   1   3  -1  -4   3  -2  -2   1   0  -3  -4  -1   0  -4   2  -4    0  33   5   0   3  13   3   0   7   3   4   8   3   0   0   5   5   0   7   0  0.58 0.42
   66 S     0   0   0   0   2   0   0  -1   1  -3  -1   1  -3  -3  -3   3   1  -4   0  -1    6   4   4   5   5   3   5   4   4   0   6  10   0   0   0  28   8   0   3   4  0.26 0.27
   67 G     0   0   0   0   1   0   0   3   1  -1  -3   0   1  -1   0   0  -1   2  -3  -1    5   4   5   6   3   5   4  23   4   3   0   6   5   3   4   8   3   3   0   4  0.17 0.17
   68 E    -3  -3   1   4  -1   0   3   1   2  -3  -3  -2  -4  -3  -3   1  -1  -5  -4  -1    0   0   7  23   1   3  24  11   5   2   3   1   0   1   1   9   2   0   0   6  0.51 0.35
   69 E    -1   0  -1   2  -3   0   1  -2  -1  -1  -1   0   0  -2   4   0  -1  -1  -3   0    5   5   3  10   0   4  10   3   1   5   5   6   2   1  19   9   3   1   0   8  0.24 0.18
   70 Q     0   1   1   2  -2   2   2  -1   2  -3  -3   2  -2  -3  -2   0  -1   0   0  -3    8   7   7  13   1   9  14   5   5   1   2  11   1   1   1   5   3   2   3   1  0.23 0.17
   71 L    -2  -4  -5  -5   3  -2  -4  -4   2   0   5  -4   1  -1  -5  -1  -2  -4   0  -1    2   0   0   0   7   2   0   1   5   3  64   0   3   1   0   5   1   0   4   2  0.89 0.46
   72 L    -2   4  -1  -3  -2   3  -1  -4   2  -2  -1   3  -1  -2  -4  -1  -2   1  -1  -3    2  30   3   0   1  17   1   0   5   2   7  16   2   2   0   5   2   2   2   2  0.55 0.35
   73 R    -1   2   0  -2   1   1  -1  -2   0   0   2   0   0  -1  -1  -1  -1  -3   0  -1    3  17   4   2   3   6   4   2   3   3  31   4   1   1   3   5   3   0   3   3  0.16 0.18
   74 F    -3  -5  -6  -6  -1  -5  -6  -6   0  -1   1  -3  -3   7  -6  -5  -1   1   2   1    2   0   0   0   1   0   0   0   2   3  11   2   0  58   0   0   4   1   5  10  1.35 0.58
   75 T     1  -4  -4  -5   3  -4  -4  -4  -5   0  -2  -4  -1   0  -2   0   3  -5  -2   4   14   0   0   0   7   0   0   0   0   4   2   0   1   4   1   6  22   0   1  37  0.65 0.41
   76 L    -2  -1  -4  -4   1  -2  -4  -3  -1   2   4  -4   1   1  -4  -3  -1   0  -2   0    2   3   0   0   3   1   0   1   2  11  55   0   2   5   0   2   3   1   0   5  0.64 0.34
   77 Q    -1   2   0  -1   0   5   1  -2   1  -2  -1   0   0  -1  -3   0  -1  -3  -1  -2    3  10   3   2   2  35   8   2   2   2   5   4   2   2   0   8   3   0   2   2  0.35 0.25
   78 F    -2  -2  -3  -3   2  -2  -3  -3   1   1   1  -3   1   4  -3  -2   0  -1   3   0    1   0   0   0   6   0   0   1   5   5  18   0   5  34   0   1   6   0   9   6  0.35 0.16
   79 L     0  -2  -2  -3  -1  -2  -2  -3  -2   2   2  -2   2   1  -2   0   1  -2   1   2    6   0   0   0   0   0   0   1   0  16  27   0   6   6   0   6  11   0   5  14  0.18 0.10
   80 P    -2  -3  -3  -3  -4  -3  -2  -3  -3  -3  -1  -2   1   0   7  -1  -2  -4  -3  -3    1   1   0   1   0   0   1   1   0   1   6   1   4   4  74   5   1   0   0   1  1.72 0.39
   81 E     1  -2   0   0   3   0   0  -1  -1   0  -1  -1   0  -2   1   1   1  -3  -2   0   13   1   3   4   8   2   6   3   2   5   7   1   2   0   8  16  13   0   0   7  0.12 0.08
   82 L    -1  -3  -3  -3  -2  -3  -3  -3  -3   2   4  -3   2   2  -3  -2  -2  -2  -1   1    5   1   0   1   0   0   1   1   0  16  50   1   4  11   1   1   1   0   0   8  0.45 0.18
   83 M     0  -3   0  -1   2   0  -3  -3  -3   3   0  -3   2   0  -3   1   0  -3  -2   2    9   0   4   4   5   4   1   1   0  23   9   0   7   4   0  10   5   0   0  12  0.24 0.21
   84 W    -1  -1   0  -1   1  -3  -1   2   1  -1  -2  -1  -3   0  -4   0  -1   7   2  -2    5   3   4   3   4   0   4  20   5   3   4   3   0   4   0   6   4  18   6   3  0.47 0.29
   85 C     0   0  -1  -3   2  -1  -1  -3  -2   2   2  -1   0  -2  -4  -1   1  -4  -2   2    9   5   3   0   6   2   3   1   1  10  21   3   1   1   0   5   9   0   1  19  0.22 0.21
   86 Y    -4  -6  -4  -4  -2  -6  -6  -7   2  -3  -4  -6  -5   1  -2  -6  -6  -3   9  -6    1   0   1   1   1   0   0   0   5   2   2   0   0   5   2   0   0   0  78   0  2.70 1.14
   87 L    -3  -6  -7  -7  -5  -6  -6  -7  -6   0   6  -6   1   1  -4  -3  -3  -5   1  -2    2   0   0   0   0   0   0   0   0   4  73   0   2   5   1   2   2   0   5   2  1.44 0.75
   88 A    -1   2   1   0   2  -1  -3  -3   1  -2   0  -1  -1  -1   0   3   0  -1   0  -2    4  10   6   5   4   2   0   1   3   2   9   3   1   2   5  29   5   1   4   2  0.25 0.30
   89 V     2   3  -1  -2   2  -1  -2  -1   2  -1  -1  -2  -1  -2  -2   1  -1  -4  -1   0   20  18   2   2   5   2   2   5   4   4   5   1   1   1   1  13   2   0   2   7  0.24 0.26
   90 S     0  -2  -1  -4   1  -3  -3  -2   0   2   2  -2   0  -1  -2   2   0  -4   0   2    6   2   2   0   3   0   0   3   2  11  20   1   1   2   2  16   5   0   4  17  0.23 0.24
   91 A     3  -2  -3  -4   0  -1  -3  -2   4  -2  -2  -2  -1  -1   0   3   1  -4   1   0   24   2   0   0   2   2   0   3  10   2   3   2   1   2   4  21   9   0   4   8  0.37 0.35
   92 S     0   1   1  -1  -1  -1  -1  -1   4  -3  -2   1  -1  -2  -1   3   1  -4  -3  -2    6   9   6   2   2   2   3   4  10   1   5   9   1   2   3  25   8   0   0   3  0.29 0.28
   93 R    -1   3   1   0   0   0  -1   1   1  -4  -3   1  -1  -2   1   1  -2  -4  -1  -2    5  20   7   5   2   3   2  11   3   0   2  10   2   2   7  12   0   0   3   2  0.27 0.26
   94 D    -1  -1   1   2   0   2   1  -1   1  -1  -1   0   0  -3   1   0  -1   3  -3  -1    3   3   7  13   2  10   8   3   3   4   5   4   2   0   9   9   4   5   0   5  0.17 0.18
   95 V    -1   1   0   0  -3   1   0  -1   1  -1  -1   1   0  -1   1   0   0   1   0   0    4  10   5   6   0   5   5   3   4   3   5  11   3   3   8   8   4   3   3   7  0.08 0.10
   96 H     0   0   1   0  -3   1   0   0   2  -2  -1   0   1  -2   1   0   0   3   1  -1    6   6   6   6   0   6   6   6   6   0   6   6   6   0   6   6   6   6   6   6  0.10 0.13
   97 S     1  -1   2  -1  -1  -2   0   0   0  -2  -1  -1  -1  -3   1   3   0   0  -4  -1   12   2   9   2   1   0   7   5   2   1   6   4   1   1   7  26   6   2   0   5  0.24 0.24
   98 S     0  -2  -1  -2   4   0  -1  -2   0   0   0  -1  -1   0  -1   1   0   1   1   1    9   2   3   1  10   5   3   2   2   4  11   4   1   4   2  15   5   2   5  11  0.11 0.14
   99 G     1   0   0  -1   1   0   0   3   0  -1  -2   0  -2  -2  -1   2   0   0  -3  -1   11   6   4   2   3   3   5  22   2   3   3   4   0   1   3  17   4   1   0   5  0.18 0.17
  100 C     0  -1   0  -1   4  -1  -1   2   1   0  -1  -1   1  -2  -1   2   0   2   0  -1    6   2   3   2  10   2   3  15   4   6   4   3   6   0   2  18   4   3   3   3  0.15 0.16
  101 I    -1  -1  -3  -4   2  -3  -3  -4  -3   3   2  -3   1   3  -1  -1  -1  -3   1   2    3   3   0   0   4   0   0   1   0  22  17   0   3  12   3   4   3   0   4  19  0.35 0.24
  102 E    -2  -3   2   1  -5   1   6  -2  -3  -4  -1   0  -4  -5  -3  -1  -1  -5  -4  -4    3   0   8   6   0   4  56   3   0   0   6   4   0   0   0   3   4   0   0   0  0.90 0.50
  103 A     2  -3  -1  -1   0  -2  -1  -1  -3   0  -1  -2   0  -3   1   0   3  -3   0   0   24   0   2   2   2   0   5   4   0   5   5   2   2   0   8   3  23   0   4   7  0.24 0.23
  104 L     0  -2   0  -2   2   0  -2  -3  -2   0   0  -2   2   1   1   0   0   4   1   0    7   0   7   0   7   7   0   0   0   7   7   0   7   7   7   7   7   7   7   7  0.15 0.17
  105 L    -1  -2  -4  -4   1  -3  -4  -4  -4   2   4  -3   1   2  -4  -3   0  -3  -2   0    5   3   0   0   4   0   0   1   0  11  54   0   2   7   0   1   5   0   0   4  0.57 0.31
  106 L    -1  -1  -3  -3   3  -2  -3  -3  -3   1   3  -1   1  -1  -1   0   0  -3   1   1    4   3   0   0   6   0   0   1   0   9  41   4   4   0   3   7   4   0   5   7  0.30 0.24
  107 G     1  -1   1   0   1   0   0   2  -2  -2  -1   0   0  -1   1   0   0   2  -2  -1   15   3   7   4   4   5   5  15   0   0   6   7   4   3   7   4   4   3   0   3  0.11 0.12
  108 V     0  -2  -2  -2   3  -2  -2   0   2   1   0  -2   2   1  -2   0   0  -2   2   0    8   0   0   0   8   0   0   8   8   8   8   0   8   8   0   8   8   0   8   8  0.11 0.12
  109 Y    -3  -1  -3  -4   1  -3  -3   0   1   1  -1  -1   2   2  -4  -1   0   3   6  -1    1   3   0   0   3   0   0   7   3   8   3   5   6   7   0   3   5   4  37   4  0.59 0.37
  110 N     0   1   4  -1   2   0   0  -1   0  -1   0   0   0  -2   1   0   0  -3  -1  -2    8   7  26   1   5   5   4   4   2   3   9   4   2   0   7   4   4   0   3   1  0.19 0.18
  111 L    -1  -2   0   1   0   0   0   0   2   0   1   0   1   0   0   0   0  -2   1   0    4   0   4   8   3   5   4   6   7   3  19   5   3   3   4   5   5   0   5   7  0.04 0.10
  112 E     0  -1   1   0   2   1   0   0  -1   0   0   0  -1   1  -2   0   0  -2   1   0    7   0   7   7   6   7   7   7   0   7   7   7   0   6   0   7   7   0   6   7  0.04 0.08
  113 I     1  -3  -2  -3   0  -3  -2  -1  -1   4   0  -3   0  -1  -3  -1   1  -4  -1   3   12   0   2   0   2   0   2   4   1  27   7   0   2   2   0   5  10   0   2  20  0.34 0.28
  114 V     0  -1  -1  -1   2  -1  -1  -1  -3   0   1   0   0  -2  -3   0   1  -3  -1   2    8   2   3   3   5   3   2   4   0   4  19   8   2   0   0   7   8   0   3  19  0.10 0.15
  115 D     0   1   1   3  -3   0   1  -1  -1  -2  -1   0  -3  -2  -1   2  -1  -4  -2  -2    7   7   8  22   0   2   9   2   1   3   5   7   0   1   3  15   3   0   2   2  0.24 0.22
  116 K    -1   3   1   1  -4   0   2  -1   0  -3  -1   2  -1  -4   0   1  -1  -4  -2  -2    3  17   7   9   0   3  16   3   1   0   7  11   1   0   5   9   3   0   1   2  0.26 0.24
  117 H     0   0   2   1  -4   1   1   1   1  -3  -2   0  -3  -1   0   1   0  -4   0  -1    8   6  13   9   0   5   8   9   3   0   3   5   0   4   4   9   6   0   3   4  0.15 0.16
  118 G    -1  -1   0  -1   1   1  -1   4   1  -1  -2  -1   0  -4  -1  -1  -1   2  -1  -2    3   3   4   3   3   6   4  35   3   3   3   4   3   0   3   5   3   3   3   3  0.37 0.29
  119 H    -1   0   3   0  -1   2   1  -1   2  -1  -1   1  -1  -4  -1   0   0  -4  -3  -1    3   3  17   5   1  12  10   3   5   5   5   9   2   0   2   8   6   0   0   3  0.22 0.23
  120 S     0  -1  -1   0  -1   0   0  -2  -3  -2  -2   2   0  -1   4   1  -1  -4  -1  -2    8   3   2   5   2   4   6   3   0   3   4  12   3   3  25  11   3   0   2   3  0.37 0.29
  121 K    -2   2   0  -2  -1   2   0  -2   0  -2  -2   5  -1  -2  -4   0  -1  -4  -4  -1    3  10   4   2   1  10   4   2   2   2   4  38   1   2   0   6   4   0   0   4  0.55 0.41
  122 V     0  -1   1  -1   1   0  -1   0  -2   1   0   0   0   0   0   0   1  -3   0   1    6   3   7   4   3   3   3   7   0   9   6   5   3   3   5   6   8   0   3  16  0.04 0.08
  123 L    -1   0   0   0   0   1   1  -1   1   0   0   0   0   0   0   0   0  -2   0   0    3   5   6   7   3   6   8   4   4   8   9   7   3   5   5   4   3   0   3   7  0.02 0.04
  124 S     0  -2   0  -1  -1  -1   1  -2   0  -2   0   0  -1  -1   0   3   2  -4  -3  -1    5   2   3   3   1   2  10   2   2   2   9   4   2   3   5  23  17   0   0   4  0.22 0.23
  125 F    -2  -5  -5  -5   0  -5  -2  -5  -4   3   1  -5   0   6  -5  -2  -4   1   2   2    4   0   0   0   2   0   3   0   0  17  10   0   2  34   0   3   0   2   6  15  0.88 0.45
  126 T    -1   2   1  -2   1   0  -1  -1   1  -1   1   0   0   1  -1   0   1  -3  -2  -1    3  14   9   0   3   5   4   3   4   3  13   4   3   7   3   5  10   0   0   5  0.08 0.12
  127 I    -1  -3   0  -4  -3   0  -3  -4  -3   4   1  -3   2   1   1  -3   0  -3   2   2    5   0   5   0   0   5   0   0   0  27  14   0   7   5   6   0   5   0   7  12  0.39 0.27
  128 P    -1  -4   0  -3  -4  -3  -1  -2   0  -1  -2  -3   0  -4   7  -1  -3  -5  -4  -1    3   0   6   0   0   0   3   3   3   3   4   0   3   0  60   4   0   0   0   5  1.31 0.52
  129 S    -1  -2   2   2  -1  -1  -2  -2  -1  -2  -3  -1  -3  -4   0   3   2  -4  -3   0    3   0  13  12   1   2   0   1   1   2   2   2   0   0   5  32  16   0   0   7  0.40 0.29
  130 L    -2  -3  -4  -4  -3  -1  -4  -4  -4   1   5  -3   2   0  -2  -2   0  -3  -2   1    2   0   0   0   0   3   0   0   0   6  59   0   5   4   2   3   5   0   0   8  0.66 0.35
  131 S     2   0   0  -1   0  -1  -1   0   1   0  -2  -1  -2  -3  -1   3   2  -3  -3   0   21   5   4   1   2   2   2   5   4   7   1   2   0   0   2  24  13   0   0   4  0.23 0.20
  132 K    -1   1   1  -2   2   2  -1  -2   2  -1  -1   2   1  -1  -2  -1   1  -3   0  -1    2   5   7   0   5  12   2   2   8   3   6  18   5   3   0   2  12   0   3   5  0.15 0.16
  133 P     0  -1  -1  -3  -3   2  -2  -1   0  -1  -2  -1  -1  -4   6   1  -1  -4  -3  -1    8   2   2   0   0  13   0   5   2   3   2   4   2   0  40  10   2   0   0   5  0.71 0.31
  134 S    -1  -3  -2  -2  -3  -2   1  -2  -3  -3  -1  -2   2  -3  -3   5   0   2  -3  -3    1   1   0   1   0   0   8   1   0   1   6   1   6   0   1  65   4   3   0   1  0.86 0.46
  135 V    -2  -3  -3  -2   0  -3  -3  -3  -3   4   1  -3   0   0   1   0   0  -3   0   3    1   0   0   2   2   0   1   1   0  29   9   0   2   4   8   9   5   0   3  23  0.33 0.22
  136 Y    -3   0  -2  -4   0  -3  -3  -4   0   0  -3  -1  -3   2  -1  -3   0   3   7  -3    1   5   2   1   2   0   1   1   2   6   1   5   0   7   3   1   6   4  53   1  1.05 0.44
  137 H    -3  -3  -1  -2  -5  -3  -3  -2   9  -5  -5  -3  -4  -4  -1  -2   1  -4   1  -5    2   0   3   3   0   0   1   4  66   0   1   1   0   0   3   2   9   0   4   1  1.95 0.67
  138 E    -1   0   0   1  -3   2   3  -3   2  -1  -2   0   1  -3   0   0   0  -3   0  -1    4   6   4   8   0   8  27   1   5   4   4   5   4   0   4   5   5   0   3   4  0.26 0.24
  139 P     0   0   1   0  -3   1   0   0   2   0  -2   0   1   0   1   0   0  -2   1   0    6   6   6   6   0   6   6   6   6   6   1   6   6   6   6   6   6   0   6   6  0.06 0.10
  140 S     0   0   0   0   2   0   0  -1   1   0  -1   0   1   0   0   0   0  -2   1   0    5   5   5   5   5   5   5   5   5   5   5   5   5   5   5   5   5   0   5   5  0.03 0.05
  141 S     0   0   1  -1   0   0  -1  -1   1   0  -2   1  -2  -1   1   2   1  -3   0   0    8   3   7   3   2   4   3   3   3   5   4   9   0   3   6  21   7   0   3   5  0.12 0.17
  142 I    -1  -1   0  -1  -3  -1  -2  -1   1   1   2  -1   2   0   1   0  -1  -3   1   0    5   4   4   3   0   3   0   6   3  10  21   4   5   4   9   6   3   0   5   7  0.09 0.13
  143 G     1  -2   0  -1   0   1  -1   1   1  -2  -2   0  -3  -1   1   2   1  -4  -3  -1   15   0   5   2   2   5   4  12   3   3   4   7   0   3   8  14   8   0   0   3  0.16 0.20
  144 S     0   0   0   0   2   1   0   0   1   0  -1   0  -1   0   1   0   0  -3  -1   0    6   6   6   6   6   6   6   6   6   6   6   6   0   6   6   6   6   0   0   6  0.04 0.07
  145 M    -1   0   0   0   2   0   0  -1   2   0  -1   0   2   1   0  -1   0   3   1  -1    5   5   5   5   5   5   5   5   5   5   5   5   5   5   5   5   5   5   5   5  0.08 0.08
  146 A     1  -1   0  -1  -5   0  -1  -1   1   0  -1   1   1   0   2   1   0   2  -4  -1   12   4   4   4   0   4   3   6   3   5   7   8   3   4   9  12   5   3   0   4  0.13 0.14
  147 L     0  -1   0   0  -2   0   0   0  -2   0   1   0   1   0   0   0   0  -2   0   0    5   3   5   5   0   4   9   7   0   6  14   4   6   6   4   8   7   0   3   4  0.03 0.06
  148 T     0   0   0   0  -3   0   0  -1  -2   0  -1   0   1   0   1   1   2  -3  -2   0    6   4   5   6   0   4   4   5   0   5   4   4   4   4   6  11  19   0   0   8  0.12 0.16
  149 E    -1   1   0   1  -3   1   5  -2  -4  -3  -2  -1   0  -5   0   0  -1  -5  -5  -2    4   7   4   7   1   5  40   3   0   1   4   3   2   0   5   6   3   0   0   3  0.59 0.45
  150 S     0   0   2  -1  -4   1  -2   0   2  -2  -1  -1  -3  -3   1   3   1   0  -2  -2    7   4   9   3   0   7   1   8   5   2   5   4   0   1   6  22  10   2   1   2  0.23 0.26
  151 A     3  -2   1  -1  -4  -2  -2  -1  -2  -2  -1  -2   1  -4   1   2   2  -4  -2  -1   30   2   8   4   0   2   2   3   1   2   5   2   4   0   6  13  11   0   1   4  0.34 0.32
  152 L    -1   0  -2  -3  -4  -3  -3  -1  -2   1   4  -1   1  -2  -3  -1  -1  -1  -2   0    4   6   1   1   0   1   1   5   1   8  45   3   4   2   1   6   3   1   1   6  0.47 0.34
  153 S     1   1  -1  -1   0   1  -2  -1  -1  -1  -2  -1  -1  -1   1   3   0   3  -1  -1    9   7   3   3   2   6   2   3   2   3   4   4   2   3   7  25   5   4   2   5  0.20 0.23
  154 Q    -3   4   1  -1  -1   3   1   0   1  -4  -3   1  -1  -2   2   0  -1  -4  -2  -3    1  21   5   3   2  14   8   6   3   0   2   9   2   2   9   7   3   0   1   2  0.39 0.33
  155 H    -1   1  -1  -2  -4   0   1  -1   6  -1   0  -2  -1  -2   2   1   0  -1   1  -1    4   6   3   2   0   3   8   4  20   3  10   2   1   1   9  11   5   1   4   4  0.33 0.28
  156 G    -2  -1   3   3   1   0   2   2   0  -3  -4  -2  -4  -2  -2   0   0  -5  -2  -4    3   3  16  14   3   4  16  17   2   1   1   1   0   2   2   7   4   0   1   1  0.44 0.34
  157 L     0   0   1   0   0   2   0  -3  -1   0   1   0  -2  -2   0   0   0  -4  -2   0    7   4   9   6   3  11   6   0   1   5  16   6   0   1   4   6   6   0   1   7  0.12 0.17
  158 S    -1   0   2  -2  -2   1   0   0   2  -1  -3   0  -2  -3  -1   3   2  -5  -4  -1    3   5   9   1   1   5   7   6   5   4   2   6   1   1   3  21  16   0   0   4  0.29 0.29
  159 K    -1   2   0   0  -1   0   2  -2   1  -1  -2   2  -1  -2   0  -1   2  -4  -2  -1    3  12   4   4   1   4  17   2   4   3   4  11   1   2   4   5  13   0   1   4  0.23 0.22
  160 V     0  -1  -2  -2   0  -1  -1  -2  -2   1   1   0  -1   0  -2  -1   2   0  -1   2    6   3   1   2   2   2   4   3   1  10  11   7   1   4   2   3  15   2   2  18  0.14 0.16
  161 V    -1  -3  -2  -5  -5  -2  -2  -4   1   1   1  -5   0  -2  -1  -2  -1   2  -2   5    6   2   2   0   0   2   3   2   3   7  10   0   2   1   3   3   4   3   1  45  0.72 0.46
  162 Y    -1   2  -1  -2  -1   1  -1  -2  -1   1   0   0   1   0   0   0   0   1   3   0    3  13   4   1   1   6   2   2   1   9   8   5   3   4   5   6   6   2  10   7  0.12 0.15
  163 S    -1   0  -1  -2   0   1  -1  -3  -4   1  -1  -1   1   1   1   3   0   5   0  -1    5   5   2   1   2   6   4   1   0   8   6   4   3   5   6  21   5   9   3   3  0.25 0.26
  164 G    -1   1  -2  -1  -5   1  -2   5   1  -3  -2  -1  -2  -2   2  -1  -3  -5  -5  -2    6   8   2   4   0   6   3  38   3   2   4   4   1   2   9   5   1   0   0   4  0.55 0.40
  165 P     0  -2  -2  -2  -1   0  -3  -6  -1  -3  -2  -5  -6  -7   7   1  -1  -7  -7  -3    6   3   2   2   1   5   2   0   1   1   5   0   0   0  53  10   5   0   0   2  1.35 0.81
  166 H    -3  -1  -2  -5  -1  -2  -2  -2   4   0   3  -3   0   4  -1  -2  -1   1   3  -2    2   4   2   0   1   2   2   4  10   5  26   1   2  15   3   3   3   1  11   2  0.50 0.36
  167 P    -3  -2  -2  -2  -2   1   2  -6   0  -2  -2   1  -1  -1   6  -1  -2  -7  -6  -4    2   2   2   2   1   6  12   0   2   3   4   9   2   3  41   5   3   0   0   1  0.94 0.62
  168 Q    -1   0  -2  -2  -2   4   0  -2   3  -3  -1  -2  -1  -2   3   0   0  -5   0  -1    6   6   2   2   1  23   6   3   6   1   5   2   2   2  17   5   5   0   3   4  0.43 0.38
  169 R    -2   1  -3  -2  -1   1  -2  -3   2   3   1  -2   0   0  -5  -2  -2  -4   3   2    2   9   1   3   2   6   2   2   6  17  13   2   1   3   0   2   1   0  10  17  0.33 0.27
  170 E    -2  -2   0   3  -6  -1   5   0   1  -3  -5   0  -3  -3  -5   1   0  -6  -3  -2    4   2   3  14   0   2  35   7   3   1   1   6   1   1   0  10   6   0   1   4  0.62 0.46
  171 M     1   3  -2  -2   0  -2  -2  -2   0   0  -3   2   0  -3  -2   2   2  -2  -2  -1   12  15   2   2   2   1   2   3   2   5   1  11   2   1   1  16  14   1   1   5  0.28 0.28
  172 L    -4  -6  -7  -7  -5  -6  -6  -4  -3   6   2  -6   1   3  -2  -6  -2  -6  -5   3    1   0   0   0   0   0   0   2   1  40  16   0   3  10   2   0   2   0   0  21  1.18 0.61
  173 T    -4   2   4  -2   1  -3  -3  -5   1  -1  -3   0  -2  -5  -1   1   4  -6  -2  -2    0  12  22   1   3   0   1   0   4   3   3   6   1   0   3  10  26   0   1   3  0.65 0.48
  174 A     5  -2  -2  -4  -1  -3  -2   0  -1  -3  -5  -4  -3  -3   1   2   0  -6  -5  -1   44   3   2   0   1   1   2   7   1   1   0   0   1   1   7  16   6   0   0   4  0.72 0.51
  175 Q     0  -1   0  -3   0   4   2  -1   0  -5  -3  -1   0  -2  -2   1   2  -1  -3  -4    7   3   4   1   2  22  13   5   2   0   3   3   3   2   2  11  16   1   1   0  0.43 0.39
  176 N    -5   0   7  -2  -6   0  -1  -3   0  -6  -6   2  -2  -3  -5   0   1  -6  -2  -3    0   4  52   1   0   4   5   1   2   0   0  11   1   1   0   6   8   0   1   2  1.25 0.70
  177 R    -4   6   0  -4  -5   1   0  -1  -3  -4  -1   1  -4   0  -4   0  -3  -4   1  -1    0  44   4   0   0   5   5   5   0   0   5   8   0   5   0   6   0   0   5   5  0.76 0.43
  178 F    -1  -2  -1  -1   0   1  -1   0   1   1   1  -2   1   1   2  -1  -1   2   1  -1    5   0   3   3   3   8   4   7   5   9  13   0   4   7  11   4   4   3   4   3  0.10 0.12
  179 E     0   1   0  -1   3   1   1  -2   0  -1   0   0   0  -1   0   0   0   1  -2  -1    8   8   3   2   7   5  12   2   3   4  12   6   3   2   4   9   4   2   0   4  0.07 0.11
  180 V    -1  -3  -1  -3  -2  -1  -3  -4  -3   3   1  -3   1   0  -3  -1  -1  -3   1   4    4   0   4   0   0   4   0   1   0  16  15   0   3   4   0   4   3   0   5  35  0.38 0.27
  181 L     0  -3  -3  -4   3   0  -1  -4  -3   2   2   0   3   0  -3  -1   0  -3  -3   1    9   0   0   0   7   5   4   0   0  12  23   7  10   5   0   5   5   0   0   8  0.28 0.23
  182 T     0   0   0  -1   1   0  -1   1   0  -1  -2   1  -2  -1   1   0   2   3  -2  -1    8   5   3   3   3   3   3  11   3   3   4  11   0   3   7   6  15   4   0   4  0.11 0.13
  183 F     0   1  -1  -3  -3  -1  -1  -1   1   0   0  -1   0   3  -3  -1   1  -2   1   2    7  11   2   0   0   2   4   4   4   3   5   2   3  16   0   4   9   0   5  20  0.14 0.17
  184 L     1  -3  -2  -1   0  -2   0  -2  -3   2   3  -3   1  -2  -3  -2  -1  -3  -3   2   11   0   2   3   2   0   8   3   0  11  37   0   3   0   0   1   2   0   0  15  0.31 0.24
  185 L    -3  -3  -1  -4  -3  -1  -3  -1  -3   1   3  -3   4   2  -1  -3  -1   4   1   0    1   0   3   0   0   2   0   6   0   8  37   0  13   7   3   0   4   7   4   4  0.45 0.30
  186 L    -1   1   0   0  -1   1   1  -1   1  -1   0   0  -1   1  -1   1  -1   2   0  -1    3  11   3   6   1   6  10   4   4   3   8   6   1   7   3  12   3   4   2   3  0.08 0.10
  187 C    -1   0  -2  -3   5   1  -2  -3  -1   1   2  -1   0  -2  -2   0   0  -4  -1   2    4   5   1   1  14   8   2   1   1   6  19   4   2   1   1   9   5   0   2  13  0.29 0.23
  188 Y    -5  -6  -6  -6  -1  -3  -6  -6  -4   0  -2  -6   0   4  -6  -6  -3  -3   8   1    0   0   0   0   1   1   0   0   0   5   5   0   2  17   0   0   2   0  55   9  1.90 0.82
  189 N    -2  -3   7  -2   1  -2  -4  -2   0  -3  -3  -4  -5  -3  -5   0   0  -2   3  -4    3   1  53   2   3   1   0   3   2   2   2   0   0   1   0   8   6   1   9   1  1.27 0.65
  190 A     1   0   1   0   0   3   0   0   1  -2  -2   1  -1  -3  -1   2   0  -4  -2  -2   11   4   5   4   2  14   5   7   4   2   3   9   2   1   2  16   5   0   1   2  0.20 0.19
  191 A     0   1   2   0   1   2   0  -2   4  -1  -2   1  -3  -1  -3   0  -1  -1   2  -1    7   8   9   6   4   9   5   2  11   3   4   8   0   2   0   8   3   1   8   4  0.19 0.17
  192 L    -3  -5  -5  -6  -4  -5  -5  -6  -2   5   4  -5   2  -2  -1  -5  -1  -5  -4   1    2   0   0   0   0   0   0   0   1  36  37   0   4   1   4   0   3   0   0   9  1.09 0.51
  193 T     2  -3  -1  -1   1  -1  -2   0  -1  -2  -2  -2  -2  -1   0   4   1  -4  -2   0   16   1   3   3   3   2   1   7   1   2   3   2   1   2   5  31   7   0   1   8  0.34 0.28
  194 Y    -1   0   0   1   0   1   0  -3   1  -1   1   0  -1   0  -2   1  -1  -3   2  -1    3   4   5   7   2   9   6   1   4   3  16   5   1   4   1  11   4   0   9   4  0.10 0.13
  195 M    -2  -3  -5  -5   1  -4  -4  -5  -1   2   3  -1   7   2  -5  -4  -3   0   1   0    4   1   0   1   3   0   1   1   2  10  26   3  29   7   1   1   1   1   4   5  0.89 0.45
  196 P     0  -1  -1  -1  -1  -1  -3  -2   1  -3  -4  -1  -3  -4   5   3  -1  -5  -2  -4    8   3   3   3   1   3   1   3   3   2   2   3   1   1  34  22   3   0   2   1  0.77 0.45
  197 S     0   0  -1   0  -3   0   1  -2   0  -1  -1   2  -1  -1   1   0   0  -3  -1   0    9   3   3   5   0   3  12   3   3   4   6  17   1   3   6   9   4   0   2   7  0.12 0.13
  198 V     1   0  -1  -2   0   0  -1   0   2   0  -1  -1  -1   0  -1   1   0   1   0   1   11   5   2   2   2   4   2   7   6   6   6   3   1   5   3  12   4   2   4  14  0.05 0.09
  199 S     1  -5  -2  -4   1  -3  -4  -1  -5  -1  -5  -4  -5  -3  -3   6  -2  -6  -5   0   13   0   2   0   3   1   0   5   0   3   1   0   0   1   2  59   2   0   0   7  1.14 0.64
  200 L    -2   2  -3  -4   3   1  -3  -3   4   0   2   2  -1  -1  -4  -1  -3   1   0  -1    2  13   0   0   6   6   0   2  10   5  22  13   1   3   0   5   0   2   3   4  0.36 0.27
  201 Q    -1   2  -1  -1  -2   2   1  -3   1   1   0   1   0  -2   0  -1   0  -4  -1   0    3  12   2   3   1  13  10   2   4   9  11   8   2   1   4   3   5   0   2   6  0.15 0.16
  202 S     1   0   0   1  -2   0   0  -3   2  -2  -3   0   1  -2  -3   3  -1  -1   1  -3   13   6   4   9   1   4   6   1   5   3   2   5   4   2   1  26   2   1   4   1  0.29 0.26
  203 L    -1  -5  -3  -5   0  -3  -5  -4  -1   1   3  -5   1   6  -5  -3  -1  -3   2   0    4   0   1   0   2   1   1   1   2   6  28   0   3  30   0   2   4   0   7   5  0.79 0.41
  204 C    -3  -6  -6  -6  11  -6  -6  -6  -6  -1   0  -6  -5  -2  -6  -1  -4  -1  -2  -5    2   0   0   0  72   0   0   1   0   4   8   0   0   2   0   5   1   1   2   0  2.93 1.05
  205 Q     0   0   0   0   2   1   0  -3   2   0  -1   0   1  -2  -3   0   0   3   1   0    6   6   6   6   6   6   6   0   6   6   6   6   6   0   0   6   6   6   6   6  0.10 0.14
  206 I     0  -2   1   0   2  -2  -2   0   2   0   0  -2   1   1  -3   0   0   4   1   0    7   0   7   7   6   0   0   7   6   7   7   0   6   6   0   7   7   6   6   7  0.12 0.15
  207 C     2  -3  -3  -4   6  -3  -3   0  -3   0  -1  -1   0   0  -3   1   1   2   0   0   17   0   0   0  18   0   0   6   0   6   4   3   3   4   0  12   9   3   4   8  0.38 0.30
  208 S     0   0   0  -1   2   1   0  -1   0   0   0  -1   0  -1  -1   2   0  -3  -1   0    4   6   3   3   5   6   6   2   2   6  13   3   2   2   2  22   5   0   2   4  0.08 0.14
  209 R    -1   0   0   0   2   0   0  -1   2   0  -1   0   1   0  -3   0   0   3   1   0    5   5   5   5   5   5   5   5   5   5   5   5   5   5   0   5   5   5   5   5  0.06 0.10
  210 I     0  -1   1   0  -2   1  -1  -2  -1   0   0   0   2  -1  -2   0   0   4   1   0    8   0   7   8   0   7   0   1   0   8   8   8   7   0   0   8   8   7   7   8  0.11 0.14
  211 C     0  -2   0   0   5  -2  -1   0  -2   0   0  -2   0  -2   0   0   0  -3   0   1    8   0   4   7  17   0   5   9   0   5   7   0   4   0   4   9   4   0   4  13  0.16 0.16
  212 V    -1   1   0  -1   2   0   0   1   0  -1  -1   0   0  -1   0   0   1   1  -2   0    3  12   3   2   6   4   5  12   3   3   6   6   3   4   5   5  11   2   0   6  0.06 0.09
  213 C    -1   0  -1  -1   4   4  -2  -2   0  -1  -1   1   0  -3  -3   2   0  -4   0  -2    5   5   2   3   9  20   0   3   2   3   5   7   3   0   0  19   5   0   3   2  0.32 0.30
  214 G    -2  -1  -1   1  -5  -1  -2   6  -4  -3  -3  -2  -4  -2  -2  -1   0  -5  -5  -3    2   3   3   8   0   2   3  58   0   2   3   2   0   2   2   4   5   0   0   2  0.97 0.52
  215 Y    -2  -2  -2  -1   2  -1  -1  -1   0  -1  -1  -2   2   5  -4   0  -1   1   3  -2    2   2   1   3   4   3   5   6   2   3   5   1   5  32   0   8   4   2   8   2  0.48 0.33
  216 P     0   0   0   0   2   0   0  -1   1   0  -1   0   1   0   0   0   0  -2   1   0    5   5   5   5   5   5   5   5   5   5   5   5   5   5   5   5   5   0   5   5  0.03 0.05
  217 R    -1   1   1  -1   1   0   0   0   1  -1  -1   1   0   1   0   0   0   3   0  -2    5   8   8   3   4   4   5   6   4   3   5  10   3   7   4   7   6   4   3   0  0.08 0.12
  218 Q    -1   0   0   0   1   2   0  -1   1  -1  -1   1   0  -3   1   1   0   1   1  -1    4   6   4   5   3  11   5   5   4   3   8   8   2   0   6  10   4   2   5   4  0.08 0.13
  219 H     0   0   0   0   2   0   0   0   1   0  -1   0  -1   0   1   0   0  -2   1   0    6   6   5   6   5   5   6   6   5   6   6   6   0   5   6   6   6   0   5   6  0.03 0.06
  220 V    -1   0   0   0   2   0   0  -1   2   0  -1   0   2   1   0  -1   0   3   1  -1    5   5   5   5   5   5   5   5   5   5   5   5   5   5   5   5   5   5   5   5  0.08 0.08
  221 R    -2   3   0  -1   0   0   0  -2   2  -1  -2   3   0  -1  -1   2   0  -6  -1  -2    4  14   4   4   2   3   5   3   4   4   4  15   2   3   4  14   5   0   3   4  0.24 0.21
  222 K    -1   1   0   1   1   1   2  -1   2  -1  -1   1   1  -1   0   1  -1  -5  -4  -1    6   6   4   8   3   7  12   4   4   4   5   7   3   3   4  12   3   0   0   4  0.14 0.15
  223 Y    -2   1   0   0   1  -1  -1  -2   2  -1  -2   0   1   0   0   1  -1   6   2  -1    4   7   4   6   3   3   4   4   5   4   4   6   4   4   4   9   3  11   7   5  0.28 0.22
  224 R     0   0   0   0   2   0   0  -1   1   0  -1   0   1   0   0   0   0  -2   1   0    5   5   5   5   5   5   5   5   5   5   5   5   5   5   5   5   5   0   5   5  0.03 0.05
  225 G    -2  -1   0   2  -5   1   2   2  -3  -4  -3   0  -1  -2   1   2  -1  -5  -4  -2    3   3   5  10   0   7  16  13   0   0   3   5   2   2   6  16   3   0   0   3  0.31 0.30
  226 V    -1   0   0   0   0   0  -1  -1   1   0  -1   1   1  -1   2   1  -1   1  -1   0    2   6   5   7   2   3   4   3   3   6   5  11   3   3  12  10   3   2   2   8  0.09 0.12
  227 S     0   0   0   0   3   0   0   0   1   0  -1   1   0  -3   0   1  -1   2   0   0    6   4   4   4   8   3   6   7   3   7   5   9   3   0   4  12   3   3   3   5  0.07 0.11
  228 S    -1   1   0  -1   1   0  -1  -1   1  -1  -2  -1   0  -4   5   0   0  -5   0  -1    5   7   5   3   3   4   3   5   3   4   3   3   3   0  26   9   6   0   3   3  0.37 0.31
  229 R    -4   7   0  -4  -6   2  -2  -5  -1  -5  -3   2   1  -2  -2  -2  -4  -5  -4  -5    0  60   3   0   0   8   2   0   1   0   3  10   3   2   2   3   0   0   0   0  1.39 0.66
  230 I    -1  -4  -4  -1  -4  -1  -1  -5   1   5   1  -4   0  -1  -4  -1  -3  -4  -1   3    4   0   0   4   0   3   4   0   3  41  11   0   2   3   0   5   0   0   2  18  0.69 0.40
  231 P     0  -1   1  -1  -2   2  -1  -2   1  -2  -1  -2   0  -1   5  -1  -1  -4   0  -1    7   2   6   3   1   9   3   3   4   2   7   2   2   2  30   5   3   0   4   5  0.43 0.29
  232 I    -1  -4  -1  -4  -3  -4  -4  -2  -4   1   4  -4   0   1  -2   0  -1  -4  -3   3    5   0   3   0   0   0   0   3   0   8  38   0   2   5   2   8   3   0   0  22  0.50 0.32
  233 S    -1  -3   2   2  -1  -2   0  -2  -1  -4  -3  -3   0  -2   2   3   2  -4  -4  -2    4   0  11  10   1   1   7   2   1   0   2   0   2   2  12  27  13   0   0   3  0.44 0.33
  234 S     0  -3  -1  -2   1  -1  -1  -1  -2  -2  -4  -2  -2  -3   4   4  -1   5  -2  -2    6   1   2   2   3   2   3   5   1   2   1   3   1   1  20  30   3   9   2   3  0.63 0.41
  235 G     0   0  -1   0  -4   2   4  -1   1  -3  -4   0  -2  -2   1   1  -1  -4  -1  -3    9   5   3   4   0  10  28   4   4   1   1   6   1   2   6  10   4   0   2   1  0.37 0.27
  236 F    -3  -5  -5  -5  -1  -5  -5  -3  -4   2   4  -5  -2   6  -5  -4  -1   0   1   0    2   0   0   0   1   0   1   2   0  11  34   0   0  31   0   1   4   1   4   6  0.95 0.45
  237 M    -1  -2  -2  -2  -2  -1   0  -2  -1   1   1  -1   2   2  -2   0   1  -1   2   1    1   1   0   1   0   0  11   1   0  11  11   1  10  10   1  11  11   0  10  11  0.11 0.09
  238 V    -1  -1  -1  -1   1   2  -2  -3  -1   1   1  -1   2  -2  -3   0   0  -3  -2   2    3   2   3   3   3  15   1   1   1  10  18   3   5   0   1   7   6   0   0  18  0.19 0.18
  239 Q    -2  -1  -1   1  -5   3   5  -4   1  -2  -2  -1  -3  -5   2  -1  -2  -5  -4  -2    3   3   2   8   0  12  43   0   3   2   4   2   0   0  10   3   2   0   0   2  0.70 0.43
  240 M     0  -3  -1  -4   1  -3  -3  -2  -3   1   3  -3   5   1  -4  -1  -1  -3   0   0    7   0   3   0   3   0   0   3   0   9  31   0  17   7   0   5   3   0   4   5  0.38 0.29
  241 L    -1  -3  -1  -4   1  -3  -2  -2  -3   2   3  -3   2   0  -3  -1  -1  -3  -2   2    4   0   3   0   3   0   3   3   0  10  39   0   7   3   0   3   4   0   0  14  0.38 0.27
  242 T    -1   2   2  -1   0   0  -1  -1   4  -2  -2  -1  -1   0   1   0   1   1   0  -2    5  12  12   2   2   3   3   3  12   2   2   3   2   5   7   6  11   2   3   2  0.18 0.18
  243 G     1  -3  -2   0   2  -3  -2   4  -3   1  -2  -1  -3  -1  -3   0   0   1  -1   0   12   0   0   4   6   0   3  34   0   9   3   3   0   2   0   7   5   2   2   6  0.36 0.25
  244 V     0  -3  -2  -4   1  -2  -2  -2  -4   3   3  -3  -1  -2  -3  -1  -1  -4  -3   3    7   0   2   0   4   2   3   3   0  18  30   0   0   0   0   3   2   0   0  23  0.41 0.27
  245 Y    -3  -2   0   0  -4  -2  -3   0   2  -3  -2  -3  -1   2  -1  -2  -2  -2   7  -2    2   2   4   5   0   2   0   8   5   1   2   0   1   6   4   2   1   0  50   2  1.01 0.51
  246 F     0   0  -2   0  -2   1  -1  -3   2   0   0  -1   2   1  -3   0   0   4   2   0    7   7   0   7   0   7   0   0   7   7   7   0   7   7   0   7   7   7   7   7  0.12 0.15
  247 A     2  -2  -2  -2   4  -2   0   0  -2   1   0  -2  -1   1   0   1   0  -3  -2   0   21   0   0   0  12   0   8   8   0  10   8   0   0   6   4  10   5   0   0   6  0.16 0.16
  248 I     0   0   0  -2  -2  -1  -2  -1  -2   1   2   0   3   0  -3   0   0  -2   0   0    5   4   4   0   0   0   0   4   0  11  22   8  13   5   0  10   5   0   3   4  0.12 0.15
  249 Y     0  -2   0  -2   2   0   0   0   2   0   0  -2   1   1   1   0   0  -2   1   0    6   0   6   0   6   6   6   6   6   6   6   0   6   6   6   6   6   0   6   6  0.06 0.12
  250 N    -2   0   6  -1  -1   0  -1   1   1  -5  -4  -1  -4  -2  -4  -1  -1  -5  -1  -3    3   5  48   2   2   5   4  11   3   0   2   2   0   2   0   3   4   0   2   2  0.87 0.54
  251 G    -1  -1   1   0   1   0   0   4   0  -4  -4  -1  -4  -2   2   1   0  -4  -1  -4    2   4   5   6   3   4   8  31   3   0   1   2   0   2   9  13   4   0   2   0  0.42 0.32
  252 E     0  -1   0  -1   3   2   1  -1   1   0   0  -1   0   1  -3   0  -1  -3   1   1    7   2   4   2   9  10   8   3   4   5   8   3   1   7   0   9   3   0   4  10  0.10 0.14
  253 W     1   1  -2   0   0   0   0   0   1  -2  -2   1  -1   0   1   0   0   3   0  -1   11  10   0   7   2   3   4   6   4   0   2  11   2   4   7   8   7   6   3   5  0.13 0.15
  254 D    -1  -1   0   4  -4   0   2  -1   0  -2  -2   0  -3  -2  -1   1   0  -4   0  -1    5   3   4  24   0   4  14   3   2   2   3   6   0   2   2  14   5   0   4   4  0.29 0.26
  255 L     2  -2  -3   0   0  -1   1  -3  -3   1   2  -1   2  -1   0   0  -2  -1  -2   1   18   1   0   5   2   2  10   0   0   7  24   3   6   2   4   5   1   1   1   8  0.19 0.21
  256 A     5  -5  -4  -3  -1  -4  -3   3  -5  -2  -3  -4  -4  -5  -4  -1  -4  -5  -5   0   59   0   0   2   1   0   2  21   0   2   2   0   0   0   0   4   0   0   0   6  1.16 0.67
  257 Q    -1   1   0  -2  -2   0  -2  -2  -1   1   1   0   3   0  -3   0   1   1   0   0    5   9   4   2   1   4   2   2   1  10  18   4   9   5   0   8   9   2   3   4  0.11 0.15
  258 K    -1   3  -1   0  -2   4   2  -2  -1  -1  -2   1  -1  -3  -4  -1  -1   0  -4  -2    4  16   2   4   1  25  14   3   1   3   4   9   1   1   0   4   2   1   0   3  0.45 0.36
  259 A     6  -4  -1  -4   3  -4  -3  -3  -4  -3  -2  -4  -2  -5  -2   0   0  -5  -4  -1   65   0   3   0   6   0   1   0   0   1   3   0   1   0   2   5   5   0   0   4  1.08 0.60
  260 L     0  -1  -3  -3   2  -3  -2  -4  -3   3   2  -3   2   0  -3  -1   0  -3  -2   2    6   3   0   0   4   0   3   1   0  19  26   0   6   3   0   3   4   0   0  20  0.36 0.21
  261 D    -1   2   0   3   0   1   3  -2   1  -3  -2   1  -3  -1  -3  -1  -1  -3   1  -2    3  12   4  21   2   5  21   2   4   0   4   6   0   2   0   3   2   0   5   3  0.33 0.20
  262 D     1  -1   0   4   3   0   0  -1   0  -2  -1  -1  -1  -3  -3   1  -1  -4  -3  -1   11   2   2  25   9   3   5   5   2   0   9   2   2   0   0  14   2   0   0   4  0.27 0.20
  263 I    -1  -1  -4  -4  -3  -3  -4  -4  -4   4   3  -3   2   1  -4  -3  -2  -3  -2   2    5   4   0   0   0   0   1   1   0  24  35   0   5   5   0   1   0   0   0  17  0.57 0.28
  264 I    -2   0  -1  -2  -1   0  -1  -4   7  -1  -1   1  -3  -1  -1  -1  -2  -3   4  -2    2   4   3   2   2   3   4   1  28   4   6  10   0   2   3   4   2   0  17   3  0.60 0.35
  265 Y     1   0   1  -1  -3   2   0  -2   1  -1  -1   0   0   1  -3   0  -1   1   2  -1   12   4   7   2   0  14   7   1   3   4   6   6   2   6   0   4   2   2  11   4  0.14 0.15
  266 R    -4   7  -3  -2  -5   1  -2  -5  -1  -5  -4   0  -1  -2  -4  -4  -4  -5  -4  -3    1  74   0   2   0   6   2   1   2   0   1   3   2   2   0   1   0   0   0   2  1.73 0.66
  267 A     1  -2  -2  -2   3  -2  -2   1  -2   1   0  -2   0   1  -2   1   1  -2  -1   1   11   1   0   1  10   0   1  11   0  11  11   1   0  10   1  11  11   0   0  11  0.10 0.07
  268 Q    -1   0  -1  -1   3   1   2  -1   1  -1   0   0   1   1  -1   0   1  -3  -2  -1    4   6   3   3   9   6  14   3   3   3   7   4   6   8   3   6   8   0   0   4  0.10 0.12
  269 L    -1  -1  -2  -3  -1   0  -2  -4   5  -3   0   0   0   1  -1  -1  -2  -3   6  -1    5   3   1   1   1   4   3   0  15   0   8   6   2   6   3   6   2   0  30   4  0.66 0.40
  270 E    -2  -1  -1   4  -5   0   4  -2   2  -2  -4  -1  -1   0  -4  -1   0  -5  -4  -2    2   3   3  21   0   3  33   3   6   2   1   3   2   5   0   5   6   0   0   3  0.61 0.39
  271 L     0  -4  -1  -1   2  -4  -4  -1  -4   0   4  -4   4   0  -4  -2  -2  -4  -3   0    7   0   3   5   4   0   0   5   0   4  44   0  11   3   0   3   2   0   0   7  0.56 0.35
  272 Y    -3  -3   1  -1   1  -2  -1  -2  -1  -1   1  -2   1   2  -1   0  -1   1   5  -1    1   0   7   4   3   1   5   3   1   2  14   1   4   9   3   6   4   2  26   4  0.40 0.29
  273 P     0  -2   0   0   2  -1   0   0   2   0  -1   0  -1   1   1   0   0  -2   1   0    6   0   6   6   6   0   6   6   6   6   6   6   0   6   6   6   6   0   6   6  0.04 0.09
  274 E     0   0   0   3  -3   1   2   0   0  -3  -2   1  -2  -3   2   1  -1  -4  -3  -2    6   4   3  17   0   8  15   5   3   0   3   9   0   0   9  10   3   0   0   3  0.25 0.20
  275 P     1  -3  -3  -3   1  -2  -1  -1  -3   1   0  -3   1   1   3   0   0  -3  -2   3   10   0   0   0   3   0   3   6   0   6   5   0   5   6  15   6   5   0   0  29  0.28 0.24
  276 L    -1  -2   0  -3   1   0  -2   0   2   3   2  -2   2  -1  -3  -2   0  -2   0   1    5   0   4   0   4   5   0   8   6  25  19   0   7   0   0   1   5   0   4   4  0.14 0.15
  277 L     0  -2  -1   0  -2   1  -1  -2   2   1   0  -1   2   1  -2   0   1  -2   2   0    8   0   0   8   0   8   0   1   8   8   8   0   8   8   0   8   8   0   8   8  0.09 0.12
  278 V     0  -2   1   1  -2  -1   0   0   2   0   0  -1   1   1  -2   0   0  -2  -1   0    8   0   7   8   0   0   8   8   7   8   8   0   7   7   0   8   8   0   0   8  0.05 0.10
  279 A     1   1  -2  -2   4  -2  -2   0  -2   0  -2  -2  -2   0  -2   2   3  -3  -2   0    9   9   0   0  10   0   1   7   0   7   1   0   0   6   0  17  24   0   0   8  0.24 0.19
  280 N    -1   1   4   0   0   0   0   0   3  -1  -1   0   0  -3  -3   1   0  -3  -1  -1    3   7  26   3   2   4   4   5   9   5   6   6   2   0   0   9   3   0   2   3  0.23 0.19
  281 A     4   0  -2  -1   1   1   0   0  -3  -3  -3  -2  -3  -4  -3   2   0  -4  -3  -2   49   5   0   2   3   6   5   5   0   0   1   0   0   0   0  17   5   0   0   2  0.58 0.36
  282 I     0  -3   0  -3   1   0  -1  -3  -3   2   1  -2   4   0  -3  -1   0  -3  -2   1    7   0   4   0   4   4   5   1   0  18  14   0  18   5   0   4   5   0   0   9  0.25 0.22
  283 K    -1   2   0  -2   1   1   0  -1   1   1   0   2   1  -2  -2  -1   0  -3  -2   1    4  13   4   0   3   5   6   4   3  10  10  15   4   0   0   4   4   0   0  11  0.09 0.12
  284 A    -1   0   3   1   1   0   0  -2   3  -1  -3   0  -2  -2  -2   2   0  -3   1  -2    4   5  19   8   4   4   6   1   8   5   1   4   0   0   0  20   5   0   6   0  0.27 0.22
  285 S     0   0  -1  -1  -1  -1   0  -2   0  -1   1  -2   0  -1   0   3   1   0   1  -1    6   5   3   2   2   2   5   2   2   2  19   0   2   2   5  26   8   1   5   2  0.16 0.20
  286 L    -2  -2  -4  -5   0  -2  -3  -2   2   1   4  -4   1   0  -4  -2  -1  -4   0   0    4   2   0   0   2   2   1   3   6   6  52   0   2   3   0   4   3   0   3   5  0.60 0.39
  287 P    -1   1  -1   1  -1   1   1  -2   3  -3   0   1   0  -3   2   0  -1  -4  -1  -2    3   8   2   8   1   8  11   3   8   0  11   9   3   0  12   5   3   0   1   2  0.22 0.20
  288 H     0   0   0  -1  -1   1   1  -1   0   0   0   0   0   1  -1   0   0   2   1  -1    8   6   6   2   1   9   8   3   2   5   7   5   4   9   3   7   5   4   6   3  0.06 0.08
  289 G     1  -1   3   1  -1  -1   1   1  -1  -3  -2  -1  -1  -1  -1   2  -1  -4  -3  -3   10   3  15   7   1   2  11  13   2   1   3   3   2   2   3  19   3   0   0   1  0.26 0.23
  290 A     2  -1   1  -1   0   0  -1   0   0  -2  -1   0  -1  -2   3   1   1  -3   0  -1   17   2   6   2   2   4   2   6   3   2   5   4   1   2  16  11   8   0   3   3  0.21 0.18
  291 M    -1  -1  -1   1  -1   0  -2   0   0  -1   1  -1   2  -1   2   1   0   0  -1  -1    3   3   1   8   1   5   2   6   2   3  14   3   5   3  12  14   5   1   1   5  0.12 0.15
  292 K    -1   1  -1   0  -4   1   0   2   1  -2  -2   2  -2  -3  -1   1   0  -4  -3  -2    3   9   2   6   0   8   6  18   4   2   3  11   1   1   3  14   6   0   0   3  0.24 0.22
  293 S     0   1  -1  -1   0   3   0  -1   0  -1  -2   1  -1   0   1   2   0  -4  -1  -2    6   8   3   3   2  14   4   5   2   3   2   8   2   5   8  16   4   0   2   3  0.17 0.19
  294 S     0   0   2   1  -1  -1   1  -1  -1  -2  -1  -2   0  -2   3   1  -1  -5  -4  -3    6   6  10   9   1   1  11   4   1   3   8   2   3   1  17  14   3   0   0   0  0.29 0.26
  295 K    -1   2   0   0   0   1   1  -1   0  -2  -2   2   0  -2   1   1   0   0  -2  -1    5  11   4   4   3   5  10   5   3   2   3  14   2   2   6   9   6   1   1   4  0.13 0.13
  296 E    -1   0   0   4  -5   2   3  -2   0  -2  -3   0   1  -2  -1  -2  -3  -5  -4  -2    4   6   4  25   0   9  23   3   2   3   3   4   3   1   3   2   1   0   0   2  0.52 0.37
  297 G     0  -2   0   2  -2  -2   0   4  -2  -3  -2  -2  -4  -3  -4   1   0  -5  -2  -3    7   2   3  14   1   2   5  38   1   2   5   2   0   1   0   8   5   0   1   2  0.53 0.36
  298 T     0   0   0  -2  -4   1   1  -2  -1  -1  -1  -1   1  -3   4   1   1  -4  -4  -1    8   5   4   2   0   7   8   3   2   4   7   3   3   1  22  10   9   0   0   3  0.31 0.26
  299 R     0   2  -2  -1  -3   1  -1  -3  -1   1   0   1   4   0  -2  -1  -1  -3   0   0    8  12   1   3   0   7   2   1   2   8   9  11  14   3   2   4   3   0   3   6  0.20 0.21
  300 C     0  -2  -2  -4   3  -2  -3   4  -4  -1   0  -3  -1  -2   0   1  -1  -4  -1   1    7   2   1   0   8   1   2  32   0   4   8   0   1   1   5  12   2   0   2  10  0.40 0.31
  301 I    -2  -1  -3  -2  -2  -3  -3  -3   1   4   2  -2   2  -1   1  -1  -1  -4  -3   1    3   3   1   3   1   1   1   2   3  32  16   2   4   3   7   5   4   0   0   9  0.41 0.30
  302 Q    -1  -1   0  -2  -4   3   0  -1  -1  -2  -2   0   1  -4   1   3  -1   3  -1  -2    4   2   3   2   0  17   6   5   1   2   4   6   4   0   6  26   3   4   3   3  0.34 0.34
  303 V    -2  -2  -3  -4  -1  -2  -4  -5  -5   3   0  -4   1  -2   1  -2   2  -1  -4   4    2   2   1   1   1   2   0   0   0  13   8   0   4   2   8   3  15   1   0  34  0.58 0.41
  304 E     1   0   1   1  -2   0   3  -1  -3  -2  -1  -1  -1  -3  -1   2   1  -4   0  -2   15   5   6   6   1   2  19   3   0   2   6   3   1   0   2  14   7   0   4   2  0.21 0.24
  305 I     0  -1  -1  -4  -2  -2  -3  -3  -2   2   2  -2   1  -1   1   0   0  -4  -1   2    9   4   3   0   1   2   0   2   1  15  20   1   3   2   7   7   5   0   2  16  0.22 0.21
  306 T    -1  -1   0  -4  -4   0   0  -1  -4  -2  -4  -2  -1  -3   2   3   5  -5  -4  -3    5   3   5   0   0   5   5   4   0   2   1   1   1   1   9  19  36   0   0   1  0.63 0.49
  307 P    -1  -2  -1  -2  -5  -1  -3  -2   0  -4  -4   1  -5  -5   6   1   1  -5  -1  -4    4   2   2   2   0   3   1   4   3   1   1   8   0   0  48   9   8   0   2   1  1.09 0.62
  308 T     0  -3   1  -2   0  -1  -1  -4   0  -3  -1  -1  -2  -3  -1   3   4  -5  -4  -1    8   1   6   2   2   2   3   0   3   1   6   3   1   1   3  24  31   0   0   4  0.53 0.44
  309 S     0  -3   0   0  -3  -1  -1  -1  -2   0   0  -1   1  -1   1   2   1  -4  -2   1    9   0   6   5   0   2   4   4   0   4   8   3   4   3   6  19  12   0   1  11  0.13 0.18
  310 S     0   1   0   1  -4   0  -1   0   1  -4  -3  -1  -3  -4   2   3   2  -5  -2  -2    7   8   4   7   0   4   3   6   3   0   2   3   0   0  12  23  14   0   1   2  0.35 0.32
  311 R     0   4  -2  -2  -2   2  -2  -3   3  -3  -3   1  -1  -4  -1   1   2  -5  -2  -2    6  26   1   2   1   8   2   2   8   1   2   7   1   0   3  13  14   0   1   3  0.46 0.37
  312 I    -1   0  -2  -4  -3   0  -2  -2  -3   4   1   1   1   0   0  -1  -1  -4  -2   2    3   4   2   0   0   4   1   3   0  25  14   9   4   3   5   3   2   0   1  17  0.28 0.25
  313 S     0   2   0  -3  -4  -1  -2  -1   0  -4  -2   2  -3  -4  -1   4   1   0  -2  -2    5  13   3   0   0   2   2   4   2   0   4  11   0   0   3  38   8   2   1   3  0.49 0.41
  314 R    -4   5   0  -4  -6   1  -2  -3  -2  -2  -3   6  -4  -6  -5  -1  -2  -6  -5  -5    0  29   3   0   0   6   2   2   1   2   2  46   0   0   0   4   2   0   0   0  1.22 0.68
  315 N     0  -2   3   0  -1  -1   1  -1   0  -3  -4  -3  -4  -2   0   3   3   0  -4  -4    6   1  16   4   1   1  12   5   2   1   0   0   0   2   4  24  19   1   0   0  0.47 0.40
  316 A     4  -3  -4  -4   0  -3  -2  -3  -4   0   0  -2   5  -2   1   0  -1  -4  -3   1   34   1   0   0   2   0   2   1   0   5  10   1  16   1   7   5   3   0   1   8  0.52 0.41
  317 V    -3  -5  -5  -6  -4  -5  -5  -6  -6   6  -1  -3  -2  -2  -2  -3   1  -5  -4   4    1   0   0   0   0   0   0   0   0  52   4   1   0   1   2   1   8   0   0  27  1.30 0.65
  318 T    -2  -2  -4  -4  -4  -2  -2  -5  -5  -2  -3  -1  -1  -5  -2  -2   7  -5  -2  -2    2   2   0   0   0   2   3   0   0   2   2   3   2   0   2   1  74   0   2   2  1.58 0.81
  319 S     0   0   2   1   0   0  -1   0   2  -1  -2   0   0  -1   0   1   1  -3  -2  -2    8   6  15   6   3   4   1   5   6   3   1   2   2   4   5  15  12   0   0   1  0.15 0.11
  320 M     2   1   0   0  -2  -1   0   1  -2  -1   1   0   1  -2   0   0  -1  -3  -2  -1   21  11   6   4   0   0   5  11   0   0  16   7   4   0   5   2   1   0   0   4  0.10 0.11
  321 S    -1  -2   1   2  -3  -2   0   0  -2  -1  -3  -2  -3  -3  -2   4   2  -4  -3  -2    1   0   5  14   0   0   4   5   0   5   1   1   0   0   0  51  11   0   0   1  0.57 0.32
  322 I    -2  -3  -3  -3  -2  -2  -2  -3  -3   2   2  -2   1   2   0  -1   1  -2  -1   2    1   0   0   0   0   0   3   1   0  17  25   1   3  11   4   4  13   0   0  16  0.26 0.16
  323 R     0   4   0  -1  -3   1  -1  -2   0  -1  -3   3  -2  -3  -2   0   0  -3  -2  -1    9  31   5   3   0   5   1   1   2   4   1  24   0   0   0   7   4   0   0   3  0.40 0.22
  324 G     0   2   0   1   0  -1  -1   1   0   0  -1   0  -1  -2   1   0   1  -3  -2  -1    5  15   3  10   2   1   2  11   3   9   4   6   2   0   6   4  13   0   0   3  0.10 0.10
  325 H    -2   2  -1   0  -3   2   0   0   4  -2  -1   2   0  -2  -2   1  -1  -3   0  -2    1  12   0   4   0  10   4   7  15   2   8  14   2   0   0  12   4   0   4   1  0.24 0.18
  326 R    -1   3   1  -1  -3   1   0  -2   0  -2  -3   3  -2  -2   1   0  -1  -3   1  -1    4  21   6   3   0   5   3   1   1   1   1  22   0   0   7   9   2   0   6   7  0.30 0.19
  327 W     1  -2  -2  -3  -2  -1  -2  -3   0   2   1   1   2  -1   0  -1   0   6  -1   0   12   1   2   1   0   3   1   1   2  13  19  11   6   2   4   3   6  13   0   3  0.27 0.20
  328 K    -1   2  -1  -2  -3   0  -1  -2   1  -1  -1   2   0  -1   4   0   0  -3  -2  -2    2  13   3   1   0   4   3   2   4   3   5  15   2   3  24   9   6   0   0   1  0.38 0.21
  329 R    -1   4   1   1  -3   0   2  -2   2  -3  -3   2  -2  -3   1   0  -1  -3   0  -2    3  25   7   8   0   0  12   2   7   1   1  16   0   0   6   5   4   0   4   2  0.36 0.22
  330 H    -1   0  -1   3  -4   1   2   0   3  -3  -1   0  -1  -1   0  -2  -2  -3   1  -3    3   6   0  25   0   8  12   6  10   0   5   4   2   3   6   1   2   0   6   1  0.32 0.22
  331 G     0   0   1   0   2   1   0   0   2   0   0  -1   1  -2   1   0   0  -3  -2   0    6   6   6   6   6   6   6   6   6   6   6   0   6   0   6   6   6   0   0   6  0.06 0.11
  332 D     0  -1   1   1   2   1   0   0  -2   0  -1   0  -1  -2   1   0   0  -3  -2   0    7   0   7   7   7   7   7   7   0   7   7   7   0   0   7   7   7   0   0   7  0.08 0.09
  333 T     0  -2   0   1   1   0   1  -1  -2   1  -1  -1   0   1   1   0   0  -2   0   0    5   0   4   7   4   4  14   4   0   8   5   3   3   8   6   7   6   0   3  10  0.06 0.10
  334 E     0  -1   0   2  -3   1   1   1   0  -1  -2   0   0  -3   0   1   0  -3  -3   0    5   3   4  13   0   8  12  11   2   2   3   3   3   0   4  12   5   0   0   9  0.15 0.16
  335 L     0  -2   0   0  -2   0   0  -1   0   0   1  -1   1   1   0   0   0  -2   0   0    5   0   3   5   0   6   8   5   3   8  14   4   5   8   5   7   5   0   2   7  0.03 0.07
  336 T     0  -1   0   0   2   0   0   0   1   0   0   0   1   0   1   0   0  -3  -1   0    6   0   6   6   6   6   6   6   6   6   6   6   6   6   6   6   6   0   0   6  0.04 0.09
  337 G     0   0   1   0   2   1   0   0   2   0  -1   0  -1  -2   1   0   0  -3  -2   0    6   6   6   6   6   6   6   6   6   6   6   6   0   0   6   6   6   0   0   6  0.07 0.08
  338 Q    -1   0   1   1  -3   1   1   1   1  -1  -2   0   0  -1   1   0   0   2  -2  -1    4   5   7   8   0   8  12  11   3   4   4   5   3   3   7   6   5   3   0   4  0.11 0.12
  339 E     0   0   1   2  -3   1   2   0   1  -1  -2   0  -2  -3   0   0   0  -3   0  -1    8   3   6  13   0   8  14   5   4   4   4   6   0   0   5   6   6   0   3   4  0.15 0.16
  340 E     0   0   0   1  -3   1   2   0   2  -1  -2   0   0   0   0   0  -1  -3   0  -1    6   3   5   7   0   5  18   6   5   5   3   7   3   4   5   7   3   0   3   4  0.11 0.13
  341 L     0  -2   0  -1  -2   0  -1   0   0   0   1  -1   2  -1   0   1   0  -3  -2   0    7   0   4   3   0   5   4   9   3   4  20   4   7   2   5  11   5   0   0   5  0.07 0.13
  342 M     0   0   0   0  -2   1   0   0   1   0  -1   0   1   0   1   0   0  -2   1   0    6   6   5   6   0   5   6   6   5   6   6   6   5   5   6   6   6   0   5   6  0.03 0.06
  343 D     0   0   1   1  -3   1   1  -1   1  -1  -2   2  -2  -3   0   1   0  -4  -3  -1    6   4   9   9   0   7  10   5   4   4   4  12   0   0   5  10   6   0   0   4  0.17 0.17
  344 I     0  -1   1  -3  -1  -1  -2  -1  -1   2   2  -1   0   0   1   0   0  -3  -1   1    6   2   7   0   1   2   2   5   1  17  20   2   2   3   6   5   6   0   1  10  0.14 0.15
  345 T     0  -1   1   1   0   0   1  -2   0   0  -1  -1  -1  -1   0   2   1  -3  -1   0    7   2   7   7   2   3   8   2   2   4   7   3   1   3   3  16  11   0   2   8  0.09 0.12
  346 E    -1   0   0   3   0  -1   4  -4  -3  -2  -4   0  -1  -2   1   0   1  -5  -1  -1    5   4   4  15   2   2  26   0   0   3   0   4   1   2   8   8   8   0   2   4  0.38 0.32
  347 V     1  -1  -1   0  -3  -2   0  -1  -3   3  -1   0  -2  -1   2  -1   0  -4  -3   1   13   3   3   5   0   0   8   4   0  19   5   5   0   3  10   4   5   0   0  11  0.18 0.21
  348 D    -2  -1   0   4  -4   1   1  -1  -3  -2  -2  -1  -1  -4   2   0   1  -5  -2  -2    2   3   5  31   0   6   8   5   0   2   4   2   2   0   9   8   9   0   1   3  0.43 0.34
  349 E    -2  -1   0   2  -5   0   5  -2   1  -2  -5  -1  -4  -2  -2   1   0  -5  -2  -2    2   2   4  11   0   3  42   3   4   3   0   3   0   2   1  11   5   0   1   4  0.64 0.46
  350 G     0  -1   0   3  -1   0   1   3  -1  -2  -3  -1  -3  -4   0   1   0  -4  -1  -2    5   2   3  16   2   5   8  23   2   3   3   4   0   0   4  12   4   0   2   3  0.28 0.24
  351 F     0  -1  -1  -1  -2   0   0  -1   1   0   1   0   0   2   0   0   0  -2   0   0    7   2   3   4   0   3   7   5   4   6  13   5   2  14   4   5   6   0   2   7  0.05 0.09
  352 Y    -1   0   1   1   0   0   1  -1   0  -1  -1   0   0  -1  -1   2   0   0  -1   0    4   3   8   6   2   4  12   5   2   2   4   6   3   3   3  17   6   2   2   6  0.09 0.13
  353 S     0  -2   0   1  -3   0   0  -1   0  -1  -2   1  -3  -1   1   3   2  -4  -3  -1    7   1   3   7   0   5   7   5   2   4   4   7   0   3   6  22  13   0   0   3  0.20 0.23
  354 R    -1   3   1   0  -4   1   1   1   0  -2  -3   1  -1  -4   1   1  -1  -1  -3  -2    5  17   6   5   0   6   8  13   2   2   2   9   1   0   6   9   4   1   0   3  0.23 0.21
  355 A     2  -1  -1   0  -3  -1  -1   1   1   0  -1   0   0  -2   0   0   0  -1  -3   1   23   2   2   6   0   1   3   9   4   6   5   7   2   1   4   8   6   1   0   9  0.11 0.16
  356 A     1  -2   0   0  -2   0   0  -1   3   0  -2  -1   0  -2   1   2   1  -4  -1   0   12   1   4   4   1   5   4   5   9   7   3   3   3   1   8  16   8   0   1   6  0.15 0.19
  357 S     1  -1   1   0  -3   0   0   1   0  -1  -1   0   0  -1   1   1   0  -3  -2  -1   11   3   6   5   0   4   6  14   2   4   6   7   2   2   6  14   4   0   0   5  0.10 0.12
  358 S     0   0   0   1  -3   0   1   1   0  -3  -2   1  -2  -2   0   2  -1  -4  -2  -1    7   4   4   7   0   3   9  11   2   1   4  12   1   1   5  22   3   0   1   4  0.20 0.21
  359 T     0   0   1   0  -3   0   0   0   0  -2  -3   0   1  -1   1   2   2  -4  -3  -1    5   6   5   5   0   5   6   9   2   1   1   5   4   3   7  19  14   0   0   4  0.20 0.22
  360 S    -1   1   0   0  -3   1   1  -1   0  -1  -1   1  -1  -1   1   1   1  -3  -3   0    4   7   3   5   0   8   7   3   3   4   6   7   2   2   7  15  11   0   0   6  0.12 0.15
  361 Q     0   0  -2  -1  -4   1   0   2   2  -2  -3   1   0  -4   3   1  -1  -4  -3   0    6   5   1   2   0   7   5  14   5   2   2  10   2   0  17  12   4   0   0   7  0.28 0.26
  362 S     0   0   1  -1  -1   1   0   0  -1  -1  -2   1  -3  -3   2   2   1  -4  -1  -1    6   6   6   2   1   6   6   8   1   4   2   8   0   1  11  17  10   0   2   4  0.19 0.20
  363 G     1  -1   0  -1  -4  -1   0   3   0  -1  -3   2  -2  -4   1   1   0  -4  -3  -2   11   3   4   3   0   2   5  22   2   3   2  13   1   0   7  12   6   0   1   3  0.26 0.24
  364 L     0  -1  -1  -2  -2  -1  -1  -1   1   1   1   0   1  -1  -2   0   1   0  -1   1   10   2   3   2   0   2   4   4   5  11  19   5   4   2   1   7   9   1   1   8  0.07 0.12
  365 S     0   0  -1  -1  -1   1  -1  -1  -2   1  -2   3  -3  -4   2   2   1  -1  -3  -1    5   5   3   2   1   7   4   4   1   8   4  18   0   0  10  15   9   1   0   3  0.23 0.26
  366 N     0  -1   4  -1  -4   1  -2   0   1  -1  -2   2   0  -4   1   1   0  -4  -3  -1    7   2  20   2   0   6   0   7   3   4   3  14   2   0   7  11   6   0   0   5  0.26 0.26
  367 S    -1   0   0  -1  -3   0  -1   0   1   0  -2   0  -1  -2   2   3   1  -2  -3  -1    3   6   3   4   0   4   2   8   3   7   2   6   2   2  10  25   8   1   0   4  0.22 0.25
  368 S     1  -1   1  -2  -2   1  -1   0   1   0  -1   1   0  -1   0   2   0  -2  -3  -2   15   2   6   1   0   5   3   8   3   5   6  12   2   2   5  17   5   1   0   1  0.13 0.18
  369 H     0  -1   0   0  -3   0   0   1   2   0   0   0   0  -1   0   1  -1  -1  -1   0    6   2   6   3   0   5   7   9   7   5  10   7   3   2   3  13   2   1   1   6  0.05 0.10
  370 N     0   0   3   0  -4  -2  -1   1  -1  -2  -3   2  -3  -2   1   2  -1  -5  -4  -1    6   6  17   4   0   0   2   9   1   2   2  17   0   2   8  16   4   0   0   5  0.31 0.30
  371 C     0  -1   0  -1   1   0   0   0   1   1   0   0   0   0   0   1   0  -3  -2   0    6   3   4   4   4   4   4   9   5  11   7   4   4   4   4  12   4   0   0   7  0.03 0.07
  372 S     0   1   0   0  -3   1   0   0   1  -1  -1   1   0  -1   1   1   0  -3  -2  -1    7   7   4   3   0   6   4   9   5   5   6   9   3   3   8  11   7   0   0   4  0.08 0.11
  373 N     0   1   1   1  -3   0   0   0   1  -2  -2   1   0  -1   1   0   0   1  -2  -1    5   9   9   8   0   4   7   9   3   2   3  10   3   4   6   7   6   3   0   3  0.10 0.12
  374 K     0   2  -1   0  -4  -1   0  -1  -3  -2  -2   4  -3  -2   2   0   0   3  -3  -1    7  10   3   6   0   2   4   5   0   2   4  27   0   2   9   6   4   4   0   4  0.30 0.29
  375 T     0   0   0   0  -3   0   0   0   0  -1  -1   1   1  -1   1   1   1  -3  -2  -1    8   4   4   3   0   5   6   6   3   2   7  12   4   2   7  14  10   0   0   5  0.10 0.14
  376 S     0  -1  -1  -1  -2   0  -1   0   1   0   1   0   0   0   0   1   1   1  -2   0    9   3   2   3   0   3   3   6   4   6  15   4   2   4   5  17   7   2   0   5  0.06 0.12
  377 V     0   0  -1   0   0   0   0   0  -1   0   1   1   0  -1  -2   0   0  -3   0   1    6   5   2   6   2   4   4   7   2   4  15  14   2   3   1   7   3   0   3  12  0.03 0.09
  378 G     1   0   1   0  -4   2   0   3   1  -2  -2   0  -1  -4   1   0   0  -4  -3  -1   11   6   6   6   0  10   4  21   3   2   3   4   1   0   6   8   6   0   0   3  0.22 0.22
  379 K    -1   3   0  -1  -1   0   0  -1  -1   0  -2   4  -1  -4  -2   0  -2  -5  -2  -1    4  16   4   2   1   4   6   4   1   8   4  32   1   0   1   6   2   0   1   4  0.42 0.35
  380 N     0   1   1   1  -3   0  -1   1  -2   0  -1   1  -1  -1   0   1   0  -4  -3  -1    8   8   6   7   0   3   3   9   0   6   7  11   2   2   3  14   6   0   0   4  0.09 0.13
  381 Q     0   0   0   0  -3   1   0   0   2   0  -1   0   1   1   0   0   0   3   1  -2    6   6   5   6   0   5   6   6   5   6   6   6   5   5   6   6   6   5   5   0  0.08 0.12
  382 R    -1   2   1  -1   1   0   0  -1   1  -1  -1   2   1  -3   0   0   0   2   0   0    4  14   7   3   3   3   6   5   3   4   4  13   4   0   6   5   4   3   3   6  0.12 0.15
  383 R    -1   3   0   0  -4  -2   1  -2   0  -1   0   2  -1  -2   0  -1   1  -4  -3  -1    5  21   4   4   0   0   8   3   2   4  10  13   2   2   4   3   9   0   0   5  0.21 0.24
  384 S     0   0   2   1   0  -1  -1  -1  -2  -1  -1   1  -2  -1   1   2  -1   2  -1  -2    6   3  11   7   3   2   4   3   0   4   7  11   0   3   8  18   3   3   2   3  0.15 0.20
  385 G     0   0   0  -1  -3   1   0   2   0  -2  -1  -1  -1  -3   0   1   1   1  -1  -1    7   6   4   2   0   6   5  19   2   2   6   3   2   0   5  12   9   2   3   5  0.14 0.17
  386 G     0   0   0   0  -3   0   0   2   0   0   0  -1   0  -3   0   0   0   2  -2   0    8   4   3   6   0   3   4  20   3   8   9   3   3   0   4   8   5   3   0   6  0.10 0.12
  387 S     0   2   1   1   0   0   1  -1  -1  -1  -3   1  -1  -1  -2   2   0   2  -3  -2    6  11   8   7   2   2   7   5   1   5   0  11   1   3   2  18   4   3   0   3  0.18 0.22
  388 K    -1   0   0   0  -1   1   1   2   0  -1  -1   3   0  -3  -1   0  -1  -4   0  -1    4   4   3   4   2   6   8  14   3   4   6  20   3   0   3   8   2   0   3   3  0.15 0.19
  389 A    -1   1   1   0  -3  -2   0  -1   0   0  -2   1  -1  -3   0   1   1   1   0   0    5   8   8   5   0   0   4   4   2   7   4  11   1   0   4  15  11   2   3   6  0.12 0.18
  390 G    -1   1   0   0  -3   0   0   1  -1  -2  -1   1   0  -2   1   3   1  -4  -2  -2    2   8   3   5   0   3   5  11   2   1   6  10   2   2   6  23   7   0   1   2  0.19 0.23
  391 A     0   0   0   1  -3   0   1   0   2  -1  -3   0  -3  -4   0   2   1  -4  -2  -1    9   4   3   8   0   3  12   6   5   3   1   6   0   0   5  18  11   0   1   4  0.20 0.22
  392 K    -1   2   0   0   0   0   0  -1  -1  -2  -1   4   0  -2  -1   1  -1  -4  -3  -2    3  10   4   4   2   3   5   4   1   2   6  31   3   1   3  10   3   0   0   3  0.31 0.30
  393 E    -2   0  -2   3  -2   0   1   0  -1  -2  -2   1  -2  -2   1   2   0  -1  -2  -1    1   5   0  18   1   4  11   7   2   3   3   8   1   2   7  17   5   1   1   4  0.24 0.26
  394 R    -1   2   1  -1  -4   0   0  -4   1  -1  -1   4  -1  -2  -1   0   0  -1  -3  -1    4  11   6   2   0   3   5   0   4   3   7  29   2   1   3   6   6   1   0   5  0.30 0.29
  395 E    -1   0   0   1  -4   0   4   0   0  -2  -2   1  -2  -4  -1   1   0   0  -2  -1    4   5   4   6   0   2  29   9   2   2   3   8   1   0   3  10   6   1   1   4  0.30 0.29
  396 T     0   0   0   2  -3   0  -1   0  -3  -2  -2   1   0  -2   1   2   2  -4  -2   0    6   5   4  10   0   4   3   6   0   1   3   8   3   1   6  18  15   0   1   6  0.19 0.24
  397 A     2  -1   1   1  -3   0   0   0  -1  -1  -3   0   1  -2   0   2   0  -4  -3  -1   18   3   7   7   0   4   6   6   1   5   1   4   4   2   4  18   5   0   0   5  0.17 0.22
  398 G     1   0   0  -1  -3  -1   0   1  -3   0  -2  -1  -1  -3   2   2   0  -4  -2   0   13   5   3   3   0   2   6  12   0   7   4   3   2   1  12  15   6   0   1   6  0.17 0.20
  399 E     0  -1   0   2  -1  -1   3  -1   0  -1  -1   1  -1  -4  -2   1  -1  -5  -4  -2    7   3   5  14   1   1  22   4   2   3   6   9   2   0   2  14   3   0   0   2  0.29 0.29
  400 S    -1  -1   0   0   0   0   0  -2  -3  -2  -3   1  -3  -1   2   4   2  -5  -4  -1    3   3   4   5   2   3   6   3   0   3   2   7   0   2  10  32  11   0   0   4  0.37 0.37
  401 C    -1  -1   0   1   1   1   0   0   0  -1  -1   0  -1  -2   2   0   1  -3  -2   0    4   3   5   8   4   6   5   6   3   4   7   7   1   1  12   6   9   0   0   9  0.10 0.11
  402 R     0   2   0   0  -3   1   1  -1   2  -2  -2   2   0  -2   1   1   0  -3  -2  -1    7  15   3   4   0   5   9   4   5   2   3  12   2   2   6   9   7   0   1   4  0.16 0.17
  403 D    -1   0   0   4  -4   0   2   0   1  -3  -3   0  -1  -4  -2   1  -1  -4  -2   0    5   6   4  24   0   3  14   6   3   1   3   4   1   0   2  13   3   0   1   7  0.32 0.29
  404 H     0   0   1   0  -3   0   0  -1   3  -2  -1   0   0  -3   1   2   0  -4  -1   0    6   3   7   4   0   4   5   5   9   1   7   5   3   0   6  21   5   0   2   7  0.15 0.20
  405 F     1  -1   0  -1  -2  -1  -1  -1   0   0   0  -1  -1   1   2   0   0  -1   0   1   11   3   5   3   0   2   2   3   2   6  11   3   0   7   9   9   4   1   2  15  0.07 0.12
  406 A     0   0  -1   0  -2   0   0   0   0   0   0   0  -1  -2  -1   1   1  -3  -1   2    7   5   2   5   0   3   6   9   2   5   9   6   1   0   2  11   7   0   2  18  0.06 0.12
  407 R    -1   4   1  -1  -4   1   0   0  -1  -1  -2   2  -3  -3   1   0  -1  -4  -3  -1    3  29   5   3   0   6   4   7   1   4   4  12   0   1   6   8   3   0   0   3  0.34 0.29
  408 K     0   2  -3  -1  -4   2  -1  -1   2  -1  -2   5  -3  -4  -1   1  -1  -5  -4  -2    7   9   0   2   0   9   3   3   5   3   3  35   0   0   3   9   3   0   0   3  0.48 0.39
  409 Q    -2  -1   2   0  -4   5   0  -1   1  -1   0   1  -1  -1   0  -1   0  -4  -1  -1    3   1   9   4   0  28   4   5   3   3  11   7   1   2   4   4   6   0   2   4  0.31 0.32
  410 T     0   1   1   0  -3  -1  -1   0   3  -2  -2   0  -2  -2   0   1   2  -4  -1   0    6  10   7   4   0   2   2   5  10   1   4   4   0   2   5  12  15   0   2   8  0.17 0.21
  411 Q     0   1  -2   1   0   1   0   0   1  -1  -2   0  -2  -1   0   2   1  -4  -1   0    6   7   0   7   2   9   6   6   4   2   2   4   0   2   4  17   9   0   2  10  0.11 0.18
  412 R    -1   3   0   1  -4   2   0  -1   1  -2  -1   0  -3  -3   1   1   0  -4  -1  -1    4  21   3   9   0   8   5   4   4   2   5   4   0   0   8  10   6   0   2   5  0.22 0.24
  413 A     1   0   0   0  -3   1  -1  -1   1  -1  -1   0   0  -1   1   2   1  -3   0  -1   13   4   5   4   0   7   2   3   4   2   6   4   3   3   8  18   7   0   3   3  0.13 0.17
  414 Q     0   0   0   0  -3   1   0   0   2   0  -1   0   1   1   0   0  -2   3   1   0    6   6   5   6   0   5   6   6   5   6   6   6   5   5   6   6   0   5   5   6  0.07 0.11
  415 S     0  -2   0   1  -3   1   1  -1   0  -1  -2   0   0  -4   1   2   0  -4  -3   1    8   0   5   7   0   8   7   3   2   3   3   6   3   0   6  22   6   0   0  10  0.19 0.23
  416 E    -1   0   1   3   0   0   2  -1   0  -2  -2   0  -3  -1   1   0   0  -4  -3  -1    4   4   5  17   2   3  18   4   3   2   3   6   0   3   8   8   4   0   0   5  0.21 0.20
  417 N     0  -3   3   1  -3  -2   0  -1   1   0  -1  -1   0  -1   0   2   0  -4  -3  -1    7   0  18   8   0   0   5   5   3   7   6   3   3   3   5  17   6   0   0   4  0.19 0.22
  418 L    -1  -1  -1  -1   0   0  -1   0  -3   2   1  -1   1  -1  -1   0   0  -3  -1   2    4   4   3   2   2   3   5   7   0  18  14   2   3   2   2   8   4   0   2  14  0.08 0.12
  419 E    -1   0  -1   2  -4   1   4  -2  -3  -2  -3   1  -3  -2  -1   1   2  -5  -4  -1    5   5   2  10   0   4  29   2   0   3   2   8   0   2   2   9  12   0   0   4  0.37 0.33
  420 L     0  -1  -1  -1   0   0  -1  -1  -2  -1   2   0   2  -1   0   0   0  -3  -1   0    9   2   3   4   2   6   4   3   0   2  28   5   6   2   6   9   4   0   2   4  0.10 0.15
  421 L    -1   1   0   1  -3   1   0  -1   0   0   0   1   0  -3   0   1   1  -3  -2   0    2   7   4   8   0   8   5   5   2   6  11   7   3   0   4  12  10   0   0   6  0.09 0.13
  422 S     0   0   1   0  -3   0   1  -1   1  -1  -3   0  -1  -2   2   3   0  -4  -3  -3    9   4   7   3   0   5  11   3   3   4   2   4   2   2  10  27   4   0   0   0  0.27 0.28
  423 L     0   1  -2   0  -3  -1  -1  -3   0   1   2  -1   2   0   1   0   0  -3   1   0    7   8   0   5   0   3   3   0   2   7  20   4   9   3   7   7   7   0   6   3  0.11 0.16
  424 K     0   1   1   1   2   1   0   0   2   0  -1   0  -1  -3   1   0   0  -3  -2  -2    7   7   7   7   6   7   7   7   6   7   7   7   0   0   7   7   7   0   0   0  0.09 0.10
  425 R     0   2   0  -1  -3   0   0   0   1  -2  -1   1   0  -3   2   1   1  -3  -2   0    7  14   4   3   0   3   4   5   4   0   6  11   4   0  10   9   8   0   0   7  0.14 0.15
  426 L     0   0   0   0  -2   0   0   0   2   0   0   0   0  -2   0   1   0  -3  -2   0    8   3   3   3   0   4   7   7   7   5  12   6   3   0   3  16   4   0   0   8  0.06 0.10
  427 T    -2  -1   0   0  -3   1   0  -1   0  -1  -1  -1  -1  -2   3   2   1  -4  -1   0    0   2   5   4   0   7   4   4   2   2   7   2   2   1  16  22  11   0   2   6  0.25 0.25
  428 L     0   0  -1  -3  -2  -1  -1   0  -2   1   1   0   1  -1  -1   0  -1  -3   0   1    8   6   2   0   0   2   4   7   0  10  18   7   5   2   3   7   0   0   3  14  0.08 0.13
  429 T     0   0   1   0  -3   0   1  -2  -2  -3  -2   2  -3  -4   3   2   1  -4  -3  -2    8   5   6   4   0   3   8   2   0   0   3  12   0   0  17  17  10   0   0   3  0.32 0.26
  430 S     0  -1   0   1  -3  -1   1   0  -1  -2  -3   0  -3  -4   3   2   1  -4  -3  -3    7   3   4   8   0   2   9   6   1   2   2   7   0   0  15  22  10   0   0   0  0.32 0.26
  431 S     0   1   1   0   0  -1   1   2   0  -2  -3   1  -2  -2  -1   2   0  -3  -3  -1    6   7   6   4   2   2  10  16   2   2   2   8   0   2   2  25   3   0   0   4  0.21 0.21
  432 Q    -1   0  -1   1  -4   3   1   0  -2  -1  -2   2   0  -2   1   0   0  -3   1  -2    3   3   2   8   0  17   7   8   0   4   2  17   2   2   7   6   4   0   5   3  0.20 0.21
  433 S    -1   0   0   1  -3   0   0  -1   4  -1  -2   1  -1   0  -1   2  -1  -4  -1   0    3   5   3   8   0   3   4   5  12   3   4  10   1   5   3  21   1   0   1  10  0.16 0.21
  434 L    -2  -1  -3  -1   0  -2  -2  -4  -3   1   3  -1   2  -2   0   0   0  -3   0   2    2   4   0   3   2   1   2   0   0   6  32   4   5   0   4  10   5   0   3  17  0.24 0.24
  435 P    -1  -1   0   2  -4   0   0  -1  -3  -2  -2   0  -3  -2   5   2  -1  -4  -4  -2    2   2   3  15   0   3   4   3   0   2   3   5   0   2  28  20   3   0   0   4  0.54 0.37
  436 K    -2   2  -1   0  -4  -1  -1  -1   0  -1  -1   4   0   1  -1   0   0  -3   0  -1    0  11   2   5   0   0   2   5   2   3   7  32   2   6   2   6   8   0   3   3  0.27 0.27
  437 P     1   0   1   1  -4  -1  -1   0  -1  -3  -3   0  -1  -4   5   0   1  -4  -4  -1   10   5   6   7   0   3   4   6   2   1   1   5   2   0  30   4   9   0   0   6  0.47 0.31
  438 S     0   0   2   1  -2   0   1   1  -2  -2  -1   0  -1  -1  -1   1   0  -3  -2  -1   10   5  11   9   1   4  10  11   0   2   7   5   2   3   2  10   4   0   0   5  0.11 0.11
  439 S     0   1   0   0  -3  -2  -1   2  -2  -2  -1  -2  -1   0  -1   3   1   0  -1  -3    6   8   5   5   0   0   4  14   0   3   5   0   2   4   3  28   8   1   2   0  0.22 0.25
  440 Q     0  -1  -1  -1  -3   1   0   0   2  -2   0  -1  -1   0   1   1   0  -3   0   0    8   2   1   2   0   7   6   9   7   0  12   3   0   5   6  16   6   0   2   7  0.09 0.15
  441 G     0  -1   1   0  -3  -1   0   1   1  -2  -2   0  -3  -2   1   2   0  -4  -3  -1    4   1   9   4   0   2   6  13   4   1   4   6   0   2   8  24   5   0   0   5  0.21 0.22
  442 L    -1  -2  -1   0  -3  -1  -1  -3   1   0   3  -2   0  -1   1   0   0  -3  -2   0    4   2   3   5   0   3   3   2   4   5  38   1   1   2   8  10   5   0   0   5  0.21 0.24
  443 A     0   1   2   0  -3   0   0   0  -1   1  -2   0  -1  -3   1   0   1  -3  -1   1    5   7  10   4   0   4   4   6   1  13   0   7   2   0   6   8   8   0   2  13  0.09 0.14
  444 K    -2   4   0  -3  -4   0  -1  -1   3  -4   0   1  -1  -2   0   2  -2   1  -3  -2    2  31   3   0   0   4   3   5   8   0   9   6   1   2   4  18   0   2   0   2  0.42 0.36
  445 T    -1  -1   2   0  -3  -1  -1  -1  -3  -2  -2   1   0  -2  -1   1   5  -4  -3  -3    4   3   9   5   0   3   4   5   0   2   2   8   3   2   3   8  39   0   0   0  0.46 0.38
  446 A     2  -1   0  -1  -2  -1  -1   1   0  -1  -1   0   0  -3   0   2   0  -4  -3   0   21   2   4   3   0   2   1  12   3   4   4   7   3   0   4  16   6   0   0   7  0.16 0.18
  447 A     1   1  -2   0  -4  -1  -2  -1  -3  -2  -4   0  -3  -5   0   4   1  -5  -4  -2   11   9   0   6   0   2   1   3   0   2   0   6   0   0   4  45   8   0   0   2  0.56 0.44
  448 T     2   0   1  -2  -3  -1  -2  -1  -3  -1  -2   1  -3  -4  -1   3   3  -4  -3  -1   20   5   5   2   0   2   0   3   0   4   3   8   0   0   3  23  18   0   0   3  0.33 0.31
  449 V     0  -1  -1  -1  -3  -2  -1  -1   1   1  -1  -1  -1  -1   2   3   1  -4  -1   2    5   2   2   4   0   0   4   3   5   7   3   3   2   2   9  26   6   0   2  16  0.19 0.24
  450 F    -2  -1  -1  -1  -3  -1   0  -1   0  -1  -2   0  -3   2  -3   4   1   1  -1  -2    0   3   2   3   0   2   7   5   2   4   4   6   0  12   0  38   7   2   1   2  0.34 0.34
  451 S     1   0   1   0  -1  -2  -1   0  -1  -4  -3  -1  -4  -5   0   5   1  -5  -4  -4    8   6   5   4   2   0   4   6   2   0   2   3   0   0   3  48   7   0   0   0  0.61 0.47
  452 K    -1   3   0  -2   0   0   0  -2  -3  -2  -4   5  -1  -5  -1   1  -2  -5  -4  -2    4  19   3   2   2   2   5   3   0   2   0  40   2   0   3   9   2   0   0   3  0.61 0.42
  453 S    -1  -1  -1   0  -4  -2   0   0  -1  -4  -2   1   0  -4   0   5   0  -5  -4  -2    3   3   2   6   0   0   4   6   1   0   3   8   3   0   4  51   4   0   0   2  0.58 0.45
  454 F    -1   0  -1  -2   0   0  -1  -3   0   0   0   1  -1   4  -2   0  -1  -2   2  -1    2   5   2   2   2   4   4   1   2   5   9   9   1  27   2  10   2   0   8   4  0.24 0.22
  455 E    -1  -1  -1   4  -4   0   3  -1   1  -3  -2   1  -3  -1  -3   1  -1  -4  -3  -2    3   2   0  24   0   2  26   3   3   0   5   9   0   3   0  13   4   0   0   2  0.45 0.32
  456 Q    -2   0   1   0   3   3   2  -3   2  -1  -1   0   1  -2  -3  -1  -1  -3   2  -1    1   4   8   5   8  18  15   1   6   4   6   4   4   0   0   2   2   0  10   4  0.29 0.27
  457 V    -1  -1   0   0  -1  -1   0  -1  -2   0   1  -1   2  -2  -1   0   1  -3  -1   2    3   2   5   4   1   3   5   4   0   3  13   4   8   0   2   7   7   0   2  24  0.10 0.15
  458 S     1   0   4   1  -3  -1   0  -1   0  -2  -2   0  -3  -3  -3   2   0  -4  -1  -2   11   5  22   7   0   2   5   4   2   3   4   4   0   0   0  22   5   0   2   2  0.29 0.26
  459 G     0  -1   1   0  -3   0   0   4  -3  -2  -4   1  -3  -4  -3   1   0  -4  -3  -1    9   2   6   5   0   4   7  36   0   2   1   9   0   0   0   9   4   0   0   5  0.41 0.27
  460 A     1   0   0   1  -2   0  -1   2  -1   0  -1   0  -1  -2  -2   1   0  -3  -1   1   10   4   3   7   1   5   2  17   2   4   6   4   2   0   0  14   5   0   2  12  0.10 0.12
  461 P     0   0   2   0  -3   2   2   1   0  -2  -2   1   0  -3   0   1   0  -4  -3  -2    5   3  12   2   0  11  15   9   2   1   3   7   2   1   5  13   5   0   0   1  0.22 0.20
  462 V     1  -1  -1   1   0   1   0   2  -2   0  -1   0  -1  -1  -1   0  -1   0  -2   0   13   2   0   8   2   7   4  18   0   7   4   6   1   3   3   8   2   2   0  10  0.09 0.12
  463 P     0   0   0   0  -3   0   1   2   0  -2  -2   1  -2  -3   2   2   0  -4  -3  -2    7   5   3   5   0   2   9  17   2   2   4   7   0   0  11  17   5   0   0   2  0.22 0.18
  464 R     0   1   0   1  -2   0  -1   1   2  -1  -1   0  -1  -1   1   1   1  -3   0  -1    6  10   5   7   0   4   2  10   6   4   7   2   0   2   5  12   9   0   3   4  0.08 0.09
  465 S     0   0   2   1  -3   0   0   0  -1  -2  -1  -1   1   0  -2   2   1  -3  -2  -1    7   6  12   8   0   4   5   8   1   1   4   1   4   4   1  23   8   0   0   4  0.18 0.19
  466 P    -1   0   0   1  -3   0   0   3   0  -2  -3  -1   0  -4   2   1   1  -4  -3  -2    3   6   4   9   0   3   4  23   3   2   1   3   3   0  13  13   8   0   0   3  0.29 0.22
  467 S     1  -1  -1   0  -3   0  -1   2  -3  -3  -2   0   0  -4   0   4   1  -4  -3  -2    9   2   2   4   0   5   3  18   0   0   3   5   3   0   4  34   6   0   0   2  0.37 0.31
  468 P    -1  -2   0   1  -3  -1   1   0   0  -1  -1   0   0  -3   3   2   1   0  -3  -2    1   0   4  10   0   2   9   6   2   3   8   5   2   0  16  20   8   2   0   1  0.26 0.22
  469 A     0   0   0   0   0  -1  -1   2  -3  -3  -3  -1  -3  -2   1   2   1  -4  -3   0    4   6   4   6   2   2   3  21   0   0   0   3   0   2   6  21  12   0   0   7  0.26 0.24
  470 I     1  -1  -2  -1  -2   0  -1   0  -1   0   0  -1  -1   0   1   1   1  -3   0   1   12   3   0   3   0   4   2   6   2   6  12   2   0   3   7  15   8   0   3  13  0.07 0.11
  471 G     0  -1   0   0  -3  -1   1   2  -1  -1  -3   1  -2  -3  -2   2   1  -3  -1  -2    9   2   4   6   0   0  10  20   1   4   1   8   0   0   1  22   8   0   2   2  0.25 0.22
  472 C     0  -1   2  -1   3   0   0   2   0  -1  -3   0  -3  -4  -2   3   1  -4  -3  -2    4   2  12   2   7   4   7  16   3   3   1   4   0   0   1  26   7   0   0   2  0.30 0.25
  473 V    -1   0  -1  -1  -3  -1  -1   1   2   0   1   1   2  -2   2   0  -1  -3  -2   0    2   4   2   2   0   0   1  10   6   5  19  12   7   0  11   6   3   0   0   8  0.13 0.16
  474 A     1   0   0  -1   0  -1   0   0  -1  -2  -1   0  -2  -3   1   2   0  -3  -2   0   14   4   4   2   2   1   5   7   2   1   7   5   0   0   8  24   6   0   0   6  0.16 0.16
  475 G     2  -2   0  -1  -3   0   0   3   1  -3  -3   1  -3  -3  -1   2   1  -3  -3  -2   20   0   5   3   0   4   5  23   3   0   1   8   0   0   2  16   7   0   0   1  0.32 0.23
  476 A     0  -1   0   1  -2   0   1   1   0  -2  -1   0  -1  -3   0   2   1  -3  -2  -1    9   2   4  10   0   3   9  12   3   0   6   3   2   0   4  17  12   0   1   2  0.15 0.14
  477 D    -2   1   2   2  -3   1   3   2   0  -2  -3   1  -2  -1  -2  -1   0  -3  -2  -3    1   7  11  10   0   6  21  15   2   3   2   8   0   3   1   3   6   0   0   1  0.27 0.20
  478 A     2  -1   0  -1   1  -2   0  -2  -2   0  -1  -1   0  -3  -2   2   2  -3  -3   0   25   2   5   3   2   0   5   1   0   5   3   3   2   0   1  21  16   0   0   6  0.25 0.24
  479 N    -2  -1   4   0  -4   1   0   2   6  -4  -4   0  -3  -4  -2   0  -1  -4  -2  -4    1   3  26   4   0   5   4  14  26   0   1   5   0   0   1   6   2   0   0   1  0.71 0.39
  480 R     0   5   0  -1   2  -1   0  -3   2  -2  -2   0   1  -3  -3  -1  -1  -3   0  -3    6  44   5   3   4   0   4   1   6   2   4   4   4   0   0   3   3   0   4   1  0.53 0.33
  481 F    -3  -1  -1  -2  -3  -2  -2  -3   5  -1   0   0   3   4  -3  -1  -1  -2   4  -2    1   3   3   3   0   0   0   1  19   3  10   7   8  20   0   3   5   0  14   0  0.48 0.31
  482 S    -2   0  -2   0  -1  -2  -1  -1  -3  -4  -4  -2  -4  -4  -2   6   2  -4  -1  -4    0   5   0   6   1   0   3   3   0   0   0   0   0   0   1  66  10   0   2   0  0.94 0.55
  483 A     2   0   0  -1  -2   0  -1   0   0  -1  -2  -1  -2  -3  -1   1   3  -3  -2   0   22   5   5   3   0   2   3   7   3   4   1   3   0   0   3   7  25   0   0   6  0.22 0.20
  484 C     0  -3  -1   0   6  -3  -3  -1  -3   2   0  -3  -2  -3  -3   1   1  -3  -1   1    8   0   3   5  21   0   0   5   0  14   7   0   0   0   0  15   7   0   2  10  0.35 0.25
  485 S     0  -3   0  -1  -3  -2  -2   0  -3  -4  -4  -1  -3  -4  -1   6   1  -4  -4  -3    4   0   4   3   0   0   0   6   0   0   1   4   0   0   3  68   6   0   0   0  0.92 0.50
  486 L    -2  -1  -3   0  -3  -3  -1  -2  -4   1   4  -3   0  -2  -4  -2  -1  -3  -3   1    0   3   0   6   0   0   5   3   0   3  59   0   0   0   0   3   3   0   0  12  0.51 0.32
  487 Q    -3   1   0  -2  -4   7   1  -4  -2  -4  -2   1  -3  -1  -3   1  -1  -4  -3  -4    0   6   3   0   0  60   6   0   0   0   3   5   0   4   0   9   3   0   0   0  1.04 0.52
  488 E    -1  -2   0   2  -4   2   5  -3   3  -4  -4   0  -3  -4  -3  -2  -2  -4   0  -4    3   0   4  10   0   7  59   0   7   0   1   4   0   0   0   0   0   0   3   0  0.90 0.40
  489 E    -1  -2   1   3  -4   1   4  -1   1  -3  -3  -1   2  -3   1  -1  -1  -4  -3  -1    2   0   5  23   0   5  33   4   4   0   1   0   8   0   6   0   4   0   0   4  0.48 0.27
  490 K     0   2   0   1  -3   1   1   0   3  -3  -2   2  -2  -3  -2   1   0  -3  -2  -2    8  17   1   7   0   7   8   7  12   1   4  14   0   0   1  10   4   0   0   1  0.24 0.14
  491 L    -2  -1  -3  -3  -2  -2  -3  -3  -3   1   4  -2   3   1  -2   0   0  -2  -1   0    1   4   0   1   0   0   1   1   0   7  50   1   9   4   2   8   7   0   2   3  0.38 0.23
  492 I     2  -1  -2  -1  -2  -2  -2   2  -2   2   0  -2   0  -2  -2   1   0  -3  -2   1   22   4   0   4   0   0   1  19   0  19   6   1   1   0   1  11   3   0   0   8  0.17 0.15
  493 Y    -1   3  -1  -1  -3   1   0   0   0  -2  -2   0   0  -1   1   0   0  -2   3   0    1  25   1   3   0   6   4   6   1   1   1   1   3   2   6   8   7   0  15   9  0.19 0.16
  494 V     2  -2  -2  -2  -2  -1  -2   2  -2  -1   0  -2   1  -2   3   1   1  -3  -2   0   19   0   0   1   0   2   1  16   0   2  13   1   4   0  14  11  10   0   0   5  0.23 0.15
  495 S     1   0   1  -1   0   0   2   1  -2  -2  -3  -1  -2  -3   0   2   2   0  -2  -1    9   4   6   0   2   3  14  11   0   0   1   0   0   0   4  25  14   2   0   4  0.23 0.16
  496 E    -2   1  -1   3  -4   0   5  -1   3  -4  -4   0  -1  -4   1  -2  -2  -4  -3  -3    1   7   1  16   0   2  44   4   9   0   1   5   2   0   8   0   0   0   0   0  0.64 0.30
  497 R     1   2   1  -1  -2   0   0   1  -2  -2  -2   0  -2  -3  -2   2   1  -3  -2  -2   11  17   5   0   0   4   3  14   0   0   5   5   0   0   0  21  11   0   0   1  0.23 0.15
  498 T    -1   0   1   0  -3   3   1  -1  -1  -1   0   2   0  -3   0  -1   1  -3  -2  -1    4   4   9   5   0  19   6   4   0   2  10  15   2   0   3   1  11   0   0   4  0.16 0.13
  499 E    -2  -2   0   4  -3   1   3  -1   1  -3  -3  -1  -3  -2  -2   2   0  -4  -3  -1    0   0   3  28   0   4  29   4   4   0   1   0   0   2   0  16   3   0   0   5  0.50 0.26
  500 L    -2  -1  -2  -1  -3   0  -2  -2   1   0   3   0   0   1   0  -1  -2  -3  -2   0    0   3   0   5   0   4   0   4   5   1  47   7   0   5   5   7   0   0   0   6  0.22 0.20
  501 A     0  -2  -2  -2  -2   0  -1  -1   1   0   2  -1  -1  -2   1   2   2  -3  -2   0    7   0   0   0   0   3   3   3   4   3  24   4   0   0   8  19  14   0   0   7  0.15 0.15
  502 V     0  -1  -1   0  -2   0   0  -1   1   0  -1  -2   0  -3   3   3  -1  -4  -3  -1    7   1   0   5   0   5   3   2   4   5   7   0   2   0  17  36   0   0   0   4  0.33 0.22
  503 K     1  -1  -1   0  -3   1   1  -1   0  -3  -1   1  -2  -2   4   2  -1  -3  -2  -2   11   2   2   3   0   7   8   3   2   0   8   8   0   1  24  19   0   0   0   0  0.36 0.18
  504 C     0   1   2  -1  -2   0   0   3   4  -4  -4   2  -3  -3  -2   0  -2  -3  -2  -3    5   6  13   0   1   4   4  27  15   0   1  15   0   0   0   7   0   0   0   0  0.42 0.21
  505 Q     1   1   0   0  -3   4   1  -2   0  -3  -2   1  -2  -3   1   1   0  -3   0  -2   14   8   4   4   0  25   6   0   2   0   4   7   0   0   7   8   6   0   3   0  0.27 0.17
  506 A    -2   0  -2  -2  -3   0  -1  -3   4  -3  -1   3  -2  -2   4   0  -2  -3   1  -3    2   4   0   1   0   4   1   1  15   0   9  24   0   0  26   8   1   0   5   1  0.55 0.25
  507 G     0   0   1   0  -2   0   0   1   1  -1   0   2  -1   0   0   0   0  -2  -1  -1    8   4   6   5   0   1   2  10   5   2  11  19   0   4   4   8   5   0   1   4  0.06 0.06
  508 Q     0   0   1  -1  -3   4   0  -2  -1  -3  -1  -1  -2  -3  -2   3   1  -3  -2  -2    4   5   7   2   0  32   4   1   0   1   8   1   0   0   1  26   7   0   0   1  0.43 0.26
  509 Q    -1  -1   1  -2  -3   5  -1  -1  -2  -3  -3   0  -2  -4  -1   3   1  -4  -3  -1    0   1   7   0   0  39   0   4   0   0   0   4   0   0   2  29   9   0   0   4  0.62 0.35
  510 G    -1   5  -2  -3  -4   2  -1   1   0  -4  -4   1  -3  -4  -3   0   1  -4  -3  -3    5  50   0   0   0  12   0  10   2   0   0   4   0   0   0   7   9   0   0   0  0.71 0.33
  511 P    -1   0  -2  -2  -3  -2  -2  -3  -3  -4  -4   1  -3  -5   3   5   0  -5  -4  -4    0   4   0   0   0   0   0   0   0   0   0   7   0   0  17  69   3   0   0   0  1.03 0.48
  512 P     0   0  -1  -3  -4   0  -3  -4  -4  -4  -4  -2   1  -5   7  -1  -3  -5  -4  -4    8   5   4   0   0   4   0   0   0   0   0   0   4   0  71   4   0   0   0   0  1.70 0.49
  513 S     1  -3   1  -2  -3  -2  -2  -2   3  -4  -4  -2  -3  -4  -3   5   1  -5  -3  -3    8   0   4   0   0   0   0   0   8   0   0   0   0   0   0  72   8   0   0   0  0.96 0.44
  514 I    -3  -4  -4  -4  -3  -4  -4  -5  -3   4   2  -4   0   5  -2  -2  -2  -2   1   1    0   0   0   0   0   0   0   0   0  41  16   0   0  32   2   2   0   0   3   4  0.70 0.28
  515 S     0  -1   4  -1   3  -1  -2  -1  -2  -4  -4   0  -3  -4   1   4  -1  -4  -3  -3    5   2  29   0   7   0   0   3   0   0   0   4   0   0   5  44   0   0   0   0  0.61 0.28
  516 V     0  -3  -2  -4  -2  -3  -3  -4  -3   3   2  -3   5   1  -3  -3  -2  -3  -2   2    7   0   2   0   0   0   0   0   0  30  16   0  27   5   0   0   0   0   0  14  0.50 0.21
  517 T    -2  -1   0  -2  -3   5  -1  -3   5  -3   0  -1  -1  -3  -3   1   2  -3  -1  -2    0   0   3   0   0  35   0   0  24   0  12   0   0   0   0   8  17   0   0   0  0.58 0.26
  518 L    -2   0  -3  -3  -2   0   0  -4  -3   3   3  -2   2  -1  -3  -3  -2  -3  -2   1    0   6   0   0   0   6   6   0   0  19  48   0   6   0   0   0   0   0   0   9  0.40 0.17
  519 S     0  -3  -2  -2  -2  -2  -2   0  -3   4  -1  -2  -1  -2  -3   2   3  -4  -2   1    6   0   0   0   0   0   0   6   0  38   0   0   0   0   0  23  23   0   0   3  0.35 0.19
  520 A     0  -2  -1  -2  -2  -1  -2  -2  -2  -3  -3   0  -2  -4  -2   4   4  -4  -3  -2    2   0   0   0   0   0   0   0   0   0   0   7   0   0   0  51  41   0   0   0  0.76 0.29
  521 E    -2  -1   0   5  -5   4   3  -3  -1  -4  -4  -1  -3  -5  -2  -1  -2  -4  -3  -4    0   0   0  50   0  31  19   0   0   0   0   0   0   0   0   0   0   0   0   0  0.99 0.26

                      K         Lambda
Standard Ungapped    0.1285     0.3152
Standard Gapped      0.0346     0.2670
PSI Ungapped         0.1131     0.3178
PSI Gapped           0.0346     0.2670
