
Last position-specific scoring matrix computed, weighted observed percentages rounded down, information per position, and relative weight of gapless real matches to pseudocounts
            A   R   N   D   C   Q   E   G   H   I   L   K   M   F   P   S   T   W   Y   V   A   R   N   D   C   Q   E   G   H   I   L   K   M   F   P   S   T   W   Y   V
    1 M    -5  -5  -6  -7  -5  -4  -6  -7  -6   1  -2  -5  11  -4  -6  -5  -4  -5  -5  -3    0   0   0   0   0   0   0   0   0   6   0   0  94   0   0   0   0   0   0   0  3.09 0.99
    2 G     3  -4  -3  -2  -4  -4  -3   6  -4  -5  -5  -4  -4  -5   1  -1  -2  -5  -5  -2   23   0   0   2   0   0   1  57   0   0   0   0   0   0   8   3   2   0   0   4  1.09 0.48
    3 R    -3   5  -3  -2   3  -2  -1  -4   2   0   3   1  -2  -2  -1  -3  -3  -4  -2  -2    0  33   0   2   6   0   3   0   5   4  29  10   0   1   3   0   1   0   1   1  0.55 0.36
    4 R    -4   7  -4  -5   3  -2  -3  -4   1  -6  -2   2  -4  -6  -3  -3  -4  -6  -5  -4    0  71   0   0   7   0   0   1   4   0   4  11   0   0   1   1   0   0   0   1  1.63 0.69
    5 P    -3   1  -3  -4  -6  -1  -3  -5  -2  -6  -4   2  -5  -2   8  -2  -4  -6  -5  -5    1   6   1   0   0   2   1   0   1   0   1  15   0   2  68   2   0   0   0   0  1.89 0.74
    6 A     5  -4  -3  -3  -4  -4  -4   2  -2  -4  -4  -4  -4   0  -3   0  -1   5  -3  -2   56   0   1   1   0   0   0  18   1   0   0   0   0   4   1   4   3   7   0   3  0.90 0.51
    7 R    -2   6  -2  -2   0   0  -3  -3   2  -3  -4   2  -4  -5  -2   0  -3   3  -2  -2    2  49   1   2   2   3   0   1   5   1   1  13   0   0   2   7   1   4   1   3  0.88 0.48
    8 C     1  -4   1  -4   9  -5  -5  -4  -5   0  -2  -5   2  -5  -5   0   0  -5  -2  -2   10   1   7   1  52   0   0   1   0   5   3   0   5   0   0   6   7   0   2   3  1.48 0.62
    9 Y    -4  -3  -5  -3  -1  -5  -5  -6   0  -2  -3  -5  -2   1  -6  -4  -1   3   9  -2    1   2   0   2   1   0   0   0   1   2   1   0   1   5   0   1   4   3  74   2  2.13 0.84
   10 R    -2   7  -3  -4   0   0  -3  -4   1  -4  -4  -1  -1  -5  -4   0  -1   2  -4  -5    3  67   1   0   2   3   0   1   3   1   1   2   2   0   1   7   3   3   0   0  1.35 0.64
   11 Y    -3   1  -2  -2  -2   1   0  -4   0  -2  -3   2  -2   1  -3  -2  -1  -1   7  -2    1   7   1   2   1   7   5   1   2   2   1  16   1   4   1   2   3   0  41   3  0.78 0.45
   12 C    -1  -2  -3  -4   6  -1  -2  -3  -2   2   0  -2  -2   0   0  -1   2   3  -1   1    3   2   0   0  21   2   2   2   1  15   7   1   0   3   5   4  17   4   2   9  0.38 0.27
   13 K    -2   4   0   0  -4   0   1  -2  -1  -3  -3   5  -3  -4  -2   0  -1  -4  -3  -4    2  22   4   5   0   2  10   2   1   1   2  39   0   0   2   6   3   0   1   0  0.62 0.35
   14 N    -2   1   5   0  -4   0  -1   2   0  -1  -3   2  -2  -4  -3   0  -1  -4  -2  -1    2   9  34   3   0   2   1  15   2   3   1  14   1   0   0   4   2   0   1   6  0.44 0.28
   15 K    -1   3  -1  -1  -4   2  -1  -3   0  -4  -3   4   2  -4   1   2  -2   0  -3  -3    3  13   1   2   0   9   2   0   2   0   0  34   6   0   8  15   0   2   0   2  0.53 0.34
   16 P     0  -2  -2  -4  -5  -3  -3  -3  -4  -2  -2   2  -4  -5   7  -1  -2   0  -5  -3    9   2   1   0   0   0   0   1   0   2   5  14   0   0  56   4   2   2   0   1  1.29 0.54
   17 Y    -4  -2   0  -5   1  -4  -4  -5   0  -4  -2  -2  -3   3  -5  -3  -2   3   8  -3    0   2   4   0   3   0   0   0   1   0   4   2   0   9   0   1   3   3  64   2  1.55 0.65
   18 P    -1   1  -3  -3  -4   0  -3  -4  -4  -2  -3   1  -3  -5   6  -1   3  -5  -4  -1    4   7   0   0   0   5   0   0   0   2   1   7   0   0  40   2  24   0   0   4  0.94 0.45
   19 K    -2   5   0  -3  -5   0  -1  -4  -1  -5  -4   5  -2  -5  -2   0  -1  -5  -4  -3    3  37   5   0   0   3   3   0   1   0   0  35   1   0   1   6   3   0   0   2  0.90 0.45
   20 S    -2   3  -2  -2  -1   0  -1  -2   0  -4  -2   4  -1  -1  -2   3  -1  -4  -1  -3    1  15   0   1   1   4   1   1   2   0   3  31   1   3   1  27   3   0   2   1  0.51 0.35
   21 R     0   3   1  -1   0   0   2   0   0  -4  -3   1  -2  -4  -1   2  -1  -4  -3  -3    7  23   7   2   3   1  16   5   3   0   2   6   1   0   3  18   2   0   0   0  0.33 0.24
   22 F    -4  -4  -4  -4  -1  -4  -1  -5   1  -2  -3  -4  -3   6  -2  -1  -4  -1   7  -3    0   0   0   0   2   0   4   0   3   2   1   0   0  30   2   5   0   0  47   0  1.37 0.55
   23 C    -1  -3   0  -4   6  -3  -4  -3  -3   4  -1  -3   1  -1  -4  -2  -1  -3  -1   2    4   1   6   0  17   0   0   2   0  36   2   0   3   2   0   2   3   0   2  17  0.56 0.31
   24 R     0   4  -2  -1   1   0  -2  -1   2  -3  -3   3  -3  -4   2  -1  -1  -4  -1  -2    6  25   0   3   4   3   0   4   6   0   1  24   0   0  12   4   3   0   2   3  0.42 0.28
   25 G     1  -1  -2  -1  -4  -1  -3   5   0  -1  -3  -1  -3  -1  -3  -1   0  -4  -3   0    9   4   0   4   0   3   0  46   2   4   0   4   0   3   0   4   7   0   0   8  0.53 0.30
   26 V     1  -1  -1  -3   1  -1  -2   0  -3   1  -1  -1   0  -1  -1   0   0  -3  -2   3   14   4   3   0   3   2   0   7   0  10   3   3   3   3   3   9   4   0   0  28  0.16 0.17
   27 P     0   1  -3  -3  -4   1  -3  -4   3  -4  -1   0  -3  -4   6   0  -3  -5  -4  -4    6   7   0   0   0   7   1   1   7   0   7   6   0   0  48   6   0   0   0   1  1.08 0.43
   28 D     0   0   1   0  -3   1   0   0   2  -2  -2   0   1   1   1   0   0  -2   1  -1    6   6   6   6   0   6   6   6   6   0   1   6   6   6   6   6   6   0   6   6  0.09 0.12
   29 A     0   0   1  -2   1   0  -2  -1   1   0  -1   0   1  -3   3   0   1  -3  -2   0   10   5   8   0   4   5   0   4   3   5   4   4   5   0  17   7  12   0   0   6  0.19 0.17
   30 K    -1   2   0   0  -4   1   0   0   2  -1  -3   4   1  -4  -3   0   0  -4  -3  -3    4  13   4   5   0   5   4   5   5   4   1  35   4   0   0   6   4   0   0   0  0.38 0.28
   31 I    -3  -4  -4  -4  -3  -3  -1  -4   1   6   1  -4   1  -1  -4  -1   0  -4  -3   2    1   0   0   0   0   0   4   1   5  47  12   0   3   3   0   4   5   0   0  11  0.65 0.37
   32 R     0   4  -1  -3   0   0   0   0   1  -1  -2   0  -2  -2  -2   1   0  -3  -1   0    8  32   2   0   2   3   4   6   4   3   3   3   0   2   2  10   6   0   2   9  0.28 0.22
   33 I    -1   1   0  -1  -3   2  -1  -1   1   2  -1   1   2   0  -3   0   0  -3  -2   0    4   7   4   4   0  11   0   4   3  19   4  13   8   3   0   6   6   0   0   4  0.12 0.16
   34 F    -2  -2  -2   1   3   1  -1  -3   2   0   0  -2   2   2  -3   0  -1   5   2  -1    1   0   0   9   8   9   1   1   9   9   9   0   9   9   0   9   0   8   9   1  0.21 0.17
   35 D    -3  -2   1   6  -5   0   0  -4   1  -1  -2  -2  -1  -4  -4  -1   0   1  -1  -1    2   2   7  45   0   4   4   0   4   4   3   2   2   0   0   5   5   2   2   5  0.70 0.44
   36 L    -2  -4  -2  -2   2  -1  -4  -2  -1   0   3  -4   6   0  -2  -2   0  -4  -3   2    3   0   2   2   4   3   0   3   2   3  24   0  25   3   2   3   6   0   0  14  0.56 0.39
   37 G    -1   0  -4  -1  -5   0  -1   6   1  -6  -6  -4  -5  -6  -5  -1  -4  -6  -5  -1    4   6   0   3   0   4   4  60   3   0   0   0   0   0   0   4   0   0   0   5  1.12 0.64
   38 R    -1   0   3   1   0   0   0  -1   0  -1  -2   0   0  -1  -3  -1   0   2   0  -1    4   5  17   9   3   4   6   3   3   3   3   7   3   3   0   4   7   3   3   5  0.11 0.19
   39 K     0   0   0   0  -3   1   0   0  -2   0  -1   0   1  -2   1   0   0   3   1   0    6   6   5   6   0   5   6   6   0   6   6   6   5   0   6   6   6   5   5   6  0.03 0.11
   40 K    -2   1   2  -1  -1   0   0  -1   0  -1  -2   4  -4  -2  -1   0  -1   0  -4  -2    3   8   8   3   1   4   4   4   2   3   3  31   0   2   2   7   3   2   0   3  0.32 0.35
   41 A     3   0  -1  -2   3  -1  -1   0   0  -2  -3   1   1  -1  -2  -2  -2   2   0  -2   23   5   3   3   5   3   4   8   2   3   3  10   3   3   3   4   3   2   3   4  0.17 0.21
   42 K     0   0   0   0  -3   0   0   0   1   0  -1   0  -1   0   0   0   0   3   1  -1    5   5   5   5   0   5   5   5   5   5   5   5   0   5   5   5   5   5   5   5  0.03 0.09
   43 V    -1   0  -1  -1   0   0   0  -2   0   0  -1   0   1   1  -1  -1   0   1   1   2    5   5   3   2   2   3   5   3   2   4   4   7   5   7   2   4   5   2   6  18  0.02 0.11
   44 D    -2  -1   1   4  -4   0   1   0   1  -2  -3   1   0  -1  -1   0   0  -4  -3  -2    2   3   7  25   0   3   8   6   3   2   2   9   3   3   2   7   6   0   0   3  0.25 0.29
   45 E     0   0   1   0  -2   1   0   0   2   0  -1   0  -1  -2   1   0   0  -3  -2   0    6   6   6   6   0   6   6   6   6   6   6   6   0   0   6   6   6   0   0   6  0.04 0.08
   46 F    -1  -3  -3  -3  -3   0  -1  -1   2   0  -1   0   1   4  -4  -1  -1   3   2  -2    5   0   0   0   0   5   5   6   5   6   6   7   4  23   0   5   4   5   8   0  0.26 0.29
   47 P     0   0   0   0  -2   0   0   0   1   0  -1   0  -1   0   1   0   0  -2   1   0    6   6   5   6   0   5   6   6   5   6   6   6   0   5   6   6   6   0   5   6  0.01 0.06
   48 L    -1  -4  -1  -4   0  -2  -4  -3   0   1   2  -2   1   2  -2  -1  -1  -3   3   2    5   0   4   0   2   2   0   2   2   7  18   2   4  10   2   5   2   0  13  14  0.24 0.26
   49 C     0   0  -1  -1   6   0   0  -2   0  -1  -1   1   0   0  -4  -1  -1   2  -1   0    7   4   3   3  17   5   7   3   2   3   5  10   2   4   0   5   4   3   2   8  0.26 0.26
   50 G    -1  -1  -6  -1   1  -6  -6   0  -6   2   1  -6   2   0  -1  -2  -1   3   1   4    5   4   0   3   3   0   0   8   0  11  12   0   4   4   4   4   4   3   4  22  0.36 0.27
   51 H    -1   0   0   0   2   0  -1  -1   2   0  -1   0   2   0   0  -1   0   3   1  -1    5   5   5   5   5   5   5   5   5   5   5   5   5   5   5   5   5   5   5   5  0.03 0.09
   52 M    -3  -1  -3  -5   2  -2  -3  -3  -5  -1   5  -3   5  -2  -5  -3  -1  -4   0   0    2   3   1   0   4   2   2   2   0   3  49   2  13   1   0   2   3   0   3   5  0.75 0.50
   53 V    -2  -1  -2  -2  -4  -1  -2  -2   1   3  -1  -1   1  -1  -4  -1  -1   1  -1   5    2   4   2   2   0   3   2   3   4  14   4   5   3   2   0   5   4   2   2  37  0.44 0.35
   54 S     1  -4   0  -4   3  -2  -4  -2  -4  -1  -1  -2   0  -2   1   4   0  -5  -1  -1   13   0   4   0   5   2   0   3   0   4   7   2   2   2   8  34   5   0   2   5  0.46 0.41
   55 D    -1   0   2   2  -4   0   1  -1   0  -2   0   2   0  -1   0  -1   0   4  -1  -2    3   6  11  11   0   4   8   4   2   2   9  13   3   3   4   3   5   5   2   3  0.15 0.18
   56 E    -1   0   0   0  -5   1   4  -2   2  -1  -2   0   0   0  -1  -1  -1   2   0  -2    5   5   4   5   0   5  31   3   4   3   4   5   3   5   3   4   4   3   3   3  0.32 0.31
   57 Y     0   0   0   0   2   1   0   0   2  -2  -1   0  -2   0   0   0   0   3   1  -1    6   6   5   6   5   5   6   6   5   0   6   6   0   5   6   6   6   5   5   6  0.08 0.12
   58 E     0  -1  -1   0   2   0   4   0   0   1  -1  -1   1  -2  -1  -1  -1  -4  -2   0    6   3   2   3   4   4  30   6   2   8   4   2   4   2   2   2   4   0   1   9  0.22 0.24
   59 Q    -3  -1   2  -1  -5   6  -1  -2   1  -3  -1   0   1  -2   1   0  -2  -1  -1  -3    0   2  10   2   0  42   2   2   4   1   7   4   3   1   6   5   1   1   2   1  0.67 0.49
   60 L    -1  -2  -3  -4   3  -3  -2  -1  -2   3   2  -2   1  -1  -1  -1  -1   2  -2   2    4   2   0   0   7   0   3   4   1  22  26   2   2   2   2   3   3   3   0  12  0.29 0.23
   61 S    -2   4   0  -3   0  -1  -3   0   0  -3  -3  -1   1  -2  -1   4  -1  -4  -2  -4    2  23   4   0   2   2   0   7   2   1   2   2   5   2   3  39   3   0   1   0  0.57 0.44
   62 S    -1   0   0   2  -3   0  -1   0   3  -3  -1  -1   0  -1   0   3  -1  -4   0  -3    5   4   3  15   0   4   2   6   9   0   5   3   3   3   4  28   3   0   3   0  0.29 0.27
   63 E     0   0   1   2   1   0   3   0  -2  -1  -2  -1   0  -1  -1   0  -1  -3  -1  -1    7   5   9  10   4   2  23   7   0   3   4   3   3   3   3   4   4   0   2   5  0.15 0.16
   64 A     2   0  -2  -3   1  -2  -2   1  -2   0  -1   1   1   0   1   0   0  -2   1   0   24   5   0   0   4   0   0   9   0   4   5   9   4   4   7   8   4   0   7   4  0.13 0.17
   65 L     0   1  -2   0   1   0  -2  -1  -2   0   1   1   1   0   0  -2   0   4  -1  -1    7   8   0   7   4   4   0   4   0   5  19   9   4   5   5   0   5   8   0   4  0.12 0.15
   66 E     0   0  -1   0  -3   1   3   0  -2  -3  -2   0  -2  -3   0   0   1   4  -2  -1    8   6   0   4   0   5  28   7   0   0   4   6   0   0   4   8   9   6   0   4  0.25 0.19
   67 A     2   1  -1   0   1   1   0   0   1  -2  -3  -1  -2  -3   1   1   0  -3  -2  -1   26   9   0   5   4   8   6   6   5   0   1   0   0   0   8  11   5   0   0   4  0.21 0.18
   68 A     0   0  -2   0   2   1   0   0  -2   0   0   0   1   0   1   0   0   3  -2   0    6   6   0   6   6   6   6   6   0   6   6   6   6   6   6   6   6   6   0   6  0.06 0.11
   69 R     0   0  -2  -3   2   1  -2   0   2   0   0   0   1   1   1   0   0   4  -1  -2    7   7   0   0   6   7   0   7   6   7   7   7   6   6   7   7   7   6   0   0  0.11 0.16
   70 I     0  -1  -1  -3   1   1  -1  -2  -3   3   0  -1   2   0  -1  -1   0   2   0   1    6   3   3   0   3   9   4   3   0  21   7   3   7   3   3   3   7   3   3   9  0.14 0.20
   71 C     0   0   0   0   2   0   0   0  -2   0  -1   0   1   1  -3   0   0   3   1   0    6   6   5   6   5   5   6   6   0   6   6   6   5   5   0   6   6   5   5   6  0.06 0.10
   72 A     0  -2  -2   0   2  -2  -2   0  -2   0   0   0   1   1   1   0   0  -2   1   0    7   0   0   7   7   0   0   7   0   7   7   7   7   7   7   7   7   0   7   7  0.06 0.11
   73 N    -2   1   5   0  -3   1  -2  -1   2  -1  -1  -1   0  -3  -3   0   1  -4  -1  -1    0   7  38   3   0   5   0   4   4   3   6   3   3   0   0   7   8   0   2   5  0.41 0.32
   74 K     0   1   1  -2   2   1   0   0   2  -2  -1   0  -2   1   1   0   0  -2   1  -2    7   7   7   0   6   7   7   7   6   0   7   7   0   6   7   7   7   0   6   0  0.10 0.13
   75 Y    -2   0  -1  -1   3  -1  -1  -4   1  -1  -1  -1   0   1   1  -1   1   1   5   0    3   5   3   3   7   3   3   0   4   2   4   4   3   5   6   4   9   2  25   7  0.34 0.31
   76 M    -1  -3  -3  -1   1   0  -1  -4   1   1   2  -1   4   0   0  -2  -1   2  -2   0    4   0   0   3   4   4   3   0   4   7  22   4  17   4   5   0   4   3   0   6  0.22 0.27
   77 V     0   0   0   0   4   0   0  -1   0   0  -1  -2   1  -3   1   0   1  -3  -2   1    7   4   6   6  10   5   7   3   3   7   6   0   4   0   8   4   8   0   0  11  0.10 0.14
   78 K     0   0   0   0   2   1   0   0   1   0  -1   0  -1   0   1   0   0  -3  -1   0    6   6   6   6   6   6   6   6   6   6   6   6   0   6   6   6   6   0   0   6  0.04 0.07
   79 S    -1   1   1  -1  -3   1   0  -1   1  -1  -1   1   0   0  -1   1   0   1   0  -1    5   6   9   3   0   6   6   3   4   3   6  11   2   4   2  10   6   2   4   5  0.04 0.10
   80 C     1  -1  -3  -4   4  -3  -3  -1  -3   1   2  -1   0   0   0  -1  -1   2   0   1   16   3   0   0  11   0   0   5   0   8  18   3   2   3   4   4   3   3   3   9  0.19 0.23
   81 G    -1  -3   0   0   1   0   0   3  -3  -1  -1  -1   2   0   2   0   0  -4  -3  -3    5   0   4   4   3   4   5  27   0   4   5   4   6   4  12   6   5   0   0   1  0.29 0.25
   82 K     0   0   0   0  -3   1   0   0   1   0  -1   0   1   0   1   0   0   3  -1   0    6   6   5   6   0   5   6   6   5   6   6   6   5   5   6   6   6   5   0   6  0.06 0.09
   83 D    -1  -1   0   3  -4   2   2   1   0  -2  -2   0   0  -2  -1   0   0  -4  -3  -2    4   3   4  22   0   9  11  10   2   2   5   5   4   2   3   6   4   0   0   3  0.22 0.22
   84 G     0   0   0   0   2   0   0   0  -1   0  -1   0  -1   0   1   0   0  -2   1   0    6   6   6   6   6   6   6   6   0   6   6   6   0   6   6   6   6   0   6   6  0.03 0.06
   85 F     0   0   0  -2  -2  -1  -2   0  -2   0   0   0  -1   1   1   0   0   4   1   0    7   7   7   0   0   0   0   7   0   7   7   7   0   7   7   7   7   7   7   7  0.09 0.11
   86 H    -2   1  -1  -4   1  -1  -1   1   6  -1  -2   0   1   0  -1  -1   0   2   2  -2    3   9   3   0   4   3   3  10  19   3   4   6   4   4   3   3   7   3   6   3  0.29 0.24
   87 I     0  -2  -2   0   2   1   0   0   2   0   0  -2   1   1  -3   0  -2   4   1   0    7   0   0   7   6   7   7   7   6   7   7   0   6   6   0   7   0   6   6   7  0.11 0.16
   88 R    -2   4   0  -3   1   0  -1  -1   1  -2  -2   1  -1  -1   2  -1  -1   1   0  -1    2  25   5   0   4   4   4   5   3   3   3  10   2   2  10   3   3   2   3   4  0.26 0.24
   89 V     0  -2  -2   0   3  -2  -2   0  -2   1   0  -2   2   1   1  -1   0  -2   1   0    8   0   0   8   8   0   0   8   0   8   8   0   8   8   8   1   8   0   8   8  0.10 0.12
   90 R    -1   5  -1  -3   2   0  -2  -2   2  -1  -1   0   0   0  -1  -1  -1   3   1  -1    4  33   3   0   4   4   2   2   5   4   4   5   2   4   3   3   3   5   5   4  0.37 0.32
   91 L     1   0  -3  -3   2  -2  -3  -3  -3   2   1   0   2   0   1   0   0  -3  -2   2   11   5   0   0   4   0   0   0   0  13  12   5   6   4   9   8   6   0   0  15  0.17 0.17
   92 H    -1  -1   0  -1  -4   0  -2  -2   6  -1  -2  -1  -2   1   0  -1  -1  -2   4  -1    4   3   3   4   0   4   0   3  22   4   4   4   0   6   6   5   4   0  17   4  0.38 0.30
   93 P    -1   1  -1  -2   3   1  -1   0   2   0   0  -1   2  -2   1   0   1  -3  -2  -1    1   9   0   0   8   9   1   9   9   9   9   0   9   0   9   9   9   0   0   1  0.12 0.13
   94 F    -2   0   0  -2  -3   1   0  -3   2   0   0   0   1   1  -3   0   0   4   1   0    0   6   6   0   0   6   6   0   6   6   6   6   6   6   0   6   6   6   6   6  0.08 0.16
   95 H    -2   0   0   0   0   1   0  -2   7  -1  -2  -2  -3   0   0   0   0  -3   1  -1    2   5   3   5   2   8   4   3  28   5   3   0   0   4   5   6   6   0   4   5  0.40 0.33
   96 V     0  -1  -2  -3  -2  -2  -1  -1  -3   1   0  -1   1   0   1   0   0   3   0   2    5   4   0   0   0   0   5   4   0  10  10   5   4   4   6   7   6   4   3  22  0.12 0.15
   97 I     0   0   0   0   2   1   0   0  -1   0   0  -1   1   1  -2   0   0  -2   1   0    6   6   6   6   6   6   6   6   0   6   6   0   6   6   0   6   6   0   6   6  0.04 0.09
   98 R     0   0   0   0   2   1   0   0   1   0  -1   0  -1   0   1   0   0  -3  -1   0    6   6   6   6   6   6   6   6   6   6   6   6   0   6   6   6   6   0   0   6  0.04 0.07
   99 I    -1   0   0   0  -3   0   0  -1   2   0  -1   0   1   0   0   0   0   3   1   0    5   5   5   5   0   5   5   5   5   5   5   5   5   5   5   5   5   5   5   5  0.06 0.08
  100 N    -3  -1   4   1   0   0   0   0   4  -1  -3   1  -3  -4   0  -1   0   3  -3  -2    0   3  25   7   2   4   6   6  10   4   3   7   0   0   4   4   6   5   0   3  0.38 0.35
  101 K     0   1   0  -1  -4   1  -1  -1   1  -4  -2   3   0  -3   1   1  -1   3   2  -2    6   8   3   3   0   5   3   6   4   0   3  20   3   0   6  11   4   4   6   3  0.23 0.25
  102 M    -1   0  -2   0   2   0   0  -1   2   0  -1   0   1   0   0   0   0   3   1   0    5   5   0   5   5   5   5   5   5   5   5   5   5   5   5   5   5   5   5   5  0.06 0.10
  103 L     0   0  -2  -2   2   0   0   0  -2   0   0   0   1   0   1   0   0   3  -1   0    6   6   0   0   6   6   6   6   0   6   6   6   6   6   6   6   6   6   0   6  0.04 0.13
  104 S    -1   0   0  -2   2   0   0  -1   2   0  -1   0   1   1   0   0   0   3   1   0    5   5   5   0   5   5   5   5   5   5   5   5   5   5   5   5   5   5   5   5  0.07 0.11
  105 C     0   0  -2  -2   2   0   0   0   1   0   0   0   1   0   1   0   0  -2   1   0    6   6   0   0   5   5   6   6   5   6   6   6   5   5   6   6   6   0   5   6  0.01 0.10
  106 A     2   0  -1   0   3   0  -1   0   1  -1   0  -1   2  -1  -1   0  -1   2  -1  -1   24   4   2   5   7   3   3   7   3   3   8   4   6   2   3   6   2   3   2   4  0.13 0.17
  107 G     0   0   0  -1   0  -1   0   2   0  -3  -1   0   2  -3   1   1   0  -4  -3  -1    5   5   5   3   2   2   6  18   2   0   5   4   7   0   8  15   4   0   0   5  0.15 0.20
  108 A     1   0   0   0   2   1   0  -1   1  -2  -1   0   1   0   0   0  -1   2  -2  -1   14   7   5   6   6   8   3   4   4   0   8   4   4   4   5   6   4   4   0   3  0.08 0.13
  109 D     0   0   1   0   2   1   0   0   2  -2  -1   0  -2  -3   1   0   0   3  -2  -1    6   6   6   6   6   6   6   6   6   0   6   6   0   0   6   6   6   6   0   6  0.07 0.14
  110 R     0   0   0   0   2   1  -2   0   2  -2  -1   0   1   0   1   0   0   3  -1  -1    6   6   6   6   6   6   0   6   6   0   6   6   6   6   6   6   6   6   0   6  0.08 0.14
  111 L     1   1   0   0   1   0  -1  -3   1   0   1  -1   1   0   0   0   0  -3   0   0   12  10   4   4   4   4   4   0   4   4  18   0   4   5   4   7   5   0   3   4  0.06 0.12
  112 Q     0   0   1   0  -3   1   0   0   2  -2  -2  -1   1   1   1   0   0  -2   1   0    7   7   7   7   0   7   7   7   6   0   1   0   6   6   7   7   7   0   6   7  0.09 0.13
  113 T    -1   1   0   0   2   1  -1   0   0  -1   0   0   1  -1  -3   0   1   3  -2  -1    4   9   3   5   5   6   3   8   3   4   8   4   6   3   0   8  11   4   0   4  0.06 0.13
  114 G     0   0   1   0   2   1  -1   0   2  -2  -1  -1   1  -2   1   0   0   4  -2   0    7   7   7   7   6   7   0   7   6   0   7   0   6   0   7   7   7   6   0   7  0.12 0.16
  115 M     0   0   0   0   2  -2  -2   0  -2   0   0  -2   1   1   1  -1   0   4   1   0    7   7   7   7   6   0   0   7   0   7   7   0   6   6   7   0   7   6   6   7  0.10 0.14
  116 R    -1   4   1   0   2   1   0  -2   1  -3  -2   1  -1   0   0   0  -1   3  -2  -3    6  25   6   4   5   6   6   3   3   0   3   7   2   5   5   7   3   5   0   0  0.27 0.25
  117 G     0   2  -1  -1   0   0   0   3   1  -3  -1   1  -1  -3   1   0  -1  -4  -3  -1    5  13   2   2   3   3   5  26   4   0   5   7   2   0   7   6   3   0   0   5  0.23 0.22
  118 A     3  -1  -1  -2   3  -2  -1  -1   0  -3  -1  -1  -3  -1   1   1   0  -4   0  -1   35   3   2   2   7   0   3   4   3   0   6   2   0   2   6  12   5   0   3   3  0.29 0.30
  119 F    -1   0  -2  -2   2  -1   0  -3  -2   0   0   0  -1   1   1   0   0   4   1   0    1   7   0   0   7   0   7   0   0   7   7   7   0   7   7   7   7   7   7   7  0.09 0.15
  120 G     0   1   1   1   2   1   0   0  -2   0  -2   0  -2  -3   1   0  -1   4  -2   0    7   7   7   7   7   7   7   7   0   7   1   7   0   0   7   7   0   7   0   7  0.13 0.14
  121 K     0   0   0  -2  -3   1   0  -3   2   0   0   0   1   1   1   0   0   4   1   0    6   6   6   0   0   6   6   0   6   6   6   6   6   6   6   6   6   6   6   6  0.10 0.14
  122 P     0   0   1   0   2   1  -1   0  -2   0   0  -1   1  -2   1   0   0  -3  -2   0    7   7   7   7   7   7   0   7   0   7   7   0   7   0   7   7   7   0   0   7  0.07 0.11
  123 Q    -1   0   0   0   2   0  -1  -1   2   0  -1   0   2   0   0  -1   0   3   1  -1    5   5   5   5   5   5   5   5   5   5   5   5   5   5   5   5   5   5   5   5  0.03 0.09
  124 G    -1  -1  -1  -1  -4   0  -1   4   1  -4  -1   0  -3  -1  -1   0  -1  -4   0  -1    5   3   3   4   0   5   4  37   3   0   6   5   0   3   3   7   4   0   3   4  0.37 0.30
  125 T     1   1  -1   0   1   1  -1  -1   1  -1  -1  -1   2  -3   1  -1   2   4   0  -1   10   8   3   5   3   6   4   3   3   3   6   3   5   0   6   3  16   5   3   4  0.14 0.19
  126 V     0   0   0  -2   2   0   0   0   2   0  -1   0   1   0   0   0   0   3  -2   0    6   6   5   0   5   5   6   6   5   6   6   6   5   5   6   6   6   5   0   6  0.07 0.12
  127 A     0   0  -1   0   2  -1   0   0   2   0  -1   0  -1  -2   1   0   0  -3  -2   0    7   7   0   7   7   0   7   7   7   7   7   7   0   0   7   7   7   0   0   7  0.07 0.09
  128 R     0   3  -1  -3   0   2  -1   0   1   0  -1   0   0  -1   0   0  -1   2   0  -2    7  21   3   0   3   9   3   8   3   5   5   4   3   3   5   6   3   3   3   3  0.18 0.21
  129 V     0   0   0  -2   2  -1   0   0   2   0  -1  -2   1  -2   1   0   0   3   1   0    6   6   6   0   6   0   6   6   6   6   6   0   6   0   6   6   6   6   6   6  0.05 0.16
  130 H    -1   0   0   0  -3   0   0  -1   2   0  -1   0   1   0   0   0   0   3   1   0    5   5   5   5   0   5   5   5   5   5   5   5   5   5   5   5   5   5   5   5  0.06 0.08
  131 I     0   0  -1  -1  -3  -1   0  -2   1   3   0   0   0  -1   1   0   0   1   0   1    6   6   3   3   0   2   5   2   4  20   6   7   2   3   7   6   4   2   2   7  0.09 0.13
  132 G     0   0   1   0   2   1   0   0   2  -2  -1   0  -2  -2   1   0  -2   4   1  -1    6   6   6   6   6   6   6   6   6   0   6   6   0   0   6   6   0   6   6   6  0.11 0.14
  133 Q     0   0   1   0  -3   1   0   0   2  -2  -1   0   1  -2   1   0   0   4  -2  -1    6   6   6   6   0   6   6   6   6   0   6   6   6   0   6   6   6   6   0   6  0.11 0.13
  134 V     0   0   0   0   2   0   0   0   1   0  -1   0   1   0   1   0   0  -3  -1   0    6   6   5   6   5   5   6   6   5   6   6   6   5   5   6   6   6   0   0   6  0.03 0.07
  135 I     0   0  -2   0  -3   1   0  -3   2   0   0   0   1   1   1   0   0   4  -1   0    6   6   0   6   0   6   6   0   6   6   6   6   6   6   6   6   6   6   0   6  0.09 0.13
  136 M    -1   0   0  -2   2   0   0  -1   2   0  -1   0   1   1   0   0   0   3   1   0    5   5   5   0   5   5   5   5   5   5   5   5   5   5   5   5   5   5   5   5  0.07 0.11
  137 S     0   0   0   0  -2   1   0   0   1   0  -1   0   1   0   1   0   0  -2   1   0    6   6   5   6   0   5   6   6   5   6   6   6   5   5   6   6   6   0   5   6  0.03 0.06
  138 I    -2  -5  -2  -2   0  -4  -3  -1   1   4   1  -4   0   0   0  -2  -2  -5  -1   3    3   0   2   2   2   0   2   4   4  28  11   0   2   4   4   2   2   0   2  24  0.49 0.35
  139 R    -2   5  -1  -1   4  -1  -2  -2   4  -4  -2  -1   0   1   0  -1  -2   3   1  -3    3  28   3   4   8   2   2   4   8   0   3   4   2   6   5   5   2   3   4   2  0.45 0.36
  140 T    -1  -1   0  -2   3  -1  -3  -2   0   0  -1  -2   0  -1  -2   0   3   0  -1   3    6   4   5   2   7   2   0   3   3   4   5   2   2   3   2   5  23   2   2  19  0.28 0.28
  141 K     0   0   0   0  -2   1   0   0   1   0  -1   0   1   0   1   0   0  -2   1   0    6   6   5   6   0   5   6   6   5   6   6   6   5   5   6   6   6   0   5   6  0.03 0.06
  142 L     0   0   0   2  -3   0   1  -1   1  -2  -1   2   0   0   0   0  -1   3   0  -1    7   5   3  12   0   4  10   4   4   0   7  13   3   5   4   4   4   4   3   4  0.11 0.15
  143 Q     1  -1   3   0  -1   3   1  -2   0  -2  -4   1   1  -1  -1   0  -2   3  -6  -1   11   4  11   5   2  12  10   4   2   2   2   8   3   3   3   8   3   3   0   5  0.26 0.24
  144 N    -3  -1   5   1   1  -2  -3  -2   5  -2  -4   1  -1   2  -2  -3  -3   1   0  -2    3   4  26   8   3   2   2   4  11   3   2  10   2   8   2   3   2   2   3   3  0.65 0.41
  145 K     0   0   1  -1  -4   0   0   0   1   0   0   2   0   0  -1   0  -1  -4   1   0    9   4   6   3   0   3   8   7   3   4   8  11   3   4   3   7   3   0   5   7  0.06 0.07
  146 E     1   0   0   0   1   0   1  -2   2  -1  -2   1   0  -1   2  -1   0   3   0  -2   10   4   5   5   3   4  10   3   5   4   3  10   3   3   9   4   5   3   3   4  0.14 0.14
  147 H     1  -1   0  -1   0   0   0  -4   6   1  -1  -1  -3   0  -1  -1   0  -4   0   1   10   2   3   3   2   4   6   0  20   9   7   4   0   4   2   4   5   0   2   8  0.28 0.29
  148 V     3  -3  -3  -3   3  -2  -1   0   1   1  -1  -3   1  -3   0   0   0  -4  -3   3   26   0   0   0   6   0   5   5   4   6   5   0   5   0   4   5   5   0   0  22  0.26 0.24
  149 I     0   0  -2   0   1   1   0  -3   1   2  -1   1   1   0  -2   0   0  -3   0   1    5   5   0   5   3   9   5   1   3  14   4  13   4   3   0   5   5   0   3  11  0.09 0.13
  150 E    -1   1   0   0  -3   0   3   0  -2  -1  -1   1   0   0   0   0   0  -3   0  -1    3   8   3   4   0   2  25   6   0   3   5  10   3   5   5   7   5   0   3   4  0.17 0.19
  151 A     3  -1   0  -1   1   1  -2   1   1  -1  -1  -1  -2  -1   1   0  -1  -3  -2  -1   30   3   3   4   3   9   0   8   4   3   5   3   0   3   5   4   3   0   0   3  0.15 0.23
  152 L     0  -2   0  -2   2   1   0  -3   2   0   0  -2   2   1   1   0  -2   4   2   0    7   0   7   0   6   7   7   0   6   7   7   0   6   6   7   7   0   6   6   7  0.14 0.18
  153 R    -1   5   0   1   1  -1  -2  -3   3  -2  -3   1   0   0  -1  -1  -2   2  -1  -3    5  26   4   7   3   3   3   3   6   3   3   8   2   4   4   4   3   2   3   3  0.42 0.29
  154 R     0   0   0  -2   2   1   0  -1   2   0  -1   0   1  -2   0   0   0   3   1   0    6   6   5   0   5   5   6   6   5   6   6   6   5   0   6   6   6   5   5   6  0.08 0.13
  155 A     5  -1  -1  -2   1  -4  -2   1  -4  -1  -2  -4   0  -1  -4   0  -1  -5  -1   1   43   3   3   2   3   0   3   9   0   4   3   0   2   2   0   7   4   0   3   8  0.49 0.40
  156 K    -1   0   0   0   2   0   0  -1   2   0  -1   0   1  -2   0   0   0   3   1   0    5   5   5   5   5   5   5   5   5   5   5   5   5   0   5   5   5   5   5   5  0.07 0.11
  157 F    -1  -1  -1  -1   1   0  -2   0   0   1   0  -1   0   3   0   0   0  -2   1   1    3   3   3   4   3   4   1   7   3   8   7   3   3  18   5   6   6   0   4  10  0.09 0.10
  158 K     0   2   1  -3   3   2   0  -4  -3  -5  -5   6  -4  -5  -4   0   0  -5  -4  -4    7   9   6   0   6   7   6   1   0   0   1  44   0   0   0   7   5   0   0   0  0.84 0.43
  159 F     0  -3  -3  -3  -3  -3  -3  -1   1   0   2  -3   2   4   0   0  -2  -2   1   0    6   0   0   0   0   0   0   5   4   5  23   0   6  26   5   7   0   0   4   8  0.31 0.22
  160 P     0   1   1  -1   3  -1   0   0   2  -2  -1   1  -2  -3   1   1   1  -3  -2  -2    8   8   8   0   8   0   8   8   8   0   8   8   0   0   8   8   8   0   0   0  0.14 0.12
  161 G     0   0   0   0   2   0  -2   0   2   0  -1   0   1   0   0   0   0   3  -2   0    6   6   5   6   5   5   0   6   5   6   6   6   5   5   6   6   6   5   0   6  0.06 0.12
  162 R    -1   3   0  -1   3   0  -1  -1   3  -2  -2   1  -3  -2   3   0   0   1   0  -2    4  17   3   3   6   3   3   5   7   2   3   8   0   2  14   6   5   2   3   2  0.28 0.27
  163 Q    -1   0   0  -2   2   0   0  -1   2   0  -1   0   1   1   0   0   0   3   1   0    5   5   5   0   5   5   5   5   5   5   5   5   5   5   5   5   5   5   5   5  0.07 0.11
  164 K    -1   0   0   0  -3   0   0  -1   2   0  -1   0   1   0   0   0   0   3   1   0    5   5   5   5   0   5   5   5   5   5   5   5   5   5   5   5   5   5   5   5  0.06 0.08
  165 I    -1  -1   0  -1   2  -4  -1  -5  -4   5   0   0   1   0  -4  -1  -1  -4   1   1    4   4   6   4   4   0   4   0   0  33   6   6   4   3   0   4   4   0   5   8  0.41 0.30
  166 H    -1   0  -1   0   2   0   0  -4   5   0   0  -1   0  -1  -1  -1  -1  -4   0   1    3   4   2   4   5   4   5   0  19   6  10   4   2   2   3   5   3   0   2  13  0.22 0.24
  167 I     0   0   0  -2   2   1   0   0   2   0   0   0   1   0   1   0   0  -3  -1   0    6   6   6   0   6   6   6   6   6   6   6   6   6   6   6   6   6   0   0   6  0.04 0.09
  168 S     0   0   0   0  -3   1   0   0  -1   0  -1   0  -1   1   1   0   0   3   1   0    6   6   6   6   0   6   6   6   0   6   6   6   0   6   6   6   6   6   6   6  0.06 0.08
  169 K     0   0   0   0   2   0   0  -1   1   0  -1   0   1   0   0   0   0  -2   1   0    5   5   5   5   5   5   5   5   5   5   5   5   5   5   5   5   5   0   5   5  0.03 0.05
  170 K    -1   1   2  -1  -5   0   0  -1   2   0  -1   4   1  -4  -4  -3  -1  -5   0   0    4   8   9   4   0   3   4   4   4   5   5  31   4   0   0   0   4   0   3   7  0.39 0.32
  171 W    -4  -2  -1  -5   0  -1   0  -2   2  -2  -1  -1   1   0  -5  -2  -4  10   0  -1    0   2   4   0   2   3   6   4   5   3   6   5   4   3   0   3   0  42   3   6  1.42 0.70
  172 G     0   0  -1   0   2   1   0   0   2   0  -2   0  -2  -2   1   0   0  -3   1   0    7   7   0   7   6   7   7   7   6   7   1   7   0   0   7   7   7   0   6   7  0.09 0.12
  173 F     0  -2  -2  -2   2   0  -2   0  -2   0   0   0   1   1   1   0   0  -2   1   0    7   0   0   0   7   7   0   7   0   7   7   7   7   7   7   7   7   0   7   7  0.07 0.12
  174 T     1   0   0   0   1  -2  -2  -2   1   0  -1   0   0   1   0   1   2  -3   0  -1   11   4   4   7   3   0   0   0   3   6   5   6   3   8   5  10  16   0   3   4  0.08 0.14
  175 K    -2   0   0  -1   2   1   0  -1   2  -1  -1   4  -2  -1   0   0  -1  -3   0  -3    2   3   3   2   4   7   5   4   5   4   5  34   0   2   5   5   2   0   3   1  0.28 0.28
  176 F    -2  -4  -1  -4   0  -1  -4  -4  -3   1   1  -4   1   5  -2  -2   0   4   1   1    3   0   3   0   2   3   0   0   0   6  14   0   3  30   2   3   6   6   5  12  0.51 0.33
  177 N    -1   2   5   1  -4  -1   0  -2  -1  -2  -3   1  -3  -2  -1   1   1  -4  -2  -3    5  10  31   6   0   2   5   2   1   2   2   8   0   2   3  10   7   0   2   1  0.41 0.33
  178 A     2   4  -1  -3  -1   0   0  -1  -1  -3  -2   1  -1  -4  -1   0  -1  -4  -2   0   21  28   2   0   1   3   5   3   1   0   2   9   1   0   3   6   2   0   1   8  0.35 0.31
  179 D     1   0   1   4   0   0   2   0   0  -1  -3  -1  -3  -4  -1  -1   0  -4  -1  -2   11   5   5  27   2   3  13   7   2   4   2   3   0   0   2   3   6   0   3   2  0.30 0.25
  180 E    -2  -1   0   4  -5   0   5  -1   0  -2  -4   1  -4  -5   0  -2  -2  -5  -4  -3    3   2   4  22   0   4  37   5   2   3   1   8   0   0   4   0   2   0   0   2  0.67 0.42
  181 F    -1  -4  -4  -5  -1  -4  -4  -2   0  -2  -1  -4  -1   6   0  -1  -1  -2   6  -2    5   0   0   0   1   0   0   3   2   1   4   0   1  34   4   4   4   0  32   2  1.01 0.52
  182 E    -1  -1  -2  -1  -4   1   4  -2  -1  -1   0   0   0  -4   0   0   0  -4  -3   0    4   3   1   2   0   4  38   2   1   4  10   4   3   0   5   6   5   0   0   8  0.36 0.31
  183 D    -2   1   2   4  -4   1   1   0  -2  -3  -3   3  -2  -3  -2  -1  -2  -4  -3  -2    1   8  12  24   0   7   8   6   0   1   2  20   1   1   1   3   1   0   1   3  0.45 0.32
  184 M    -2   0  -4  -3  -4  -3  -3  -3  -1   0   2   0   7  -1  -3  -2  -1   4   3   0    3   5   0   1   0   0   1   2   1   3  21   5  29   1   1   2   3   6   9   6  0.61 0.41
  185 V     0   4  -1  -4  -2  -1  -2  -3  -3  -1  -1   3   0  -2  -4  -3  -1   1  -3   3    7  22   3   0   1   2   1   1   0   2   6  18   3   1   0   0   2   2   0  28  0.41 0.35
  186 A     4   0  -2   0  -3   2   0  -1  -3  -3  -2   0  -3  -4  -2   1   0  -4  -4  -2   44   4   1   5   0   8   6   3   0   1   3   6   0   0   1  10   5   0   0   1  0.45 0.36
  187 E    -1   0   0   1  -1   1   6   0   0  -5  -3   0  -2  -5  -4  -1  -2  -5  -4  -4    6   4   3   8   1   4  53   6   2   0   3   4   1   0   0   4   2   0   0   0  0.80 0.50
  188 K    -2  -1   2  -2  -5   0  -1   4  -3  -5  -5   5  -2  -5  -4  -2  -1  -5  -5  -2    2   1   8   2   0   3   2  28   0   0   0  43   1   0   0   1   3   0   0   3  0.83 0.51
  189 R    -4   6  -3  -3   1   3  -1  -4   1  -5  -1   2  -1  -3  -1  -2  -3   4   0  -4    0  44   1   1   3  12   3   1   3   0   7   9   1   1   3   3   1   6   3   1  0.81 0.50
  190 L    -3  -3  -5  -5  -4  -2  -5  -5  -3   3   5  -2   0   1  -2  -3  -3  -4  -3   2    1   1   0   0   0   2   0   0   1  20  53   3   1   5   2   1   0   0   0  10  0.81 0.45
  191 I    -2  -1  -3  -4  -2   0  -3  -4  -3   5   0   0   0  -2  -4  -3  -1  -5  -3   3    2   4   1   0   1   6   1   1   0  43   8   7   2   1   0   2   3   0   0  19  0.62 0.39
  192 P    -1  -2   0  -4  -5   1  -2  -2  -1  -3  -2  -2  -4  -5   7   1  -2  -3  -1  -2    4   2   4   0   0   6   2   3   1   1   5   1   0   0  52   9   2   0   2   3  1.09 0.55
  193 D    -4  -2   0   8  -2  -3  -1  -2  -2  -6  -4  -2  -3  -4  -5  -3  -2  -7  -3  -3    1   3   3  76   1   0   1   3   1   0   1   2   1   1   0   1   2   0   1   3  1.68 0.76
  194 G    -2  -5  -2  -1  -3  -5  -5   7  -5  -7  -7  -5  -6  -6  -5  -1  -5   0  -6  -5    1   0   1   4   1   0   0  86   0   0   0   0   0   0   0   4   0   2   0   1  1.97 0.79
  195 C     1  -5  -1  -4   8  -4  -5  -3  -3  -1  -2  -4  -3  -2  -2   0  -1  -4   1   3   13   0   3   1  37   0   0   2   0   2   3   0   0   1   2   6   3   0   5  22  0.98 0.51
  196 G    -2   0   4  -3  -2  -3  -3   5   3  -3  -5  -3  -2  -3  -4  -1  -1  -1   3  -4    1   5  19   0   1   0   1  42   9   1   0   0   1   1   0   3   4   1  11   1  0.82 0.47
  197 V     2  -5  -5  -4   1  -4  -3  -2  -5   2  -1  -4   0  -2  -4  -2  -1  -5  -4   6   15   0   0   1   3   0   1   3   0   7   2   0   1   1   1   2   2   0   0  60  0.88 0.51
  198 K    -2   0  -1  -3  -6   3  -1  -4  -1  -5  -5   7  -2  -6  -3  -2  -2  -6  -3  -5    3   3   2   1   0  14   2   0   1   0   1  67   1   0   1   2   2   0   1   0  1.30 0.66
  199 Y    -4  -2  -2  -5   0  -4  -4  -2   3  -2   0  -3  -2   4  -5  -3  -2   4   7  -1    0   2   2   0   2   0   0   3   7   2   9   1   1  16   0   1   2   4  41   5  0.99 0.50
  200 I    -3  -2  -3  -3  -2  -3  -4  -4  -3   5   2  -2   2   2  -4  -2  -2  -4  -1   2    1   2   1   1   0   1   0   1   0  41  20   3   4   8   0   2   2   0   1  11  0.61 0.36
  201 P    -2   2   1  -3  -5  -3  -2   0  -2  -4  -3  -1  -4  -4   6   1  -1  -5  -1  -3    2  10   7   0   0   0   1   8   1   1   2   3   0   1  46  11   3   0   2   1  0.98 0.49
  202 N    -3  -1   6   1   4  -1   1  -1   0  -4  -5  -2  -4  -5   1   1  -2  -1  -2  -4    0   3  39   7  10   2   9   4   1   1   0   1   0   0   7  11   1   1   1   0  0.70 0.43
  203 R    -3   4  -2  -3   4  -1  -3  -3   8  -3  -5   2  -3  -5  -4  -3  -3  -5  -1  -4    1  26   1   1   8   1   0   1  40   1   0  14   0   0   1   1   1   0   1   1  1.33 0.62
  204 G    -1  -3   0  -3  -3  -3  -5   7  -5  -6  -6  -4  -5  -6  -5  -1  -4  -2  -6  -3    3   1   3   1   1   1   0  82   0   0   0   0   0   0   0   3   0   1   0   2  1.75 0.70
  205 P    -3  -1  -3  -3  -4  -4  -3  -5  -3  -4  -3  -1  -5  -3   8   1  -2  -6  -3  -4    1   3   1   1   0   0   1   0   1   1   3   4   0   1  67  12   2   0   1   1  1.70 0.70
  206 L    -4  -1  -5  -6  -4  -4  -5  -3  -5   1   6  -5   1  -1  -2  -4  -2  -4  -4   0    0   3   0   0   0   0   0   2   0   6  76   0   2   2   2   1   2   0   0   4  1.11 0.54
  207 D     1  -2   1   5  -2   0   2  -2  -1  -4  -4   0  -4  -4  -1   1  -1   0  -3  -3   12   1   5  35   1   2  15   2   1   0   1   7   0   0   2  10   4   2   1   1  0.55 0.33
  208 K    -1   2   3  -1  -5   1   0  -3  -1  -5  -4   5  -3  -5  -1  -1  -2  -5  -4  -4    4   9  13   2   0   6   6   0   1   0   1  50   0   0   2   3   2   0   0   1  0.78 0.44
  209 W    -6   3  -6  -7  -6  -4  -5  -4  -5  -6  -3  -4  -5   1  -7  -5  -3  11   3  -6    0  20   0   0   0   0   0   1   0   0   2   0   0   4   0   0   1  63   9   0  2.77 0.88
  210 R    -3   4  -1  -3   0   5   1  -3  -1  -5  -3   3  -3  -3  -2  -2  -3   2  -1  -4    0  28   2   0   2  28   7   1   1   0   1  22   0   1   1   1   0   4   2   0  0.77 0.39
  211 A     5  -1  -3  -2  -2  -2  -2  -2  -3   0  -2   1  -2  -4  -1   1   1   0  -3  -1   60   2   0   1   0   0   0   1   0   5   3   9   0   0   3   6   7   2   0   2  0.54 0.32
  212 L    -3   0  -4  -4  -3  -3  -2  -5  -4   1   5  -3   2   1  -1  -3  -2  -3  -2   0    0   6   0   0   0   0   3   0   0   4  71   0   3   5   3   0   2   0   0   4  0.69 0.30
  213 H    -3  -1  -1  -3  -2   4   0  -4   9  -4  -2  -2  -3  -3  -4  -2  -3  -4   2  -4    0   1   2   0   1  20   3   0  61   0   4   0   0   0   0   1   0   0   6   0  1.40 0.44
  214 S     3  -2  -1  -2  -2  -2  -2  -2  -2  -3  -4  -2  -3  -4  -2   5   1  -4  -3  -3   24   0   0   0   0   0   0   0   0   0   0   0   0   0   0  70   7   0   0   0  0.84 0.33

                      K         Lambda
Standard Ungapped    0.1403     0.3255
Standard Gapped      0.0324     0.2670
PSI Ungapped         0.1060     0.3174
PSI Gapped           0.0324     0.2670
