
Last position-specific scoring matrix computed, weighted observed percentages rounded down, information per position, and relative weight of gapless real matches to pseudocounts
            A   R   N   D   C   Q   E   G   H   I   L   K   M   F   P   S   T   W   Y   V   A   R   N   D   C   Q   E   G   H   I   L   K   M   F   P   S   T   W   Y   V
    1 M    -1  -1  -2  -3  -2   0  -2  -3  -2   1   2  -1   6   0  -3  -2  -1  -2  -1   1    0   0   0   0   0   0   0   0   0   0   0   0 100   0   0   0   0   0   0   0  0.35 0.01
    2 A     4  -2  -2  -2   0  -1  -1   0  -2  -1  -2  -1  -1  -2  -1   1   0  -3  -2   0  100   0   0   0   0   0   0   0   0   0   0   0   0   0   0   0   0   0   0   0  0.41 0.00
    3 A     4  -2  -2  -2  -1  -1  -1   0  -2  -2  -2  -1  -1  -2  -1   1   0  -3  -2   0  100   0   0   0   0   0   0   0   0   0   0   0   0   0   0   0   0   0   0   0  0.47 0.04
    4 G     0  -1   0  -1  -2   2  -1   5  -2  -3  -3  -1  -2  -3  -2   0   1  -3  -3  -2    0   0   0   0   0  19   0  62   0   0   0   0   0   0   0   0  19   0   0   0  0.59 0.04
    5 D    -2  -2   0   6  -4   0   3  -2  -2  -4  -4  -1  -4  -4  -2  -1  -2  -5  -4  -4    0   0   0  84   0   0  16   0   0   0   0   0   0   0   0   0   0   0   0   0  1.16 0.15
    6 G     0   0   1  -1  -3   1   0   4   2  -4  -4  -1  -3  -3  -2   0   0  -3  -2  -3    6   5   7   0   0   6   9  52   8   0   0   0   0   0   0   0   8   0   0   0  0.52 0.10
    7 D    -2  -1   2   4  -4   1   3  -2  -1  -4  -4  -1  -3  -4   3   0  -1  -4  -3  -3    0   0  12  40   0   7  22   0   0   0   0   0   0   0  14   6   0   0   0   0  0.67 0.12
    8 V     0   1  -3  -3   2  -2  -1  -3  -2   1   0  -2   0  -1  -3  -2  -1  -3   1   4    6  12   0   0   6   0   6   0   0   0   7   0   0   0   0   0   0   0   7  56  0.29 0.13
    9 K    -2  -1   1  -2  -4  -1  -1  -1  -2  -1  -3   3   1  -4   5   0  -2  -4  -3  -2    0   0   9   0   0   0   0   5   0   6   0  33   6   0  37   4   0   0   0   0  0.71 0.18
   10 L    -1  -2  -2  -2   3   0  -1  -3  -3   0   1  -2  -1  -2   3   1   2  -3  -2   1    0   0   0   0  11   5   5   0   0   5  16   0   0   0  18  10  20   0   0   9  0.30 0.11
   11 S     2   1  -2  -2  -3  -1   1   2  -2  -2  -2  -1  -2  -3   4   0   0  -4  -3  -1   20   9   0   0   0   0  13  20   0   0   4   0   0   0  20   6   4   0   0   4  0.37 0.13
   12 T     0  -2  -2  -2  -2  -2  -2  -3   3  -1  -1   0   1  -3  -3   1   5  -4  -2   0    8   0   0   0   0   0   0   0   9   3   4   7   4   0   0  11  47   0   0   7  0.46 0.23
   13 L     0  -1   0  -1  -3   0  -1  -3  -2   1   0   0  -1  -3   4   1   0   1  -3  -1    5   3   4   3   0   3   3   0   0  10  14   6   0   0  24  14   7   3   0   3  0.29 0.13
   14 G     1  -1  -1  -1  -2   0  -1   1  -3  -2  -3   0  -2  -1  -2   2   3  -4  -3  -1   16   2   0   3   0   3   2  13   0   0   0   5   0   3   0  16  30   0   0   5  0.31 0.19
   15 S     1   1   1  -2   1   1  -1  -2  -2  -3  -1   0  -2  -3   0   3   0  -4  -3  -1   10   7   8   0   4   8   2   0   0   0   6   5   0   0   4  37   5   0   0   4  0.30 0.19
   16 G     0  -1  -2   0  -4  -3  -3   4  -3  -4  -4  -1   0  -5   4   2  -2  -5  -4  -2    6   4   0   5   0   0   0  36   0   0   0   2   3   0  20  22   0   0   0   2  0.69 0.29
   17 G     0   0  -1  -3  -3  -1   0   0  -3  -3  -3   0   4  -4   3   3   1  -4  -4  -3    8   5   2   0   0   2   6   8   0   0   0   5  16   0  14  24  10   0   0   0  0.41 0.30
   18 E     2  -1   0  -1  -3  -1   3  -1  -2  -2  -4   0  -3  -4   3   1   0  -4   0  -2   20   1   3   2   0   2  21   3   0   2   0   6   0   0  14  14   5   0   4   3  0.35 0.25
   19 S     1   0   1   2  -3   0   0  -3   0  -3  -3   0   0  -4  -2   3   1  -4  -1  -1   12   5   7  11   0   3   6   0   2   0   2   4   3   0   1  30   8   0   2   5  0.29 0.23
   20 G     1  -1   0   2  -3   0   0   1  -2  -3  -3   0  -1  -4   1   2   2  -4  -3   0   11   3   4  13   0   3   4  11   0   0   0   7   2   0   7  16  12   0   0   6  0.24 0.19
   21 G     3  -2   0  -1  -3  -2  -1   2   0  -4  -2  -1  -1  -4  -1   3   0   2  -3  -2   26   2   4   3   0   0   3  15   2   0   4   4   2   0   2  24   5   3   0   1  0.35 0.27
   22 D    -1   2   0   5  -5   1   2  -1   1  -3  -3  -1  -1  -5  -2   0  -2  -5  -4  -3    4  10   4  38   0   6  12   4   4   2   2   3   1   0   1   6   1   0   0   1  0.60 0.33
   23 G     1   1  -1   1  -3   0   0   2  -1  -3  -3   0  -2  -1   0   2   0  -4  -2  -1   13   8   2   7   0   3   6  15   2   0   2   3   0   3   5  22   3   0   1   6  0.20 0.17
   24 S     1   1  -1  -1  -1  -2   0  -2  -1   1  -1   0  -2  -3   1   3   1  -4  -3   0    9   9   1   3   1   0   7   2   1  11   5   3   0   0   7  27   7   0   0   7  0.20 0.20
   25 P    -1  -3   0   0  -5   1  -1  -4  -1  -5  -5  -1  -4  -5   6   2   2  -5  -5  -4    5   1   5   4   0   5   4   0   2   0   0   4   0   0  44  14  11   0   0   0  1.04 0.47
   26 G     1   0  -1  -1  -4   1   3   3   0  -2  -3   1  -2  -4  -1   0   0  -4  -3  -3   10   4   2   3   0   7  20  21   2   2   1   9   1   0   3   6   7   0   0   0  0.33 0.23
   27 G     0   1  -1   1  -3   2   1  -1  -2   0  -2  -1  -1  -2   1   2   1  -4  -2   0    9   7   1   9   0   9   8   3   0   5   2   1   1   2   7  16  10   0   1   8  0.16 0.17
   28 A     3  -1  -2  -1  -3  -2   1  -1  -3  -1  -2  -1  -3  -4   3   0   2  -5  -4   1   25   3   1   2   0   0  12   3   0   3   2   4   0   0  14   6  14   0   0  11  0.35 0.27
   29 G     1  -1   2   3  -2   0   1   1  -2  -3  -2   0  -1  -4  -2   1   0  -4  -2  -1   10   3  10  17   1   4   8  12   0   1   3   7   2   0   2  12   5   0   1   4  0.23 0.18
   30 A     3  -2  -2  -2  -3   1   0   0  -2  -3  -1  -1  -1  -2   1   1   1  -4  -2  -1   30   2   1   2   0   6   5   6   1   1   6   3   2   1   8  11  11   0   1   4  0.27 0.24
   31 T     1  -1  -1  -1  -3   1  -1  -2  -3   0   0   0  -1  -1   0   2   3  -4  -3   1   10   3   2   4   0   7   3   2   0   6   8   5   1   2   4  14  19   0   0  10  0.16 0.18
   32 A     2  -2  -2   0  -3   2   1   1  -3  -2  -2  -1  -3  -4   1   1   0  -4  -2   0   23   2   0   6   0   9  10   9   0   2   2   3   0   0   8  12   5   0   1   7  0.25 0.22
   33 A     2  -1  -3  -1  -1   1   2   1  -2  -2  -1   0  -3  -1   2   0   0  -4  -3  -2   23   2   0   3   1   5  15  10   0   2   8   4   0   3   9   5   6   0   0   1  0.22 0.21
   34 R     0   2  -2  -1  -1   3   0  -2   1  -1  -2   0   0  -1   0   1   0   0   1  -1    7  11   0   3   1  14   6   2   4   4   3   5   3   2   4  12   6   1   7   5  0.14 0.16
   35 S     0   0   1   1  -1   0   1   1  -2  -1  -1   0   1  -1   1   1   2  -4  -2  -1    6   4   6   7   1   5   9  10   0   3   4   4   6   2   5  11  13   0   1   3  0.12 0.13
   36 S     0  -1   0  -2  -4   1   1   1  -3  -2  -2  -1   1  -1   1   2   2  -3  -3  -1    7   3   4   1   0   5   8  13   0   2   2   3   4   2   8  20  12   0   1   4  0.23 0.22
   37 W    -1  -2  -3  -2  -4  -2  -2  -3  -4   0   2  -1  -1   3   1  -1  -1   8   0   0    5   3   1   2   0   2   3   2   0   4  18   4   1  11   6   4   4  20   3   8  0.54 0.32
   38 V     0  -1  -1  -1  -1  -1  -1  -2  -1   1   1   1   2   0  -1   0   0  -3   0   1    8   2   2   3   1   2   2   3   1   8  18  11   6   5   3   7   7   0   4   8  0.06 0.09
   39 A     0  -2  -2   1  -4   1   2  -1  -1  -1  -1  -1  -1  -3   2   1   0   1   0  -1    8   1   1   8   0   6  16   4   1   3   8   2   1   0  11  11   5   2   4   5  0.19 0.19
   40 A     2   0   0   1  -3   0  -1   0  -2  -2  -1  -2  -2  -1  -1   3   1  -3  -2   0   16   5   5   7   0   3   4   7   1   2   5   1   0   2   2  23   9   0   1   8  0.20 0.21
   41 L     0  -3  -3  -2  -1  -2  -3  -4  -4   4   3  -2   0   2  -4  -2  -1  -4  -2   1    9   1   1   2   2   2   1   1   0  22  28   2   2   9   1   3   4   0   1  10  0.42 0.26
   42 L    -1  -1  -2  -3  -2  -1  -2  -2  -1   1   3  -2   3   3  -3  -2   0   0   0   1    4   3   1   1   0   3   2   2   1   9  28   2   9  11   1   3   5   1   2   9  0.28 0.20
   43 A     2   0   1  -1  -3   1  -1  -1   0  -1  -1  -1   0  -1  -2   1   1  -2   1   0   21   7   6   4   0   6   4   4   2   3   4   2   3   2   1  13   7   0   5   7  0.13 0.16
   44 T    -1  -2  -1   0  -2   0   1  -2  -2   0   0  -1   0   0  -1   1   2  -3   2   0    5   1   3   6   1   4  10   3   0   7   8   3   2   3   2  10  17   0   7   7  0.12 0.15
   45 G     1  -4  -2  -3  -1  -3  -3   1  -2   3   1  -4  -1   1  -3   0   1   3  -2   1   10   0   1   1   2   1   1  14   1  18  16   0   1   6   1   6  10   4   1   7  0.26 0.21
   46 G     0  -3  -2  -3  -1  -1  -2   2  -2   1   1  -1   0   3  -1  -1  -1   3  -2   0    9   1   1   0   1   3   2  19   1   8  15   5   2  12   3   5   4   4   1   6  0.19 0.17
   47 E     0  -1  -1   0   0   0   0   0  -1  -1   0   0   0   0  -1   1   1   1   0   0    7   2   2   4   2   3   8   7   1   3  12   7   1   4   2  14  10   2   4   6  0.04 0.08
   48 M    -1  -4   0  -3  -3  -2  -3  -3  -2   0   1  -1   3   1   0   2   2   3  -1   1    3   0   5   1   0   1   1   1   1   6  13   3   7   7   5  18  15   4   1   9  0.28 0.25
   49 L    -2  -3  -6  -6  -5  -5  -3  -4  -4   0   2  -4   2   1   5  -2  -1   2  -1   0    2   1   0   0   0   0   2   1   0   6  22   1   6   5  34   3   4   3   2   7  0.82 0.47
   50 L    -1  -5  -5  -4  -4  -3  -3  -4  -5   3   4  -3   1   2  -4   0   0  -5  -1   2    4   0   0   1   0   1   1   1   0  15  36   1   3   7   0   7   6   0   2  13  0.59 0.35
   51 N     0  -4   6  -1  -4  -1  -3  -1   0   1  -2  -2  -2   0  -3   0   0  -1  -1   0    7   1  37   2   0   3   1   5   2   7   4   2   1   4   2   7   6   1   2   6  0.57 0.38
   52 V     0  -5  -5  -4   1  -4  -4  -2  -4   3   2  -4   0   3  -4  -3  -1   4   0   3    8   0   0   1   3   1   1   3   0  14  18   1   2  14   1   1   5   6   3  19  0.51 0.30
   53 A     2  -5  -4  -4   0  -3  -4  -2  -3   2   1  -4  -1   2  -3   0   2   0  -1   2   19   0   1   0   2   1   0   3   0  13  11   1   1  10   1   6  12   1   2  15  0.36 0.27
   54 L    -2  -4  -2  -3  -2  -4  -6  -4  -6   1   5  -5   0   1  -3  -3   0  -1  -4   2    3   1   2   2   1   1   0   1   0   7  51   0   1   5   1   2   6   1   0  13  0.80 0.44
   55 V     0  -4  -4  -4  -1  -5  -5  -2  -5   3   3  -4   0   1  -4  -1   1   1  -4   3    7   0   1   1   1   0   0   4   0  16  26   1   2   6   1   4   8   2   0  18  0.48 0.31
   56 A     2  -3  -1  -4   2  -3  -4   1  -4   1   1  -3  -1   1  -2   1   0  -2  -2   2   20   1   3   0   5   1   0  11   0   9  11   1   1   6   2  10   5   1   1  12  0.25 0.22
   57 L     1  -4  -4  -5   1  -4  -5  -3  -2   3   3  -3  -2   2  -4  -2  -2  -5   0   2   13   1   1   0   3   0   0   2   1  16  30   2   0   8   1   3   2   0   3  15  0.53 0.32
   58 V     1  -4  -4  -6   3  -5  -5  -3  -5   3   2  -5   0   2  -4  -1   0  -2  -2   3   12   1   1   0   6   0   0   2   0  18  18   0   2  10   0   6   6   1   1  17  0.52 0.31
   59 L     2  -5  -5  -6   1  -5  -5  -1  -5   3   3  -5   2   1  -4  -1   0  -2  -1   2   15   0   0   0   3   0   0   4   0  16  28   0   4   5   1   4   5   1   2  11  0.51 0.32
   60 L     0  -4  -4  -5  -2  -5  -5  -2  -2   1   2  -4  -2   4  -4   0  -1  -4   4   2    9   1   0   1   1   0   0   4   1   9  17   0   1  17   1   8   4   0  15  12  0.53 0.34
   61 G     1  -1  -2  -3  -2  -2  -3   2  -3   1   2  -2   0   1  -3  -1  -1  -1   0   1   12   3   1   1   1   2   1  15   0   8  23   2   2   5   1   5   4   1   4  10  0.20 0.17
   62 A     1  -4  -4  -5   1  -3  -4  -1  -4   2   1  -4   0   2  -5   1   0  -1   1   3   12   1   1   0   3   1   1   4   0  13  13   0   2   8   0  10   6   1   5  20  0.36 0.26
   63 Y    -1  -2  -5  -5  -3  -2  -6  -5  -1   1  -1  -3  -2   3  -3  -2  -3   4   7   0    5   2   0   1   1   2   0   1   1   7   7   2   1  12   2   3   2   5  41   6  1.14 0.57
   64 R     0   2  -1  -1  -2  -1  -2  -1   0  -1   1   2   0   1  -1   0   1   0   0   1    6  10   2   2   1   3   1   4   2   3  13  13   1   6   3   7  10   1   3  10  0.08 0.11
   65 L     0  -1  -2  -2  -1   0  -2  -2  -1   3   2  -2   1   1  -3  -1  -1  -1   0   2    6   3   2   2   1   4   2   2   2  21  23   2   2   5   1   4   3   1   3  11  0.26 0.19
   66 W    -2  -3  -2  -4  -5  -3  -4  -2  -4   0   1  -4   1   4  -2   0   0   4   4   1    3   2   2   1   0   1   1   3   0   5  13   1   3  19   2   8   5   6  16   9  0.52 0.32
   67 V    -1   1  -1  -2   0  -1  -1  -1   0   0   0   1   0   1   0   0   0   3   1   0    5  10   2   2   3   2   3   4   2   7   8   8   2   7   5   8   5   5   4   7  0.07 0.08
   68 R     0   0   0   0  -2   0   0   0   0  -1   0   0  -1   0   2   1   0   0   0  -1    6   7   4   4   1   4   4   6   2   4  13   5   1   5  10  11   5   1   3   5  0.05 0.05
   69 W    -2  -1  -2  -1  -2  -1  -3  -1  -2  -1   0   0  -1   4   0   1  -1   7  -1  -1    3   4   2   3   1   3   1   5   1   4  10   6   2  16   5   9   3  15   2   5  0.41 0.24
   70 G     0   1  -1  -1  -1   0  -1   2   0   0  -1   0  -1   1   0   0   1   1   0  -1    7   7   2   4   1   4   4  15   3   5   7   4   1   6   4   9   8   2   3   3  0.05 0.06
   71 R    -1   2  -2  -1  -2   0  -1  -1   1  -2   0   2  -1   0   0   1   0   2   3  -1    5  12   1   3   1   4   3   4   3   2   8  13   1   3   5   9   6   3  10   4  0.14 0.14
   72 R    -1   4  -1   0  -2   0   0  -3  -1  -3  -2   3  -1  -2   1   1  -1  -2  -1  -2    5  21   3   4   1   4   6   2   1   1   4  19   2   2   6   9   3   1   2   3  0.33 0.23
   73 G     0   0   0   1  -3   0   0   1   0  -2  -1   1  -2   0   1   1   0   2  -1  -1    7   6   4   7   0   4   4  10   2   2   5  10   0   4   6  14   5   3   2   3  0.09 0.09
   74 L     0   1  -1   0  -2   0   0  -1  -1   0   0   1   1   0   1   0   0  -2   0   0    6   7   2   5   0   5   5   5   1   4  13  10   4   4   8   5   6   0   4   5  0.05 0.05
   75 C     0   1   0  -1  -1   0   0   0   0  -1  -1   0  -1   0   2   1   1   3   0  -1    6   8   3   3   1   4   5   7   2   3   7   4   1   4   9  10   8   5   4   5  0.08 0.07
   76 S     0   1   0  -1  -3   0   0  -2   0  -1  -1   1  -1  -1   2   1   1   0  -1   0    9   8   4   2   0   3   7   2   2   3   7   7   1   2   9  15   9   1   2   6  0.11 0.11
   77 G     1   1   1  -1  -1   0   0   1  -1  -1  -2   1  -1  -1   1   0   0  -1  -1  -1   11  10   6   2   1   4   7  13   2   4   2  10   2   4   6   8   4   1   2   3  0.10 0.09
   78 P     1  -1  -1  -2  -4  -1  -2  -3  -2  -1  -1   1  -1  -1   5   0   0   0  -1  -3   11   3   3   2   0   3   3   2   1   4   6   9   1   3  33   8   5   2   2   1  0.54 0.31
   79 G     1   1   0   0  -3   1   0   1   0  -2  -2   1  -2  -1   1   1   0  -1  -2  -1   10  10   4   6   0   5   6  11   3   2   4   9   1   2   8   9   5   1   1   3  0.12 0.10
   80 A     1   0   0   0  -2   0   1   0  -1  -2  -2   1  -1  -2   1   2   1  -3   0  -1   14   4   4   6   1   4   7   6   1   2   3   9   1   2   6  16   7   0   3   4  0.12 0.12
   81 G     0   0   0   0  -2   0   0   1   0  -1  -1   0   0   0   1   0   0  -1   1   0    7   5   4   5   0   5   7  10   2   4   6   8   2   6   6   6   5   1   5   6  0.04 0.03
   82 E     0   0   0   1  -3   2   3  -2   0  -2  -2   1   0  -2   0   0   0   0  -2  -1    6   6   3   8   0   8  20   2   2   3   4   8   3   2   5   8   4   1   1   4  0.19 0.15
   83 E     0   1   0   1  -4   1   3  -2   0  -1  -2   0  -2  -2   3   0   0   0  -1  -2    6   6   4   7   0   6  20   3   2   3   3   5   1   2  15   5   5   2   2   3  0.26 0.18
   84 S     0   1   0   0  -2   0   1  -2  -1  -1  -1   1  -1  -2   1   1   0  -3  -2  -1   10   7   5   5   1   4  11   2   1   5   5  10   2   1   8  13   6   0   1   4  0.12 0.11
   85 P    -1  -1  -2  -1  -3  -1   2  -2  -3  -1  -2   0  -1  -1   5  -1   0  -1  -4   0    5   4   1   3   1   2  14   2   0   3   4   5   1   3  34   5   5   1   0   6  0.60 0.32
   86 A     2   1  -1  -2  -3   1   0  -2   0  -1  -1   0  -1  -1   3   0  -1  -3  -1   0   20   8   2   1   0   6   7   2   2   4   6   6   2   3  15   6   4   0   2   6  0.19 0.15
   87 A     1   0   0   0  -2  -1   1  -1  -2  -1  -2   1  -1  -1   2   0   0  -2  -1   1   16   4   6   4   0   2  10   3   1   3   3   8   1   4  10   7   4   1   2  10  0.12 0.11
   88 T     0   1   0   0  -2   0   1  -2   2  -2  -1   0   0  -1   2   0   1   1   0  -1    7   7   4   6   1   4   8   2   7   2   6   5   2   2  11   8   9   2   3   4  0.13 0.10
   89 L    -1  -1  -3  -2  -2  -1  -1  -3  -1   0   3  -1  -1  -2   3  -1  -1  -2  -1   0    3   3   1   2   1   3   5   2   1   6  34   4   1   1  17   3   3   0   2   7  0.34 0.22
   90 P     0  -3  -1   1  -4  -1   1  -3  -3  -3  -3  -1  -1  -3   6  -1  -1  -3  -3  -3    6   1   3   8   0   3   8   2   1   2   2   4   1   1  46   4   3   0   1   2  0.97 0.42
   91 R     0   2  -2  -2  -2  -1   0  -3  -2  -3  -3   1  -3  -3   5   0   0   0  -1  -2    6  13   2   2   1   3   5   1   1   1   2  10   1   1  32   7   6   1   3   4  0.61 0.31
   92 M     0  -2  -2  -2  -3  -1  -2  -3  -2   1   1  -2   4  -1   2  -1   0   0  -2   2    6   2   1   2   0   2   3   2   1   9  14   2  13   2  12   3   5   1   1  19  0.26 0.18
   93 K    -1   1  -2  -1  -2   2   2  -1   0  -3  -2   4  -2  -3   3  -1  -2  -3  -3   0    4   6   1   2   1   7  12   5   3   1   3  25   1   1  14   3   2   0   1   7  0.36 0.24
   94 K    -1   1  -1   1  -2   1   1  -2   0  -2   0   2   1   1   2  -1  -1   0   0  -1    3   6   2  10   1   5  10   1   2   2   8  16   4   8   9   3   2   2   3   4  0.14 0.13
   95 R    -3   6  -2   0  -3   2  -2   0   2  -3  -2   2  -1  -5  -4  -3  -1  -3  -4  -2    1  41   1   5   1   8   2   8   4   1   3  14   2   0   1   1   4   0   0   3  0.73 0.38
   96 D    -2  -3   0   4  -4  -2   1  -3  -2   0   1  -1  -2  -2   1  -1   1  -3  -1   0    1   1   4  29   0   1   9   1   1   7  15   2   1   1   7   3  10   0   2   6  0.34 0.24
   97 F    -4  -6  -6  -7  -5  -6  -6  -6  -5   1   1  -6   4   7  -6  -4  -5   4   4  -2    1   0   0   0   0   0   0   0   0   8  10   0  11  49   0   1   0   6  11   3  1.54 0.58
   98 S    -2  -3  -3  -3  -4  -3  -4  -5  -4  -3  -5  -4  -4  -4  -5   2   7  -7  -5  -4    2   1   1   1   0   1   1   0   0   1   1   0   0   1   0  15  74   0   0   0  1.78 0.78
   99 L     0  -1  -3  -2  -4  -2   0  -4  -3   0   2   1   0  -2   4  -2  -2  -5  -3   1    8   3   1   1   0   1   8   0   0   4  25   9   2   1  22   2   1   0   0  11  0.40 0.26
  100 E     1   0  -1   2  -5   1   5  -3  -2  -4  -4   0  -4  -4  -2  -1  -2  -6  -4  -3   14   5   2  11   0   5  43   1   1   0   1   6   0   1   2   4   2   0   0   1  0.70 0.39
  101 Q    -4  -2  -3   1  -7   3   6  -5  -1  -5  -6  -2  -3  -7  -5  -2   1  -6  -4  -5    1   1   0   7   0  15  63   0   1   0   0   1   1   0   0   1   7   0   0   1  1.45 0.64
  102 L    -5  -6  -7  -8  -5  -6  -7  -8  -7  -1   7  -6  -1  -3  -7  -6  -3  -6  -5  -2    0   0   0   0   0   0   0   0   0   2  94   0   1   0   0   0   1   0   0   2  2.01 0.74
  103 R     3   4  -2  -3  -3   0   0  -2   1  -3  -1   2  -2  -3  -4   2  -1  -2  -2  -3   24  21   1   0   0   3   4   1   3   1   7  16   1   0   0  14   2   1   1   1  0.43 0.30
  104 Q     0   2  -1  -2  -3   4   2  -2   0  -4  -1   3  -2  -3   1  -2  -1  -5  -3  -2    9  11   2   1   0  19  12   2   2   0   6  22   1   1   6   2   2   0   1   2  0.41 0.28
  105 Y    -4  -5  -4  -7   2  -6  -5  -6   3  -4  -3  -6  -3   5  -7  -5  -6  -3   8  -5    1   0   1   0   4   0   0   0   7   0   1   0   1  25   0   0   0   0  59   0  2.22 0.80
  106 D    -4  -1   5   6  -6  -2  -3  -4  -1  -6  -7  -2  -4  -7  -5  -1   0  -7  -6  -5    0   3  30  52   0   1   0   1   1   0   0   2   1   0   0   3   5   0   0   1  1.54 0.63
  107 G    -3  -6  -2  -5  -6  -6  -4   7  -6  -7  -6  -5  -6  -7  -6  -3  -5  -6  -7  -7    1   0   1   0   0   0   1  93   0   0   1   0   0   0   0   2   0   0   0   0  2.45 0.83
  108 A    -1   0  -1  -1  -3  -1   1  -2  -1  -1  -2   1  -1  -3  -3   3   3  -3  -3   1    4   5   2   3   0   1   9   2   1   3   3   9   1   1   1  25  19   0   0  10  0.29 0.25
  109 R    -1   1   2   5  -3   1   1  -2  -1  -4  -5   0  -4  -5  -1  -1  -2  -2  -4  -4    5   8  11  40   0   7   9   3   1   1   1   5   0   0   3   2   2   1   0   1  0.72 0.36
  110 T    -2  -2   2   3  -3  -1   0   2  -1  -4  -4  -1  -4  -5   5   0  -1  -5  -5  -4    2   1  12  16   0   1   5  19   1   1   1   4   0   0  27   7   3   0   0   0  0.68 0.33
  111 P    -1   0   0   1  -2   0   1   2  -2  -3  -3   3  -1  -4   1   1   0  -4  -1  -3    2   3   4   8   1   4   8  15   1   1   2  25   1   0   8  10   5   0   2   1  0.30 0.21
  112 R    -2   4  -2  -2  -2  -1  -2  -3   1  -5  -3   3  -4  -4   6  -2  -3  -5  -4  -5    2  22   1   2   1   1   2   1   4   0   3  20   0   1  39   1   1   0   0   0  1.05 0.44
  113 I    -3  -1  -5  -5   1  -4  -5  -4  -5   6   1  -4   0  -3   2  -4  -2  -5  -4   2    1   4   0   0   3   0   0   1   0  53  14   0   1   0  12   0   1   0   0  11  0.93 0.40
  114 L    -4  -4  -5  -6   2  -4  -5  -6  -1   0   4  -4  -1   1  -6  -5  -4   2   7   0    0   1   0   0   4   0   0   0   1   3  40   1   1   4   0   0   0   2  39   5  1.16 0.47
  115 L    -3  -5  -5  -6  -4  -4  -5  -6  -5   3   5  -5   4   0  -5  -4  -2  -4  -3   2    1   0   0   0   0   0   0   0   0  15  54   0  12   4   0   0   2   0   0  11  0.98 0.40
  116 A     5  -4  -4  -4   3  -3  -4   1  -4  -1  -1  -3  -3  -4  -2   1  -1  -5  -4  -2   57   0   0   0   6   0   0  10   0   4   7   0   0   0   1  10   2   0   0   2  0.81 0.42
  117 V    -1  -5  -5  -5   2  -5  -5  -3  -5   5   1  -5   0  -1  -5  -3  -2  -5  -2   4    4   0   0   0   4   0   0   2   0  40  10   0   1   2   0   1   1   0   1  32  0.94 0.39
  118 N    -1   2   4   0   1  -1  -2   0  -1  -1   0   3   1  -2  -3  -2  -2  -2  -2  -2    4  10  22   5   3   1   1   6   1   3  13  19   5   1   0   2   0   1   1   2  0.31 0.22
  119 G    -3  -2  -1   0  -5  -3  -2   7  -2  -6  -4  -3  -3  -3  -5  -2  -3  -5  -3  -5    1   3   2   5   0   1   2  75   1   0   2   1   1   1   0   2   1   0   1   0  1.55 0.57
  120 K    -2   2   0   0   2   2   0  -2  -1   0   0   3  -1  -2  -3  -1   0   1  -2   0    1  11   5   4   5   8   5   3   1   5  11  21   1   1   0   2   7   2   1   6  0.17 0.15
  121 V    -2  -4  -4  -5  -3  -4  -4  -5  -4   3   1  -4  -1  -2  -4  -3  -2  -3   2   5    0   0   0   0   0   0   0   0   0  19  14   0   0   0   0   0   0   0   7  56  0.87 0.34
  122 F    -3  -4  -4  -4  -4  -3  -4  -4   0  -2   1  -4  -2   6  -4  -1  -3   2   6   0    1   0   0   0   0   0   0   1   2   0  11   0   0  35   0   6   0   2  30   8  0.95 0.34
  123 D     0  -3   2   6   3  -1   0  -3   0  -4  -4   0  -4  -5  -3  -2  -3  -5  -4  -4    7   0   8  60   6   2   3   1   2   0   1   7   0   0   0   0   0   0   0   0  1.07 0.37
  124 V     0  -4  -4  -4   3  -3  -4   0  -4   1  -1  -3   1  -3  -3  -3  -1  -4  -3   5    9   0   0   0   8   0   1   7   0   4   3   0   3   0   0   1   2   0   0  60  0.71 0.31
  125 T    -1   0   0  -1  -5   0  -1  -1   1  -5  -5  -1  -4   0  -5   4   4   3   1  -5    4   5   4   4   0   4   4   4   4   0   0   4   0   4   0  27  26   4   4   0  0.59 0.45
  126 K     0   0   0   0   2   0   0  -1   2   0  -1   0   1  -2   0   0   0   3   1   0    5   5   5   5   5   5   5   5   5   5   5   5   5   0   5   5   5   5   5   5  0.07 0.11
  127 G     1  -1   1  -1   2  -1  -2   5  -4  -5  -5   0  -1  -5  -4   1  -1  -5  -4  -4   11   4   8   3   4   2   2  41   0   0   0   6   2   0   0  13   4   0   0   0  0.66 0.39
  128 S     0   4  -1  -2  -1   0  -2  -1   2  -3  -2   3  -1  -2   0   0  -2   2  -2  -3    9  25   3   2   1   3   2   5   4   2   4  16   1   1   5   8   2   3   2   2  0.39 0.28
  129 K     0   1   0   1   2   0   1   1   1  -2  -1   1  -1  -1  -1   1  -1  -3  -1  -2    6   8   3  10   6   3   9  11   3   2   5  11   2   2   2   9   2   0   2   2  0.10 0.10
  130 F    -1   0   1  -3  -3   0  -2  -3   3   0   1  -2   1   3  -3  -1  -1   2   2   0    4   7   7   0   0   4   0   0   9   6  15   0   4  16   0   4   4   3  10   5  0.20 0.18
  131 Y    -3   0  -3  -4   1   0  -3  -4   2  -3  -1  -1  -3   1   0  -1  -3   5   7  -1    0   4   0   0   4   4   0   0   4   0   4   4   0   4   4   4   0   7  48   4  0.96 0.48
  132 G     0   0  -2  -2   1  -2  -2   5  -1  -5  -3  -2  -1   1  -1   1  -2  -5  -1  -3    8   5   2   3   4   2   3  42   1   0   2   2   2   6   3   9   2   0   2   2  0.61 0.37
  133 P     0  -1  -2  -3  -1  -1  -1  -1   1  -2  -1   0  -1  -2   6  -1  -2   0  -2   0    7   3   1   1   2   2   5   5   4   2   7   7   2   2  37   4   2   1   2   6  0.64 0.40
  134 A     0   0   1   0   2   1   0   0   2  -2  -1   0  -2  -2  -2   0   0   4   1  -1    6   6   6   6   6   6   6   6   6   0   6   6   0   0   0   6   6   6   6   6  0.11 0.14
  135 G    -1  -2  -1  -4   0  -1   0   6  -4  -5  -5   1  -5  -5  -4  -1  -1  -1  -5  -2    5   2   2   0   2   2   7  61   0   0   0   8   0   0   0   4   3   1   0   3  1.06 0.45
  136 P     1  -3  -2  -1   0  -1  -2   1  -1  -3  -3  -2   0  -3   5   1   0  -4   1  -2   12   1   1   4   3   3   1  11   1   1   2   1   3   1  30  11   6   0   5   2  0.52 0.28
  137 Y    -3  -5  -5  -1  -6  -5  -5  -6   4  -5  -3  -5  -1   0  -6  -5  -5  -2   9  -5    2   0   0   3   0   0   0   0  11   0   2   0   2   2   0   0   0   0  75   0  2.42 0.81
  138 G     0  -2   2  -2  -1  -1   0   2   7  -5  -5  -2  -4  -4  -1   2  -2  -1  -2  -4    9   2  11   2   1   2   5  17  26   0   0   2   0   0   3  17   2   1   1   0  0.66 0.35
  139 I     0  -1   0  -1   2   0  -1  -1   1   1   0   0   1   2  -1   0  -1  -1   0   1    9   3   6   2   5   4   2   4   4   9   7   6   5  10   2   4   2   1   1  13  0.03 0.07
  140 F    -3  -2  -5  -5  -5  -5  -2  -5  -4  -1   2  -5   1   8  -5  -5  -4   2   1  -2    2   3   0   0   0   0   3   0   0   3  17   0   3  60   0   0   0   2   2   2  1.44 0.52
  141 A     5  -2  -4  -4   1  -3  -4  -2  -4  -2  -3  -3  -3  -4  -1   0   2  -5  -4   1   57   1   0   0   3   0   0   3   0   2   2   0   0   0   3   7  11   0   0  10  0.82 0.43
  142 G     0  -5  -4  -4  -5  -5  -2   7  -5  -6  -6  -5  -5  -6  -5  -4  -5  -5  -6  -2    6   0   0   0   0   0   3  85   0   0   0   0   0   0   0   0   0   0   0   3  1.98 0.67
  143 R    -3   6  -2  -3   0  -1  -2  -3   3  -3  -4   4  -3  -4  -4  -2  -2  -4   0  -3    1  43   1   0   2   1   1   2   7   2   1  29   0   0   0   1   2   0   3   2  1.00 0.44
  144 D    -3  -5   0   8  -6  -4   2  -5  -2  -3  -6  -4  -6  -6  -3  -4  -4  -7  -6  -3    2   0   4  75   0   0  10   0   1   2   0   0   0   0   1   0   0   0   0   2  1.94 0.78
  145 A     5  -4  -2  -4   5  -4  -4   0   0  -1  -3  -4  -4  -5  -2  -1  -2  -5  -4   0   57   0   2   0  13   0   0   6   2   3   2   0   0   0   2   4   2   0   0   5  0.99 0.53
  146 S     1  -4  -2  -1  -1  -2  -4  -2  -4  -5  -5  -4  -5  -6  -4   6   4  -6  -5  -4    9   0   1   3   1   1   0   2   0   0   0   0   0   0   0  57  23   0   0   0  1.23 0.66
  147 R    -4   8  -2  -5  -6  -1  -4  -5   0  -3  -4   0  -2  -4  -4  -4  -4  -2  -2  -2    1  75   2   0   0   2   0   1   2   2   1   5   1   1   1   1   1   1   2   3  1.78 0.76
  148 G     5  -1  -1  -3   1  -2  -4   3  -3  -4  -1  -3  -2  -5  -3   0  -3  -5  -3  -2   52   3   4   1   3   1   0  19   1   0   6   1   1   0   1   5   1   0   1   2  0.78 0.46
  149 L    -5  -2  -6  -6  -5  -5  -5  -6  -1   0   4  -5   1   6  -6  -5  -4   1   2  -1    0   3   0   0   0   0   0   0   2   4  46   0   3  29   0   0   0   2   7   2  1.15 0.58
  150 A     5  -4  -3  -4  -1  -2  -4   1  -4   0  -2  -3  -1  -4  -2   1  -1  -5  -2   2   48   0   1   0   1   1   0  10   0   6   3   1   1   0   1   8   2   0   1  14  0.67 0.46
  151 T    -3  -1   0  -2   0  -2  -3  -2  -1  -2   0   3   1  -1  -4  -1   5  -4   0  -2    1   2   5   1   2   1   0   3   2   2   8  21   3   3   0   4  36   0   4   2  0.54 0.43
  152 F    -2  -3   0  -4  -2   0  -4   4   0  -3  -1  -3   4   3   0   1  -2   3  -1  -2    1   1   5   0   1   5   0  31   2   1   4   0  13  12   4   9   2   4   1   2  0.49 0.37
  153 C    -2  -2   0   2   5   0  -1  -3  -2  -2  -3  -1  -1  -5  -2   4  -1   0  -4  -1    2   1   4  12  14   4   2   1   1   2   2   4   2   0   2  36   3   2   0   5  0.57 0.42
  154 L    -3  -3  -2  -5  -2  -3  -5  -3  -2  -1   3  -2   1   6  -2  -3  -1   2  -1   0    1   1   3   0   1   1   0   2   1   2  26   2   4  38   2   1   5   3   1   6  0.78 0.45
  155 D     0  -1   1   5  -4   0   2  -2  -1  -4  -3   1  -2  -5  -2   1   0  -5  -4  -3    8   2   6  30   0   3  14   1   1   0   2   8   1   0   1  12   7   0   0   1  0.53 0.36
  156 K    -1   0  -1   1  -3   0   3  -1   0  -2  -2   1  -1  -4   3  -1   0   0  -2  -1    5   5   2   7   1   3  24   4   2   2   3   9   2   0  13   4   7   1   2   6  0.30 0.26
  157 D     0  -2   1   3  -2   0   4  -1   2  -3  -3   0  -2  -4  -1   1  -2  -4  -4  -2    8   2   7  15   1   3  24   4   5   1   2   6   1   1   3  12   2   0   0   3  0.40 0.29
  158 A     1  -1   0   2   0   0   0   2   0  -1  -1  -1   2  -2  -1   0  -1  -1  -1  -1   12   2   3  13   3   4   7  16   2   3   7   3   7   2   3   4   2   1   2   5  0.11 0.12
  159 L    -1  -3  -3  -2   0  -2  -2  -2   0   1   4  -2   0   1  -3  -2  -1   0   0   2    5   1   1   2   2   2   2   3   2   6  38   3   2   5   1   2   3   2   2  13  0.35 0.23
  160 R    -1   1   1   1  -2  -1   0  -2  -1  -2  -2   3  -3  -3   0   1   3  -3  -1  -2    3   7   7   6   1   1   5   2   1   2   4  17   0   1   5   9  21   0   2   3  0.30 0.24
  161 D    -1  -2   0   5  -2   1   1  -2  -1  -3  -3   1  -2  -3   1  -1  -1  -4  -2  -3    5   2   4  36   1   6   9   4   2   2   2   7   1   1   6   5   3   0   1   2  0.55 0.32
  162 E     0   0  -1   1   2   0   2  -1  -1  -1  -1  -1   0  -1   2   0   0  -1  -1  -1    6   6   3   8   6   3  16   4   1   3   7   3   2   3  10   6   5   1   2   4  0.12 0.11
  163 Y    -2  -2   0  -2   1  -2  -2  -2   1   1   0  -2   0   0  -1  -1   1   4   4   0    2   2   5   2   3   1   2   4   4  10  10   2   2   3   3   5  11   5  17   8  0.24 0.19
  164 D    -1  -4  -2   6  -3  -3  -1   0   4  -5  -5  -3  -5  -4  -2   0  -3  -1  -2  -3    6   1   1  52   1   1   3   7   8   1   1   1   0   1   2   8   1   1   1   2  1.13 0.58
  165 D    -3  -3   2   7  -3  -3  -1  -2  -2  -5  -3  -1  -5  -6  -3  -1  -2  -6  -3  -5    3   1   9  61   1   1   3   3   1   0   3   4   0   0   2   4   2   0   1   1  1.42 0.70
  166 L    -3  -4  -4  -5   0  -3  -4  -3  -2   1   5  -5   1  -2  -5  -3  -1   1   1   2    1   1   1   0   2   1   1   2   1   8  52   0   2   1   0   2   4   2   5  14  0.81 0.46
  167 S     0   2  -2   1  -2   0   2  -3  -1  -4  -3   0  -2  -5  -1   4   1  -5  -4  -4    6   9   1   9   1   3  11   1   1   1   3   4   1   0   2  37   7   0   1   1  0.54 0.43
  168 D    -3  -3  -1   6  -6  -2  -1   4  -5  -6  -5  -3  -6  -5  -1  -1  -1  -6  -6  -4    2   1   2  43   0   1   3  31   0   0   2   1   0   1   3   5   4   0   0   1  1.16 0.64
  169 L    -4  -6  -7  -7  -1  -6  -5  -7  -6  -1   6  -6   1   1  -3  -6  -5  -5  -3  -3    1   0   0   0   1   0   1   0   0   2  80   0   3   6   2   0   0   0   1   1  1.71 0.82
  170 N    -3  -3   3   2  -4  -2  -2  -1  -3  -3  -5  -3  -5  -5  -2   3   5  -6  -4  -4    2   1  14  11   0   1   2   6   0   2   1   2   0   0   2  25  30   0   0   1  0.81 0.56
  171 A     1  -2  -1   2  -3   0   3  -3   0  -3  -2  -1  -3  -2   4   0  -1  -4  -3  -2   15   1   2  10   1   4  22   2   2   1   4   4   0   2  18   6   3   0   1   3  0.44 0.36
  172 V     1  -2  -1   2  -3   1   3  -2  -1  -3  -3   2   1  -2  -2   2   0  -5  -2  -1   11   2   2  11   0   5  19   3   1   1   3  12   3   2   1  13   5   0   1   4  0.28 0.27
  173 Q    -4  -4  -4   2  -8   6   6  -6   1  -8  -6  -3  -6  -8  -6  -4  -4  -8  -4  -7    1   1   1   9   0  30  50   0   3   0   1   1   0   0   0   1   1   0   1   0  1.75 0.95
  174 M    -3   2  -4  -6  -3  -1  -4  -6  -1   2   3   1   6  -1  -6  -4  -3   0  -1   0    2   9   1   0   1   3   1   0   1  10  31   9  18   2   0   0   1   1   2   7  0.68 0.45
  175 E     0  -1   1   2  -5   1   3  -1  -2  -2  -1   2  -2  -4  -2   0  -2  -4  -3  -3    7   3   5  13   0   6  22   5   1   2   7  14   1   0   2   7   2   0   0   1  0.33 0.29
  176 S     1   0   1  -1  -2  -1   0   0  -1  -1  -4  -2   0  -4  -4   3   2  -5  -3   1   12   4   6   2   1   2   6   8   1   3   1   1   2   1   0  25  14   0   1   9  0.34 0.33
  177 V    -1  -2  -7  -7  -5  -6  -6  -7  -4   2   5  -5   1  -3  -7  -5  -5  -6  -4   2    5   2   0   0   0   0   0   0   1  10  62   1   3   0   0   1   0   0   1  14  1.27 0.67
  178 R    -1   3   2   4  -4   2   1  -3   0  -3  -2   1   0  -2  -4  -1  -2  -3  -2  -2    5  14  11  21   0   9   9   1   2   2   3  10   2   2   0   3   2   0   1   3  0.41 0.32
  179 E    -2  -2   1   4  -6   1   4   1   2  -5  -5   0  -4  -6  -5   0  -2  -3  -3  -6    2   2   6  25   0   5  28  10   5   0   1   4   0   0   0   6   2   0   1   0  0.76 0.49
  180 W    -8  -6  -9  -9  -4  -5  -8  -8  -8  -6  -6  -8  -4  -1  -9  -8  -5  13  -1  -7    0   0   0   0   1   1   0   0   0   0   1   0   1   3   0   0   1  90   2   0  4.76 1.77
  181 E    -1   1  -2   0  -3   0   4  -3   1   0   0   1   0  -2  -4  -2  -1  -4   1   1    6   6   1   4   1   3  27   1   4   6  10   7   2   2   0   2   3   0   6  12  0.28 0.27
  182 M     0   0   1   2  -3   1   2  -1  -2  -3  -2   1   2  -2  -4   1   0  -1  -1  -3    8   5   5  10   0   7  17   5   1   1   3  10   6   2   0   9   6   1   2   1  0.22 0.23
  183 Q    -5   0  -3  -4  -6   3  -4  -6   2  -4  -2   3   0   6  -6  -2   0  -1  -1  -2    0   5   1   1   0  12   1   0   4   0   4  17   2  39   0   3   6   1   1   3  1.01 0.59
  184 F    -7  -7  -7  -8  -4  -7  -8  -8  -2  -4  -2  -7  -3   8  -8  -7  -7  -2   7  -5    0   0   0   0   0   0   0   0   1   1   4   0   0  58   0   0   0   0  33   1  2.61 1.10
  185 K    -1   1  -1   1  -4   1   2  -3   3  -3  -2   3   2  -3  -2   1   0  -5  -2  -3    5   6   2   6   0   6  16   2   7   1   4  17   5   1   2  11   5   0   1   1  0.29 0.27
  186 E     0   0   2   1  -2   0   3   0  -1  -5  -4   3  -2  -1  -3   1  -1  -4  -2  -3    6   5   8   8   1   4  20   6   1   0   1  19   1   3   1  10   3   0   1   1  0.39 0.32
  187 K    -4   2  -1   0  -4  -2  -1  -4   1  -7  -6   7  -2  -7  -6  -3  -2  -7  -5  -5    1  11   3   5   0   1   4   1   3   0   1  62   1   0   0   2   2   0   0   1  1.50 0.79
  188 Y    -7  -7  -6  -8  -4  -5  -8  -8  -3  -5  -6  -7  -7  -2  -8  -5  -7  -4  10  -7    0   0   0   0   0   0   0   0   0   1   1   0   0   1   0   1   0   0  94   0  3.72 1.49
  189 D    -3  -1   0   2  -5  -1   0  -3   1  -1  -2   0  -2   0   5  -2   1   0  -2  -1    1   3   4  10   0   3   6   1   4   4   4   7   1   4  31   2   8   1   2   4  0.54 0.38
  190 Y    -3  -1  -3  -4   2  -2  -3  -5   2   2   0   1  -1   2  -2  -3  -1  -2   4   3    1   4   1   0   5   1   2   0   5  13   9   8   1   7   2   1   3   0  16  19  0.44 0.32
  191 V    -2  -6  -8  -8   0  -7  -7  -8  -8   3  -3  -1  -2  -6  -8  -7  -4  -8  -7   7    3   0   0   0   2   0   0   0   0  11   2   4   1   0   0   0   1   0   0  76  2.01 0.94
  192 G    -4  -6  -6  -7  -3  -8  -8   8  -8 -10 -10  -7  -9  -9  -5  -6  -8  -9  -9  -9    1   1   0   0   1   0   0  97   0   0   0   0   0   0   1   0   0   0   0   0  2.97 1.23
  193 R    -4   5  -2  -4  -5  -1  -1  -6  -1  -4  -4   5  -2  -4  -5  -2   1   0   1  -2    1  28   1   1   0   2   4   0   2   1   1  36   1   1   0   2   9   2   5   3  0.99 0.59
  194 L    -4  -7  -8  -8  -4  -7  -7  -8  -7   1   6  -7   0  -1  -7  -7  -5  -6  -3   4    1   0   0   0   0   0   0   0   0   6  64   0   2   2   0   0   0   0   1  25  1.59 0.75
  195 L    -3  -3  -5  -4  -5  -3  -4  -6  -3   4   3  -1  -2  -3  -4  -4  -3  -6  -3   5    2   1   0   1   0   1   1   0   1  24  24   4   0   1   1   1   1   0   1  36  0.94 0.50
  196 K    -1   2   1   3  -5   0   1  -2   2  -5  -2   4  -4  -4   0  -1  -2  -2  -2  -3    5  10   6  15   0   3   9   3   6   0   5  26   0   1   5   3   1   0   2   1  0.42 0.31
  197 P    -2  -2   1   2  -5  -2   4  -3  -4  -3  -5  -1  -3  -6   5  -1  -1  -6  -3  -3    3   1   6   9   0   1  24   2   0   2   1   4   1   0  34   5   3   0   1   2  0.89 0.51
  198 G    -1  -2   0   1  -5  -2   0   4   2  -4  -3  -1  -2  -2   3  -1  -2  -3  -2  -3    3   2   5   9   0   1   7  32   6   1   2   4   1   2  14   5   2   0   1   2  0.49 0.32
  199 E    -2  -1  -2   2  -5   1   4   2   0   1  -3  -1  -3  -4  -1  -1  -2  -5  -2  -2    2   3   1  11   0   6  33  15   2  10   1   3   0   1   3   4   1   0   1   2  0.51 0.37
  200 E    -1  -2   0   3  -5   1   4  -4   0  -3  -2   0  -3  -4   2   0  -1  -5  -4  -3    4   1   3  19   0   7  30   1   2   1   4   6   0   0   9   7   4   0   0   2  0.55 0.37
  201 P    -1  -2  -5  -2  -6  -2  -3  -3   1  -4  -4   0  -5  -4   7  -3   0  -6  -3  -5    5   2   0   2   0   2   2   2   3   1   2   6   0   1  63   2   6   0   1   0  1.62 0.73
  202 S    -1  -1   2   0  -2   0  -1  -2   0  -3  -2   0  -2  -5  -1   2   5  -5  -3  -2    5   2   9   5   1   4   4   2   2   1   5   6   1   0   3  15  35   0   1   1  0.47 0.37
  203 E    -1   0   2   2  -4  -1   3  -2  -1  -2  -2   1  -2  -3  -2   1   0  -5  -2   0    3   4   9  12   0   2  25   2   1   1   4  10   1   1   2   9   5   0   1   9  0.32 0.26
  204 Y    -2  -2  -1  -1  -6  -2  -1  -4   0  -2  -2  -1  -2   0   3  -3  -1  -1   7  -2    3   3   3   3   0   1   4   1   1   2   4   3   1   2  13   1   3   0  47   3  1.06 0.57
  205 T    -1  -3  -1  -1  -2  -1   0  -2  -1   2   0  -1   0   0  -1   2   3  -2   0  -1    4   1   3   4   1   1   8   2   1  12   9   4   2   4   2  19  20   0   3   2  0.21 0.23
  206 D    -2  -1   1   5  -5  -1   2  -3   1  -4  -4   2  -2  -3   3  -1  -3  -6  -5  -3    3   4   7  29   0   2  11   1   4   0   2  11   1   1  16   4   1   0   0   2  0.64 0.39
  207 E    -2  -4  -2   2  -6   1   6  -1  -1  -6  -6  -1  -3  -3   1  -1  -1  -6  -5  -3    2   0   1  11   0   4  54   5   1   0   0   3   1   1   8   4   3   0   0   2  1.02 0.57
  208 E    -2  -2  -3   3  -1   0   6  -2  -2  -2  -4  -1  -2  -2   0  -2  -3  -5   0   0    4   2   0  14   2   2  50   2   0   2   1   3   1   2   4   1   1   0   3   6  0.80 0.48
  209 D    -2  -2   0   5   3  -1   4  -3  -3  -3  -3   0  -5  -6  -1   0  -2  -6  -3  -4    3   2   3  33   7   2  29   1   0   1   2   5   0   0   3   6   2   0   1   1  0.77 0.44
  210 T     1   0  -1   1  -3   1   1   0  -2  -2  -2   0  -1  -2   1   0   2  -4  -3   0   16   3   2   6   0   7   9   7   0   2   3   7   1   2   7   6  16   0   0   5  0.16 0.16
  211 K     0   0  -1  -1  -4   0   1  -3  -1  -2  -2   4  -3  -5   1  -1   1  -5  -4   0    8   4   2   2   0   4  11   1   1   2   3  36   0   0   7   3  10   0   0   6  0.44 0.32
  212 D    -1  -3   2   5  -5  -1   3  -1   2  -2  -4   0  -1  -3  -1   0  -2  -6  -4  -4    5   0   8  38   0   1  18   3   6   3   1   5   2   1   3   5   1   0   0   0  0.70 0.39
  213 H     0   0   1   0  -4   1   2  -2   4  -3  -4   2  -3   0  -1   1  -1  -4  -1  -3   10   3   6   4   0   6  17   1  11   1   0  17   0   6   3  10   3   0   2   1  0.31 0.24
  214 S     1  -2   3   0  -1   1   1  -1  -2  -3  -3   2  -3  -5   0   3   0  -5  -4  -2    9   0  19   4   1   7   8   4   0   1   2  12   0   0   4  23   5   0   0   2  0.37 0.28
  215 K     2   0   1  -1  -4   1   2  -2  -2   0  -3   4  -3  -5  -3  -1  -2  -5  -4  -3   17   3   5   2   0   6  15   2   0   7   2  36   0   0   1   4   1   0   0   1  0.50 0.34
  216 Q    -2   1  -1   1  -5   5   3  -3   2  -3  -2   2  -3  -5  -1   0  -2  -5  -3  -3    0   6   1   7   0  28  21   1   6   1   4  12   0   0   2   8   1   0   0   1  0.57 0.34
  217 D    -4  -4   0   7  -6   1   3  -4  -4  -6  -6  -3  -5  -6  -4  -3  -4  -7  -6  -6    0   0   2  70   0   6  22   0   0   0   0   0   0   0   0   0   0   0   0   0  1.77 0.59

                      K         Lambda
Standard Ungapped    0.1353     0.3146
Standard Gapped      0.0412     0.2670
PSI Ungapped         0.1345     0.3168
PSI Gapped           0.0412     0.2670
