
Last position-specific scoring matrix computed, weighted observed percentages rounded down, information per position, and relative weight of gapless real matches to pseudocounts
            A   R   N   D   C   Q   E   G   H   I   L   K   M   F   P   S   T   W   Y   V   A   R   N   D   C   Q   E   G   H   I   L   K   M   F   P   S   T   W   Y   V
    1 M    -3  -4  -4  -5  -4  -3  -4  -5  -4   0   1  -4   9  -2  -5  -4  -3  -4  -3   0    0   0   0   0   0   0   0   0   0   3   7   0  85   0   0   0   0   0   0   5  1.90 0.63
    2 A     4  -3  -2  -3  -3  -3  -3   4  -3  -4  -3  -3  -3  -4  -2   3   1  -4  -4  -3   38   0   0   0   0   0   0  31   0   0   1   0   0   0   0  23   7   0   0   0  0.75 0.40
    3 F    -4  -5  -6  -6  -5  -6  -6  -6  -2  -2  -1  -5  -3   8  -2  -4  -2  -2   0  -3    0   0   0   0   0   0   0   0   1   2   2   0   0  88   2   1   2   0   0   1  2.12 0.76
    4 N    -1  -2   2  -3  -4  -3  -3   4  -3  -4  -4  -2   2  -4  -3   3   2  -4  -4  -4    2   1   9   0   0   0   0  41   0   0   0   1   6   0   0  26  14   0   0   0  0.76 0.43
    5 F    -2  -5  -5  -6  -5  -1  -5  -5  -4  -3  -2  -5  -1   8  -6  -2  -3   0   0  -3    3   0   0   0   0   3   0   1   0   0   2   0   1  86   0   3   1   1   0   1  2.10 0.79
    6 G    -1  -5  -2  -3  -3  -3  -4   7  -5  -6  -6  -4  -5  -6  -2   0  -3  -5  -6  -6    3   0   1   0   1   1   0  86   0   0   0   0   0   0   2   6   1   0   0   0  1.79 0.69
    7 A     3  -2   2  -2  -3   2  -2   1  -3  -3  -3  -1  -2  -4  -2   1   3  -4  -3  -2   34   0  12   0   0  10   0   8   0   1   1   2   1   0   1  11  19   0   0   1  0.47 0.35
    8 P     1  -3   0  -3  -3  -1  -3  -1  -3  -3  -3  -2  -2  -4   6   1   3  -5  -4  -3   11   1   5   0   0   2   0   3   0   1   2   1   1   0  40  10  21   0   0   1  0.88 0.43
    9 S     3  -2   1  -2  -3   1  -2   0  -3  -3  -3  -1  -2  -2   1   3   2  -4  -3  -2   27   1   5   0   0   6   0   5   0   0   2   3   0   2   8  23  17   0   0   2  0.39 0.31
   10 G     2  -2   1  -2  -2   0  -2   2  -2  -2  -3  -1  -2  -1   0   2   2  -4  -3  -2   22   0   6   0   0   5   1  17   0   1   1   1   0   3   4  16  18   0   0   1  0.33 0.27
   11 T     1  -2   1  -2  -3   1  -2   1  -2  -2  -2  -1  -2   0   0   2   4  -4  -3  -2    9   1   7   1   0   6   0  13   0   1   2   2   1   5   5  15  32   0   0   1  0.34 0.28
   12 S     1  -3  -1  -2  -3   0  -2   1  -3  -2  -1  -2  -2   2   2   2   3  -2  -2  -1   13   0   2   1   0   4   1  11   0   0   5   0   0  11  12  16  20   0   0   2  0.28 0.25
   13 G     1  -3   0  -2  -3   0  -2   4  -2  -3  -2  -2  -3   1   0   1   1  -3  -3  -2   16   0   3   1   0   6   0  34   0   0   3   1   0   7   5  14  11   0   0   1  0.41 0.28
   14 T     1  -3   0  -2  -3   0  -2   2  -3  -2  -1  -2  -2   2   1   2   3  -3  -2  -2   11   0   4   0   0   3   0  15   0   1   4   1   0  11   6  17  24   0   0   2  0.30 0.27
   15 S     1  -2   1  -2  -3   0  -2   2  -2  -3  -2  -1  -2   2   1   2   2  -3  -2  -2   11   0   7   0   0   3   1  20   0   0   3   1   0  11   7  18  16   0   0   1  0.28 0.24
   16 T     0  -3   0  -3  -3   0  -2   2  -1  -2  -2  -2  -2   2   1   1   4  -3  -2  -1    7   0   4   0   0   5   0  15   1   0   3   0   0  12   6  12  33   0   0   2  0.36 0.30
   17 A     2  -2   0  -2  -2   0  -2   2  -2  -2  -2  -1  -2   1   2   2   2  -3  -2  -1   22   0   4   0   0   6   0  14   0   1   1   1   1   7   9  19  13   0   0   2  0.28 0.24
   18 T     1  -3   0  -2  -2   0  -2   1  -2  -3  -2  -2  -2   2   2   1   3  -2  -2  -2   13   0   3   0   0   6   0  13   0   0   1   0   1  12  10  11  28   0   0   1  0.35 0.29
   19 A     2  -2   0  -2  -2   0  -2   2  -2  -2  -3  -2  -2  -2   0   2   2  -4  -3  -2   23   0   4   1   0   5   0  16   0   1   1   1   1   2   3  21  19   0   0   2  0.36 0.27
   20 A     2  -1   0  -2  -2   2  -1   0  -2  -3  -2   1  -2  -2   0   2   2  -3  -3  -2   24   1   4   0   0  14   0   6   0   0   2   7   0   2   4  15  19   0   0   1  0.31 0.26
   21 P     0  -2   0  -2  -3   0  -2   0  -3  -3  -3  -1  -3  -3   6   1   2  -4  -4  -3    7   1   5   1   0   5   0   7   0   1   2   2   0   1  43  10  15   0   0   1  0.84 0.38
   22 A     3  -2   0  -2  -2   0  -2   1  -2  -3  -2  -1  -2   0   1   2   2  -3  -2  -2   28   1   4   0   0   4   0  12   0   0   2   3   0   4   7  17  16   0   0   2  0.31 0.24
   23 G     0  -2  -1  -2  -3  -1  -2   2  -2  -2  -1  -2  -2   3   1   1   2  -3  -1  -1    9   0   2   0   0   3   1  17   0   0   4   1   0  17   9  14  21   0   0   2  0.29 0.24
   24 G     1  -2  -1  -2  -3  -1  -2   4  -3  -3  -1  -2  -2  -1  -1   2   1  -3  -3  -2   10   1   2   0   0   2   0  42   0   1   6   0   1   2   3  16  10   0   0   1  0.51 0.29
   25 F    -1  -3  -1  -3  -3  -2  -3   1  -3  -2  -1  -3  -1   6  -2   0   1  -2   0  -2    5   0   2   0   0   1   0  13   0   1   3   1   1  49   1   6  13   0   1   1  0.72 0.40
   26 G     0  -3  -1  -3  -3  -2  -3   5  -3  -4  -3  -3  -3  -1   1   2  -1  -4  -3  -4    5   0   2   0   0   1   0  57   0   0   3   0   0   3   6  17   3   0   0   0  0.87 0.41
   27 G     1  -3   0  -2  -3  -1  -2   3  -2  -1   1  -2  -1  -1  -2   2   0  -3  -3  -2   13   0   5   0   0   3   0  30   1   2  17   0   1   2   1  18   5   0   0   1  0.32 0.25
   28 F    -1  -4  -2  -4  -4  -2  -4  -1  -3  -1  -1  -4  -2   7   0  -1   0  -2   0  -3    5   0   2   0   0   2   0   4   0   2   3   0   0  64   6   5   5   0   0   0  1.15 0.53
   29 G     1  -3   0  -3  -4   0  -3   6  -3  -4  -3  -2  -4  -2  -2   0  -1  -4  -4  -3   10   1   3   0   0   4   0  63   0   0   3   1   0   2   2   6   4   0   0   1  0.97 0.44
   30 T     2  -2   1  -2  -3   2  -1  -1  -2  -3  -3  -2  -2  -1   0   3   3  -4  -3  -2   15   0   8   0   0  10   1   4   0   0   1   1   0   2   5  24  25   0   0   1  0.42 0.34
   31 T     1  -2   2  -2  -3   1  -2  -1  -3  -3  -4  -1  -3  -3   3   2   4  -4  -3  -2   12   0   9   0   0   7   0   4   0   0   0   3   0   1  15  15  32   0   0   1  0.53 0.37
   32 T     2  -3   1  -2  -3   0  -2  -1  -3  -3  -3  -2  -2  -2   3   2   3  -4  -3  -2   24   0   6   0   0   5   1   3   0   0   0   0   0   2  14  16  26   0   0   1  0.50 0.35
   33 T     2  -2   0  -3  -3   0  -2  -1  -3  -2  -3  -2  -3  -1   2   2   4  -4  -3  -2   16   1   3   0   0   4   0   4   0   1   1   1   0   3  12  13  40   0   0   1  0.55 0.38
   34 T     1  -2   0  -2  -3   1  -2   1  -3  -3  -3  -1  -3  -3   2   2   4  -2  -3  -2   13   1   4   0   0   6   1  10   0   0   1   3   0   0   9  18  30   1   0   2  0.41 0.31
   35 A     2  -2  -1  -2  -3   1  -2   0  -1  -3  -3  -1  -2   0   1   2   3  -4  -2  -1   24   0   2   0   0   6   0   7   1   0   1   2   0   6   6  19  24   0   0   2  0.36 0.31
   36 G     2  -2   0  -2  -3   0  -2   3  -3  -2  -3  -1  -3  -1   2   1   2  -4  -3  -2   17   0   4   0   0   5   0  24   0   1   1   3   0   4  11  13  15   0   0   1  0.37 0.26
   37 S     0  -2  -1  -2  -3  -1  -2   2  -3  -3  -3  -1  -3   0   2   3   2  -4  -3  -2    5   1   2   0   0   2   0  19   0   1   2   1   0   5  11  31  17   0   0   2  0.42 0.31
   38 A     1  -3  -1  -2  -2  -1  -2   3  -3  -1   0  -2  -1   0   1   1   1  -3  -2  -1   15   0   2   0   0   2   0  26   0   2  14   1   1   4   6  12  12   0   0   3  0.25 0.21
   39 F    -1  -4  -1  -4  -4  -3  -2   1  -3  -2   0  -3  -1   6   1   0   0  -2   0  -2    3   0   2   0   0   1   2  10   0   1   6   0   1  48   8   9   5   0   1   1  0.69 0.40
   40 S     0  -3   1  -2  -3  -1  -2   4  -2  -3  -1  -2  -1  -1  -2   3   0  -4  -3  -2    6   0   6   0   0   3   0  37   1   1   6   1   2   4   2  24   6   0   0   2  0.47 0.31
   41 F    -1  -3   0  -4  -4   0  -3   0  -2  -2  -1  -3  -2   6   0   0   0  -2   0  -2    5   0   4   0   0   5   0   8   1   1   5   1   0  49   5   6   7   0   0   1  0.68 0.42
   42 S     0  -3   0  -3  -4  -1  -3   5  -3  -4  -3  -2  -3  -1   1   1   1  -4  -4  -3    6   0   4   0   0   2   0  50   0   0   3   1   0   3   7  11  10   0   0   1  0.70 0.38
   43 A     3  -2   1  -2  -2   2  -1   1  -2  -2  -2  -1  -1   0   0   1   2  -3  -3  -2   28   1   6   0   0  10   2   9   0   1   3   2   1   5   3  10  18   0   0   2  0.27 0.26
   44 P     1  -3   0  -3  -3  -1  -2   0  -2  -3  -3  -2  -3  -2   6   1   2  -4  -4  -3   10   0   4   0   0   2   2   7   1   1   2   1   0   1  39  13  14   0   0   1  0.79 0.41
   45 T     3  -2   0  -2  -3   0  -2   0  -3  -2  -3  -1  -2  -2   0   2   3  -4  -3  -2   26   1   5   0   0   4   0   6   0   1   1   3   1   1   5  19  25   0   0   2  0.41 0.33
   46 N     1  -1   2  -2  -3   0  -2  -1  -2  -2  -2  -1  -2   0   1   2   3  -4  -2  -2   15   2  14   0   0   5   0   3   0   1   2   2   1   4   6  17  27   0   1   2  0.36 0.31
   47 T     1  -3   0  -1  -3   0  -2   1  -3  -2  -3  -1  -2  -1   1   1   4  -4  -3  -2   10   0   4   3   0   5   0   9   0   1   1   2   1   3   8  12  39   0   0   1  0.44 0.34
   48 G     2  -2   0  -2  -2   1  -2   2  -2  -2  -2  -1  -1  -2   3   2   2  -4  -3  -2   17   1   4   0   1   7   0  14   0   1   2   1   1   1  13  18  16   0   0   1  0.34 0.26
   49 S     2  -3  -1  -2  -3  -1  -2   2  -3  -2  -2  -2  -1  -2   0   3   2  -4  -3  -2   23   0   2   0   0   3   0  15   0   1   3   0   1   2   5  25  17   0   0   1  0.40 0.31
   50 T     0  -3  -1  -1  -3  -1  -2   2  -1  -2  -2  -2  -2   2   1   2   3  -3  -1  -2    8   0   2   3   0   2   0  18   2   1   2   1   0  12   7  14  26   0   1   1  0.32 0.27
   51 G     1  -3   0  -2  -3  -1  -2   4  -3  -2  -1  -2  -2   1   0   2   1  -3  -2  -2    9   0   4   0   0   2   1  36   0   3   5   0   0   6   4  18   9   0   0   1  0.40 0.27
   52 L     1  -1  -1  -2  -2  -1  -2   2  -2  -1   2  -2   0   1   1   0   0  -2  -2  -1   11   2   3   0   0   3   0  17   0   2  24   1   2   9   6   6   8   0   0   3  0.13 0.15
   53 L    -1  -3  -1  -3  -3  -1  -3   0  -3  -2   0  -2  -1   6   1   0   0   0   0  -1    5   0   3   0   0   2   0   8   0   1   7   1   1  43   7   9   5   1   0   5  0.53 0.35
   54 G     0  -3  -1  -3  -4   0  -2   5  -3  -3  -3  -2  -2   2   0   0   0   1  -2  -3    5   0   2   0   0   4   1  48   0   1   2   1   1  12   6   8   5   2   0   1  0.63 0.36
   55 G     2  -1   1  -1  -2   1  -1   2  -2  -2  -2  -1  -2  -2   0   2   1  -3  -3  -1   17   3   7   2   0   8   0  19   0   1   3   1   0   2   3  21  10   0   0   3  0.25 0.20
   56 T     1  -2   0  -2  -2   0  -2   0  -2  -1  -2   0  -2   0   1   1   4  -3  -2  -1   13   0   3   0   0   5   0   6   0   2   2   7   0   6   7  10  33   0   0   3  0.29 0.25
   57 Q     1  -1   1  -2  -2   2  -1   1  -2  -1  -2  -1  -2   0   2   1   1  -3  -2  -1   15   2   7   0   0  13   0  11   0   3   3   2   0   6  11  11  13   0   0   2  0.20 0.19
   58 N     1  -2   2   0  -2   1  -1   0  -2  -2  -2  -1  -2  -1   2   1   2  -3  -2  -2   15   0  15   3   0   7   0   7   0   0   4   3   0   3  10  13  17   0   0   2  0.24 0.20
   59 K     1  -2   0  -2  -2   1  -1   0  -2  -2  -1   0   0   0   2   2   2  -3   1  -2   15   0   5   0   0   8   0   7   0   0   5   5   3   4  12  17  14   0   5   0  0.22 0.20
   60 G     1  -1   0  -2  -2   0  -2   3  -2  -1  -1   0   0  -1   1   1   1  -3  -2  -1   12   3   4   0   0   5   0  26   0   3   4   4   2   3   8  11  10   0   0   3  0.22 0.17
   61 F     0  -1   0  -2  -2   0  -1   1  -2  -1  -1  -2  -1   3   1   1   1  -2  -1  -1   10   4   3   0   0   5   3  12   0   3   5   0   0  19   7  11  12   0   0   3  0.14 0.16
   62 G     1  -3   0  -3  -3   0  -2   4  -1  -2  -1  -2  -2  -1  -1   1   1  -4  -3  -2   10   0   4   0   0   4   1  41   1   2   8   1   1   2   3  11   9   0   0   1  0.47 0.31
   63 F     0  -3  -2  -3  -3   0  -3   0  -3  -2   0  -3   0   6  -2   0   1   1   0  -2   10   0   1   1   0   5   0   7   0   2   6   1   2  41   2   9  10   2   1   1  0.54 0.37
   64 G     0  -4   0  -3  -4  -1  -3   5  -4  -3  -3  -2  -4  -1   1   1   0  -4  -4  -3    6   0   4   0   0   2   0  57   0   1   2   1   0   3   8   9   6   0   0   1  0.88 0.45
   65 T     1  -3   0  -2  -3   0  -2   1  -3  -2  -2  -2  -2   1  -1   3   3  -3  -3  -2   13   0   4   0   0   4   0  13   0   1   4   1   1   7   3  27  20   0   0   1  0.34 0.31
   66 G     1  -2   0  -2  -3  -1  -2   3  -2  -1   0  -1  -1  -1   1   1   1  -2  -3  -2   13   1   4   0   0   3   0  26   1   2   9   3   2   3   8  14   8   1   0   2  0.24 0.20
   67 F     0  -3  -1  -4  -3  -2  -3  -1  -3  -2  -1  -2  -1   6   1   0   1  -1  -1  -2    8   0   2   0   0   2   0   6   0   2   5   1   1  41   8   7  11   1   0   2  0.58 0.39
   68 G     1  -2   1  -3  -3   0  -3   5  -3  -3  -3  -3  -2   0   0   0   0  -4  -3  -2   10   1   6   0   0   4   0  49   0   1   1   0   1   4   5   7   7   0   0   2  0.66 0.38
   69 T     1  -1   2  -2  -3   1  -2   0  -2  -3  -2  -1  -1  -1   0   2   3  -4  -3  -2   14   2  10   1   0   8   0   8   0   0   4   3   1   3   4  17  23   0   0   2  0.28 0.27
   70 T     1  -3   0  -3  -1   1  -2  -1  -2  -3  -3  -2  -3   0   3   2   4  -4  -3  -2   12   0   4   0   1   8   0   5   1   0   2   1   0   4  17  14  29   0   0   1  0.47 0.36
   71 T     1  -1   0  -2  -3   0  -2   1  -1  -2  -2  -1  -1  -2   1   2   3  -4  -3  -1   15   2   4   1   0   5   0  10   1   1   3   3   2   2   8  14  27   0   0   2  0.30 0.28
   72 G     1  -1   1  -2  -3   1  -2   2  -3  -2  -2  -1  -2  -1   1   2   3  -4  -3  -1   15   3   6   0   0   7   0  14   0   2   3   1   0   3   6  17  21   0   0   2  0.29 0.27
   73 T     0  -3   0  -3  -3   0  -1   0  -3  -2  -2  -1  -3   0   2   3   4  -4  -3  -2    6   0   4   0   0   3   2   6   0   1   3   3   0   5  12  22  31   0   0   1  0.46 0.38
   74 G     1  -2   0  -3  -3   0  -3   3  -3  -2  -2  -2  -3   0   0   2   1  -4  -3  -1   15   1   4   0   0   4   0  27   0   1   4   1   0   5   4  19  10   0   0   4  0.35 0.30
   75 T     0  -2   0  -2  -3  -1  -1   2  -3  -2  -1  -1  -2   2   2   1   2  -3  -2  -2    9   1   5   1   0   3   2  16   0   2   4   2   0  13   9  15  16   0   0   2  0.23 0.24
   76 G     1  -2   0  -1  -1  -1  -2   3  -3  -2   0  -1   0   0   1   1   0  -3  -2  -2   14   1   3   3   1   3   0  26   0   1   9   2   2   4   6  15   6   0   1   1  0.23 0.22
   77 L     0  -3   0  -3  -3   1  -2   1  -3  -1  -1  -1  -1   5  -1   1   1  -2  -1  -1    9   0   4   0   0   6   2  10   0   2   6   4   1  30   4  10   8   0   0   2  0.29 0.28
   78 G     0  -3   0  -2  -3   0  -3   4  -3  -1  -2  -2  -1   1   1   1   0  -3  -3  -2    8   0   3   1   0   5   0  37   0   4   4   2   2   7   6  11   7   0   0   3  0.38 0.29
   79 T     0   0   0  -2  -2   1  -1   0  -1   0   0   0   1   1   1   0   0  -2   1   0    7   7   7   0   0   7   0   7   0   7   7   7   6   6   7   7   7   0   6   7  0.05 0.09
   80 G     1  -2   1  -2  -3   1  -1   2   2  -1  -2   0   0   0   1   0   0  -3  -2  -1   13   0   8   0   0   8   2  19   6   3   3   5   2   4   7   7   7   0   0   3  0.19 0.20
   81 L     1  -1   0  -2   2   1  -1   0   0  -1  -1  -1   0   1   2   0   1  -3   0  -1   12   3   5   0   6   6   3   6   3   4   5   4   3   8  10   7   9   0   3   4  0.10 0.13
   82 G     0  -1   0   0  -3   0  -2   2  -3  -3  -1   0   1   0   2   1   1  -3  -3  -1    8   4   5   6   0   5   0  18   0   0   7   4   4   5  10  10   9   0   0   4  0.17 0.18
   83 T     1  -2   0  -2  -3   1  -2   1  -2  -2  -2  -1  -2   1   1   1   3  -3  -2  -1   16   0   5   0   0   8   0  10   0   2   3   3   0   7   5  11  25   0   0   2  0.26 0.26
   84 G     1  -2   1  -2  -3   1  -1   2  -2  -2  -2  -1  -1   0   1   1   2  -3  -2  -2   15   0   6   0   0   6   2  21   0   1   3   2   1   5   9  13  13   0   0   2  0.25 0.22
   85 L     1  -2   0  -2  -2   0  -2   1  -2  -1   0  -1   0   2   2   1   1  -2  -1  -1   11   0   4   0   0   6   0   9   0   3   8   4   3  13  10   9  14   0   0   3  0.14 0.16
   86 G     0  -1   0  -2  -3   0  -2   3  -2  -1  -1  -1   0  -1   1   1   1  -3  -2  -1    8   3   5   0   0   6   0  28   0   3   5   3   3   4   8  11  11   0   0   3  0.24 0.19
   87 F     0   1   1  -2  -2   1  -1   0  -2   0   0   0   1   1   1   0   0  -2  -1   0    7   7   7   0   0   7   0   7   0   7   7   7   7   7   7   7   7   0   0   7  0.05 0.09
   88 G    -1  -3   0  -2  -4  -1  -3   4  -3  -4  -3  -3  -1   2   1   1   1  -4  -3  -2    4   0   5   2   0   3   0  41   0   0   2   0   1  11   6  11  10   0   0   2  0.55 0.37
   89 G     2  -2   0  -2  -3   0  -2   3  -3  -2   0  -1  -1   0  -1   1   0  -3  -1  -2   16   2   4   0   0   5   0  28   0   2  10   2   1   4   3  14   6   0   1   2  0.27 0.24
   90 F    -1  -3   0  -3  -1  -1  -3   1   0  -2  -1  -2  -1   4   1   1   2  -2   0  -2    5   0   3   0   1   3   0  10   2   2   6   2   1  24   7  12  17   0   1   2  0.28 0.28
   91 N     1  -3   1  -2   0  -1  -2   3  -3  -3  -2  -1  -1   0   0   2   1  -3  -3  -1   10   0   9   0   2   3   0  27   0   0   4   2   2   4   4  16  12   0   0   3  0.31 0.26
   92 T     1  -2   1  -2  -3   0  -1   1  -2  -1  -1   0   0   1   0   1   3  -3  -2  -1   11   0   6   0   0   5   3  11   0   3   4   5   3   7   4  14  20   0   0   4  0.18 0.21
   93 Q     1  -1   1  -1  -3   1  -1   1  -2  -1  -1  -1   0   1   2   0   2  -3  -2  -1   12   3   7   2   0   7   3  13   0   3   5   3   2   8   9   6  14   0   0   3  0.12 0.15
   94 Q     0  -1   0  -1  -3   2  -2   1  -2  -1  -1   0   0   1   2   0   1  -3   0  -1    9   2   5   2   0  11   0  14   0   3   5   5   2   8  12   5  10   0   4   2  0.15 0.17
   95 Q     1  -1   1  -1  -3   2  -2   1  -2  -2  -1  -1  -1   1   2   1   1   0  -2  -1   13   3   7   1   0  11   0  13   0   2   5   2   1   6  10  12  10   1   0   2  0.17 0.20
   96 Q     1  -2   0  -1  -3   2  -1   1  -2  -1  -2   0   0  -1   1   1   2  -3  -3  -1   13   0   5   2   0  13   3  13   0   2   3   5   3   3   6  12  15   0   0   3  0.20 0.22
   97 Q     1  -1   0  -3  -3   3  -1   0  -1  -2  -2   0  -1   0   1   0   3  -4  -3  -1   13   1   5   0   0  19   2   6   1   1   2   5   2   5   8   5  22   0   0   3  0.30 0.31
   98 Q     0  -1   0  -1  -3   2   0   0   1  -1   0  -1   2   0   2   1   1  -3  -2  -1    7   3   4   3   0  10   6   6   3   3   8   3   6   5   9   9  11   0   0   3  0.10 0.15
   99 Q     0   0   0  -1   1   2   0   0   0  -1  -1   0   0   0   2   0   1  -3  -2  -1    8   3   4   3   3  11   4   9   3   3   6   4   3   5  10   6  12   0   0   4  0.10 0.14
  100 Q     1  -1   1  -3  -3   2  -2   1  -3  -2  -2   0  -2   0   1   1   2  -4  -3  -1   14   3   7   0   0  13   0  11   0   2   3   5   0   5   7  11  13   0   0   4  0.22 0.25
  101 T     0  -1   0   0   2   1   0   0  -2   0   0   0   1   0   1   0   0  -3  -2   0    6   0   6   6   6   6   6   6   0   6   6   6   6   6   6   6   6   0   0   6  0.04 0.09
  102 S     1   0   1  -1  -2   1  -1   1   0  -1  -1  -1   0   0   1   1   1  -3  -2  -1   11   6   7   2   0   8   0  11   2   3   5   0   3   6   7  13  10   0   0   5  0.11 0.15
  103 L     0   0   0  -2  -2   1  -1   1   2   0   0   0   0   1   0   0   1  -3  -1   0    7   3   4   0   0  10   0  10   6   6  10   4   4   8   4   9   9   0   0   5  0.06 0.12
  104 G     1  -1   0  -1   2   1  -2   2  -2  -2  -1  -1   0   1   1   0   0  -3  -2  -1   11   4   5   4   6   8   0  16   0   0   5   3   3   8   8   6   8   0   0   4  0.12 0.15
  105 G     0  -1   0  -2  -3   2  -2   3   0  -3  -2   0   0   0   0   2   0  -3  -2  -1    6   3   4   0   0  11   0  26   2   0   3   5   3   6   4  17   5   0   0   4  0.25 0.24
  106 L     0  -1  -1  -2  -1   1  -1   1  -2   0   0  -1   1   0   1   0   1  -3  -2   0   10   2   3   0   1  11   2  10   0   5  11   3   4   6   7   7  12   0   0   6  0.08 0.13
  107 F    -1  -1  -1  -3  -1   2  -2   1  -2  -1   0  -2   1   4   1   0   1   0   0  -1    5   2   4   0   1  11   0  10   0   2   8   0   3  22   8   6   8   1   2   5  0.19 0.22
  108 S     0  -2   0  -1  -3   2  -2   3   1  -2  -1  -1   0  -1   1   1   1  -3  -3  -2    9   0   5   2   0  13   0  22   4   2   5   2   2   2   8  14   7   0   0   2  0.24 0.24
  109 Q     0   0   0  -2  -3   4  -1   0  -1  -2  -1   0  -1  -1   1   1   2  -3  -3  -1    9   4   3   1   0  23   2   7   1   1   4   5   1   3   8   8  13   0   0   4  0.24 0.25
  110 P     0  -1   0  -3  -3   3  -2  -1  -3   0  -2  -1  -1  -1   4   1   2  -4  -3  -1    6   2   5   0   0  15   0   5   0   5   2   1   1   3  25  11  12   0   0   4  0.43 0.33
  111 T     1  -1   1  -2   0   3  -1   0  -1  -2  -1  -1  -2  -1   2   1   2  -4  -3  -1   16   1   6   0   2  18   1   7   1   1   5   2   0   3   9   9  13   0   0   5  0.22 0.25
  112 Q     0  -2   0  -2   2   0   0   0   2   0   0   0   1   1   1   0   0  -2   1   0    6   0   6   0   6   6   6   6   6   6   6   6   6   6   6   6   6   0   6   6  0.05 0.10
  113 A     1  -1   0   0  -3   1   0   0   2  -1  -1   0   0   0   0   1   0  -3   0  -1   16   3   4   6   0  10   4   8   5   3   4   3   3   4   4   9   7   0   3   3  0.09 0.13
  114 P     0   0   0   0   2   0   0   0   1   0  -1   0   1   0   1   0   0  -3  -1   0    6   6   5   6   5   5   6   6   5   6   6   6   5   5   6   6   6   0   0   6  0.03 0.07
  115 A     1  -2   1   0  -3   1  -1   1   1  -1  -1  -1   0   0   2   0   1  -3   0  -1   13   0   6   5   0   9   3  10   3   5   4   3   4   5   9   6   8   0   3   4  0.09 0.14
  116 Q     1  -1   0  -1   0   3  -1   1   0  -1  -1  -1   0  -1   1   0   1   1  -3  -1   10   2   5   3   2  15   3  10   2   4   5   3   3   3   8   6  10   2   0   4  0.14 0.20
  117 S     0   0   1  -1  -1   1  -1   1  -1  -1  -1  -1  -1   0   1   1   1  -3  -1   0    8   4   8   3   1   6   4   9   1   4   6   3   2   5   6  15   8   0   2   6  0.07 0.12
  118 T     0  -1   1   1   1   1   0   0   0  -2  -1   0   0  -1   0   1   1   1  -2   0    6   3   8   7   3   6   5   9   3   0   5   4   3   3   4  13   8   3   0   7  0.07 0.12
  119 Q     1  -1   1   0  -3   1   0   0   1  -1  -1   0   0   0   2   0   0   2   0  -2   11   3   6   6   0   8   5   8   3   3   5   4   3   5  11   7   5   3   3   0  0.11 0.13
  120 L     0  -2   0   0   2   0   0   0   1   0  -1   0   1   0   0   0   0  -2   1   0    6   0   5   6   5   5   6   6   5   6   6   6   5   5   6   6   6   0   5   6  0.04 0.08
  121 I     0   0   0   0  -2   0   0   0   1   0   0   0   0   0   1   0   0  -2   0   0    6   3   5   5   0   5   5   9   4   7   8   5   3   5   6   6   8   0   3   6  0.03 0.03
  122 N     0   0   0  -2  -2   1   0   0   2   0   0   0   1   0   1   0   0  -3  -1   0    6   6   6   0   0   6   6   6   6   6   6   6   6   6   6   6   6   0   0   6  0.05 0.09
  123 T     0   0   0  -2  -2   1   0   0   2   0   0   0   1   1   1   0   0  -2   1   0    6   6   6   0   0   6   6   6   6   6   6   6   6   6   6   6   6   0   6   6  0.04 0.08
  124 A     1  -1   0  -1   1   1  -1   0   0   0  -1  -1   0   0   1   0   1  -3   0   0   15   3   4   3   4   7   4   7   3   7   5   3   3   4   7   6   8   0   3   6  0.05 0.08
  125 S     0   0   1   0  -3   1   0   0   2  -2  -1   0   1   0   1   0   0  -2   1  -1    6   6   6   6   0   6   6   6   6   0   6   6   6   6   6   6   6   0   6   6  0.05 0.09
  126 A     0   0   0  -1  -2   1   0   0  -2   0   0   0   1   0   1   0   0  -2  -1   0    7   7   7   0   0   7   7   7   0   7   7   7   6   6   7   7   7   0   0   7  0.05 0.08
  127 L     0  -2   0  -1   0   1  -1   0   0   0   1  -1   0   1   1   0   1  -2   0   0    7   0   4   4   3   7   3   7   3   5  14   3   3   8   7   6   9   0   3   6  0.04 0.08
  128 S     1  -1   0  -2   2   0  -1   1   0  -1  -1  -1   0   0   1   1   1  -3   0  -1   10   2   3   0   5   5   4  12   2   2   4   4   2   5   6  14  11   0   4   4  0.11 0.15
  129 A     0   0   0   0   2   0   0  -1   1   0  -1   0   1   0   0   0   0  -2   1   0    5   5   5   5   5   5   5   5   5   5   5   5   5   5   5   5   5   0   5   5  0.03 0.05
  130 P    -1  -4  -1  -5   3   0  -4   0   1  -1  -2  -1   1  -1   5  -1   0  -5   1   0    5   0   3   0   6   4   0   7   3   3   3   3   3   3  34   4   5   0   5   6  0.65 0.45
  131 T     0  -1   1  -1   0   2   0   1   0  -1  -2   0   0  -1   1   1   1  -4  -3  -1    7   2   9   2   2  10   4   9   3   4   4   6   3   2   6  13  12   0   0   3  0.13 0.17
  132 L     0  -1  -2  -4  -3  -1  -2  -1  -3   3   2  -1   1   0   0  -1   0  -3   0   1    6   2   2   0   0   3   2   4   0  16  26   3   2   4   5   4   6   0   3  11  0.21 0.20
  133 L     0  -2   0  -2   2   0  -2   0   2   0   0  -2   1   1   1   0   0  -2   1   0    6   0   6   0   6   6   0   6   6   6   6   0   6   6   6   6   6   0   6   6  0.04 0.14
  134 G     0  -1   1   0  -3   1   0   4  -2  -3  -1  -1  -2  -1   0   0   0  -3  -3  -1    6   4   6   4   0   6   4  38   0   0   6   4   0   4   5   5   4   0   0   4  0.33 0.24
  135 D     0   0   1   4  -3   1   0  -1   1  -3  -2  -1   0   1   0   0   0  -3  -2  -2   10   4   8  28   0   8   4   4   3   1   3   1   3   8   3   3   7   0   0   1  0.26 0.22
  136 E    -1  -1   1   2  -3   1   2   1   0  -3  -2   0  -1  -1   0   0   0   2  -2  -3    4   3   8  12   0   6  20  12   2   1   3   4   2   3   4   4   8   3   0   1  0.21 0.18
  137 R    -1   4   1   0  -1   2  -1   2  -2  -2  -2   0  -1  -2  -1   0  -1  -3  -3  -3    5  27   6   5   2  11   2  15   0   2   4   4   2   2   3   6   4   0   0   1  0.29 0.24
  138 D    -1  -2   2   4  -3   2  -1   0  -2  -2  -2  -2  -1   0   0   0   1  -3  -3  -2    5   1  11  31   0  10   2   6   0   2   2   1   1   6   5   7   8   0   0   3  0.38 0.29
  139 A     1   1   1  -1  -1   2   0   1  -2  -2  -1   0  -1  -3   0   1   1  -3  -2  -1   12   9   7   2   1  14   5  12   0   2   5   4   2   0   4  11   8   0   1   2  0.15 0.16
  140 I     0  -2   0   0   2   0  -1   0   2   0   0   0   1   1   1   0   0  -2   1   0    6   0   6   6   6   6   0   6   6   6   6   6   6   6   6   6   6   0   6   6  0.04 0.10
  141 L     0   0   0   0  -2   1   0   0  -1   0   0   0   1   0   1   0   0  -2   1   0    6   6   6   6   0   6   6   6   0   6   6   6   6   6   6   6   6   0   6   6  0.03 0.06
  142 A     2  -1   0   0   1   0  -1   0   0  -1  -2  -1   0  -1   0   1   1  -4  -3  -1   25   3   3   5   3   4   3   8   3   3   4   3   3   3   4  11   9   0   0   3  0.14 0.19
  143 K    -1   2   0  -1  -4   2  -1  -1   0  -2  -2   3   0  -1   0   0   1  -4  -1  -2    5   9   3   2   0  12   3   5   2   2   4  25   3   3   4   5   8   0   2   2  0.25 0.26
  144 W     0  -2  -2  -2  -2   1   0   0   2   0   0  -2   1   1   1   0   0   4  -1   0    7   0   0   0   0   7   7   7   7   7   7   0   7   7   7   7   7   7   0   7  0.11 0.14
  145 N     0   0   4   0  -3   1   1   0  -2  -3  -3   0   1  -1   1   0   0  -3  -2  -1    7   5  27   4   0   5   7   8   0   0   1   4   5   4   8   5   7   0   0   4  0.26 0.22
  146 Q     0   1   1  -2  -3   4  -1  -1   1  -1  -1   0   0  -1  -1   1   1   1   0  -2    7   7   8   0   0  24   0   3   4   3   6   3   2   2   2  13   7   2   3   2  0.22 0.25
  147 L     0  -2  -1  -3  -3   0  -2   0  -3   1   2  -1   2   0   0   0   1  -3   0   0    9   0   3   0   0   5   0   7   0   7  28   3   5   2   5   4  13   0   4   3  0.15 0.20
  148 Q     0   0   0  -2  -2   1   0   0   2   0   0   0   1   1   1   0   0  -2   1   0    6   6   6   0   0   6   6   6   6   6   6   6   6   6   6   6   6   0   6   6  0.04 0.08
  149 A     0   0   0  -2  -2   1   0   0  -1   0   0   0   1   1   1   0   0  -2   1   0    6   6   6   0   0   6   6   6   0   6   6   6   6   6   6   6   6   0   6   6  0.04 0.08
  150 F     0  -2   0   0   2   0  -1   0  -2   0   0   0   1   1   1   0   0  -2   1   0    6   0   6   6   6   6   0   6   0   6   6   6   6   6   6   6   6   0   6   6  0.04 0.10
  151 W     0  -3   0  -3   1   1  -1  -1  -2  -1  -1  -1   0   1  -1   1   0   6   0  -1    8   0   6   0   3   8   3   4   0   4   6   3   3   8   3  11   7  16   3   4  0.29 0.23
  152 G     0  -3   0  -3  -4   0   0   5  -3  -4  -2  -1  -3  -1  -4   0  -1  -4  -4  -2    6   0   5   0   0   3   7  53   0   0   4   3   0   3   0   6   4   0   0   4  0.74 0.41
  153 T     1  -1   0  -3   0   2  -2  -2  -1   0  -2  -2   0   2  -3   1   3   1  -1   0   10   2   4   0   2   9   2   2   2   6   3   2   2   9   0   8  26   2   2   6  0.25 0.25
  154 G     0  -1  -1  -3  -4   0  -4   5  -4  -4  -3  -3  -4  -4   1  -1  -1   2  -1  -2    7   4   3   0   0   4   0  55   0   0   3   0   0   0   7   5   4   2   2   2  0.87 0.46
  155 K     0   0   0   0   2   0   0   0   1   0  -1   0   1   0   1   0   0  -3  -1   0    6   6   5   6   5   5   6   6   5   6   6   6   5   5   6   6   6   0   0   6  0.03 0.07
  156 G     0  -1   0  -3  -3   0  -3   3  -3  -1  -1  -1   0   0   1   0   0  -3   0   0    8   3   6   0   0   4   0  28   0   4   5   4   3   4   8   6   6   0   3   8  0.23 0.22
  157 Y     0  -2   0  -2  -2   1   0   0  -1   0   0  -1  -1   1   1   0   0   4   1   0    7   0   7   0   0   7   7   7   0   7   7   0   0   7   7   7   7   7   7   7  0.10 0.12
  158 F    -1  -1   0  -1   1  -1  -3  -1   1  -2   0  -2  -1   3  -2   0  -1   1   5  -1    5   3   5   3   4   3   0   5   3   2   9   2   2  13   2   6   4   2  25   3  0.38 0.31
  159 N     1   0   2   0  -1   1  -1   0   0  -3  -2   0   0  -1  -1   2   0  -4  -1  -2   14   4  11   5   1   7   2   7   2   0   3   6   2   3   3  17   6   0   3   2  0.18 0.20
  160 N     0  -1   2   0  -3   3   0   1   0  -2  -1   0  -1   0   1   1   1  -4  -3  -2    8   2   9   3   0  15   5   9   2   2   6   4   2   4   6  10   9   0   0   2  0.16 0.20
  161 N    -1  -1   4   0  -1   1  -1   3   0  -2  -2  -1   0  -1  -1   0   1  -4  -4  -3    5   3  19   6   1   7   3  22   2   2   3   2   2   3   3   7  10   0   0   1  0.32 0.28
  162 I     0   0   0   0   2   0   0  -1   1   0  -1   0   1   0   0   0   0   3  -2   0    5   5   5   5   5   5   5   5   5   5   5   5   5   5   5   5   5   5   0   5  0.05 0.09
  163 P     0  -1   0  -1  -4   3   0  -1   1  -1  -1  -1  -3  -1   4   0  -1  -4   0   0    7   3   4   4   0  13   5   5   3   3   5   3   0   3  19   9   4   0   4   6  0.24 0.24
  164 P     0  -1  -1   1   0   0  -3  -1   0  -1  -2   0   0   0   5   0   0  -4  -4  -1    8   4   3   7   2   3   0   5   2   3   3   5   2   5  32   7   7   0   0   3  0.48 0.36
  165 V     0  -3  -1  -1   0   1  -1  -2  -3   2   0  -2   0   1  -1  -1   0  -3   0   3    6   0   3   3   2   7   3   3   0  13   7   2   3   6   4   4   5   0   3  28  0.21 0.23
  166 E     0  -2   0   2  -3   0   3   0   0  -2  -2  -1  -3  -1   1   0   1  -4  -1  -2    9   0   5  10   0   4  23   7   2   2   3   3   0   4   5   7  11   0   2   3  0.23 0.24
  167 F    -1  -2  -2  -2  -4   1  -3  -1  -1   0  -1  -3  -1   5  -2   0  -1   4   4   0    4   2   1   2   0   6   0   4   1   6   6   0   1  25   2   9   4   6  14   6  0.46 0.36
  168 T     0  -1   3   1  -4   1  -1   0  -3  -2  -2  -1  -3  -2   0   1   4  -4  -4  -3    7   2  17   6   0   5   4   6   0   2   4   3   0   2   4  10  28   0   0   0  0.39 0.36
  169 Q     1  -2  -1  -3  -4   2  -2  -1  -2  -3  -1  -1   2  -1   5   0   0  -1  -4  -2   11   1   2   1   0  11   2   4   1   1   6   3   5   2  33   5   7   1   0   2  0.59 0.43
  170 E    -1  -2   1   1  -2   3   2   1   0  -4  -3  -1  -1  -2  -1   1   0  -1  -3  -2    3   0   8   9   1  14  17  10   2   0   3   3   2   1   3  12   6   1   0   2  0.29 0.28
  171 N    -2  -3   6   0  -5   1  -3   1   1  -5  -5  -2  -4  -5  -2   1   0  -5  -4  -3    3   0  48   5   0   7   0  10   3   0   1   2   0   0   2  11   5   0   0   2  1.00 0.58
  172 P    -2  -2  -2  -4  -5   0   0  -3  -1   0  -1  -3  -2  -2   6  -1   0  -5  -1  -2    2   2   1   0   0   5   5   2   2   5   8   1   1   2  48   5   5   0   2   3  0.95 0.54
  173 F    -2  -4   0  -3  -2   1  -4  -3  -2  -1   1  -2   0   6  -3  -1   1  -2   2  -2    3   0   4   1   1   6   0   2   1   2  13   2   2  38   1   5   9   0   6   2  0.63 0.42
  174 C     0  -4   2  -3   7   0  -2   0   2  -2  -3  -3  -3   1  -2   0  -1  -3   2  -2    6   0  11   1  29   4   3   6   6   3   2   1   0   7   2   5   4   0   9   2  0.69 0.42
  175 R     0   5  -1  -3   0   3  -2  -1   1  -1  -2   1  -1  -4  -1   0   0  -1  -3  -1    7  33   2   1   2  13   1   5   3   3   4   7   2   0   3   6   5   1   0   4  0.43 0.33
  176 F    -1  -3   0  -1  -3   1  -2  -1  -2   0   0  -2   2   3   0   0   2   2   1  -1    4   0   5   4   0   7   0   5   0   4   9   0   7  19   5   8  13   3   3   4  0.18 0.21
  177 K     0   0   0  -1  -3   1  -1   0   0  -1  -1   3   0   0   0   1   0  -3  -2   0    5   4   3   3   0   6   0   8   3   4   5  23   3   4   4  12   6   0   0   6  0.12 0.17
  178 A     0  -1   0   0   2   0   0   0   2   0  -1   0  -1   0   1   0   0  -2   1   0    6   0   6   6   6   6   6   6   6   6   6   6   0   6   6   6   6   0   6   6  0.04 0.08
  179 V     0  -2   1  -2  -2   1  -2   0   2   0   0  -2   1   1   1   0   0  -2   1   0    7   0   7   0   0   7   0   7   7   7   7   0   7   7   7   7   7   0   7   7  0.08 0.12
  180 G     0   0   1  -2   2   0  -2   2  -2  -2  -1   0  -1   2  -2   1   1  -2  -1  -1    6   5   7   0   5   6   0  20   0   0   7   8   0  12   0   9   8   0   0   5  0.13 0.15
  181 Y     0  -1   0  -3  -3   1  -3  -2  -1  -3  -1  -1   1   2   0  -1   0  -1   6  -1    7   2   5   0   0   6   0   3   0   0   4   4   4  10   6   3   5   0  36   3  0.54 0.36
  182 S     0  -1   4  -1   0   1  -1   0   0  -2  -3  -1  -2   0   0   2   1  -3  -2  -2    6   2  22   2   2   6   2   7   2   2   0   2   0   6   4  22  10   0   0   2  0.28 0.25
  183 C     0   1  -1  -1   1   1  -1   0  -2   0  -1   1  -1  -2   1   1   1  -3  -1   0    6  12   2   2   3   7   2   7   0   6   5   8   0   2   5  11  10   0   1  11  0.08 0.11
  184 M     0   0   0  -2  -3   1   0   0  -2   0   0   0   1   1   1   0   0   3   1   0    6   6   6   0   0   6   6   6   0   6   6   6   6   6   6   6   6   6   6   6  0.07 0.11
  185 P    -1   0   0  -3   0   2  -1   0  -3  -4  -2  -1  -3  -1   5   2   0  -4  -1  -2    4   5   4   0   2   9   3   7   0   0   4   3   0   3  26  18   5   0   3   3  0.45 0.35
  186 N     0   0   1   0  -3   1   0   1   0  -1  -1   0   0  -1   0   1   1  -3  -2  -1    4   4   6   6   0   7   7  14   2   2   6   5   3   3   4  10  13   0   0   4  0.10 0.12
  187 N     1  -1   2   0  -1   1   0  -2   1  -2  -3  -1  -1   2  -1   1   1   1   2  -2   12   3  10   4   1   5   6   2   4   1   0   3   1   9   3  11  11   2   9   2  0.17 0.20
  188 K     0   0   2   0   1   2   1   0   1  -3  -3   1  -2  -3   0   1   1  -3  -3  -1    5   5  10   5   4  11   6   8   4   0   0  11   0   0   5   9  13   0   0   4  0.20 0.18
  189 D     0   0   1   0  -2   1   0   0   2  -1  -1  -1   1   0   1   0   0  -3  -1   0    7   7   7   7   0   7   7   7   6   0   7   0   6   6   7   7   7   0   0   7  0.06 0.11
  190 E     1   0   0   0  -2   1   1   0  -1  -2  -1   1   0   0   0   1   0  -2   0  -2   11   5   5   5   0   8  11   7   0   0   7   9   3   4   4  10   7   0   3   0  0.10 0.11
  191 D    -1  -2   1   3  -3   0   2   0   1  -1  -1  -1   0   0   0   0   0  -3  -2  -1    4   0   5  24   0   3  14   7   5   3   4   3   3   5   4   5   8   0   0   3  0.22 0.20
  192 G    -1  -3   0   0   1   1  -1   4  -3  -4  -2  -1  -3   0  -4   1   0  -4   0  -1    5   0   4   5   4   8   4  36   0   0   4   4   0   4   0  10   5   0   4   4  0.41 0.31
  193 L    -1   0  -1  -1  -3   1  -1  -1   1   1   2   0   1   1   0  -1  -1  -3   0   0    3   5   3   3   0   6   3   5   4   9  26   5   3   7   4   4   4   0   3   3  0.09 0.13
  194 V    -2  -4  -4  -4  -1  -1  -4   0  -4   1   0  -1   1   3  -2  -2   0  -4  -3   5    2   0   0   0   1   3   1   8   0   8   8   4   3  12   2   3   5   0   0  40  0.52 0.36
  195 V     2  -2   0  -3   1   0  -1   2  -2  -1  -2  -2  -1   0  -1   2   1  -4  -1  -1   20   1   5   0   3   3   2  19   1   3   2   2   1   4   3  15   8   0   2   5  0.24 0.23
  196 L    -1  -3  -2  -4  -3   0  -1  -1  -3   2   4  -1   2   0  -1  -1  -1  -3  -1   0    3   1   2   1   0   4   4   4   0  10  41   4   4   4   3   6   4   0   2   5  0.34 0.26
  197 I    -1  -1   0  -2  -1   0   0  -1  -1   2   0  -2   1   0  -2   0   1  -3   0   1    3   3   6   2   1   5   6   4   1  14  10   1   5   4   2   6  12   0   3  13  0.09 0.13
  198 F    -1  -1  -1  -2   0  -1  -2  -2  -3   1   1  -2   2   3  -1  -1   0   0  -1   1    3   4   2   2   3   3   2   3   0   9  16   2   6  18   2   4   8   2   0   9  0.18 0.18
  199 N     0   0   3  -1   1   1  -1   1   0  -2  -4   1  -3  -4   0   1   0  -4   0  -2    8   5  20   3   3   7   2  12   2   2   1   9   0   0   4  10   5   0   3   3  0.25 0.23
  200 K    -1   1   1  -3  -1   1  -1  -1   1  -1  -2   4   0  -1  -1  -1   0  -4   0   0    5   6   8   0   2   7   2   5   3   3   3  29   2   3   3   3   5   0   3   6  0.25 0.25
  201 K    -1   0   0   1  -4   1   0  -1  -3  -4  -3   2  -3  -1   4   1   0  -5  -4  -2    4   5   4   8   0   7   6   5   0   0   3  13   0   3  23   9   4   0   0   4  0.40 0.31
  202 E     1  -1  -1  -1  -1   1   2  -2   0   0  -1  -1  -1   0   1   0   0   0   1   0   11   2   3   3   1   7  17   2   2   7   7   2   1   5   8   7   4   1   4   6  0.10 0.15
  203 T     1  -2   1   1  -4   1   2   0  -1  -4  -2   0  -1   0  -1   2   2  -4  -2  -2   10   1   6   6   0   5  12   6   1   0   3   4   1   4   3  19  14   0   1   2  0.23 0.26
  204 D     0   0   0   0  -3   0   0   0  -2   0  -1   0   1   0   0   0   0   3   1   0    6   6   5   6   0   5   6   6   0   6   6   6   5   5   6   6   6   5   5   6  0.06 0.08
  205 I    -1  -4  -1  -4   0  -1  -2  -1   0   2   2  -3   1   1  -1  -1   1  -3   0   3    5   0   3   0   2   3   2   5   3  10  18   0   3   7   4   5   8   0   3  20  0.20 0.20
  206 R    -1   0   0   0   2   0   0  -1   2   0  -1   0   2   0   0  -1   0   3   1  -1    5   5   5   5   5   5   5   5   5   5   5   5   5   5   5   5   5   5   5   5  0.08 0.08
  207 S     1  -1   2   0  -3   0   0   0  -2  -2  -2   0  -1  -1   1   2   2  -4  -1  -1   12   2   9   6   0   4   4   8   0   2   3   7   2   3   7  14  12   0   2   3  0.16 0.19
  208 Q     0  -1   2   0  -4   4   0   1   1  -2  -1   0   0  -2  -2  -1  -1  -4  -1  -1    6   3  12   5   0  21   6   9   3   2   7   6   3   2   2   4   4   0   2   4  0.23 0.26
  209 Q    -1   1   0  -2  -5   5   1  -2   0  -2  -2   2  -3  -1  -1   0  -1   0  -4  -2    4   8   4   2   0  29   7   3   2   2   3  15   0   3   3   8   3   2   0   3  0.46 0.40
  210 Q     0   0   1   0  -2   1   0   0   2   0  -1   0   1  -2   1   0   0  -3  -2   0    6   6   6   6   0   6   6   6   6   6   6   6   6   0   6   6   6   0   0   6  0.06 0.08
  211 Q     0   0   1  -1  -3   4   0   0   0  -2  -1   2  -2  -1  -1   1   0  -3  -3  -1    7   3   6   2   0  26   3   7   3   2   7  11   0   3   2   8   5   0   0   4  0.24 0.26
  212 L     0  -1   0  -2   1   1  -2   0  -2   1   1  -2   1   1   0   0   0  -2   1   0    5   4   5   0   3   8   0   8   0   9  18   0   4   8   4   6   5   0   5   7  0.05 0.11
  213 V     0   0   0  -2   1   1   0   0  -2   1   0   0  -1   0   1   0   1  -3  -2   1    7   4   5   0   4   7   7   6   0  13   7   4   0   4   6   7   9   0   0  11  0.04 0.08
  214 E    -1  -2   1   3  -4   3   2   0   0  -3  -3  -1  -3  -2   0   1   0   1  -3  -3    3   0   6  16   0  16  15   7   2   1   3   3   0   2   4  12   7   2   0   1  0.35 0.31
  215 S     1  -1   0  -1   0   0   0   1   0  -2  -2   0  -2  -1   0   2   1  -4  -3  -1   11   2   5   3   2   3   7  12   3   2   3   4   1   3   5  21  10   0   0   4  0.17 0.19
  216 L    -2  -4  -3  -4   1  -2  -3  -2  -4   2   4  -4   2   0  -1  -3   0   1  -3   0    3   0   1   0   3   2   1   3   0  10  49   0   4   4   3   1   7   2   0   5  0.57 0.38
  217 H    -1   0   4  -1  -1   2  -1   0   4  -3  -3   0  -1   2  -3   1  -1  -3   1  -2    3   5  20   2   2   9   2   6  11   0   2   4   2  12   0   9   4   0   5   2  0.35 0.30
  218 K     0   1   2  -1  -3   2   0   1  -2  -2  -2   2  -1  -1   0   1   1  -4  -3  -2    8   9  10   3   0  11   5  10   0   2   3  13   1   2   3   9   8   0   0   3  0.18 0.18
  219 V     0  -1  -2  -2  -1  -1  -2  -2  -3   3   2  -2   0  -1   0  -1  -1   0   0   1    7   3   2   2   1   2   2   3   0  25  23   1   2   2   4   5   3   1   3   8  0.22 0.21
  220 L    -1  -3  -3  -3   2   0  -3  -1  -2   1   2  -2   2   3   0   0   0  -2   1   1    4   0   0   0   5   5   0   4   0   8  22   0   6  14   5   6   4   0   4  11  0.18 0.17
  221 G     1   0   0   0  -3   2   0   3  -2  -1  -1   0   0   0  -2   0   0  -3  -2  -1   11   4   5   4   0  12   4  25   0   4   4   4   4   6   0   4   5   0   0   4  0.18 0.17
  222 G     0   0   3   0   0   2  -2   1   0  -3  -2   0  -2  -3  -1   1   1  -4  -3  -1    8   6  18   3   3   9   0  12   3   0   3   4   0   0   3  11   8   0   0   5  0.23 0.22
  223 N     0   1   2  -1   1   1  -1  -1   1  -3  -2   2   0  -3   2   1   0  -4  -3  -2    6   9  14   3   3   9   0   5   4   0   4  15   3   0   9   9   4   0   0   3  0.23 0.22
  224 Q     0  -1   0  -1  -3   2   0  -1   1  -1  -1   0  -1  -1   4   0   0  -3   0  -1    7   2   5   3   0  13   6   3   4   2   4   5   2   2  19   6   6   0   3   6  0.24 0.20
  225 T     0   0   0   0  -2   1   0   0   1   0  -1   0   1   0   1   0   0  -2   1   0    6   6   5   6   0   5   6   6   5   6   6   6   5   5   6   6   6   0   5   6  0.03 0.06
  226 L    -1  -3  -3  -1   1   1  -1  -2   0   1   2  -2   1   0   0  -1   0  -3   0   1    3   0   0   2   3   7   4   3   3   9  26   0   3   4   5   3   7   0   3  13  0.14 0.17
  227 T     0   0   1  -1  -3   1   0   0   1   0  -1   0   0   0   0   1   1  -3   0  -1    5   4   9   0   0  10   7   6   4   7   4   4   3   5   3  10  10   0   3   3  0.08 0.12
  228 V     0  -1  -1  -1  -3   0  -2  -1  -3   1   0  -2   0   1   1   0   0  -3  -2   3    9   3   3   3   0   5   0   4   0   9   7   0   3   7   8   6   5   0   0  27  0.17 0.20
  229 N    -1   0   1  -1   2   1   0   0   2   0  -1   0  -1   0   0   0   0  -3  -1   0    4   4   8   2   6   7   7   8   8   7   4   5   2   5   5   6   6   0   2   6  0.06 0.09
  230 V    -1  -2  -2  -1   1   0  -1  -2  -3   3   0  -1   1   0  -2  -1  -1   1   0   2    4   2   2   4   3   5   3   4   0  23   9   3   4   5   2   4   2   2   3  15  0.19 0.19
  231 E     0  -1   0   2  -4   1   3  -1   1   0  -2  -1   0   0  -1   0   1  -4  -1  -1    6   2   5  11   0   7  20   5   3   5   2   3   2   4   3   7   8   0   2   3  0.18 0.21
  232 G     0  -1   0   1   1   1  -1   0   0  -1  -1  -1  -2   0  -1   2   0   4   0  -1    7   3   4   9   3   6   3   9   3   3   6   3   0   4   3  17   6   6   3   3  0.12 0.15
  233 I     0  -1  -1  -3  -3   1  -1  -1  -3   2  -1  -1   1   0  -1   0   0   2   0   2    7   3   4   0   0   6   3   4   0  15   5   3   4   4   3   6   5   3   3  19  0.15 0.19
  234 K     0   3   0  -1  -4   2   0  -2  -3  -2  -3   4  -3  -2  -1   0   0  -5  -4  -2    7  17   3   3   0   8   5   3   0   2   2  31   0   2   2   6   5   0   0   3  0.45 0.37
  235 T     1  -1  -3  -1  -4   1   1  -1   0  -2  -2  -1  -1  -2   4   2   1   1  -3  -2   13   2   0   3   0   6   8   4   3   3   3   4   2   2  21  15   7   2   0   3  0.34 0.30
  236 L    -1   0  -3  -2   0   1  -3  -2   0   1   3  -2   1   0  -1  -1   0   0   0   1    5   5   0   2   2   7   0   3   3   8  30   1   3   4   2   5   5   1   3   9  0.16 0.19
  237 P     0  -3   1   1  -2   0   0   1  -2  -2  -3  -3  -1  -3   4   1   2  -4  -1  -4    6   0   5   9   1   5   5  11   1   2   2   0   1   1  25  11  11   0   3   0  0.47 0.36
  238 D     1  -1   2   4  -4   2   3  -2  -3  -4  -3  -2  -1  -5   0   1   0  -5  -2  -2   10   2   9  22   0   8  19   3   0   0   2   1   1   0   4   8   6   0   1   3  0.43 0.35
  239 D    -1   1   2   2  -4   2   0   0  -2  -1  -1   0   1  -1  -1   0   0  -4   0  -1    4   7  11  10   0   9   5   8   0   5   4   6   4   3   3   7   7   0   3   4  0.11 0.15
  240 Q     0   0   0   0   2   0   0  -1   1   0  -1   0   1   0   0   0   0  -2   1   0    5   5   5   5   5   5   5   5   5   5   5   5   5   5   5   5   5   0   5   5  0.03 0.05
  241 T     1  -2   0  -1   4   0  -1  -1  -2  -2  -1  -1   0  -1   0   1   3  -3  -2   0   10   0   5   3   9   6   3   5   0   0   4   3   3   3   4  11  24   0   0   7  0.21 0.22
  242 E    -1   0   1   0   0   3   2   0  -2  -2  -1  -1   1  -3   0   0  -1  -3   0  -1    5   5   9   3   2  21  17   6   0   2   5   0   4   0   5   5   3   0   4   3  0.23 0.24
  243 V     0   1   1  -2  -2   1  -1  -2  -1   0   0   0   1   1   1   0   0  -2   1   0    7   7   7   0   0   7   0   0   0   7   7   7   7   7   7   7   7   0   7   7  0.07 0.11
  244 V     0  -1  -1  -2   1   2  -1  -2  -2   1   0  -1   0   0   1   0   1   0   0   1    9   3   3   1   4  11   3   2   0   8   9   2   2   5   6   6   9   2   3  13  0.07 0.12
  245 I    -2  -2  -1  -1  -1   1  -2  -3  -3   4   1  -2   1   3   0  -2  -1  -3  -2   1    2   2   3   3   1   6   2   2   0  26  13   2   3  12   5   2   2   0   0  11  0.27 0.24
  246 Y     0  -1  -3  -4   1   1  -3   0   2  -1  -1  -1   1   1  -4   0   1  -2   6  -2    6   3   0   0   3   6   0   8   4   4   4   3   4   6   0   8   8   0  30   3  0.44 0.35
  247 V     0  -1   0  -1  -3   0  -2  -1  -3   1   0  -1   0   0   0  -1  -1  -3  -2   3    8   3   4   3   0   4   0   4   0   9   8   3   2   5   5   4   3   0   0  34  0.20 0.22
  248 V    -1  -1   0  -1  -3   2   0  -1  -2   1  -1   0   0  -1   0   0   1   2   0   0    5   3   5   3   0  14   4   5   0  11   5   4   3   3   4   9  11   3   3   5  0.09 0.14
  249 E     0   0   0   1  -4   2   4  -1   1  -1  -2   0  -3  -1   0  -1  -1  -4  -3  -3    6   4   4   8   0  10  33   4   3   4   4   4   0   4   4   4   4   0   0   0  0.39 0.32
  250 R    -1   2   0  -1   1   1   0   0   0  -1  -2   2   0  -1   0   0   0  -3   0  -1    5  15   5   3   3   7   4   6   3   5   3  13   3   3   4   5   5   0   3   4  0.11 0.13
  251 S     0   0   0   0  -3   1   0   0   2   0  -1  -1   1   0   1   0   0   3  -1   0    6   6   6   6   0   6   6   6   6   6   6   0   6   6   6   6   6   6   0   6  0.07 0.11
  252 P     0   0   0   0   2   1   0   0  -2   0   0   0   1   0   1   0   0  -3  -2   0    6   6   6   6   6   6   6   6   0   6   6   6   6   6   6   6   6   0   0   6  0.04 0.07
  253 N    -1  -1   3   0  -3   1  -1   1   0  -1  -1  -2   1  -1   0   1   1  -3   0  -1    4   3  18   4   0   9   3  10   2   2   7   0   4   2   4   8  11   0   3   5  0.15 0.20
  254 G     0  -1   0   0  -2   1   0   0  -1   0   0   0   1   1   1   0   0  -2   1   0    6   0   6   6   0   6   6   6   0   6   6   6   6   6   6   6   6   0   6   6  0.04 0.08
  255 T     0   0   0   0   2   1   0   0   1   0  -1   0   1  -2   1   0   0  -3   1   0    6   6   5   6   5   5   6   6   5   6   6   6   5   0   6   6   6   0   5   6  0.04 0.08
  256 S     0  -2  -1   0  -2   1   0   0  -1   0   0   0  -1  -1   0   2   2  -1  -1  -1    9   1   2   4   0   6   5   5   1   7  11   5   1   3   5  17  12   1   2   3  0.09 0.14
  257 R    -2   4  -1  -1   0   2  -1  -2   2   0  -2   3  -1  -3  -1  -2   0   0  -3  -1    3  25   3   2   2  10   3   3   5   6   3  18   1   1   2   2   5   1   0   4  0.39 0.30
  258 R    -1   5   0  -2  -1   1  -1  -2  -1  -1  -2   3   0  -1  -1  -1  -1  -1  -3  -2    4  33   4   2   1   5   4   3   1   5   3  16   2   3   3   5   3   1   0   3  0.47 0.36
  259 V     0  -3  -1  -2  -1   0  -3  -3  -4   4   1  -3   0   0  -2  -2  -1   2  -1   3    7   1   3   2   1   6   0   2   0  30  10   1   2   3   2   3   4   3   2  19  0.39 0.31
  260 P    -1  -1   1  -1  -2   2   0   0   1  -3  -1  -1  -3  -2   4   1   0  -4  -2  -2    5   4   6   2   1  12   6   7   3   1   7   2   0   2  24  10   5   0   1   3  0.36 0.29
  261 A     4  -4   0  -1   0   0  -2  -1  -2  -1  -1  -2  -3  -4  -1   1  -1   1  -4  -1   45   0   4   3   2   5   2   3   1   3   5   2   0   0   3  12   4   2   0   4  0.52 0.42
  262 T     0  -1   1   0  -3   3  -1  -1  -3   0  -2   0   0  -4  -2   2   3   0  -3  -2    6   3   8   4   0  14   4   4   0   7   4   4   2   0   1  17  17   1   0   2  0.27 0.29
  263 T     0  -1   0   2  -4   2   3  -1   0  -1  -2   0   0  -3  -1   0   1   0  -1  -1    7   3   3  11   0  10  20   4   3   4   4   4   3   0   2   4   9   2   2   4  0.19 0.21
  264 L    -2  -4  -1  -1  -4  -1  -1  -3  -4   2   4  -4   0   0  -4  -1  -1   1   0   1    3   0   4   4   0   3   3   2   0  13  38   0   2   3   0   5   4   2   3   9  0.38 0.31
  265 Y     2  -1   0  -1   1  -1  -1  -1   1  -1  -1   0   0   2  -1   0  -1  -2   3   0   18   3   5   4   3   2   2   4   4   3   5   5   3   8   2   5   2   0  14   7  0.13 0.18
  266 A     1  -1   2   1  -3   2   1   0   0  -2  -1  -1   0  -3  -1   1   0  -4   0  -2   13   3  12   8   0   9   7   5   2   2   6   3   3   0   2  12   6   0   4   2  0.15 0.19
  267 H     0   1   0  -1  -3   0  -1  -1   1   0   0   0   1   1   1   0   0  -2   2  -1    9   8   5   3   0   4   3   3   5   7   7   6   5   7   6   6   4   0   8   3  0.06 0.10
  268 F     0  -2   0   0  -3   0   0   0   2   0  -1   0   1   1   0   0   0   3   1   0    6   0   5   6   0   5   6   6   5   6   6   6   5   5   6   6   6   5   5   6  0.07 0.11
  269 E    -1   0   4   3   0   1   1  -1   0  -3  -2   0   0  -4  -2  -1   0   1  -2  -3    6   4  21  15   2   7   7   5   3   2   4   6   2   0   2   4   5   2   2   2  0.31 0.28
  270 Q     0   0   0   0  -4   3   0  -2   0  -1  -2   1   0  -1   3   0  -1   2   0  -1    6   4   4   4   0  17   5   3   3   4   4   8   3   3  13   6   4   3   3   3  0.22 0.24
  271 A     0   0   0   0  -3   0   0   0  -2   0  -1   0   1   0   0   0   0   3   1   0    6   6   5   6   0   5   6   6   0   6   6   6   5   5   6   6   6   5   5   6  0.06 0.08
  272 N    -1  -1   4   0  -5   1  -2  -2   1  -4  -3  -1   3  -5  -2   2   2  -6  -2  -3    5   3  24   6   0   6   1   2   4   1   2   3   7   0   2  18  13   0   2   2  0.51 0.44
  273 I     0  -1   0  -3   0   3  -2  -4  -1   2   0  -2  -1  -2   4  -1  -1  -4   1   0    9   3   5   1   2  14   2   0   1  11   8   1   1   1  18   5   3   0   6   7  0.33 0.32
  274 K     0   1   2   0  -2   2   1  -3  -2  -6  -5   5  -5  -4  -1   1  -2   1  -3  -4    8   8   9   4   1   8   7   1   1   0   1  34   0   1   3   9   1   2   1   1  0.61 0.48
  275 A     0  -2   1  -2   5   3  -2  -3  -1  -1  -2  -2   0  -3   2   1   0   0   0  -1    9   2   7   2  13  17   2   1   2   3   3   2   2   1   9  10   6   2   4   4  0.37 0.36
  276 Q     1   2  -1  -2  -6   6  -2  -3   1  -5  -1   1  -2  -5  -2  -2   0  -5  -1  -3   11   9   3   2   0  40   2   2   3   0   6   6   1   0   2   2   6   0   3   2  0.79 0.59
  277 L    -1  -3  -1  -1   2   0  -2  -5  -4  -1   4  -4   1   4  -1  -2  -2   1  -3  -2    5   1   3   3   4   4   3   0   0   2  41   0   4  17   4   3   2   2   0   2  0.60 0.42
  278 Q    -2   0   2  -1  -5   5   0  -2  -1  -3  -1   2  -2  -5  -1   1   1   0  -4  -2    3   5   8   3   0  26   5   2   1   2   6  12   1   0   3   9  10   1   0   3  0.46 0.41
  279 Q    -1  -1   3  -1  -2   4  -2  -2   4  -3  -3  -1  -1   0  -1   1   1   0   2  -4    4   3  12   3   1  19   2   3   9   1   3   4   2   5   3  10   9   1   6   0  0.38 0.36
  280 L    -1  -4  -2  -2  -1  -1  -3  -4   0   2   3  -3   2   1  -3  -3  -2   0   3   0    5   0   2   2   1   3   2   1   2  10  32   1   5   5   1   2   2   1  11   7  0.40 0.34
  281 G    -1  -1  -2  -1   4  -1  -2   3   0  -3  -1  -1  -1   3   0   0  -1  -4   0  -2    3   3   2   4  10   3   2  22   2   0   7   4   2  15   4   7   3   0   3   2  0.28 0.29
  282 V    -1  -1  -2  -3   2  -1  -2  -3  -1   1  -1  -1  -1   1  -2  -2  -2   1   4   3    5   4   2   2   5   2   2   2   1   6   6   4   2   4   2   3   2   2  16  25  0.34 0.30
  283 T    -1  -1   3   0   0   0   1  -2   0  -1  -1  -1  -2   3  -3   1   1  -3   0   0    3   2  18   5   3   4  10   3   2   4   4   3   0  13   0   9   8   0   2   6  0.18 0.24
  284 L     0   1   1   0   1   1   0  -1   1  -1  -1   1   1   0  -1   0  -1  -3   0   0    6   7   7   5   4   6   4   5   3   3   6  12   6   3   2   8   2   0   3   7  0.04 0.08
  285 S     0   0   0  -2   2  -1   0  -2   2   0   0  -1   1   1   1   0   0  -2   1   0    7   7   7   0   6   0   7   0   6   7   7   0   6   6   7   7   7   0   6   7  0.08 0.13
  286 M     0   0   0   0  -2   1   0   0   1   0  -1   0   1   0   1   0   0  -2   1   0    6   6   5   6   0   5   6   6   5   6   6   6   5   5   6   6   6   0   5   6  0.03 0.06
  287 T     1  -1   0  -1   1   0  -1  -3  -3  -1  -1  -1   0   0   4   0   0  -4   1  -1   12   3   5   4   4   4   4   0   0   4   4   3   3   5  26   6   5   0   5   4  0.34 0.28
  288 R     0   0   0   0  -3   0   0   0  -2   0  -1   0   1   0   0   0   0   3   1   0    6   6   5   6   0   5   6   6   0   6   6   6   5   5   6   6   6   5   5   6  0.06 0.08
  289 T     0  -1   2  -1   0   0   0  -3  -1   0  -1  -2   1  -1  -1   0   1  -4  -1   3    7   2  12   2   2   4   6   2   1   4   5   1   4   2   3   5  10   0   3  25  0.20 0.23
  290 E     1   0  -1   1   0   0   2   0   0  -1  -1   0   0  -1  -1   0   0  -3   0   0   14   5   2   7   2   2  13   7   3   2   5   6   3   3   3   7   4   0   4   6  0.06 0.09
  291 L    -1  -1  -1  -1   0  -1  -1  -2  -2   1   1  -1   2   1   3  -1  -1   1   1   1    4   3   3   3   2   3   3   2   0   8  14   3   7   8  14   5   3   2   5   9  0.14 0.15
  292 S     0  -1   2   1  -3   0   0   0   1  -1  -1   0   0  -1   1   2   1  -3  -2  -1    5   3  11   9   0   4   5   5   4   3   4   4   4   3   6  18   7   0   0   5  0.13 0.16
  293 P     0   0   1   0  -3   1   0   0   2  -2  -1   0  -1   0   1   0   0  -2   1  -1    6   6   6   6   0   6   6   6   6   0   6   6   0   6   6   6   6   0   6   6  0.07 0.08
  294 A     1  -1   1   2  -3   2   3   0  -2  -2  -2  -1  -1  -4   0   1   0  -4  -1  -2   13   2   6  11   0  12  20   6   0   2   2   2   2   0   4   9   4   0   2   3  0.25 0.25
  295 Q    -2   0   0   0  -4   4   3  -4   1  -4  -2   1   0  -4   0  -1   0   1   0  -2    3   5   3   6   0  27  18   0   4   0   3   6   3   0   4   4   4   2   3   3  0.44 0.37
  296 I     0   0  -1  -1  -2   0   0  -1   0   1   1   0   1   0  -2   0   0   2   0   1    6   5   3   3   0   5   5   4   3   9  15   5   4   3   0   6   5   3   3  14  0.04 0.08
  297 K     0   0   1   0  -2   1   0   0   2   0  -1   0   1  -2   1   0   0  -3  -2   0    6   6   6   6   0   6   6   6   6   6   6   6   6   0   6   6   6   0   0   6  0.06 0.08
  298 Q     2   1   0  -1  -1   2   1  -1   2  -1   0  -1   0   0  -1  -1  -1  -3   0  -1   17   9   5   2   1  12   8   4   5   4   7   2   3   5   2   3   2   0   3   5  0.11 0.15
  299 L    -2  -2  -4  -5  -5  -2  -4  -5   2   0   1  -2   1   2   0  -2  -2  -3   7  -2    3   3   0   0   0   2   1   1   5   6  11   3   4   6   5   3   2   0  42   3  1.02 0.57
  300 L    -2   0  -1  -2   0   0  -2  -1  -3   0   3   0   0   1  -4  -3  -2  -3   3   0    3   5   3   2   2   4   2   6   0   5  36   6   2   6   0   1   2   0  10   5  0.29 0.26
  301 Q    -1   3   0   1   2   0   1  -2   0  -2  -2   1  -1  -1   0  -1  -3  -3   3  -2    5  16   4   9   4   5   8   3   2   3   3   7   2   2   5   4   0   0  14   3  0.23 0.23
  302 N    -1   0   1   0   0   2  -1  -1   1  -1  -2  -1   0   0   1   1   1  -3   0  -1    5   5   7   6   3   9   3   5   4   3   3   3   3   5   7  10   8   0   4   5  0.08 0.11
  303 P     0   0   0  -2   2   1   0   0  -1   0   0   0   1  -2   1   0   0  -2   1   0    6   6   6   0   6   6   6   6   0   6   6   6   6   0   6   6   6   0   6   6  0.05 0.10
  304 P     0   0   1  -1  -4   1   0   0  -3  -1  -2   0  -3  -4   5   0  -1  -4  -4  -1    7   5   7   4   0   9   4   6   0   4   4   4   0   0  32   5   4   0   0   4  0.49 0.31
  305 A     0   0   0   0   2   0   0  -1   1   0  -1   0   1   0   0   0   0  -2   1   0    5   5   5   5   5   5   5   5   5   5   5   5   5   5   5   5   5   0   5   5  0.03 0.05
  306 G     1   0   1   1   1   0   0   2   1  -1  -2  -1  -2  -1  -1   0  -1   2   0  -1   10   6   8   7   3   3   5  19   4   3   3   3   0   3   3   5   3   3   3   5  0.11 0.14
  307 V    -1   0   0   0   2   0   0  -3   2   0  -1   0   1   0   0   0   0   3   1   0    5   5   5   5   5   5   5   0   5   5   5   5   5   5   5   5   5   5   5   5  0.08 0.12
  308 D     0   0   0   0   2   0   0   0   1   0  -1   0  -1   0   1   0   0  -2   1   0    6   6   5   6   5   5   6   6   5   6   6   6   0   5   6   6   6   0   5   6  0.03 0.06
  309 P     0   0   0   1  -4   1   2  -1   0  -1  -1   0   0  -1   3  -1  -1   2   0  -1    6   4   4   8   0   6  14   4   3   3   5   4   3   3  15   5   4   3   3   3  0.18 0.19
  310 I     0   0   0   0  -2   1   0   0   1   0  -1   0   1   0   1   0   0  -2   1   0    6   6   5   6   0   5   6   6   5   6   6   6   5   5   6   6   6   0   5   6  0.03 0.06
  311 I    -1   0  -1   1  -3   2   1  -1   1   1   1   0   1   0  -2  -1   0  -2   0   0    5   6   0  10   0  12   8   4   3  11  15   5   3   3   0   4   4   0   3   4  0.08 0.10
  312 W    -1  -4   0  -5  -4   0  -4  -4  -4  -4  -1   0   2   1  -5  -1  -4  10   3  -4    5   0   5   0   0   5   0   0   0   0   6   5   5   6   0   5   0  46   9   0  1.70 0.63
  313 E     1   1   0   1  -2   3   3  -2  -1  -2  -2   2  -1  -3  -2  -1  -1  -4  -1  -2   11   8   5   9   1  13  21   1   1   3   3  11   2   1   1   1   2   0   2   3  0.29 0.24
  314 Q    -1   1  -1   0  -5   5   3  -2   1  -3  -3   2  -1  -5  -4  -1  -2  -4  -1  -4    5   5   3   4   0  32  19   2   3   2   2  14   1   0   0   3   2   0   2   0  0.67 0.44
  315 A     6   0  -4  -5   0  -4  -4  -2  -4  -1  -3  -1  -4  -2  -4  -1  -2   2  -1  -2   68   4   0   0   2   0   0   2   0   3   2   3   0   2   0   3   2   3   2   2  1.11 0.62
  316 K    -1  -1  -1  -1   0   1  -1  -3  -1   2   1   1   3  -1  -3  -1   0   1  -1   1    5   2   2   2   3   8   3   0   1  12  16  12  11   2   0   2   4   2   2   9  0.17 0.18
  317 V     1   2  -1  -1   0   2   0  -3   1   0  -1   0   2  -1  -3   0  -1   1  -2   0   15  15   2   3   2  13   5   0   3   7   5   5   6   2   0   7   3   2   0   5  0.15 0.18
  318 D     0   0   2   3   0   1   2  -1   0  -1  -2   0  -1  -3  -3   0  -1  -4  -1  -2    8   4  11  21   2   6  13   4   2   4   3   6   2   0   0   4   3   0   2   2  0.25 0.20
  319 N    -1   2   6  -2   1  -3  -3  -1   1  -1  -5   1  -4  -5  -4   1   0  -5  -4  -4    5   9  45   0   4   0   0   4   3   4   1   9   0   0   0   9   4   0   0   0  0.87 0.49
  320 P    -3  -2  -1  -5  -6  -2  -4  -2  -5  -5  -4  -2  -2  -6   8  -3  -2  -6  -6  -3    2   2   3   0   0   2   0   4   0   0   2   2   1   0  75   2   3   0   0   2  2.08 0.88
  321 D    -2  -1   2   5   0  -1   1  -1   0  -4  -3   0   0  -2  -4   0  -1  -5   0  -4    3   3   8  43   2   3   6   4   2   0   2   7   2   2   0   6   3   0   3   0  0.63 0.43
  322 S    -1   0  -1  -1   0  -1  -1   0   0  -4  -2  -1  -4  -2   6   0  -1  -5  -4  -2    4   6   3   3   2   3   3   7   2   0   3   4   0   2  46   7   2   0   0   2  0.89 0.52
  323 E     0   0   0   0  -2   1   0   0   2   0  -1   0   1  -2   1   0   0  -2   1   0    6   6   6   6   0   6   6   6   6   6   6   6   6   0   6   6   6   0   6   6  0.05 0.08
  324 K    -1   2   2  -1   2   0  -1   0   3  -1  -2   2   0  -3  -1   0   0  -4   0  -1    3  12  11   3   6   3   3   6   8   4   4  13   3   0   3   7   4   0   3   3  0.16 0.19
  325 L    -1  -1  -1  -3   1  -1  -3  -3   2   0   2  -1   2   2  -3   0  -1   3   3  -1    4   3   3   0   4   3   0   0   6   3  19   4   6  11   0   7   3   5  13   4  0.24 0.23
  326 I     0   0  -2  -2   2   1   0  -3  -2   0   0   0   1   1  -3   0   0   4   1   0    7   7   0   0   6   7   7   0   0   7   7   7   6   6   0   7   7   6   6   7  0.12 0.15
  327 P    -1  -4  -4  -4  -4   1  -3  -4  -4   0  -1  -3  -3  -5   7  -3   0  -5  -4   1    5   0   0   0   0   6   0   1   0   5   6   0   0   0  59   1   6   0   0  10  1.44 0.57
  328 V     1  -2  -1  -1  -2   0  -1  -2   2   0   0  -1   1  -1  -3   0   1   1   0   2   12   0   2   2   0   3   3   2   7   4  10   2   4   2   0   8   8   2   3  23  0.12 0.14
  329 P     0  -2  -3  -2  -2   0  -2  -4  -1  -1   2  -1   0  -1   5  -1  -3  -4  -3   0    8   2   0   2   1   6   2   1   1   3  26   3   2   2  33   4   0   0   0   5  0.62 0.34
  330 M     2  -3  -3  -4   2  -3  -3  -2  -4   2   1   0   2  -1  -1  -2  -1  -4  -3   3   21   0   0   0   5   0   0   2   0  16  11   6   7   2   2   2   2   0   0  21  0.32 0.24
  331 V    -1   1  -1  -3   0   0  -2  -2   2   1   0   0   0  -1  -3   0   1  -3   0   2    4  11   3   0   2   4   0   1   6  11   7   5   2   1   0   5  11   0   3  23  0.15 0.17
  332 G    -3  -2  -1  -4  -4  -4  -4   6  -4  -5  -3  -4  -4   1  -4   0  -1  -4  -4  -5    1   3   3   0   0   0   0  72   0   0   3   0   0   6   0   5   4   0   0   0  1.37 0.56
  333 F    -2  -5  -5  -3  -4  -3  -5  -3  -4  -1  -1  -5   1   8  -5  -2  -3   3   1  -1    3   0   0   2   0   2   0   2   0   3   5   0   3  63   0   3   2   4   3   4  1.39 0.56
  334 K     0   0   0   2  -3   0   2  -1   1  -1  -1   0   0  -1   0   0  -1   2   0  -1    8   4   4  11   0   4  17   3   3   3   7   6   3   3   4   5   4   3   3   3  0.12 0.13
  335 E     1  -3   0   3   2   2   3  -1   1  -4  -4  -1   1  -5  -4   0  -1  -5  -4  -1   12   0   4  19   5   8  19   6   4   0   1   4   4   0   0   6   4   0   0   4  0.44 0.32
  336 L     1  -2  -2  -2   3  -1   1  -2  -2   1   1  -1   2  -1  -2   0   0  -2  -2   1   12   1   0   1  11   0  12   1   0  12  12   1  11   0   1  12   1   0   0  12  0.12 0.08
  337 L    -1   3   0  -2   0   3  -1   0   1  -2  -1   2  -1  -1  -3  -1  -1   0   1  -1    5  16   4   2   2  13   3   8   3   1   7  15   1   2   0   4   3   1   6   5  0.22 0.20
  338 R     0   3   0   0  -2   2   2  -2  -1  -3  -3   3  -1  -2  -4  -1   0   2  -2  -3    8  15   4   4   1   9  12   2   1   1   2  22   1   2   0   4   5   2   1   2  0.37 0.28
  339 R    -5   7  -1  -5  -6   0  -2  -5   1  -6  -5   1  -5  -1  -5  -4  -1  -5  -5  -5    1  70   3   0   0   3   3   1   3   0   1   7   0   3   0   1   4   0   0   0  1.77 0.76
  340 L     0   0  -2  -2   0   0  -2  -3   0   2   2   0   2   0  -2   0  -1  -3   1   1    9   6   2   2   2   4   2   0   2  12  19   5   6   3   2   6   3   0   5  12  0.13 0.14
  341 K    -1   1   0   0   1   2   2  -2   0  -1  -1   2   1  -1  -3   0  -1  -4  -3  -1    5   6   5   5   3   9  16   3   2   4   4  17   5   2   0   7   4   0   0   3  0.20 0.20
  342 V    -1   1   1  -1   2   1   1  -1   0  -1  -1   0   1   0  -3   1  -1   2   1   0    5   9   7   3   5   6   9   3   3   4   6   4   5   4   0  11   3   3   5   8  0.07 0.10
  343 Q    -1   0   0   0  -6   7   0  -1   2  -1  -2  -3   1  -6  -5  -1  -4  -6  -5  -5    5   4   4   4   0  49   5   4   5   4   5   0   4   0   0   4   0   0   0   0  1.11 0.62
  344 D    -1  -1  -1   1  -1   3   3  -3   2  -1  -1   1  -1  -1  -4  -1  -1  -4  -1  -1    4   3   3   6   2  14  22   2   5   3   8   9   2   2   0   4   4   0   2   5  0.28 0.26
  345 Q     0   0   0   0   2   0   0  -1   1   0  -1   0   1   0   0   0   0  -2   1   0    5   5   5   5   5   5   5   5   5   5   5   5   5   5   5   5   5   0   5   5  0.03 0.05
  346 M     0  -1  -1  -3   1   3   3  -2   2  -1  -2  -1   2   0  -4  -1   0  -4   0   0    9   3   3   0   3  15  20   3   5   3   3   2   7   4   0   4   5   0   3   6  0.27 0.29
  347 T     1  -1  -1  -1   0  -1  -1  -2   0   2   0  -1   1   0  -3   0   1  -3  -1   1   16   3   3   3   2   2   2   3   2  11  10   3   4   3   0   7  12   0   2  13  0.11 0.15
  348 K     0   0   0   0  -2   1   0   0   2   0   0   0   1   0  -2   0   0  -2   1   0    6   6   6   6   0   6   6   6   6   6   6   6   6   6   0   6   6   0   6   6  0.04 0.07
  349 Q     1   0   0   0   0   2   0  -1   0  -1   0   0   1  -1  -2   1   0  -3  -1   0   16   6   3   6   2  11   6   3   2   3   8   6   4   2   0  10   4   0   2   5  0.08 0.12
  350 H    -2  -3  -1   0   1   3  -1  -4   6  -1   0  -3   1   1  -4  -1  -1   1   3  -2    3   0   3   6   3  13   3   0  22   3   9   0   5   7   0   3   3   2  11   3  0.48 0.38
  351 Q     0   3   2  -1  -4   4   0  -2   2  -2  -3   1  -1  -2  -2  -1   0   0  -2  -3    9  18  10   2   0  18   6   2   4   2   2   8   2   2   1   4   4   1   1   2  0.36 0.33
  352 T     0   0   0   0   2   0   0  -1   1   0  -1   0   1   0   0   0   0  -2   1   0    5   5   5   5   5   5   5   5   5   5   5   5   5   5   5   5   5   0   5   5  -0.00 0.06
  353 R     0   2   0  -2   0   0  -1  -1   1   0   0   1   0   0  -2   0  -1   1   1  -1    6  15   5   0   2   4   3   3   5   7   8  10   3   3   0   5   3   2   6   4  0.04 0.12
  354 L     0  -3  -3  -4   2  -3  -3  -3   3   1   3  -3   3   1  -3  -1   0  -3  -2   1    9   0   0   0   5   0   0   0   8   7  29   0   9   5   0   5   7   0   0   7  0.25 0.26
  355 D     0   0   1   0   2   1   0   0   2  -1  -1   0   1   0  -2   0   0  -3  -1   0    6   6   6   6   6   6   6   6   6   0   6   6   6   6   0   6   6   0   0   6  0.02 0.11
  356 I     0   0   0   0   0   1   2  -2   0   1  -1   1   1  -1  -1   0   0  -3  -1   0    6   4   5   4   2   8  17   2   2   9   5  11   4   2   2   4   3   0   2   7  0.09 0.13
  357 I     0   0   0  -2   2   1   0  -3   2   0   0  -1   1   1   1   0   0  -2   1   0    6   6   6   0   6   6   6   0   6   6   6   0   6   6   6   6   6   0   6   6  0.08 0.13
  358 S     1   1   2  -1  -3   1   0  -1   0  -1  -1   1   0  -2  -1   1   0  -3  -1  -1   12   7  12   2   0   7   6   5   3   3   5   9   3   2   2  12   6   0   1   3  0.13 0.15
  359 E     0   1   2   2   0   2   2  -1   0  -2  -3   1  -3  -2  -1   1   0  -4  -3  -2    8   6   9  10   2   9  17   3   2   2   2   7   0   2   3  11   5   0   0   2  0.24 0.23
  360 D    -1   2   1   1  -1   1   1  -1   1  -2   0   2  -1  -2  -3   0   0  -4  -3  -1    4  14   6   9   1   6   7   3   3   2  10  13   1   1   0   9   6   0   0   5  0.15 0.17
  361 I     0   0  -2  -1   2  -1  -2  -4  -1   3   3  -3   1  -1  -4  -2  -1  -4  -1   2    7   5   2   5   4   2   1   0   1  17  28   0   3   2   0   3   3   0   2  13  0.31 0.26
  362 S     1   0   1   1  -1   0   2   0   0  -2  -3   1  -1  -2  -1   2   1  -4  -2  -1   12   3   6   6   1   4  12   6   2   1   1   8   1   1   2  16  11   0   1   3  0.18 0.20
  363 E     1   1   1   1  -2   2   2  -1  -1  -2  -2   1   1  -2  -3   0   0  -4  -2  -1   11   7   7   6   1  11  17   3   1   2   4   9   4   2   0   5   5   0   1   4  0.21 0.22
  364 L    -2  -3  -2  -6   0  -3  -5  -4  -2   2   5  -5   4  -1  -3  -3  -2  -5  -2   1    3   1   2   0   2   1   0   1   1  11  50   0  10   2   1   2   3   0   1   8  0.81 0.51
  365 Q    -1   2   0   0  -2   4   2  -3   0  -3  -3   2  -2  -5  -4   1   0  -5  -2  -2    5  11   4   5   1  24  14   2   2   1   2  11   1   0   0   9   5   0   1   2  0.49 0.40
  366 K     0   3   0   0  -1   2   1  -2   1  -2  -3   3  -3  -3  -4   1   0  -4  -1  -3    7  17   5   6   1   9   8   3   4   2   2  18   0   1   0   8   5   0   2   2  0.34 0.30
  367 N     0   2   1  -1  -2   2   0  -3   6  -2  -2   2   0  -1  -4  -1  -1  -4   0  -3    7  13   5   3   1   8   6   1  21   2   3  12   2   3   0   5   3   0   3   2  0.45 0.35
  368 Q    -1   0   0   1  -1   3   1  -3   6   0  -1  -2   0  -2  -4  -1  -2   0   0   0    4   4   4   9   2  14   7   1  21   5   8   2   2   2   0   3   2   2   3   6  0.41 0.34
  369 T     2  -1   0   0   0   0   0  -2   0  -1   1  -1   0  -3  -3   1   1  -4  -3   0   17   3   4   6   2   4   6   2   3   3  18   4   2   0   0   9  12   0   0   5  0.14 0.19
  370 T     0   0   1   1   0   1   1  -2   1  -1  -1   0   0  -3  -3   0   2   1  -1   0    8   5   6   8   2   8  10   3   3   3   6   4   2   0   0   7  12   2   2   7  0.12 0.17
  371 T     0  -3   1  -1   0   0  -1  -2   0   1  -1  -1   1  -1  -2   0   3   1  -1   0    9   0   6   4   2   4   3   3   2   9   5   3   4   3   2   8  25   2   2   7  0.21 0.25
  372 M     0   0   0  -1   0   1   0  -2   0  -1   0   1   0   0  -3   1   1   1   0   0    5   4   5   4   3   7   5   2   3   4   9   9   3   3   0  11  13   2   2   7  0.07 0.12
  373 A     2  -1   0  -1   0   1  -1  -1  -3   0  -1  -1   0  -4   1   1   0  -4  -4   2   23   3   4   3   2   6   3   3   0   4   7   2   2   0   6  10   5   0   0  16  0.20 0.23
  374 K    -1   5  -1  -2  -1   1  -1  -3  -1  -5  -2   4   0  -5  -2  -1  -1   2  -4  -3    5  28   3   2   1   6   3   2   2   0   4  27   2   0   2   4   3   3   0   2  0.65 0.47
  375 I     0  -1  -2  -2   1  -1  -3  -4  -1   3   3  -2   2   0  -4  -2  -1  -3   0   0    8   3   2   2   3   2   0   0   1  19  32   2   5   4   0   2   3   0   4   5  0.34 0.28
  376 A     1   1   0   0   0   1   1  -2   1  -1   0   0   0  -2  -1   0   0   0  -1  -1   13   7   4   6   2   8  12   2   4   4   9   5   4   1   2   8   4   1   2   3  0.08 0.11
  377 Q     0   2   0   0  -4   2   3  -2   1  -2  -2   1   0  -3  -3  -1  -1   0   1  -2   10  10   5   5   0  11  24   2   3   3   2   7   3   0   0   3   2   2   5   2  0.32 0.30
  378 Y     2  -1  -1  -3   3   0  -3  -2   1   1   1  -1   1   1  -3  -1  -1  -3   2   0   21   2   3   0   7   4   0   2   4   8  14   3   3   6   0   3   2   0   9   5  0.20 0.23
  379 K    -1   4   0  -2  -4   2  -1  -2   0  -2  -1   4   1  -2  -4  -1  -1  -4  -3  -2    6  23   5   2   0   8   3   2   2   3   5  26   3   2   0   4   3   0   0   2  0.46 0.36
  380 R     0   4   0  -2  -2   3   1  -3   0  -3  -1   1   0  -3  -4   0  -1  -1  -3  -1   10  26   4   2   1  16   7   2   2   1   6   6   2   1   0   6   3   1   0   4  0.40 0.34
  381 K    -1   4   1  -1  -1   1   0  -2   0  -1  -2   4   0  -2  -3  -1   0  -4  -3  -2    3  21   7   3   2   5   6   2   2   4   2  26   2   2   0   3   7   0   0   2  0.41 0.34
  382 L    -1   0   0  -2  -5   5   0  -3   6  -2   0  -1   0  -1  -4  -1  -2  -4   0  -2    4   4   4   2   0  28   6   2  21   2   8   2   2   3   0   3   2   0   2   3  0.63 0.48
  383 M     0   1   0   0  -1   1  -1  -2   0   0   0   0   2  -2  -1  -1   1  -3  -1   1    7   7   4   5   1   9   3   3   3   6  11   7   7   0   2   3  11   0   2  10  0.06 0.12
  384 E     0   0   0   1  -1   3   2  -1   0  -1  -1   0   1  -3  -3   0   0  -3  -1   0    8   5   4   8   2  15  14   3   2   4   6   4   5   0   0   5   7   0   2   6  0.16 0.20
  385 L    -2  -1  -5  -5   0   0  -4  -5  -1   2   5  -2   1  -1  -5  -3  -3  -4  -2  -1    2   3   0   0   2   4   0   0   1  11  61   2   2   3   0   2   1   0   1   3  0.88 0.52
  386 S     1   1   0  -2  -1   2   0  -1   0  -1  -2  -1  -1  -1  -2   2   1  -4  -1  -1   11   9   3   1   1  13   6   4   2   3   2   2   2   4   1  22   9   0   2   3  0.22 0.25
  387 H    -1   1   0  -3   1   2  -1  -1   6  -1  -2  -1   0   0  -3  -1  -1  -3   2  -1    4   9   5   0   3  11   4   4  23   3   4   3   3   4   0   3   4   0   7   3  0.38 0.29
  388 R    -1   5   0   0  -4   1  -2  -4   1  -4  -2   2   1   0  -4   0  -1  -4   0  -4    5  36   4   5   0   7   0   0   4   0   4  13   4   4   0   5   4   0   4   0  0.54 0.36
  389 T    -1  -1  -3  -3   3  -1  -2  -4  -3   2   2  -3   1   0  -3  -1   1   4   0   2    5   3   0   0   6   3   3   0   0  13  26   0   3   3   0   3   8   6   3  14  0.28 0.22
  390 L    -2  -3  -1  -2  -3  -1  -3  -4  -3   1   4  -3   2   1  -4  -2  -1  -3   2   0    3   0   3   3   0   3   0   0   0   6  51   0   5   5   0   3   4   0   7   4  0.54 0.36
  391 Q     0   2   0   0   0   2   1  -1   1  -2  -1   1   0  -1  -2   0  -1   1  -2  -1   10  16   3   5   2  13   7   3   5   2   5  10   2   3   0   8   3   2   0   3  0.15 0.16
  392 V     0   0   0  -2   2   1   0   0   2   0   0   0   1   1  -2   0   0  -2   1   0    6   6   6   0   6   6   6   6   6   6   6   6   6   6   0   6   6   0   6   6  0.04 0.09
  393 L     0   0  -1  -3   1   0  -2  -1   2   0   1  -1   3   0  -3   0   0   2   0   0    6   4   3   0   3   6   0   3   7   5  16   4  13   5   0   5   4   3   3   8  0.13 0.18
  394 I     0   2  -1  -3   3   0  -1  -1  -3   1   0   1   0  -1  -3   0   0  -4  -3   1   10  13   3   0   7   4   3   5   0   8   9   9   2   3   0   6   7   0   0  11  0.13 0.16
  395 K     0   1   1  -1  -1   1  -1  -2   4  -1  -1   2   1  -1  -2  -1  -1   0  -1  -1    7   8   7   3   2   7   2   3  13   4   6  18   4   3   2   2   4   1   2   3  0.21 0.22
  396 Q    -1  -2  -2  -4   0   4  -1  -3   0   1   2  -2   1   0  -4  -1  -1  -4  -2   2    5   2   1   0   2  22   3   1   2   8  23   1   4   4   0   3   4   0   1  14  0.35 0.33
  397 E     0  -3  -2   0  -5   3   4  -3   3  -3   0  -2   1  -1  -2  -1  -2   1  -1  -2    6   0   1   4   0  16  34   1   6   1   8   1   3   3   1   4   2   2   2   2  0.53 0.44
  398 I     0  -2  -2  -4   1  -2  -3  -3  -4   4   1  -2   1   0  -3  -1  -1  -4  -3   3    8   3   2   0   3   1   2   1   0  26  13   2   3   3   1   4   4   0   0  24  0.44 0.32
  399 Q    -1  -1  -1  -3  -1   1  -1  -3   1   0   3   0   0  -1   2  -1  -1  -2   0   0    5   4   3   1   1   7   3   1   3   5  31   5   2   2  10   5   4   0   3   5  0.22 0.23
  400 R     0   6  -1  -3  -2   2  -1  -2  -2  -4  -3   1  -4  -3  -1   0  -2   0  -2  -4    9  40   3   1   1  10   4   3   1   1   2   8   0   1   3   8   2   1   2   1  0.75 0.51
  401 K     0   3   2  -3   1   0  -2  -1  -1  -2   0   2   0  -3  -2   0  -1  -2   0  -1    7  18  11   0   3   4   1   4   1   1  12  16   3   1   2   6   2   1   3   5  0.27 0.26
  402 S    -2   5  -2  -3  -3   2  -2  -3   1  -2  -2   2   1   0  -2   0  -2  -4   1  -1    3  29   2   1   1   8   1   2   4   2   5  13   4   5   2   8   2   0   5   5  0.45 0.36
  403 G    -2   0   1  -2  -2  -3  -4   6  -2  -6  -4  -4  -6  -3  -4   2  -1  -6  -2  -5    3   5   7   2   1   1   1  56   1   0   2   1   0   1   1  13   4   0   2   1  1.17 0.67
  404 Y     0  -1  -2  -4  -1   2  -2  -3   0   0   0   0   1   2  -3   1   0  -1   4  -1    7   4   1   0   1  10   2   1   2   4  11   6   3   8   1  10   6   1  16   4  0.25 0.25
  405 A     3  -2  -1  -3  -5  -1  -3   0  -5  -3  -3  -4  -1  -6   5   2  -1  -6  -6  -3   25   3   3   1   0   3   1   7   0   2   3   0   2   0  30  15   4   0   0   2  0.81 0.56
  406 I    -3  -2  -4  -6  -4  -5  -4  -4  -5   4   4  -3   3   1  -2  -3  -3   0  -3   1    2   2   1   0   0   0   1   1   0  24  39   1   6   5   2   1   1   1   1  10  0.79 0.47
  407 Q    -2   3  -1   3  -5   3  -1  -2   1  -3  -3   0   0  -5  -3   1   2  -5  -2  -3    3  16   2  16   0  17   2   2   3   1   2   4   2   0   1  11  14   0   1   1  0.50 0.42
  408 A     1   0  -1   0  -3   0   0   0  -3  -2  -3   1  -3  -5   5   1  -1  -5  -3  -1   13   5   3   5   1   4   5   6   1   2   1   7   1   0  28  10   4   0   1   4  0.47 0.36
  409 D     0  -2  -1   4  -5  -1   4   0  -2  -4  -4  -1  -3  -2  -1   0   0  -5  -1  -4    7   2   2  21   0   2  34   6   1   1   1   3   0   2   3   6   6   0   2   1  0.63 0.45
  410 E    -4  -2  -2  -1  -7  -3   8  -5  -5  -7  -7  -2  -6  -7  -4  -5  -5  -7  -3  -7    1   2   2   2   0   0  86   1   0   0   0   2   0   0   1   0   0   0   1   0  2.37 1.16
  411 E    -1  -1  -2   2  -3   0   6  -3   0  -1  -3  -1  -2  -4  -5  -2  -3  -6  -3  -1    5   3   2  11   1   3  53   2   2   4   2   2   1   1   0   3   1   0   1   4  0.97 0.62
  412 Q     1   2   0  -1  -5   4   2  -3   0  -2  -2   1  -1  -2  -3  -1  -1  -5  -3  -1   13   9   5   4   0  23  15   1   2   2   4   7   2   1   1   5   3   0   1   3  0.38 0.34
  413 L    -2  -4  -5  -6  -3  -5  -3  -6  -5   2   5  -5   3   1  -6  -4  -3  -1  -1  -1    4   1   1   0   0   0   2   0   0  10  60   0   7   6   0   1   2   1   2   3  1.11 0.60
  414 R    -1   5  -1  -2   0   0   0  -2   0  -1  -1   2   1  -1  -4   0  -2   2   0  -2    5  31   3   2   2   4   6   3   2   4   5  11   3   2   0   8   2   3   3   2  0.37 0.29
  415 V     1   1   0   0   1   1   0   0   0  -1  -2   0   0  -2  -3   1   1  -3  -1   1   13   7   4   6   3   7   5   8   2   3   2   6   2   2   0  11   7   0   2  11  0.08 0.11
  416 Q     0   5  -1  -2  -5   3   0  -2   1  -2  -3   3   0  -5  -4  -2  -1   1  -4  -2    7  29   3   2   0  12   5   3   3   3   3  16   2   0   0   2   4   2   0   3  0.52 0.37
  417 L    -1  -5  -5  -2   1  -5  -5  -5   0   1   5  -5   0   2  -5  -4  -2   1   0   0    4   0   0   2   3   0   0   0   2   6  56   0   2  10   0   0   3   2   2   5  0.89 0.49
  418 D     0  -1   0   2  -5   2   5  -3   1  -3  -2   1  -1  -5  -4  -1  -2  -1  -3  -2    7   3   3   9   0   8  42   2   3   1   4   7   1   0   0   3   1   1   1   2  0.63 0.45
  419 T     1   1   1   0  -3   2   2  -1   1  -2  -3   0  -1  -3  -3   1   2  -4  -2  -2   13   6   7   4   0   9  14   5   3   2   2   5   1   1   0  12  13   0   1   2  0.22 0.23
  420 I    -2  -3  -3  -5   1  -3  -3  -5  -2   3   4  -4   3  -2  -5  -3  -2  -4  -4   1    3   1   1   0   2   1   2   0   1  20  47   0   8   1   0   2   2   0   0   8  0.79 0.47
  421 Q    -1   0   1   0  -4   2   2  -3   1  -1   1   0   0  -1  -3   0   0   0   0  -2    5   4   9   4   0  12  18   1   4   3  13   3   2   2   0   6   4   1   4   2  0.18 0.21
  422 G     2   2   0   0  -1   1   1  -1  -1  -2  -2   1   0  -3  -3   1   0  -4  -3  -2   18  11   5   5   1   8   9   4   2   1   4  10   3   1   0  10   6   0   0   2  0.19 0.20
  423 E     0   1  -1   1  -1   3   3  -1   2  -2  -2   1  -1  -4  -3   0  -2  -4  -1  -2    7   6   2   6   1  18  25   3   4   2   5   6   2   0   0   6   2   0   2   3  0.37 0.32
  424 L    -2  -4  -3  -4  -1  -4  -2  -4  -4   3   4  -4   1  -1  -3  -2  -2  -4  -2   2    3   0   1   1   1   0   2   1   0  14  50   0   4   2   1   3   2   0   1  13  0.70 0.43
  425 N    -1   0   4   1   0   1   0  -1   1  -3  -2   0   0   0  -3   1   0  -2  -1  -2    5   6  23   8   2   8   5   4   3   1   3   5   3   5   0  11   5   1   2   2  0.26 0.24
  426 A     2   2   1   3  -4   1  -1   1  -1  -3  -3   0  -1  -4  -2   0  -1  -4  -4  -2   22  11   6  16   0   6   2  12   1   1   1   5   2   0   2   8   2   0   0   2  0.32 0.28
  427 P    -2  -2  -2  -3  -3  -2  -2  -2  -1  -5  -3  -3  -1  -4   7   0  -3  -6  -5  -4    2   2   2   1   1   1   2   3   1   0   3   1   2   1  66   8   1   0   0   1  1.71 0.84
  428 T     1  -1   1  -1  -2  -1   0   3  -1  -2  -2  -2  -1  -3  -1   1   2  -4  -1  -2   14   3   8   3   1   3   6  21   1   2   4   1   2   0   3   9  15   0   2   3  0.23 0.22
  429 Q    -1   2   0  -1  -3   4   0   1   1  -2  -2   1   0  -3  -2   0  -1  -3  -3  -1    5  13   3   3   0  26   5  11   3   2   4   6   2   1   2   7   2   0   0   5  0.34 0.28
  430 F    -2  -3  -3  -4  -2  -2  -3  -2  -3   1   3  -2   2   4  -3  -3  -2  -3   2   0    3   1   1   1   1   1   1   3   0   8  35   2   5  20   1   2   2   0   7   7  0.54 0.35
  431 K    -2   3   1  -2  -4   1  -1  -1   1  -3  -1   4  -1  -2  -1  -1  -2  -4  -2  -2    3  20   6   1   0   7   2   5   3   1   6  30   1   1   2   5   2   0   1   3  0.46 0.34
  432 G     0   0   1   0  -3   1   0   0   2   0  -2   0   1   0   1   0   0  -2   1   0    6   6   6   6   0   6   6   6   6   6   1   6   6   6   6   6   6   0   6   6  0.06 0.10
  433 R    -1   5  -1  -2   0   1  -1  -2   0  -2  -2   1   1  -1  -4   0  -2   1   0  -2    6  37   3   2   2   5   3   2   2   2   3   9   3   3   0   7   2   2   4   2  0.52 0.41
  434 L    -1  -1  -2  -1   0  -1  -2  -2   0   2   3  -2   2   0  -4  -2  -1   1  -3   2    4   4   2   4   2   3   3   3   2  14  27   2   6   3   0   3   3   2   0  13  0.24 0.23
  435 N    -1   0   3   1  -1   1   2  -1   1  -2  -1   1  -1  -2  -3   0  -1   2   0  -1    5   4  16   7   1   8  14   3   4   2   6   8   1   1   0   6   3   3   3   5  0.19 0.21
  436 E     0   0   1   1  -5   0   5  -1   1  -4  -3   1  -1  -2  -4  -1   0  -5  -1  -1    7   5   5   6   0   3  38   4   4   0   2   8   1   2   0   3   6   0   2   4  0.55 0.43
  437 L    -1  -3  -4  -3  -1  -1  -3  -2  -4   2   4  -2   2   2  -5  -1  -1  -4  -2   0    4   1   0   2   2   3   2   3   0  13  42   2   5   7   0   5   3   0   1   5  0.51 0.36
  438 M    -1   0   0   0   2   0   0  -1   2   0  -1   0   1   0  -3   0   0   3   1   0    5   5   5   5   5   5   5   5   5   5   5   5   5   5   0   5   5   5   5   5  0.06 0.10
  439 S     1   0   0   0   1   0   0  -1   1  -1  -1   0   1  -1   0   1   0  -3   0  -1   15   6   5   6   3   4   6   5   3   3   4   4   4   3   4  14   5   0   3   3  0.08 0.12
  440 Q     0   1  -1  -1  -4   4  -1  -1   1   0   0   1   0  -1  -4   0   0   0  -1   0    8   9   2   3   0  20   2   4   4   7   9   8   3   3   0   5   4   1   2   5  0.19 0.22
  441 I     0  -2  -4  -5   1  -1  -2  -3  -4   2   3  -4   3   0  -4  -1  -1  -4   0   2    7   2   0   0   3   3   2   2   0  13  28   0   6   4   0   5   3   0   3  16  0.40 0.30
  442 R    -1   6   0  -2  -2   2   1  -2   0  -3  -3   2  -2  -2  -3  -1  -1  -2  -3  -3    4  41   4   2   1   8   9   3   2   1   2  10   1   2   1   5   3   1   1   2  0.75 0.52
  443 M     0  -1  -2  -3  -2   0   0  -2  -4   1   2  -2   5  -2  -3   0   0  -1  -2   1    9   4   2   1   1   5   5   3   0   6  22   2  18   1   1   6   5   1   1   8  0.34 0.31
  444 Q    -2   2   0  -1  -4   4   0  -1   1   0   0   1   1  -2  -1   0  -1   0  -1  -1    3  12   4   4   0  21   5   4   4   5   8   7   3   2   2   7   3   1   3   4  0.23 0.26
  445 N     0   2   2   0  -4   0   1   0   0  -2  -2   1   0  -1   1   0  -1   1  -1  -2    6  12  13   6   0   4   7   6   2   2   3  11   3   3   6   7   2   2   2   3  0.17 0.19
  446 H     0   1   1   2   0   2   2  -1   2  -2  -1   0   1  -1  -1   0  -1  -4  -1  -2    7   6   5  10   2   9  14   4   7   2   5   6   4   3   3   6   4   0   2   2  0.14 0.17
  447 F     0   1   0  -1   0   2   0   0   0   0  -1   0   0  -1   0   0   0  -3   0   0    8   8   4   3   2  10   6   7   2   5   6   6   3   3   5   8   4   0   3   5  0.05 0.07
  448 G     0   1   0   0  -1   0   1   3  -2  -2  -1  -1   0  -2   0   1  -1   1  -1  -2    9   8   3   5   1   3   8  20   1   2   8   2   2   2   5  10   4   2   2   2  0.15 0.17
  449 A     1   1   0  -1  -2   1   0   1  -1  -2  -3   1   0  -3   0   2   0  -1  -2  -1   13   9   4   2   1   6   7  10   2   2   2   8   3   1   4  14   6   1   1   4  0.15 0.19
  450 V     0   0   0  -1  -1   1   0   0   0   0   0  -1   0  -1  -1   1   0   0  -1   1    9   4   5   3   1   7   6   9   2   5  11   2   2   3   3  10   7   1   1  10  0.04 0.07
  451 K     0   1   0   0  -2   1   0   1  -1  -1   0   0  -1  -2   1   1   0  -1  -1  -2    8   8   5   4   1   6   5  13   1   3   9   6   1   2   6  12   4   1   2   2  0.09 0.12
  452 S     1  -1   1   0  -1   0   1   1  -1  -2  -3  -1  -1  -3   1   2   0  -5  -3  -2   12   3   7   5   2   4  11  10   2   2   3   3   1   1   7  17   7   0   1   3  0.20 0.23
  453 E     0   0   1   1  -4   1   2   1   1  -1  -3   0  -1  -3   0   1   0  -5  -2  -1    8   5   5   8   0   7  14   9   3   3   1   6   2   1   6   9   6   0   1   5  0.17 0.19
  454 E     0  -2  -2  -1  -5   1   4   1   1  -1  -3   0   1  -2   1   0  -1  -5  -5  -2    7   2   2   3   0   5  29  11   3   3   3   5   3   2   7   7   4   0   0   3  0.37 0.34
  455 K    -1   2   1   0  -5   2   1  -1   0  -5  -3   1  -2  -3  -2   1  -1   6  -1  -1    5  13   7   5   0   9   8   5   2   0   3   9   1   1   2  10   4  11   2   4  0.37 0.32
  456 Y     0  -2   0  -1  -1  -1   1  -1  -1  -1  -1  -1  -2   1  -2   0   0   3   5   0    9   2   4   3   1   3   9   5   2   3   5   3   1   4   2   6   7   4  19   8  0.25 0.24
  457 Y    -1   1   1  -1  -2   1   0   0   1  -1  -2   1  -1  -1  -1   1   1  -4  -1   1    5   7   6   4   1   5   6   8   3   3   3   8   1   3   2  10  10   0   2  14  0.09 0.13
  458 I    -2  -3  -3  -3  -2  -4  -4  -4  -3   3   3  -3   4   0  -3  -2  -2   0  -3   3    4   2   1   2   1   1   1   1   1  18  26   1   8   4   2   3   3   1   1  20  0.62 0.40
  459 D    -4  -3   1   7  -8  -2  -1  -1   0  -3  -6  -3  -8  -8  -4   2  -2  -9  -8  -4    1   1   6  55   0   2   5   5   2   2   1   2   0   0   1  13   3   0   0   1  1.44 0.84
  460 A     0  -2  -1   1  -7   0   5  -3  -2  -4  -5   0  -2  -5   3   0  -1  -1  -6  -3    7   2   2   7   0   4  37   3   1   1   1   7   1   1  15   6   3   1   0   2  0.73 0.55
  461 D     0  -1   1   4  -2   2   4  -1   0  -3  -5  -1  -3  -4  -2  -1  -1  -3  -4  -3    8   3   6  19   1   8  27   5   2   2   1   4   1   1   2   4   4   0   1   2  0.57 0.44
  462 L     1  -2   0   2  -2   2   0   0  -1  -2   0  -1   1  -3  -4   2   0  -5  -2   1   10   2   4  12   1  10   4   7   2   2   9   3   4   1   0  14   7   0   1   9  0.17 0.20
  463 L    -1  -1  -6  -5  -2   2   0  -6  -5   2   4  -1   4   0  -6  -4  -1  -2  -2   0    4   3   0   1   1   9   6   0   0   9  38   3   8   3   0   1   4   1   1   6  0.62 0.43
  464 R     1   1   1   1  -3   1   3  -2   0  -3  -3   2  -2  -3  -2   0   0  -6  -4  -4   14   6   7   8   0   7  20   2   2   1   3  13   1   1   2   5   5   0   1   1  0.36 0.32
  465 E     0   1   1   2  -6   2   3  -3   0  -3  -3   2  -3  -6  -3  -1  -1  -3  -2  -3    7   9   7  13   0  10  20   2   2   1   3  13   0   0   1   5   5   0   1   1  0.45 0.37
  466 I     0  -6  -5  -7  -1  -6  -6  -6  -1   5   3  -6   3  -2  -6  -5  -2   1  -2   2    9   0   1   0   1   0   0   1   2  34  23   0   7   1   0   1   2   2   1  15  1.00 0.56
  467 K     0   2  -2  -3  -5   1  -1  -2   1  -2  -2   4   0   1  -5  -1  -1  -5   1   0    9  12   1   1   0   5   3   2   4   2   5  26   2   6   0   4   4   0   4   7  0.38 0.32
  468 Q    -2   2   0  -1  -6   4   3  -2   0  -5  -4   4  -3  -3  -4  -1  -1  -6  -4  -5    3  10   4   3   0  21  16   3   2   1   1  22   1   1   1   4   4   0   0   1  0.71 0.52
  469 H     0  -6  -4  -6   1  -4  -5  -6   4   4   0  -6  -1   4  -6  -4  -3  -1   3   3    8   0   1   0   3   1   1   0  10  19   7   0   1  15   0   1   1   1  10  22  0.85 0.50
  470 L    -4  -7  -8  -8  -3  -7  -8  -8  -3  -1   7  -8   0  -2  -8  -8  -4  -7  -6  -2    2   0   0   0   1   0   0   0   1   3  86   0   2   2   0   0   1   0   0   2  2.15 1.04
  471 K     1   0   0   1  -3   2   2  -1  -1  -4  -3   2  -2  -4  -4   1   0  -6  -3  -3   12   5   4   8   1   9  15   5   1   1   3  15   1   1   0  11   5   0   1   2  0.33 0.31
  472 Q    -1   1   1   3  -3   4   2  -2  -1  -5  -2   1   2  -6  -4  -1  -1   0  -5  -4    6   8   5  17   1  18  14   3   1   0   3   7   6   0   0   4   4   1   0   1  0.50 0.41
  473 Q    -4  -1  -1  -5   1   7   2  -6   3  -2  -4  -3   1   0  -7  -4  -3  -6   2  -4    1   3   3   0   3  48  11   1   5   3   1   1   3   4   0   1   2   0   8   2  1.30 0.82
  474 Q    -2   1  -1   0  -7   7  -1  -3   3  -7  -3  -2  -4  -5  -6  -2   0  -7  -3  -4    3   6   3   4   0  57   3   2   7   0   3   2   0   0   0   2   6   0   1   2  1.48 0.88
  475 E     0   2   1   1  -3   2   3  -3   0  -3  -3   2  -2  -2  -4  -1   1  -5  -2  -2    8  10   6   8   1  10  19   1   2   1   2  13   1   1   0   4   9   0   1   3  0.35 0.31
  476 G     3  -6  -4  -3  -2   2  -4   6  -4  -6  -3  -3  -3  -4  -6  -1  -2  -3  -5  -5   21   0   0   1   1   9   1  52   0   0   2   1   1   1   0   4   2   0   0   1  1.20 0.70
  477 L    -6  -4  -7  -8  -3  -7  -7  -8  -7   5   5  -7   2  -3  -7  -5  -4  -6  -4   0    0   1   0   0   1   0   0   0   0  32  52   0   5   1   0   1   1   0   1   5  1.53 0.78
  478 S     1   0  -1   0  -2   3   3  -2  -1  -3  -3   1   0  -3  -4   1  -1  -6  -5  -2   13   4   3   5   1  12  24   3   1   1   3   8   2   1   0  13   3   0   0   3  0.40 0.36
  479 H     0   2  -1  -3  -3   2  -1  -4   8  -4  -3   0  -5  -1  -6   0  -1  -6   2  -4    7   9   3   1   1   9   4   1  33   1   2   6   0   3   0   6   4   0   8   1  0.94 0.59
  480 L    -6  -7  -8  -4  -6  -7  -8  -6  -8   0   6  -7   3  -3  -8  -6  -5  -7  -6   2    0   0   0   1   0   0   0   1   0   4  75   0   6   1   0   0   0   0   0  11  1.80 0.90
  481 I    -1  -2  -1  -3  -1   0  -3  -1  -2   3  -1   0   0  -3  -3   0   3  -5  -1   2    4   2   4   1   1   4   1   4   1  21   4   6   2   0   1   7  19   0   2  17  0.37 0.32
  482 S    -1  -1   2   3  -3   0   3  -2   0  -6  -6   3  -2  -6  -5   1   0  -6  -5  -4    4   3  10  15   1   4  19   3   2   0   0  18   1   0   0  12   7   0   0   1  0.58 0.43
  483 I    -2  -5  -3  -3  -3  -2   0  -6  -5   4   1  -3   1  -2  -4  -2   2  -2  -3   4    2   0   1   1   0   2   7   0   0  22  14   1   3   1   0   3  14   0   1  27  0.63 0.42
  484 I    -2  -6  -5  -6   0  -2  -6  -6  -6   3   4  -6   2  -3  -6  -3  -3  -6  -4   4    4   0   1   0   2   2   0   0   0  17  41   0   4   1   0   2   1   0   0  25  1.02 0.56
  485 K    -2   2   2  -1  -6   4   2  -3   0  -6  -5   5  -4  -6  -5  -1  -1  -6  -5  -4    3   8  11   4   0  16  12   1   2   0   0  33   0   0   0   3   4   0   0   1  0.84 0.55
  486 D    -1   2   1   2  -5   2   2  -2  -1  -4  -3   4  -3  -5  -4   0  -1  -6  -4  -4    4  11   6  10   0   9  14   2   1   1   3  25   0   0   0   7   4   0   0   1  0.54 0.40
  487 D    -1  -4   0   7  -2  -1  -1  -4   0  -3  -4  -5  -1  -7  -6  -2  -2  -7  -4  -4    5   1   4  66   1   3   3   1   2   2   2   0   2   0   0   3   2   0   1   2  1.61 0.83
  488 L     0   0  -1  -3  -1   1  -1  -2  -2   0   2   1   3   0  -4   0   0  -4  -1   0    7   5   2   1   1   5   4   2   1   5  25   9   8   4   0   9   7   0   1   4  0.17 0.20
  489 E     1   4   0   0  -6   1   3  -3  -1  -6  -4   4  -2  -3  -5  -1  -2  -6  -4  -4   10  20   3   6   0   5  22   2   2   0   1  22   1   1   0   3   2   0   0   1  0.67 0.47
  490 D     0  -4  -1   7  -7  -2   1  -4   0  -5  -7  -1  -4  -5  -6  -2   0  -8  -7  -2    7   1   2  58   0   1  10   1   2   0   0   4   0   0   0   2   6   0   0   4  1.38 0.76
  491 I    -1  -6  -6  -7  -5  -6  -6  -6  -6   3   4  -6   3  -1  -6  -5  -1   1  -1   4    5   0   0   0   0   0   0   0   0  16  36   0   6   3   0   0   4   2   2  25  0.96 0.54
  492 K    -1   1   2   3  -4   2   4  -1  -2  -4  -5   3  -4  -6  -5  -1  -2  -6  -4  -4    6   6   8  17   0   8  25   4   1   1   0  16   0   0   0   3   2   0   0   1  0.65 0.46
  493 L     0  -1  -1  -2  -3  -1   0  -4  -2   3   1   0   0  -2  -4  -1   1  -5  -3   2    8   3   2   1   0   3   6   1   1  23  16   5   2   2   0   3  11   0   0  14  0.29 0.26
  494 V    -3  -6  -7  -7  -6  -4  -4  -7  -7   6   1  -5   7  -3  -7  -5  -5   3  -5   1    2   0   0   0   0   1   1   0   0  42  12   1  26   1   0   0   0   3   0  10  1.55 0.76
  495 E    -1   1  -2  -1  -1   2   4  -3  -2   0   0   2   0  -3  -4   0  -1  -5  -1  -2    5   9   2   2   2   8  26   1   1   6   8  16   2   1   0   5   2   0   2   2  0.38 0.33
  496 H    -1   2   2   1  -5   2   2  -3   2  -5  -4   4  -3  -5  -4   0  -1  -6  -3  -4    5  10  10   9   0   9  15   2   6   0   1  23   0   0   0   6   3   0   1   1  0.57 0.40
  497 G     1  -1   0  -1  -4   0   1   4   1  -4  -4   1  -4  -3  -4   1  -1  -3  -3  -3   13   3   5   2   0   3  10  32   4   1   2   8   0   1   0  10   4   0   1   1  0.47 0.34
  498 L    -3  -4  -6  -6  -5  -5  -4  -6  -5   2   5  -2   4   2  -5  -5  -4   2   3   0    1   1   0   0   0   0   1   0   0   9  53   3   9   7   1   0   0   2   9   4  1.02 0.56
  499 N    -1   0   3   1  -2   2   2  -2  -1  -5  -4   2  -1  -5  -2   2  -1  -5  -4  -4    5   4  17   7   1   9  15   2   1   0   1  14   1   0   1  17   3   0   0   1  0.47 0.36
  500 E    -3   2  -2   3  -6   1   5  -1  -4  -6  -5   1  -5  -6  -4  -1  -2  -6  -5  -4    1  10   1  16   0   6  45   4   0   0   1   9   0   0   0   4   2   0   0   1  0.98 0.56
  501 T    -1   3  -2  -3  -3   0   0  -2  -1  -1   1  -1   0  -2  -1   1   1   1  -3   0    4  20   1   0   0   3   6   2   2   2  17   2   3   1   3  13  10   2   0   8  0.18 0.21
  502 I     0  -1  -3  -3  -1   1  -1  -1  -3   2   1   0   2  -2   0  -1  -1  -3  -2   2    5   3   0   0   1   6   4   4   0  15  17   6   6   0   5   4   3   0   1  19  0.17 0.17
  503 H     0   4  -1  -3  -5   3   0  -4   5  -4  -4   1   0  -1   1  -2  -1  -4   1  -4    9  22   2   0   0  13   4   0  16   0   0  10   3   2   9   2   3   0   5   0  0.55 0.35
  504 S     0   2  -2  -2   0   2   1   0  -2  -1  -2   0   0  -4  -1   2   1  -4  -3  -1    5  11   0   0   2   9  12   7   0   5   2   4   4   0   3  23   9   0   0   3  0.23 0.23
  505 R    -3   6  -3  -4  -5   3  -2  -4  -3  -3  -3   3   0  -5  -4   1  -3  -5  -4  -4    0  54   0   0   0  11   0   0   0   2   2  17   3   0   0  11   0   0   0   0  1.16 0.51
  506 G    -1  -2   2  -2  -4  -2  -1   5  -3  -1  -2  -2  -3  -4  -3   2  -2  -4  -4  -3    3   1  13   0   0   0   3  52   0   5   3   2   0   0   0  18   0   0   0   0  0.75 0.31
  507 G     0  -3  -1  -1  -3  -2  -2   4  -3  -1  -4  -2  -3  -3  -3   3  -1   4  -3  -3    4   0   0   2   0   0   0  45   0   6   0   0   0   0   0  35   0   8   0   0  0.74 0.26
  508 V     0   0  -2  -3  -2   0  -2  -2  -2   1   1   0   2   1  -3  -1   0  -2   1   1    8   6   0   0   0   6   0   2   0  12  13   5  11   8   0   0   6   0   5  15  0.11 0.07
  509 F    -2  -3  -3  -3  -3   0  -3  -4  -1  -1   2  -3   4   5  -3  -1   0  -1   2  -1    0   0   0   0   0   6   0   0   1   0  17   0  19  39   0   5   7   0   6   0  0.48 0.18
  510 S     0  -2   2  -1  -2  -1  -1  -1  -2  -3  -3  -1  -2  -3  -2   5   2  -4  -3  -2    0   0  11   0   0   0   0   0   0   0   0   0   0   0   0  81   9   0   0   0  0.74 0.20

                      K         Lambda
Standard Ungapped    0.1315     0.3141
Standard Gapped      0.0388     0.2670
PSI Ungapped         0.1269     0.3172
PSI Gapped           0.0388     0.2670
