
Last position-specific scoring matrix computed, weighted observed percentages rounded down, information per position, and relative weight of gapless real matches to pseudocounts
            A   R   N   D   C   Q   E   G   H   I   L   K   M   F   P   S   T   W   Y   V   A   R   N   D   C   Q   E   G   H   I   L   K   M   F   P   S   T   W   Y   V
    1 M    -3  -4  -5  -6  -4  -3  -5  -5  -4  -1   3  -4   9  -2  -5  -4  -3  -4  -3   0    0   0   0   0   0   0   0   0   0   0  29   0  68   0   0   0   0   0   0   3  1.65 0.53
    2 A     3  -2  -2  -3  -2   0   0  -2  -3  -1   1  -1  -2  -1  -3   3   0  -4  -3  -2   30   0   0   0   0   4   4   0   0   2  17   3   0   2   0  33   5   0   0   0  0.39 0.27
    3 A     4   2  -1  -3   1  -2  -3   1  -3  -2  -2  -2   1  -1  -2   0   0  -4  -3  -1   48  13   3   0   3   0   0   8   0   2   2   0   4   2   1   3   6   0   0   5  0.45 0.31
    4 W     0  -2  -5  -6   1  -4  -3  -5  -4   2   2  -4   5   2  -5  -2  -4   9  -1  -2    7   2   0   0   3   0   2   0   0  11  16   0  19   8   0   2   0  28   1   1  1.09 0.45
    5 G     0   3  -1  -3   3  -1  -3   1  -3  -3   0  -1  -1   2   0   2  -2  -4  -2  -2    6  18   2   0   7   2   0  14   0   0  11   1   2   9   4  20   1   0   0   3  0.25 0.24
    6 P    -2   4  -4  -4  -6  -3  -2  -5  -4  -6  -6  -1  -3  -6   7   2   0  -6  -5  -5    2  23   0   0   0   0   2   0   0   0   0   3   1   0  48  17   5   0   0   0  1.42 0.61
    7 A     3  -1  -2  -4   2  -2  -3  -3  -2   0   1  -1   2   1  -4   1   0  -4  -2   1   27   2   2   0   5   1   1   0   1   3  17   2   5   6   0  12   4   0   1  13  0.27 0.24
    8 A     3   0  -2  -2   0  -2  -2  -1  -2   0  -1   0  -2   0   0   1   0  -4  -3   1   30   5   1   1   2   0   1   4   1   4   6   7   0   4   4  14   6   0   0   9  0.22 0.22
    9 A     2   0  -1  -3   2  -1  -3  -1  -2   0  -1  -2  -1  -2   1   3   1  -2  -3   0   17   7   2   0   4   2   0   5   1   7   6   1   1   2   6  27   7   1   0   5  0.24 0.24
   10 A     2   2  -1  -1  -2  -1  -2  -2  -2  -1   0  -1   0  -2  -1   2   1  -4  -3   0   21  13   2   3   1   2   0   2   1   4   9   2   2   2   3  18   7   0   0   8  0.20 0.21
   11 P     0   2   0  -3   0  -2  -4  -2   0  -4  -3  -1  -3  -1   5   1   2  -6  -4  -1    6  14   4   1   2   1   0   3   2   0   3   3   0   3  29  12  12   0   0   5  0.60 0.41
   12 L    -2  -2  -6  -6  -3  -4  -5  -4  -1   2   4  -4   4   2  -4  -3  -3  -2  -4   1    3   2   0   0   0   1   0   1   2  12  45   1  10   9   1   2   1   0   0   9  0.78 0.44
   13 L     0   2  -3  -5  -2  -2  -5  -5  -2   1   4  -2   0   3  -2  -3  -1  -1  -2   0    7  14   1   0   1   2   0   0   1   6  38   1   2  13   2   2   3   1   1   5  0.53 0.36
   14 R    -1   7   1  -1  -4   1  -3  -4  -1  -4  -3  -2  -5  -6  -1   2  -2  -6  -4  -6    5  52   5   3   0   5   1   1   1   1   3   1   0   0   3  14   3   0   1   0  1.12 0.63
   15 G     1   0   1  -2  -1  -1  -3   3   0  -1  -1  -2  -2   1   0   3  -1  -2  -2  -1    9   5   7   1   1   2   1  20   2   3   7   1   1   6   4  23   2   0   1   4  0.24 0.24
   16 S     1   0  -1  -1  -2   0  -3  -1  -1   0  -2  -2  -4   0   1   4   2  -5  -2  -2    9   4   2   4   1   3   1   5   1   6   4   1   0   4   7  33  12   0   1   3  0.35 0.33
   17 R    -1   6  -1  -4   1   0  -3  -2  -2  -3   0   0  -1  -4  -3   0   0  -6  -3  -2    6  45   2   1   3   4   1   3   1   2   9   4   1   1   2   8   5   0   1   3  0.77 0.49
   18 G     1   1   0  -1  -2   1  -1   1   1   0  -1  -1  -2  -2   0   1   1  -3  -1   0   12  10   4   4   0   7   3  11   3   6   4   2   1   2   4   9  11   0   2   5  0.09 0.12
   19 L     0  -1  -2  -4  -3  -2  -3  -3  -2   1   3  -2  -2   1   0   0   1  -4  -1   1    9   4   2   0   0   1   1   2   1   6  36   2   0   6   5   7   8   0   2   9  0.31 0.26
   20 P     0   1  -3  -4  -1  -1  -1  -3  -3  -3  -2   0  -3  -1   5   2   0  -2  -3  -2    8   8   1   1   1   3   3   2   1   1   5   6   1   3  33  15   6   1   1   3  0.63 0.42
   21 L    -2   1  -1  -4  -2  -2  -4  -3  -2   1   4  -3   1   1   0   0   0   0  -1  -1    3   8   3   1   1   1   0   2   1   8  40   1   2   5   5   7   5   1   2   4  0.40 0.31
   22 W     0   2  -2  -3   2   1  -1  -2   1  -1   1  -3  -2   2  -1   1  -1   5   2  -2    6  12   1   1   4   5   3   2   4   3  13   0   1  10   4  10   4   8   6   1  0.26 0.24
   23 H    -1   3   1  -3  -1   0  -3  -3   5  -2  -2  -2  -2   1  -2   2   1   1   2  -3    4  16   6   1   1   4   1   2  14   3   4   1   1   5   2  18   7   2   6   1  0.39 0.33
   24 C    -1   0  -3  -2   6  -1  -3  -1  -2   0   0  -2  -2  -2   1   2   1  -3  -2   0    5   5   1   2  17   2   1   5   1   5  10   2   1   1   7  20   8   0   2   6  0.37 0.31
   25 A     2  -1   1  -2   0   0  -2  -1  -2  -1   0  -3  -1   1   0   2   2  -4   0   0   22   3   6   1   2   3   1   4   0   3   8   1   1   6   4  15  11   0   3   6  0.18 0.22
   26 Q    -1   3   0  -2  -1   2   0  -2  -1  -1  -1   0  -1  -2   1   1   0   1  -2  -1    4  15   4   1   1  12   5   2   2   4   7   5   2   2   8  14   4   2   1   5  0.18 0.21
   27 R     0   6   0  -3   0   0  -1  -2   1  -4  -4  -1  -3  -6  -2   0  -1  -3  -2  -4    7  51   3   1   2   3   4   3   3   1   1   3   0   0   2   7   4   0   1   1  0.97 0.58
   28 M     1  -1  -1  -3   1  -1  -2  -2   0  -1   2  -1   4   1  -1   1   0   1  -1   0   11   2   2   1   3   3   2   2   2   2  17   4  13   5   3  14   4   2   1   6  0.18 0.21
   29 F     0  -3  -2  -4   0  -3  -3  -1  -2  -1   2  -3   2   5   0   0  -1  -1   2  -3    9   1   2   0   2   1   1   4   1   3  18   2   6  25   4   8   3   1   8   1  0.43 0.33
   30 A     3  -4  -2  -2   1  -2  -2  -2  -2  -2  -1  -3   0  -3  -1   4   2  -1  -2  -2   27   0   1   2   3   2   2   3   1   1   7   0   2   1   3  29  11   1   1   3  0.48 0.42
   31 S     1   0  -1  -1  -3  -1  -1  -1   1  -3  -3  -1   0  -2  -3   4   3  -5  -3  -2   12   6   3   4   0   2   2   4   4   1   2   3   2   2   1  32  16   0   0   2  0.41 0.37
   32 Q     1   0  -1   0  -2   3   0  -1   0  -2   0   0   4  -2  -1   1   0  -4  -1  -1   10   4   2   5   0  14   6   3   2   1  11   6  12   1   3  10   4   0   2   3  0.18 0.23
   33 T    -1  -3   1   0  -2  -2  -1  -2  -2  -3  -4   0  -4  -2   0   2   5  -5  -3  -1    5   1   6   5   1   1   4   3   1   1   1   5   0   2   4  15  42   0   1   4  0.64 0.49
   34 E     1   0   0   3  -2   0   3  -3  -1  -3  -3  -1  -3  -3   3   1  -1  -5  -4  -2   12   4   3  14   1   4  22   1   1   2   2   4   1   1  13  10   4   0   0   2  0.40 0.33
   35 G     2  -2  -2  -3  -3  -2   0   3  -3  -2  -1  -1   2  -1  -2   0   0  -4  -1  -1   18   2   1   1   0   1   7  27   0   2   7   3   7   3   2   6   4   0   2   5  0.28 0.26
   36 E    -4  -1  -3   1  -7   1   7  -5  -3  -3  -6  -1  -6  -7  -3  -3  -3  -7  -6  -4    1   4   1   6   0   6  69   1   1   2   0   3   0   0   2   1   2   0   0   1  1.60 0.88
   37 L     1   1  -1   0  -1   2   1  -2  -1  -1  -1   2  -1  -3  -2   1   0  -4  -2  -1   11   6   3   5   1  12   9   3   1   4   8  14   2   1   1   9   5   0   1   4  0.14 0.17
   38 K     1   2   0  -1  -2   1   0  -2   2  -1  -1   2  -2  -2  -2   2   0  -1  -1  -2   10  13   5   3   1   6   4   2   6   3   5  15   1   1   2  15   6   1   2   2  0.19 0.21
   39 V    -4  -3  -7  -7  -2  -6  -4  -7  -7   6   2  -6   4  -2  -4  -4  -3  -6  -5   3    1   2   0   0   1   0   1   0   0  46  19   0   9   1   1   1   1   0   0  16  1.25 0.66
   40 T     0   2  -2  -3  -3   1   2  -4   1  -1  -2   1  -2   1  -2  -1   2   1   1  -2    9  13   1   1   0   5  17   1   4   4   3   8   1   5   1   2  15   2   5   2  0.30 0.31
   41 Q     0   1   2   3  -2   2   2  -2  -2  -4  -4   2  -3  -6  -4   1   0  -6  -3  -4    8   6  10  16   1   9  15   2   1   1   2  10   1   0   0  10   7   0   1   1  0.43 0.37
   42 V    -1   0  -3  -3  -2  -1  -2  -4  -3   2   1   5   1  -4  -3  -2  -1  -2  -3   0    6   5   1   1   1   2   2   1   1  14  15  33   3   0   1   3   3   1   1   6  0.51 0.41
   43 L    -4  -4  -7  -5  -1  -6  -4  -5  -2   4   6  -6  -1  -4  -5  -5  -4  -6  -3  -1    2   1   0   1   1   0   2   1   1  19  65   0   1   0   1   1   1   0   1   3  1.41 0.76
   44 K    -1   3   0  -2  -3   2   1  -3   0  -2  -3   3  -1  -4  -3  -1   1  -5  -3  -1    6  17   3   2   1  10  10   2   2   2   3  20   2   1   1   5  10   0   1   4  0.40 0.34
   45 E     1  -1   0   1  -3   2   4  -2  -2  -2  -4   1  -3  -5  -1   2  -1  -6  -3  -2   10   3   5   7   1   9  26   3   1   2   1  10   1   0   3  13   4   0   1   2  0.42 0.38
   46 K     2   2   1  -2  -2  -1   1   0   2  -3  -2   3  -2  -4  -4   1   0  -5  -3  -2   18   9   6   1   1   3   8   7   5   1   4  19   1   1   0  10   6   0   1   2  0.32 0.31
   47 F    -4  -3  -7  -4  -6  -4  -4  -4  -1   2   4  -4  -1   6  -7  -4  -4   1  -1  -2    1   2   0   1   0   1   1   2   2   9  35   1   1  37   0   1   1   1   2   2  1.18 0.66
   48 P    -1  -2  -1   0   0   0   0  -1  -3  -2  -3   1  -3  -3   6   1  -1  -4  -2  -3    4   2   3   5   2   5   7   4   0   2   3   9   0   1  34  11   3   0   1   2  0.62 0.39
   49 R    -1   0   2   2  -4   2   1   0   1  -1  -3   1  -2  -2   2  -1   0  -1  -1  -2    5   4   9  12   0   8  10   7   4   4   2   8   1   2  11   4   6   1   2   2  0.20 0.20
   50 A     4  -3  -3  -4   0  -3  -3  -1   2  -1  -3  -3  -5  -3   4  -1   0  -6  -5   0   38   1   1   1   2   1   1   4   5   3   3   1   0   1  18   4   6   0   0   8  0.68 0.53
   51 T    -1  -1   1  -1  -1   0   0  -2   2   0  -1   0  -1  -2  -2   3   3  -4  -1   0    3   3   5   3   1   3   7   3   6   5   6   5   1   1   2  20  17   0   2   5  0.21 0.25
   52 A     0  -2  -1  -1   0   0   2  -3   6  -2   0   0  -2  -1  -1   1  -2   0   1   0    7   2   3   3   2   5  14   1  17   2   8   5   1   2   3  10   3   1   5   6  0.31 0.28
   53 I    -1  -1  -1  -2   1  -2  -2  -3   0   3   2  -2   0  -1  -2   0  -1  -4  -2   2    5   4   3   2   3   2   3   2   2  17  22   3   1   2   2   9   3   0   1  14  0.22 0.21
   54 Q     0   1  -1   0   0   1   2   0   2   0  -2   0   0  -2   1   0  -1  -4   0   0    6   7   2   4   2   6  16   6   5   5   3   6   2   2   6   7   4   0   3   6  0.11 0.14
   55 V    -1  -1   0  -2   1  -1  -1  -3   2   1  -1  -1   3  -1   0  -2  -1   1   0   3    5   3   4   3   4   2   3   2   5   8   6   3   7   3   6   3   3   2   4  25  0.21 0.21
   56 T     0   0   0   1   1   0   0  -1   3   0  -1  -1   1  -1  -1  -1   0   2  -2   0    6   6   6   7   4   5   6   5   9   7   4   3   4   3   3   4   5   3   0   8  0.05 0.10
   57 D     0   0   0   0   2   0   0   0   1   0  -1   0  -1   0   1   0   0  -2   1   0    6   6   5   6   5   5   6   6   5   6   6   6   0   5   6   6   6   0   5   6  0.03 0.06
   58 I    -1  -1  -1   1   0   0   0  -1  -1   0   0   0   0  -1   1   0   1  -3   0   1    4   3   3  10   2   4   5   4   2   6   7   5   3   3   6   5   8   0   3  18  0.04 0.09
   59 S     0  -1   0   0  -3   0  -2  -1   1  -1  -1   0  -2  -1   3   3   1  -4  -3  -1    4   4   4   5   0   3   0   5   3   3   5   4   0   4  14  27   8   0   0   5  0.24 0.25
   60 G     0   0   1   0   2   1   0   0   2  -2  -1   0  -2  -2   1   0   0  -3   1  -1    6   6   6   6   6   6   6   6   6   0   6   6   0   0   6   6   6   0   6   6  0.08 0.10
   61 G     0   0   1   2   0   0   0   2   0  -1  -2   0   0  -3  -1   1   0   1  -3  -1    5   4   6  11   3   3   5  16   3   3   4   7   3   0   3  12   5   3   0   3  0.13 0.14
   62 C     1   0   0   2   5   1   0   0   1  -3  -2   0  -3  -4  -3   1   1  -4  -3  -1   11   4   5  10  15   7   4   7   4   0   5   6   0   0   0  10   7   0   0   4  0.27 0.24
   63 G     0   0   1   0   2   0   1   5  -4  -6  -6  -4  -5  -6   0   0  -4   3  -5  -5    7   4   6   6   4   5  10  41   0   0   0   0   0   0   5   6   0   4   0   0  0.77 0.43
   64 A     0   0   0   0   2   0   0  -1   1   0  -1   0   1   0   0   0   0  -2   1   0    5   5   5   5   5   5   5   5   5   5   5   5   5   5   5   5   5   0   5   5  0.03 0.05
   65 M    -1  -3  -2  -4  -3  -2  -4  -4   6  -3  -2   1   7   0  -5   1  -2  -5  -3  -3    4   1   2   0   0   1   0   1  23   1   1  11  36   5   0  11   2   0   0   1  1.14 0.55
   66 Y    -5  -4  -6  -6  -6  -5  -6  -6  -1  -2  -2  -5  -2   7  -6  -5  -5   0   7  -3    0   1   0   0   0   0   0   0   1   1   2   0   1  46   0   0   0   1  43   1  2.08 0.72
   67 E     1   2   1   1  -3   1   3  -2   1  -4  -3   1  -2  -3  -3   1  -1  -4  -2  -2   14  11   5   6   0   7  21   2   3   0   1   9   1   1   0  12   3   0   1   2  0.31 0.22
   68 I     0  -5  -5  -5   0  -5  -5  -5  -5   6   0  -5  -1  -2  -5  -3  -2  -5  -4   4    7   0   0   0   2   0   0   0   0  43   8   0   1   1   0   1   1   0   0  34  1.07 0.46
   69 K    -2  -1  -1   0  -2   1   1  -3   2   2   0   0   0   0  -3  -1   0  -2   0   2    1   2   3   4   1   6  12   1   8  13  10   4   1   4   0   4   7   0   4  15  0.12 0.13
   70 I    -3  -5  -5  -5  -4  -5  -5  -5  -5   6   0  -5   0  -3  -5  -4  -2  -5  -4   5    1   0   0   0   0   0   0   1   0  49   4   0   2   0   0   1   2   0   0  38  1.31 0.51
   71 E     0  -2  -2  -2  -1  -1   3  -2  -2   0  -2  -1  -1  -3  -3  -1   1  -4  -3   4    7   1   1   2   1   2  22   2   1   4   1   3   1   0   0   4   9   0   0  38  0.44 0.31
   72 S     1  -4  -2  -1   1  -3  -3  -2  -1  -4  -4  -3  -1  -5  -4   6   0  -1  -4  -4    9   0   0   2   2   0   1   2   1   0   1   0   1   0   0  72   4   1   0   1  1.26 0.60
   73 E    -1  -2   0   3   1   0   4  -2  -1  -3  -4   0  -2  -3   3   0  -1  -4  -3  -3    5   2   3  15   4   2  29   2   1   1   1   5   1   1  17   7   2   0   1   1  0.51 0.28
   74 E     1   0  -1   1  -2   2   3  -2  -1   0  -1   2  -1  -3  -2   0  -1  -2  -2  -1   14   3   1   7   1   8  21   2   1   7   4  16   1   1   0   7   2   1   1   2  0.23 0.19
   75 F    -5  -6  -6  -6  -5  -6  -2  -6  -5  -3  -1  -6  -3   9  -6  -5  -5  -3  -1  -2    0   0   0   0   0   0   4   0   0   0   5   0   0  86   0   0   0   0   0   2  2.43 0.81
   76 K     0   2   0   1  -4   2   3  -1   0  -3  -3   3  -2  -4  -3   0  -1  -4  -3  -2    7  10   4   6   0   8  19   4   2   1   1  24   1   0   0   7   2   0   0   3  0.36 0.23
   77 E    -2  -4   1   1  -5  -2   0   6  -4  -6  -5  -1  -5  -5  -4  -1  -3  -5  -5  -5    2   0   5   7   0   1   6  68   0   0   0   3   0   0   0   4   1   0   0   0  1.29 0.52
   78 K    -2  -1  -2  -1  -2   0  -2  -4  -2  -1   3   5   2  -3  -4  -2  -2  -4  -4  -1    2   1   1   4   1   3   1   0   1   3  26  44   6   0   0   3   1   0   0   3  0.64 0.39
   79 R    -2   3   2  -3  -4  -2  -2  -2  -3  -3  -3   0   0  -4   3   4   2  -5  -4  -3    2  16   8   0   0   1   0   3   0   1   1   5   3   0  13  31  15   0   0   0  0.55 0.36
   80 T     0   0  -3  -4  -3   0  -3  -4  -2   1   2   0   3  -3   0  -1   3  -4  -3   0    6   6   0   0   0   4   1   0   1   6  24   6   9   0   6   1  26   0   0   5  0.35 0.29
   81 V    -2  -4  -5  -5   2  -3  -5  -5  -5   3   3  -1   0  -2  -2  -2  -2  -5  -3   4    2   0   0   0   5   1   0   0   0  19  34   4   2   1   2   3   1   0   0  28  0.68 0.36
   82 Q     1  -1   3  -1  -5   5   1  -3  -1  -4  -4   4  -1  -5  -3  -2  -2  -5  -4  -4   13   2  13   2   0  26   9   1   1   1   1  28   1   0   1   1   1   0   0   0  0.72 0.43
   83 Q    -3   5  -3  -4  -2   7  -2  -5  -3   1  -5  -1  -2  -6  -5  -2  -2  -6  -5  -4    2  33   1   0   1  48   0   0   0   9   0   2   1   0   0   2   2   0   0   0  1.40 0.66
   84 H    -4  -4   0  -5  -7   3  -2  -6  10  -7  -6  -4  -5  -5  -6  -2  -3  -6  -3  -7    1   0   3   0   0  13   1   0  76   0   0   0   0   0   0   3   1   0   0   0  2.71 0.90
   85 Q    -4   7  -4  -5  -3   3  -2  -5   1  -6  -2   2  -1  -4  -5  -4  -4  -6  -5  -5    1  63   0   0   1  11   1   1   3   0   5  13   1   1   0   0   1   0   0   0  1.51 0.64
   86 M    -1  -2  -4  -2  -4  -2  -3  -5  -3   1   4  -3   7   1  -5  -3  -3  -2   0  -2    5   2   0   2   0   1   2   1   0   5  35   1  33   5   0   1   1   1   3   1  0.88 0.46
   87 V    -3  -6  -6  -6  -4  -5  -6  -6  -6   3  -2  -5   0   1  -6  -2  -3  -6  -4   7    1   0   0   0   0   0   0   0   0  13   1   0   1   5   0   4   0   0   0  75  1.52 0.62
   88 N    -4  -3   7  -3  -5   0  -3  -4   2  -5  -4   0  -2  -2  -5   0   0  -4   4  -4    1   0  51   0   0   5   0   0   4   0   1   5   1   1   0   6   6   0  18   1  1.18 0.55
   89 Q     1  -1   1   2  -4   2   4  -1  -1  -4  -4   1  -3   0  -3   1   0  -4  -3  -3   12   2   5  11   0  11  27   5   1   0   0   7   0   5   0   8   6   0   0   1  0.39 0.26
   90 A     4  -3  -4  -4   1  -3  -3  -3  -4   2   1  -3  -1  -2  -3  -1   1  -5  -3   2   38   1   0   0   3   1   1   1   0  14  12   1   0   1   1   3   7   0   0  16  0.47 0.31
   91 L    -4  -4  -6  -7  -2  -5  -6  -6  -6   2   6  -6   0  -2  -4  -4  -4  -5  -4  -1    1   0   0   0   1   0   0   0   0   8  84   0   1   1   1   1   0   0   0   2  1.51 0.61
   92 K     1   1  -2  -1  -5   1   0   1  -3  -5  -5   6  -4  -6  -4   0  -3  -5  -5  -3   10   5   1   2   0   5   4   9   0   0   0  55   0   0   0   7   1   0   0   1  0.89 0.46
   93 E    -2  -2   1   4  -4   1   5  -2  -1  -6  -6   0  -5  -6  -2  -1  -2  -6  -4  -4    3   1   5  26   0   5  45   2   1   0   0   4   0   0   2   3   1   0   0   1  0.96 0.46
   94 E    -3  -2  -2   1  -6   1   6  -5   0  -2  -2   0  -2  -3  -3  -3  -3  -3  -2  -2    1   2   1   6   0   5  63   0   2   2   5   5   1   1   0   0   1   0   1   3  1.07 0.53
   95 I    -4  -4  -6  -6  -4  -5  -6  -5  -6   6   2  -4   6  -1  -6  -4  -3  -5  -3   1    0   1   0   0   0   0   0   0   0  52  19   0  19   2   0   0   1   0   1   4  1.27 0.54
   96 K     2   0   0  -1  -4   3   1  -1  -2  -4  -4   5  -3  -5   0   0  -1  -5  -4  -3   16   3   3   2   0  12   7   4   0   1   1  38   0   0   5   5   4   0   0   1  0.57 0.35
   97 G     0  -1   1   2  -3   2   2   3   0  -3  -4   1  -2  -3  -3   1  -1  -5  -4  -3    6   2   7  14   0   9  12  24   2   1   1   7   1   1   0  10   3   0   0   1  0.36 0.23
   98 M    -3  -5  -6  -6  -4  -5  -6  -6  -6   5   1  -5   7  -2  -6  -4  -2   6  -4   2    1   0   0   0   0   0   0   0   0  37  11   0  26   1   0   0   2  11   0  10  1.31 0.55
   99 H    -6  -4  -4  -4  -8  -1  -4  -7  11  -6  -7  -5  -6  -6  -4  -5  -6  -7  -2  -8    0   1   0   1   0   2   0   0  95   1   0   0   0   0   1   0   0   0   1   0  3.65 1.10
  100 G     5  -4  -4  -5  -1  -4  -4   5  -5  -5  -5  -4  -3  -6  -4  -1  -3  -6  -5  -4   52   0   0   0   1   0   1  42   0   0   0   0   1   0   0   3   0   0   0   0  1.36 0.58
  101 L    -4  -5  -6  -6  -1  -5  -5  -6  -5   2   5  -5   2   3  -6  -5  -4   2  -1   1    0   0   0   0   1   0   0   0   0  12  56   0   4  12   0   0   0   3   1  10  1.00 0.42
  102 R     0   3   0  -3  -4   4  -1  -3  -1  -4  -3  -1  -2  -5  -4   3   2  -2  -4  -3    5  19   4   0   0  21   3   1   1   0   1   1   1   0   0  24  16   1   0   1  0.61 0.37
  103 I    -3  -4  -5  -5  -2   2  -4  -6  -5   5   3  -4   2  -2  -2  -4  -3  -5  -4   1    1   0   0   0   1  12   0   0   0  42  29   0   4   1   2   0   0   0   0   8  0.87 0.41
  104 F    -3   2  -1  -2   0   2   0  -4   2  -2  -3   5  -2   2  -4  -1  -1  -4  -2  -1    0   8   2   2   2  11   6   0   5   2   1  38   0  11   0   3   4   0   1   5  0.51 0.32
  105 T     1  -5  -3  -5   5  -4  -4  -4  -5  -3  -4  -3  -4  -5  -3  -1   7  -6  -5  -3   10   0   0   0  11   0   0   0   0   1   1   1   0   0   1   2  72   0   0   0  1.55 0.66
  106 S    -1   1  -1  -1  -3  -1  -1  -1   0  -2   0   3  -1   1  -3   1  -1   2   3  -2    4   8   2   4   0   2   3   3   1   1  11  20   2   7   0  14   2   2  13   1  0.20 0.19
  107 V     1  -4  -2  -4  -3  -3  -4  -5  -5   2  -2  -3  -3  -4  -2  -1   6  -5  -4   3   10   0   1   0   0   0   0   0   0  10   1   1   0   0   2   3  54   0   0  18  0.96 0.49
  108 P    -3  -6  -4  -3  -7  -4  -5  -6  -6  -7  -6  -3  -6  -7   9  -3  -4  -8  -7  -5    1   0   0   2   0   1   0   0   0   0   1   1   0   0  92   2   1   0   0   0  2.88 0.85
  109 K    -3  -1  -2  -1  -6   3   6  -4  -3  -6  -5   4  -4  -4  -4  -2  -3  -5  -4  -5    0   1   0   2   0  10  54   1   0   0   0  31   0   1   0   0   0   0   0   0  1.24 0.48
  110 C     2  -2  -1  -2   6  -2  -2  -2  -3  -2  -3  -2  -2  -3  -2   3   2  -4  -3  -2   22   0   0   0  26   0   0   0   0   0   0   0   0   0   0  38  14   0   0   0  0.62 0.15

                      K         Lambda
Standard Ungapped    0.1315     0.3193
Standard Gapped      0.0440     0.2670
PSI Ungapped         0.1439     0.3181
PSI Gapped           0.0440     0.2670
