
Last position-specific scoring matrix computed, weighted observed percentages rounded down, information per position, and relative weight of gapless real matches to pseudocounts
            A   R   N   D   C   Q   E   G   H   I   L   K   M   F   P   S   T   W   Y   V   A   R   N   D   C   Q   E   G   H   I   L   K   M   F   P   S   T   W   Y   V
    1 M    -3  -4  -5  -5  -4  -3  -4  -5  -4  -1   2  -4  10  -2  -5  -4  -3  -4  -3  -1    0   0   0   0   0   0   0   0   0   0  11   0  89   0   0   0   0   0   0   0  1.91 0.46
    2 A     3  -2  -2   0  -2   0  -1  -1  -3  -2  -1  -2  -2  -3  -2   1   2  -4  -3   1   37   0   0   5   0   5   3   3   0   0   6   0   0   0   0  12  19   0   0  10  0.31 0.18
    3 E     2  -1   2   2  -3   2   3  -2  -2  -4  -4   1  -3  -4  -2   2   0  -4  -3  -3   18   0  13  11   0  11  19   1   0   0   0   8   0   0   0  15   3   0   0   0  0.41 0.19
    4 A     2   0   1   0  -3   0   0  -1   3  -2  -3   1  -2  -3  -2   2   0  -4  -1  -2   28   4   7   3   0   4   6   3   9   2   0  10   0   0   0  17   4   0   2   1  0.26 0.16
    5 E     0   0   0   1   0   0   2  -1   0  -3  -2   1  -1  -4   1   1   2  -4  -3  -3    8   4   2   9   2   2  19   2   2   0   2  11   1   0   8  14  14   0   0   0  0.27 0.15
    6 A     4  -3  -1  -3   0  -1  -2  -1  -3   0  -1  -2   0  -1  -1   3   1  -4  -3  -2   43   0   3   0   1   2   2   2   0   5   4   1   2   3   2  24   7   0   0   0  0.42 0.25
    7 G     1  -2  -1  -3  -3  -2  -2   2   0   0  -2  -1   3   0  -2   2   1  -3  -1  -1   15   1   3   0   0   0   0  18   3   5   0   2  12   6   1  16  12   0   1   4  0.23 0.19
    8 G     0  -1   0   0   3  -1   0   3  -3  -2  -2  -1  -2  -4   2   2   1  -4  -3  -3    6   2   4   4   7   3   7  24   0   1   4   2   1   0  10  15   9   0   0   1  0.29 0.18
    9 D     0   0   3   3  -4   0   0   0   2  -2  -3   1  -3  -4  -2   2   0  -4  -2  -2    5   5  13  23   0   2   4   5   5   3   1   7   0   0   1  18   3   0   1   2  0.33 0.21
   10 E     0   0  -1   2  -1   0   1  -1   1   1  -1   0  -1  -3   2   0  -1  -4  -3   0   10   6   2  11   1   2  11   4   4   9   3   7   2   0  11   6   1   0   0   8  0.14 0.12
   11 A     3   2  -2  -3  -4   0  -2   0  -2  -3  -3   2  -2  -4   3   2   0   2  -4  -2   25  10   1   0   0   3   1   5   1   1   1  13   1   0  13  15   4   3   0   2  0.39 0.27
   12 R    -1   4   5  -1  -3  -2  -3  -1   5  -5  -4   3  -1  -4  -3  -1  -3  -6  -3  -4    5  24  25   2   1   0   0   4  13   0   2  15   2   0   1   4   1   0   1   1  0.77 0.42
   13 C     0  -3  -5  -6   7  -5  -5  -3  -4   3   2  -4   1  -3   2  -1  -2  -5   0   0    6   1   0   0  25   0   0   2   0  16  21   0   3   1  10   4   1   0   3   6  0.75 0.39
   14 V    -1   3  -2  -2  -1   0   1  -4  -2   0   2  -1   3  -2  -3  -2   0  -4  -3   1    5  15   2   1   1   4  10   0   0   5  25   3   8   1   1   1   6   0   0  10  0.27 0.24
   15 R    -1   3   0   1  -5   2   2  -4   1  -4  -3   2  -3  -3   0   1   0   0  -1  -3    3  14   4   8   0   7  14   0   3   1   2  15   0   1   5  12   7   1   2   1  0.34 0.26
   16 L    -3  -4  -6  -7  -5  -4  -5  -1  -6   2   6  -4   2  -2  -4  -3  -2  -5  -5   0    1   1   0   0   0   0   0   5   0   9  65   1   5   1   1   2   2   0   0   5  1.13 0.55
   17 S    -2  -1   2   2  -1  -2  -2  -4  -4  -5  -4  -2  -5  -5   0   4   4  -6  -5  -4    2   3  10  13   2   2   2   0   0   0   1   2   0   0   5  36  22   0   0   1  0.79 0.51
   18 A     1   1  -1  -2   0   1   0  -1  -2  -2  -2   3  -2  -4   2   0  -1  -5  -3  -1   13   8   3   1   2   5   6   5   1   1   3  22   1   0  10   8   4   0   1   6  0.26 0.23
   19 E     1  -1   0   2  -4   2   4  -3  -1  -3  -4   0  -3  -4  -2   1   0  -6  -3  -3   11   2   4  13   0   9  31   2   1   2   2   5   0   1   1   8   5   0   1   1  0.52 0.37
   20 R     0   0   2   2   0   1   4  -2  -1  -2  -3   0  -3  -4  -3   1  -1  -5  -3  -3    8   4  10  12   2   5  27   3   1   3   2   6   0   0   1  10   3   0   1   2  0.38 0.29
   21 A     1   0  -3  -3  -2   0  -2  -2  -2   2   1   1   0   2  -2  -1  -1   0   0   1   16   4   0   1   1   4   1   2   1  14  12   8   2  11   1   5   2   1   3  11  0.18 0.17
   22 K     0   4   0  -1  -3   2   1  -3   0  -3  -2   3  -2  -4  -3  -1   0  -3  -3  -3    8  21   4   4   1  11   8   2   2   2   4  21   1   0   1   5   4   0   1   1  0.44 0.32
   23 L     2   1   1   2  -2   2   3  -3   0  -4  -4   1  -1  -3  -2   1  -1  -4  -3  -4   15   8   6  10   1   7  19   1   3   0   2   9   1   1   2  10   3   0   1   1  0.35 0.28
   24 L    -3  -3  -5  -5  -5  -5  -5  -7  -5   2   4  -4   2   6  -5  -4  -4   4  -2   0    2   2   0   1   0   0   1   0   0  10  31   1   4  33   1   1   1   5   1   6  1.07 0.53
   25 L    -4  -5  -8  -8  -6  -6  -7  -8  -3   3   5  -7   3   2  -8  -6  -5  -1  -4   1    1   1   0   0   0   0   0   0   1  14  57   0   7   7   0   0   1   1   0  10  1.35 0.65
   26 A     0   0   3   4  -4   0   1  -1   0  -6  -5   2  -4  -6  -2   1  -2  -7  -4  -5    9   4  13  26   0   4   9   4   2   0   1  12   0   0   2  10   2   0   0   1  0.60 0.40
   27 E    -1   2   2   2  -3   1   0  -2   0  -6  -5   2  -4  -7  -3   4  -1  -7  -6  -5    5  11   9  11   0   6   7   4   2   0   1  13   0   0   1  27   3   0   0   0  0.57 0.42
   28 V    -3  -6  -4  -8  -1  -7  -7  -7   0   4  -2  -1  -1   6  -6  -6  -3  -5   5   2    3   0   1   0   2   0   0   0   2  22   4   5   1  27   0   0   2   0  20  12  1.19 0.60
   29 D    -4   2  -2   7  -7   0   2  -6  -3  -8  -8   3  -8  -9  -7  -3  -3  -9  -8  -8    1   9   2  53   0   4  10   0   1   0   0  17   0   0   0   2   2   0   0   0  1.57 0.79
   30 T     2  -3   1  -5   3  -4  -5   1   1  -3   0  -5  -2  -2  -6  -1   4  -6   1   0   16   1   7   0   5   0   0  12   3   1   9   0   1   1   0   4  29   0   4   6  0.56 0.42
   31 L    -5  -8  -8  -9  -5  -8  -8  -8  -7   2   1  -8  -4   7  -8  -7  -6   2   3   4    1   0   0   0   0   0   0   0   0  11  11   0   0  43   0   0   0   2   8  22  1.63 0.74
   32 L    -4  -8  -8  -9   0  -7  -8  -9  -8   4   5  -8   1   1  -8  -7  -6  -7  -4   2    2   0   0   0   2   0   0   0   0  24  52   0   2   5   0   0   0   0   0  12  1.45 0.69
   33 F    -5  -8  -8  -8   3  -8  -8  -8  -7   1   3  -8  -2   7  -8   0   0  -6  -3  -2    1   0   0   0   6   0   0   0   0   7  22   0   1  46   0   7   6   0   0   3  1.53 0.73
   34 D    -8  -9  -5   9  -6  -7  -5  -6  -8 -10 -10  -8 -10 -10  -8  -6  -6 -11 -10 -10    0   0   0  97   0   0   0   1   0   0   0   0   0   0   0   0   1   0   0   0  3.42 1.41
   35 C    -1  -8  -8  -9   9  -5  -9  -4  -8   0   3  -8   6  -7  -8  -6  -5  -5  -7  -2    6   0   0   0  40   1   0   2   0   5  26   0  17   0   0   0   0   0   0   2  2.01 0.89
   36 D    -9  -9  -5   9 -10  -7  -4  -8  -8 -10  -9  -8 -10 -10  -8  -6  -6 -11 -10 -10    0   0   0  97   0   0   1   0   0   0   0   0   0   0   0   0   1   0   0   0  3.47 1.43
   37 G    -5  -9  -7  -6  -6  -9  -9   8  -9 -11 -11  -8 -10 -10  -9  -7  -9 -10 -10 -10    1   0   0   0   0   0   0  98   0   0   0   0   0   0   0   0   0   0   0   0  3.17 1.33
   38 V    -6  -8  -8  -9  -1  -8  -6  -9  -9  -4  -5  -8  -6  -7  -7  -5   4  -9  -8   7    0   0   0   0   1   0   1   0   0   0   1   0   0   0   0   1  23   0   0  73  2.32 1.08
   39 L    -6  -8  -8  -9  -5  -6  -8  -9  -8   5   5  -8   0  -1  -8  -7  -5  -7  -5   3    0   0   0   0   0   0   0   0   0  27  49   0   2   2   0   0   1   0   0  17  1.55 0.73
   40 W    -5  -7  -6 -10  -4  -7  -9  -8  -3  -5  -5  -7  -4  -1  -7  -8  -7  11   7  -4    1   0   1   0   0   0   0   0   1   1   1   0   1   2   0   0   0  53  35   1  3.41 1.41
   41 R    -2   5   1  -3  -4  -1  -2  -4   4   0   2   0  -2  -3  -5  -1  -1  -5  -3  -1    3  27   7   1   0   2   2   1   8   5  20   6   1   1   0   4   5   0   1   4  0.53 0.37
   42 G    -2  -4  -3   0  -6  -3  -1   7  -4  -4  -3  -6  -5  -2  -5  -1  -2  -4  -3  -4    3   1   1   5   0   1   5  66   0   1   3   0   0   2   1   4   3   0   1   1  1.43 0.73
   43 E    -3  -1   4   5  -5  -1   2   0   0  -6  -3   0  -2  -4  -1   1   0  -7  -2  -4    2   3  17  26   0   3  12   6   3   0   2   5   1   1   4   8   5   0   2   1  0.59 0.40
   44 T    -2   2   1   1  -3   2   3  -1   3  -3  -4   2  -2  -5  -5  -1   2  -6  -4  -1    4   9   5   7   0   8  18   4   7   2   1  11   1   0   0   5  13   0   0   4  0.39 0.32
   45 A     2  -5  -6  -6  -6  -3  -3  -4  -6   0   2  -3  -2  -5   5  -3  -2  -2  -6   2   16   1   0   0   0   1   1   1   0   5  22   1   1   0  31   1   2   1   0  13  0.88 0.55
   46 V    -6  -7  -7  -9  -3  -7  -8  -9  -6   7   2  -8  -1   2  -8  -7  -4  -7  -3   2    0   0   0   0   1   0   0   0   0  56  20   0   2   6   0   0   1   0   1  12  1.73 0.78
   47 P    -1  -4  -3   2  -8  -3   2  -3  -3  -6  -6  -1  -6  -9   7  -2  -3  -9  -4  -5    5   1   1  11   0   1  12   2   1   0   1   4   0   0  55   3   1   0   1   1  1.57 0.84
   48 G    -4  -3   0  -1  -2  -4  -2   7   1  -9  -9  -2  -7  -3  -8  -3  -6  -2  -2  -9    1   2   5   3   1   1   3  73   3   0   0   3   0   1   0   2   0   1   1   0  1.82 0.87
   49 A     6  -7  -4  -7  -3  -6  -6  -3  -7  -2  -2  -6  -4  -5  -6   2   0  -8  -7   3   53   0   1   0   0   0   0   2   0   3   3   0   0   0   0  15   6   0   0  17  1.22 0.71
   50 P     2   0  -2  -1  -3  -1  -3  -1  -4   1  -1   1  -2  -2   3   0  -2  -6  -4   2   17   6   2   4   0   3   1   5   0   7   6  10   1   1  17   6   2   0   0  13  0.29 0.25
   51 E     0   0  -2   3  -8   1   6  -4  -2  -7  -5   0  -4  -7  -2  -2  -3  -4  -6  -5    8   5   1  16   0   5  48   1   1   0   1   5   0   0   2   3   1   0   0   1  1.14 0.67
   52 T     3  -6  -6  -6   1  -6  -5  -2  -6  -2   0  -6  -2   5  -5  -2   3  -2  -3   1   25   0   0   0   3   0   0   3   0   2  10   0   1  22   0   3  20   1   0  10  0.81 0.52
   53 L    -5  -8  -8  -8  -6  -7  -8  -9  -8   5   4  -7   2   3  -5  -7  -5  -3  -4   3    1   0   0   0   0   0   0   0   0  31  35   0   4   9   1   0   0   0   0  18  1.36 0.65
   54 R     1   2   4   2  -4   2   2  -3   0  -5  -4   2  -4  -6  -4   0  -1  -7  -5  -5   13   9  20  11   0   8  12   2   2   0   2  10   0   0   1   6   3   0   0   1  0.53 0.39
   55 A     1   2  -2  -2  -2  -1   0  -2   1  -2   0   2   1   1  -4  -1   0   2   2  -2   13  13   2   1   1   2   5   3   4   2  10  12   3   6   0   5   6   3   7   2  0.19 0.20
   56 L    -3  -7  -7  -9  -4  -7  -9  -9  -9   1   6  -8   1   0  -9  -7  -6  -3  -5  -1    2   0   0   0   0   0   0   0   0   6  79   0   3   4   0   0   0   0   0   3  1.90 0.88
   57 R    -2   6  -2  -3  -5   2   0  -5   1   0  -2   3  -2  -5  -7  -3  -3  -6  -3  -3    3  40   2   2   0   8   6   1   3   5   4  18   1   1   0   2   2   0   1   2  0.95 0.56
   58 A     2   1   0   2  -5   1   3  -2  -2  -6  -5   3  -3  -6  -5   2  -1  -5  -4  -5   15   8   5  10   0   6  18   3   1   0   1  15   0   0   0  13   3   0   0   0  0.52 0.39
   59 R     1   3   0  -2  -1   2  -1  -4   2  -2   2   1   3  -3  -3   0  -1  -6  -3  -3   12  15   5   2   1   8   3   1   5   2  17   9   7   1   1   6   4   0   0   1  0.30 0.27
   60 G    -5  -2   2  -2  -8  -3  -4   7  -3  -9  -8  -1  -6  -9  -6  -3  -6  -8  -8  -6    1   2   8   2   0   1   1  74   1   0   0   5   0   0   1   2   0   0   0   1  1.93 0.91
   61 K    -2   1  -4  -4  -4  -4  -5  -4  -3   2  -2   7  -2  -3  -7  -4  -4  -2  -3  -2    3   6   1   1   1   0   0   2   1  12   4  60   1   1   0   1   1   1   1   4  1.42 0.75
   62 R    -3   5  -1  -2  -5   3  -2  -2  -1  -4  -5   4  -5  -7   1  -2  -1  -7  -6  -5    2  29   3   3   0  10   3   3   2   1   1  26   0   0   8   3   3   0   0   1  0.90 0.55
   63 L    -3  -5  -7  -8   1  -7  -7  -7  -4   4   1  -7  -2   2  -4  -6  -2  -3   3   5    2   1   0   0   3   0   0   0   0  18  14   0   1   9   1   0   2   0  10  39  1.11 0.57
   64 G    -1   0  -4  -6   0  -4  -6  -3  -3   3   2  -3   0   4  -6  -4  -3  -3   2   2    6   5   1   0   2   1   0   3   0  15  18   2   2  18   0   1   2   0   8  16  0.58 0.35
   65 F    -7  -9  -9  -9  -2  -9  -9  -9  -7   0   0  -9  -4   9  -9  -8  -8  -4   4  -2    0   0   0   0   1   0   0   0   0   5  10   0   0  66   0   0   0   0  14   3  2.46 1.03
   66 I     0  -7  -7  -8   0  -7  -7  -8  -8   3   3  -7   0   0  -7  -7  -5  -7  -4   6    7   0   0   0   2   0   0   0   0  14  27   0   2   3   0   0   0   0   0  43  1.29 0.64
   67 T    -7  -8  -7  -8  -8  -7  -7  -8  -8  -8  -8  -7  -4  -9  -6   2   8  -9  -8  -7    0   0   0   0   0   0   0   0   0   0   0   0   0   0   0  15  83   0   0   0  2.73 1.29
   68 N    -9  -8   9  -5 -10  -6  -8  -8  -7 -10 -10  -6  -9 -10  -9  -7  -7 -11  -9 -10    0   0  98   0   0   0   0   0   0   0   0   0   0   0   0   0   0   0   0   0  3.78 1.57
   69 N    -5  -6   9  -3  -5  -7  -5  -7  -5 -10  -8  -3  -6 -10  -9  -3  -3 -10  -6 -10    1   0  89   2   0   0   1   0   0   0   0   2   0   0   0   2   1   0   0   0  3.11 1.35
   70 S     2  -7  -2  -7   1  -6  -7  -2  -7  -8  -8  -6  -7  -8   0   7  -1  -9  -8  -7   18   0   2   0   3   0   0   3   0   0   0   0   0   0   5  66   3   0   0   0  1.76 0.97
   71 S    -1  -2  -2  -5  -2  -4  -5  -2  -6   0  -2  -6   2  -3  -6   4   6  -5  -4  -2    5   2   1   0   1   1   1   4   0   4   4   0   4   1   0  27  41   0   1   3  1.03 0.66
   72 K    -2   5  -2  -6  -6  -1  -3  -5   0  -3  -1   6  -2  -4  -5  -2  -4  -4  -2  -3    4  29   2   0   0   2   2   1   2   1   6  40   1   1   0   3   1   0   2   2  1.14 0.65
   73 T    -2  -3  -1  -3  -4  -5  -6  -3  -1  -6  -5  -6  -5  -8  -1   5   5  -8  -6  -5    4   2   3   2   0   0   0   2   2   0   1   0   0   0   3  43  36   0   0   1  1.41 0.84
   74 R    -1   7  -4  -3  -4  -1  -4  -5  -3  -2  -3  -2  -2  -5   3  -2  -2  -8  -6  -1    5  51   1   2   0   2   1   1   1   3   2   2   1   1  15   3   3   0   0   5  1.26 0.71
   75 T     2   1  -1   1  -6   2   4  -2  -1  -3  -4   1  -3  -5  -2   0  -2  -4  -3  -3   17   7   3   9   0   7  24   3   1   2   2   9   1   0   2   8   2   0   1   2  0.44 0.35
   76 A     0  -3  -1   3  -6   4   3  -1   0  -5  -5  -2   1  -3  -6  -1   0  -4  -2  -2    9   1   3  17   0  20  21   5   2   0   1   2   3   1   0   5   5   0   1   3  0.62 0.45
   77 Y    -6  -7  -4  -9   0  -4  -8  -8  -1   0   0  -8   0   3  -9  -7  -5  -1   9   1    1   0   1   0   2   1   0   0   1   5   9   0   2   9   0   0   1   1  55  10  1.93 0.92
   78 A     3   0  -4  -5   0   0  -2  -4  -1   0   1   0   0  -2  -5  -2  -2   0  -1   3   25   5   0   0   2   5   3   1   1   4  14   6   2   2   0   3   2   1   2  22  0.39 0.32
   79 E     1   0  -1   2  -5   2   4  -3  -1  -4  -4   4  -4  -7  -5  -2  -2  -5  -5  -3   12   5   3  10   0   7  27   2   2   1   2  20   0   0   0   3   2   0   0   2  0.67 0.46
   80 K    -6   3  -4  -7  -9  -1  -4  -7   2  -3  -4   7  -2  -6  -7  -5  -5  -3  -5  -5    0  12   1   0   0   3   1   0   4   2   2  69   1   0   0   1   1   0   0   1  1.99 0.97
   81 L    -2  -8  -9  -9   3  -8  -8  -8  -8   1   5  -8   1   5  -8  -7  -6  -3  -4  -3    4   0   0   0   5   0   0   0   0   6  58   0   3  22   0   0   0   0   0   1  1.61 0.77
   82 R     1   3   1  -1  -1   2   1  -2   1  -2  -3   2  -2  -5  -5   0   1  -6  -4  -3   13  17   6   4   1   7  10   2   3   2   3  13   1   0   0   6   8   0   1   2  0.36 0.29
   83 R     0   4   0   0  -3   0   0   1  -1  -5  -5   4  -4  -6  -5   2  -1  -5  -5  -4    8  19   4   5   1   4   7   9   2   0   1  22   0   0   0  12   4   0   0   1  0.55 0.38
   84 L    -3  -4  -3  -7  -2  -4  -6  -6  -1   1   5  -6   7   3  -7  -5  -4  -4  -1  -1    3   1   2   0   1   1   1   1   1   6  44   0  22  10   0   1   1   0   2   3  1.25 0.64
   85 G    -6  -4   0  -1  -7  -5  -4   7  -3  -8  -8  -3  -6  -8  -7  -5  -7  -5  -8  -8    0   1   5   3   0   1   1  83   1   0   0   2   0   0   0   1   0   0   0   0  2.30 1.01
   86 F    -5  -6  -7  -7  -5  -6  -7  -7  -2   6   1  -6   1   6  -7  -6  -5  -4   2   2    1   0   0   0   0   0   0   0   1  35  13   0   3  28   0   0   0   0   6  10  1.38 0.62
   87 G    -1   0   2   3  -3   1   2   0   1  -2  -3   1  -2  -3   0   0   0  -2  -2  -2    5   4   9  15   1   5  15   7   3   3   3   7   1   1   5   7   5   0   1   3  0.22 0.16
   88 G     3  -2  -1  -3   2  -3  -3   0  -2   1  -1  -3  -1  -1  -2  -1  -1  -2  -3   3   26   3   3   2   4   1   2   8   1   8   6   1   1   2   2   4   4   1   1  22  0.33 0.22
   89 P    -1  -1   0   2  -1   1   2  -1   1  -1  -1   1  -1  -1   1   0   1   0  -1  -1    4   3   4  10   1   5  13   4   3   4   5   8   1   3   8   7   9   1   2   4  0.12 0.08
   90 V     0   0  -1  -1  -1  -1   0  -1  -1   1   1  -1   0  -1   0   0   0  -1  -1   1   10   4   3   4   2   2   9   5   2  10  14   4   2   3   4   5   6   1   2  11  0.03 0.02
   91 G    -1  -1   2   3  -1   0   2   0   0  -1  -1   0  -1  -1  -1   0   0  -1  -1  -1    5   3   9  18   1   3  13   7   2   3   5   5   1   2   4   7   6   1   2   4  0.16 0.07
   92 P    -1  -1   0   0  -1   0   1  -1   0  -1  -1   0  -1  -1   4   0  -1   1  -1  -1    6   3   4   6   2   3   8   5   2   3   7   7   2   3  21   6   4   2   2   4  0.21 0.07
   93 E     1  -1   0   0   1   0   0   0  -1   0   0   0   0  -1   0   0   0  -1  -1   1   12   3   4   5   4   3   8   6   2   7   8   4   2   3   4   6   6   1   2  12  0.02 0.01
   94 A     1   0   1   0   0   0   1   0   0  -1  -1   0   0  -1   0   1   1  -2  -1  -1   10   5   6   5   2   3   8   6   2   3   6   6   3   2   3  14  10   1   2   5  0.07 0.05
   95 G     0   0  -1   0  -3   0   3  -1  -1  -2  -1   2  -1  -2   3   0   0  -3  -2  -1    7   5   3   5   1   4  18   4   1   3   5  12   1   2  13   7   4   0   1   4  0.22 0.14
   96 L    -1  -1   0   3  -3   0   4  -1   0  -2  -2   0  -2  -2  -1   1  -1  -1  -2  -2    6   4   4  16   1   4  24   5   2   2   3   4   1   2   4   9   3   1   2   3  0.33 0.19
   97 E    -3  -1   2   4  -4   4   5  -5   3  -5  -6  -3  -1  -5  -5  -3  -4  -4  -5  -6    2   3   9  21   1  15  34   1   6   1   1   1   1   0   0   2   1   0   0   1  1.08 0.59
   98 V    -6  -8  -6  -8  -2  -8  -8  -7  -6   7  -1  -8   1   0  -8  -7  -5  -7  -5   5    0   0   0   0   1   0   0   0   0  51   5   0   3   4   0   0   1   0   0  32  1.82 0.80
   99 F    -4  -7  -6  -8  -2  -6  -6  -8  -4   4   1  -7   2   5  -8  -5  -4  -1   4   3    1   0   0   0   1   0   0   0   0  21  14   0   4  22   0   1   1   1  11  22  1.14 0.57
  100 G    -3  -5   2  -6   4  -5  -6   0   1  -3  -6  -6  -3  -4  -1   3   6  -8  -4  -4    2   1   8   0   7   0   0   9   3   1   1   0   1   1   3  19  44   0   1   1  1.17 0.70
  101 T     0  -7  -6  -7  -2  -7  -7  -6  -7  -5  -8  -7  -7  -8   3   6   2  -9  -8  -4    8   0   0   0   1   0   0   0   0   1   0   0   0   0  15  60  13   0   0   2  1.70 0.95
  102 A     5  -5  -2  -6  -2  -4  -5   3  -7  -4  -6  -5  -4  -7  -2   3   0  -8  -6  -3   44   0   2   0   1   0   0  18   0   1   1   0   0   0   2  22   5   0   0   2  1.11 0.66
  103 Y    -2  -1  -2  -2  -4   1  -1  -5   1   0   0  -1   2   3  -5  -1  -1   2   6  -1    4   3   2   3   0   7   4   1   3   5   7   3   5   9   1   5   4   2  27   5  0.55 0.37
  104 C     5  -7  -5  -7   3  -6  -6  -3  -7   0   0  -6  -3  -3  -5   0   0  -7  -6   3   48   0   0   0   5   0   0   2   0   4   8   0   1   1   0   8   5   0   0  16  1.02 0.60
  105 S     4  -7  -6  -7  -1  -6  -6  -4  -7   1  -1  -6   0  -7  -6   0   5  -7  -5   0   31   0   0   0   2   0   0   1   0   7   6   0   3   0   0   6  37   0   0   7  1.10 0.66
  106 A     7  -4  -7  -7   0  -6  -7  -1  -7   1  -4  -5  -4  -7  -6  -1  -3  -8  -5   0   70   1   0   0   2   0   0   4   0   8   1   0   0   0   0   4   2   0   0   6  1.58 0.83
  107 L     1   2  -1   1  -1   1   1  -3   1   0   0   0   0  -2  -4   0  -1   1   0   0   11  12   2   8   1   7  10   2   4   5  10   5   3   1   0   7   2   2   3   6  0.13 0.15
  108 Y    -4  -5  -7  -7  -5  -5  -6  -8   2  -4  -1  -6  -3   2  -9  -7  -5   3   9  -3    2   1   0   0   0   1   0   0   5   1   6   0   1   8   0   0   1   3  68   2  2.48 1.10
  109 L    -5  -8  -9  -9  -2  -8  -8  -9  -8   2   6  -8   1   0  -8  -8  -5  -7  -7   0    1   0   0   0   1   0   0   0   0  10  75   0   3   3   0   0   1   0   0   5  1.86 0.86
  110 R     1   3  -2  -3  -4   1  -1  -4   0  -4  -3   5  -4  -5  -5   0  -1  -6  -3  -4   10  17   2   1   0   7   4   1   2   1   3  38   0   0   0   8   3   0   1   1  0.84 0.50
  111 Q    -1   2   1   1  -4   3   3  -3   2  -5  -4   2  -2  -5  -5   2  -1  -6  -3  -4    5   9   6   8   0  12  17   1   5   0   1  13   1   0   0  15   3   0   1   1  0.50 0.36
  112 R    -2   3   2  -3  -3   2   0  -4   3   3  -1   1  -2  -3  -4  -2  -1  -5  -1   0    3  15   9   1   1   8   6   1   8  16   6  10   1   1   1   2   4   0   2   7  0.34 0.25
  113 L    -1  -1   3  -1  -2  -2  -2   0   2  -1   2   0   0   1  -2  -2  -2  -2   3  -1    5   3  14   3   1   1   2   9   6   3  19   6   3   6   2   3   1   1   9   4  0.19 0.16
  114 A     0  -1   0   0  -2   0  -1   1  -1  -1  -1   1  -1   4   1  -1  -1  -2  -1  -2    7   2   4   5   1   3   4   9   2   4   5  11   1  21   7   5   3   0   2   3  0.21 0.15
  115 G     0   0   1   0  -1   0   0   1   0   0   0   0  -1   1   0   0   0  -1   0  -1    9   4   6   5   1   3   5  14   3   5  10   6   1   7   3   8   4   1   2   5  0.03 0.02
  116 V     0   0   0   0  -1   0   0  -1  -1  -1  -1   0  -1   0   4   0   0  -2  -1  -1    8   6   5   5   1   4   5   5   1   4   7   7   1   4  18   6   5   1   2   5  0.15 0.08
  117 P     0   0  -1  -1  -2   0   0   0  -2  -2  -2   1  -1  -1   4   0   0  -2  -2  -2    7   5   3   4   1   4   7   7   1   3   4  10   1   2  21   8   5   0   1   3  0.26 0.14
  118 D    -2  -1   2   3  -3   1   0   3   0  -3  -3   2  -3  -3  -1  -1  -1  -2  -2  -3    2   3  11  14   1   6   5  24   3   1   2  11   1   1   3   4   4   1   2   2  0.38 0.23
  119 P     1   1  -2  -2  -3   0  -1   2  -3  -5  -4   5  -3  -5  -1   0  -1  -5  -5  -3   12   7   1   2   1   4   3  17   1   1   2  31   1   1   3   8   4   0   0   2  0.57 0.37
  120 K    -3   3  -2  -3  -5  -1  -1  -4  -1  -5  -2   6  -5  -6   0   1   1  -6  -3  -4    3  16   2   1   0   2   3   2   2   1   4  40   0   0   5   9   8   0   1   1  0.86 0.51
  121 A     2  -8  -8  -8  -1  -8  -8  -8  -8   4  -1  -8  -4  -5  -7  -6  -4  -8  -5   6   14   0   0   0   1   0   0   0   0  20   5   0   0   0   0   0   1   0   0  57  1.69 0.80
  122 Y    -6  -7  -7  -9  -4  -7  -9  -9   0  -7   0  -9  -2   6  -9  -8  -8   1   9  -6    1   0   0   0   1   0   0   0   2   0   8   0   1  27   0   0   0   2  57   0  2.58 1.12
  123 V     0  -7  -6  -8   3  -7  -8  -8  -8   2   2  -7   1  -3  -3  -5  -4  -8  -4   6    7   0   0   0   5   0   0   0   0   8  18   0   3   1   2   1   1   0   1  53  1.34 0.68
  124 L    -5  -8  -8  -9  -3  -5  -8  -9  -8   6   2  -8   1  -1  -7  -6  -4  -8  -7   4    1   0   0   0   1   1   0   0   0  45  18   0   3   3   0   0   1   0   0  28  1.60 0.74
  125 G    -2  -9  -6  -8  -3  -8  -9   8  -9 -10 -10  -8  -6 -10  -9  -4  -5  -9 -10 -10    4   0   0   0   1   0   0  92   0   0   0   0   0   0   0   1   1   0   0   0  2.82 1.22
  126 S    -1  -5  -1  -2  -2  -1   4   1  -2  -5  -5  -4   2  -5  -4   3   3  -4  -7  -4    4   0   3   2   1   3  30  11   1   0   1   1   5   0   1  18  18   0   0   1  0.75 0.54
  127 P     0   0   0   2  -5   2   3  -3  -1  -4  -5   2  -6  -7   3   1  -1  -5  -4  -4    8   6   4  10   0   8  20   2   2   1   1  11   0   0  13   9   4   0   1   1  0.46 0.37
  128 A     2  -6  -2  -3  -4  -5  -2   6  -4  -5  -7  -6  -8  -7  -1   1  -4  -8  -5  -4   15   0   2   1   0   1   3  59   1   1   0   0   0   0   4   9   1   0   0   2  1.43 0.76
  129 L    -6  -8  -9  -9  -5  -8  -9  -9  -8   4   5  -8   3   2  -9  -7  -4  -7  -6   0    1   0   0   0   0   0   0   0   0  21  56   0   6   9   0   0   1   0   0   6  1.60 0.77
  130 A     0   3  -3  -4   1   0   1  -2   0   0  -1   3  -1  -2  -4  -1  -1  -4  -2   1    9  15   1   0   3   4  11   3   2   6   6  18   2   1   0   4   3   0   2   9  0.28 0.25
  131 A     0   0   0   3  -5   2   4  -3   0  -4  -5   2  -4  -5  -6  -1  -1  -4  -3  -4    7   6   5  16   0  10  28   2   2   1   1  11   0   1   0   5   3   0   1   1  0.66 0.46
  132 E     1  -6  -6  -2  -4  -1   7  -7  -5  -5  -3  -5  -2  -7  -6  -3  -1  -9  -3  -4   11   0   0   2   1   2  67   0   0   1   3   0   1   0   0   2   4   0   1   2  1.71 0.93
  133 L    -6  -8  -9 -10  -3  -8  -9 -10  -9   1   6  -9   2   3  -9  -8  -7  -7  -5   0    1   0   0   0   1   0   0   0   0   7  72   0   5   9   0   0   0   0   0   5  1.88 0.88
  134 E     0   4  -1   2  -5   2   4  -5  -1  -3  -3   2  -4  -5  -5  -1   0  -7  -3  -2    8  18   2  11   0   7  23   1   1   2   3  10   0   0   0   3   5   0   1   3  0.55 0.40
  135 A     2   1   1   2  -4   1   3  -2  -1  -4  -1   2  -3  -4  -4   1  -2  -4  -5  -4   17   7   5  10   0   5  19   3   1   1   8  10   1   1   0   8   3   0   0   1  0.37 0.31
  136 V     4  -1  -1  -4  -1   0   1  -3   2  -1  -1  -2   0  -1  -5  -2  -2  -4  -1   2   35   4   4   0   1   5   8   2   5   3   7   2   2   3   0   2   2   0   2  13  0.43 0.34
  137 G    -5  -4   1  -3  -5  -6  -5   7  -3  -9  -9  -4  -8  -9  -8  -5  -8  -8  -9  -9    1   1   6   2   0   0   1  85   1   0   0   1   0   0   0   1   0   0   0   0  2.47 1.11
  138 V    -5  -7  -7  -6  -3  -7  -7  -8   0   6   2  -6  -1   5  -7  -7  -5  -4   2   2    1   0   0   0   0   0   0   0   2  35  16   0   1  22   0   0   0   0   7  12  1.33 0.63
  139 T    -1   2   0   0  -1   1   3  -4   0  -2  -4   3  -4  -4   1   0   1  -4  -3  -2    5  12   4   5   1   6  19   1   2   2   1  15   0   1   6   5   9   0   1   3  0.36 0.29
  140 S    -1  -4  -2  -5   4  -4  -4  -4   4   2   1  -5  -1   0  -1  -1   0   1   2   3    4   1   2   1   8   1   1   1  10  10  13   0   2   3   4   5   5   2   7  21  0.46 0.29
  141 V    -1  -3  -2  -3   1  -4  -4  -5  -2   3   1  -4  -2   3  -5  -1   2  -4  -1   3    5   2   2   1   3   0   1   1   1  15  12   1   0  12   0   5  13   0   1  22  0.49 0.30
  142 G    -2  -1   0   3  -3  -2   1   5  -2  -4  -4  -1  -4  -4   0  -1  -2  -1  -3  -3    3   3   5  14   1   2  10  37   1   1   2   3   1   1   5   5   3   1   1   2  0.63 0.35
  143 V     0  -1   0   1  -2  -1   1   2   0   0  -1  -1  -1  -1   0   0   1  -1  -1   0    6   2   4   7   1   2   8  14   2   7   5   2   1   3   5   7  10   1   2   9  0.06 0.07
  144 G     0  -2   0   2  -2  -2   1   4  -1  -4  -4  -2  -3  -3   3   0  -1  -3  -3  -3    7   2   4  10   1   2   8  30   1   1   2   3   1   1  14   6   4   0   1   2  0.48 0.28
  145 P     0  -3  -1   1  -2  -1   2  -2  -1  -3  -2  -2  -2  -3   5  -1  -1  -4  -2  -2    9   2   4   9   1   2  12   3   2   2   5   2   1   1  32   5   4   0   1   3  0.60 0.33
  146 D    -1  -2  -1   6  -2  -1   2  -1   0  -2  -3  -2  -3  -3  -1  -1  -2  -2  -2  -2    5   2   3  38   1   3  15   4   3   2   4   2   1   2   3   4   2   1   2   3  0.68 0.34
  147 V     1   0  -1   0  -2  -1   0  -1   1   0   0   0  -1  -1   3   0   0  -1  -1   1   10   5   3   6   1   3   7   5   3   5   8   5   1   2  14   5   5   1   2   9  0.10 0.07
  148 L     0   0   0   0   0   0   0   0  -1   1   0   0   1   0   0   0   0  -1   0   0    5   4   4   7   2   3   6   6   1   8  12   6   4   5   3   5   5   1   3  10  0.00 0.01
  149 H     0   0   0   1  -1   1   1  -1   1  -1  -1   1  -1  -2   2   0   0  -1  -1   0    6   5   3   8   1   5  11   5   3   3   4   9   2   2  10   7   6   1   2   6  0.10 0.07
  150 G     0   0   0   1  -1   0   2   1  -1  -1  -1   0  -2   0   0   1   0  -2  -1  -1    6   4   5   8   2   4  13  13   2   3   5   5   1   4   5   9   6   1   1   5  0.08 0.06
  151 D     0  -1   0   3  -1  -1   1  -1   0   0  -1  -1   1  -1   1   1   0   0   0  -1    6   2   5  17   2   3   7   4   2   6   5   4   4   3   6  10   6   1   3   4  0.11 0.08
  152 G     0  -1   0   0  -1   0   0   0  -1   0   0  -1   0   0   0   0   0   1   0   0    7   3   4   5   1   4   6   8   1   6  10   3   3   5   4   9   8   2   3   6  0.02 0.01
  153 P     0   0   0   0  -2   0   0  -1   0   0   0   0   0   0   2   0   0  -1  -1   0    7   4   3   7   1   3   7   4   2   4  12   4   3   4  12   8   5   1   2   7  0.07 0.05
  154 S     1   0   0   2  -1   0   2   0   0  -1  -1   1  -1  -1  -1   1   0  -1  -1  -1   12   3   3  10   1   5  12   6   2   3   5   7   2   3   3   9   6   1   2   3  0.09 0.07
  155 D     0  -1   0   3  -2   0   1  -1  -1  -1   0  -1   0   1  -1   0   0  -1  -1  -1    8   3   4  19   1   4  10   4   2   4   9   3   2   6   3   6   5   1   2   5  0.12 0.09
  156 W     0  -1   0  -1  -1  -1  -1  -1  -1   1   1  -1   1   2  -1  -1  -1   3   1   0    7   3   5   4   1   3   5   5   2   8  16   3   4  10   3   5   3   5   4   8  0.06 0.05
  157 L     0   0   0   0  -1   0   1  -1   0   0   0   0   0   0   0   0   0  -2   0   0    9   6   4   6   2   5  10   4   2   4  13   5   3   4   4   7   5   0   3   5  0.02 0.02
  158 A     0   0   1   1  -1   0   1  -1   1  -1  -1   0  -1   0   0   1   0  -1   0  -1   10   4   9   8   1   5   8   5   5   3   7   6   1   4   4   9   5   1   3   4  0.06 0.04
  159 V     0  -1  -1  -1   0  -1  -1  -1  -1   2   1  -1   2   1  -1  -1   0   0   1   1    6   4   3   4   2   3   5   4   1  15  13   4   6   6   2   5   4   1   4  10  0.06 0.05
  160 P     0   0   0   1  -2   1   2  -1   0  -2  -1   1  -2  -1   2   0   0  -2  -1   0    6   4   4   9   1   5  13   4   2   2   5  10   1   3  10   6   6   1   2   6  0.13 0.09
  161 L    -1  -1  -1   1  -1  -1   0  -1   0   0   2  -1   0   1   1  -1  -1  -2   0   0    6   3   3   9   1   2   5   4   3   5  23   4   2   5   7   5   3   1   3   7  0.06 0.07
  162 E    -1   0   0   6  -4  -1   2  -2   0  -3  -3   0  -3  -3  -1  -1  -2  -2  -2  -2    5   5   4  37   0   2  14   4   2   1   3   5   1   1   3   5   3   1   1   3  0.61 0.31
  163 P    -1  -1   0   1  -2  -1   3  -2   0  -3  -3   1  -2  -3   5  -1  -1  -3  -3  -3    5   4   5   6   1   3  17   4   2   1   3   9   1   1  27   5   3   0   1   2  0.50 0.29
  164 D    -1   0   2   4  -3   0   3  -1  -2  -3  -4   1  -3  -3   1   1  -1  -4  -3  -3    4   4   9  25   1   3  16   4   1   1   2   7   1   1   6   9   3   0   1   1  0.47 0.29
  165 V     2  -5  -5  -5  -1  -4  -4  -4  -5   3  -3  -4  -2  -3   0  -3  -3  -5  -4   6   15   1   1   1   1   1   1   1   0  14   2   1   1   1   5   2   2   0   1  50  1.06 0.50
  166 R    -1   0  -1   3  -2   0   1   4  -2  -4  -3   1  -4  -3  -3  -1  -2  -3  -4  -2    5   6   3  18   1   4   7  28   1   1   2  10   0   1   1   4   3   0   0   3  0.46 0.28
  167 A     6  -5  -5  -5   3  -5  -5  -2  -3  -2  -3  -5  -4   1  -5  -3  -3  -2   2   1   57   0   0   1   5   0   1   2   1   2   3   0   0   6   0   2   2   1   8   8  1.15 0.61
  168 V    -4  -5  -8  -8  -4  -8  -8  -8  -8  -1  -2  -8  -2  -6  -8  -7  -5  -8  -7   8    2   1   0   0   0   0   0   0   0   2   3   0   1   0   0   0   0   0   0  89  2.54 1.08
  169 V    -3  -8  -8  -8  -3  -7  -8  -8  -8   4   1  -7  -3  -4  -5  -6  -5  -8  -5   7    2   0   0   0   1   0   0   0   0  17  14   0   1   1   1   0   0   0   0  63  1.75 0.80
  170 V     0  -5  -6  -7   3   0  -6  -4  -4   2   0  -6   1  -1  -6  -3  -2  -6  -4   6    7   0   0   0   5   5   0   2   0   9   7   0   3   2   0   2   2   0   0  53  1.08 0.58
  171 G     0  -5  -4   1  -2  -5  -5   7  -4  -8  -8  -6  -7  -8  -7   0  -4  -7  -7  -6    8   1   1   9   1   0   1  70   0   0   0   0   0   0   0   8   1   0   0   0  1.76 0.83
  172 F    -3  -3  -4  -6  -3  -4  -4  -4   1   1   2  -4   3   6  -7  -4  -4   3   4  -1    2   1   1   0   0   0   2   2   3   8  20   1   6  31   0   1   1   4  13   4  0.93 0.49
  173 D    -5  -7  -2   8  -2  -4  -2  -4   0  -8  -8  -5  -8  -8  -7  -3  -2  -9  -3  -5    1   0   2  82   1   1   2   1   2   0   0   1   0   0   0   2   3   0   1   1  2.42 1.06
  174 P    -3   4  -1  -1  -2  -1   0  -4  -1  -1  -1   0   0   1   2  -1   2  -1  -1  -1    1  22   3   3   1   3   7   1   1   3   6   6   2   7  12   3  12   1   1   4  0.31 0.27
  175 H    -2  -1   4   1  -4   1   2  -1   6  -6  -5   0  -4  -2  -4   0   1  -4   1  -6    3   3  16   7   0   6  11   5  17   0   1   4   0   1   0   8  10   0   5   0  0.59 0.40
  176 F    -5  -6  -5  -7  -1  -7  -5  -7  -6   3   3  -7   1   6  -6  -5  -4  -1   0   1    1   0   1   0   1   0   1   0   0  15  29   0   3  36   0   1   1   1   3   8  1.26 0.61
  177 S    -4  -4   5   1   0  -5  -4  -1  -1  -5  -7  -5  -4  -7  -6   3   5  -8  -7  -5    0   1  29   8   2   0   1   4   2   0   0   0   0   0   0  24  28   0   0   1  1.24 0.72
  178 Y    -4  -5  -5  -9  -8  -5  -8  -7  -1  -5  -2  -8  -1   4  -8  -4  -7   4   9  -4    2   1   1   0   0   0   0   0   1   1   3   0   1  13   0   2   0   6  68   1  2.56 1.10
  179 M     1   1   0   0  -2   1   2  -2   0  -1  -1   0   1  -2   1  -1   0   0   1  -1   11   7   5   5   1   5  15   2   2   4   6   6   3   1   7   3   5   2   5   4  0.10 0.12
  180 K    -4   0  -3  -1  -4   0  -1  -5   0  -6  -5   7  -1  -8  -6  -4  -2  -8  -5  -7    1   4   1   3   0   4   3   1   2   0   2  72   2   0   0   1   2   0   0   0  1.81 0.89
  181 L    -4  -6  -6  -8  -3  -6  -7  -6  -7   4   6  -7   4  -1  -7  -6  -4  -3  -2  -1    1   0   0   0   1   0   0   1   0  17  61   0  10   2   0   0   1   0   2   3  1.45 0.69
  182 T     2   0  -1  -1   2   1   0  -3  -1   0   0   0   2  -2  -4   0   1  -1  -1   0   21   4   3   3   5   8   5   1   1   5   7   6   7   2   0   6   8   1   2   5  0.15 0.18
  183 K    -1   3  -2  -2  -3   0   0  -3   0   0  -1   5  -2  -2  -5  -2  -1  -4   2  -2    6  14   2   2   1   4   7   1   2   5   7  31   1   2   0   2   3   0   7   2  0.46 0.35
  184 A     7  -7  -4  -6   0  -6  -7  -1  -7  -5  -4  -4  -3  -4  -7  -4  -3  -8  -7  -2   81   0   1   0   2   0   0   5   0   1   2   1   1   1   0   1   2   0   0   2  1.91 0.96
  185 V     2  -4  -2  -4   6  -1  -2  -3   1   0  -1  -3   1   0  -5   1   1  -5   0   1   21   0   2   0  14   3   2   2   4   5   7   1   4   5   0   9   9   0   4   9  0.39 0.30
  186 R    -1   2   2  -1   0   2  -1  -3   0  -1   1  -1  -1  -1  -4   1   2   0  -1  -1    4  13   9   3   2   9   3   1   3   3  15   3   1   2   0  11  11   2   2   3  0.17 0.20
  187 Y     2  -5  -4  -6   2  -3  -3  -5   2  -2   0  -6  -3   2  -6  -3  -3   2   8  -4   17   0   1   0   5   1   2   1   5   2  10   0   0   7   0   2   2   2  42   1  1.24 0.65
  188 L    -2  -6  -8  -8  -4  -3  -8  -8  -8   5   6  -7  -1  -4  -8  -7  -5  -2  -6   1    4   0   0   0   0   1   0   0   0  25  60   0   1   0   0   0   0   1   0   7  1.52 0.73
  189 Q    -1   3   0  -2  -2   3  -1  -3   0   0   0   2   0  -3  -4  -1   0  -1  -2  -1    5  19   5   2   1  13   3   1   2   7  10  13   3   1   0   4   5   1   1   4  0.28 0.23
  190 Q    -3   5   5   3  -4   2   0  -4   1  -6  -4   1  -4  -5  -5  -2  -3  -4  -2  -5    2  25  25  14   0   8   5   1   3   0   2   8   0   0   0   2   1   0   1   1  0.89 0.51
  191 P     1  -1   0   0   0  -1   0   1  -1  -4  -3   1  -3  -3   5  -1  -2  -4  -2  -3   11   3   4   4   2   2   5  10   2   1   2   8   0   1  31   5   3   0   1   2  0.53 0.29
  192 D    -2  -3   2   3  -5  -2   0   5  -2  -8  -7   0  -7  -8  -3  -1  -4  -7  -7  -6    3   2   8  17   0   2   7  48   1   0   0   5   0   0   1   4   1   0   0   0  1.09 0.60
  193 C     4  -4  -4  -7   8  -4  -6  -5  -4   0  -3  -4  -3  -5  -4  -4  -2  -7  -5   3   37   1   1   0  30   1   0   1   1   4   2   1   0   1   1   1   2   0   0  16  1.45 0.72
  194 L    -2   1  -3  -1  -5   0   0  -3   3   0   3   1   0  -1   2  -3  -1  -3  -1  -1    2   7   0   3   0   4   7   1   6   5  29   8   2   3  11   1   3   0   2   4  0.28 0.25
  195 L    -6  -8  -9  -9  -4  -8  -9  -9  -7  -4   2  -8  -3   8  -9  -8  -7   4   4  -5    0   0   0   0   0   0   0   0   0   1  15   0   1  64   0   0   0   5  12   1  2.39 1.00
  196 V    -5  -7  -8  -8  -6  -7  -7  -8  -7   6   2  -7  -1   0  -7  -7  -3  -3   1   4    1   0   0   0   0   0   0   0   0  45  19   0   1   3   0   0   1   0   4  25  1.46 0.68
  197 G     6  -6  -5  -7  -1  -4  -5   2  -7  -3  -3  -6  -3  -3  -6  -1  -1  -7  -5   0   64   0   0   0   1   1   0  14   0   1   3   0   1   1   0   3   4   0   0   6  1.34 0.73
  198 T    -2  -7  -5  -5   1  -6  -6   0  -7  -4  -6  -6  -6  -8  -5   0   8  -8  -7  -3    3   0   0   0   3   0   0   8   0   1   1   0   0   0   1   6  75   0   0   1  2.04 1.01
  199 N     0  -6   8  -2  -1  -6  -5  -3   4  -8  -7  -6  -5  -8  -5  -3  -4  -9  -7  -8    7   0  74   2   1   0   0   2   7   0   0   0   0   0   1   2   1   0   0   0  2.36 1.06
  200 M     0   1  -2   0   0  -1   1  -1  -3  -1  -1  -1   0  -3   5   0   2  -3  -3  -2    6   7   1   6   2   2   8   4   0   3   6   3   3   1  25   6  13   0   1   2  0.38 0.30
  201 D    -7  -7  -2   9  -9  -6  -2  -5  -7  -9  -7  -7  -5  -9  -7  -5  -6  -9  -9  -9    0   0   1  92   0   0   2   1   0   0   1   0   0   0   0   1   0   0   0   0  3.04 1.26
  202 N     1   1   0  -1  -2  -1   0  -2   0  -1   0   0   0  -1   2   0   0  -1   0  -1   16  10   3   2   1   1   8   2   3   3   8   7   2   3  10   7   5   1   4   5  0.11 0.12
  203 R     0   2   1  -4  -2  -1  -3  -3  -2  -2  -2  -1  -2   1  -5   0   5  -1  -1   1    6  10   6   0   1   2   1   2   1   2   4   4   1   6   0   7  33   1   2  10  0.46 0.36
  204 L    -3  -4  -5  -1   5  -4  -5  -1  -1   1   2  -4  -1   5  -6  -3  -3   0   3   0    2   1   0   5  12   1   0   5   1   7  20   1   2  23   0   1   1   1  10   7  0.68 0.39
  205 P    -4  -3  -3  -4   2  -5  -6  -6   1  -2  -2  -4  -3  -3   8  -3  -5  -8   0  -4    2   2   1   1   4   1   0   1   3   3   4   1   1   1  69   2   1   0   3   1  1.98 0.96
  206 L    -1  -2  -2  -2  -1  -1  -3  -1  -1   1   0  -2   2   1   2  -1   2  -2  -1   2    6   2   2   2   1   2   1   5   1   8  10   2   7   6   9   5  14   0   1  15  0.18 0.17
  207 E     0  -1  -1   0  -3  -2   3   1  -1  -3  -4   0  -2  -4   3   1   1  -4  -3  -1    9   3   3   5   0   1  18  12   2   1   1   5   1   0  12  11   9   0   1   5  0.28 0.26
  208 N    -1   0   3   2  -2  -1   2   2   0  -4  -4   1  -3  -2   1   0  -1  -6  -3  -3    4   6  12  13   1   3  13  14   3   1   1   8   1   2   7   6   3   0   1   2  0.31 0.26
  209 G    -2   0   1   2  -5  -2  -1   5  -1  -6  -3   0  -4  -3   0  -1  -1  -5  -3  -5    3   6   6  11   0   1   4  42   1   0   3   5   1   1   4   5   4   0   1   1  0.68 0.43
  210 R    -1   2   0  -1  -1   0  -1   2   0  -1  -1   0   0   0   1  -1   0  -1   1   0    3  11   5   3   1   5   4  16   3   4   5   5   3   4   6   3   5   1   5   8  0.08 0.09
  211 F    -2   0  -3  -3  -2  -2  -2  -4  -3   4   3  -1   0   3  -1  -2  -1  -2  -1   2    2   5   1   2   1   1   3   2   1  20  24   3   2  11   3   2   3   0   2  13  0.38 0.25
  212 I     0  -2  -3  -2   0   0  -2  -3   0   3   1  -2   3   1  -2  -2  -1   3   0   2    8   2   1   2   2   4   2   2   3  17  13   2   8   5   2   2   4   4   4  13  0.22 0.15
  213 A    -2  -8  -6  -5  -4  -6  -7  -4  -5   0  -3  -7  -3  -6   8  -5  -6  -9  -8  -4    4   0   0   1   0   0   0   2   0   5   3   0   1   0  79   1   0   0   0   1  2.53 1.17
  214 G     0  -7  -6   3  -1  -7  -4   7  -5  -7  -6  -7  -8  -6  -4  -4  -4  -3  -8  -5    7   0   0  17   1   0   1  67   0   0   1   0   0   0   1   1   1   0   0   1  1.78 0.87
  215 T     4  -6   2  -5   5  -4  -4  -1  -6  -3  -5  -5  -1  -5   1   0   4  -5  -5  -2   29   0  10   0   9   0   1   5   0   2   0   0   1   0   8   7  23   0   0   3  0.80 0.54
  216 G    -2  -4  -4  -6  -5  -5  -7   7  -2  -6  -7  -5  -6  -4  -8  -4  -7  -3  -2  -7    3   1   1   0   0   1   0  87   1   1   1   1   0   1   0   1   0   0   2   0  2.36 1.04
  217 C     4  -4  -5  -3   4  -4  -5  -3  -2  -4  -5  -4  -2  -2   1   4   1  -6   0  -2   31   1   0   1   9   1   0   2   1   1   1   0   1   2   6  29   8   0   4   3  0.80 0.54
  218 L    -3  -5  -4  -7  -1  -5  -7  -5  -6   5   2  -6   5   4  -6  -4  -3  -2  -1   1    2   0   1   0   1   0   0   1   0  29  20   0  16  17   0   1   2   0   2   7  1.04 0.54
  219 V     1  -6  -5  -5   2  -3  -6  -3  -2   3   1  -6   0  -4  -6  -1  -1  -4  -3   5    9   0   1   0   3   1   0   2   1  15  13   0   2   0   0   5   4   0   1  41  0.81 0.47
  220 R     5   0   0  -1  -3   0   0   0  -2  -4  -4   2  -3  -4  -4   1  -2  -6  -4  -3   44   6   4   3   0   4   5   6   1   1   1  10   1   1   0   9   2   0   0   2  0.65 0.46
  221 A     5  -6  -5  -6   1  -4  -5  -2  -3   0   0  -5   3   0   0   0  -2  -6  -1   0   49   0   0   0   3   0   0   2   1   6   8   0   6   4   6   6   2   0   2   5  0.81 0.53
  222 V    -4  -7  -8  -8  -3  -7  -6  -8  -8   5   4  -7  -1  -2  -7  -5  -5  -7  -4   4    1   0   0   0   0   0   0   0   0  29  38   0   1   2   0   1   0   0   0  27  1.40 0.67
  223 E     1   0  -3  -3  -1   2   5  -5  -3  -1  -5   1  -4  -5  -5   0   0  -5  -2  -2   12   6   1   1   1   7  41   0   0   4   1   7   0   0   0   8   5   0   1   3  0.76 0.53
  224 M     3  -1  -1  -1   1  -2   0  -1   0  -2  -3   1  -1  -2  -3  -1   3  -2   0   0   24   3   3   3   3   2   5   5   3   2   1   7   2   2   1   4  20   1   4   7  0.28 0.28
  225 A     5  -6  -6  -6   4  -6  -5  -3  -4  -1  -3  -6   0  -3  -4   2   0  -7  -1   0   52   0   0   0   7   0   0   2   0   4   2   0   2   1   1  14   5   0   2   8  1.02 0.63
  226 A     1  -5  -3  -5   1  -6  -6  -3  -3  -3  -2  -6  -5  -7  -6   4   6  -5  -5  -1   12   0   1   0   3   0   0   2   1   1   4   0   0   0   0  33  39   0   0   4  1.17 0.73
  227 Q    -3  -1   1   0  -4   1   0   6  -1  -8  -7   1  -6  -6  -4  -2  -4  -7  -6  -6    1   3   6   5   0   7   7  56   1   0   0   8   0   0   1   2   1   0   0   0  1.20 0.65
  228 R    -4   7  -5  -7  -4   0  -3  -7  -1  -2  -5   3  -3  -8  -4  -5  -2  -8  -7   1    2  58   0   0   0   4   1   0   1   2   1  15   1   0   1   0   3   0   0  10  1.58 0.79
  229 Q    -1   1  -1   0  -4   2   3  -3   0  -4  -4   4  -3  -5  -1   0   1  -6  -3  -3    4   6   2   4   0   8  21   2   2   1   1  28   1   0   3   6   8   0   1   2  0.59 0.42
  230 A     3  -5  -7  -7  -4  -7  -6  -5  -8  -4  -5  -7  -4  -7   8  -4  -5  -9  -4  -3   23   1   0   0   0   0   0   1   0   1   1   0   0   0  66   1   1   0   1   2  2.19 1.03
  231 D    -3  -2  -3   2  -4  -1   1  -5  -1   3   1   0  -1   0  -4  -3   2  -2  -1   2    1   2   1  12   0   2   8   0   2  19  12   5   1   4   1   0  13   0   2  14  0.33 0.27
  232 I    -2  -5  -1  -5  -2  -4  -4  -6  -5   4  -1  -5  -1   1  -4  -3  -1  -3   0   5    3   1   3   1   1   1   1   0   0  25   5   0   1   5   1   2   3   0   4  44  0.99 0.52
  233 I    -1  -6  -7  -7   1  -6  -6  -6  -5   5   2  -6   4   1  -5  -5  -2  -6  -5   4    6   0   0   0   3   0   0   0   0  30  17   0   9   6   1   0   3   0   0  24  1.00 0.51
  234 G    -2  -8  -6  -6  -8  -5  -8   8  -8  -9  -9  -7  -8  -9  -8  -3  -5  -8  -8  -8    4   0   0   0   0   1   0  92   0   0   0   0   0   0   0   2   1   0   0   0  2.69 1.12
  235 K    -7  -3  -7  -7  -9  -5  -6  -8  -7  -9  -9   9  -8  -9  -7  -7  -7  -9  -8  -9    0   1   0   0   0   0   0   0   0   0   0  98   0   0   0   0   0   0   0   0  3.24 1.35
  236 P    -8  -9  -5  -8 -10  -8  -8  -5  -9 -10 -10  -8  -9 -11   9  -6  -8 -11 -10  -9    0   0   1   0   0   0   0   1   0   0   0   0   0   0  98   0   0   0   0   0  3.68 1.52
  237 S    -2  -2   4  -1  -3  -1   2   1   3  -7  -6  -3  -5  -4  -6   4  -2  -3   0  -6    3   2  18   2   0   3  12   9   8   0   0   1   0   1   0  35   2   0   4   0  0.84 0.56
  238 R     0   2  -4  -1  -4   1  -2  -4  -1  -3  -2   2  -3  -6   5   0   1  -7  -3  -2    9  10   1   4   0   6   2   1   1   2   3  11   0   0  30   7   9   0   1   3  0.63 0.43
  239 F     0  -1  -1  -2  -4  -1   1  -3   2   1   0  -2   0   3   2  -2   0   2   2  -1    7   3   3   2   0   2   8   1   5   7  10   1   2  14  11   3   6   3   8   3  0.21 0.20
  240 I    -2  -6  -7  -8  -2  -6  -7  -5  -7   3   3  -7   8   1  -6  -4  -3  -6  -1  -1    4   0   0   0   1   0   0   1   0  17  26   0  36   6   0   1   2   0   3   3  1.43 0.70
  241 F     1  -2  -2  -5   0  -4  -5  -1  -3   1   2  -3   4   5  -5  -3  -2   0   1   0   11   2   2   0   2   0   0   5   1   9  16   1  10  24   0   1   2   1   5   7  0.54 0.35
  242 D    -3   1   1   5  -7   2   4  -4   1  -7  -3   0  -5  -6  -3  -2  -3  -7  -4  -6    2   7   5  29   0   7  30   1   4   0   3   6   0   0   1   2   2   0   1   0  0.93 0.55
  243 C     1  -1  -3  -3   4  -1  -1  -3   0   1   1  -2   2   2  -3  -1   0  -1   3   0   11   3   1   1   8   3   4   2   3   7  12   2   5   9   1   5   6   1  11   6  0.20 0.19
  244 V     3  -6  -7  -7  -3  -6  -6  -5  -5   5   3  -6   0  -3  -6  -3  -3  -7  -5   2   23   0   0   0   1   0   0   1   0  33  23   0   2   1   0   2   1   0   0  13  1.01 0.54
  245 S     0   1  -3  -4   1   1  -1  -5  -3   1   3   1   3  -2  -5  -1  -1  -5  -3   0    8   7   1   0   4   6   4   0   1   9  28  10   8   2   0   5   3   0   0   5  0.32 0.26
  246 Q     1   2   0   1  -6   2   3  -2  -1  -4  -4   3  -4  -5  -5   0  -1  -6  -4  -4   10  12   5   7   0   9  21   3   2   1   2  16   0   0   0   8   3   0   1   0  0.50 0.37
  247 E    -1   4   0   0  -5   1   2  -4   2  -1  -1   3   0  -4  -4   0  -1  -2  -3  -2    5  22   4   4   0   7  11   1   4   3   5  17   2   1   0   6   4   1   1   3  0.40 0.30
  248 Y    -1  -3  -2  -5   1  -3  -4  -2   5  -1   2  -3   1   4  -4  -3  -1   1   4  -2    4   1   2   0   3   1   1   3  12   4  22   2   3  18   1   2   5   2  12   2  0.55 0.35
  249 G    -3  -1   4   2  -4   1  -1   5   1  -6  -5   1  -4  -6  -2  -1  -4  -7  -5  -6    2   3  16   9   0   5   4  38   3   0   1  10   0   0   2   4   0   0   0   0  0.82 0.49
  250 I    -1  -4  -5  -6   1  -5  -6  -4  -4   5   3  -5   0   2  -5  -2  -1  -2  -1   3    4   1   0   0   2   0   0   1   0  28  25   0   2   7   0   3   4   1   2  17  0.73 0.40
  251 N    -2   0   3   5  -5   0   0  -3   0  -5  -4   1  -5  -6   1   1   0  -7  -6  -4    3   4  11  36   0   4   6   1   2   1   2   8   0   0   8   9   5   0   0   1  0.73 0.45
  252 P     1   2  -4  -5  -1  -2  -4  -3  -5  -5  -2   2  -3  -5   7  -1  -2  -7  -3  -4   12   9   1   0   1   1   1   2   0   1   5  10   1   0  46   4   2   0   1   1  1.14 0.63
  253 E     1   0   0   1  -5   0   4  -1   0  -6  -6   2  -5  -6  -4   3  -2  -5  -5  -5   10   5   4   7   0   4  24   4   3   0   0  13   0   0   0  23   2   0   0   0  0.61 0.44
  254 R    -3   6  -1   1  -5   1   2  -5  -1  -7  -6   2  -6  -7  -6  -2  -1  -7  -6  -6    3  45   3   6   0   6  14   0   2   0   0  13   0   0   0   3   3   0   0   0  1.19 0.65
  255 T     1  -6  -6  -6   5  -4  -6  -5  -7   1  -3  -6   2  -4  -2  -2   6  -7  -5   2   10   0   0   0  10   1   0   1   0   8   2   0   5   1   3   3  45   0   0  12  1.14 0.66
  256 V     1  -6  -7  -7   5  -6  -7  -5  -7   2   4  -6   2  -3  -7  -5  -4  -2  -3   3   12   0   0   0  10   0   0   1   0  10  44   0   4   1   0   1   0   1   1  16  1.05 0.55
  257 M    -4  -7  -7  -8  -3  -7  -8  -7  -7   2  -1  -7   9   3  -8  -6  -4  -2  -5   3    2   0   0   0   1   0   0   0   0   9   5   0  52  13   0   0   1   1   0  16  2.07 0.94
  258 V    -5  -8  -8  -8  -3  -7  -8  -7  -8   6  -3  -7  -3  -1  -7  -7  -4  -7  -6   6    1   0   0   0   1   0   0   0   0  40   2   0   0   2   0   0   1   0   0  52  1.94 0.85
  259 G    -6  -8  -6  -7  -2  -7  -8   8  -8  -9  -9  -7  -8  -9  -8  -6  -7  -8  -9  -9    0   0   0   0   1   0   0  98   0   0   0   0   0   0   0   0   0   0   0   0  3.00 1.20
  260 D    -7  -8  -4   9  -9  -6  -5  -7  -7  -9  -9  -7  -9  -9  -8  -5  -5 -10  -9  -9    0   0   0  97   0   0   0   0   0   0   0   0   0   0   0   1   1   0   0   0  3.31 1.32
  261 R    -5   8   1  -6  -4  -1  -5  -5  -5  -7  -6  -2   1  -7  -7   1  -1  -5  -5  -7    1  67   7   0   0   2   0   1   0   0   0   2   3   0   0  10   5   0   0   0  1.86 0.88
  262 L    -3  -5  -8  -8   2  -7  -7  -6  -7   2   6  -7   2  -2  -2  -6  -4  -6  -1  -1    2   0   0   0   4   0   0   1   0  10  67   0   4   1   2   0   1   0   2   4  1.40 0.67
  263 D    -2  -3   3   5  -5  -1   3  -5   0  -5  -5  -1  -2  -4  -2  -1  -2  -2   3  -5    3   2  15  35   0   2  17   1   2   1   1   3   1   0   2   3   2   1   9   1  0.92 0.53
  264 T    -4  -7  -5  -5  -3   1  -3  -7  -4  -3  -7  -6  -2  -6  -6   0   8  -8  -4  -4    1   0   0   1   1   6   2   0   0   2   0   0   1   0   0   5  79   0   1   1  2.18 1.06
  265 D    -7  -8  -3   9 -10  -7  -4  -8  -8 -10 -10  -7 -10 -10  -8  -4  -7 -11 -10 -10    0   0   1  97   0   0   1   0   0   0   0   0   0   0   0   1   0   0   0   0  3.33 1.32
  266 I    -7  -8  -9  -9  -7  -4  -9  -7  -9   8  -2  -8   4  -6  -5  -8  -6  -8  -7   2    0   0   0   0   0   1   0   0   0  74   2   0   9   0   1   0   0   0   0  13  2.32 0.96
  267 L     2   1  -3  -4  -3   1   0  -1  -2  -2   3   1   1  -4  -3  -2  -2  -3  -3  -1   21   7   1   0   0   8   7   4   1   1  27  10   3   0   1   2   2   0   1   5  0.31 0.29
  268 L     0  -7  -7  -7   1  -6  -7   2  -6  -4   1  -7   4   7  -5  -3  -3  -2  -3  -3    9   0   0   0   2   0   0  13   0   1  11   0  10  46   1   2   2   1   0   2  1.33 0.66
  269 G     4  -7  -6  -7  -7  -3  -5   6  -4  -7  -8  -7  -7  -8  -7  -4  -6  -8  -8  -7   33   0   0   0   0   1   1  63   0   0   0   0   0   0   0   1   0   0   0   0  1.98 0.90
  270 S    -2   2   3  -3  -5   2  -1  -4   2   1  -2   3  -3  -3  -4  -1   0  -4  -1   0    3  12  15   1   0   9   2   1   5   8   4  20   0   1   1   4   5   0   2   6  0.38 0.30
  271 T     1   3   5   1  -4   1   0  -3  -1  -4  -3   1  -2  -5  -5  -2  -1  -7  -4  -3   10  18  31   6   0   5   6   1   1   1   3   7   1   0   0   3   4   0   0   2  0.68 0.44
  272 C     4  -3   2  -5   7  -3  -5   1   1  -2  -2  -4  -1  -2  -6   0  -2  -3  -3  -1   31   1  10   0  20   1   0  11   4   2   3   1   1   1   0   7   2   0   1   4  0.79 0.47
  273 S    -5  -4   0  -3  -6  -4  -5   7  -2  -9  -8  -2  -6  -8  -7  -2  -7  -8  -8  -8    1   1   5   2   0   1   1  82   1   0   0   3   0   0   0   3   0   0   0   0  2.19 0.94
  274 L    -1  -6  -6  -7   3  -6  -6  -5  -5   3   2  -6   6   4  -6  -3  -2  -1   0   1    5   0   0   0   6   0   0   1   0  17  21   0  18  17   0   2   2   1   3   8  0.90 0.47
  275 K    -1   2  -2   3  -4   3  -1  -1   1  -2  -2   3  -2  -2  -1   0   1  -2  -1  -2    4   9   1  15   0  14   2   4   3   2   4  17   1   2   3   7   8   1   2   2  0.30 0.26
  276 T    -2  -5  -4  -4  -4  -5  -6  -2  -7  -7  -7   0  -5  -8  -5   4   7  -8  -7  -6    3   0   0   1   0   0   0   4   0   0   0   6   0   0   0  28  56   0   0   0  1.67 0.88
  277 I     2  -6  -7  -7   2  -6  -7  -5  -5   3   4  -6   2  -3  -4  -5  -3  -5  -5   2   14   0   0   0   4   0   0   1   0  17  42   0   4   1   1   0   1   0   0  15  0.98 0.52
  278 L    -2  -7  -8  -9   1  -6  -8  -7  -2  -3   6  -7   2   1  -8  -6  -6  -1  -5  -2    3   0   0   0   3   0   0   0   1   1  78   0   4   6   0   0   0   1   0   2  1.74 0.80
  279 T    -4  -8  -8  -5  -6  -8  -8  -9  -9  -1  -3  -8  -1  -4  -3  -6  -1  -8  -7   8    1   0   0   1   0   0   0   0   0   2   1   0   1   1   2   0   4   0   0  86  2.33 1.00
  280 L    -4  -3  -6  -6  -5  -3  -2  -2  -6  -4   6  -4   1   1  -4  -5  -3  -4  -3  -4    1   1   0   0   0   1   3   4   0   0  75   1   3   5   1   1   1   0   1   0  1.45 0.71
  281 T    -4  -7  -4  -6  -2  -6  -6  -5  -7  -7  -7  -6  -7  -8  -6   5   7  -8  -7  -6    0   0   0   0   1   0   0   1   0   0   0   0   0   0   0  42  55   0   0   0  2.09 1.02
  282 G    -4  -7  -3  -4  -8  -4  -8   8  -8  -9  -9  -7  -8  -9  -8  -4  -7  -8  -9  -9    1   0   1   1   0   1   0  94   0   0   0   0   0   0   0   1   0   0   0   0  2.78 1.10
  283 V    -1  -4  -1  -4   2  -4   1  -2  -3   2  -1  -5  -1  -2  -4  -2  -1  -6  -4   5    5   1   3   1   5   0  11   3   1  11   4   0   1   1   1   3   3   0   0  47  0.80 0.46
  284 S     0  -5   0   0  -1  -2  -3  -3   4  -5  -5  -4  -3  -4  -5   3   6  -6  -4  -3    9   0   3   5   1   2   1   2   8   0   1   0   1   1   0  20  43   0   1   1  1.00 0.59
  285 S    -2   0   0   0  -3   0  -2  -2  -2  -5  -5   2  -5  -6  -3   3   5  -6  -4  -4    2   4   4   5   1   5   1   3   1   0   1  13   0   0   1  24  34   0   0   1  0.78 0.50
  286 L    -1   3  -3  -3  -3  -1   1  -4  -2   0   3   2   2  -2   0  -2  -2  -1  -1  -1    6  16   1   1   0   3  10   1   1   4  26  12   4   1   6   2   2   1   2   3  0.31 0.25
  287 E     1  -2  -1   3  -5   2   5  -3  -1  -5  -4   0  -4  -6  -3   0  -2  -6  -4  -3   10   2   3  15   0   8  40   2   1   1   1   6   0   0   1   6   3   0   0   2  0.77 0.46
  288 D    -2  -3  -1   6  -5   1   3  -4   0  -4  -4  -1   2  -6  -4  -2   0  -6  -4  -3    3   1   2  44   0   6  18   1   2   1   2   3   5   0   1   3   6   0   0   2  1.00 0.52
  289 V     1  -4  -5  -5  -3  -5  -5  -5  -5   3   4  -5   2  -1  -5  -4  -3  -1  -2   3   12   1   0   0   0   0   0   1   0  15  35   0   5   2   1   1   1   1   1  22  0.77 0.40
  290 K     0   1  -1   0  -3   2   3  -2   1  -2   0   2   0  -3  -1  -1  -1  -4  -1  -2    7   6   3   5   1  10  24   2   3   2  11  11   2   1   2   3   3   0   2   2  0.25 0.20
  291 S     1   1   2   0  -1   1   1   0   1  -2  -2   2  -1  -3  -2   1   0  -3  -3  -2   13   6   8   5   1   7   9   6   3   2   3  13   1   1   1  11   7   0   1   2  0.18 0.14
  292 N     1  -1   1  -1   0  -1  -1  -1   1   0   0  -1   1   0   0   1   0   4   1  -1   13   2   7   4   2   2   4   3   4   4   8   3   4   4   5   9   5   7   6   4  0.09 0.08
  293 Q     0   0   0   0  -1   1   1  -1  -1  -1  -1   1  -1  -2   3   0  -1  -2  -2  -1    7   6   5   6   1   7  12   4   2   3   7   9   2   1  13   6   4   1   1   4  0.14 0.09
  294 E     0   1   2   1  -2   0   1   0   0  -1  -1   1  -1  -1   1   0   0  -2  -1  -1    9   7   9   7   1   4  12   5   2   3   4   8   2   3   6   6   5   1   2   4  0.09 0.05
  295 S     1   0   1   0  -1   0   1   0   0  -1  -1   0  -1  -2   1   2   0  -2  -1  -1   10   4   7   4   1   4   8   6   2   3   5   5   1   2   8  19   5   1   2   3  0.12 0.08
  296 D     0   0   1   1  -1   0   1   1   0  -1  -1   0  -1  -1   0   0   0  -1   0  -1    8   4   7  11   1   5   8  10   2   4   7   5   2   3   4   7   5   1   3   4  0.06 0.02
  297 C     0   0   0   1   2   0   0   0   0  -1  -1   0   0  -1   0   0   0   0  -1  -1    7   5   6   9   6   4   6   7   3   5   8   6   2   3   4   6   6   1   2   5  0.03 0.01
  298 M     0   0   0   0  -1   0   0   0   0   0   0   0   0  -1   2   0   0   0   0   0    9   5   4   4   2   4   8   6   2   5   9   5   2   3  10   6   6   1   3   5  0.04 0.01
  299 F     1   0   0   0  -1   0   1   0   0  -1  -1   0   0   0   0   0   0  -1   0  -1   11   4   5   5   1   4   9   7   2   4   7   7   2   4   4   8   7   1   3   5  0.03 0.01
  300 K     0   1   0   1  -1   1   1  -1   0  -1  -1   1  -1  -1   1   0   0  -2  -1  -1    6  10   4  10   1   5  10   5   3   3   5  11   2   2   8   5   4   1   2   4  0.11 0.05
  301 K     0   0   0   1  -1   1   1   0   1  -1  -1   1   0  -1   1   1   0  -1  -1  -1    7   5   3   7   1   5   7   7   3   2   6  11   2   4   6  11   5   1   2   3  0.07 0.04
  302 K    -1   0   0   3  -2   0   2   0   0  -2  -2   1  -1  -2   0   1   0  -3  -1  -2    5   4   4  16   1   3  13   9   2   2   4  11   2   1   5   9   5   0   2   2  0.18 0.12
  303 M    -1  -2  -2  -2   0   0  -2  -3  -1   3   2  -2   2   1  -1  -2  -1   0   2   1    4   2   2   2   2   5   2   2   1  18  20   2   5   5   3   3   3   1   7  11  0.22 0.14
  304 V    -2   3  -3  -4  -3   2  -2  -4   0   2   0   3  -1  -3  -3  -3  -1  -3  -2   3    3  14   1   1   1   9   2   1   2  10  10  17   1   1   1   1   3   0   1  20  0.39 0.27
  305 P    -4  -7  -7  -7  -8  -7  -7  -7  -7  -7  -7  -7  -8  -8   9  -5  -7  -5  -8  -7    2   0   0   0   0   0   0   0   0   0   1   0   0   0  94   1   0   0   0   0  3.37 1.35
  306 D    -5  -4   1   7  -7  -2   0  -5   2  -6  -6  -2  -5  -8  -6  -2   3  -8  -6  -7    1   1   6  55   0   2   5   1   5   0   1   2   0   0   0   3  17   0   0   0  1.53 0.76
  307 F    -1  -4  -6  -8  -3  -6  -6  -6   2  -1   0  -5  -2   5  -8  -6  -5   2   8  -1    5   1   0   0   1   0   0   0   4   4   9   1   1  24   0   0   1   2  44   4  1.63 0.75
  308 Y    -4  -7  -7  -7  -1  -5  -6  -8  -4   4  -4  -6  -3   1  -7  -5  -2  -3   7   5    2   0   0   0   1   0   0   0   0  18   1   0   1   5   0   1   3   0  34  33  1.51 0.72
  309 V     2  -5  -6  -6   0  -5  -5  -4  -4   3   2  -5   2   2  -6  -3   0  -2  -1   3   17   0   0   0   2   0   0   1   0  17  22   0   4  10   0   1   6   1   2  16  0.59 0.36
  310 D    -2  -1   2   4  -6   1   3  -2  -1  -6  -6   0  -5  -6   3   0  -1  -5  -5  -6    4   4   9  25   0   5  18   3   1   0   0   6   0   0  13   8   3   0   0   0  0.68 0.44
  311 S    -2  -1   2   3   1  -3  -4  -1  -1  -7  -7   0  -6  -6  -6   6   0  -8  -6  -6    2   3   8  13   2   1   0   4   2   0   0   6   0   0   0  52   6   0   0   0  1.10 0.66
  312 I    -4  -7  -6  -8  -3  -7  -7  -8  -7   4   5  -7   1   0  -7  -7  -5  -6  -4   3    1   0   0   0   0   0   0   0   0  21  54   0   3   4   0   0   0   0   0  17  1.39 0.65
  313 A     3  -1   0  -1  -2  -2  -2   4  -3  -4  -3   1  -3  -5  -1   1  -1  -3  -3  -2   26   3   4   4   1   1   3  26   1   1   2   7   1   0   3  10   3   0   1   3  0.44 0.33
  314 D     0  -4  -2   6  -4  -1   4  -3   1  -5  -5  -2  -6  -4  -6  -1  -2  -8  -5  -2    8   1   1  44   0   2  22   2   3   0   1   3   0   1   0   4   3   0   0   4  1.06 0.59
  315 L    -5  -7  -8  -8  -5  -7  -8  -8  -7   3   6  -7   2   3  -8  -7  -6  -2  -4   0    1   0   0   0   0   0   0   0   0  14  66   0   3  11   0   0   0   0   0   4  1.60 0.73
  316 L    -1  -3  -1  -4  -1  -3  -2  -1   0   2   4  -3   1   0  -2  -3  -1  -2   1   2    5   2   3   1   1   0   2   4   2  11  37   1   2   4   3   1   3   0   4  12  0.35 0.25
  317 P    -1   0   1   3  -6   2   3  -3   0  -5  -5   2  -4  -6   4  -1  -1  -6  -5  -5    5   4   6  15   0   7  18   2   2   1   0  11   0   0  19   5   4   0   0   0  0.61 0.39
  318 A     2  -2  -2  -4  -1  -2  -3  -3  -1   1   3  -2   1   2  -4  -2  -2   1   2   0   17   2   2   1   1   2   1   2   1   9  28   2   3  10   0   3   2   2   7   5  0.30 0.23
  319 L    -3  -6  -7  -8  -5  -6  -7  -8  -7   4   5  -7   2   1  -7  -4  -3   3  -3   0    2   0   0   0   0   0   0   0   0  20  58   0   4   6   0   1   1   4   1   5  1.28 0.59
  320 Q    -2   2   2  -1  -6   3   4  -4   0  -5  -4   4  -3  -5  -4  -1  -3  -6  -5  -3    3  12  11   3   0  15  23   0   2   0   1  23   0   0   0   4   1   0   0   2  0.71 0.41
  321 G    -3  -4   5  -3  -5  -3  -4   4  -3  -6  -6  -3  -5  -6  -4   4  -3  -6  -5  -5    0   0  34   0   0   0   0  37   0   0   0   0   0   0   0  29   0   0   0   0  1.26 0.50

                      K         Lambda
Standard Ungapped    0.1379     0.3198
Standard Gapped      0.0518     0.2670
PSI Ungapped         0.1692     0.3178
PSI Gapped           0.0518     0.2670
