
Last position-specific scoring matrix computed, weighted observed percentages rounded down, information per position, and relative weight of gapless real matches to pseudocounts
            A   R   N   D   C   Q   E   G   H   I   L   K   M   F   P   S   T   W   Y   V   A   R   N   D   C   Q   E   G   H   I   L   K   M   F   P   S   T   W   Y   V
    1 M    -3  -3  -4  -5  -3  -2  -4  -5  -3   0   1  -3   9  -2  -4  -3  -2  -3  -3  -1    0   0   0   0   0   0   0   0   0   0   7   0  93   0   0   0   0   0   0   0  1.74 0.38
    2 S    -1  -2  -1  -1   3  -2  -2  -2  -3  -3  -1  -1   2  -3  -3   5   0  -4  -3  -2    0   0   0   3   6   0   0   0   0   0   5   2   7   0   0  74   0   0   0   2  0.75 0.30
    3 D    -2  -3   6   5  -5  -2   0   0  -2  -5  -5  -2  -4  -5  -3   0  -1  -6  -4  -5    2   0  41  43   0   0   2   5   0   0   0   0   0   0   0   6   2   0   0   0  1.08 0.35
    4 N    -2  -2   4   1  -4   1   3  -1  -2  -4  -3  -1  -3  -2  -3   3   0  -4  -3  -4    0   0  23   6   0   6  21   4   0   0   3   1   0   1   0  31   4   0   0   0  0.54 0.29
    5 G     0  -1   0   0  -2   0  -2   4  -2  -1   0  -2  -1  -2  -2   0  -1  -3  -1   1    8   4   4   6   0   5   1  34   0   0  14   1   0   0   0   4   4   0   2  13  0.24 0.15
    6 E    -1  -2   3   4  -4   1   3  -2   2  -1  -3  -1  -3  -4  -1   0   0  -4  -3  -3    3   0  14  23   0   5  27   1   6   4   1   0   0   0   3   7   4   0   0   1  0.49 0.23
    7 L    -1  -1   0  -1  -1   0  -2  -2  -2   1   0  -1   2   0   2   2   2  -2   1   0    1   2   4   2   1   5   1   1   0   9   7   3   7   5  10  18  15   0   6   5  0.15 0.14
    8 E    -2  -1  -1   2  -4   1   3  -2  -2  -3  -1   1  -2   1  -1   0   1  -3   0  -2    0   2   2  11   0   7  28   2   0   0   6  11   0   7   2   7   8   0   4   2  0.28 0.19
    9 D    -3   0   3   4  -4  -1   4  -3   2  -2  -3  -2  -3  -4   0   0   0  -5  -4  -4    0   4  14  22   0   0  33   0   4   2   2   0   0   0   5   7   6   0   0   0  0.62 0.32
   10 K    -2   4   1  -3  -5   0   0  -4   1  -2  -4   5  -3  -2  -2   2  -1  -5  -3  -4    1  25   5   0   0   2   4   0   4   2   0  35   0   1   1  16   2   0   0   0  0.71 0.39
   11 P     1  -5  -3  -5  -5  -4  -4  -5  -5  -5  -3  -2  -5  -3   8  -2   1  -7  -6  -4   12   0   1   0   0   0   0   0   0   0   2   2   0   1  69   2   8   0   0   1  1.91 0.76
   12 P    -3  -1  -6  -5  -7  -5  -5  -2  -6  -7  -7  -5  -6  -7   8  -1  -2  -7  -7  -6    2   4   0   0   0   0   0   3   0   0   0   0   0   0  84   4   3   0   0   0  2.55 0.95
   13 A     4  -2  -3  -3  -4  -1  -2  -3  -4  -3  -3   0   0  -5   4   1   1  -5  -4  -1   39   1   1   1   0   3   1   1   0   1   2   7   3   0  18  11   9   0   0   4  0.60 0.41
   14 P    -2  -3  -3  -5  -6  -5  -3  -6  -6  -6  -6  -5  -6  -7   8   1  -2  -7  -6  -3    3   2   1   0   0   0   1   0   0   0   0   0   0   0  79   9   2   0   0   3  2.34 0.92
   15 P    -4  -6  -6  -3  -6  -5  -2  -6  -1  -4  -7  -2  -6  -7   8  -1  -5  -7  -6  -6    1   0   0   1   0   0   3   0   2   1   0   2   0   0  83   5   0   0   0   0  2.54 0.99
   16 V    -1  -1  -3  -3  -3  -1  -2  -3  -1   1   2  -2   2  -1   1   1   1   1  -1   2    4   3   0   1   0   3   1   0   2   6  20   2   6   2   7  10   9   2   2  20  0.19 0.19
   17 R    -1   6  -1  -2  -5   2  -2  -3   1  -5  -3   1  -2  -5  -2   0  -1  -5  -4  -4    5  53   3   2   0   7   2   2   3   0   3   6   1   0   2   7   3   0   0   0  0.98 0.51
   18 M    -1  -1   1  -3  -3   0  -2  -1   0  -1   0   0   4   1  -2   1   1   0  -1   0    4   2   8   0   0   5   1   4   3   3  10   6  14   6   2  13   9   1   1   7  0.13 0.19
   19 S     1  -2   2  -1  -4   0  -2   1  -1  -4  -3  -2  -3  -3   1   3   3  -5  -2  -2    9   2  10   2   0   4   2  10   1   0   3   2   0   1   6  27  19   0   1   2  0.42 0.35
   20 S     0  -4  -2  -2  -4   1  -2  -3  -4  -4  -4  -1  -4  -5  -1   6   1  -5  -2  -2    7   0   1   2   0   6   1   2   0   1   1   3   0   0   3  61   7   0   1   3  1.04 0.64
   21 T     0  -2   1  -2  -3   0  -1  -2  -2  -2  -1   0   0   0   2   3   3  -4  -3  -1    7   2   7   2   0   4   2   2   1   2   5   4   2   4   9  20  24   0   0   3  0.31 0.28
   22 I     0   0   0  -1  -1   0  -1  -1  -1   1   0   0   1   0   2   0   0  -2   0   1    8   5   4   2   1   3   3   4   1  12   8   4   5   4  10   9   3   0   3   9  0.06 0.07
   23 F    -1  -1  -1  -1  -2   0  -1   0   0   0   1  -1   0   2   1   1   0   0   2  -1    3   2   3   2   0   4   3   7   2   5  14   3   2  11   6  11   8   1   9   4  0.07 0.10
   24 S     0  -1   1   0  -1  -1  -1   1   0  -1  -1   0   1  -2   0   3   0  -3  -1  -1    6   3   7   5   1   1   3  11   2   3   4   4   4   2   5  25   6   0   2   5  0.15 0.17
   25 T     0   0  -1  -1  -1  -1  -2   1   0  -1  -1  -1  -1  -2   1   2   3  -3   0  -1    9   4   2   4   1   3   1  10   2   3   5   3   1   1   6  17  20   0   4   4  0.17 0.18
   26 G     0  -2   3   1  -3  -2   0   1   0  -2  -2  -2  -1  -4   2   3   0  -4  -3  -3    6   2  14   6   0   1   5  13   2   2   5   1   1   0  12  22   5   0   1   1  0.32 0.27
   27 G     0   1   0  -1  -3   0  -2   1   0  -2  -2   0  -2  -2   3   2  -1  -4  -2  -1    8   9   4   2   0   4   1  11   2   2   4   7   1   1  15  18   3   0   1   5  0.23 0.21
   28 K     0   3   0  -1  -4  -1   0   0   1  -1  -2   2   0  -4   1   2   1  -4  -3  -2    6  16   4   3   0   1   6   6   4   3   3  12   3   0   7  16   8   0   0   2  0.22 0.22
   29 D    -1   0   1   2  -4   1   1  -1   0  -1  -3   1  -1   0   2   1   0  -4  -1  -1    4   4   6  15   0   6   8   3   2   4   1   7   2   5  10  11   6   0   2   3  0.18 0.17
   30 P    -1   1  -2  -1  -4   0  -1  -2   0  -3  -2  -1  -1  -2   5   2   0  -5   0   0    4   9   1   4   0   4   3   3   2   1   3   2   2   2  30  16   6   0   3   7  0.49 0.35
   31 L     0   0   0   0  -2   0  -1   0   0   1   0   0   0  -1   1   1   0  -3   0   0    7   4   4   6   0   3   2   6   2   9   9   5   3   2   8  10   7   0   4   9  0.04 0.06
   32 S     1  -1   1   0  -4   0  -2   0  -1  -3  -3   0  -3  -2   3   4   0  -5  -2  -2   10   3   5   6   0   3   1   7   1   1   1   6   0   2  13  31   6   0   1   3  0.37 0.32
   33 A     1  -1   0  -1  -3   0   0  -1  -2  -1   0  -1  -1  -1   3   2   1  -4  -2   0   12   3   3   4   0   4   6   5   1   2   9   2   1   3  13  18   8   0   0   5  0.17 0.18
   34 N    -1   0   5  -1  -4   1  -2   0  -1  -3  -3   1  -3  -1   0   0   1  -4  -2  -2    5   6  32   2   0   5   2   5   1   1   3   7   0   3   5   8  11   0   1   4  0.42 0.32
   35 H    -1  -1   0   0  -2   0   0   0   5  -1  -1  -1  -1   0   2   0   0  -3   0   0    4   4   5   5   1   3   7   7  19   3   5   2   1   4   9   6   7   0   2   7  0.21 0.19
   36 S     0  -2   2   0  -3   0  -1   1  -1  -2  -2  -1  -1  -2   0   3   2  -4  -2  -2    5   1  12   4   0   5   3   9   1   2   4   3   2   2   4  26  12   0   1   1  0.27 0.25
   37 L    -1   0   0  -1  -3   0  -1  -1   0   0   0  -1   2  -1   1   2   0  -3   0   0    3   5   4   4   0   5   3   4   2   5  11   3   8   2   8  21   4   0   3   6  0.12 0.15
   38 K    -1   3   0  -1  -4   0   0  -2  -2  -4  -3   4  -2  -2  -1   1   0  -4  -3  -2    5  18   5   3   0   3   5   2   0   0   3  29   1   2   3  13   6   0   1   2  0.44 0.31
   39 P    -2  -1   0  -1  -5   0  -1  -2  -3  -2  -3  -1  -1  -3   7   1  -1  -5  -3  -3    3   3   4   3   0   4   5   4   0   2   3   3   1   1  48  10   3   0   1   2  0.98 0.51
   40 L    -1  -1   0  -3  -3  -1  -2  -2   1   0   3   0   1   0   2   0   0  -1  -2   0    3   3   4   1   0   2   1   3   4   3  33   6   3   4  10   9   7   1   1   4  0.20 0.20
   41 P    -2   2  -2  -2  -2   0  -2  -3  -2  -2  -4  -1  -4  -2   7  -1  -2  -5  -4  -3    3  10   2   2   1   5   3   2   1   3   2   4   0   2  51   5   2   0   0   1  1.14 0.56
   42 S     0   1  -1   0  -3   0  -1  -1  -2  -2  -1   2   2  -2   2   2   0  -4  -1  -2    5   8   3   6   0   4   3   3   0   2   5  11   8   1  12  20   5   0   2   1  0.23 0.23
   43 V     1   0   0  -2  -3  -1   1  -2  -2   0  -1  -1  -2  -2   0   2   1  -4  -1   1   15   4   4   1   0   1  11   2   1   7   5   2   0   2   5  16  10   0   1  12  0.15 0.18
   44 P    -2  -2  -2  -1  -5  -4  -3  -1   1  -3  -4   0  -1  -5   7  -1  -2  -5  -4  -3    3   2   2   3   0   0   1   5   3   2   1   5   2   0  58   5   3   0   1   2  1.36 0.64
   45 E     0  -1  -1   1  -3   0   2   0   0  -2  -3   2  -2  -4   2   2   0  -1  -3  -2    6   1   2   8   0   4  17   6   2   2   1  12   1   0   9  19   5   1   1   3  0.28 0.24
   46 E     0   1   0   0  -3  -1   2   0  -2  -2  -2   1  -1  -2   0   2   0  -4  -1  -1    5   8   3   6   0   2  14   6   0   2   4  11   2   1   4  19   7   0   2   4  0.17 0.18
   47 K     1   1   0  -1  -4   0   0  -2   0  -2  -1   4  -1  -4   1   0   0  -2  -2   0   11   7   3   3   0   2   7   2   2   1   5  28   1   0   7   8   4   0   1   6  0.26 0.23
   48 K     0   2   1   0  -4  -1   1   0   1  -3  -2   3  -2  -3   0   2   0  -4  -3  -3    6  10   7   4   0   1   8   7   3   1   3  22   0   1   4  15   6   0   0   1  0.28 0.24
   49 P    -1   0   1  -1  -4  -2  -2  -2  -3  -2  -3   3  -2  -4   4   3  -1  -5  -2  -2    4   5   6   2   0   1   1   3   0   3   2  21   1   0  20  23   3   0   1   3  0.51 0.37
   50 R    -2   3   1  -1  -1   0  -1   0  -1  -2  -2   3   0  -2   1   0   0  -4  -2  -2    2  16   6   2   2   4   3   8   1   3   2  22   3   2   8   5   7   0   1   2  0.27 0.23
   51 N     0   0   3   1  -3  -1  -1   0  -1  -3  -2   2  -2  -1   0   2   0  -4  -1  -2    9   5  19   8   0   1   2   6   1   1   3  13   1   3   5  14   5   0   2   3  0.24 0.21
   52 K    -1   3  -1   0  -4   1  -1   1  -1  -2  -2   3  -1   0   1   0   0  -4  -2  -2    3  17   3   4   0   6   1  11   1   2   2  20   2   6   6   7   6   0   1   2  0.25 0.22
   53 I    -1   0  -1  -3  -3  -2  -2   0  -3   0   1   1   3   2  -1  -1  -1  -3   1   1    3   4   3   1   0   0   2   7   0   5  16  12  11  10   2   4   2   0   5  13  0.16 0.18
   54 I    -1   2  -1  -2  -3  -1  -1  -1  -2   1   0   2   1   1   0   1   0  -1  -1  -1    4  11   2   1   0   2   3   5   0   8  10  17   4   8   4  12   4   1   1   2  0.11 0.14
   55 S    -1   2   0   0  -3  -1  -1   2  -1  -2  -3   1  -3  -3   0   3  -1   0  -2  -2    4  12   4   6   0   1   4  13   1   2   2  11   0   1   5  26   2   2   1   3  0.28 0.25
   56 I     0   0   0  -1  -2  -1  -1   0  -1   2   0   0   0  -1  -1   1   0  -1  -2   1    5   5   5   2   0   1   2   6   2  13   9   7   3   3   3  11   5   1   1  15  0.05 0.08
   57 F    -2  -1  -1  -2  -2  -2  -2  -3   0   1   0   1   0   6  -2  -2  -2  -1   0   0    3   3   3   2   1   2   2   2   2   7   9   9   2  39   2   3   2   1   2   5  0.54 0.32
   58 S    -1   2   0  -1  -4  -2  -2   1  -2  -3  -3   0  -2  -2  -1   4   0  -1  -2  -1    2  10   4   3   0   1   2  12   1   1   3   7   1   2   3  36   4   1   1   6  0.39 0.33
   59 G     0   0   3  -1  -2  -1  -1   3  -1  -2  -2   0  -1  -2   1   2  -1  -1  -3  -3    5   5  13   2   1   3   2  24   1   2   5   6   2   2   7  16   2   1   0   1  0.29 0.23
   60 T     0  -1   0  -1  -3  -1  -2   1   0   0  -1   1   1   1   0   2   1   1  -2  -1    5   3   4   3   0   1   0  10   2   6   6   9   4   9   5  19   9   2   0   2  0.10 0.16
   61 E     0   0   0   0  -2  -1  -1  -1  -2   0  -1   1   1   0   1   2   0  -3  -2   0    5   6   5   4   1   2   3   4   1   7   5  12   5   5   6  17   3   0   0   9  0.08 0.13
   62 K    -1   1   2   0  -4   0  -1  -1   1  -2  -2   3  -1  -2   0   2   0  -4  -2  -2    3   8  10   4   0   4   2   5   3   3   4  24   2   2   4  15   4   0   1   3  0.24 0.23
   63 G     0   0   1   1  -3   0  -1   2   0  -2  -2   0  -1  -2   0   2   0  -2  -3  -3    6   6   7   7   0   3   2  17   2   2   4   6   2   2   5  21   6   1   0   1  0.22 0.21
   64 S    -1   0   1   0  -2  -1  -1   0  -3   0  -1   1   2   0  -1   2   0   1  -2  -2    4   4   8   5   1   1   4   5   0   6   4  11   8   4   3  23   6   2   1   1  0.16 0.21
   65 K    -1   2   1   1  -4   0  -1  -1   0  -2   0   3   0   0   2   1  -1  -3   0  -2    3  10   6   8   0   3   2   3   2   2   9  19   2   4   9  10   3   0   3   2  0.17 0.18
   66 K    -1   2   1  -1  -4  -1  -1  -1   0  -3  -2   3  -3  -2   0   2  -1  -4  -2  -2    3  13   5   4   0   1   4   3   3   1   5  24   0   1   5  20   3   0   1   3  0.31 0.28
   67 K    -1   2   0   0  -4   1  -1   0  -2  -3  -1   4  -1  -4   1   1  -1  -4  -4  -1    3  12   4   4   0   5   2   6   0   0   6  27   2   0   7  12   3   0   0   6  0.30 0.26
   68 E    -1   2   0   0  -3   2   0  -1  -2  -2  -2   3  -3  -3   2   1  -1  -4  -3  -3    4  13   5   5   0  10   4   4   1   2   4  18   0   1  10  13   3   0   0   1  0.29 0.24
   69 K     0   1   1   0   0   2   1  -1   0  -3  -1   3  -2  -4   2   0   0  -4  -3  -3    6   7   6   4   2   8   7   5   2   0   7  21   1   0  10   8   5   0   0   1  0.24 0.21
   70 E     0   1   1   0  -3   1   1  -2  -1  -2  -3   3  -2  -1   2   1  -1  -1  -1  -2    6   8   6   5   0   5  10   2   1   2   2  21   0   3   9  12   3   1   2   2  0.25 0.21
   71 R     0   4   0  -1  -4   0  -1  -1   1  -2  -3   3   2  -4   1   1  -1  -3  -2  -1    6  22   3   2   0   2   3   3   3   3   1  19   6   0   6  11   3   0   1   4  0.32 0.26
   72 P    -1  -2  -1  -2  -4  -3  -2  -1  -4   0   0  -1   3  -2   6   0  -1  -5  -4   0    3   2   3   2   0   1   2   4   0   5   9   3   8   1  41   7   3   0   0   6  0.78 0.42
   73 E    -1  -1   1   1  -3   1   4   0  -2  -2  -3   2  -2  -4   1  -1  -1  -4  -3  -1    4   2   6   8   0   6  27   9   0   2   2  12   1   1   6   4   4   0   0   6  0.32 0.25
   74 I    -3  -6  -6  -6  -5  -4  -4  -6  -6   7  -1  -5   1  -1  -6  -5  -1  -5  -4   3    1   0   0   0   0   1   1   0   0  65   3   0   4   2   0   0   3   0   0  17  1.55 0.68
   75 S    -2  -3  -3  -1  -2  -4  -3   2  -5  -3  -6  -4  -5  -3  -2   6   0  -6  -5  -4    1   1   0   3   1   0   1  14   0   2   0   0   0   1   2  69   4   0   0   1  1.37 0.77
   76 P     1  -1   1  -1  -2   0   0   0  -1  -2  -1   1   0  -2   2   1   2  -4  -2  -2   11   2   7   2   0   5   7   8   1   2   7   7   3   1   9  12  13   0   1   2  0.14 0.16
   77 P    -5  -6  -2  -5  -7  -2  -5  -3  -6  -5  -5  -5  -6  -7   8  -3  -5  -7  -7  -6    0   0   2   0   0   2   0   3   0   1   1   0   0   0  87   1   0   0   0   0  2.79 1.11
   78 S    -2  -1   0  -3  -4  -1  -1  -4   0   0  -2  -1   0   2  -4   2   3  -2   4  -1    2   3   4   0   0   3   3   0   2   7   2   2   3   8   0  20  21   0  15   3  0.40 0.34
   79 D    -2   0   6   3  -2  -1  -1   0  -3  -5  -4  -1  -2  -5  -2   0  -2  -5  -5  -3    2   5  44  16   1   3   3   7   0   0   1   4   1   0   2   7   2   0   0   2  0.90 0.50
   80 F    -1  -2  -4  -4  -1  -4  -4  -4  -1  -2  -2  -2   0   6   3   0  -1  -3  -1   3    4   2   0   1   1   0   1   1   1   1   3   3   2  35  13   7   4   0   1  19  0.71 0.42
   81 E    -2   0  -2  -1  -4   3   3  -4   1  -1  -1   2  -1  -3  -3  -1   0  -4  -3   1    1   5   1   2   0  15  19   1   4   3   7  16   1   1   0   4   6   0   0  13  0.35 0.29
   82 H    -2   1  -2  -2  -5   2  -3  -5  10  -4  -4   0  -4  -4  -5  -2  -4  -5  -3  -5    3   6   1   2   0   8   1   1  62   1   2   6   0   0   1   2   1   0   0   1  2.02 0.81
   83 T    -1   2   1  -1  -1   0   0  -1   0   0   0   1   1  -3   1  -1   0  -3  -2   0    5  15   9   3   2   4   5   5   3   6   7   7   4   0   6   2   7   0   0   9  0.09 0.11
   84 I    -1  -2  -1  -3  -3  -1  -2  -3   1   3   0  -3   1  -1  -1  -2   2  -3  -1   4    4   2   2   1   0   4   2   1   4  17   7   1   4   2   3   2  12   0   2  30  0.34 0.25
   85 H    -3  -3  -1  -4  -5   0  -3  -4  10  -5  -5  -3  -4  -4  -4   0  -2  -5  -3  -5    2   1   2   1   0   4   2   1  70   1   1   1   0   1   1   9   2   0   0   1  2.40 0.90
   86 V     0  -4  -4  -3  -2  -4  -3  -3  -2   2  -2  -3   0  -4  -2  -2   2  -5  -4   5    6   1   0   2   1   0   2   2   1   9   2   2   2   0   2   3  13   0   0  50  0.79 0.47
   87 G    -1  -1  -1   0  -4   1   1   4  -2  -2  -4  -1  -3  -4  -2   0   0  -2  -3  -1    4   2   2   6   0   6  12  39   1   3   1   4   0   0   1   7   5   1   1   5  0.48 0.32
   88 F    -3  -2  -4  -3  -4  -4  -4  -5  -1   1   0  -1  -1   6  -4  -1  -3   0   5   1    2   3   0   1   0   0   1   1   1   8   6   5   1  33   1   4   1   1  21   9  0.84 0.44
   89 D    -2  -2   4   7  -5  -2  -1  -3  -3  -4  -4  -3  -1  -5  -1  -1  -3  -5  -5  -5    3   2  18  55   0   1   3   2   1   1   2   1   2   0   3   3   2   0   0   1  1.31 0.63
   90 A     1  -1  -1  -1  -4   1   0  -1   0  -3  -3   1  -2  -3   5   2  -1   0  -3  -3   12   3   3   3   0   6   5   4   2   1   3   8   1   1  26  15   3   1   1   1  0.44 0.31
   91 V     0   0   2   2  -2   2   1  -1   0  -1  -1   0  -2  -3  -3   0   0  -4  -1   0    9   4   9  10   0  11  10   5   2   2   4   6   1   1   0   8   4   0   2  10  0.14 0.15
   92 T    -1  -1   0  -1  -3  -1   1  -2  -2  -1  -2  -1  -3  -4   0   2   5  -4  -3  -2    5   3   4   2   0   3   8   2   1   3   4   2   0   1   4  18  37   0   0   2  0.53 0.38
   93 G    -2  -1   1  -2  -2   1  -2   6  -4  -5  -4   1  -4  -5  -3  -1  -4   0  -4  -4    2   3   5   2   1   6   2  60   0   1   2   7   0   0   1   4   1   1   0   1  1.08 0.53
   94 E    -1   0   0  -1   0   2   3   0   0  -2  -2   2   0  -3   1   0   0  -4  -3  -2    5   4   4   2   2  10  20   7   2   3   3  12   3   1   7   7   7   0   0   2  0.23 0.20
   95 F    -3  -4  -2  -4  -5  -4  -4  -5  -4   0   0  -2   0   7   1  -2  -3   1   4  -3    2   0   2   1   0   0   1   1   0   5   8   2   2  47   8   3   1   1  14   1  1.14 0.56
   96 T    -1   0  -1  -2  -3   0   0  -3   0   1  -2   1   0  -2  -1   0   4  -4  -2   1    4   5   2   2   0   4   6   2   3   9   3   8   2   2   2   6  28   0   1  13  0.26 0.25
   97 G    -2  -3   0  -2  -5  -2  -3   6  -2  -6  -6  -4  -5  -6  -2   1  -4  -5  -5  -4    3   2   5   3   0   2   1  68   1   0   1   0   0   0   2   9   0   0   0   1  1.42 0.67
   98 M    -2  -5  -5  -6  -4  -2  -5  -2  -5   1   5  -2   4  -2  -5  -5  -2  -5  -4   0    3   0   0   0   0   2   0   3   0   5  61   2  11   1   0   0   3   0   0   6  1.06 0.58
   99 P    -5  -2  -6  -3  -6   0  -5  -4  -6  -2  -6  -5   0  -7   8  -2  -2  -7  -6  -6    0   2   0   2   0   4   0   2   0   3   0   0   2   0  78   3   3   0   0   0  2.37 1.09
  100 E    -1   0  -1   2  -4   1   3  -2   0  -2  -2   2  -2  -4   3  -1   0   0  -4  -3    4   5   2   9   0   6  19   2   2   2   3  13   1   0  17   4   6   2   0   1  0.39 0.31
  101 Q    -1  -1  -1   0  -5   4   4  -2  -1  -3  -3  -1  -2  -5   0   0  -2  -5  -1  -1    5   3   3   4   0  23  29   3   1   1   2   2   1   0   5   8   2   0   2   5  0.55 0.43
  102 W    -5  -3  -3  -6  -6   0  -5  -2  -1  -6  -3  -3  -1   0  -4  -2  -3  12   1  -4    1   1   1   0   0   5   0   3   2   0   3   2   2   3   1   3   2  64   4   1  2.76 1.12
  103 A     1   1  -1  -1  -4   4   2  -1  -1  -2  -2   2   0  -4  -1   0   0  -4  -2  -2   10   7   3   3   0  20  12   5   2   2   4  11   3   0   3   8   5   0   1   2  0.28 0.28
  104 R     0   3   1   0  -1   1   0  -1   0  -1  -2   2  -1  -4  -2   1   0  -4  -3  -1    8  16   7   5   2   5   6   5   3   3   2  15   2   0   1  13   4   0   0   5  0.21 0.22
  105 L    -2  -2  -2  -5  -4  -2  -3  -5  -1   2   4  -3   3   0  -3  -1  -2   1  -1   0    3   2   2   0   0   2   2   0   2  12  43   1   7   4   1   5   3   2   2   6  0.53 0.38
  106 L    -2  -3  -6  -6  -1  -3  -4  -6  -1   3   5  -3   2  -1  -2  -3  -3   0  -2   0    3   1   0   0   1   1   1   0   1  16  50   2   4   2   2   2   2   1   2   6  0.87 0.51
  107 Q    -2   0   1   2  -4   2   2   0   0  -3  -2   2   0  -5   2   1   0  -5  -4  -3    3   3   7  10   0  10  11   7   2   2   4  11   2   0   9   9   6   0   0   2  0.26 0.24
  108 T     1  -1   2   0  -2   0   0  -1   1  -2  -2   1   0  -2   0   2   1  -1  -2  -2   10   3  12   5   1   5   7   4   3   1   4   8   3   2   5  14   9   1   1   2  0.15 0.17
  109 S     2  -1   2   0  -4   0  -1  -1   1  -2  -2  -1   0  -4   0   4  -1  -5  -1  -2   14   3  10   4   0   4   3   4   3   3   3   3   3   0   4  30   3   0   2   3  0.33 0.33
  110 N     0   0   1   0   0   0   0   1   1  -1  -1   0   0  -1   1   0   0  -3   0  -1    6   5   7   6   3   5   7  13   4   3   5   4   3   3   7   6   7   0   3   4  0.07 0.08
  111 I     0   0   0   0   2   0   0  -1   1   0  -1   0   1   0   0   0   0  -2   1   0    5   5   5   5   5   5   5   5   5   5   5   5   5   5   5   5   5   0   5   5  0.03 0.05
  112 T    -2  -1   0   0   0   0   0  -2  -4  -1  -2  -1   0  -2   1   3   4  -5  -1  -2    3   4   4   4   2   5   6   4   0   4   5   4   2   2   6  19  24   0   2   2  0.32 0.32
  113 K    -2   1   0   0  -6   1   0  -2   1  -1  -2   4   1   0   1   0  -1  -6   0  -2    4   8   4   5   0   5   6   4   3   4   5  21   3   3   7   6   4   0   3   3  0.26 0.21
  114 L    -1   0   0   0   2   0   0  -1   2   0  -1   0   2   1   0  -1   0   4   1  -1    5   5   5   5   5   5   5   5   5   5   5   5   5   5   5   5   5   5   5   5  0.09 0.08
  115 E    -3  -2  -1   4  -6   0   5  -3   1  -3  -4  -1  -2  -6  -1  -1  -3  -6  -1  -3    2   2   3  19   0   4  40   3   3   2   2   4   1   0   4   4   1   0   3   3  0.84 0.55
  116 Q    -1   0  -1  -2  -1   5  -1  -3   0  -1  -2   0   0  -1   1   0  -1   2   1   1    4   4   3   2   1  26   4   2   2   4   3   6   2   2   6   7   4   3   4   9  0.32 0.32
  117 K     1   1   1   0  -1   2   2  -1   1  -1  -1   1   0  -4   0   0  -1  -4  -2  -1   11   7   7   4   1   9  13   3   3   4   6  10   3   0   3   7   4   0   1   4  0.13 0.16
  118 K     0   1   0  -1  -1   3   1  -2   1  -2  -2   2  -1  -2   0   1  -1  -1  -2  -1    9   6   5   3   1  15  10   3   3   2   3  13   1   1   4   9   4   1   1   5  0.20 0.22
  119 N    -2   2   6   1  -5   0  -2  -4   4  -2  -2  -1  -4  -2  -2  -2   0   2  -1  -2    2  10  36   8   0   3   2   0   9   2   4   2   0   2   2   3   7   3   2   3  0.68 0.47
  120 P    -1  -2  -1  -1  -5  -1  -4  -2  -5  -1  -3   0   1  -5   7   0  -1  -6  -1  -2    6   3   3   3   0   3   0   3   0   3   3   6   3   0  48   7   3   0   2   3  1.04 0.62
  121 Q    -1   0   1   1   1   3   1  -1   1  -1  -2   1   0  -4   0   1   0  -4   0  -1    4   4   8   8   3  14  10   4   3   3   4   7   3   0   4  10   4   0   3   3  0.17 0.21
  122 A     0   0   0   0   2   0   0  -1   1   0  -1   0   1   0   0   0   0  -2   1   0    5   5   5   5   5   5   5   5   5   5   5   5   5   5   5   5   5   0   5   5  0.03 0.05
  123 V    -1   0  -2   0   2   0   0  -1   2   0  -1   0   1   0   0   0   0   3   1   0    5   5   0   5   5   5   5   5   5   5   5   5   5   5   5   5   5   5   5   5  0.06 0.10
  124 L    -1  -1  -1  -1  -1  -1   0  -2   0   2   2   0   2  -1  -1  -1   0  -3  -1   2    6   2   2   3   1   2   5   3   3  10  20   5   6   2   2   5   7   0   2  16  0.13 0.14
  125 D    -2   0   3   5  -2   1   1  -1   1  -6  -6  -1  -5  -6   2   0  -2  -6  -2  -4    2   6  14  30   1   6   8   4   3   0   0   3   0   0  10   7   2   0   1   1  0.68 0.48
  126 V     2  -2  -2  -2  -1  -1  -2  -1  -1   1  -1  -1   0  -2   2  -1  -1  -5  -2   3   16   1   2   2   2   3   2   4   1   9   5   5   2   2  12   5   4   0   1  21  0.25 0.25
  127 L    -1  -2  -2  -1   1   0  -2  -3   0   0   3  -2   3  -1   0   0   0  -4  -1   1    4   2   2   3   3   4   2   2   2   5  27   3   9   2   6   7   5   0   2  10  0.21 0.22
  128 K    -1   1   1   0   1   2   0  -1   2  -1  -2   1   1  -4   2   0  -1  -4  -1  -1    6   8   9   4   3   9   6   4   4   4   4   9   3   0   9   7   4   0   2   4  0.15 0.17
  129 F    -1  -1   0  -1   2  -1   0   0   1   0  -1  -1   0   3   1  -1   0   2   1  -1    6   4   5   3   4   3   6   7   4   6   7   4   3  12   6   5   5   3   4   4  0.08 0.07
  130 Y    -1   0   0   0  -3   0   0  -1   2   0  -1   0   1   0   0   0   0   3   1   0    5   5   5   5   0   5   5   5   5   5   5   5   5   5   5   5   5   5   5   5  0.06 0.08
  131 D     0   0   1   0  -3   1   0   0   2   0  -1   0   1  -2   1   0   0  -2   1   0    6   6   6   6   0   6   6   6   6   6   6   6   6   0   6   6   6   0   6   6  0.05 0.08
  132 S    -1   0   0   0  -3   0   0  -1   2   0  -1   0   1   0   0   0   0   3   1   0    5   5   5   5   0   5   5   5   5   5   5   5   5   5   5   5   5   5   5   5  0.06 0.08
  133 N    -1   0   0   0  -3   0   0  -1   2   0  -1   0   1   0   0   0   0   3   1   0    5   5   5   5   0   5   5   5   5   5   5   5   5   5   5   5   5   5   5   5  0.06 0.08
  134 T     0   0   0   0  -3   1   0  -1   1   0  -1   0   1  -1   1   0   1  -3   0  -1    6   5   5   4   0   8   7   5   4   5   6   6   4   3   6   8  10   0   3   5  0.06 0.09
  135 V     0   0   0   0   0   1   0   0   1   0  -1   1   1  -1   0   0   0  -2   0   0    6   5   6   4   3   6   6   6   3   4   6   8   5   3   5   6   6   0   3   6  0.03 0.03
  136 K    -1   2   1   0  -4   2   1  -1   2  -2  -2   2   0  -3   1   1  -1   2  -1  -2    5  12   7   4   0  10   7   5   5   3   3  12   2   0   6   9   3   3   2   3  0.18 0.20
  137 Q     0   0   0   0  -2   1   0   0   1   0  -1   0   1   0   1   0   0  -2   1   0    6   6   5   6   0   5   6   6   5   6   6   6   5   5   6   6   6   0   5   6  0.03 0.06
  138 K    -1   0   1   0   1   1   0  -1   1  -1  -2   3   0  -1   1   0  -1  -4   0  -1    4   5   7   4   3   6   6   4   3   4   3  21   3   3   7   5   4   0   3   4  0.15 0.18
  139 Y    -1   0   0   0   2   0   0  -1   2   0  -1   0   2   1   0  -1   0   4   1  -1    5   5   5   5   5   5   5   5   5   5   5   5   5   5   5   5   5   5   5   5  0.09 0.08
  140 L     0   0   0   0   2   0   0  -1   1   0  -1   0   1   0   0   0   0  -2   1   0    5   5   5   5   5   5   5   5   5   5   5   5   5   5   5   5   5   0   5   5  -0.00 0.06
  141 S    -1   0   0   0  -3   0   0  -1   2   0  -1   0   1   0   0   0   0   3   1   0    5   5   5   5   0   5   5   5   5   5   5   5   5   5   5   5   5   5   5   5  0.06 0.08
  142 F    -1   0   0   0   2   0   0  -1   2   0  -1   0   2   1   0  -1   0   4   1  -1    5   5   5   5   5   5   5   5   5   5   5   5   5   5   5   5   5   5   5   5  0.09 0.08
  143 T    -1   0   0   0   2   0   0  -1   2   0  -1   0   2   1   0  -1   0   4   1  -1    5   5   5   5   5   5   5   5   5   5   5   5   5   5   5   5   5   5   5   5  0.09 0.08
  144 P    -1   0   0   0   2   0   0  -1   2   0  -1   0   2   1   0  -1   0   4   1  -1    5   5   5   5   5   5   5   5   5   5   5   5   5   5   5   5   5   5   5   5  0.09 0.08
  145 P     0   0   0   0  -2   1   0   0   1   0   0   0   1   0   1   0   0  -3  -1   0    6   6   6   6   0   6   6   6   6   6   6   6   6   6   6   6   6   0   0   6  0.04 0.07
  146 E    -1   0   1   0   1   1   1  -1   1  -1  -2   0   1   0   1   1   0  -5   0  -1    5   5   6   6   3   7   9   4   4   4   4   6   4   4   7   9   6   0   3   4  0.09 0.10
  147 K    -1   0   0   0   2   0   0  -1   2   0  -1   0   2   1   0  -1   0   4   1  -1    5   5   5   5   5   5   5   5   5   5   5   5   5   5   5   5   5   5   5   5  0.09 0.08
  148 D    -1   0   0   0  -3   0   0  -1   2   0  -1   0   1   0   0   0   0   3   1   0    5   5   5   5   0   5   5   5   5   5   5   5   5   5   5   5   5   5   5   5  0.06 0.08
  149 G     0   0   0   0   0   1   0   0   1  -1  -1   0   0  -1   2   0   0  -3   0  -1    7   6   5   5   2   7   5   9   4   4   4   6   3   3   9   7   7   0   3   5  0.07 0.08
  150 F     0   0   0   0   0   1   0   0   1  -1  -1   0   0   0   1   0   0   1   1   0    6   3   6   4   2   7   5   6   5   4   6   4   3   5   6   8   5   2   5   6  0.04 0.05
  151 P    -1   0   0   1  -3   1   0  -1   1  -1  -1   0   0  -1   3   0   0   2   0  -1    6   6   5   7   0   6   5   4   4   4   4   5   3   3  15   7   5   3   4   5  0.13 0.14
  152 S    -1   0   0   0  -3   0   0  -1   2   0  -1   0   1   0   0   0   0   3   1   0    5   5   5   5   0   5   5   5   5   5   5   5   5   5   5   5   5   5   5   5  0.06 0.08
  153 G     0   0   0   0   2   0   0  -1   1   0  -1   0   1   0   0   0   0  -2   1   0    5   5   5   5   5   5   5   5   5   5   5   5   5   5   5   5   5   0   5   5  0.03 0.05
  154 T     0   0   1   0   1   1   1  -1   1  -1  -1   0   0   0   1   0   0  -3   0   0    6   6   6   5   3   6   8   5   3   5   6   4   3   4   8   7   6   0   4   6  0.05 0.05
  155 P     0   0   0   0  -3   1   0  -1   1  -1  -1   0   0  -1   3   0   0   2   0  -1    6   5   4   4   0   5   7   5   4   4   5   5   3   3  16   6   5   3   3   5  0.14 0.15
  156 A     0   0   0  -1  -1   1   0   0   1  -1  -1   0  -1  -1   2   1   1  -4  -1  -1    9   4   4   3   1   7   5   6   4   4   6   5   2   2  10  13   7   0   2   5  0.10 0.13
  157 L     0   0   0   0  -1   1   1  -1   1  -1  -1   0   0  -1   2   0   0  -3   0  -1    8   5   5   4   2   7   8   5   4   4   7   5   3   3   9   9   6   0   3   5  0.06 0.07
  158 N    -1   0   2  -1   0   2   0  -1   1  -1  -1  -1   0  -1   1   1   1   1   0  -1    5   5   9   4   2   8   6   4   4   4   5   4   3   3   8  10   7   2   3   5  0.09 0.11
  159 T     0   0   1  -1   0   1   0  -1   2  -1  -1   0   0  -1   1   1   0   1  -1  -1    8   5   5   4   2   8   6   6   5   4   6   5   2   3   8   9   5   2   3   4  0.06 0.08
  160 K     0   0   0   0  -2   1   0   0   1   0  -1   0   1   0   1   0   0  -2   1   0    6   6   5   6   0   5   6   6   5   6   6   6   5   5   6   6   6   0   5   6  0.03 0.06
  161 G     0  -1   0   0  -2   1   0   1   1  -1  -2   0  -1  -1   2   1   1   0  -1  -1    7   4   5   4   1   7   6  10   4   3   3   5   2   3  10  12   7   1   2   5  0.11 0.13
  162 S    -1   1   0   0  -1   1   0  -1   1  -1  -1   1   1  -1   1   1   0   0   0   0    6   6   5   4   1   7   5   5   4   4   5   7   4   2   8  11   5   1   3   6  0.07 0.09
  163 E     1  -1   0  -1  -6   2   1  -1   2  -1  -2   0   1  -1   2   1   0  -6   0  -1   10   4   5   4   0   7   8   4   4   3   4   6   3   2   9  11   6   0   3   5  0.13 0.16
  164 T     0   0   0   0   1   1   0  -1   1  -1  -1   0   1   0   2   0   1   2   0  -1    7   4   4   5   3   6   6   5   4   4   5   7   4   3   9   6   8   2   3   4  0.07 0.08
  165 S     0  -1   1  -1   1   1   0  -1   1  -1  -2  -1   1   0   1   2   0   2   0  -1    6   4   6   4   2   5   5   4   3   3   5   4   3   3   7  17   6   2   3   4  0.09 0.15
  166 A     0   0   0  -1   0   2   0  -1   2  -1  -1   0  -1  -1   2   1   0  -1   0  -1    8   4   4   3   2   8   5   5   4   3   5   7   1   3  11   9   7   1   4   5  0.10 0.12
  167 V     0   0  -1  -1   0   1   0  -1   1   0  -1   0  -1  -1   2   1   0  -1  -1   0    7   5   3   4   2   6   5   5   3   6   7   5   1   3  11  10   7   1   2   8  0.07 0.08
  168 V     1  -1   0  -1  -1   2   0   0   2  -1  -2  -1   1  -2   2   1   0  -6  -1   0   10   4   4   3   2   9   7   6   5   3   4   4   3   2  11   9   7   0   2   6  0.14 0.16
  169 T     0   0   1   0  -1   1   0  -1   1  -2  -2   0   0  -2   2   2   2  -5  -1  -1    6   5   5   4   1   6   5   4   3   2   3   7   2   2  11  15  12   0   2   4  0.17 0.21
  170 E    -1   0   0   0   0   2   0  -2   1  -1  -2   0   0   0   3   1   0   0   0   0    5   5   5   6   2   7   7   4   3   4   4   6   2   3  13   9   5   1   3   6  0.13 0.14
  171 E     0   1   0   0  -5   1   0   0   1  -1  -2   0   0  -1   2   0  -1   1   0   0    7   7   5   6   0   7   6   6   4   3   5   5   2   3  11   8   4   2   3   6  0.10 0.11
  172 D    -1   1   1   0  -1   2   1   0   1  -1  -1   0   0  -1   1   1   0   0  -1  -1    6   7   7   6   1   8   9   6   3   3   6   4   2   2   8   9   5   1   2   4  0.08 0.09
  173 D     0   0   0   0   2   0   0  -1   1   0  -1   0   1   0   0   0   0  -2   1   0    5   5   5   5   5   5   5   5   5   5   5   5   5   5   5   5   5   0   5   5  0.03 0.05
  174 D     0   0   1   0  -1   1   0  -1   2  -1  -1   0  -1  -1   2   1   0   0   0  -1    8   4   6   6   2   6   7   5   5   4   5   7   2   2  10  10   6   1   3   3  0.09 0.11
  175 D     0   0   1   1   1   1   0   0   1  -1  -1   0   0  -1   1   0   0  -3   0  -1    6   5   6   7   3   7   6   7   4   4   5   6   4   3   8   8   5   0   4   4  0.06 0.07
  176 E     0   0   1   0   0   1   0   0   1  -1  -1   0   0  -1   2   0   0  -3   0  -1    6   5   6   5   3   5   6   6   4   4   5   7   3   3   9   8   5   0   4   6  0.06 0.06
  177 D     0   1   1   0   0   1   0  -1   1  -2  -2   1  -1  -1   2   0   0   0   0  -1    9   6   6   6   2   6   6   5   3   3   5   7   2   3  12   6   5   1   3   4  0.10 0.11
  178 A     0   0   1   0   0   1   1  -1   2  -1  -2  -1   0   0   1   1   1   0  -1  -1    7   5   6   4   2   7   7   5   5   3   5   4   3   4   8  10   7   1   2   4  0.08 0.10
  179 A     2  -1   1  -2  -6   1  -2   0  -3  -2  -2   0   0  -2   3   1   0  -2  -1  -1   14   3   5   3   0   6   3   8   1   3   5   6   2   2  14  12   6   1   2   4  0.21 0.22
  180 P    -2   0   0  -2  -3   1  -1  -1   1  -2  -1  -1  -1   0   5   0  -1  -1  -2  -2    4   5   4   3   1   5   4   4   4   3   7   4   2   4  28   8   5   1   1   3  0.43 0.36
  181 P     0   0   0   1  -2   1   0  -1   1  -1  -2   1  -2  -3   3   1   1  -6  -2  -1    8   5   5   7   1   6   5   5   4   3   5   7   1   1  13  10   8   0   1   5  0.16 0.17
  182 V     0   0   0   0  -1   1   0   0   1  -1  -1   0   0  -2   2   1   0  -2  -1   0    7   5   5   5   1   7   6   6   3   4   6   6   3   2  11  10   6   1   2   6  0.08 0.10
  183 I    -1   0  -1  -1  -2   0  -1  -2  -1   2   0  -1   0  -1   2   0   0  -1  -1   1    6   5   3   3   1   4   4   3   1  11  10   4   2   3  11   9   6   1   2  10  0.11 0.11
  184 A     0   0   1  -1  -2   1   0  -1   1  -2  -1   0   0  -1   3   0   0   1  -2  -1    8   5   6   4   1   6   6   6   3   3   5   7   2   3  14   8   5   2   1   4  0.14 0.15
  185 P     0   0   1  -1  -1   1   0  -1   1  -1  -2   1  -1  -2   3   0   0   1  -2  -1    8   5   6   3   1   7   6   5   3   4   4   7   2   2  15   8   7   2   2   4  0.16 0.17
  186 R    -1   1   1  -1  -2   2  -1  -1   1  -1  -1   1   0  -3   2   1   0  -1  -2  -1    6   7   7   3   1   7   5   5   3   4   6   8   2   1  12  10   7   1   1   4  0.13 0.15
  187 P     0   0   1  -1  -1   1   0  -1   0  -1  -2   0   0  -2   3   1   0   0  -1  -1    6   6   6   4   1   7   7   5   3   4   4   6   2   2  16   9   6   2   2   5  0.16 0.17
  188 D     0   0   1   0  -4   2   1   0   1  -1  -2   0   0  -1   2   1   0   0  -1  -1    8   4   7   5   0   9   8   6   3   4   4   5   2   2  11   9   4   1   2   4  0.11 0.14
  189 H    -1   0   0   0   0   1   0  -1   4  -1  -2   1   0  -1   1   0   0   1   0  -1    6   5   5   4   2   8   6   6  11   3   4   7   3   3   7   6   5   2   3   4  0.11 0.13
  190 T     0   0   1   0  -3   1   0  -1   1  -1  -1   0   0  -1   1   0   1   2   0  -1    6   5   6   5   0   6   7   4   4   4   6   5   3   3   8   7  10   3   4   4  0.07 0.09
  191 K     0   0   1   0   1   1   1   0   1  -1  -1   0   0  -1   1   0   0  -3   0   0    6   4   6   4   3   8   8   6   4   4   5   7   4   3   7   8   5   0   3   6  0.05 0.07
  192 S     1  -1   1   0  -2   1   1  -1   0  -1  -2   0  -1  -2   2   2   0  -5  -2  -2   10   4   7   4   1   6   8   4   2   4   4   6   2   2  12  17   5   0   1   3  0.18 0.21
  193 I     0   0   1  -2  -2   2  -1  -1   1   0  -1   0  -1  -2   3   1   0  -4   0  -1    9   5   6   1   1   9   4   4   4   6   5   5   2   1  13  10   6   0   4   5  0.15 0.18
  194 Y     0   0   0   0  -2   1   0  -1   1  -1  -1   0  -1   0   2   0   0   0   2  -1    7   4   4   4   1   8   6   4   3   4   6   5   2   4   9   7   7   1   8   4  0.08 0.11
  195 T     0   0   1  -1  -1   1   0  -1  -1   0  -1   1   0  -2   2   1   1  -1  -2  -2    7   5   6   2   1   7   7   5   1   5   5   7   2   2  12  10  11   1   1   3  0.13 0.16
  196 R     0   1   1  -1  -1   2   0  -1   0  -2  -2   1   0  -2   2   0   0  -4  -1  -2    7   8   8   3   2  10   6   5   2   2   3  10   2   1  11   8   6   0   2   3  0.16 0.18
  197 S     1  -1   0  -1  -1   1   0  -1   1  -1  -1   0  -1  -1   3   2   0  -1  -2  -1   10   3   4   3   1   6   6   4   3   3   5   5   2   2  13  16   6   1   1   5  0.15 0.18
  198 V     0   0   1   1  -3   1   0   0   1  -1  -1   0   0  -1   1   0   0  -3   0   0    8   4   6   7   0   7   6   6   3   4   4   6   2   3   9   9   6   0   3   7  0.07 0.08
  199 I     0   0   0   0   0   1   0  -1   0   0   0   0   0   0   1   0   0  -2   0   0    8   4   3   3   2   7   6   5   3   9   7   4   3   4   7   7   7   0   4   7  0.03 0.05
  200 D     0   0   1   1  -3   1   1  -1   1  -1  -1   0   0  -1   1   0   0  -3   0  -1    8   4   7  11   0   6  10   4   3   5   4   5   3   3   8   5   5   0   3   4  0.09 0.10
  201 P     0   0   0   0  -2   1   0   0   1   0  -1   0   1   0   1   0   0  -2   1   0    6   6   5   6   0   5   6   6   5   6   6   6   5   5   6   6   6   0   5   6  0.03 0.06
  202 I    -1   0   0   0   2   0   0  -1   2   0  -1   0   2   1   0  -1   0   4   1  -1    5   5   5   5   5   5   5   5   5   5   5   5   5   5   5   5   5   5   5   5  0.09 0.08
  203 P     0   0   0  -1   1   1  -1  -2   1  -1  -2   0   1  -6   4   0   0   2   1  -1    9   4   5   4   3   6   5   4   3   3   4   5   3   0  19   8   5   3   4   4  0.26 0.24
  204 A     2   0   0  -1  -1   1  -1  -2   0  -1  -2   1  -1  -3   1   2   1  -7  -2   0   14   5   4   3   1   6   4   4   2   4   4   7   2   1   8  15   7   0   1   6  0.17 0.19
  205 P     0  -2   0  -2  -2   1  -1  -2   0  -3  -3   0  -1  -4   5   0   0   2  -2  -2    8   3   4   3   1   6   5   4   2   2   4   5   2   1  32   7   7   2   2   4  0.56 0.45
  206 V     0   0   0  -1  -1   1   0  -1   2   0  -1   0   0  -2   2   1   0   0  -1   0    8   5   4   4   2   6   6   5   4   5   7   5   2   2  12  10   5   1   2   7  0.08 0.10
  207 G     0   0   0   0   0   2   0  -1   1  -1  -2   0   1  -1   2   0   0   1   0  -1    8   4   4   5   2   9   6   6   3   3   4   6   4   3  11   7   6   2   4   4  0.10 0.13
  208 D     0  -1   1   1   1   1   0  -1   2  -1  -1   0   0  -1   1   1   0   2   0  -1    6   3   6   7   3   7   7   4   4   4   6   6   3   3   7  10   5   2   3   4  0.07 0.08
  209 S    -1   0   0   0   2   0   0  -1   2   0  -1   0   2   1   0  -1   0   4   1  -1    5   5   5   5   5   5   5   5   5   5   5   5   5   5   5   5   5   5   5   5  0.09 0.08
  210 N    -1   0   0   0   2   0   0  -1   2   0  -1   0   2   1   0  -1   0   4   1  -1    5   5   5   5   5   5   5   5   5   5   5   5   5   5   5   5   5   5   5   5  0.09 0.08
  211 V     0  -1  -1  -1   1   0  -1   0   1  -1   0  -1   0  -1   2   0   1   1  -1   1    8   3   3   3   3   5   4   6   3   4   8   4   3   3   9   8   8   2   2   9  0.06 0.07
  212 D     0  -1   0   1   1   2   0  -1   1  -1  -2   0   0  -1   1   0   0   2  -1   0    7   3   5   7   2   9   6   5   4   3   4   6   3   3   7   8   6   3   3   7  0.07 0.08
  213 S    -1   0   0   0  -3   0   0  -1   2   0  -1   0   1   0   0   0   0   3   1   0    5   5   5   5   0   5   5   5   5   5   5   5   5   5   5   5   5   5   5   5  0.06 0.08
  214 G     0  -1   0  -1  -1   0  -2   2  -1  -2   0   0   0  -1   2   1   0   1  -1  -1    9   3   4   3   2   4   3  15   2   3   8   6   2   3  10   9   6   2   2   4  0.11 0.12
  215 A     2   0  -1  -2   0   1  -1  -1   0  -1  -2   0  -1  -1   1   1   0   1   1  -1   19   4   3   3   2   5   3   4   2   4   5   5   2   3   8  11   6   2   4   4  0.14 0.15
  216 K    -1   1   0  -1  -5   1   0  -1   1   0  -1   2   1   0   1   0   0   2   0  -1    4   8   4   4   0   7   5   6   4   5   5  12   3   3   8   6   6   3   3   5  0.11 0.11
  217 S    -1   0   0   0   2   0   0  -1   2   0  -1   0   2   1   0  -1   0   4   1  -1    5   5   5   5   5   5   5   5   5   5   5   5   5   5   5   5   5   5   5   5  0.09 0.08
  218 S    -1   0   0   0   2   0   0  -1   2   0  -1   0   2   1   0  -1   0   4   1  -1    5   5   5   5   5   5   5   5   5   5   5   5   5   5   5   5   5   5   5   5  0.09 0.08
  219 D     0   1   1   2   1   1   0   0   1  -1  -2   0   0  -2   2   0  -1   1  -1  -1    7   7   7  10   3   5   6   6   3   3   4   5   2   2  10   7   4   2   2   4  0.11 0.12
  220 K    -1   3   1  -1   1   0   0  -1   1  -1  -2   1   1  -1   1  -1   0   2   0  -2    5  13   7   3   3   4   6   5   3   3   4  10   3   3   7   5   5   3   3   4  0.14 0.14
  221 Q    -1   0   0   0   2   0   0  -1   2   0  -1   0   2   1   0  -1   0   4   1  -1    5   5   5   5   5   5   5   5   5   5   5   5   5   5   5   5   5   5   5   5  0.09 0.08
  222 K     0   3   0  -1   0   2   0  -2   2  -2  -2   2   0  -3   1   0  -1  -4  -1  -1    7  16   5   3   3   9   5   2   4   2   4  13   2   1   6   5   4   0   2   4  0.21 0.22
  223 K     0   2   0   0  -1   2   2  -1   1  -2  -1   1   0  -2   1   0  -1  -4  -1  -2    8  12   3   5   1   9  12   4   4   2   5  10   2   2   6   6   2   0   1   3  0.15 0.17
  224 K    -1   2   0  -1  -4   2   1  -2   0  -1  -1   2   0  -1   2   0  -1   0  -2  -1    3  11   3   3   0  11  11   3   2   4   5  11   3   2  10   7   4   1   1   4  0.18 0.20
  225 A     1   1   0   0  -1   2   0  -1   0  -2  -2   1  -1  -4   1   2   0  -4  -1  -2   10   9   5   4   2  13   5   4   2   2   3  10   2   0   6  14   4   0   2   2  0.19 0.22
  226 K    -1   2   1   0   0   3   1  -1   0  -1  -2   2   0  -2   0  -1   0  -4  -3  -2    5  12   8   4   2  12   8   4   2   4   3  16   2   2   5   4   5   0   0   3  0.21 0.23
  227 M    -1   0  -1  -1   0   0   0  -1  -3   0   1   0   3   0   1  -1  -1   2   0   0    5   5   3   3   3   4   8   4   0   4  13   6  11   4   6   4   4   3   3   7  0.08 0.13
  228 T    -1   1   1  -1   0   0  -1  -1   0   0  -1   1   0   0   0   1   2  -4   0  -1    5   6   6   3   3   3   3   3   3   7   4  10   3   4   4  12  16   0   3   4  0.10 0.16
  229 D    -2  -2   0   5  -5  -1   3  -3   3  -3  -2  -1  -3  -5  -1  -1   0  -5  -3  -3    3   1   5  35   0   2  21   2   7   2   4   4   1   0   3   4   5   0   1   2  0.70 0.38
  230 E     1  -1   0   2  -5   1   5  -2   0  -3  -3   0  -2  -4  -1   0  -1  -5  -3  -2   12   3   4  10   0   5  37   3   2   2   2   5   1   1   3   5   4   0   1   2  0.51 0.33
  231 E    -2  -1  -1   2  -6   5   5  -4  -1  -4  -3   0  -3  -3  -1  -2  -3  -1  -3  -3    3   2   2  11   0  23  36   1   1   1   2   5   1   1   3   2   1   1   1   2  0.84 0.47
  232 I     0  -4  -3  -4  -1  -3  -3  -4  -3   4   0  -4   0   4  -1   0  -2  -2   0   2    8   0   1   1   1   1   1   1   0  28   8   1   2  17   4   7   2   1   3  14  0.47 0.28
  233 M    -3   1  -2  -3  -2  -1  -2  -4  -1   1   3  -1   5   0  -3  -1  -2  -2   1   0    1   9   2   1   1   3   2   0   1   9  27   4  18   3   1   5   2   0   5   6  0.40 0.27
  234 E     2  -1   1   1  -4   0   3  -2  -1  -2  -2   2   0  -3  -2   0  -1  -4  -2  -2   19   3   6   7   0   3  24   2   1   2   3  11   2   1   2   6   3   0   1   3  0.29 0.23
  235 K     1   2  -2  -1  -3   1   1  -3   0  -2  -1   4  -1  -3  -2  -2   0  -3  -3  -3   14  12   1   3   0   6  10   1   2   2   7  27   2   1   2   2   5   0   1   1  0.37 0.27
  236 L    -2  -3  -4  -5  -5  -3  -4  -6  -2   0   6  -5   1  -1  -3  -4  -3   0  -3  -1    3   2   1   1   0   1   1   0   1   4  73   1   3   2   1   1   1   1   1   2  1.22 0.55
  237 R     0   5   0   0  -2   3   1  -3  -2  -5  -4   3  -2  -5  -3  -1  -2  -1  -4  -3    8  36   4   5   1  12   7   1   1   0   1  15   1   0   1   4   1   1   0   1  0.72 0.40
  238 T     0   0  -1   2  -2   1   1  -1  -1  -3  -1   1   2  -3  -2   2   1  -4  -3  -3    9   6   2  11   1   6   8   3   1   1   6   9   7   1   2  19  10   0   0   0  0.22 0.21
  239 I    -2  -4  -4  -5  -3  -4  -4  -5  -4   5   2  -5   2  -1  -4  -3  -1  -5  -2   3    3   1   1   1   0   0   1   0   0  40  18   0   4   2   0   2   4   0   1  20  0.87 0.40
  240 V     0  -5  -4  -4   6  -4  -3  -5  -5   1  -2  -4  -1  -3  -5  -2  -2  -3  -4   6    6   0   1   1  18   1   2   1   0   6   3   1   1   1   0   3   2   0   0  54  1.20 0.52
  241 S    -2  -3   3   1  -2  -1  -2  -3  -2  -2  -4  -1  -3  -4  -4   5   2  -5  -3  -4    2   1  11   8   1   2   2   1   1   2   1   3   1   1   0  50  12   0   1   1  0.87 0.49
  242 I    -1  -1  -1   0  -2   0   0  -2   0   0  -1   1   1  -1   3   0   0  -3  -3   1    4   3   3   6   1   5   6   2   3   6   5  12   3   2  18   5   5   0   0  12  0.19 0.15
  243 G     1  -3  -2   2  -3  -1   2   5  -3  -4  -4  -1  -4  -5  -3  -2  -1  -5  -3  -2   10   1   2  10   0   3  15  42   0   1   2   3   0   0   1   2   3   0   1   2  0.69 0.37
  244 D    -5  -3   4   7  -5  -3  -1  -5  -3  -7  -6  -2  -6  -6  -4  -2  -2  -7  -6  -4    1   1  15  68   0   1   3   0   1   0   1   3   0   0   1   3   2   0   0   1  1.83 0.76
  245 P    -2  -6  -6  -5  -5  -5  -5  -7  -7  -5  -5  -6  -7  -7   9  -5  -6  -8  -5  -6    3   0   0   0   0   0   0   0   0   1   1   0   0   0  91   0   0   0   0   0  3.05 1.13
  246 K    -1   3   1  -1  -3  -1   2  -3   1  -2  -1   2   0  -1  -3   0   1  -4   0  -2    4  16   8   2   0   1  16   1   3   2   6  15   2   2   0   5  11   0   3   2  0.27 0.23
  247 K    -1   1   0   1  -3   0   2  -3   0  -3  -1   3   0  -3  -1   0   1  -5  -3  -2    4   5   3   8   1   4  15   2   2   1   7  24   2   1   3   7   9   0   0   2  0.29 0.23
  248 K    -2   1  -2  -2  -1  -1  -2  -4  -1   2   2   4  -1   0  -4  -2  -2  -4   1   0    2   6   2   2   1   2   2   0   1  14  18  28   1   3   0   2   1   0   6   7  0.36 0.27
  249 Y    -6  -2  -7  -8  -7  -6  -7  -7  -4  -4   0  -6  -5   4  -6  -6  -6  -1   9  -3    0   2   0   0   0   0   0   0   0   1   9   0   0  16   0   0   0   0  68   2  2.41 0.92
  250 T    -1   1  -1   1  -3   1   1  -3   0  -1  -2   1  -2  -4  -3   1   4  -5  -3  -1    3   9   2   7   0   6   9   1   2   4   3  10   1   0   1  10  29   0   1   3  0.37 0.29
  251 R    -2   2   3   2  -4   0   1   0  -1  -1  -1   2  -1  -3  -2  -1  -1  -4  -3  -1    2  14  15  11   0   3  10   6   1   5   6  14   2   1   1   3   2   0   0   4  0.26 0.21
  252 Y    -2  -2  -3  -4  -4   1  -1  -4  -1   2   3  -2   3   4  -3  -3  -2   2   1   0    2   1   1   1   0   8   4   1   1  10  29   3   7  16   1   2   2   3   4   6  0.41 0.27
  253 E    -2  -1   0  -1  -2   1   4  -3   0  -1  -4   3  -1  -5  -2  -2  -1  -5  -3   1    3   2   4   3   1   5  34   2   2   4   1  18   1   0   1   2   4   0   1  12  0.52 0.36
  254 K    -3   2  -1  -3  -3   1   1  -5  -2  -1  -2   6  -2  -5  -3  -2  -1  -4  -4  -3    1   9   3   1   1   6   7   0   1   4   4  54   1   0   1   2   3   0   0   1  0.99 0.52
  255 I    -2  -6  -7  -7  -3  -6  -6  -7  -7   7   2  -3  -3  -3  -6  -4  -4  -6  -5   2    3   0   0   0   0   0   0   0   0  65  17   2   0   0   0   1   0   0   0  10  1.60 0.65
  256 G    -1  -5  -5  -3  -3  -6  -4   7  -3  -3  -7  -6  -7  -7  -4  -4  -6  -7  -7  -6    5   1   0   1   1   0   1  87   1   2   0   0   0   0   1   0   0   0   0   0  2.18 0.85
  257 Q    -2   0  -2  -3  -4   6   4  -3  -1  -3  -5   2  -3  -6  -2   1  -2  -6  -3  -4    3   4   1   0   0  37  25   2   1   2   1   9   0   0   1   9   2   0   1   1  0.94 0.53
  258 G    -3  -4  -5  -4  -7  -5  -5   7  -6  -8  -8  -4  -7  -7  -6  -4  -4  -4  -4  -7    1   1   0   1   0   0   0  92   0   0   0   1   0   0   0   0   1   0   1   0  2.45 0.91
  259 A     5  -5  -2  -4  -4  -4  -1   1  -4  -2  -5  -4  -5  -4  -4   3  -1  -1  -5  -3   50   0   2   0   0   0   5  10   0   2   0   0   0   0   0  25   3   1   0   1  0.98 0.55
  260 S    -1  -4  -2  -4  -2  -4  -4  -3  -5  -5  -5  -3  -2   4  -5   5   2  -5   0  -3    3   0   2   0   1   0   0   1   0   0   0   2   1  18   0  52  13   0   4   1  1.11 0.62
  261 G    -2  -5  -2  -5  -4  -6  -5   7  -3  -4  -7  -6  -4  -7  -3  -2  -6  -7  -7  -7    3   1   2   0   0   0   0  86   1   1   0   0   1   0   1   3   0   0   0   0  2.16 0.83
  262 T    -1  -2  -1  -1  -2  -1   1   0   0   1  -2   0  -1  -4   0   1   3  -4  -3   0    4   1   2   3   0   2  11   9   2   8   4   4   1   0   4  12  24   0   0   6  0.22 0.22
  263 V    -4  -5  -6  -7  -5  -6  -6  -7  -6   0  -1  -6   1  -5  -6  -4  -3  -6  -4   7    1   1   0   0   0   0   0   0   0   3   5   0   3   0   0   1   1   0   0  83  1.95 0.78
  264 F    -5  -3  -6  -4   5  -5  -5  -6  -1  -4  -3  -4  -3   5  -6  -3  -4   1   8  -4    0   1   0   1  11   0   1   0   1   1   3   1   1  24   0   2   1   2  49   1  1.83 0.72
  265 T    -1   2  -2  -3  -3  -1  -2  -3  -2   1   1   3   0  -3  -4   0   2  -4  -3   1    4  10   1   0   0   2   1   1   1  10  15  20   2   0   0   5  17   0   0  10  0.31 0.25
  266 A     6  -4  -3  -5   0  -4  -5   3  -5  -5  -5  -4  -3  -6  -3  -2  -3  -6  -5  -3   69   0   1   0   2   0   0  20   0   0   1   0   1   0   1   2   1   0   0   1  1.44 0.67
  267 T    -2   2  -1  -2  -3   0  -1  -4   1   2   0   1   0   0  -3  -1   2  -3   2   1    1  10   2   1   0   4   3   0   3  13  11  10   1   4   0   2  17   0   7   9  0.20 0.19
  268 D    -3  -1   2   5  -1   1   2  -4   4  -3  -4  -1  -2  -5  -1   0  -1  -4  -3  -2    1   2   8  36   2   7  13   0   9   2   2   3   1   0   2   5   3   0   1   3  0.70 0.38
  269 V    -1   2   1  -1  -2  -1  -1  -3  -2   2   0   3  -1  -3  -2   0   1  -4  -2   1    5  11   8   3   1   1   2   1   0  13   9  19   1   0   1   6   9   0   1   9  0.20 0.18
  270 A     2   2  -1  -1  -3   0   0   1   1  -2  -3   1  -2  -4  -2   1   0  -4  -3  -1   23  13   2   3   0   5   6   9   4   2   1   8   0   0   1  13   5   0   0   3  0.24 0.20
  271 L    -2  -1   0  -1  -3  -3  -2  -3  -4  -3  -2  -3  -2  -4  -3   2   6  -5  -3  -3    2   4   4   3   0   1   2   1   0   1   4   1   1   0   1  14  59   0   1   1  1.11 0.57
  272 G    -2  -1   3  -1  -3   0  -2   5  -2  -6  -5   1  -3  -5  -2   0  -3  -5  -5  -5    1   4  14   3   1   5   2  50   1   0   0   9   1   0   2   6   1   0   0   0  0.92 0.44
  273 Q    -2   3  -1  -1  -3   4   2   0   0  -3  -3   2   0  -5  -3  -1   0  -5  -3  -3    3  17   2   2   1  20  15   7   2   1   3  14   3   0   1   4   5   0   0   2  0.46 0.31
  274 E    -1   1  -2  -2   0   2   2  -4  -1   0   0   2   0  -2  -1   0   1  -3  -2   1    3   8   0   1   2   9  18   0   1   5  10  12   3   1   2   6   8   0   1  10  0.18 0.18
  275 V    -4  -4  -7  -7  -1  -6  -6  -5  -7   1  -2  -6  -2  -5  -6  -5  -4  -6  -4   7    1   1   0   0   1   0   0   1   0   6   2   0   1   0   0   0   0   0   0  86  2.04 0.81
  276 A     7  -6  -6  -5  -5  -5  -5  -4  -6  -2  -5  -5  -5  -5  -5  -3  -3  -6  -6  -3   91   0   0   1   0   0   0   0   0   3   0   0   0   1   0   1   1   0   0   1  2.06 0.87
  277 I    -5  -7  -7  -7  -5  -6  -7  -7  -7   7   0  -6   1  -4  -3  -6  -5  -7  -5   3    0   0   0   0   0   0   0   0   0  71   7   0   2   0   2   0   0   0   0  18  1.90 0.74
  278 K    -5  -1  -5  -6  -8  -3  -4  -6  -6  -7  -7   8  -6  -8  -6  -3  -4  -8  -7  -3    0   1   0   0   0   0   0   0   0   0   0  94   0   0   0   2   1   0   0   2  2.61 1.03
  279 Q    -3   1  -2  -2  -3   5   0  -5   2   2  -4   4   1  -3  -5  -3  -2  -4  -3  -1    1   6   2   1   1  31   4   0   4  11   1  27   3   1   0   0   2   0   1   5  0.78 0.47
  280 I    -4  -6  -5  -7  -2  -5  -6  -7  -6   5   0  -5   8  -4  -6  -4  -3  -6  -5   1    1   0   1   0   1   0   0   0   0  34   7   0  44   0   0   1   1   0   0   9  1.79 0.75
  281 N    -1  -2   5   5  -4  -1  -1  -3   0  -2  -4   0  -5  -2   0   0  -2  -6  -2  -3    4   2  25  32   0   2   3   1   2   3   1   5   0   2   6   7   2   0   1   1  0.72 0.41
  282 L    -4  -3  -6  -7  -5  -5  -4  -7  -5   1   5  -2   2  -2  -1  -5  -3   1  -3   1    0   2   0   0   0   0   1   0   0   8  66   3   4   1   3   0   1   2   0   7  1.12 0.55
  283 Q     0   2   0   0   1   3   3  -2   0  -4  -3   1  -3  -4  -3   1   0  -3  -3  -3    8  11   5   5   4  15  22   2   2   0   2   6   0   1   0  10   6   0   1   1  0.39 0.29
  284 K    -1   1   1  -1  -3   4   1   0   1  -3  -3   4  -2  -4  -2   0  -1  -5  -3  -3    5   8   7   3   0  18  10   7   3   1   2  24   1   0   1   5   3   0   0   1  0.42 0.29
  285 Q     0  -3  -2  -1  -5   7   1  -4   0  -5  -1   0  -4  -5  -4  -2  -2  -5  -5  -1    9   1   2   3   0  55   7   1   2   0   7   4   0   0   1   3   2   0   0   4  1.13 0.60
  286 P    -1   0   1   0  -5   3   1  -2  -2  -2  -3  -1  -1  -5   5   0   0  -5  -3  -3    4   5   7   4   0  12  10   3   1   3   2   2   2   0  33   5   5   0   1   2  0.63 0.36
  287 K    -3   4   0   2   0   0   0  -3  -3  -2  -4   4  -1  -5  -4  -1  -2  -5  -4  -3    1  24   5  13   2   4   4   2   0   2   1  30   2   0   0   5   1   0   0   2  0.67 0.38
  288 K    -4   3  -3  -3  -5  -1   2  -4  -2  -1   0   5   0  -1  -1  -2  -3  -2  -3  -3    0  13   1   1   0   1  12   0   1   4  10  45   3   3   3   1   1   1   1   1  0.75 0.43
  289 E    -3  -2  -1   3  -5   2   6  -4  -1  -1  -4   0  -3  -5  -1  -1  -3  -5  -4  -3    2   1   3  16   0   7  50   1   1   4   1   4   1   0   3   3   1   0   0   1  0.96 0.49
  290 L    -1  -2  -3   1  -4  -3   0  -3  -2   0   4  -2   1  -2  -4  -2  -2  -4  -2   0    6   3   1   7   0   1   6   2   1   3  53   3   3   1   0   3   2   0   1   4  0.52 0.33
  291 I    -2  -4  -4  -1  -1  -4  -5  -5  -4   5   3  -3  -1  -2  -4  -4  -1  -5  -3   2    4   1   0   3   1   0   0   0   0  42  28   2   1   1   1   1   4   0   1  11  0.85 0.41
  292 I    -2   0  -3  -4   0   0  -1  -4  -3   4   1  -1  -1   2  -4  -3  -2  -2  -2   3    2   5   1   0   2   6   4   1   0  29  11   3   1  10   1   0   1   0   0  19  0.42 0.27
  293 N    -2  -1   7  -1  -5   2  -1  -3  -3  -4  -5   0  -1  -4  -4   0   1  -6  -3  -5    3   3  55   2   0   8   3   1   0   1   1   5   2   1   0   5   8   0   1   0  1.16 0.56
  294 E    -4  -4  -4  -2  -7   0   8  -5  -4  -5  -6  -2  -6  -1  -5  -4  -4  -6  -5  -6    1   0   0   1   0   4  87   1   0   1   0   2   0   3   0   0   1   0   0   0  2.17 0.88
  295 I    -3  -6  -6  -6  -1  -6  -5  -6  -6   7   1  -6  -1  -2  -6  -2  -3  -6  -4   2    1   0   0   0   1   0   0   0   0  66  11   0   1   1   0   3   1   0   0  14  1.50 0.61
  296 L     0   0  -1  -2  -2   0  -1  -2  -2   0   3  -1   3  -1  -3   0  -1  -4  -2   1   10   4   2   1   1   4   4   2   1   4  32   3  10   1   0   6   4   0   1   8  0.22 0.20
  297 V    -2  -5  -4  -4  -4  -5  -5  -5  -4   4   0  -5   4  -2  -5  -4  -1  -5  -1   5    2   0   0   1   0   0   0   0   0  23   7   0  10   1   0   0   4   0   2  46  1.01 0.48
  298 M    -4  -4  -6  -6  -5  -1  -6  -4  -1   0   2  -5  10  -2  -5  -3  -4  -5  -5  -2    1   1   0   0   0   3   0   1   2   3  18   0  66   1   0   2   1   0   0   1  2.11 0.84
  299 K    -2   5  -2  -3  -2   1  -2  -4  -1  -5  -5   6  -4  -6  -4   1  -3  -6  -4  -5    2  28   1   1   1   5   1   1   1   0   0  44   0   0   0  13   1   0   0   0  1.16 0.56
  300 E    -2   0   0   3  -2   3   4  -2  -1  -3  -2   0   1  -5  -3   0   0  -5  -3  -3    3   3   3  16   1  17  25   3   1   1   3   6   5   0   0   5   7   0   1   1  0.48 0.32
  301 L    -2  -3   3  -3   6  -1  -3  -3  -1  -2   0   0   0  -1  -3   3  -1  -4   3  -3    2   0  16   0  16   2   0   1   1   3  10   6   2   3   1  22   3   0  10   1  0.50 0.35
  302 K    -2   4   1   1  -5   3  -1  -4   3  -4  -5   4  -3  -5  -3   0  -2  -5  -4  -4    2  21   6   8   0  13   1   0   6   1   0  31   0   0   1   6   2   0   0   1  0.74 0.41
  303 N    -5  -4   4  -4  -4  -2  -4  -5  10  -7  -7  -2  -6  -3  -6   2  -5  -6  -2  -7    0   0  17   1   0   1   0   0  61   0   0   2   0   1   0  15   0   0   1   0  2.28 0.87
  304 P    -1  -2  -2  -1  -5  -1   1  -3  -2  -5  -5   1  -5  -6   7  -2  -3  -6  -5  -4    4   2   2   4   0   3  10   2   1   0   1   7   0   0  59   2   1   0   0   1  1.47 0.63
  305 N    -2  -4   8  -3  -2  -3  -4  -4   0  -7  -7  -4  -6   0  -6  -2  -3  -4   2  -6    4   0  77   0   1   1   0   1   2   0   0   0   0   4   0   2   1   0   6   0  2.06 0.83
  306 I    -5  -6  -7  -7  -5  -6  -6  -7  -7   7   1  -6  -1  -4  -6  -6  -3  -6  -5   4    0   0   0   0   0   0   0   0   0  63  12   0   1   0   0   0   1   0   0  23  1.69 0.67
  307 V    -2  -5  -6  -6   0  -5  -6  -6  -6   2  -3  -2  -3  -2  -6  -5   1  -6  -5   7    2   1   0   0   2   0   0   0   0   8   1   2   0   1   0   0   8   0   0  74  1.56 0.68
  308 N    -3   1   6  -1  -4   0   2  -2  -1  -5  -5   3  -4  -3  -4  -1   1  -6  -3  -5    1   7  42   2   0   4  11   3   1   0   0  15   0   1   0   4   8   0   1   0  0.89 0.47
  309 F    -3  -5  -5  -6   1  -4  -5  -6  -1  -3  -2  -2   3   5  -6  -2  -4   0   8  -4    2   0   0   0   3   0   0   0   1   1   3   2   8  25   0   3   1   1  49   1  1.66 0.68
  310 L    -3  -2  -2  -5   0  -4  -4  -5   1   3   4  -2   0   2  -5  -3  -3  -3   4   0    1   2   2   0   2   0   1   0   4  19  36   2   1   6   0   1   0   0  16   5  0.65 0.35
  311 D    -1  -3   1   6  -6  -2   3   2  -3  -6  -6  -1  -5  -5  -4  -1  -3  -6  -5  -6    5   1   6  46   0   1  16  16   0   0   0   3   0   0   0   4   1   0   0   0  1.05 0.50
  312 S     1  -4  -2  -4   3  -4  -4  -3  -3  -5  -5  -4  -5  -6  -5   7   0  -6  -5  -3   11   0   1   0   6   0   0   1   1   0   1   0   0   0   0  73   4   0   0   1  1.53 0.74
  313 Y    -4  -5  -6  -6  -2  -5  -6  -6   3  -5  -3  -6  -5   5  -6  -5  -5  -1   9  -4    1   0   0   0   1   0   0   0   7   0   2   0   0  24   0   1   0   0  61   1  2.26 0.82
  314 L    -3  -2  -5  -3   0  -4  -4  -6  -5   1   5  -4   1   0  -6  -2  -3  -2  -1  -1    1   2   0   1   2   1   1   0   0   5  67   1   2   4   0   4   1   1   2   3  1.01 0.49
  315 V     0  -1  -2  -4   0  -2  -3  -4   0   0   0   1  -1   0  -4  -3   0   3  -1   5    6   3   2   0   2   1   1   1   3   4   7  11   1   3   0   1   6   5   2  42  0.48 0.33
  316 G    -2   0   3   3  -4   0   1   4   1  -4  -4   1  -4  -2  -2  -1  -2  -5  -4  -5    2   5  16  16   0   4   8  29   3   1   2   8   0   2   1   4   1   0   0   0  0.53 0.31
  317 D    -2   0   2   4  -5   1   2   2  -1  -1  -4   0  -3  -4  -3   0   1  -2  -3  -4    2   5  11  22   0   7  13  13   1   4   0   4   0   0   1   7   8   1   0   0  0.40 0.27
  318 E    -2  -2  -1   3  -3   1   5  -5   1  -5  -5   2  -2  -4  -4   0  -1  -2  -2  -4    2   2   1  19   1   6  38   0   3   0   1  13   1   1   0   6   3   1   1   1  0.79 0.44
  319 L    -4  -5  -6  -6  -2  -2  -6  -6  -2   0   6  -5   1  -2  -6  -5  -2  -5  -2   0    1   0   0   0   1   2   0   0   1   5  77   0   3   1   0   0   3   0   1   4  1.40 0.60
  320 F    -7  -7  -8  -8   0  -7  -7  -7  -7  -2  -2  -7  -4   1  -5  -4  -7  12  -1  -4    0   0   0   0   2   0   0   0   0   2   5   0   0   4   1   1   0  79   1   1  3.78 1.20
  321 V    -2  -2  -6  -6  -3  -5  -5  -6  -6   4   2  -5   0  -3  -5  -4  -3  -5  -4   5    3   2   0   0   0   0   0   0   0  26  19   0   2   0   0   1   0   0   0  45  1.11 0.50
  322 V     0  -5  -5  -5   1  -5  -4  -5  -5   3  -1  -5  -1  -2  -5  -3  -2  -5  -4   6    9   0   0   0   3   0   1   1   0  17   2   0   1   1   0   2   1   0   0  61  1.19 0.53
  323 M    -5  -2  -6  -7  -6  -5  -6  -7  -6  -2   1  -5  10  -4  -6  -4  -2  -6  -5  -4    0   3   0   0   0   0   0   0   0   1  10   0  80   0   0   1   3   0   0   0  2.80 1.00
  324 E    -4  -4  -4   0  -6  -2   8  -5   0  -6  -3  -3  -5  -6  -5  -3  -4  -6  -5  -6    0   0   0   3   0   0  87   0   2   0   3   0   0   0   0   1   0   0   0   0  2.13 0.83
  325 Y    -4  -5  -5  -6   0  -5  -5  -6   1  -4   0  -2  -2   4  -6  -3  -5  -2   8  -4    1   0   0   0   2   0   0   0   3   0   7   3   1  17   0   2   0   0  60   1  1.84 0.70
  326 L    -4  -5  -5  -6   3  -4  -5  -6  -5   0   4  -5   9  -3  -5  -5  -4  -5  -4   0    0   0   0   0   7   0   0   0   0   3  33   0  47   0   0   0   0   0   0   7  1.66 0.66
  327 A     1  -2   0   5  -4   0   4   1  -3  -5  -4  -2  -3  -5  -1   0  -2  -5  -3  -4   10   1   4  31   0   3  26  12   0   0   1   1   0   0   2   5   1   0   1   0  0.69 0.36
  328 G    -1  -5  -4  -4  -2  -4  -4   7  -5  -5  -5  -4   0  -4  -5  -2  -4  -5  -3  -4    4   0   0   0   1   0   1  80   0   0   1   1   3   1   0   2   1   0   1   1  1.79 0.65
  329 G    -3  -5  -4  -5   0  -5  -4   7  -3  -5  -6  -5  -5  -6  -5  -3  -4  -5  -6  -2    1   0   0   0   2   0   1  85   1   1   1   0   0   0   0   1   1   0   0   3  2.02 0.72
  330 S     2  -3  -1  -2   3  -2  -2  -3  -4  -4  -4  -1  -1  -5   1   5   2  -5  -4  -4   19   0   2   2   7   2   1   0   0   0   1   4   1   0   6  43  10   0   0   0  0.74 0.43
  331 L    -1  -5  -5  -2   1  -5  -5  -5  -5  -1   6  -5  -1  -2  -5  -5  -4  -4  -4   0    5   0   0   3   3   0   0   1   0   1  76   0   1   1   0   0   0   0   0   6  1.28 0.55
  332 T     1  -3  -2  -4  -1  -1  -4  -3  -2  -3   0  -3  -2  -2  -4   1   6  -3  -2  -3    9   1   1   0   1   2   0   2   1   1   8   0   0   2   0  11  56   0   1   1  0.95 0.50
  333 D    -3  -4   0   7  -6  -1   1  -3   1  -6  -6  -3  -4  -6  -4  -2  -3  -6  -5  -4    2   1   3  72   0   2   7   2   3   0   1   1   0   0   1   3   1   0   0   1  1.72 0.67
  334 V    -3  -5  -5  -5  -2  -5  -5  -5  -5   5   2  -5   0  -2  -5  -4  -2  -5  -2   5    1   0   0   0   1   0   0   0   0  31  17   0   1   1   0   0   1   0   1  42  1.06 0.45
  335 V    -3  -4  -1  -5  -1  -4  -4  -5  -5   5   2  -4   3  -3  -4  -4  -2  -4  -3   4    1   1   3   0   1   0   0   1   0  30  17   0   7   0   0   1   1   0   1  34  0.86 0.39
  336 T    -1   1  -1   1  -2   0   1  -2  -2  -1  -2   1  -1  -4  -2   1   4  -4  -2  -2    2   9   2   8   0   3   9   2   1   4   4   9   1   0   1  13  27   0   1   2  0.31 0.24
  337 E     0   0   3   0  -2   2   2  -2   3  -3  -3   1  -1  -2   0  -1   0  -3  -1  -2    9   4  16   3   1   8  17   1   8   1   1  11   2   2   5   3   4   0   2   2  0.28 0.21
  338 T    -1   0   3  -2   2  -1  -2   1   0  -1  -1  -1  -1  -1  -2   0   4  -4   0   0    2   5  14   1   4   2   1  10   2   3   4   4   1   2   2   6  28   0   4   6  0.25 0.22
  339 C    -1   3  -1  -2   4   1  -1  -3   1   0  -1   0   0  -2   1  -1   0   0   1   0    2  18   2   2  10   6   3   1   4   7   4   6   2   1   6   5   7   1   5   9  0.18 0.16
  340 M    -4  -4  -5  -5  -2  -4  -5  -5  -3   2   4  -4   7   2  -4  -3  -4   0  -1   0    1   0   0   0   1   0   0   0   0   9  32   1  35   9   1   1   0   1   2   4  1.12 0.49
  341 D     0   0   1   2  -3   0   2  -2  -1  -3  -3   0  -2  -3   0   2   2   2  -2  -2    8   5   8  12   0   3  12   2   1   1   2   3   1   1   3  15  17   3   1   2  0.27 0.21
  342 E    -4  -3  -3  -1  -6   0   7  -5  -4  -4  -4   0  -5  -6  -4  -2  -4  -5  -5  -2    1   1   1   2   0   2  79   1   0   1   2   4   0   0   1   3   1   0   0   3  1.74 0.71
  343 A     0  -1   0   2  -2  -1   1   3   0  -3  -3  -1  -1  -3   2   0   0  -4  -2  -2    8   4   3  11   1   2  12  22   2   1   2   3   1   1  11   8   5   0   1   3  0.28 0.18
  344 Q    -2  -2  -2  -2  -2   7   2  -4   4  -3  -3  -2   0  -3  -4  -1  -3  -4   1  -1    2   1   1   2   1  46  12   0  11   2   2   1   3   1   0   5   1   0   4   4  0.98 0.51
  345 I    -4  -5  -4  -5   0  -5  -5  -3  -5   7  -2  -5   4  -3  -5  -3  -2  -5  -4   0    1   0   1   0   2   0   1   2   0  74   1   0  10   0   0   2   2   0   0   3  1.69 0.64
  346 A     6  -3  -4  -3  -2  -4  -4  -1  -4  -4  -4  -3  -3  -2  -2   1  -3  -5  -4  -1   72   1   0   1   1   0   1   4   0   0   1   1   1   2   2   8   1   0   0   4  1.23 0.56
  347 A     3   0  -2  -3   3  -2  -3  -2  -1   0  -2  -2  -2   0  -3   0   3  -1   3   0   29   6   1   0   6   1   1   2   1   7   2   1   0   3   0   4  18   1  11   5  0.37 0.28
  348 V    -3  -3  -5  -5  -2  -5  -5  -5  -5   5  -1  -5  -1   1  -5  -3  -2  -5  -3   5    1   2   0   0   1   0   0   1   0  34   3   0   1   6   0   2   2   0   0  46  1.14 0.49
  349 C     0  -5  -3  -5   9  -4  -5  -4  -5   0   1  -4  -1  -1  -5   1   0  -5  -3  -1    6   0   1   0  46   0   0   1   0   4  13   0   1   2   0  13   6   0   1   4  1.34 0.53
  350 R    -3   6  -2  -3  -1   2  -2  -4  -1  -3  -1   3  -3  -2  -2  -1  -3  -1  -1  -3    1  46   1   1   2   8   2   1   1   1   6  16   1   2   2   4   1   1   2   1  0.85 0.42
  351 E    -1  -1   0   0   1   2   4  -1   1  -4  -4   0   0  -1  -1   0  -1  -4   0  -2    5   3   3   5   3  11  35   4   3   0   1   3   3   3   3   5   3   0   3   3  0.39 0.26
  352 C     0  -4  -3  -4   5  -3  -4  -1  -4   2   0  -3   2  -3  -4   0   2  -4  -3   3    7   0   0   0  15   0   0   6   0  14   7   0   5   0   0   8  15   0   0  20  0.49 0.29
  353 L    -2  -4  -4  -5   2  -4  -4  -5  -1   0   5  -4   1  -1  -2  -3  -2  -4  -3  -1    3   0   0   0   5   0   0   1   2   3  70   0   2   2   3   2   2   0   0   2  0.87 0.37
  354 Q    -1   2  -1  -1  -1   4   1  -2   1  -3  -2   3  -1  -2  -3  -1   1  -3  -1  -2    3  11   2   2   1  23   6   2   3   0   4  25   2   1   0   3   8   0   1   1  0.41 0.24
  355 A     3  -3  -3  -3  -3  -3  -1   5  -3  -4  -4  -3  -4  -4  -1   0  -1  -4  -4  -2   31   0   0   0   0   0   5  47   0   0   1   0   0   0   3   6   3   0   0   3  0.86 0.36
  356 L    -3  -4  -5  -5  -3  -4  -4  -5  -4   1   5  -1   1  -2  -1  -4  -3  -4  -3   0    1   0   0   0   0   0   0   1   0   8  73   5   3   0   3   1   0   0   0   4  1.03 0.41
  357 E     1  -1   0   3  -1   2   3  -1   1  -3  -3   1  -2  -3  -2   0  -1  -2  -2  -2   14   2   4  16   2   9  20   3   4   1   2   8   1   1   1   7   2   0   1   3  0.28 0.15
  358 F    -3  -2  -3  -4  -2  -2  -3  -3   5  -3  -3  -3  -3   6  -4  -2  -1  -2   6   0    1   2   1   1   1   1   1   1  17   0   1   0   0  33   0   2   5   0  26   6  1.05 0.38
  359 L    -3  -4  -5  -5  -3  -4  -4  -5  -4   1   6  -4   1   1  -4  -3  -3  -3  -3  -1    1   0   0   0   0   0   1   1   0   7  75   0   3   6   0   2   0   0   0   2  1.10 0.39
  360 H    -4  -3  -1  -1  -5  -3  -3  -1  10  -5  -2  -4  -4  -4  -5  -4  -4  -5  -2  -5    1   0   2   3   0   0   1   5  79   0   5   0   0   0   0   1   0   0   0   1  2.46 0.68
  361 A     1   1   0   0  -2   0   0  -1  -1  -3  -3   1  -2  -2  -2   4   0   3  -2  -2    9   6   2   4   1   4   4   4   1   1   2   7   0   1   1  44   2   4   1   1  0.41 0.24
  362 N    -2   2   4  -1  -2   3   0   0   3  -2  -1   2   0  -2  -3  -1  -2  -2  -2  -3    1   9  26   1   1  13   5   6   8   2   7  11   3   2   1   2   1   0   0   1  0.35 0.20
  363 Q    -2   1   2   0  -2   1   0   3   4  -3  -3   0  -3  -3  -2   0  -2  -2  -1  -2    1   9  12   3   1   8   5  27  12   1   3   5   0   1   1   5   1   0   1   3  0.35 0.17
  364 V    -2   2  -3  -4  -2  -2  -3  -4  -3   4   0   1   1  -2  -3  -3  -2  -4  -3   4    1  11   1   1   1   1   1   1   0  27   6   9   2   1   1   1   1   0   0  34  0.52 0.25
  365 I    -3   0  -4  -4  -3  -4  -4  -1  -4   7   0  -4   0  -2  -4  -4  -2  -4  -3   1    1   5   0   1   0   0   1   5   0  70   6   1   1   0   1   1   2   0   0   5  1.13 0.40
  366 H    -4  -3  -2  -4  -5  -2  -3  -1  10  -5  -5  -3  -4  -1  -4  -3  -4  -4  -1  -5    1   1   0   1   0   1   1   5  82   1   1   1   0   3   1   1   1   0   1   1  2.59 0.68
  367 R    -4   8  -1  -4  -2   0  -3  -5  -3  -5  -5  -1  -4  -5  -4  -3  -4  -5  -4  -5    1  86   3   0   1   3   0   1   0   0   1   1   0   0   0   1   0   0   0   0  2.02 0.61
  368 D    -3  -4  -1   7  -5  -3  -1   1  -2  -5  -5  -1  -5  -5  -1  -3  -3  -5  -5  -5    2   0   2  76   0   0   0   9   1   0   1   3   0   0   3   1   0   0   0   0  1.63 0.52
  369 I    -3  -4  -4  -4  -3  -4  -4  -5  -4   6   1  -4   0  -2  -4  -4   0  -4  -3   3    1   1   0   1   0   0   1   1   0  61   9   1   1   0   1   1   4   0   0  17  1.07 0.37
  370 K    -3   1  -3  -3  -5  -1  -2  -4   2  -4  -4   7  -3  -4  -1  -3  -2  -4   1  -4    1   4   0   1   0   1   1   1   4   1   1  74   0   0   3   1   2   0   5   1  1.35 0.48
  371 S     0  -1  -2  -3  -1  -3  -3  -1  -3  -4  -4  -3  -4  -4  -2   6   1  -5  -4  -4    7   4   0   0   1   0   1   3   0   0   1   0   0   0   1  74   5   0   0   1  1.18 0.48
  372 D    -1  -3   1   6   2   1  -1  -1  -2  -4  -4  -2  -4  -4  -3   1  -3  -3  -3  -4    6   1   5  55   4   8   1   4   1   1   1   1   0   1   0   9   0   0   1   1  0.94 0.36
  373 N    -3  -3   8   0  -2   0  -3  -3  -1  -5  -5  -3  -4  -5  -4   1   0  -5  -4  -5    1   0  70   3   1   5   1   1   1   0   1   0   0   0   0  10   4   0   0   1  1.52 0.51
  374 V    -3  -4  -4  -4  -1  -4  -4  -4  -4   5   0  -4   0  -1  -4  -1  -2  -4  -3   4    1   0   0   1   1   0   1   1   0  45   3   1   2   2   0   5   1   0   0  35  0.92 0.35
  375 L    -3  -4  -4  -5  -3  -4  -4  -5  -4   0   6  -4   0   0  -4  -4   0  -3  -3  -1    1   0   0   1   0   0   1   1   0   2  79   1   1   3   0   1   5   0   0   3  1.15 0.41
  376 L    -3  -4  -4  -5  -3  -4  -4  -5  -4   1   5  -4   1   1  -4  -4  -2  -3  -3   1    1   0   0   1   0   0   1   1   0   5  73   1   2   4   0   1   1   0   0   7  1.03 0.37
  377 G     0   0   2   2  -3  -2  -1   3  -2  -3  -3  -1  -2  -2  -1   2   0  -3  -3  -3    4   6   9  11   0   1   2  27   0   1   1   2   1   2   3  21   6   0   0   1  0.36 0.18
  378 M     1   0  -1  -1   0   1   0  -2   0  -1   1   0   4  -1  -2   1   1  -2  -2  -1   14   5   2   2   2   6   6   2   3   1  11   4  19   2   1   9  10   0   1   2  0.15 0.15
  379 E    -2   0   2   5  -4   2   1  -2   0  -3  -3   0  -2  -3  -3   0  -1  -4  -2  -3    2   6  10  38   0  12   7   2   2   1   2   5   1   1   1   4   3   0   1   1  0.57 0.24
  380 G    -2  -2  -3  -3  -2  -3  -4   7  -4  -4  -4  -3  -4  -3  -4  -2  -3  -4  -4  -4    2   2   1   1   1   1   1  83   0   1   2   1   0   1   1   1   1   0   0   2  1.66 0.47
  381 S     0   2   1   1  -2   1   2  -2   2  -3  -3   0  -2  -3  -2   3   0  -3  -2  -2    4  14   6   9   1   6  13   1   6   1   1   2   1   1   1  26   4   0   0   2  0.30 0.17
  382 V    -1   0  -4  -4  -1  -3  -4  -4  -4   3  -1  -3   0  -1  -4  -2  -2  -4  -3   6    3   6   0   1   1   0   1   1   0  17   1   1   1   2   1   2   1   0   0  61  0.82 0.33
  383 K    -3   0  -2  -3  -4  -1  -2  -3  -3  -4  -3   7  -3  -4  -2  -1  -3  -4  -4  -4    1   3   1   1   0   0   1   1   0   1   2  83   0   0   1   4   1   0   0   1  1.52 0.50
  384 L    -2   0  -4  -4  -3  -3  -3  -4  -4   3   5  -3   0  -1  -3  -2  -2  -3  -3   1    2   6   1   1   0   0   1   1   0  17  59   1   1   0   1   3   1   0   0   5  0.68 0.28
  385 T     4  -3   1  -3  -3  -2  -2  -1  -3  -2  -3  -2  -3  -4  -3   2   4  -4  -3  -2   36   0   5   0   0   0   0   2   0   2   1   1   0   0   0  15  35   0   0   0  0.68 0.33
  386 D    -4  -3   0   8  -5  -3  -1  -2  -4  -5  -5  -3  -5  -5  -4   0  -2  -6  -5  -5    0   1   2  83   0   0   0   3   0   0   1   0   0   0   0   6   1   0   0   0  1.83 0.55
  387 F    -5  -5  -5  -5  -5  -5  -1  -5  -4  -2  -2  -5  -2   9  -6  -4  -5  -1   0  -4    0   0   0   0   0   0   5   0   0   1   1   0   1  87   0   1   0   1   1   0  2.20 0.63
  388 G    -2  -4  -3  -2  -5  -4  -3   7  -4  -5  -5  -4  -2  -5  -4   0  -4  -5  -5  -4    0   1   0   2   0   0   1  85   0   0   0   0   1   0   0   7   0   0   0   1  1.77 0.53
  389 F    -4  -4  -4  -5  -3  -3  -4  -5   3  -2   1  -4  -2   7  -3  -3  -2  -2   3   1    0   0   0   0   1   1   0   0   7   0  13   0   0  54   1   1   2   0   9   9  1.12 0.40
  390 C     1  -5  -4  -5  10  -4  -5  -3  -5  -3  -1  -5  -3   0  -5   1  -2  -4  -1  -2   10   0   0   0  61   0   0   1   0   0   7   0   0   4   0   9   1   0   2   2  1.77 0.53
  391 A     6  -4  -3  -4  -2  -3  -3   1  -4  -3  -3  -2  -3  -4  -3  -1   1  -5  -4  -1   73   0   0   0   1   0   0   8   0   1   1   2   0   0   0   1   8   0   0   3  1.05 0.44
  392 Q    -3   0  -1  -3  -5   7   0  -3   1  -4  -3   2  -3  -4  -3  -2  -2  -1  -3  -3    1   4   3   0   0  65   2   1   3   1   3  10   0   0   1   1   2   1   0   2  1.28 0.50
  393 I    -3  -4  -5  -5  -3   0  -4  -5  -4   4   4  -4   0  -1  -4  -4  -2  -4  -3   1    0   0   0   0   0   5   0   0   0  26  54   0   1   1   1   0   1   0   0   8  0.83 0.33
  394 T    -1  -2   2  -2  -3  -1  -1  -2  -3  -2  -3  -2  -2  -3   1   3   5  -4  -3  -2    3   1  10   1   0   2   2   2   0   1   1   1   1   1   6  24  41   0   0   1  0.62 0.32
  395 P     0  -1   1   2  -4   0   2  -2  -2  -4  -3   1  -3   0   5   0  -1  -4  -3  -3    6   3   6  12   0   4  13   3   1   0   1   9   0   5  28   5   3   0   0   1  0.51 0.23
  396 E    -1  -1   0   2  -3   2   5  -1  -1  -3  -3   0  -3  -4  -2   0   1  -3  -3  -2    5   2   3  10   0   9  40   3   1   1   2   4   0   0   1   6   9   0   1   2  0.52 0.27
  397 Q    -2   2   0  -1   2   4   1  -2   2  -2  -2   2   1  -2  -3  -1  -1  -3  -2   0    2  11   3   2   6  27   6   3   6   1   3  13   4   1   0   3   3   0   0   7  0.36 0.24
  398 S     1  -1   2   0  -3   0  -1  -1  -2  -3  -2  -1  -2  -4   2   4   0  -4  -4  -3    8   3   8   4   0   3   3   3   0   1   4   4   1   0  12  41   3   0   0   1  0.47 0.28
  399 K    -1   3  -2  -3  -1   1  -1  -4  -2  -5  -4   6  -2  -4  -4  -3  -1  -5  -3  -4    5  14   1   0   2   5   1   1   1   0   1  62   1   1   0   0   4   0   1   1  1.15 0.48
  400 R    -4   8  -3  -5  -1   1  -3  -4  -4  -6  -3   0  -3  -6   0  -4  -4  -1  -5  -5    0  80   1   0   1   6   0   1   0   0   2   2   1   0   5   0   0   1   0   0  1.85 0.65
  401 S     1   1   3  -1   1   1  -2  -2   0  -3  -3   1  -1  -4  -3   3   2  -3  -3  -2    9   8  15   2   3   5   1   1   2   1   1  10   1   0   0  26  15   0   0   1  0.39 0.26
  402 T    -3  -4  -3  -3  -4  -3  -3  -4  -4  -4  -1  -4  -3  -5  -4   4   6  -6  -5  -2    0   0   0   1   0   0   1   1   0   0   5   0   0   0   0  35  55   0   0   2  1.30 0.58
  403 M    -3  -2  -5  -6  -1  -3  -5  -5  -5   1   2  -4   8   2  -5  -3   0  -4  -3   3    0   3   0   0   1   1   0   0   0   5  15   0  41   8   0   1   5   0   0  20  1.00 0.45
  404 V     0  -5  -5  -6  -1  -5  -5  -5  -4   2   0  -5  -2  -2  -3  -4  -2  -5  -4   6    9   0   0   0   1   0   0   0   0   8   6   0   0   1   1   0   1   0   0  72  1.25 0.50
  405 G    -3  -3  -4  -5   0  -5  -4   7  -5  -7  -6  -5  -6  -6  -5  -2  -4  -6  -6  -6    1   2   0   0   2   0   1  91   0   0   0   0   0   0   0   3   0   0   0   0  2.15 0.67
  406 T    -3  -4  -2  -4  -4  -4  -4  -5  -5  -3  -4  -3   1  -5  -4   0   7  -5  -5  -3    1   0   1   0   0   0   0   0   0   1   0   1   4   0   0   3  88   0   0   0  1.89 0.68
  407 P    -2  -4  -5  -4  -5  -4  -4  -5  -3  -4  -3  -4  -5  -6   8   0  -1  -6  -4  -2    3   0   0   0   0   0   0   0   1   0   2   0   0   0  79   7   3   0   1   2  2.20 0.65
  408 Y    -4  -4  -4  -5   1  -4  -5  -1   2  -4  -4  -5  -4   3  -5  -1  -4   2   9  -4    1   0   0   0   3   0   0   6   4   0   0   0   0   9   0   5   0   3  68   0  1.81 0.59
  409 W    -6  -6  -7  -7  -2  -6  -6  -6  -6  -6  -3  -6  -5   1  -7  -6  -6  12   0  -6    0   0   0   0   1   0   0   0   0   0   2   0   0   5   0   0   0  88   2   0  4.09 0.97
  410 M    -4  -5  -5  -6  -5  -4  -5  -6  -5  -1  -1  -5  10  -4  -6  -3  -3  -5  -4   0    1   0   0   0   0   0   0   0   0   1   2   0  87   0   0   2   1   0   0   4  2.65 0.81
  411 A     6  -4  -4  -4  -3  -4  -3  -3  -4  -4  -4  -3  -4  -5  -3   0  -1  -5  -4   0   84   0   0   0   0   0   1   0   0   0   0   0   0   0   1   6   2   0   0   5  1.43 0.55
  412 P    -3  -5  -5  -5  -6  -5  -4  -5  -5  -5  -6  -4  -6  -7   9  -3  -4  -7  -6  -6    1   0   0   0   0   0   0   0   0   1   1   0   0   0  94   2   0   0   0   0  2.96 0.80
  413 E    -4  -3  -4  -2  -7  -1   8  -5  -3  -6  -6  -2  -5  -2  -4  -3  -4  -6  -5  -5    0   0   0   0   0   1  95   0   0   0   0   0   0   2   0   0   0   0   0   1  2.17 0.72
  414 V    -3  -5  -5  -5  -3  -4  -5  -5  -5   2   1  -5   2  -2  -5  -2  -2  -5  -2   6    0   0   0   0   0   0   0   0   0  10  11   0   5   0   0   2   0   0   1  69  1.18 0.45
  415 V    -2  -5  -5  -5  -3  -4  -5  -5  -5   5   0  -4   0  -1  -5  -1  -3  -5  -3   5    2   0   0   0   0   0   0   0   0  32   6   1   2   2   0   4   0   0   0  49  1.00 0.40
  416 T     0   3   1   0  -2   1  -1  -2  -2  -3  -3   3  -2  -4  -3   1   3  -4  -2  -3    5  18   7   5   0   5   1   1   0   1   1  20   0   0   0  11  23   0   1   0  0.44 0.26
  417 R    -2   5  -1  -3  -2   3   0   3  -1  -5  -4   1  -2  -4  -4  -1  -3   0  -3  -4    1  36   1   1   1  15   4  26   1   0   1   6   1   0   0   3   1   1   1   1  0.76 0.34
  418 K    -1   0   1   0  -3   3   1  -3  -1  -1  -1   4  -1  -4  -3   0  -1  -4  -3  -2    3   2   7   4   0  17   8   0   1   3   7  32   1   0   1   8   2   0   0   2  0.41 0.24
  419 A     1   0  -1   0  -3   1   2  -1   0  -1  -3   0  -3  -4   5  -1  -2  -4  -2  -3   16   4   3   4   0   6  17   4   2   5   2   5   0   0  27   3   1   0   1   0  0.47 0.23
  420 Y    -5  -5  -5  -6  -2  -5  -5  -1  -1  -5  -4  -5  -4  -1  -6  -5  -5  -1  10  -5    0   0   0   0   1   0   0   4   1   0   0   0   0   0   0   0   0   0  90   0  2.75 0.80
  421 G    -2  -4   1   4  -4  -4  -3   6  -4  -5  -5  -3  -5  -5  -4  -1  -2  -5  -5  -5    1   0   5  21   0   0   0  64   0   0   0   1   0   0   0   4   2   0   0   0  1.34 0.46
  422 P     1  -1  -2  -3   0  -1  -2  -2   0  -3  -4  -1  -3  -1   6   0   2  -4   0  -2   11   4   2   1   2   2   2   2   2   1   0   3   0   3  38   5  16   0   4   2  0.70 0.30
  423 K    -3   0  -2  -3  -6  -1   1  -4  -4  -5  -4   7  -4  -6  -3  -1  -3  -6  -5  -4    1   2   1   0   0   1   9   1   0   0   1  78   0   0   1   5   1   0   0   1  1.54 0.58
  424 V     1  -5  -5  -6  -2  -5  -5  -4  -6   1   0  -5  -2  -4  -5  -4  -2  -5  -4   6   12   0   0   0   0   0   0   1   0   5   6   0   0   0   0   0   1   0   0  73  1.28 0.51
  425 D    -5  -5  -2   8  -7  -4  -2  -5  -4  -6  -7  -4  -6  -2  -5  -3  -4  -7  -6  -6    0   0   0  96   0   0   0   0   0   0   0   0   0   2   0   0   0   0   0   0  2.47 0.72
  426 I    -4  -5  -5  -6  -3  -5  -5  -3  -6   7  -1  -5   0  -3  -5  -4  -2  -5  -4   3    0   0   0   0   0   0   0   2   0  73   1   0   2   0   0   0   1   0   0  17  1.45 0.51
  427 W    -6  -2  -7  -7  -6  -5  -6  -6  -6  -6  -5  -6  -5  -3  -7  -1  -6  13  -2  -6    0   2   0   0   0   0   0   0   0   0   0   0   0   0   0   5   0  91   0   0  4.20 0.98
  428 S     0  -4  -2  -3  -4  -3  -3  -3  -4  -5  -4  -3  -4  -5  -4   7  -2  -6  -5  -5    4   0   0   0   0   0   0   0   0   0   1   0   0   0   0  91   0   0   0   0  1.73 0.67
  429 L    -4  -5  -6  -6  -4  -5  -5  -6  -5  -1   6  -5   1   2  -5  -5  -2  -4  -2  -1    0   0   0   0   0   0   0   0   0   1  80   0   2   9   0   0   2   0   0   3  1.25 0.47
  430 G    -2  -5  -3  -4  -5  -5  -4   7  -5  -6  -6  -4  -5  -6   0  -2  -4  -5  -6  -6    1   0   0   0   0   0   1  89   0   0   0   0   0   0   4   1   0   0   0   0  1.98 0.61
  431 I    -4  -6  -6  -6  -4  -5  -6  -6  -6   8   0  -5  -1  -3  -5  -5  -3  -5  -4   1    0   0   0   0   0   0   0   0   0  84   5   0   0   0   0   0   0   0   0   7  1.75 0.58
  432 M    -3  -4  -4  -5  -4  -4  -4  -5  -5  -1   1  -4   8  -2  -5  -3   2  -4  -4   3    1   0   0   0   0   0   0   0   0   1   9   0  50   1   0   1  15   0   0  19  1.27 0.52
  433 A     4  -3  -3  -3   1  -3  -3   1  -4   0  -1  -1   0  -3  -3  -1   0  -4  -3   2   44   0   0   1   3   0   0  12   0   6   6   4   2   0   0   1   4   0   0  15  0.41 0.27
  434 I    -4  -3  -5  -5  -4  -4  -5  -6  -4   7   2  -5   2  -2  -5  -5  -2  -3  -2   0    0   1   0   0   0   0   0   0   0  68  17   0   5   0   0   0   1   0   1   2  1.24 0.46
  435 E    -4  -3  -3  -1  -7  -1   8  -5  -2  -6  -6  -2  -5  -6  -4  -3  -4  -6  -5  -5    0   0   0   1   0   1  93   0   0   0   0   1   0   0   0   0   0   0   0   0  2.11 0.71
  436 M    -4  -5  -6  -7   1  -4  -6  -6  -5   0   1  -5  10  -3  -6  -5  -4  -5  -4  -3    0   0   0   0   3   0   0   0   0   5   7   0  83   0   0   0   0   0   0   0  2.54 0.78
  437 V     2  -4  -4  -5  -3  -4  -4  -4  -4   3   1  -4   0  -2  -4  -2  -2   3  -3   4   22   0   0   0   0   0   0   0   0  22  10   0   1   1   0   1   1   4   0  38  0.67 0.32
  438 E    -3  -3  -1   4  -6   2   6  -4  -3  -5  -5   0  -3  -6  -4  -2  -3  -6  -5  -5    0   0   2  25   0   8  57   0   0   0   0   5   0   0   0   1   1   0   0   0  1.29 0.49
  439 G    -2   0   0  -4  -5  -1  -4   7  -3  -6  -5  -2  -4  -6  -5  -1  -4  -1  -5  -6    2   5   3   0   0   3   0  79   0   0   1   2   0   0   0   3   0   1   0   0  1.56 0.51
  440 E    -2  -3  -2   0  -6   0   7  -3  -2  -5  -4   0  -4   0  -4  -2  -3  -5  -4  -3    2   0   1   3   0   2  75   1   0   0   1   4   0   5   0   2   0   0   0   2  1.35 0.52
  441 P    -1  -5  -5  -5  -5  -4  -4  -5  -5  -4  -4  -1  -5  -6   8  -4  -3  -6  -6   0    4   0   0   0   0   0   0   0   0   0   2   5   0   0  81   0   1   0   0   6  2.28 0.66
  442 P    -1  -5  -5  -5  -6  -4  -4  -5  -5  -6  -6  -4  -6  -7   8  -3  -4  -7  -6  -5    5   0   0   0   0   0   1   0   0   0   0   0   0   0  91   1   0   0   0   0  2.80 0.76
  443 Y    -1  -3  -2  -6  -2  -4  -5  -5   2  -4  -1  -5  -3   2  -6  -4  -4   0   9  -4    5   1   2   0   1   0   0   0   3   0   5   0   0   4   0   0   0   1  75   0  1.99 0.63
  444 L    -1  -3  -3  -4  -1  -1  -3  -3  -3   0   4  -3   3   4  -4  -1  -2   4  -1  -1    5   1   0   0   1   3   0   1   0   4  43   0   8  17   0   6   0   5   1   2  0.52 0.26
  445 N    -3   0   5   3  -4  -1   1  -2   1  -4  -4   0  -1  -4  -3   1   1  -1  -2  -4    0   4  37  20   0   2   8   1   3   0   1   3   2   0   0   8   7   1   1   0  0.70 0.32
  446 E    -2  -3  -3   0  -5   1   6  -4  -1  -2   0  -1  -1  -1  -4  -1  -3  -4   0  -2    1   0   0   3   0   4  61   1   1   2   9   2   1   2   0   4   1   0   3   3  0.87 0.41
  447 N     0  -2   3   0  -4   0   1  -3   3  -3  -2  -2  -3  -4   3   1   2  -4  -3  -3    5   1  15   5   0   4   8   0  10   1   5   1   0   0  18   8  18   0   0   0  0.43 0.24
  448 P    -2  -3  -5  -4  -5  -2  -4  -4  -3  -5  -6  -4  -3  -6   8  -1  -3  -6  -1  -5    2   2   0   0   0   2   0   1   1   0   0   0   1   0  81   6   1   0   2   1  2.31 0.69
  449 L    -1  -3  -4  -3  -3  -3  -4  -4  -2   1   4  -4   4   0  -4  -2  -1  -4  -3   1    4   1   0   1   0   1   0   1   1   5  55   0  11   4   0   4   2   0   0  10  0.67 0.32
  450 R    -3   6  -2  -3  -5   3  -1  -4  -2  -4  -3   4   0  -3  -4  -1  -2  -1  -4  -4    0  46   1   0   0  12   1   0   1   0   3  24   3   1   0   4   2   1   0   0  1.02 0.43
  451 A     6  -4  -4  -3  -3  -4  -4  -3  -3  -2  -4  -4  -3  -5   0  -2  -2  -5  -4   2   78   0   0   1   0   0   0   0   0   1   0   0   0   0   5   0   1   0   0  12  1.29 0.54
  452 L    -3  -1  -3  -5  -3   1  -3  -4  -4   1   5  -1   5  -1  -4  -3  -3  -4  -3  -1    0   3   1   0   0   7   1   1   0   6  56   3  15   2   0   1   0   0   0   1  0.80 0.37
  453 Y    -3   0  -3  -2  -2  -2  -2  -5   0  -2   0   0  -2   5  -5  -4  -3   3   7  -3    1   5   1   2   1   2   3   0   2   1   8   7   0  21   0   0   1   3  41   0  0.96 0.40
  454 L    -3   0  -4  -5  -3  -2  -4  -5  -3   0   5  -3   5  -2  -5  -4  -3  -4  -2  -2    1   6   1   0   0   1   0   0   1   2  68   2  13   1   0   0   1   0   1   1  1.08 0.44
  455 I    -4  -4  -6  -6  -3  -3  -6  -6  -6   8   0  -5  -1  -3  -5  -5  -2  -5  -4   0    0   1   0   0   0   1   0   0   0  87   5   0   0   0   0   0   2   0   0   1  1.90 0.62
  456 A     5   2  -3  -3  -3  -1  -1  -2  -3  -3  -3  -2  -3  -4   2  -1   1  -5  -4  -1   54  12   0   1   0   2   2   2   0   0   2   1   0   0   9   3   7   0   0   3  0.68 0.37
  457 T    -1   0  -2   2  -4   1  -2  -4  -4  -1  -2   1  -2  -4  -4   1   5  -5  -4  -2    3   5   1  10   0   6   2   0   0   3   2   9   1   0   0   9  49   0   0   1  0.70 0.38
  458 N    -3   0   6  -1  -3   1   0   0   0  -4  -4   1   0  -5  -4   0  -1  -5  -3  -3    1   5  49   2   0   6   6   6   2   1   1   9   3   0   0   5   2   0   1   1  0.84 0.39
  459 G    -2  -2  -1  -2  -5  -3  -2   6  -3  -5  -3  -1  -4  -4   3  -3  -4  -3  -4  -3    2   2   3   1   0   1   3  66   1   0   2   3   0   0  13   0   0   0   0   2  1.23 0.47
  460 T     0   1  -3  -4  -2  -2  -2  -4  -3   0  -2   1  -2  -4   4  -1   4  -5  -4  -1    7   6   0   0   1   1   2   0   0   5   3  11   0   0  23   3  34   0   0   4  0.64 0.35
  461 P    -4  -4  -6  -6  -7  -5  -5  -6  -6  -7  -4  -5  -5  -6   9  -4  -5  -8  -7  -6    1   1   0   0   0   0   0   0   0   0   2   0   0   0  95   0   0   0   0   0  3.11 0.91
  462 E    -1   1  -1   1  -4   2   3  -2   0  -4  -4   3  -2  -5   1   0   2  -5  -3  -2    3   6   1   7   0   7  20   2   2   0   0  24   1   0   6   5  12   0   0   3  0.43 0.25
  463 L    -4  -5  -6  -6  -2  -5  -6  -6  -5   3   5  -5   0   2  -3  -4  -2  -4  -2   0    0   0   0   0   1   0   0   0   0  14  69   0   0   7   2   0   2   0   1   4  1.15 0.45
  464 Q    -2   2   0  -3  -4   4   0  -4   1  -5  -5   5  -2  -5  -1  -1  -1  -4  -4  -4    3  11   4   0   0  24   5   0   3   0   0  40   1   0   3   2   3   0   0   0  0.88 0.42
  465 N    -3  -1   5   2  -4   3   2   0   2  -5  -5   1  -3  -4  -1   0  -1  -5  -3  -4    1   2  30  13   0  13  12   6   5   0   0   7   0   1   2   4   4   0   0   0  0.61 0.31
  466 P     0  -1  -2  -3  -4  -2  -1  -4  -2  -3  -2   0  -3  -4   7  -1  -1   2  -3  -2    7   4   2   0   0   1   4   1   1   1   5   6   0   0  53   4   3   3   1   3  1.14 0.43
  467 E     0   1   1   3  -4   0   4  -1   3  -4  -4   1  -3  -4  -2   0  -2  -2  -3  -3    7   7   6  14   0   2  34   4   9   0   1   6   1   1   1   5   1   1   0   1  0.52 0.27
  468 K    -1   2   2  -2  -4   2  -1  -2   1  -3   0   4  -2  -3  -3   0  -1  -5  -3  -3    4  13  11   1   0   8   2   2   3   0   9  33   1   1   0   8   3   0   0   0  0.46 0.28
  469 L    -2  -3  -5  -5  -2  -3  -5  -5   1   1   4  -5   1   2  -3  -4  -3   7   0   1    2   1   0   0   1   1   0   0   4   5  43   0   3   9   1   1   0  15   3  10  0.83 0.37
  470 S    -3  -4  -3  -3  -4  -4  -4  -3  -4  -6  -4  -4  -5  -6  -2   7  -1  -7  -6  -5    0   0   0   1   0   0   0   1   0   0   2   0   0   0   1  91   3   0   0   0  1.99 0.80
  471 P     1   0  -1   0  -3  -1   0  -2  -3  -3  -2   1  -3  -4   5   1   1  -5  -3  -2   12   5   2   5   0   2   5   2   0   1   3  10   0   0  33   9   7   0   1   2  0.58 0.29
  472 I    -1  -1  -1   1   0   0   2  -2  -1   0   1  -2  -1  -2  -1   0   0   0  -2   2    5   3   2   8   3   3  20   3   1   4  13   1   0   1   3   5   4   2   1  19  0.13 0.14
  473 F    -4  -6  -7  -7  -4  -5  -6  -6  -5  -1   5  -6   0   7  -6  -6  -4  -4  -2  -3    1   0   0   0   0   0   0   0   0   2  48   0   1  46   0   0   0   0   0   0  1.63 0.60
  474 R    -2   5   0  -3   2   2  -2  -4   2  -2  -2   4  -2  -5  -4  -2  -2  -3  -3  -3    3  32   5   0   5  10   1   1   6   2   5  25   1   0   0   1   1   0   0   2  0.70 0.36
  475 D    -2  -2   1   7  -5  -2   1  -1   2  -6  -5  -2  -6  -6  -5   1  -3  -7  -5  -6    2   2   5  58   0   1   7   5   5   0   1   1   0   0   0  12   1   0   0   0  1.25 0.52
  476 F    -7  -7  -7  -8  -7  -7  -7  -7  -4  -4  -3  -7  -2   9  -8  -6  -6  -2   1  -5    0   0   0   0   0   0   0   0   0   0   1   0   1  94   0   0   0   0   2   0  3.03 0.91
  477 L    -4  -6  -7  -7  -4  -6  -6  -7  -6   1   6  -6   0  -2  -6  -6  -4  -5  -3   2    0   0   0   0   0   0   0   0   0   6  80   0   1   0   0   0   0   0   1  11  1.53 0.58
  478 N     1   0   3   3  -1   1   1  -1   1  -4  -4   0  -4  -4  -3   2  -2  -3  -1  -4   11   4  15  18   1   6  10   5   3   0   1   5   0   0   0  18   1   0   2   0  0.40 0.25
  479 R    -1   4  -3  -3   6   1  -1  -4   0  -3  -1   2  -1  -2  -4   0  -2   0  -3  -1    6  25   0   0  20   8   2   0   2   1   7  12   1   2   0   6   1   1   0   5  0.59 0.32
  480 C    -1  -7  -7  -7  11  -7  -7  -7  -7  -4  -3  -7   3  -6  -7  -2  -2  -7  -4  -4    6   0   0   0  77   0   0   0   0   1   2   0   7   0   0   3   2   0   0   1  2.97 0.88
  481 L    -5  -6  -7  -7  -3  -6  -6  -7  -6  -2   7  -6  -1  -2  -6  -6  -1  -5  -3  -2    0   0   0   0   0   0   0   0   0   1  93   0   0   1   0   0   4   0   0   1  1.87 0.68
  482 E    -2  -2   1  -1   4   4   4  -4  -1  -2  -3   0  -2  -4  -4  -2   1  -5  -4   1    3   1   7   2   8  20  26   0   1   2   1   4   1   0   0   1  10   0   0  13  0.54 0.34
  483 M    -2   3  -4  -4  -4  -2  -2  -5  -2   0  -1   2   4  -2  -1  -3   1  -5  -2   4    3  15   0   0   0   1   2   0   1   3   4  15  13   1   3   0   7   0   1  32  0.50 0.32
  484 D    -5  -4   4   7  -6  -2   1  -4  -4  -6  -6  -1  -6  -7  -5  -3  -4  -7  -6  -6    0   1  16  68   0   1   8   0   0   0   0   3   0   0   0   1   0   0   0   0  1.81 0.66
  485 V     0  -5  -5  -3  -5  -2   2  -5  -5  -2  -4  -4  -4  -3   6  -1  -2  -6  -5   4    9   0   0   1   0   2  13   0   0   2   0   0   0   1  38   3   2   0   0  29  1.04 0.48
  486 E     1   0   0   3  -5   1   4  -3  -1  -4  -3   1  -3  -4  -3   1  -1  -5  -3  -3   13   4   3  20   0   5  28   1   1   0   2   7   0   1   0   9   2   0   1   2  0.50 0.29
  487 K    -2   4   1  -1  -2   3   1  -3  -1  -4  -3   4  -3  -3  -4   0  -2  -1  -2  -4    3  24   6   3   1  16   8   1   1   0   3  23   0   1   0   5   1   1   1   0  0.60 0.33
  488 R    -6   9  -5  -6  -2  -3  -4  -5  -5  -7  -7  -2  -6  -7  -5  -5  -5  -7  -6  -7    0  96   0   0   1   1   0   1   0   0   0   0   0   0   1   0   0   0   0   0  2.83 0.93
  489 G     4  -4  -5  -5  -2  -4  -4   1  -4  -5  -4  -4  -4  -3   4   0  -4   7  -1  -4   36   0   0   0   1   0   0  12   0   0   1   0   0   1  23   5   0  18   2   0  1.18 0.52
  490 S    -1  -4  -1   1  -3  -3  -3  -3  -4  -5  -5  -3  -5  -5  -3   5   5  -3  -5  -4    4   0   3   9   0   0   0   1   0   0   0   1   0   0   1  46  34   0   0   0  1.13 0.55
  491 A     7  -5  -5  -5  -1  -5  -5  -2  -5  -4  -5  -4  -3  -6  -4   0  -1  -6  -6  -3   84   0   0   0   1   0   0   2   0   1   0   0   0   0   0   6   4   0   0   1  1.71 0.69
  492 K     0   0  -1   1  -4   2   1  -3   1  -3  -3   4  -2  -3  -2   1   1  -1  -2  -2    9   4   2   8   0   8  10   1   3   2   1  26   1   1   1  11   8   1   1   2  0.32 0.23
  493 E    -3  -2  -2   2  -6   3   6  -4  -4  -6  -5  -1  -3  -6  -5  -2  -2  -6  -3  -4    2   1   1  10   0  12  62   1   0   0   0   3   1   0   0   2   3   0   1   1  1.35 0.58
  494 L    -4  -6  -7  -8  -5  -6  -7  -7  -7  -1   7  -6   1  -3  -7  -4  -5  -6  -5  -3    1   0   0   0   0   0   0   0   0   1  94   0   3   0   0   1   0   0   0   0  1.97 0.72
  495 L    -5  -6  -7  -8  -5  -5  -6  -7  -7  -1   7  -6  -1  -3  -7  -6  -4  -6  -5  -3    0   0   0   0   0   0   0   0   0   2  95   0   1   0   0   0   0   0   0   0  2.03 0.73
  496 Q    -1   2   0   0  -5   6   1  -3   1  -5  -3   3   0  -5  -4  -1  -2  -5  -4  -4    4  10   5   4   0  36   7   1   3   0   2  18   2   0   0   3   2   0   0   0  0.75 0.40
  497 H    -6  -5  -2  -1  -7  -3  -4  -6  11  -7  -6  -5  -5  -3  -7  -4  -5  -7  -2  -6    0   0   1   3   0   0   1   0  90   0   1   0   0   1   0   1   1   0   1   0  3.42 1.00
  498 P    -3  -2  -4  -1  -4   0   0  -5  -5  -6  -6  -1  -6  -7   8  -1  -3  -7  -5  -5    2   2   1   4   0   4   7   0   0   0   0   4   0   0  70   5   1   0   0   0  1.93 0.68
  499 F    -6  -7  -7  -7  -4  -7  -7  -7  -5  -4  -2  -7  -4   9  -7  -6  -6   1   0  -5    0   0   0   0   0   0   0   0   0   0   2   0   0  93   0   0   0   1   1   0  2.99 0.89
  500 L    -4  -5  -6  -6  -4  -5  -6  -6  -6   4   5  -5   3   0  -6  -5  -4  -5  -3   2    0   0   0   0   0   0   0   0   0  22  52   0   7   4   0   0   0   0   0  13  1.11 0.44
  501 K     0   2  -1   0  -3   3   0  -2  -2  -4  -1   4  -1  -4  -3   0   2  -5  -4  -3    7  11   1   4   0  13   4   3   0   0   6  32   1   0   0   4  13   0   0   1  0.47 0.30
  502 L    -2   1   0  -2   0   1  -1  -3   0  -1   1   4   1  -2  -3   1   0  -4  -2  -2    1   5   5   2   2   8   2   1   2   4  14  28   4   2   0  13   5   0   0   1  0.27 0.22
  503 A     6  -3  -3  -3   3  -4  -4  -1  -5  -4  -5  -3  -4  -5  -2   1  -1  -6  -5  -2   68   1   1   1   5   0   0   4   0   0   0   1   0   0   1  11   3   0   0   3  1.17 0.54
  504 K     0   0  -2   0   5   0   2   2  -2  -4  -4   3  -2  -5  -3  -1  -1  -2  -4  -2    9   3   1   5  16   3  13  14   1   0   1  25   1   0   0   4   2   0   0   3  0.48 0.29
  505 P    -2  -3   1   1  -5  -2  -1  -3   0  -5  -3   0  -5  -6   7   2  -1  -6  -5  -4    3   1   5   8   0   1   3   2   3   0   2   6   0   0  49  13   3   0   0   0  1.15 0.48
  506 L     1  -2  -1  -3  -2  -2  -3  -3  -2   0   3  -2  -1  -2   3  -1   1  -4  -3   0   10   2   4   1   0   1   0   1   1   3  36   3   0   1  16   4   9   0   0   7  0.39 0.26
  507 S     0   0  -1  -1  -2   0   1  -3  -2  -4  -4   1  -3  -4  -3   5   0  -4  -3  -2    8   5   2   2   1   3   9   1   1   1   1   7   0   1   1  50   5   0   0   2  0.68 0.40
  508 S    -1  -1  -1   0   4  -2   1  -1  -1   0  -2  -2  -2  -1  -4   4   1  -4   0  -1    4   3   2   6  10   1   8   4   1   5   3   1   0   2   0  35   8   0   4   3  0.37 0.28
  509 L    -5  -6  -7  -7  -5  -6  -6  -7  -6   2   6  -6   3   0  -7  -6  -5  -5  -4  -2    0   0   0   0   0   0   0   0   0  12  77   0   7   3   0   0   0   0   0   1  1.60 0.60
  510 T     3  -1  -3  -4  -2  -2  -3  -2  -3   1  -1   0  -1  -3  -2   1   2  -5  -3   3   25   3   0   0   0   2   0   1   0   9   3   5   1   0   1   9  14   0   0  24  0.37 0.27
  511 P    -1  -3  -1   0  -6  -1   2  -5   0  -6  -5  -2  -4  -7   7  -2  -3  -7  -5  -5    5   2   3   5   0   3  11   0   2   0   1   2   0   0  62   2   1   0   0   0  1.64 0.62
  512 L    -3  -5  -2  -7  -5  -5  -6  -7  -4  -1   6  -4   0  -2  -6  -6  -5  -5   1  -1    2   0   2   0   0   0   0   0   0   1  84   1   2   1   0   0   0   0   4   2  1.55 0.60
  513 I    -4  -6  -7  -7  -5  -6  -6  -7  -7   7   1  -6   3  -3  -6  -6  -4  -6  -5   3    1   0   0   0   0   0   0   0   0  65  12   0   6   1   0   0   0   0   0  16  1.60 0.58
  514 L    -2   3   0   0  -3   1   2  -4   0   1  -1   3   0  -3  -3  -2  -1  -4  -3   0    3  16   3   6   0   6  14   0   2   8   6  20   3   0   0   1   3   0   0   9  0.29 0.20
  515 A     4   1  -2  -3  -2   1   0  -3  -2  -2  -1   0  -2  -2  -3   2  -1  -3  -3  -2   41   8   1   1   0   8   6   1   1   2   6   6   0   1   0  13   2   0   0   2  0.44 0.29
  516 A     5  -2  -1  -4  -1  -3  -4  -3  -1  -1  -3  -3  -2  -1  -4  -1   0  -3   3   2   48   1   3   1   1   0   0   0   2   3   1   1   1   2   0   4   6   0  10  16  0.63 0.36
  517 K    -4   6  -2  -4  -6   0  -2  -4  -3  -5  -4   6  -2  -6  -5  -3  -4  -6  -5  -5    1  42   2   0   0   3   1   1   0   0   2  46   1   0   0   1   0   0   0   1  1.49 0.57
  518 E    -2   3   0   0  -5   3   4  -3   2  -3  -3   3  -1  -5  -4  -1  -1  -5  -4  -4    2  13   3   3   0  14  25   1   6   2   2  22   2   0   0   3   2   0   0   0  0.60 0.30
  519 A     2   1  -2  -3  -3   1  -2  -3  -2   1   0   0  -1  -1  -3   1  -1   5  -1   0   23   7   1   0   0   8   1   0   0  10   8   7   1   2   0  11   3   8   1   7  0.22 0.18
  520 M     0   3  -2  -3  -3   1  -1  -3  -2   1   0   4   2  -4  -3  -2  -1  -4  -3  -1    9  16   1   0   0   4   3   1   1  12   8  32   6   0   0   1   3   0   0   2  0.39 0.24
  521 K     1   2   0  -1  -4   2   3  -3  -2  -4  -3   4  -3  -5  -3   0  -1  -5  -3  -3   14  12   3   2   0   8  19   1   0   0   1  29   0   0   0   6   3   0   1   1  0.50 0.26
  522 S     1   0   4   1  -4   3   2  -1  -2  -4  -4   2  -2  -4  -3   1  -1  -5  -3  -4   12   4  21   5   0  14  14   2   0   0   1  13   0   0   0  10   3   0   1   0  0.44 0.23
  523 N    -2   2   4  -1  -4   2   2  -3   3  -5  -4   1  -3  -4  -3   2   0   3  -2  -4    1  14  22   0   0   9  17   0   7   0   0   5   0   0   0  15   4   5   1   0  0.56 0.26
  524 R    -3   6  -2  -3  -5  -1  -1  -4   4  -5  -4   4  -3  -5  -4  -2  -3  -5  -3  -4    0  60   0   0   0   0   0   0  10   0   0  30   0   0   0   0   0   0   0   0  1.24 0.31

                      K         Lambda
Standard Ungapped    0.1315     0.3125
Standard Gapped      0.0436     0.2670
PSI Ungapped         0.1424     0.3176
PSI Gapped           0.0436     0.2670
