
Last position-specific scoring matrix computed, weighted observed percentages rounded down, information per position, and relative weight of gapless real matches to pseudocounts
            A   R   N   D   C   Q   E   G   H   I   L   K   M   F   P   S   T   W   Y   V   A   R   N   D   C   Q   E   G   H   I   L   K   M   F   P   S   T   W   Y   V
    1 M    -4  -5  -5  -6  -5  -4  -5  -6  -5  -2   0  -5  10   2  -6  -5  -4  -4  -3  -2    0   0   0   0   0   0   0   0   0   0   5   0  86   9   0   0   0   0   0   0  2.39 0.61
    2 S     2  -4  -2   1  -4  -2   1  -3  -4  -2  -2  -2   7  -4  -4   3   0  -5  -4  -3   17   0   1   7   0   1  10   1   0   1   1   1  34   0   0  22   4   0   0   1  0.78 0.41
    3 L    -4  -5  -6  -6  -5  -5  -6  -6  -6   3   4  -5   3   4   0  -5  -4  -4  -3   1    0   0   0   0   0   0   0   0   0  15  45   0   7  17   6   0   0   0   0  10  1.00 0.43
    4 W    -8  -8  -9 -10  -8  -8  -7  -8  -8  -5   0  -9  -6   1  -9  -8  -8  13  -2  -8    0   0   0   0   0   0   0   0   0   1   9   0   0   5   0   0   0  84   1   0  4.28 1.32
    5 V     2  -5  -5  -6   0  -5  -6  -4  -6   3  -1  -5  -2  -2  -5  -2   0  -6  -4   5   18   0   0   0   2   0   0   1   0  18   3   0   0   1   0   2   7   0   0  47  0.99 0.50
    6 D    -5  -4   0   5  -8  -3   6  -6  -3  -8  -5  -3  -7  -8  -6  -5  -4  -8  -5  -7    1   0   4  34   0   0  58   0   1   0   1   1   0   0   0   0   1   0   0   0  1.88 0.80
    7 K    -5   0  -3  -5  -8  -1  -3  -7  -4  -5  -6   8  -4  -6  -6  -4  -4  -8  -7  -5    0   4   1   0   0   2   1   0   0   1   1  86   1   0   0   1   1   0   0   1  2.31 0.93
    8 Y    -7  -7  -7  -6  -8  -4  -5  -9   5  -7  -5  -7  -7  -1  -9  -7  -5  -2  10  -7    0   0   0   0   0   1   1   0  11   0   1   0   0   2   0   0   1   0  84   0  3.25 1.15
    9 R    -4   8  -5  -6  -4   2  -5  -7  -5  -5  -7  -1  -6  -8  -7  -4  -3  -7  -2  -6    1  82   0   0   0   8   0   0   0   1   0   3   0   0   0   1   1   0   1   0  2.41 0.96
   10 P    -5  -7  -7  -5  -8  -7  -7  -7  -8  -5  -8  -6  -8  -9   9  -5  -6  -9  -8  -6    1   0   0   1   0   0   0   0   0   1   0   0   0   0  96   1   0   0   0   1  3.39 1.24
   11 S     0   2  -1  -2  -2   2   0  -2   0  -2  -2   5  -2  -4  -3   0   0  -6  -3  -2    7  10   3   2   1   9   5   3   2   2   3  36   1   0   1   6   6   0   0   3  0.48 0.33
   12 S     0   0   1  -1  -1  -2  -1  -3  -2  -2  -3   2  -2  -3  -4   3   4  -1  -2  -2    6   6   6   4   1   1   3   1   1   2   1  11   1   1   0  22  30   1   1   2  0.50 0.37
   13 L    -6  -6  -7  -8  -3  -6  -7  -8  -7   1   6  -5   1   3  -5  -6  -4  -3  -2   0    0   0   0   0   0   0   0   0   0   6  69   1   3  13   1   0   0   0   1   5  1.47 0.65
   14 A    -1   0   2   5  -4  -1   2  -2  -2  -6  -6   1  -5  -6  -4   1  -2  -7  -4  -5    6   4   9  37   0   2  14   2   1   0   0  10   0   0   0  11   2   0   1   1  0.82 0.45
   15 R    -2  -3  -1   6  -7   0   4   0  -2  -7  -7   0  -5  -7  -5   0  -2  -7  -6  -6    3   1   2  42   0   3  27   7   1   0   0   5   0   0   0   6   2   0   0   0  1.15 0.58
   16 L    -4  -6  -7  -7  -2  -6  -4  -7  -6   5   2  -6   1   4  -6  -5  -4  -5  -3   4    1   0   0   0   1   0   1   0   0  26  21   0   4  19   0   0   1   0   0  26  1.09 0.50
   17 D     0  -3  -2   1  -1  -2  -2  -4  -1   3  -1  -1  -1  -3  -4   1   1  -5  -2   3    6   1   1   8   1   1   2   1   1  21   5   3   1   1   0  11   9   0   1  25  0.37 0.28
   18 Y    -1  -4  -2  -2   6  -3  -3   4   2  -2  -2  -4  -3   1  -5   1  -1  -2   3  -2    5   1   1   2  16   1   2  28   5   2   3   0   0   6   0   9   3   0  11   3  0.64 0.37
   19 H    -5  -3   5  -3  -8   5  -3  -6   9  -8  -6  -5  -6  -7  -4  -3  -5  -2  -5  -7    0   1  27   1   0  24   1   0  41   0   1   0   0   0   1   1   0   1   0   0  2.05 0.86
   20 K    -2   2  -1   2  -2   2   3  -3   2  -4  -4   3  -3  -5   1  -1   1  -6  -4  -3    2  10   2  10   1   8  20   1   5   1   1  17   0   0   6   4   9   0   0   2  0.45 0.31
   21 E     0  -2   1   4  -2   2   4  -2   4  -5  -4  -1  -4  -4  -2  -1  -2  -4  -3  -4    7   2   6  22   1   7  30   2   8   1   1   3   0   1   2   4   1   0   1   1  0.68 0.40
   22 Q     0  -3  -2  -4  -4   1  -1  -4  -3   4   1   0  -1  -2  -3  -2   2  -3  -3   2   10   0   1   0   0   6   5   0   0  29  10   7   1   1   1   1  12   0   0  14  0.43 0.30
   23 A     3  -3  -2  -5  -1  -3  -4  -4  -3   3   0  -1  -1  -3  -4  -1   1  -5  -1   4   24   1   2   0   1   0   0   1   1  17   8   4   1   0   0   4   7   0   2  28  0.51 0.33
   24 A     1   1   2   1  -3   3   2  -2   1  -2  -2   1  -1  -4  -3   1   0  -5  -3  -3   10   7   9   8   0  15  14   2   3   2   4   8   2   0   0  10   5   0   0   1  0.27 0.22
   25 Q    -2   4   0  -2  -2   1   0  -4   0   0  -1   0   0  -1  -4  -1   2  -2  -2   0    2  26   5   2   1   6   5   0   2   7   7   5   2   2   0   4  14   0   1   7  0.29 0.24
   26 L    -4  -6  -7  -7  -3  -6  -6  -7  -6   2   6  -4   0  -1  -6  -6  -4  -5  -5  -1    1   0   0   0   1   0   0   0   0  11  78   1   2   2   0   0   1   0   0   2  1.56 0.64
   27 R    -3   2   0  -2  -4   3   0  -3   1  -2  -2   5  -2  -5  -4  -1  -1  -5  -2  -4    2  11   5   2   0  11   5   1   3   2   4  44   1   0   0   4   4   0   1   0  0.74 0.42
   28 N     0   2   2  -1  -2   2   0  -2   2  -1  -3   3  -2  -3  -3   1   0  -4  -1  -1    9  10  11   3   1  10   4   3   5   4   1  17   1   0   0   9   4   0   3   3  0.24 0.19
   29 L    -2  -4  -4  -4   0  -3  -4  -5  -3   3   3  -4   3   4  -4  -2  -1  -2   3   0    2   0   1   1   2   1   0   0   1  15  28   1   9  19   1   3   4   0   9   4  0.57 0.30
   30 V     3  -2  -3  -4  -1  -3  -3  -3  -4   3   1  -3   0  -2  -4   0  -1  -4  -1   3   24   1   1   0   1   1   1   1   0  15  12   1   2   1   0   8   3   0   3  26  0.40 0.26
   31 Q    -1   1   1   1   0   2   1  -2  -1  -3  -3   3  -2  -3  -2   2   0  -4  -3  -2    5   8   5   9   2   8  10   2   1   1   1  20   1   1   1  16   7   0   0   2  0.30 0.21
   32 C     0   0   2   1   1   1   1  -1   2  -2  -2   0   0  -2  -2   1   1  -3   1  -2    6   4  10   9   3   5   8   3   5   2   4   5   3   1   1  14   9   0   5   2  0.14 0.12
   33 G    -1   0   2   0  -3   0   1   3  -1  -3  -2   2  -2  -2  -2   0  -2  -4  -3  -2    3   4   9   6   0   4  10  29   1   1   4  12   0   1   2   7   1   0   1   4  0.29 0.18
   34 D    -1  -1   4   3  -1   1   1  -1   1  -1  -4  -1  -3  -3  -3   1   0  -4  -2  -3    3   3  25  20   1   5   8   4   4   4   1   2   0   1   1  10   7   0   1   1  0.41 0.23
   35 F    -1  -4  -4  -4   5  -3  -4  -3  -2   2   2  -3   4   3  -2  -1  -1  -1  -1   1    4   0   0   0  15   0   0   1   1  11  19   1  13  13   1   5   4   1   1  10  0.42 0.23
   36 P    -2  -2   0  -3  -3  -1  -1  -2  -2  -5  -5  -3  -5  -4   8   0  -3  -6  -5  -5    2   2   5   1   1   2   4   3   1   0   1   0   0   1  70   7   1   0   0   0  1.75 0.56
   37 H    -4  -3   3  -3  -5  -1  -1  -4  10  -3  -4  -1  -4  -4  -3  -1  -3  -5  -1  -5    0   0  15   0   0   1   4   0  65   2   1   3   0   0   1   4   0   0   1   0  1.79 0.56
   38 L    -2  -4  -1  -4   1  -3  -4  -4  -4   3   4  -4   3   2  -4  -3  -1  -3  -1   1    1   0   3   0   3   0   0   0   0  22  41   0   8   7   0   0   2   0   1   7  0.58 0.25
   39 L    -3  -4  -4  -4  -3  -3  -4  -4  -4   4   4  -4   1   1  -4  -1  -2  -3  -2   1    1   0   0   0   0   0   1   1   0  27  46   1   3   5   0   5   1   0   0   9  0.66 0.27
   40 V    -3  -4  -4  -4  -3  -4  -4  -4  -3   3   1  -4   1   6  -4  -4  -3  -2   2   1    1   0   0   0   0   0   1   1   0  19  14   1   3  43   0   1   1   0   4  10  0.86 0.32
   41 Y     1  -2  -1  -2  -1  -1   0  -2   3  -2  -2   0  -2   2  -3   1   0   0   5  -2   13   1   2   1   2   1   7   2   9   1   2   6   0   7   1  12   5   1  26   2  0.34 0.20
   42 G    -2  -1  -3   0  -4  -4  -4   7  -4  -4  -5  -3  -4  -5  -4  -1  -3  -4  -5  -1    1   3   0   5   0   0   1  74   0   1   1   1   0   0   1   5   1   0   0   6  1.40 0.46
   43 P    -2  -2   0  -2  -4  -1  -2  -1  -2  -3  -2  -2   0  -2   7  -1  -2  -4  -2  -3    3   2   5   2   0   3   2   6   1   1   4   2   2   2  56   3   2   0   1   2  1.18 0.37
   44 S    -1  -1   0  -2  -1   0  -1  -2  -1  -2  -3  -1  -2  -4   6   2   0  -4  -3  -1    3   3   4   2   1   5   4   2   1   3   2   3   1   1  37  18   6   0   0   4  0.65 0.26
   45 G    -1  -2   0  -3  -4  -3   0   6  -1  -4  -4  -3  -4  -4  -3  -1  -3  -4  -4  -1    3   2   4   1   0   1   7  67   2   1   1   1   0   1   1   3   1   0   0   5  1.13 0.38
   46 A     1  -3  -1  -3   1  -1  -2  -2   0   0  -2  -2   0  -2  -3   3   3  -3   1   2   10   1   2   1   2   2   1   3   2   4   2   1   2   0   1  22  23   0   6  16  0.31 0.21
   47 G    -2  -4   1  -3  -4  -3  -1   7   1  -5  -5  -3  -4  -5  -4  -2  -2  -4  -4  -5    1   1   7   1   0   0   4  74   4   1   1   1   0   0   1   3   2   0   0   1  1.42 0.45
   48 K    -2   3   1   1  -4  -1   1  -3  -2  -4  -4   5  -3  -3  -3  -2   1  -3   1  -3    1  15   7   8   0   0   7   1   0   0   1  42   0   0   0   1   8   0   7   1  0.60 0.28
   49 K     0   2   0  -2   1   0   0  -1   2  -2  -1   1   1  -2  -2   0   2  -2   2  -2   10  15   4   0   3   4   4   4   5   0   4   7   4   0   0   7  17   0  10   0  0.17 0.15
   50 T    -1  -2  -1  -2  -2  -3  -3  -3  -1  -3  -3  -1  -2  -2  -2   3   6  -5  -2  -3    5   2   2   2   1   0   1   1   1   1   2   3   1   2   2  22  49   0   2   1  0.84 0.50
   51 R     1   2  -3  -3   2  -2  -2  -3  -3   0   1  -2   3  -1  -3   0   3  -4  -3   0   10  13   0   0   4   0   3   0   0   4  15   0   8   2   0   8  25   0   0   6  0.33 0.28
   52 I     3  -4  -4  -5   0  -4  -4  -3  -5   5  -1  -4   0  -2  -4  -2  -1  -5  -4   3   24   0   0   0   2   0   0   2   0  40   4   0   1   2   0   3   3   0   0  17  0.76 0.42
   53 M    -2   1   1  -2  -3   0  -2  -3   2   0   3   0   2  -1  -4  -1  -1   2   0  -1    2   8   7   2   0   3   2   1   6   4  34   6   6   2   0   4   3   3   4   3  0.24 0.23
   54 C     5  -2  -1  -4   6  -4  -2  -2  -2   0  -2  -2  -1  -2  -4   0  -2  -5  -4  -2   51   2   3   0  15   0   2   2   1   6   4   2   1   2   0   5   2   0   0   2  0.83 0.50
   55 I    -2  -2  -2  -5   2  -4  -4  -5  -1   3   4  -4   2   2  -4  -2  -1  -3   0   0    3   2   2   0   4   0   0   0   2  15  44   0   5   9   0   2   3   0   2   5  0.56 0.34
   56 L     4  -4  -4  -4   2  -3  -4  -1  -4   1   3  -3   1  -1  -4   0   0  -4  -3   0   35   0   0   0   4   0   0   3   0   9  28   0   3   2   0   6   5   0   0   4  0.48 0.35
   57 R    -3   6   1  -2  -1   0  -1  -3   2  -3  -3   3  -1  -3  -4  -2  -2  -5  -1  -4    2  42   7   2   1   3   3   2   5   1   2  20   1   1   0   2   2   0   2   0  0.80 0.45
   58 E    -1  -1   0   1   2   1   4  -2   1  -2  -2  -1   0  -1  -4  -1  -1   2   0  -2    6   3   5   6   4   7  32   3   4   3   3   4   3   3   0   4   3   3   3   3  0.37 0.30
   59 L    -1  -4  -4  -1   2  -1  -4  -5   1   2   3  -1   3   0  -5  -1  -1  -4   1   0    4   0   0   4   5   4   0   0   3  12  33   4   7   4   0   4   4   0   4   6  0.41 0.29
   60 Y    -3  -7  -3  -8  -4  -4  -5  -8  -2  -3   0  -7  -3   6  -5  -5  -4   0   8  -3    2   0   2   0   1   1   1   0   1   2   9   0   1  29   1   1   1   1  46   2  1.89 0.96
   61 G    -3  -3  -2  -1  -4  -1  -3   7  -1  -5  -6  -1  -7  -5  -3  -2  -3  -7  -4  -7    2   1   2   4   1   3   2  69   2   1   1   4   0   1   2   3   2   0   1   0  1.52 0.82
   62 I    -1  -2   1   3  -5  -1   1  -3  -1  -3  -2   0  -2  -3   4   1  -1  -5  -2  -2    6   2   7  16   0   2   9   2   2   2   4   6   1   1  23   9   4   0   1   3  0.45 0.35
   63 G     0   0   1   3  -4   1   2   1   1  -3  -3   0  -2  -3  -2   1   0  -4  -2  -3    9   4   7  15   0   5  13  12   4   1   2   5   1   1   2  10   5   0   2   2  0.26 0.23
   64 V     0  -1   0  -1   0   0  -1  -2  -1   1   0  -1   1   0  -1  -1  -1   4   2   2    7   4   4   3   2   5   3   2   1   8   9   4   3   3   2   5   3   6   9  16  0.11 0.13
   65 E    -1   0   0   0  -1   0   1  -1   2   0   0   1   1   0  -1  -1  -1   3   1   0    3   6   4   5   1   3  11   4   5   4  10   8   5   5   3   3   4   4   5   6  0.06 0.08
   66 K    -2   2   2   0  -2   2   2  -3   1  -2  -2   4  -2  -2  -3  -1  -1  -5  -1  -3    2  10  11   4   1  10  11   1   4   2   3  25   1   2   1   3   3   0   2   2  0.41 0.35
   67 L    -1  -1   1  -1  -3   0   0  -1   0   1   1  -1   1  -1  -2   0   1   0   0   1    5   4   8   2   0   4   5   3   2   7  16   3   4   2   2   7   8   2   3  12  0.05 0.10
   68 R    -2   4   0  -4   0   0  -1  -2   0  -1  -2   3   2  -1  -4   0   1  -5  -1   1    2  22   4   0   2   3   3   3   2   3   3  16   6   3   0   8   9   0   2   9  0.34 0.32
   69 I    -1   0  -1   0  -1   0   0  -3   2   1   0   0   0  -1   0  -1   0  -3   1   2    4   5   3   6   1   3   8   1   5   9   7   4   2   3   4   4   6   0   4  21  0.09 0.12
   70 E    -1   0   0   1   0   0   3  -1   0  -1  -1   0   0  -1  -1   0   0  -2   0  -1    4   4   4   9   2   3  25   4   2   4   5   6   3   3   3   5   5   0   3   5  0.17 0.14
   71 H    -1  -1   0  -1   1   0   0  -1   1   1   1   0   0   0  -1   0   1  -2   0   0    4   2   5   2   3   5   8   3   5   9  14   6   2   4   3   6   8   0   3   6  0.03 0.04
   72 Q    -1   3   1  -1  -2   1  -1  -2   1  -1   0   2   0  -1  -1  -1  -1  -2   1  -1    4  20   7   3   1   6   3   3   3   4   8  15   3   3   2   4   3   0   6   3  0.22 0.15
   73 T     0  -1   2   0  -1   0   1  -2   0  -1  -1   0  -1  -1  -1   1   2  -2   0   0    9   3  10   5   1   3  10   3   3   4   5   5   1   2   3  10  12   0   4   8  0.09 0.09
   74 I     0  -2  -2  -2   0  -1  -2  -2  -2   2   0  -2  -1   5  -2   0  -2   2   0   1    7   2   2   3   2   3   3   3   1  12   6   3   1  28   2   6   2   2   2  10  0.35 0.19
   75 T    -1  -1   1   1  -2   1   1  -1   0  -1  -1   1   0   0   0   1   1  -2  -1   0    3   3   6  10   1   8   8   3   2   4   6  11   2   4   3   9   7   0   1   8  0.08 0.08
   76 T     0  -2  -1   1  -1  -1   0   1  -1   1   0  -1   0   0   0   0   1  -2  -1   0    5   2   3   9   1   2   5  11   1   8  12   3   1   4   4   6  13   0   1   8  0.05 0.06
   77 P    -1   0   0   1  -2   2   2  -1  -1  -2  -2   1  -1   0   2   0   0  -1   0  -2    5   4   5   6   1   9  12   4   1   3   3   8   1   5  12   9   6   1   4   3  0.15 0.12
   78 S     0   1   1   0  -1  -1   1   2  -1  -2  -2   0  -1  -1   0   2   0  -2  -2  -1    7   7   6   5   1   2   8  15   1   3   4   4   2   3   5  18   4   0   1   5  0.12 0.10
   79 K    -1   0   2   0  -2   0   1   1  -1  -1  -1   1  -2  -1  -1   1   0  -2  -1  -1    5   5  11   5   1   4   9  14   1   4   5   9   1   2   3  11   4   0   2   5  0.11 0.08
   80 K     0   2   0  -1  -2   0   0   0  -1   0  -1   3  -1  -1  -1   1   1  -2   0  -2    6  11   4   3   1   3   5   8   1   6   4  18   2   2   3  10   8   0   3   2  0.13 0.11
   81 K    -1   0   0  -1  -2   1   0  -1   0  -2  -2   3  -2  -1  -1   2   0  -1  -1   0    4   4   4   2   1   7   5   5   2   2   3  21   1   2   3  16   7   1   2   6  0.20 0.16
   82 I    -1  -1  -1  -2  -1  -2  -2  -1  -2   3   1  -1   0  -1  -2  -1   0  -2  -1   2    6   3   3   3   1   2   3   4   1  22  13   3   2   3   2   5   5   0   2  18  0.19 0.12
   83 E    -1  -1  -1   1  -2   2   3  -2  -1  -1  -2   0  -1  -2  -1   0  -1  -1   1   0    5   3   2   8   1   8  24   3   1   3   4   5   1   2   3   8   3   1   4   9  0.20 0.15
   84 I    -1   0  -1  -1  -1  -2  -1  -2  -2   3   1  -1   0   1  -2  -1   0  -2  -1   3    4   6   2   3   1   2   4   3   1  18  11   3   1   5   2   4   5   0   2  22  0.19 0.13
   85 S    -1   0   2   1  -1   1   1  -1   0  -1  -2   1  -1  -1   2   1   1  -2  -2  -1    3   4  12   7   1   6   8   3   2   4   4   7   2   3  11   8   9   0   1   3  0.16 0.12
   86 T     0  -1  -1  -2  -2  -1  -1  -2  -2   2   0   1   1   0  -2  -1   1  -1   0   3    6   3   2   2   1   2   3   3   1  11   9   9   4   3   2   5   8   1   4  22  0.13 0.11
   87 I    -1   0  -1  -1  -1   0   0  -2  -2   2   1   1   0   0  -2   0   1   1   0   1    4   4   2   2   1   3   5   3   1  12  12  12   2   4   2   5   8   2   3  12  0.06 0.08
   88 A     0   0  -1  -1  -1   1   1  -1  -1  -1  -2   1  -1   2  -2   2   0  -1   1  -1    8   4   2   3   1   7   8   3   1   4   3   8   2   8   2  21   4   1   5   5  0.13 0.14
   89 S    -1   0  -1   0  -1   0  -2  -2  -1  -4  -4   1  -2  -2  -2   6  -2  -4  -2  -4    4   6   3   4   1   3   2   3   1   1   2   9   1   2   2  50   2   0   1   1  0.76 0.47
   90 N     0   0   4   1  -2  -1  -1  -2  -1  -2  -1   0  -1   1   2   1  -1  -3  -1  -2    7   4  18   9   1   2   4   3   2   2   5   6   1   7  10  12   3   0   2   3  0.21 0.18
   91 Y     0   1   0  -2   1   1  -1  -2   5  -2  -2   0   1   1  -3  -1  -1  -2   4  -2    9   8   5   2   3   6   4   3  15   2   4   5   4   5   1   3   3   0  16   2  0.36 0.25
   92 H    -3   0  -3  -3  -1  -2  -3  -3   9   0  -2  -2  -1   0  -2  -2  -3  -4   0   1    2   5   1   2   1   2   1   2  44   6   4   3   1   4   3   4   2   0   3  11  1.19 0.54
   93 L    -4  -4  -6  -6  -3  -1  -6  -4  -6   4   4  -3   2   0  -6  -5  -1  -5  -2   3    1   1   0   0   0   3   0   1   0  22  39   2   4   3   0   0   4   0   1  18  0.89 0.51
   94 E    -5  -3  -4  -3  -5   1   7  -6  -4  -2  -4  -3  -1  -3  -6  -4  -3  -7  -4  -3    1   1   1   1   0   6  74   1   0   3   2   1   2   2   0   1   1   0   1   2  1.83 0.99
   95 V    -3  -6  -3  -4  -5  -4  -4  -7  -6   4   5  -5   2  -1  -6  -6  -4  -6  -5   2    2   0   1   1   0   1   2   0   0  18  53   1   4   3   0   0   1   0   0  14  1.13 0.61
   96 N    -5  -2   8  -1  -3  -2  -2  -3  -1  -3  -6  -2  -2  -7  -4  -1   1  -7  -3  -6    1   2  65   4   1   1   3   2   1   2   1   2   1   0   1   4   7   0   1   0  1.74 0.92
   97 P     4  -2  -3  -5   0  -5  -2  -4   0  -2   1  -3  -1  -2   4  -3  -3  -6  -3   0   36   3   2   0   2   0   2   1   3   2  13   1   1   2  22   2   1   0   1   6  0.72 0.52
   98 S    -2  -2   1  -4  -1  -5  -4  -3  -2  -6  -5  -1  -3  -5  -4   7  -2  -7  -3  -6    3   2   7   1   1   0   1   2   1   0   1   4   1   1   1  70   3   0   1   0  1.55 0.94
   99 D    -4  -3   1   7  -7  -1   2  -3  -2  -4  -3  -1  -4  -5  -5   0  -4  -7  -4  -3    1   1   6  56   0   2  13   2   1   1   3   3   0   0   1   6   1   0   1   2  1.33 0.74
  100 A     1  -4  -1   3  -3  -1   4  -3  -3  -2   0  -2   0  -1  -3  -2  -1  -5   0   1   11   0   3  19   0   2  25   2   1   2  11   1   2   2   1   2   3   0   3  10  0.41 0.35
  101 G    -3   6   0  -4  -7  -2  -4   3   0  -7  -6   2  -6  -4  -1  -2  -3  -6  -2  -4    2  42   4   1   0   1   1  23   2   0   1  11   0   1   4   3   2   0   1   2  1.06 0.64
  102 N    -3  -2   2  -4  -6  -4  -2   6  -2  -1  -4   0  -2  -1  -6  -2   0   0   1  -3    2   2  11   1   0   1   3  50   1   4   1   5   1   3   0   2   5   1   5   2  0.90 0.56
  103 S    -1  -1   0  -3  -2  -1  -5  -5   0   6  -2  -1  -2   0  -3  -2  -3  -3   5  -1    6   4   4   2   1   3   0   1   2  38   2   4   1   3   1   4   2   0  19   2  0.82 0.53
  104 D    -1  -2   2   6  -3  -3   2  -1  -2  -3  -3   0  -4  -5  -4  -2  -2  -5  -3  -2    5   2   9  42   1   1  14   6   1   2   3   6   0   0   1   2   2   0   1   4  0.87 0.50
  105 R    -1   4  -1  -1  -2  -1  -1  -2  -1  -1  -2   3   1  -2  -2  -1   1  -3   0   0    5  22   3   3   1   2   3   3   1   4   4  18   3   2   2   4   8   0   3   6  0.29 0.19
  106 V     0  -1   0   0  -2   1  -1  -1   4   0   0   0   0   0  -1   0  -1  -2   2   1    8   2   4   5   1   6   3   4  11   5   7   5   2   4   3   7   3   0   8  10  0.09 0.09
  107 V    -1  -2  -3  -6  -3  -5  -5  -4  -6   3   0  -4   0  -3  -5  -3  -2  -5  -2   6    5   2   2   0   0   0   1   2   0  14   7   1   2   1   0   2   2   0   2  56  1.18 0.62
  108 I    -4  -7  -7  -5  -6  -7  -4  -5  -7   5   0  -3   0  -2  -7  -5  -3  -1  -6   6    1   0   0   1   0   0   1   1   0  32   6   2   2   2   0   1   1   1   0  48  1.48 0.77
  109 Q    -3   6  -3  -2  -3   4  -2  -4  -2  -2  -4   1   2  -2  -6  -2  -3  -7  -4   0    3  42   1   2   1  18   2   1   1   2   2   7   5   2   0   3   2   0   1   6  1.03 0.65
  110 E    -1  -3   3   3  -6   1   5  -1   0  -2  -4  -1  -4  -3  -5  -1   1  -6  -3  -4    4   1  11  13   0   5  33   6   2   2   2   3   0   1   0   5   9   0   1   1  0.63 0.48
  111 M    -3   1  -3  -2  -2   2   0  -4  -4   2   2   3   0  -1  -4  -3  -2  -5  -3   0    2   7   1   2   1   9   5   1   0  11  23  21   2   3   1   1   3   0   0   7  0.40 0.34
  112 L    -4  -4  -3  -7  -6  -7  -5  -6  -7   7   0  -3   0  -2  -7  -3  -3  -7  -6   3    2   1   2   0   0   0   1   1   0  58   9   2   2   2   0   2   1   0   0  18  1.53 0.79
  113 K    -4  -1   0  -3  -2   0  -4  -4  -2  -3  -3   7  -2  -5  -3  -2  -3  -8  -5  -4    1   3   4   2   1   4   1   1   1   2   3  69   1   1   1   3   1   0   0   1  1.65 0.93
  114 T    -2  -1   3   2  -4   0   4  -2  -1  -2  -5  -1   0  -5  -3   1   2  -6  -2  -3    3   3  12   9   0   4  31   3   1   2   1   4   3   0   1   9  12   0   1   1  0.55 0.45
  115 V    -4  -4  -3  -4  -6  -6  -5  -5  -2   2  -1  -3   3   7  -5  -2   0  -1   3   0    1   1   1   1   0   0   1   1   1  12   5   2   6  43   1   4   7   1   8   6  1.11 0.63
  116 A     6  -4  -1  -4   1  -3  -4  -3   1   0  -4  -2  -5  -6  -6   0  -1  -2  -1   0   58   1   3   1   3   1   1   2   3   5   1   2   0   0   0   7   4   1   2   5  1.03 0.68
  117 Q    -2   2   1   0  -2   5  -1  -2  -1  -3  -3   1   1  -3  -2   2  -2  -5  -2  -3    4  11   6   5   1  23   4   3   1   2   2   9   4   1   2  16   2   0   2   2  0.44 0.39
  118 S     0  -1   1  -3  -3   1  -2  -2   0  -1  -2   1   0  -2  -1   3   4  -2  -1  -2    6   3   8   1   1   5   1   2   2   4   3   8   3   2   3  18  26   1   2   3  0.39 0.36
  119 Q     0   2   0  -1  -2   3  -1  -2   2  -2  -3   3  -1  -2   1   0   0  -5  -1  -3    7  11   5   4   1  12   3   3   4   3   1  21   1   2   6   6   5   0   3   2  0.30 0.28
  120 Q     0   1   0  -1  -2   3  -1  -3  -1   1  -2  -1  -1  -4   2   1   1  -5  -2   1    7   8   5   2   1  15   3   2   1   8   3   4   2   0   9  12   8   0   1   9  0.22 0.25
  121 L    -1  -1  -1  -2  -2  -2  -2  -2  -1   3   1   0   1   0  -1   1   0  -4  -2   1    4   3   3   2   1   2   2   4   1  20  16   5   3   3   3  12   5   0   1  10  0.17 0.18
  122 E     0   0   3   2  -2   0  -1  -1   0  -2   0   0   0   1  -1   0   0  -3   0  -1    7   6  14  12   1   4   4   4   2   2   9   4   3   8   3   8   4   0   2   4  0.12 0.14
  123 T    -1  -1   1  -1   1   0  -1   0  -1   0  -2   0  -1   1   3   1   1  -4  -2  -1    5   3   6   2   4   4   3   9   1   6   3   6   1   6  13  13  10   0   1   3  0.16 0.17
  124 S     0  -2   2   0   3  -1  -2   0   0   0  -2   1  -1   0   0   2   0  -3   0  -1    7   2  10   5   7   3   2   7   2   6   4   9   1   5   5  14   5   0   4   3  0.11 0.14
  125 S     0  -2   2   0   0  -1  -1   2  -1  -1  -1   1  -1   0   1   1   0  -4  -1  -2    9   2   9   5   2   2   3  15   1   3   6   9   2   4   8  13   4   0   2   2  0.14 0.15
  126 Q    -2   1   0   0   2   1   0  -1   1   0  -2   3   0  -2   0   0  -1   0  -2  -1    2   8   4   5   4   7   4   5   4   5   3  21   3   2   5   8   3   1   1   4  0.19 0.18
  127 R     0   0   1  -1   1   0  -1  -1   2  -1  -2   2  -1  -2   2   0  -1   0  -2   0    6   5   7   3   3   3   3   4   5   4   2  16   2   1  12   6   3   1   1   7  0.12 0.16
  128 D    -2   0   3   2   0   0  -1  -1   0  -1  -2   0  -1  -2   2   0   0  -3   1  -2    3   5  18  10   2   5   3   5   2   3   3   6   2   2   9   6   5   0   5   2  0.16 0.18
  129 F    -2  -2  -1  -3   4  -1  -2  -2   0   0  -1   0   0   4  -1  -2  -1   1   4  -1    3   1   3   1   9   2   2   4   2   4   6   7   2  24   2   3   3   2  14   3  0.30 0.26
  130 K    -1   3  -1  -3  -4   0  -1  -3   1  -2  -4   5  -3   0  -1  -1  -1  -4   0  -3    5  13   3   0   0   3   3   1   3   3   1  44   0   5   3   3   3   0   3   1  0.56 0.41
  131 V     1  -3  -3  -4   1  -3  -3  -2  -4   3   1  -1   1   0  -3  -1   0  -3   0   3   12   0   0   0   3   0   0   3   0  21  15   5   3   3   0   3   5   0   3  23  0.30 0.25
  132 V    -1  -4  -1  -1   0  -4  -4  -5  -4   5   1  -4   2   0  -4  -3  -1  -4  -3   3    5   0   3   4   2   0   0   0   0  41   8   0   4   3   0   0   3   0   0  25  0.68 0.39
  133 L    -3  -5  -6  -3  -3  -4  -5  -6  -5   5   1  -5  -1   2  -5  -5  -2  -5  -2   5    1   0   0   2   0   1   0   0   0  39  10   0   1   9   0   0   1   0   1  36  1.05 0.48
  134 L    -4  -4  -5  -5  -4  -4  -5  -5  -5   4   5  -5   1   1  -5  -4  -3  -4  -3   0    1   0   0   0   0   0   0   1   0  24  58   0   2   6   0   0   0   0   0   4  1.06 0.46
  135 T    -3  -1   2   5   2  -1  -1  -3   4  -2  -4  -2  -1  -2  -3  -2  -1  -4   4  -4    1   3  10  38   4   1   3   1  11   2   1   2   2   1   1   2   3   0  13   1  0.74 0.39
  136 E    -2  -2   1   3  -5   0   6   0  -1  -5  -5  -2  -4  -5  -4  -2  -2  -5  -3  -4    2   1   7  14   0   3  60   6   1   0   1   1   0   0   0   1   1   0   1   1  1.14 0.54
  137 V     5  -4  -3  -4   1  -3  -2  -2  -4   0  -2  -2  -2  -2  -3  -1  -2  -4  -4   3   57   0   1   0   3   0   2   1   0   4   2   2   1   1   0   3   1   0   0  20  0.81 0.45
  138 D    -3  -4  -1   7  -5  -2   2  -3   1  -3  -5  -3  -5  -5  -4  -2  -4  -5  -5  -5    1   0   2  69   0   1  14   1   3   2   1   0   0   0   0   2   0   0   0   1  1.58 0.61
  139 K     1   1   3  -2  -2   0  -1  -2  -1  -3  -2   4  -1  -3  -2   2  -1  -4  -2  -3   14   7  13   1   1   3   2   1   1   1   4  28   1   1   2  18   2   0   1   1  0.37 0.27
  140 L     0  -4  -5  -5  -1  -2  -4  -5  -4   0   5  -4   6  -2  -4  -4  -2  -4  -3   0    7   0   0   0   1   2   0   1   0   4  50   0  25   0   0   1   1   0   0   4  0.99 0.47
  141 T    -1  -3  -1  -2  -3  -3  -2  -3  -4  -3  -3  -3  -3  -4   0   4   5  -5  -4  -2    3   1   2   1   0   0   2   1   0   1   2   0   0   0   5  34  44   0   0   2  0.92 0.50
  142 K     0   2   1   0  -3   1   2  -2   0  -2  -2   2  -1  -1   0   1   1  -3   0  -2    5  12   5   5   0   5  13   2   2   3   3  14   1   3   4  10   8   0   3   1  0.16 0.12
  143 D    -1  -2   2   5  -2   0   2   0  -1  -2  -3  -1  -2  -3  -1   0  -1  -4   0  -3    6   1   9  36   1   3  14   6   1   3   2   3   1   1   2   5   3   0   4   2  0.47 0.26
  144 A     6  -3  -2  -2  -1  -3  -3  -2  -4   0  -2  -3  -2  -3  -2   0   0  -4  -4   0   64   1   2   2   1   0   1   2   0   7   3   1   1   1   1   6   4   0   0   5  0.82 0.43
  145 Q    -4  -2  -3  -4  -5   8  -2  -5   0  -2  -1  -2  -2  -4  -3  -3  -4  -5  -4  -3    1   1   0   0   0  78   1   1   2   2   6   1   1   1   1   1   1   0   0   1  1.89 0.78
  146 H     0  -1   1  -1  -1   2  -1  -2   5  -2   0   0   1   0  -1   0  -1  -3  -1  -2    8   3   7   2   1  12   1   2  18   0  13   6   3   4   3   9   4   0   1   2  0.24 0.21
  147 A     4  -2  -1  -4  -1  -1  -3  -2   0   0   0  -3   2  -2  -3   0  -1  -3   4  -2   42   2   2   0   1   3   0   2   2   4   9   0   5   0   0   8   2   0  15   1  0.48 0.33
  148 L    -3  -4  -5  -5  -4  -4  -5  -5   2   4   4  -4   1   0  -5  -4  -3  -4  -3   1    1   0   0   0   0   0   0   0   5  28  50   0   3   3   0   0   0   0   0   6  0.92 0.41
  149 R    -3   6  -1  -3  -1  -1  -2  -2  -1  -3  -3   3  -3  -4  -2  -1  -3  -4   1  -3    1  52   2   0   1   2   2   4   1   2   3  15   0   0   2   5   0   0   5   2  0.91 0.44
  150 R    -3   6  -1  -2   0   2  -2  -4   0  -3  -3   0  -2  -3  -3  -1  -3   8  -1  -3    2  40   3   2   2   8   1   1   2   2   2   4   1   0   1   4   1  20   2   2  1.02 0.46
  151 T    -1  -3  -3  -4  -3  -1  -2  -4   0   4   2  -3   3   1  -2  -2   3  -3  -2   1    4   0   0   0   0   2   2   1   2  24  17   0   9   5   2   2  20   0   0   9  0.40 0.26
  152 M     0  -2  -2  -3  -2  -2  -2   1  -1   1   1  -2   2   2  -2  -1  -1  -1   2   1   12   1   0   1   0   0   1  12   0  12  12   1  11  12   1   1   1   0  11  12  0.13 0.07
  153 E    -3  -3   1   2  -5   1   5  -1  -3  -5  -5   0  -4  -4  -4   0   0  -4   1  -4    1   0   5  12   0   6  45   6   0   0   1   6   0   0   0   6   6   0   5   1  0.78 0.41
  154 K     0   0   1   0   2   1   0   0   2   0  -1   0   1  -2  -2   0   0  -3   1   0    6   6   6   6   6   6   6   6   6   6   6   6   6   0   0   6   6   0   6   6  0.05 0.09
  155 Y    -2  -2   1  -5   0  -1  -1  -3   3  -2  -2  -2  -1   2  -5  -1  -2   1   7  -2    3   2   6   0   2   3   3   3   5   2   3   2   2   8   0   5   3   2  43   2  0.95 0.60
  156 M     1  -1   0  -1   1  -1   0  -2   0  -1  -2   0   0  -4  -1   4   1  -4  -1   0   12   3   3   3   3   2   5   2   2   4   3   5   3   0   3  31  10   0   2   6  0.27 0.30
  157 S     0   1   0   1  -1   0   1   2   1  -3  -3   2  -2  -4   0   1  -1  -4  -3  -3    7   8   5   8   1   3   8  17   4   1   1  18   1   0   4  11   2   0   1   2  0.26 0.19
  158 T     0  -2   4  -2   3  -2  -2  -2   2   0  -2  -2   0  -2  -4   1   3  -4   0   0    6   2  25   1   6   1   1   3   5   4   3   2   2   1   0   8  21   0   3   6  0.40 0.30
  159 C     0  -4   0  -3   7  -3  -4  -3  -1   1  -1  -3   0   0  -4   0   2   0  -2   0    6   0   6   0  31   0   0   1   2  11   5   0   2   5   0   5  17   1   1   5  0.64 0.32
  160 R    -2   6  -1  -1  -5  -1  -2  -4  -2  -4  -4   3  -1  -4  -3   0  -1  -4   0  -4    2  56   3   3   0   2   0   1   0   0   1  18   1   0   0   6   3   0   3   1  1.02 0.43
  161 L    -3  -1  -4  -4  -3  -3  -4  -4  -3   2   1  -1   1   5  -4  -2  -2  -2   1   2    1   5   0   0   0   0   0   1   0  14  15   4   3  34   0   3   0   0   2  15  0.55 0.28
  162 I    -1  -4  -4  -4   4  -3  -4  -3  -4   5   0  -4   0   3  -4  -1  -2  -3  -1   2    4   0   0   0  10   0   1   2   0  39   3   1   2  13   0   5   2   0   2  16  0.56 0.29
  163 L    -2  -4  -4  -4  -3  -3  -4  -4  -3   1   4  -4   3   5  -4  -2  -1  -2   1  -1    2   0   0   0   0   0   0   1   0   5  45   0   8  24   0   2   5   0   3   2  0.68 0.32
  164 C    -1  -2  -1  -2   6  -2  -3  -2   1   2   0  -3   0   1  -3   1   0   0   0   0    4   1   3   2  20   1   1   3   4  19   7   1   1   6   0  12   4   1   4   6  0.29 0.19
  165 C     1  -4  -4  -4   8  -4  -4   0  -4  -3  -1  -4  -3  -4  -4   1   1   4  -4   0   13   0   0   0  37   0   1   7   0   0   6   0   0   0   0   9   9   6   0   8  0.99 0.41
  166 N    -1   1   4   0   1   0   2  -1   1  -3  -2   0  -2  -1  -3   0   1  -3   0  -1    4  10  21   5   3   3  14   4   3   0   4   4   0   3   0   5   8   0   4   4  0.22 0.16
  167 S    -1  -1   1   3   0   1  -1  -3   2  -3  -3  -2  -1  -1  -1   2  -1   0   4  -3    4   3   6  16   2   6   4   2   4   1   1   2   1   2   3  18   4   1  18   1  0.39 0.32
  168 T     0  -2  -2   0  -1  -1   0  -2  -3   2   1  -2   0  -1   1   1   1  -4  -1   1    5   1   0   7   1   2   8   3   0  11  15   2   2   2   8  13   8   0   2   9  0.12 0.15
  169 S     0  -2   2  -1  -1  -2  -1  -1   1  -3  -3  -1  -4  -1  -1   5   1  -5  -2  -2    6   1   8   3   1   1   4   5   3   2   2   3   0   3   3  43   7   0   2   4  0.51 0.40
  170 K    -1   3   2   0  -2   1  -2  -2  -1  -5  -4   5  -1  -5  -1   0  -1  -5  -2  -5    4  14   9   4   1   5   2   3   1   0   2  38   1   0   3   8   3   0   1   0  0.65 0.42
  171 V    -4  -5  -2  -5  -4  -4  -5  -5  -5   7   2  -2   1  -1  -5  -3  -3  -5  -4   2    1   1   2   1   0   0   1   1   0  54  15   3   3   2   1   2   1   0   0  13  1.13 0.50
  172 I    -3  -5  -2  -3  -1  -1  -3  -3  -2   6   2  -5   1  -2  -3  -2  -1  -5  -1  -1    1   0   2   1   1   3   1   3   1  53  17   0   2   1   1   3   4   0   2   2  0.92 0.49
  173 P    -1  -3  -3   3  -2   2   4  -1  -1  -4  -3  -2  -2  -3   4   0  -3  -5  -4  -4    5   1   0  16   1   9  24   5   1   1   3   1   1   2  22   5   1   0   0   1  0.64 0.41
  174 P     3  -3  -4  -4  -2  -3  -3  -3   1  -2  -4  -3  -5  -2   7   1  -3  -6  -5  -4   23   1   0   0   1   1   1   1   3   3   2   1   0   2  49  10   1   0   0   0  1.29 0.62
  175 I    -4  -5  -6  -6  -4  -5  -5  -6  -5   6   4  -5   0  -1  -5  -3  -2  -5  -1   3    0   0   0   0   0   0   0   0   0  41  32   0   1   2   0   2   2   0   2  16  1.09 0.51
  176 R    -1   4  -1  -2  -2   4  -2  -4  -2  -2  -3   4  -2  -3  -4  -1  -1  -5  -3  -3    4  22   3   2   1  22   1   1   1   3   3  26   1   1   0   5   3   0   1   1  0.69 0.43
  177 S    -2  -4   1  -2  -5  -4  -3  -3   2  -6  -3  -3  -3  -6   0   6  -2  -6  -5  -5    1   0   7   2   0   0   1   1   5   0   4   1   1   0   5  70   2   0   0   0  1.36 0.73
  178 R    -5   7  -3  -2  -1  -2  -3  -5  -2  -1   1  -1  -4  -4  -5  -3  -2  -6  -5  -2    0  66   1   3   1   1   1   0   1   3  12   1   0   1   0   1   3   0   0   3  1.42 0.66
  179 C    -3  -6  -6  -6  11  -6  -6  -3  -6  -3  -3  -6  -1  -1  -6  -2   0  -6   1  -3    3   0   0   0  69   0   0   2   0   2   2   0   2   3   0   3   5   0   5   2  2.63 0.93
  180 L     1  -2  -2  -3   0  -1  -2  -3  -1   0   2   0   1   1  -3   0   2  -3  -1   0   14   2   2   0   2   3   2   1   1   5  25   8   3   7   0   5  12   0   1   6  0.19 0.18
  181 A    -1   0   0  -2   2  -1  -2  -2  -1   3   1   1   0  -1   0  -1   0  -4  -1   2    3   4   5   1   4   2   1   3   1  18  12  10   2   2   5   3   4   0   1  17  0.15 0.15
  182 V    -1  -1  -3  -4   1  -3  -3  -4   0   3   1  -3   1   3  -3   0  -1  -3   0   2    3   3   0   0   4   0   0   1   3  22  14   0   3  13   0   8   3   0   3  18  0.30 0.22
  183 R    -2   5  -1  -1   1   1  -1  -4   1   0  -2   1   0  -1   0  -1   0   2   0  -2    3  33   3   3   3   5   3   1   3   7   3   6   3   3   4   3   5   3   3   3  0.43 0.28
  184 V    -1  -5   0  -5   2  -4  -5  -5  -4   1   2  -5   2   5  -5   0  -1  -4   1   2    5   0   4   0   4   0   0   0   0   8  16   0   5  25   0   7   5   0   5  13  0.57 0.32
  185 P     1   1   0   0  -2   0  -1   0   0  -3  -1   1  -2  -1   3   1   0  -4  -2  -3   10   7   5   4   1   4   3   6   2   1   6  10   1   3  15  12   5   0   1   2  0.20 0.19
  186 A     2   1  -1  -3   1  -2  -3  -2  -2  -5  -2   0  -2  -6   5   1  -1  -6  -2  -3   18   8   3   1   3   2   1   3   1   0   4   6   1   0  32  10   3   0   2   2  0.68 0.45
  187 P    -3  -2  -6  -6  -5  -3  -5  -6  -1   1   4  -5   0   1   5  -3  -5  -6  -1   0    2   3   0   0   0   1   0   0   1   7  35   0   2   5  30   2   0   0   2   6  0.97 0.55
  188 S     0  -1   0   1   1   0  -1  -2   1  -2  -3   0   0  -1   1   2   2  -6  -1  -2    7   3   4   8   3   4   5   4   3   3   3   6   3   3   8  16  12   0   3   3  0.17 0.19
  189 I    -1  -1   1   3   1   0   1  -1   1  -1  -2   1   0  -1   0  -1   1   2   0  -2    4   4   6  13   2   4   9   6   3   4   4   7   3   3   5   4  10   3   3   4  0.13 0.13
  190 E     0  -1   0   2  -5   0   3  -1   3  -2  -2   0  -4  -1  -1   0   0  -5  -1  -2    6   2   5  13   0   4  21   5   7   3   4   6   0   2   3   8   6   0   2   3  0.28 0.26
  191 D     0  -2   0   2  -1   3   4  -3   1  -1  -2  -1  -1  -1  -2   0  -1  -5  -1  -1    6   2   4  10   2  13  26   2   4   4   4   3   2   3   2   5   4   0   2   4  0.36 0.33
  192 I     0  -2   0  -2   2   1   0   0   2   0   0   0   1   1  -2   0   0  -2   1   0    6   0   6   0   6   6   6   6   6   6   6   6   6   6   0   6   6   0   6   6  0.05 0.11
  193 C    -1   0   0   0   2   0   0  -1   2   0  -1   0   1   0  -3   0   0   3   1   0    5   5   5   5   5   5   5   5   5   5   5   5   5   5   0   5   5   5   5   5  0.06 0.10
  194 S     0   1   0   1   1   1   2   0   0  -1  -2   2  -1  -3   0   0   0  -4  -1  -1    8   8   5   7   3   6  12   7   3   3   4  12   2   0   3   7   6   0   2   3  0.12 0.14
  195 V    -1   4  -1  -2   1   0  -2  -1   1   1  -1   1   0  -1  -4  -2  -1   1   0   2    4  26   2   2   3   3   2   5   3   8   5   7   2   3   0   2   3   2   3  14  0.29 0.28
  196 L    -2  -5  -2  -6   0  -5  -5  -2  -5   3   5  -2   2  -1  -5  -2  -2  -5  -1   2    3   0   2   0   2   0   0   4   0  14  46   2   4   2   0   4   2   0   2  11  0.72 0.43
  197 S    -1   1   1   0  -1   1   2  -2   0  -1   0   1   1  -2  -3   0  -1   0  -1  -2    4   9   5   6   1   8  14   2   2   3   9  11   4   2   0   8   4   1   2   2  0.13 0.17
  198 T    -1   1   1   1  -4   1   1  -2   3  -2  -1   1   0   0  -4  -1   0   1   2  -2    4   8   8   7   0   6  11   3   9   2   5  10   2   5   0   4   5   2   8   2  0.20 0.20
  199 V    -2  -6  -2  -6  -5  -2  -6  -6  -6   7  -3  -6  -3  -5  -6  -1  -1  -6  -5   4    3   0   2   0   0   2   0   0   0  52   0   0   0   0   0   4   3   0   0  30  1.49 0.71
  200 C     4  -3  -3  -2   6  -3  -2  -1  -5   1  -1  -3  -1  -3  -4   0  -1  -5  -3   0   32   1   1   2  18   1   2   5   0   9   6   1   1   1   0   7   3   0   1   7  0.60 0.39
  201 R     0   0   0   0   2   1   0   0   2   0  -1   0   1   0  -2   0   0  -2   1   0    6   6   5   6   5   5   6   6   5   6   6   6   5   5   0   6   6   0   5   6  0.03 0.07
  202 K     0   2   0   0   0   1   0  -2   2  -2  -2   3   0  -2  -2   0  -1   0   0  -2    7  12   5   5   2   6   6   2   4   2   4  24   3   2   2   5   2   2   3   2  0.23 0.22
  203 E    -1  -1  -1  -1  -6   1   6  -5   0  -2  -3  -1   0  -6  -5  -2  -1  -6  -1  -2    5   2   2   2   0   6  56   0   2   2   3   3   2   0   0   2   5   0   2   3  1.04 0.66
  204 G    -1   1   3   1   0  -1   0   2   0  -4  -3   2   0  -1  -4   0  -1  -4  -1  -2    5   6  17   6   2   2   4  17   3   0   3  15   2   2   0   7   3   0   2   2  0.28 0.26
  205 L    -2  -2  -4  -2   0  -2  -3  -2   0   3   2  -2   0   2  -5  -3  -1   1   1   3    3   2   0   2   2   2   2   3   2  19  20   2   2   8   0   2   3   2   4  19  0.37 0.26
  206 A    -1   0   2   2  -1   2   2  -2   1  -2  -3   2  -1  -2   0   1   1  -5  -2  -2    4   4  10  10   2   9  11   2   3   2   2  12   1   2   5  10   8   0   1   2  0.23 0.23
  207 L    -1  -2  -1  -1   1  -1  -2  -3   0   2   2  -2   1   1  -2  -2  -1   1   2   1    4   2   3   5   3   3   3   2   2  13  21   2   4   6   2   2   3   2   8  10  0.19 0.18
  208 P    -1   0   1   2   2  -1   0  -1   0  -2  -3  -1  -1  -2   3   1   2  -5  -1  -2    4   5   5  13   4   2   5   4   2   2   3   3   2   2  15  13  11   0   2   3  0.25 0.26
  209 S    -1  -1   0   3   0   0   2  -2   0  -1  -2   0   0   0   3   0  -1  -5  -1  -2    4   3   4  15   2   3  14   3   3   3   3   6   3   4  12   8   4   0   2   3  0.22 0.23
  210 T    -1  -1   1   3  -2   0   3   1   0  -2  -4   0  -5  -1  -1   0  -1  -6  -3  -3    5   3   6  16   1   3  22  12   2   3   2   6   0   3   3   7   4   0   1   1  0.37 0.32
  211 L     2  -3  -3  -2  -1  -2  -3   3  -1  -1   2  -3   0   2  -2  -2  -1   0  -2   1   15   1   1   2   1   2   2  20   1   4  19   2   2   8   2   2   4   1   1  10  0.28 0.25
  212 A     2  -3  -1  -3  -1  -3  -2  -3  -1   2   3  -2   2   0  -3  -2  -1  -5   1   0   17   2   3   1   2   1   3   2   1  13  30   2   4   3   1   3   3   0   4   6  0.37 0.30
  213 R     0   0   1   3  -5   1   3  -3  -1  -2  -3   2   0  -1  -2  -1   0  -5  -2  -3    8   5   6  19   0   7  17   2   2   2   2  11   2   3   2   5   5   0   2   2  0.35 0.31
  214 R     0   0   0   0   2   0   0  -1   1   0  -1   0   1   0   0   0   0  -2   1   0    5   5   5   5   5   5   5   5   5   5   5   5   5   5   5   5   5   0   5   5  0.03 0.05
  215 L    -2  -6  -6  -6   2  -6  -2  -7  -6   6   3  -6   2   0  -6  -6  -2  -6  -5   1    3   0   0   0   4   0   3   0   0  39  28   0   4   4   0   0   3   0   0   9  1.12 0.53
  216 A     2  -4  -2  -2   1  -2  -2  -2  -1   2   1  -2   0   0  -4  -1   0   0   1   2   21   0   2   2   3   2   2   2   2  14  11   2   3   3   0   4   6   2   5  14  0.26 0.21
  217 E    -1   1   0   1  -1   1   2  -2   1  -1  -2   2  -1   0  -1  -1   0   0   1  -2    4   8   5   9   1   7  16   3   3   4   4  11   2   4   2   5   5   1   4   2  0.16 0.15
  218 K     0   0   1  -1   0   0   0  -2   0   1   1   1   0  -1  -3   0   0  -3   0   1    6   4   8   2   2   4   5   2   3  11  15  10   2   3   0   6   5   0   3   9  0.07 0.10
  219 S     2  -5  -2  -2   3  -4  -4  -2  -1  -3  -2  -4  -5  -2  -5   5   0  -1   0  -3   18   0   2   3   6   0   0   3   1   1   4   0   0   2   0  49   4   1   3   2  0.91 0.60
  220 C    -1   1   2   1  -1   2   3   2   1  -3  -4   2  -2  -5  -4   0  -2  -5   0  -3    4   6  11   8   2   8  17  13   3   1   2  14   1   0   0   5   1   0   3   1  0.35 0.28
  221 R    -4   2   2  -2  -1  -1  -1   6   0  -6  -6  -2  -2  -6  -5  -2  -3  -6  -2  -6    0  13   9   2   1   3   3  56   2   0   0   2   1   0   0   3   1   0   2   0  1.19 0.61
  222 N    -5  -5   6   7  -1  -3  -3  -5  -1  -4  -5  -3  -6  -7  -2  -1  -3  -7  -6  -6    0   0  32  51   2   1   0   0   1   1   1   2   0   0   2   4   1   0   0   0  1.66 0.77
  223 L    -3  -2  -6  -6   1  -3  -2  -5  -5   1   4  -5   7  -1  -3  -3  -3  -5  -4  -1    2   2   0   0   2   1   3   1   0   8  44   0  26   2   1   1   1   0   0   4  1.08 0.54
  224 R    -3   8  -2  -5  -1   0  -1  -3  -4  -6  -5   0  -5  -6  -1  -2  -1  -6  -2  -4    2  70   2   0   1   3   3   2   0   0   1   5   0   0   3   2   4   0   1   1  1.62 0.74
  225 K    -3   5   0  -2  -2   3  -2  -4  -1  -2  -2   4  -2  -3  -4  -2   0  -5  -1  -2    2  30   3   2   1  14   2   1   1   2   3  26   1   1   0   3   5   0   2   2  0.72 0.43
  226 A     6  -4  -3  -4   1  -4  -4   0  -4  -1  -1  -4  -1  -3  -4   0  -2  -5  -4   0   59   0   1   0   3   0   0   6   0   4   6   0   2   1   0   7   2   0   0   5  0.92 0.52
  227 L    -4  -5  -4  -6   0  -5  -4  -5  -5   6   3  -5   0  -2  -5  -5  -1  -1  -1   1    1   0   1   0   2   0   1   1   0  49  27   0   2   1   0   0   4   1   2   6  1.12 0.53
  228 L    -3   1   5  -2  -1  -2  -3  -3  -1  -2   2  -2   3  -2  -4   0   1   4  -2  -3    1   8  29   1   1   1   1   1   1   2  19   1   8   1   0   5  10   5   1   1  0.55 0.39
  229 M     0  -2   0  -2   0  -1  -2  -3  -2   1   1  -2   3   1  -3   2   1  -2   0   0    5   2   5   2   2   2   1   1   1  10  16   1  11   6   0  16   8   1   3   7  0.19 0.20
  230 C    -2  -2  -6  -6   2  -2  -5  -5  -5   0   5  -5   2   3  -6  -5  -3  -4  -1  -2    4   3   0   0   4   2   0   1   0   4  61   0   5  12   0   0   1   0   1   2  1.08 0.54
  231 E    -5  -2   0   0  -7   7   5  -6  -2  -4  -6   0  -5  -7  -5  -3  -5  -6  -6  -6    0   1   4   4   0  50  32   0   1   1   0   4   0   0   0   1   0   0   0   0  1.63 0.79
  232 A     3  -3  -1  -4   1  -3  -2  -2   0   0  -1  -2   1  -1  -3   3   1  -4  -1  -1   31   1   2   0   3   1   1   2   3   5   6   2   4   2   0  24   7   0   2   4  0.40 0.32
  233 C     2  -3  -2  -4   6  -2  -3  -2  -1   0   0  -1   1  -1  -4  -1   2  -4   0   0   21   1   1   0  15   2   0   2   1   6  11   4   4   2   0   4  15   0   4   6  0.38 0.28
  234 R     1   1  -1  -2   1  -1  -2  -3   4  -2  -3   2  -2  -1  -3   2  -1   4   1  -1   13   9   3   1   3   2   1   1   9   2   2  14   1   2   1  17   2   6   5   4  0.32 0.27
  235 V     1   1   0  -2  -2   0  -1  -1   0   0   0   1   2  -1  -2   0   0  -2   0   0   14  10   6   2   1   4   2   3   2   4  11   8   7   2   1   6   5   1   4   8  0.07 0.11
  236 Q     1   0   1  -1  -3   2  -1   0   1   0   0   1   0   0  -2   0   0  -2   0  -1   11   3   6   3   0  10   3   8   4   6  11   8   3   5   1   8   5   0   2   4  0.05 0.08
  237 Q     0  -1   3  -1   1   1  -1   0   2  -2  -2   1  -1   2  -1   0  -1   1   2  -2    8   3  14   3   3   5   3   6   5   2   3   9   1   9   3   8   4   2   7   2  0.14 0.15
  238 Y    -2  -1   1   2  -2   0   0   2   0  -2  -3   1  -2   0   0   0  -1  -2   4  -1    2   3   6  10   1   3   6  14   2   3   2   9   1   3   5   6   3   0  16   5  0.22 0.20
  239 P     0   0   2   1   0  -1   1   0   0  -1  -2   0  -1  -1   3   0   0  -4  -2  -2    6   4   9   8   2   2   9   8   2   3   4   7   2   3  15   8   5   0   1   3  0.17 0.14
  240 F    -1  -1   0  -1  -1   0   0  -2  -1   2   1   0  -1   3   0  -1  -1   0   0   1    3   3   5   4   1   4   6   3   1  12  12   6   1  15   4   5   3   1   2  10  0.10 0.11
  241 T    -2   0   3   0  -3  -1  -1  -2  -1   2  -1   1  -2  -3  -2   1   3  -4  -1   0    2   4  14   4   0   2   4   3   2  11   5  10   1   1   1  11  18   0   2   6  0.23 0.22
  242 E     0  -1   0   2   0   0   2   0  -1   0  -2   1  -1  -2   0   0   0  -1  -1   0    7   3   5  13   3   2  14   6   1   8   3   8   1   1   4   8   6   1   2   6  0.11 0.11
  243 D    -1   0   0   0   2   0   0  -1   2   0  -1   0   2   1   0  -1   0   4   1  -1    5   5   5   5   5   5   5   5   5   5   5   5   5   5   5   5   5   5   5   5  0.09 0.08
  244 Q    -1   0   0   0   2   0   0  -1   2   0  -1   0   2   1   0  -1   0   4   1  -1    5   5   5   5   5   5   5   5   5   5   5   5   5   5   5   5   5   5   5   5  0.09 0.08
  245 E     0   0   0   1  -1   1   2  -2   1  -1  -2   1  -1  -2   1   0   0  -4  -1   1    8   4   4   8   1   6  12   3   3   4   4   7   1   2   7   6   5   0   2  11  0.07 0.13
  246 I    -1  -2  -1  -1   1  -2  -2  -3  -1   4   0  -2   0   0  -1  -1  -1  -4   1   2    4   2   3   4   3   2   3   2   1  25   8   2   2   5   4   4   3   0   4  16  0.24 0.25
  247 P     0  -1  -1  -1  -1   0  -1  -2   0   1   0   0   0   0   2   0   0  -3   1   1    6   3   3   4   2   4   3   3   2  10   6   6   3   4   9   6   4   0   6  14  0.04 0.11
  248 E    -1   0  -1   0   0   0   1   0   0   0   0   1   0   0   0   0  -1  -2   1   0    4   4   3   6   2   4   9   7   2   6  11   9   3   3   5   6   3   0   6   8  0.02 0.05
  249 T     0  -1   0   0   2   0   1  -3   0   0   0   0   0  -1   2   0   1  -4  -1   0    7   3   4   4   6   4   8   1   2   4   8   5   3   2  10   6  10   0   2   8  0.09 0.12
  250 D     0  -2  -1   3   2   0   0   1  -1   0  -1  -1  -1  -2   1   0   0  -4  -1   0    7   2   2  17   5   3   6  10   2   7   4   3   2   2   7   7   5   0   2   8  0.13 0.16
  251 W     0  -2  -2  -2   1  -2  -1   1   0  -1  -2  -2  -1  -2  -2   0   1   9   1   0    7   3   2   2   3   2   4  10   2   4   4   3   2   2   2   8   8  24   5   6  0.67 0.47
  252 E     0  -1  -1   1  -2   0   3   2  -1  -1  -2  -1  -1  -2   2  -1  -2  -1  -1  -1    6   2   3   7   1   4  22  13   2   3   3   4   2   2  12   4   2   1   2   5  0.25 0.26
  253 V     0   0   0   0  -1   1   0  -1   2   1   0   0   0  -2   0   0   0  -3  -1   1    6   5   3   5   1   5   7   3   6   9   8   5   3   1   5   6   6   0   2  11  0.04 0.07
  254 Y    -1  -3  -2   1  -1  -1   0  -3   0   1  -1  -1  -1   1   4  -1  -1  -4   3   1    5   1   2   7   1   2   5   2   2  10   6   3   1   5  18   4   3   0   9  10  0.25 0.24
  255 L    -1  -1  -2  -1   1  -2  -3  -4   0   4   1  -2   0  -2   3  -2  -1  -2  -2   1    5   4   2   3   3   2   2   1   2  25  14   2   2   2  14   3   3   1   1  10  0.39 0.30
  256 R     0   1   0   2  -1   1   2  -1   0  -2  -2   1  -1  -3   2   0  -1  -5  -2  -2    9   8   4  10   1   5  13   4   2   3   3   8   2   1  12   7   4   0   1   3  0.20 0.20
  257 E    -2   0   1   2  -5   2   4  -2  -1  -1  -3   2  -2  -3  -2   0  -1  -3  -2  -3    3   4   7  13   0   8  25   3   1   3   3  11   1   1   2   8   3   0   1   2  0.42 0.36
  258 T    -3  -3  -3   0  -1  -3  -1  -4  -4   5   1  -3   2  -3  -3  -3   1  -2  -3   2    2   2   1   6   1   1   4   1   0  34  14   2   4   1   2   1   8   1   1  12  0.61 0.41
  259 A     3  -4  -3  -4   0  -3  -3  -3  -6   4   0  -3   0  -2  -2  -2  -1  -1  -2   3   25   1   2   1   2   1   2   2   0  21   8   2   2   1   2   3   3   1   1  19  0.53 0.40
  260 N    -1   1   2   3  -4   1   1  -2   0  -3  -3   4  -3  -3  -4   0   0  -6  -1  -4    5   8   9  13   0   7  10   3   2   2   2  21   1   1   1   5   5   0   2   1  0.39 0.35
  261 A     0  -1   1   2  -2   1   2  -2  -2   0   0   1   0  -1  -2   0   0  -1  -1  -1    7   2   8  10   1   6  11   3   1   7   9  10   3   3   1   8   5   1   2   3  0.11 0.15
  262 I    -2  -4  -4  -3   3  -3  -3  -5  -2   5   2  -4   5   0  -6  -4  -2  -2  -1   1    4   1   1   2   5   1   2   1   1  30  19   1  14   3   0   2   2   1   3   8  0.77 0.50
  263 V    -2  -2  -2  -3  -5  -2  -3  -3  -2   3   3  -2   3   2  -2  -2  -1   0  -1   1    3   2   2   1   0   1   2   2   1  16  28   3   7   8   2   3   4   1   2  10  0.39 0.30
  264 S     0   1   2   1  -2   2   2  -1  -1  -2  -2   1  -2  -3  -3   1   0   0  -1  -2    8   6   8   7   1   8  14   4   1   3   4  10   1   1   1   9   6   1   2   2  0.18 0.22
  265 Q     1  -1   0   1   2   0   2  -2   1  -1   0   0   0  -2  -2   0   0   3  -1  -1   12   2   5   7   4   5  15   3   4   4   9   5   2   2   1   7   4   4   2   3  0.13 0.16
  266 Q     0  -1  -1  -1   6   2  -2  -3   0   0   0   0   1   0   2  -1  -1   1  -1  -1    8   3   3   4  14   9   3   2   2   4   8   5   3   4   9   5   4   2   2   4  0.28 0.21
  267 T    -1  -1   1  -1   0   0  -2  -2   1   1   1   0   1   1  -2   1   1   1   0  -1    4   3   6   4   2   5   3   3   3   7  15   6   3   6   2  12   7   2   3   4  0.09 0.10
  268 P    -1  -2   2   0   0   0   0  -2   0  -1  -2   1   1  -1   3   1  -1  -6  -1  -1    6   3  10   5   2   5   7   3   2   4   4   8   3   3  14  10   5   0   2   4  0.19 0.19
  269 Q    -1  -1   1   2   0   1   1   3  -1  -3  -4   3   0  -3  -2   0  -2  -7  -2  -3    6   4   6  10   2   6   9  18   1   2   2  14   2   2   2   8   3   0   1   2  0.29 0.25
  270 R    -1   1   2   2   2   0  -1  -2   0  -2  -2   1  -1   0  -2   1  -1   0  -1  -2    6   8  10  12   4   5   3   3   3   3   4   9   2   4   2  11   5   1   3   4  0.18 0.16
  271 L    -3  -2  -4  -3  -2  -3  -2  -5  -1   3   2  -2   1   5  -4  -2  -1   2   3   1    3   2   1   2   1   1   3   1   2  13  17   3   3  19   1   3   4   3   8   8  0.53 0.31
  272 L    -1  -1   0   2   0  -1   1  -3   0   0   0   2   0   1  -2   0   0  -5   1  -2    5   3   5  11   2   3  10   2   2   5  10  11   3   5   2   7   6   0   4   3  0.12 0.12
  273 E     1  -2   1   2  -7   1   3  -2  -1   0  -2   2  -1  -2  -4   0   0  -1  -1  -2   11   2   6   9   0   5  19   3   1   6   4  12   1   2   1   6   5   1   3   3  0.28 0.24
  274 V     3  -4  -4  -4   1  -6  -4  -3  -6   5   0  -2   0  -2  -4  -2  -1  -1  -2   3   21   1   1   1   3   0   1   2   0  25   9   2   2   2   1   4   3   1   1  18  0.64 0.42
  275 R    -2   6  -1  -3  -1   1   0  -5   0  -1  -1   0   0   1  -6  -2  -2   0   2  -1    3  37   3   2   1   6   6   1   3   3   6   5   2   5   0   4   2   1   6   4  0.65 0.46
  276 G     1   0   2   1  -2   1   2   1  -1  -3  -3   2  -3  -5  -2   1   1  -5  -3  -2   10   5   9   7   1   5  13  10   1   1   2  12   1   0   1   9   8   0   1   4  0.24 0.24
  277 R    -1   1   0  -1  -2   1   0  -2  -1   1  -1   3   0   0  -3  -1   1  -1  -1   0    6   7   5   4   1   5   5   3   1   7   7  22   3   4   1   4   7   1   3   6  0.18 0.18
  278 L    -2  -4  -6  -4  -1  -6  -4  -4  -6   3   4  -3   2   2  -5  -2  -1   0  -3   3    4   1   0   1   1   0   1   1   0  14  37   1   4   7   1   3   3   1   1  17  0.71 0.44
  279 Y    -3   0   1   1  -2   3   0  -4   0  -2  -1   1   1  -1  -5  -1  -1  -4   6  -1    2   5   7   7   1  13   5   1   2   2   7   8   3   3   0   4   4   0  22   4  0.46 0.37
  280 E    -1  -2   3   3  -6   1   4  -2   0  -3  -4   2   0  -6  -4   0  -1  -6  -3  -5    5   2  11  16   0   5  26   3   3   2   2  10   2   0   1   7   4   0   1   1  0.56 0.43
  281 L    -4  -4  -4  -3  -1  -4  -4  -5  -6   3   5  -1   3   0  -6  -4  -1  -5  -2   0    2   1   1   2   1   1   2   1   0  14  49   4   5   4   0   1   4   0   1   7  0.88 0.51
  282 L    -3  -3  -4  -5   0  -2  -3  -4  -3   3   3  -1   3   0  -5  -2  -1   5   0   1    2   1   1   0   2   2   2   1   1  18  30   4   6   4   0   3   4   7   4   9  0.57 0.37
  283 T     0   0   1   1  -1   0   1  -2   0   1  -1   0   0  -2  -2   0   1  -4   0   0    9   6   6   7   1   4   8   3   2   9   7   6   2   2   1   8  11   0   3   6  0.07 0.10
  284 H    -2   0   1   1   0   2   2  -2   5  -3  -1   1  -1  -2  -4   0   0  -2   0  -4    4   5   7   8   2   8  14   2  13   1   7   9   1   2   0   6   7   1   3   1  0.31 0.28
  285 C    -2  -5   1  -3   6  -3  -5   6  -2  -3  -2  -3  -1  -1  -5  -3  -3  -3  -4  -5    4   1   7   2  12   1   1  52   1   2   4   2   2   3   1   2   1   0   1   1  1.18 0.67
  286 I    -4  -4  -2  -5  -3  -3  -5  -4  -2   4   1  -4   0   1  -6  -4  -4   3   6   2    1   1   2   1   1   1   1   2   1  23  12   1   2   5   0   1   1   3  27  13  0.96 0.56
  287 P     2  -2  -1   0  -1  -3  -2  -3   1  -3  -3  -1  -3  -4   4   4   0  -6  -5  -5   13   2   3   6   1   1   2   1   3   2   3   3   1   1  19  32   5   0   0   1  0.66 0.52
  288 P     2  -3  -2  -3  -1  -4  -2   1  -4   0   0  -1  -1  -3   4   0   0  -5  -2   1   15   1   2   1   2   0   3  12   0   6  11   3   1   1  18   8   5   0   1   9  0.29 0.27
  289 E    -1   0   1   2  -3   1   2   0   0  -1  -2   0  -1  -4  -3   1   0  -5  -2   0    5   5   5  10   0   7  15   7   3   4   5   6   1   0   1  11   7   0   2   6  0.15 0.18
  290 I    -2  -2   0   5  -2   3   0  -3  -3   0   0  -1  -2   0  -4  -2   0  -6  -1  -1    4   2   4  30   1  11   6   2   0   6  10   3   1   5   1   2   5   0   2   5  0.44 0.37
  291 I    -2  -5  -4  -6  -6  -7  -6  -5  -4   7   2  -7   1   0  -7  -4  -1  -2  -2   2    3   1   1   0   0   0   1   1   1  51  16   0   3   4   0   2   3   1   2  11  1.24 0.67
  292 M    -4  -6  -4  -5   0  -4  -6  -5  -3   4   4  -6   2   3  -7  -4  -3  -6  -2   2    1   0   1   1   2   1   1   1   1  22  38   0   5  10   0   1   1   0   2  13  0.96 0.56
  293 K    -1   2   1   0  -3   2   1  -1   0  -1  -1   3  -1  -2  -3   1   0  -3  -1  -1    3  10   6   4   1   9  10   4   3   3   6  16   1   2   0   9   7   0   2   4  0.20 0.21
  294 G    -1   0   0   1  -2   4   1  -1   0  -2  -2   1  -1  -1  -5   0   2  -5  -1  -2    5   4   5   6   1  21  10   5   2   2   4   7   2   3   0   6  12   0   3   3  0.30 0.31
  295 L    -3  -5  -4  -7  -1  -6  -7  -7  -3   4   5  -7   4   0  -7  -5  -2  -6  -3   1    2   1   1   0   1   0   0   0   1  19  50   0   9   4   0   1   2   0   1   8  1.20 0.66
  296 L    -1  -2  -2  -4   0  -1  -3  -3   5   1   2  -2   0   2  -4  -1   0  -3   2   2    4   2   1   1   2   2   2   2  13   7  16   2   2  10   0   4   6   0   6  15  0.36 0.28
  297 S    -2   3   2   2  -3   0   2  -2  -1  -3  -2   2  -1  -1  -2   0   0  -2  -3  -2    3  13   9  13   1   4  15   3   1   1   3  10   2   3   2   6   5   1   1   3  0.28 0.26
  298 E     0   1  -2   0  -1   2   3  -2   0  -1  -1   1  -1   1  -4  -1  -2  -1   2   0    6   7   2   4   1   9  21   2   2   4   5   7   1   5   0   3   3   1   8   8  0.22 0.23
  299 L    -2  -6  -3  -7   1  -5  -5  -7  -3   4   4  -6   0   2  -5  -4  -2  -6  -4   3    3   0   2   0   3   1   1   0   1  20  37   0   2   7   0   2   2   0   0  19  0.94 0.53
  300 L    -2  -2  -2  -4  -4  -2  -4  -4  -2   3   3   2   3   1  -4  -2  -2  -2  -2   2    3   2   2   1   0   2   1   1   1  15  25  11   7   6   1   3   2   1   1  14  0.44 0.31
  301 H    -1   2   3   0  -2   0   1  -3   1  -4  -3   3  -2  -3   0   0   0  -5  -1  -2    6   9  12   6   1   4   9   2   4   1   2  20   1   1   4   8   6   0   2   3  0.32 0.28
  302 N    -1   1   3   3  -3   1   0  -2   2  -1  -2   2  -1  -3  -1   0  -1  -6  -2  -3    4   8  15  17   1   5   6   3   5   4   4  10   2   1   2   8   4   0   1   1  0.32 0.28
  303 C    -2  -4  -3  -3   4  -5  -3  -4  -6   4   3  -2   4   0  -5  -2  -3  -2  -1   2    3   1   1   2   7   0   2   1   0  21  25   3  10   3   1   3   2   0   2  14  0.64 0.40
  304 D    -3  -3   2   5  -5  -2   1  -3  -1  -3  -6   0  -4  -7   5   1  -2  -3  -5  -5    2   1   8  29   0   2   7   2   2   2   1   5   1   0  24  11   2   1   0   1  0.90 0.61
  305 G    -1  -3   1   4  -6  -2   4  -1  -3  -2  -3  -1  -3  -1   1   0  -2  -4  -3  -2    6   1   6  25   0   2  23   4   1   2   3   3   1   3   7   8   3   0   1   3  0.54 0.43
  306 Q     0   0   1   1  -3   1   2  -3   1  -1  -1   1  -2  -2   0   2  -1  -3   0  -2    7   5   7   6   0   6  13   1   3   4   6  10   1   2   4  14   3   0   3   3  0.16 0.19
  307 L     0  -1  -1  -2   0   2  -2  -4  -2   2   2  -1   1   0  -4  -1   0  -3  -1   2    9   3   3   2   2   9   2   0   1  12  21   5   3   4   0   4   5   0   2  13  0.23 0.22
  308 K    -3   3  -2  -5  -5   1  -5  -6   0  -1  -1   7   0  -5  -4  -4  -5  -2  -4  -3    2  16   2   1   0   5   0   0   2   4   6  52   2   1   1   1   1   1   1   2  1.28 0.77
  309 G     2   0  -1  -3   2  -1  -2  -2   0   1   1  -1   1  -2   1   0  -1  -4  -1   1   18   6   4   1   4   2   3   2   2   9  14   3   3   2   7   8   4   0   2   8  0.14 0.16
  310 E    -2   1   0   1  -4   2   4  -3   1  -3  -3   3  -4  -2  -4  -1  -2  -4   0  -2    3   7   5   6   0   9  27   2   4   2   3  16   0   2   1   4   2   0   3   3  0.51 0.41
  311 V    -4  -7  -6  -8  -1  -7  -6  -7  -7   6   4  -7   2   2  -8  -6  -3  -2  -1   2    2   0   0   0   1   0   1   0   0  35  29   0   4   8   0   0   2   1   2  14  1.24 0.65
  312 A     0  -5  -4  -1   2  -4  -4  -3  -4   4   3  -5   2   0  -5  -2  -1  -2   0   2    9   0   1   3   4   1   1   2   0  23  23   0   4   4   1   3   4   1   3  12  0.53 0.35
  313 Q    -1   1   0   2  -3   1   2  -3   1   0  -1   3   0  -2  -3  -1  -1  -3   0  -2    4   8   5  10   1   6  15   1   4   5   6  16   2   1   1   5   3   0   4   3  0.24 0.23
  314 M     0   0  -2  -2  -1   0   1  -2   0   1   1   2   0  -1  -5  -2  -2   5   0  -1    7   5   1   2   1   4  10   4   2   8  16  15   2   2   0   2   3   8   3   3  0.25 0.24
  315 A     3  -6  -7  -5   0  -4  -6  -5   1   3   4  -6   4   1  -7  -3  -2  -6   1  -2   20   0   0   1   2   1   0   1   3  17  32   0   8   5   0   2   2   0   5   2  0.80 0.51
  316 A     6  -3  -4  -4  -1  -2  -4   3  -5  -6  -4  -3  -3  -4  -6   2  -4  -8  -7  -5   50   1   1   1   2   2   1  18   0   0   2   2   1   1   0  16   1   0   0   1  1.16 0.75
  317 Y    -4  -2  -2   4  -2   0   4  -4   0  -1  -1   0  -2   1  -6  -3  -2  -2   2  -3    1   2   2  19   1   4  30   1   2   4   6   7   1   6   0   2   3   1   6   2  0.62 0.47
  318 Y     0  -7  -4  -7   2  -4  -5  -7  -1   4  -1  -5  -2   1  -7  -2   2  -5   6   1    9   0   1   0   4   1   1   0   1  23   5   0   1   5   0   3  11   0  24  10  0.93 0.58
  319 E    -5  -4   0   5  -4   0   6  -8   3  -7  -9  -3  -8  -6  -6  -2  -5  -9  -3  -6    1   1   4  25   1   4  51   0   6   0   0   2   0   0   0   3   0   0   1   1  1.61 0.94
  320 H    -2  -2  -1  -3  -1  -1   0  -3   6  -3  -3   2   3   2  -5  -2  -4   1   5  -3    4   2   2   1   1   3   6   2  18   1   3  13   7   7   0   3   1   2  18   2  0.73 0.50
  321 R    -2   7   1  -4   1  -1  -5  -4  -2  -7  -5   1  -1  -5  -8  -3  -2  -4  -1  -6    4  61   7   1   2   3   0   1   1   0   1   7   1   0   0   2   3   0   3   1  1.59 0.91
  322 L    -3  -6  -5  -8   0  -5  -5  -7  -6   4   5  -6   4  -2  -6  -3  -4  -7  -6   1    2   0   1   0   2   0   1   0   0  17  53   0  10   1   0   3   1   0   0   7  1.26 0.71
  323 Q     1   1   1  -4   1   0  -2  -3  -1   0   0   0  -1  -4  -1   2   1  -5  -3   1   14   8   6   0   3   3   2   1   2   5   9   6   1   0   3  17   8   0   0  11  0.20 0.24
  324 L    -1   1   0   3  -3   2   2  -1   0  -1   0   0   0  -2  -4   0   0  -3  -2  -2    3   7   3  15   1  11  12   5   2   4  10   6   2   2   0   8   5   0   1   2  0.19 0.21
  325 G    -2  -6  -2  -8  -2  -8  -5   7  -5 -10  -8  -4  -5  -9  -7  -2  -5  -9  -9  -7    4   0   2   0   1   0   1  84   0   0   0   1   0   0   0   3   1   0   0   1  2.38 1.18
  326 S     3  -1  -1  -5   5   0  -4   1  -6  -3  -3  -2  -3  -5  -4   3   2  -7  -3   0   23   3   3   0  10   4   0  10   0   1   3   2   0   0   1  19  11   0   1   7  0.53 0.44
  327 K    -3   1   4   3  -5  -1  -3  -2  -3  -5  -7   4  -5  -4  -5   3  -1  -8  -5  -6    1   7  19  17   0   3   1   3   0   1   0  22   0   1   0  19   4   0   0   0  0.86 0.60
  328 A     0  -4  -1   3  -5  -1   5  -3   0  -6  -7  -2  -7  -8   2   0   0  -8  -4  -4    8   1   3  12   0   3  40   2   2   0   0   3   0   0  10   7   5   0   1   1  0.89 0.64
  329 I    -2   1  -1  -3  -4  -1   0  -5   0   4   1   1   0   2  -5  -1  -2  -2   3  -1    3   7   3   1   0   2   6   1   2  25  10  11   2   7   0   4   2   1   9   2  0.37 0.30
  330 Y    -4  -7  -6  -8  -3  -5  -7  -7  -4   5   3  -7   1   4  -6  -6  -3  -1   1   2    2   0   0   0   0   1   0   0   0  30  29   0   3  13   1   0   2   1   4  13  1.09 0.60
  331 H    -5  -3  -4  -6 -10   8  -3  -9   8  -6  -9   0  -8  -9  -6  -5  -7  -9  -3  -8    1   1   1   0   0  59   1   0  28   1   0   5   0   0   0   1   0   0   1   0  2.61 1.34
  332 L    -6  -8  -9  -9  -4  -8  -6  -9  -9   4   6  -8   1   1  -9  -8  -5  -7  -7  -1    0   0   0   0   0   0   1   0   0  19  68   0   3   4   0   0   1   0   0   4  1.79 0.90
  333 E     0  -4  -1   0  -2  -3   6   0   1  -3  -2  -3   0  -7  -6   1  -1  -7  -2  -4    9   1   3   4   1   1  44   7   3   1   5   1   3   0   0  11   3   0   2   1  0.79 0.58
  334 A     5  -3  -2  -2  -1  -4   2   2  -5  -6  -5  -4  -3  -7  -5   1  -5  -3   1  -5   49   1   2   2   1   0  11  13   0   0   1   1   1   0   0  12   0   0   4   1  0.96 0.66
  335 F    -6  -8  -8  -9   1  -8  -8  -9  -7   0   4  -8   3   7  -6  -8  -5  -1   1  -2    1   0   0   0   3   0   0   0   0   4  36   0   6  41   0   0   1   1   3   3  1.68 0.83
  336 V    -1  -7  -6  -8   0  -7  -7  -4  -6   5   2  -7  -1  -3  -7  -5  -2  -7  -4   5    4   0   0   0   2   0   0   2   0  29  19   0   1   1   0   1   3   0   0  38  1.24 0.66
  337 A     6  -6  -4  -7  -2  -4  -6   0  -7  -1  -4  -4  -6  -7  -6   2  -1  -7  -5  -1   63   0   1   0   1   1   0   6   0   4   1   1   0   0   0  13   4   0   0   5  1.35 0.80
  338 K     2   2   1  -3  -1   1  -1  -2   1  -2  -4   4  -4  -4  -4   1   0  -6  -1  -2   15  12   6   1   1   6   3   3   3   2   1  27   0   1   0   9   5   0   2   4  0.46 0.37
  339 F    -2  -7  -7  -8   0  -7  -7  -6  -6   3   2  -7   0   7  -7  -6  -3  -2  -1   1    3   0   0   0   2   0   0   1   0  13  18   0   2  46   0   0   2   0   2  10  1.44 0.70
  340 M    -2  -5  -4  -7   4   0  -4  -6   0   1  -2  -4  10  -2  -7  -4  -4  -1  -3  -2    3   1   1   0   7   5   1   1   2   6   3   1  61   2   0   1   1   1   1   3  2.08 0.97
  341 A     2   1   0   0   2  -2  -1  -2   0  -3  -1   0   2  -3  -4   4   0  -5  -1  -2   16   8   3   4   4   1   4   2   2   1   6   6   5   1   0  29   4   0   2   2  0.32 0.31
  342 L    -3  -3  -5  -4   1  -2  -5  -6  -4   5   3  -5   2   1  -6  -4  -2   3  -2   1    2   2   0   1   3   3   1   0   0  31  31   0   5   5   0   1   2   3   1   8  0.80 0.45
  343 Y    -2   0  -5  -5  -6  -2  -5  -2   1   0   0  -2  -2   3  -6  -1  -5  -3   8  -3    4   5   0   0   0   2   0   4   3   5   9   3   1  10   0   4   0   0  47   2  1.14 0.60
  344 K    -1   2   0  -1  -6  -1   0  -2   2  -3  -4   6  -2  -4  -5  -3  -3  -6  -1  -5    5  10   5   3   0   2   5   2   4   1   1  55   1   1   0   1   1   0   3   0  1.03 0.57
  345 K    -2   2   2  -2  -1   2   0  -2  -1  -1  -4   5   1  -5  -4   0  -1  -5  -4  -3    3  11  12   1   1   9   6   3   2   4   1  33   4   0   0   8   2   0   0   1  0.53 0.37
  346 F    -2  -4   0  -5  -5  -1  -4  -5   2  -1   0  -4   1   5  -5   2  -3   4   6  -2    2   0   4   0   0   3   0   0   5   3   7   0   4  23   0  16   0   5  25   2  0.80 0.44
  347 M    -2  -2  -2  -4   1  -1  -2  -4  -4   3   3   0   4   0  -4  -1  -1  -3  -3   1    2   1   2   0   4   2   2   0   0  15  33   6  12   3   0   4   2   0   0  11  0.40 0.25
  348 E     0  -1   1   2  -3   2   2  -3   2  -2  -2   0   2  -2  -1   1   1   0  -1  -2    7   2   6  11   0   8  15   0   5   2   3   5   8   1   2  12   8   1   2   1  0.20 0.17
  349 D    -2   0   3   3  -4   1   3  -2  -1  -4  -4   3  -3  -5  -3   0  -1  -5  -4  -3    2   5  13  18   0   5  23   2   1   0   1  18   0   0   0   6   3   0   0   1  0.53 0.28
  350 G     0  -2   4  -1  -2  -2  -3   4  -3  -3  -3  -2   0  -3  -3   1  -1  -4  -3  -2    8   2  28   2   1   1   0  30   0   1   2   1   3   1   1  13   3   0   1   2  0.53 0.29
  351 L     0  -3  -2  -4  -3  -3  -1  -4  -3   0   3  -3   5   2  -4  -1  -2  -2   3   1   10   0   2   0   0   0   4   0   0   4  28   0  23   7   0   4   1   0  10   7  0.44 0.25
  352 E     0   0  -1   2  -3   0   2   1  -2  -1  -1  -1   3  -3  -1   1  -1  -4  -3  -1    8   5   1  15   0   4  16  11   0   2   5   0  13   0   2  14   0   0   0   4  0.22 0.17
  353 G    -1  -1  -1   3  -4  -1  -1   4  -3  -4  -4  -2   0  -2   1   0   1  -4  -4  -4    1   4   1  20   0   2   1  43   0   0   0   0   4   2   7   4   9   0   0   0  0.58 0.24
  354 M    -3  -3  -3  -2  -3   1   0  -4   0   2   1  -2   6   2  -4  -3  -2  -2   2   0    0   0   0   2   0  10   5   0   2  11  12   0  36  12   0   0   0   0   7   3  0.50 0.24
  355 M    -3  -3  -2   4  -3  -2  -2  -2  -3   1   2  -3   3   3  -3  -2  -2  -3  -1  -1    0   0   0  35   0   0   0   2   0   7  29   0  12  15   0   0   0   0   0   0  0.45 0.19
  356 F    -3  -4  -4  -5  -3  -4  -4  -4  -3   1   0  -4   0   8  -5  -4  -3   0   2  -1    0   0   0   0   0   0   0   0   0   7   3   0   2  88   0   0   0   0   0   0  1.26 0.22

                      K         Lambda
Standard Ungapped    0.1342     0.3212
Standard Gapped      0.0382     0.2670
PSI Ungapped         0.1249     0.3177
PSI Gapped           0.0382     0.2670
