
Last position-specific scoring matrix computed, weighted observed percentages rounded down, information per position, and relative weight of gapless real matches to pseudocounts
            A   R   N   D   C   Q   E   G   H   I   L   K   M   F   P   S   T   W   Y   V   A   R   N   D   C   Q   E   G   H   I   L   K   M   F   P   S   T   W   Y   V
    1 M    -4  -4  -5  -6  -4  -3  -5  -6  -4  -1   0  -4  10  -3  -5  -4  -3  -4  -4  -2    0   0   0   0   0   0   0   0   0   1   1   0  98   0   0   0   0   0   0   0  2.48 0.56
    2 F    -4  -5  -5  -6  -4  -5  -5  -5  -4  -1   4  -5   1   7  -5  -3  -4  -2   0  -2    0   0   0   0   0   0   0   0   0   0  43   0   2  54   0   1   0   0   0   0  1.27 0.36
    3 S     3   0   0  -2   0  -1  -2   0  -3  -3  -3  -2  -3  -4  -2   5   1  -4  -3  -2   25   4   3   0   2   2   0   5   0   1   1   0   0   0   1  50   5   0   0   1  0.59 0.27
    4 R    -3   7  -1  -3  -5   0  -2  -4  -2  -5  -3   1  -3  -5  -4  -2  -2  -5  -4  -4    1  81   2   1   0   3   0   0   0   0   2   6   0   0   0   1   1   0   0   0  1.56 0.43
    5 A     4   0  -1  -3   0  -1  -1  -2  -3  -2  -2  -1  -1  -3  -1   2   2  -4  -3  -1   45   4   2   0   2   3   2   1   0   1   3   1   1   1   2  18  12   0   0   3  0.41 0.22
    6 S     4  -2  -1  -3  -2  -2  -2   1  -3   0  -2  -2  -1  -3  -2   2   0  -4  -3   2   41   1   2   0   0   1   0  10   0   4   1   0   1   0   0  14   5   0   0  16  0.38 0.20
    7 V     1   4  -2  -3   1   0  -1  -2  -2  -1   1  -1  -1  -2  -1   0  -1  -4  -3   1   12  33   0   0   3   4   2   3   0   3  16   0   0   1   2   6   2   0   0  15  0.28 0.19
    8 V     1   1  -2  -3   1  -2  -2  -2  -3   1   1  -1   0  -1   4   0  -1  -4  -3   0   14  11   2   0   3   0   0   2   0   8  14   1   1   3  25   6   1   0   0   8  0.34 0.16
    9 G     3   1  -1  -3   1  -2  -2   2  -2  -1  -1  -2   0  -1  -2   0  -1  -3   0   0   32  11   2   0   3   1   0  17   0   4   6   0   3   3   1   6   2   0   4   7  0.20 0.15
   10 L     0   0  -3  -3  -2  -1   0  -3  -3   0   3  -2   2   0   2   0  -1  -3  -2   1    6   6   0   1   1   2   6   0   0   1  34   0   5   4  12   8   2   0   1  11  0.22 0.15
   11 S     1   2  -1  -2  -2   0   0  -1   0  -2   0   0  -1  -2   2   3   0  -4  -3  -2    9  14   1   0   0   4   4   4   2   1  10   4   1   1   9  27   4   0   0   2  0.22 0.15
   12 A     4   2  -1  -3  -3   0  -2   0  -2  -1  -2  -2  -1  -4   1   0   0  -4  -2  -2   46  11   3   0   0   5   0   6   1   3   4   0   2   0   7   5   6   0   1   1  0.38 0.23
   13 C     2  -1  -2  -2   5  -1  -3   2  -2  -1  -2  -2  -2  -3   0   0  -1   2  -1   1   22   3   0   2  14   2   0  17   1   2   3   0   1   0   4   7   2   4   2  14  0.29 0.18
   14 A     3  -3  -2  -3  -3  -2  -2  -1  -3  -2  -2  -3  -1  -2   4   1   0  -4  -3   2   33   1   2   0   0   1   1   3   0   0   4   0   1   1  23  10   4   0   0  16  0.53 0.26
   15 V     1   0  -1  -2  -2  -1  -1  -1  -1   0   1  -1   1   0   1   0   1   0  -1   1   17   8   1   2   0   2   3   3   1   3  12   1   6   4   6   7  12   1   1  12  0.07 0.08
   16 Q     1   3   0  -2  -1   1  -1   1   1  -1   0   0  -1  -2  -1   1   0  -3  -2   0   14  20   6   1   1   8   2  10   3   3   8   1   1   2   2   9   4   0   0   6  0.12 0.11
   17 P     2  -2  -1  -2   1   0  -1  -1  -1  -1  -2  -2  -1  -2   4   0   0  -1  -1  -1   25   2   3   1   4   5   4   4   2   3   3   1   1   1  25   6   5   1   2   2  0.37 0.18
   18 Q     2   1  -2  -2  -2   2  -1   0  -1  -1  -1   0  -2  -1   0   1   0  -3  -2   0   22  11   1   0   0  15   2   6   1   3   5   4   0   3   4  10   6   0   0   9  0.16 0.14
   19 W     2  -1  -1  -2   0  -1  -2   1  -1  -2  -1  -2  -2  -2   3   1   0   4   0  -1   19   3   2   0   2   3   1  13   2   2   6   0   0   0  17  10   5   7   4   4  0.28 0.15
   20 I     0  -1  -1  -1  -2   2   0  -1  -1   1   0  -1   1   0   1   0   1  -2   0   1   11   2   2   2   0  14   4   3   1   8   9   0   3   5   9   4   8   0   3  11  0.08 0.08
   21 Q    -1   1   3  -2  -4   6  -1   1   1  -4  -3  -1  -2  -5   1   0  -2  -4  -3  -4    4   7  13   0   0  44   1   9   4   1   2   0   1   0   7   6   1   0   0   0  0.71 0.35
   22 V     3   0  -1  -3  -1   2  -2  -3  -3   0  -2  -2  -2  -3  -1   1   1  -2   0   2   33   7   2   0   1   9   1   0   0   5   1   0   0   0   3   9   7   0   3  17  0.29 0.22
   23 R     2   7  -3  -4  -3  -2  -1  -3  -3  -5  -5   1  -3  -5  -2  -2  -2  -5  -4  -4   18  64   0   0   1   0   2   2   0   0   0   5   1   0   2   2   2   0   0   1  1.25 0.48
   24 N    -2   0   4   0  -4  -2  -2   3   2  -4  -4  -1  -3  -2   0   0   1  -4  -2  -3    1   6  28   5   0   1   1  26   5   0   0   3   0   2   4   7   9   0   1   2  0.50 0.25
   25 M    -5  -8  -7 -10  -8  -7  -9  -8  -8  -5  -5  -8  11   0  -9  -7  -8  -4   0  -5    1   0   0   0   0   0   0   0   0   0   0   0  88   3   0   0   0   0   4   1  3.86 1.54
   26 A     6  -5  -4  -6  -6  -3  -2  -3  -7  -5  -4  -4  -5  -7   3   0  -3  -8  -6  -5   63   0   1   0   0   1   3   2   0   1   2   1   0   0  16   8   1   0   0   0  1.49 0.82
   27 T    -3  -5   5  -4  -5  -2  -3   1  -5  -7  -7  -2  -7  -6  -6   5   4  -8  -7  -6    2   0  23   0   0   2   1   9   0   0   0   3   0   0   0  34  23   0   0   0  1.18 0.71
   28 L    -2  -4  -6  -7  -6  -3  -3  -3  -7   1   5  -4   3  -4  -3  -3   2  -7  -6  -1    3   1   0   0   0   1   2   2   0   7  57   1   5   0   2   2  11   0   0   3  1.03 0.58
   29 K    -6   6  -4  -7  -9   1  -5  -7  -1  -3  -4   6  -6  -9  -7  -4  -5  -9  -8  -6    1  39   1   0   0   6   0   0   1   2   2  46   0   0   0   1   0   0   0   0  1.88 0.92
   30 D     0  -5  -3   5  -8   1   5  -4  -2  -3  -5  -3  -4  -7  -7  -2  -2  -6  -7  -2    8   0   1  28   0   6  40   1   1   2   1   1   0   0   0   4   3   0   0   3  1.16 0.67
   31 I    -7  -9  -9  -9  -7  -9  -9 -10  -9   8   3  -9  -2  -4  -9  -8  -3  -8  -2   1    0   0   0   0   0   0   0   0   0  65  22   0   1   0   0   0   2   0   1   9  2.12 0.92
   32 T    -4   6  -3  -5  -9   0   0  -7  -4  -8  -5   6  -6  -7  -7  -2  -3  -9  -8  -5    2  37   1   0   0   4   6   0   0   0   1  41   0   0   0   4   2   0   0   1  1.60 0.82
   33 R    -2   5   3  -1  -6   1  -3   0  -2  -1  -1   1  -1  -6  -6   0   1  -7  -6  -2    3  31  11   4   0   6   1   7   1   4   5   8   1   0   0   6   8   0   0   3  0.58 0.41
   34 R    -8   8  -6  -8 -10  -2  -7  -9   0 -10  -9   2  -8 -10  -9  -6  -7 -10  -9  -8    0  82   0   0   0   2   0   0   2   0   0  13   0   0   0   0   0   0   0   0  2.88 1.26
   35 L    -8  -4  -9 -10  -8  -7  -9  -8  -9   8   1  -5   4  -6  -9  -7  -5  -9  -8  -2    0   1   0   0   0   0   0   0   0  73  13   1   8   0   0   0   1   0   0   2  2.34 1.01
   36 K     0   4   0  -2  -8   0  -2  -1  -2  -4  -6   6  -6  -8  -6  -1  -1  -8  -6  -4    7  17   5   2   0   5   2   5   1   1   0  43   0   0   0   5   4   0   0   1  1.01 0.61
   37 S     0  -7  -3  -7  -5  -7  -7  -1  -8  -6  -7  -7  -8  -9  -8   7  -1 -10  -9  -5    7   0   1   0   0   0   0   6   0   0   1   0   0   0   0  80   4   0   0   1  2.16 1.13
   38 I    -3  -9  -7  -9  -7  -8  -9  -9  -9   5  -3  -8  -4  -7  -9  -6   0  -9  -6   7    2   0   0   0   0   0   0   0   0  30   2   0   0   0   0   1   6   0   0  59  2.01 0.92
   39 K    -3   3   0  -3  -8   3   1  -1  -3  -6  -7   6  -7  -7  -7   0  -1  -8  -7  -7    2  13   4   2   0  10   8   5   0   0   0  43   0   0   0   7   5   0   0   0  1.08 0.64
   40 N    -4  -5   7  -2  -8  -4  -3  -3  -4  -9  -9   0  -8  -9  -8   5  -3 -10  -6  -7    1   0  51   2   0   1   2   2   0   0   0   6   0   0   0  33   2   0   0   0  1.87 0.97
   41 I    -7  -9  -6  -8  -8  -8  -8  -9  -9   6  -5  -8  -1  -8  -8  -6   7  -9  -8  -3    0   0   0   0   0   0   0   0   0  35   1   0   1   0   0   0  61   0   0   2  2.35 1.12
   42 Q    -1   4  -4  -6  -6   6   1  -2  -2  -6  -4   3   2  -7  -7  -1  -5  -8  -6  -6    6  17   1   0   0  33   9   3   1   0   2  18   4   0   0   4   0   0   0   0  1.12 0.69
   43 K    -8  -2  -6  -7 -10   6  -5  -9   0 -10  -8   7  -8 -10  -8  -6  -6 -10  -9  -8    0   2   0   0   0  32   0   0   2   0   0  62   0   0   0   0   0   0   0   0  2.46 1.20
   44 I    -8 -10 -10 -10  -8 -10 -10 -11 -10   9  -2 -10  -1  -6 -10  -9  -3 -10  -8   1    0   0   0   0   0   0   0   0   0  85   3   0   2   0   0   0   2   0   0   8  2.84 1.19
   45 T    -5  -9  -7  -9  -4  -8  -8  -9  -9  -7  -9  -8  -3  -8  -9  -5   9 -10  -9  -8    1   0   0   0   0   0   0   0   0   0   0   0   1   0   0   0  97   0   0   0  3.31 1.52
   46 K    -3   4   1  -5  -9   0  -4  -3  -2  -9  -8   6  -5  -9  -7   1  -4  -9  -5  -8    2  22   7   0   0   5   1   2   1   0   0  47   0   0   0  11   1   0   0   0  1.46 0.80
   47 S     7  -8  -8  -8  -5  -7  -8  -7  -8  -6  -8  -7  -8  -9  -8   1   2  -9  -9  -5   78   0   0   0   0   0   0   0   0   1   0   0   0   0   0   9  12   0   0   1  2.18 1.11
   48 M    -9 -10 -10 -11 -10  -5 -10 -11 -10  -6  -3 -10  12  -7 -11 -10  -6 -10  -9  -7    0   0   0   0   0   0   0   0   0   0   2   0  96   0   0   0   0   0   0   0  4.54 1.83
   49 K    -6  -1  -2  -5  -9   3   4  -4  -4  -9  -9   6  -3  -8  -7  -5  -6  -9   0  -8    0   3   2   0   0  13  27   1   0   0   0  47   1   0   0   1   0   0   4   0  1.63 0.90
   50 M    -3  -6  -9 -10  -8  -6  -9 -10  -9   0   3  -5  10  -5 -10  -6  -3  -9  -8  -2    2   0   0   0   0   0   0   0   0   5  27   1  60   0   0   0   2   0   0   2  2.59 1.18
   51 V    -7 -10 -10 -10  -8  -9  -8 -10 -10   4  -4  -9  -3  -8  -9  -9  -6 -10  -8   8    0   0   0   0   0   0   0   0   0  19   1   0   1   0   0   0   0   0   0  79  2.61 1.17
   52 A     6  -8  -7  -7  -7  -7  -7  -7  -8  -9  -9  -7  -8  -9  -8   5  -5 -10  -9  -7   63   0   0   0   0   0   0   0   0   0   0   0   0   0   0  36   0   0   0   0  2.21 1.15
   53 A     6  -5  -5  -7  -7  -5  -7  -3  -8  -5  -7  -6  -5  -7  -7   3   2  -9  -8  -3   60   1   0   0   0   0   0   2   0   1   0   0   0   0   0  19  13   0   0   2  1.60 0.90
   54 A     5  -7  -4  -7  -7  -6  -7  -6  -7  -4  -7  -7  -5  -6  -7   5   2  -9  -8  -1   44   0   1   0   0   0   0   0   0   1   0   0   0   0   0  36  12   0   0   5  1.52 0.89
   55 K    -8   4  -5  -8 -10  -4  -6  -8  -6 -10  -9   8  -7 -10  -8  -7  -8 -10  -6  -9    0  17   0   0   0   0   0   0   0   0   0  81   0   0   0   0   0   0   0   0  2.78 1.28
   56 Y    -6  -8  -9  -9  -7  -8  -9  -9  -8  -1   5  -8   7   2  -9  -6  -5  -7   2  -1    1   0   0   0   0   0   0   0   0   3  55   0  23   7   0   1   1   0   6   4  1.75 0.86
   57 A     0   7  -1  -7  -8   0  -6  -5   0  -6  -6   4  -4  -6  -6  -3  -1  -5  -4  -3    7  48   4   0   0   4   0   1   2   0   1  21   0   0   0   2   5   0   1   2  1.38 0.76
   58 R    -4   6  -4  -6  -9  -1  -6  -2  -1  -9  -9   6  -6  -8  -8  -3  -6  -9  -6  -6    1  41   1   0   0   3   0   4   2   0   0  45   0   0   0   2   0   0   0   1  1.92 0.97
   59 A     7  -8  -5  -3  -5  -5  -5  -6  -6  -2  -4  -7  -3  -4  -7   0  -1  -4  -4  -1   73   0   1   1   0   0   1   0   0   2   2   0   1   1   0   7   4   0   1   4  1.71 0.93
   60 E    -7   1  -5  -5  -9   8   3  -6  -3  -4  -5   0  -1  -7  -8  -4  -2  -9  -8  -2    0   7   1   0   0  60  15   1   1   1   1   5   1   0   0   1   3   0   0   3  1.87 1.05
   61 R     0   3   1   2  -7   2   3  -2  -2  -3  -3   1  -1  -6  -5  -1  -1  -7  -5  -3    8  14   6  13   0   9  19   3   1   2   2   9   1   0   0   5   4   0   0   2  0.46 0.38
   62 E     3   5   1  -1  -5   1  -1  -4  -3  -3  -2   2   0  -6  -6  -1  -2  -7  -3  -3   23  28   6   3   0   7   5   1   0   1   4  10   2   0   0   4   2   0   1   2  0.65 0.47
   63 L     3  -6  -5  -7  -4  -4  -6  -6  -7   2   3  -6   6  -1  -7  -4  -1  -7  -2   3   21   0   1   0   0   1   0   0   0  12  22   0  16   3   0   1   4   0   2  16  0.90 0.55
   64 K    -1  -1   1  -1  -5   1   4  -4  -1   0   1   1   0  -1  -5  -2   0  -4  -3   0    5   3   6   4   0   6  25   1   1   5  16   9   3   2   0   3   6   0   1   6  0.30 0.28
   65 P     3   1   3   0  -3   1   0  -1  -1  -4  -4   1  -2  -5  -1   2  -2  -7  -4  -3   25   8  12   5   1   7   7   4   1   1   2   8   1   0   3  12   2   0   0   2  0.38 0.34
   66 A     4  -5   0  -6  -1  -5  -6   1  -5  -2  -2  -6   1   1  -6   3   1  -7  -3  -2   32   0   4   0   1   0   0  10   0   2   4   0   3   5   0  24   9   0   1   3  0.72 0.54
   67 R    -6   8  -3  -6 -10  -1  -2  -6  -3  -6  -3   3  -3  -5  -8  -3  -3  -9  -7  -5    1  67   1   0   0   3   3   1   1   1   3  13   1   1   0   2   2   0   0   1  1.99 1.01
   68 V    -1  -5  -3  -3  -7  -3  -2  -3  -2  -4  -5  -3  -8  -5   8  -1  -2  -9  -5  -1    6   1   2   2   0   1   3   2   1   1   2   2   0   1  65   4   3   0   1   4  1.79 0.99
   69 Y    -9  -9 -10 -10 -10  -9 -10 -10  -3  -5  -4  -9  -3   4  -8  -8  -8  -4  10  -8    0   0   0   0   0   0   0   0   1   1   2   0   1  14   0   0   0   0  81   0  3.44 1.52
   70 G     4  -4  -2  -3  -6  -2  -3   2  -2  -2  -3  -4  -2   2  -5   1   0   0  -1  -2   37   1   2   1   0   2   2  15   1   2   2   1   1   8   0  12   6   2   2   3  0.61 0.46
   71 T    -1   0   1   2  -6   3   4  -3  -1  -2  -2   1  -2  -3  -5  -1   0  -4  -3  -1    4   5   7  13   0  11  24   2   2   2   5   7   1   1   0   5   6   0   1   4  0.40 0.34
   72 G     1   1  -2  -3  -3   0   0   1  -1  -2  -2   4  -1  -4  -1   0   1  -2  -3  -2   10   7   2   1   1   4   6  11   2   2   4  25   2   1   3   6  10   1   1   3  0.31 0.29
   73 S     1  -6  -3  -5  -4  -4  -5  -6  -5   3   3  -5   5   0  -4   0  -1  -5  -3   1   12   0   2   1   0   1   0   0   0  17  29   0  13   4   1   9   3   0   1   7  0.70 0.45
   74 L    -1   2   2   0  -4   2   1  -3   1  -2  -1   2  -1  -2  -3   0   1   2   0  -2    6  13  10   4   0   9   8   2   3   2   7  10   1   1   1   7   8   2   3   2  0.21 0.21
   75 A     1   1   0   2  -4   2   4  -1  -1  -3  -4   1  -2  -4  -5   0  -1  -5  -3  -3   10   6   5  10   0   8  27   6   1   2   2   7   1   1   0   7   4   0   1   2  0.43 0.36
   76 L    -3  -6  -5  -6  -5  -6  -5  -7  -8   4   3  -7   4   2  -8  -4  -1  -7  -5   4    3   0   1   1   0   0   1   0   0  22  24   0   9   8   0   2   4   0   0  25  1.04 0.57
   77 Y    -2  -5  -6  -4  -3  -6  -6  -6  -4   3   4  -6   4   4  -7  -4  -3  -2   3   2    3   1   0   1   0   0   0   0   0  17  31   0   8  13   0   1   2   1   8  11  0.88 0.50
   78 E     1   0   1   2  -5   2   3   0  -1  -4  -4   1  -4  -4  -4   2  -1  -5  -4  -3   10   5   6  10   0   8  20   6   2   1   1   9   0   1   0  14   3   0   0   2  0.41 0.35
   79 K    -2   2   4   2  -6   0   0  -4   5  -5  -3   1  -2  -5  -3   1  -2  -7  -3  -6    3  11  18  10   0   4   7   1  14   0   3   9   1   0   1  11   3   0   1   0  0.65 0.45
   80 A     1  -3  -3  -5  -3  -4  -4  -3   4   2   2  -3  -3  -2   3  -1  -1  -6  -4   2   14   1   1   1   0   1   1   2   9  11  23   2   0   2  12   5   3   0   0  12  0.45 0.34
   81 D     0  -4  -1   1  -5  -3   2  -2  -2  -3   1  -2  -1   0   4   0  -3  -5   0  -3    9   1   3   9   0   1  15   3   1   1  15   2   1   4  22   6   1   0   3   2  0.42 0.35
   82 I    -1  -3  -3  -4  -3  -2  -2  -3  -3   1   4  -3   1   2  -3  -2   1  -4   1   1    5   1   1   1   1   2   3   2   0   8  38   1   3   9   1   3   9   0   5   8  0.48 0.33
   83 K     0   1  -1  -1  -2   0   0  -2   0  -1   1   2   0   1  -2   0   0  -4  -2  -1    9   7   2   4   1   4   7   2   2   2  17  13   2   5   2   8   7   0   1   3  0.11 0.14
   84 A     1  -1   0  -2  -3   1   2  -2   4  -3  -2   1  -2  -4   1   0   0  -4  -2   0   14   3   4   2   0   7  12   3  11   1   4   8   1   0   8   7   6   0   1   7  0.25 0.25
   85 P    -1   2  -1  -1  -5   0   1  -2   1  -3  -3   1  -4  -4   5  -1   0  -7  -3  -2    4  12   2   4   0   4   9   3   4   2   3   7   0   1  28   5   6   0   1   3  0.54 0.40
   86 E    -2   5   1   1  -6  -2   4  -1  -1  -5  -4   0  -4  -4  -2  -1  -2  -7  -4  -4    4  29   6   7   0   2  25   5   1   1   2   6   0   1   2   4   3   0   1   2  0.74 0.50
   87 D    -1  -2   1   3  -6   0   5  -1  -2  -5  -4   1  -3  -7   2  -1  -2  -5  -5  -4    4   1   7  15   0   4  32   5   1   1   2   9   1   0  10   4   3   0   0   1  0.66 0.48
   88 K    -1  -1  -2   0  -3  -2   1   0  -3   1  -2   1  -2  -5   0   0   0  -6  -4   3    6   4   2   5   0   1  11   7   1   9   2  11   1   0   6   7   4   0   0  24  0.25 0.26
   89 K    -3   2   2  -1  -7   0   1   1   1  -5  -6   6  -6  -6  -1  -1  -1  -5  -6  -5    2  10   8   3   0   3   8   9   3   1   0  39   0   0   4   5   4   0   0   1  0.81 0.53
   90 K    -3   4   3  -3  -5  -2  -4  -4   0  -6  -6   6  -7  -6  -2  -1   0  -8  -6  -3    2  21  13   2   0   1   1   1   2   0   0  39   0   0   3   4   7   0   0   2  1.12 0.67
   91 H     0   0  -1  -3  -2  -1   0  -4   2   2  -2  -1  -3  -2  -2  -1   2  -5   0   3    7   6   2   1   1   2   5   1   5  13   3   5   0   1   2   4  14   0   3  23  0.31 0.27
   92 L     2  -4  -5  -3   3  -6  -3   2  -4  -1   4  -5   0  -3  -6  -3  -2  -4  -4   0   15   1   0   1   6   0   2  15   0   2  42   1   2   1   0   1   2   0   0   7  0.72 0.48
   93 I    -4  -7  -4  -8  -3  -6  -8  -8  -5   4   3  -7   1   2  -8  -7  -3  -2   4   3    1   0   1   0   1   0   0   0   0  22  28   0   3   6   0   0   1   1  15  20  1.12 0.61
   94 I    -5  -9  -7  -9  -2  -8  -6  -9  -9   6   2  -8  -1  -1  -9  -8  -6  -8  -5   5    1   0   0   0   1   0   1   0   0  38  17   0   1   2   0   0   0   0   0  40  1.71 0.83
   95 G     1  -5  -5  -8  -2  -6  -7  -4  -3   3   2  -7  -1  -2  -1  -5  -2  -8  -5   6   10   0   1   0   1   0   0   1   1  12  15   0   1   1   3   1   3   0   0  49  1.14 0.64
   96 V    -3  -8  -8  -9   1  -8  -8  -8  -8   6   1  -5   2   3  -8  -6  -5  -7  -3   4    3   0   0   0   3   0   0   0   0  39  10   1   5   9   0   0   0   0   1  29  1.40 0.70
   97 S     1  -7  -4  -7  -4  -7  -5  -1  -8  -7  -8  -7  -5  -9  -5   4   6  -9  -8  -5   12   0   1   0   0   0   1   5   0   0   0   0   0   0   0  31  49   0   0   1  1.69 0.98
   98 S     2  -7  -6  -6  -7  -7  -7   1  -8  -8  -6  -7  -8  -9  -1   6   1  -9  -8  -7   13   0   0   0   0   0   0  11   0   0   1   0   0   0   4  62   9   0   0   0  1.65 0.98
   99 D    -9  -8   4   8 -10  -5  -1  -8  -6  -6 -11  -5 -10 -11  -9  -4  -6 -11 -10 -10    0   0  14  79   0   0   3   0   0   1   0   1   0   0   0   1   1   0   0   0  2.74 1.28
  100 R    -7   7  -4  -8 -10  -3  -5  -6  -4  -8  -5   5  -1  -9  -8  -3  -2  -9  -8  -6    0  55   1   0   0   1   1   1   1   0   1  33   1   0   0   3   2   0   0   0  2.09 1.05
  101 G    -6 -10  -6  -9 -10  -9  -9   8  -9  -6  -8  -9 -10 -10  -9  -3  -7 -10 -10 -10    0   0   0   0   0   0   0  96   0   1   0   0   0   0   0   2   0   0   0   0  3.03 1.36
  102 L    -8  -9 -10 -11  -8  -7 -10 -11 -10  -4   7  -9   1  -2 -10  -9  -8  -9  -8  -4    0   0   0   0   0   0   0   0   0   1  94   0   3   2   0   0   0   0   0   1  2.61 1.21
  103 C     3 -10  -8 -11  11 -10 -10  -9 -10  -9  -8 -10  -9 -10 -10  -3  -6 -10 -10  -3   19   0   0   0  75   0   0   0   0   0   0   0   0   0   0   2   1   0   0   2  3.68 1.53
  104 G    -5  -8  -8  -9 -10  -9 -10   8  -9 -11 -11  -9 -10 -11 -10  -6  -9 -10 -11 -11    1   0   0   0   0   0   0  98   0   0   0   0   0   0   0   0   0   0   0   0  3.21 1.42
  105 A     4  -8  -4  -6  -7  -7  -7   5  -6  -7  -8  -6  -8  -9  -1   3  -3  -9  -8  -5   28   0   1   0   0   0   0  43   0   0   0   0   0   0   4  21   1   0   0   1  1.45 0.84
  106 I    -6  -8  -9  -9  -2  -6  -5  -9  -5   2   1  -8  -3   7  -9  -8  -6  -5   7   0    1   0   0   0   1   0   1   0   0  11  13   0   1  38   0   0   0   0  28   6  1.81 0.87
  107 H    -5  -8   9  -5 -10  -7  -8  -8   5  -6 -11  -8  -9  -8  -5  -5  -4 -11  -9  -5    1   0  82   0   0   0   0   0  12   1   0   0   0   0   1   1   1   0   0   1  3.04 1.40
  108 S     2  -6   1  -5  -5  -3  -4  -2   2  -1  -5  -4  -3  -7  -6   5   3  -5  -3  -2   17   0   5   0   0   1   1   3   5   4   1   1   1   0   0  39  17   0   1   3  0.91 0.64
  109 S    -1  -3   8  -3  -8   1  -5   0  -1  -8  -5  -3  -4  -6  -7   1  -1  -9  -5  -5    5   1  57   1   0   5   0   7   1   0   1   2   0   0   0  11   4   0   0   1  1.55 0.87
  110 V    -3  -8  -7  -9  -5  -8  -8  -8  -7   6   3  -8   0  -6  -6  -5  -3  -8  -7   5    2   0   0   0   0   0   0   0   0  33  29   0   2   0   0   1   1   0   0  30  1.49 0.75
  111 A     0  -6   0  -6   0  -4  -5  -4  -5   4   2  -6  -1   3  -6   0  -1  -4  -2   1    9   0   4   0   2   1   0   1   0  24  20   0   1  13   0   6   3   0   1  10  0.60 0.40
  112 K    -4   6  -1  -6  -9  -3  -3  -8  -2  -7  -7   6  -8  -8  -8  -4  -6  -9  -6  -7    1  40   3   0   0   1   1   0   1   0   0  49   0   0   0   1   0   0   0   0  2.04 1.03
  113 Q     2   1  -1  -3  -3   1   1  -3   0  -2   0   2   0   1  -4  -1   0  -2   1  -2   15   8   2   1   0   6  10   1   2   2  12  15   2   5   0   3   6   0   5   3  0.21 0.22
  114 M     5  -6  -6  -7  -1  -6  -6  -4  -7   1   0  -6  -1  -1  -6  -1   3  -7  -5   3   38   0   0   0   1   0   0   1   0   7   9   0   2   3   0   4  15   0   0  19  0.88 0.56
  115 K    -1   3   0  -1  -5   0   3  -3   0  -1   1   2   0  -3  -4  -2  -1  -2  -3  -1    5  15   4   2   0   5  16   2   2   4  13  13   3   1   0   3   4   1   1   4  0.27 0.25
  116 N     1   2   2   1  -4   1   2  -2   1  -3  -3   2  -3  -3  -3   0  -1  -4  -3  -4   12  12  10   6   0   7  13   3   3   1   3  13   1   1   1   8   4   0   1   1  0.31 0.27
  117 E    -1   1  -2  -2  -2   0   1  -4   2   0   1   0   1   3  -4  -2   0   2   3  -1    4   8   2   2   1   4  10   1   5   4  12   5   3  15   0   2   6   3   8   5  0.23 0.20
  118 V    -1  -3  -5  -5  -2  -4  -4  -5  -1   5   3  -4   4   0  -6  -4  -2  -2   0   2    5   2   0   0   1   1   1   1   1  32  23   1   8   3   0   1   2   1   3  13  0.78 0.43
  119 A     1   2   1   0  -4   1   1  -1  -1  -3  -2   3  -2  -4  -2   0  -1  -4  -2  -2   14  12   6   6   0   6  10   4   1   1   4  18   1   0   1   7   4   0   1   2  0.28 0.23
  120 A     0   0   1   2  -3   2   4  -2  -1  -4  -3   1  -4  -3  -3   0   0  -5  -4  -4    7   4   6  10   0   7  29   4   1   1   3   9   0   1   1   8   6   0   1   1  0.48 0.34
  121 L    -1   0   2   0  -1  -1   0  -3   2   0   2   1  -1   0  -3  -1  -1   1   2  -1    4   6  10   4   1   3   7   2   4   4  22   8   1   4   1   4   4   2   7   3  0.13 0.13
  122 T     0   1   0   0  -3   1   2  -1   0  -2  -2   3  -2  -3   2   0   0  -4  -1  -2    6   6   4   4   1   6  15   4   2   3   4  16   1   1   9   6   6   0   3   2  0.23 0.20
  123 A     2   0   1   1  -3   1   2   0   0  -2  -3   1  -3  -3   0   1   0  -3  -3  -3   18   5   6   7   0   6  12   7   2   2   2   9   1   1   4   9   5   0   1   2  0.20 0.19
  124 A     1   0   0   1  -4   3   3  -2  -1  -3  -3   2  -3  -4   0   1  -2  -4  -4  -3   14   4   4   6   0  11  19   4   1   2   3  10   1   1   4  10   2   0   0   2  0.32 0.27
  125 G    -1  -2   3   2  -3  -1  -1   4   0  -3  -3   0  -4  -2  -1   0  -2  -3   0  -3    4   2  13   9   0   2   5  32   2   1   3   6   0   2   3   6   3   0   4   1  0.47 0.29
  126 K     0   1   0   0  -2   1   1  -1   0   0  -2   3  -2  -3   1  -1  -1  -2  -2   0    6   6   4   5   1   5   8   5   3   7   4  21   1   1   6   5   3   1   2   8  0.16 0.15
  127 E    -2  -1   3   2  -5   1   4  -3  -1  -3  -4   2  -3  -5   0   0   0  -5  -4  -4    4   3  11  11   0   5  28   2   1   2   2  11   1   0   5   5   5   0   1   1  0.54 0.37
  128 V     0  -4  -2  -3   0  -4  -4  -4  -3   3   0  -4  -1   1  -1  -1   1  -4   2   4    7   1   2   2   2   1   1   2   1  16   7   1   1   5   4   4   7   0   6  32  0.52 0.33
  129 M    -2   1   0   2  -2   1   1  -2   0  -1  -2   3   0  -3  -3   1   0  -3  -1  -1    2   7   3  13   1   5  10   2   2   3   4  16   3   1   1  11   6   0   3   5  0.22 0.21
  130 I    -3  -6  -7  -8  -1  -6  -8  -6  -6   4   4  -7   0   3  -6  -5  -3  -3   0   3    2   0   0   0   1   0   0   1   0  24  33   0   2  11   0   1   1   0   4  19  1.09 0.57
  131 V    -2  -4  -5  -4  -1  -5  -5  -6  -1   5   0  -6   2   3  -7  -3  -2  -2   3   4    4   1   0   1   1   0   1   1   1  27   9   0   4  12   0   3   2   1   8  24  0.83 0.48
  132 G     2  -5  -4  -6   5  -5  -6  -1  -6   1   0  -6  -1  -1   1  -1   3  -6  -3   3   14   0   1   0  11   0   0   5   0   8   9   0   1   3   6   4  16   0   1  20  0.57 0.41
  133 V    -3  -6  -8  -8   0  -7  -8  -7  -5   6   1  -5  -1   0  -7  -4  -4  -3  -2   5    2   0   0   0   2   0   0   0   0  37  11   1   1   4   0   1   1   1   1  35  1.36 0.68
  134 G    -6  -6  -5  -8  -5  -8  -7   8  -8  -7  -9  -8  -5  -9  -7  -6  -7  -8  -7  -6    0   1   0   0   0   0   0  94   0   0   0   0   0   0   0   0   0   0   0   1  2.91 1.29
  135 E    -3   5   0   2  -7   0   1  -4  -3  -4  -5   5  -5  -6  -6  -1  -3  -7  -5  -4    2  24   4  10   0   3  10   2   1   1   1  33   0   0   0   5   2   0   0   1  0.97 0.58
  136 K    -6   1  -5  -6  -8  -3  -5  -3  -5  -6  -5   8  -3  -8  -7  -5  -5  -4  -2  -3    1   6   0   0   0   1   0   2   0   1   1  79   1   0   0   1   1   0   1   2  2.29 1.10
  137 I     4  -4  -4  -6   1  -4  -5   5  -6   0  -3  -3  -3  -5  -3   0  -3  -6  -5  -1   28   1   1   0   3   1   1  41   0   5   2   2   1   0   1   8   2   0   0   4  0.97 0.56
  138 K     0   5  -1  -3  -3  -1  -1  -3  -1   0  -2   3  -1  -1  -4  -2  -1  -1   2   0    7  30   3   1   1   2   4   2   1   5   4  15   1   2   1   3   3   1   7   7  0.50 0.36
  139 G     2  -1   0   4  -6   0   2   1  -3  -5  -4  -2  -2  -5  -4   1  -2  -6  -5  -4   16   4   5  24   0   5  13  12   1   0   2   2   1   1   0  11   2   0   0   1  0.55 0.41
  140 I     0  -4  -4  -5  -5   3  -4  -3   2   2  -1  -3   0   5  -4  -2  -2  -2   5  -2    9   1   1   1   0  13   1   2   5   9   7   1   2  23   1   2   2   0  16   3  0.70 0.43
  141 L    -1  -3  -4  -3  -3  -3  -4  -4  -2   0   4  -4   2   5  -5  -2  -3  -3   0  -2    5   2   1   2   1   1   1   1   1   4  41   1   5  22   1   4   2   0   2   3  0.80 0.44
  142 Y    -1   2  -1  -3  -3   1  -1  -2   1  -2  -2   3  -2   3  -4   0  -2  -3   3  -1    6  12   3   1   0   7   3   3   3   3   4  17   1  11   1   7   2   0  12   5  0.33 0.26
  143 R    -2   6   0  -4  -2  -1  -2  -3   0  -3  -2   2  -2   3  -4  -1  -2  -2   0  -3    4  37   4   1   1   3   2   2   2   1   4  11   1  12   1   5   3   1   3   2  0.72 0.43
  144 T     0   4   0  -1  -4   0  -1  -3  -1  -1   0   3  -1  -2  -3   0   2  -4  -1  -3    7  20   5   3   0   3   4   2   2   5   8  15   2   2   1   8  11   0   2   2  0.29 0.26
  145 H    -2   3   2  -3  -3  -1  -2   1   4  -4  -2   2  -1   2  -3  -2  -4  -1   3  -3    3  16   9   1   1   2   2  13   9   1   4  12   2  10   1   3   1   1   8   1  0.43 0.32
  146 S     0   3  -1  -2  -3  -1  -2   3   0  -1  -3   1  -1  -1   1   0  -3  -1   0  -2    8  15   3   2   0   2   2  22   2   4   2  10   1   3   7   6   1   1   4   3  0.27 0.24
  147 D    -1  -1   2   3  -4   0   1   0   0  -2  -3   2  -2  -2  -1  -1  -2   0   2  -2    4   2  11  16   0   4   9   7   2   3   3  13   1   2   4   4   2   1   7   3  0.24 0.22
  148 Q    -2   0   3  -1  -1   1   1  -3   1   0  -1   1  -1  -1   1  -1  -1  -1   2   0    3   4  15   3   1   5   9   2   3   6   7   8   2   3   7   5   4   1   8   6  0.14 0.15
  149 F    -2  -2  -1  -2  -3  -3  -1  -4  -2   5   1  -2   1   2   0  -3  -1  -3   0   2    2   3   3   3   0   1   4   1   1  29  12   2   3   9   5   2   3   0   3  13  0.43 0.28
  150 L    -1   0  -3  -1  -4   0  -1  -4   0   3   1   0  -1  -2  -2  -1  -1  -5  -1   3    6   5   1   3   0   4   5   1   2  19  15   6   1   2   2   4   3   0   2  20  0.26 0.22
  151 V     2   0  -1   0  -2  -1   0   0   0   0   1   0   0  -1  -2   0   0  -1  -1   1   18   4   2   6   1   2   7   6   2   5  13   7   2   2   1   6   5   1   2   9  0.05 0.09
  152 S     0  -1   1   1  -2   0   2  -1   1  -3  -4   0  -1  -1  -2   3   1  -5   0  -1    8   3   6   7   1   3  13   5   4   2   1   5   1   3   1  20  10   0   3   5  0.22 0.24
  153 F     0  -3  -2  -1  -1  -2   0  -2  -1   1  -2  -2  -2   6  -5  -1  -2   0   4   0    7   1   2   3   1   2   7   3   2   7   4   2   1  29   0   4   3   1  12   7  0.55 0.37
  154 K     0  -1   2   1  -2  -1   1  -2   1  -1  -2   0  -1   1  -1   1   2   1   2  -1    7   3   9   9   1   2   8   2   3   3   4   5   1   7   3   9  11   2   7   5  0.12 0.15
  155 D    -2  -2   2   2  -4   1   2   1   1  -1  -1  -1  -1  -1  -1  -1   0   0   0  -1    3   2   9  13   0   6  13  11   3   4   6   4   1   3   4   4   6   1   3   4  0.15 0.16
  156 V    -1  -2   0   0  -3  -1  -2   0  -2   2   1  -2   1   0  -1  -1  -1  -2   0   2    4   1   5   6   0   2   3   9   1  16  15   1   4   5   4   4   4   1   3  13  0.12 0.13
  157 G    -1  -4  -1  -1  -2  -2  -2   3  -2   1   0  -2   0   2   0   0  -1  -2  -1  -1    5   1   3   4   1   2   2  26   1  10   9   2   2   8   5   9   4   1   2   5  0.23 0.20
  158 R     0   2  -1   2  -4   0   0   0  -1  -1  -2   3  -2  -1  -1   1  -1   0  -2  -2    6   9   3  14   0   4   6   6   1   3   3  17   1   3   3  10   4   1   2   3  0.20 0.19
  159 K    -1   0   2   4  -6   1   2  -2  -2  -3  -4   2  -3  -4  -1  -1  -1  -6  -2  -2    6   6  10  25   0   5  12   4   1   2   1  13   1   1   3   5   4   0   1   3  0.45 0.34
  160 P     0   0   1   0  -3   0   0  -1   1   0  -1   0  -1  -1   3   0   0  -1   0   0    6   5   7   5   0   4   6   4   4   8   5   6   1   3  13   5   7   1   3   7  0.09 0.09
  161 P    -3  -5  -3  -3  -2  -4  -2  -5  -4   1   1  -3  -1  -1   7  -2  -3  -2  -3   1    3   1   2   2   1   1   3   1   1   7  12   2   1   3  46   4   1   1   1   9  1.07 0.63
  162 T    -1  -2   2   2  -4  -1  -1  -2  -1  -2  -3  -1  -3  -4  -3   2   5  -2  -2  -1    4   2  10   9   0   3   4   3   1   2   2   3   1   1   1  16  32   1   1   4  0.56 0.44
  163 F    -3  -4  -5  -4  -7  -3  -3  -6  -3   0   1  -5  -1   7  -2  -3  -4   0   5   0    2   1   1   1   0   1   2   0   1   6  11   1   1  40   2   3   1   1  19   6  1.23 0.64
  164 G     2  -1   0   2  -2   0   3   0   0  -2  -2   0  -3  -4  -1   1  -1  -4  -2  -2   17   3   5  11   1   4  18   7   2   2   5   5   0   0   3   9   4   0   2   2  0.24 0.24
  165 D    -1   0  -1   5  -6   2   2  -3   1  -2  -1  -1  -1  -1  -5  -2   0  -5  -3  -2    5   5   2  31   0   8  13   2   3   2   7   4   2   2   0   3   6   0   1   4  0.53 0.39
  166 A     6  -6  -5  -6   0  -4  -4  -4  -7   2  -3  -5  -1  -4  -4  -1   0  -8  -5   2   54   0   1   0   2   1   1   1   0  11   3   0   1   1   1   5   5   0   0  14  1.11 0.68
  167 S     1   3  -1  -1  -1   1   0  -2   0  -1  -1   1   0  -2  -2   2   0  -5  -2  -1   11  15   3   3   1   7   5   3   2   4   7  10   2   2   2  14   4   0   1   5  0.17 0.19
  168 V     2   1  -1   0  -3   0   2  -1   0  -1  -1   1   0  -3   2   0  -1  -4  -2  -1   15   6   3   6   0   4  13   3   2   4   6   8   2   1  10   6   4   0   1   5  0.15 0.17
  169 I    -3  -5  -7  -7  -5  -6  -5  -8  -7   7   2  -4   0  -1  -6  -5  -5  -8  -4   2    2   1   0   0   0   0   1   0   0  54  18   1   2   3   0   1   1   0   1  14  1.54 0.75
  170 A     5  -4  -4  -5  -2  -4  -4   0  -5  -1  -2  -2   0  -3  -6   2   0  -7  -3   0   50   1   1   1   1   1   1   7   0   3   3   2   2   2   0  12   6   0   1   7  0.88 0.59
  171 L    -1   1   2   3  -5   2   2  -3   0  -1  -1   0  -1  -5  -4   0   0  -6  -4  -2    5   9   9  18   0   7  14   1   2   4   6   6   1   0   0   6   5   0   1   3  0.32 0.29
  172 E    -1   1  -1   1  -3   2   3  -3   0  -1  -1   1   1   0  -2  -1   0  -1   0  -2    5   8   3   8   0   9  20   2   2   4   7   9   3   3   2   3   5   1   4   2  0.20 0.22
  173 L    -1  -3  -5  -4  -3  -4  -3  -5  -5   5   3  -5   1   0  -6  -4  -4  -4  -2   3    6   1   1   1   0   1   2   1   0  29  29   1   3   4   0   1   1   0   2  16  0.85 0.48
  174 L    -1  -3  -4  -5  -1  -2  -4  -5  -4   4   3  -4   5   1  -6  -2   0  -2   0   1    6   1   1   1   1   2   1   1   0  19  26   1  13   4   0   3   5   1   3   9  0.62 0.39
  175 N    -2  -1   2   3  -5   1   2  -4  -3  -4  -2   2  -3   3  -5   0  -1  -5   3  -4    4   3  10  15   0   5  14   1   0   1   4  13   1  11   0   6   3   0  10   1  0.46 0.36
  176 S     0  -1  -1   1  -2   0   1  -1  -2  -3   2   1   0  -3  -4   2  -1  -3  -3  -4    9   3   3   6   1   4  11   4   1   1  23   9   2   1   0  17   4   0   1   0  0.25 0.27
  177 G     0  -3   2   0  -5  -3  -2   2  -2  -4  -4  -1  -4   5  -1   1  -3  -3   4  -4    7   1  11   5   0   1   3  13   1   1   1   4   0  22   4   9   2   0  12   1  0.55 0.40
  178 Y    -2  -2   0  -2  -5  -1   2   4   0  -1  -1   1  -3  -2  -3  -2  -1  -5   2  -1    2   3   4   2   0   3  13  32   2   4   7   7   1   2   2   2   4   0   6   4  0.39 0.30
  179 E    -3  -1   1   3  -6   2   6  -5  -2  -6  -7   3  -5  -8  -5  -3  -2  -8  -7  -6    2   3   5  13   0   7  45   1   1   1   0  15   0   0   1   2   3   0   0   1  1.17 0.70
  180 F    -1  -6  -5  -6  -1  -7  -7  -6  -5   4  -1  -6  -3   5  -7  -5  -2   0   6   3    5   0   0   0   1   0   0   1   0  18   5   0   0  22   0   1   3   1  23  18  1.18 0.62
  181 D    -2  -2  -1   7  -5   0  -1   0  -4  -7  -8  -2  -6  -9  -6   0  -2  -9  -7  -7    3   2   3  64   0   3   4   7   1   0   0   3   0   0   0   6   2   0   0   0  1.69 0.89
  182 E     1   3  -2  -2  -4   1   4  -4   0  -4  -4   2  -4  -6  -6   1  -2  -7  -5  -2   10  14   2   2   0   7  29   1   2   1   2  13   0   0   0   9   3   0   0   3  0.63 0.47
  183 G    -1  -8  -7  -7   2  -8  -8  -1  -9   4   0  -8  -4  -3  -8  -6  -4  -4  -5   6    5   0   0   0   4   0   0   5   0  20   8   0   0   1   0   0   1   0   0  54  1.48 0.76
  184 S    -4   0  -1   0  -3  -1   1  -6   4   0  -2   1  -1   1  -6  -1  -1   1   5   0    1   6   3   5   1   3  11   0   9   5   3   9   2   5   0   5   4   2  20   7  0.45 0.35
  185 I    -4  -8  -9  -9  -3  -7  -8  -9  -9   6   4  -8   2  -1  -8  -7  -5  -8  -7   4    2   0   0   0   1   0   0   0   0  35  30   0   4   3   0   0   0   0   0  25  1.50 0.74
  186 I     1  -7  -8  -8   0  -7  -7  -5  -5   5   1  -6  -1   0  -6  -3  -4  -7  -1   5   13   0   0   0   2   0   0   1   0  25  12   0   1   4   0   2   1   0   3  35  1.05 0.58
  187 F    -6  -7  -5 -10  -7  -9  -9  -8   1  -9  -8  -8  -8   4 -10  -2  -5  -2  10  -7    1   0   1   0   0   0   0   0   2   0   0   0   0  14   0   3   1   0  76   0  3.17 1.42
  188 N    -3  -5   7  -6  -5  -3  -7  -4  -1  -8  -9  -7  -1  -9  -2   1   5  -5  -6  -6    3   0  47   0   0   2   0   1   1   0   0   0   2   0   3   8  31   0   0   0  1.77 0.98
  189 Q    -3   4   0   0  -8   2   3  -5   5  -6  -5   4  -5  -5  -6  -2  -4  -3   0  -5    2  18   4   5   0   7  17   1  11   0   1  23   0   0   0   3   1   0   3   1  0.86 0.55
  190 F    -6 -10 -10 -11  -5 -10 -10 -10  -2  -7  -5 -10   1   9  -7  -5  -8  -1   3  -6    1   0   0   0   0   0   0   0   1   0   1   0   3  82   0   1   0   1   9   1  3.15 1.34
  191 K    -3   1  -3  -4  -5  -2  -1  -6   1   4  -1   4  -4  -3  -7  -5  -4  -7   0   4    2   6   1   1   0   2   4   0   3  21   5  26   0   1   0   0   1   0   3  23  0.78 0.50
  192 S    -5  -7   6  -6  -8  -7  -6  -4  -5  -8  -9  -7  -8  -9  -7   6   0 -10  -9  -9    1   0  31   0   0   0   0   2   0   0   0   0   0   0   0  59   6   0   0   0  2.11 1.15
  193 V     4  -3  -3  -6  -5  -5  -6  -3  -6   0  -2  -3   3  -5   0   0   3  -7  -6   3   33   2   1   0   0   0   0   2   0   5   3   2   6   0   5   7  16   0   0  18  0.72 0.51
  194 I     0  -6  -5  -7  -6  -2  -6  -1  -5   4   3  -6   5  -1  -6  -2  -2  -6  -5   2    9   0   1   0   0   2   0   6   0  22  25   0  12   2   0   4   2   0   0  15  0.76 0.46
  195 S     0   2  -1  -4  -3   1  -2  -5  -3  -2  -3   1  -3  -5  -6   4   3  -7  -5   1    6   9   3   1   0   6   3   0   1   2   2   8   0   0   0  30  16   0   0  10  0.59 0.48
  196 Y    -6  -2  -3  -7  -5   8  -4  -8   0  -5  -6  -6  -2   2  -4  -2  -4  -4   5  -5    0   2   1   0   0  59   1   0   2   1   1   0   1   8   1   3   1   0  16   1  1.97 1.08
  197 K    -3   2   0   0  -5   1   4  -5  -2   1  -3   3  -2  -4  -3  -2   0  -7  -3   1    2   9   4   4   0   5  26   0   1   7   3  18   1   1   2   2   6   0   1   9  0.51 0.39
  198 T     0  -7  -6  -7  -5  -3  -6  -8  -5   1  -2  -6  -3  -6   7  -4   1  -9  -8   3    8   0   0   0   0   1   0   0   0   6   5   0   1   0  50   2   8   0   0  17  1.50 0.84
  199 E    -1   1  -3  -2  -3   1   0  -4  -3   0  -3   1  -1  -5  -6   0   4  -3  -5   3    5   8   1   3   0   6   7   1   1   5   2   8   2   0   0   6  28   0   0  17  0.52 0.42
  200 E    -1  -1  -2  -2  -1  -2   0  -5   0   3   0  -2   1   0  -3   0   1  -2  -2   3    6   4   2   2   1   2   6   0   2  16   7   2   3   4   1   6   9   1   1  25  0.30 0.25
  201 K    -1   2  -3  -1  -5   1   3  -5   0   1   0   2   0   0  -4  -2  -1  -2  -2   0    4  10   1   3   0   6  19   0   2   8  11  13   3   4   1   3   4   0   1   7  0.27 0.25
  202 P    -4   3  -2  -2  -5   5   0  -5  -2  -3  -6   3  -3  -6   4  -2   1  -5  -7  -3    1  14   2   2   0  22   6   1   1   2   1  15   1   0  17   3   9   0   0   2  0.79 0.57
  203 I    -1  -6  -7  -7  -4  -6  -7  -8  -7   4   5  -5  -1   2  -5  -6  -4  -3  -1   2    5   0   0   0   0   0   0   0   0  19  49   1   1   8   1   0   1   0   2  12  1.17 0.62
  204 F    -4  -5  -6  -6  -7  -4  -4  -6  -3   1   6  -4   0   3  -3  -5  -3  -5   1  -2    2   1   0   0   0   1   2   1   1   6  63   1   2   9   2   1   2   0   4   2  1.24 0.68
  205 S    -6  -5  -2  -4  -9  -5  -6  -4  -5  -6  -7  -4  -5  -5   8   1  -3  -6  -8  -5    1   1   2   1   0   1   1   2   0   1   0   1   0   1  74  12   2   0   0   1  2.40 1.22
  206 L    -2  -4  -5  -5  -4  -3   1  -6  -5   4   3  -3   0   2   0  -4  -3  -3  -3   2    4   1   0   0   0   1   8   1   0  24  30   2   2   8   5   1   1   0   1  11  0.67 0.42
  207 N     0  -3   1   3  -6   1   5  -4  -3  -5  -4   2  -4  -7  -1   1  -1  -7  -6  -3    7   1   7  13   0   5  31   1   0   1   2  12   0   0   4  10   4   0   0   2  0.65 0.48
  208 T     1  -1  -1   0  -4   0   1  -2  -3   0  -1   0  -2  -2   3   0   1  -3  -2  -1   13   2   3   5   0   4  11   3   0   5   5   7   1   2  15   6   9   0   1   5  0.19 0.20
  209 I     0  -3  -1   1  -3  -1   3  -2  -2   2   0   0   0  -2   1  -1   0  -5  -3   0    8   1   3   7   1   2  21   3   1  12   7   5   2   2   6   5   5   0   0   7  0.20 0.21
  210 A     2  -2  -1   0  -4   0   4  -1  -2  -3  -4   2  -3  -6  -1   1   1  -6  -4  -1   17   1   2   6   0   3  24   5   1   1   2  11   1   0   3  10   7   0   0   4  0.40 0.36
  211 T     1  -1   1   1  -5   1   2   0  -2  -3  -3   2  -3  -3   0   1   1  -6  -3  -1   10   2   6   7   0   6  16   8   1   1   3  11   1   1   5  11   7   0   1   4  0.23 0.24
  212 A     1  -1   1   1  -4   0   1  -1   0   0  -2   1   0  -1   1   1   0  -3   0  -1   10   3   6   6   0   4  10   4   2   5   4   7   2   3   6  13   6   0   4   4  0.09 0.11
  213 E     0   0   1   1  -5   1   2  -1   1  -2  -2   1  -1  -1   2   1   0  -3   0  -1    7   5   8   7   0   5  12   4   3   3   3   8   2   3  11   9   4   0   3   4  0.16 0.16
  214 T     0   0   2   0  -3   0   0   0   0   0  -1   1  -1  -1   0   1   0   2  -1   0    8   5   9   6   0   3   6   6   2   5   5   8   1   2   4   9   7   3   2   7  0.05 0.08
  215 M    -3  -2   0   4  -5   0   3  -1  -2   0   0  -1   0   1  -2  -2  -2  -6  -1  -1    2   2   4  24   0   4  19   4   1   5   9   3   3   6   2   3   2   0   3   4  0.38 0.31
  216 S    -1  -5  -1  -2  -4  -5  -3  -4   0  -2  -3  -3   0   3  -3   0  -1   0   8  -3    5   1   3   3   0   1   2   1   2   2   2   2   3  11   2   8   5   1  44   2  1.21 0.70
  217 I     0  -4  -2  -2  -5  -2   2  -5  -3   5   2  -1  -1  -3  -6  -2  -1  -7  -3   0    7   1   2   2   0   2  12   1   1  35  20   3   1   1   0   4   4   0   1   5  0.67 0.44
  218 Y    -7  -8  -9  -9  -4  -8  -3  -8  -2   0  -1  -6  -4   7  -8  -5  -7  -2   7  -3    0   0   0   0   0   0   2   0   1   5   6   0   0  43   0   1   0   1  37   2  2.16 1.01
  219 D    -6  -7  -6   2 -10  -4   8  -6  -4  -6  -6  -5  -5 -10  -6  -4  -8  -6  -3  -7    0   0   0   8   0   1  83   1   1   1   1   1   0   0   0   1   0   0   1   0  2.47 1.24
  220 D    -5  -6  -5  -1  -6  -4  -1  -5  -6  -5  -6  -6  -5  -6   8  -1  -4  -8  -4  -4    1   0   1   4   0   1   4   1   0   1   1   0   0   1  77   4   1   0   1   2  2.42 1.16
  221 I    -2  -4   2   4  -6  -3   1   0  -3   0  -4  -3  -4  -5  -3   4   0  -7  -5  -1    3   0   8  21   0   1   8   7   1   5   2   1   0   1   1  33   4   0   0   4  0.69 0.51
  222 D     2   1  -3   2  -5   0   2  -3  -3  -2  -3   1  -3  -3   4  -1  -3  -7  -4  -1   16   7   1  12   0   4  11   2   1   3   3   8   0   1  22   4   1   0   0   4  0.50 0.39
  223 A     1  -1  -2   3  -7   1   5  -2  -1  -4  -5   1  -5  -4  -2   0  -2  -6  -3  -3   11   3   2  14   0   6  31   3   1   1   1   9   0   1   2   7   3   0   1   2  0.58 0.44
  224 D     1  -2  -1   2  -7   0   5  -2  -2  -2  -4   0  -3  -4  -4   0   1  -7  -2  -2   12   2   3  12   0   4  35   3   1   2   1   5   0   1   1   7   8   0   2   3  0.60 0.45
  225 V    -2  -7  -7  -7  -4  -6  -7  -8  -7   5   2  -7   0  -1  -7  -5  -2  -5  -6   5    3   0   0   0   0   0   0   0   0  27  18   0   2   2   0   1   2   0   0  42  1.35 0.69
  226 L    -4  -7  -7  -9  -7  -6  -7  -8  -5   1   6  -7   1   3  -7  -5  -3  -2  -3   0    2   0   0   0   0   0   0   0   0   7  66   0   3  10   0   1   2   1   1   7  1.51 0.77
  227 Q     0   0   2   4  -7   2   3  -2  -2  -6  -5   0  -3  -7  -3   0  -2  -7  -5  -5    8   5  11  22   0   8  21   4   1   0   1   6   1   0   1   7   3   0   0   1  0.63 0.45
  228 N     1   0   3   2  -2   1   1  -2   0  -3  -3   0  -1  -2  -4   1   0  -3   1  -2   11   6  12  11   1   6  10   2   2   1   2   6   1   1   0  12   7   0   5   3  0.24 0.24
  229 Y    -3  -8  -9  -9  -7  -8  -8  -9  -6   3   6  -8   1   1  -9  -6  -5  -4   2   0    2   0   0   0   0   0   0   0   0  12  65   0   3   5   0   1   1   0   6   6  1.55 0.78
  230 Q    -1  -1  -4  -7  -3  -1  -6  -6  -3   4   4  -4   1   0  -6  -2  -3  -6  -1   2    5   4   1   0   0   3   0   1   1  18  40   1   3   3   0   3   2   0   2  13  0.77 0.46
  231 E    -6  -2  -3  -2  -7  -2   4  -5  -3  -5  -6  -2  -6  -7   7  -3  -3 -10  -5  -4    0   2   1   2   0   2  21   1   1   1   1   3   0   0  57   3   2   0   1   2  1.76 0.97
  232 Y    -2   4  -1  -3  -6   1  -1  -5   0  -3   0   3   1   4  -6  -2  -4  -3   3  -4    3  24   3   1   0   7   4   1   2   1   8  16   3  14   0   3   1   0   8   1  0.63 0.44
  233 N     0  -6   0  -6  -4  -1  -5  -5   1  -2   0  -5  -1   2  -8   1  -2  -2   8  -2    7   0   4   0   0   3   1   1   3   2   8   0   1   6   0  10   3   0  46   3  1.28 0.73
  234 L    -3  -6  -7  -8  -3  -7  -8  -8  -6   4   4  -7   1   2  -8  -6  -2  -7  -3   4    2   0   0   0   1   0   0   0   0  22  39   0   4   7   0   1   2   0   1  23  1.22 0.64
  235 A     3   0   1  -1  -4  -1   4  -2  -1  -3  -4   2  -3  -4  -4   0   0  -7  -2  -2   21   5   7   3   0   2  25   3   1   1   1  11   1   1   0   6   6   0   1   3  0.46 0.38
  236 N     1  -4   3  -4   0  -1  -4   0  -3   0  -1  -4   2  -1  -5   2   3  -5  -1   1   10   1  13   0   2   2   1   8   1   6   5   0   5   3   0  16  15   0   2  11  0.35 0.33
  237 L    -1   1  -1  -4  -3   5   0  -4  -2   0   0   1   1  -2  -5   0   1  -6  -3   0    5   7   2   0   1  25   5   1   1   6  11   8   4   2   0   8   8   0   1   6  0.39 0.35
  238 I    -5  -8  -9  -9  -7  -7  -8  -9  -8   6   4  -8   2   1  -8  -8  -4  -8  -6   3    1   0   0   0   0   0   0   0   0  39  31   0   4   5   0   0   1   0   0  19  1.54 0.75
  239 Y    -7  -2  -6 -10  -5  -3  -8  -9   1  -6  -2  -7  -3   6 -10  -7  -7   4   9  -6    0   3   0   0   0   2   0   0   3   0   5   0   1  24   0   0   0   6  54   1  2.38 1.11
  240 Y    -1   3   1  -4  -3   4  -2   1   4  -5  -5   0  -3  -3  -6   1  -1   4   2  -5    4  15   7   1   1  20   2  10   8   1   1   4   1   1   0   9   4   5   7   0  0.60 0.46
  241 S     6  -5  -5  -6   2  -5  -6   0  -7   1  -2  -5   2  -2  -6   1  -1  -5  -1  -1   52   0   0   0   4   0   0   6   0   7   4   0   4   2   0   8   4   0   2   5  0.98 0.63
  242 L    -3  -6  -7  -9  -3  -7  -8  -9  -6   3   5  -8   5   2  -8  -6  -6  -5  -2   1    2   0   0   0   1   0   0   0   0  12  49   0  14   8   0   0   0   0   1  10  1.35 0.70
  243 K     0  -4  -5  -8   0  -2  -7  -8  -5   1   5   0   0  -2  -7  -4  -3  -7  -1   1    7   1   1   0   2   2   0   0   0   7  58   5   2   2   0   1   1   0   2   8  1.06 0.61
  244 E    -8  -6   0   3 -10   0   8  -7  -1  -8 -10  -6  -9 -10  -8  -4  -7 -10  -9  -9    0   0   4  12   0   3  77   0   2   0   0   0   0   0   0   1   0   0   0   0  2.38 1.20
  245 S     3  -7   4  -6  -5  -6  -6   1  -5  -8  -7  -6  -7  -8  -7   6   0  -9  -8  -7   18   0  15   0   0   0   0   9   0   0   0   0   0   0   0  51   6   0   0   0  1.46 0.86
  246 T     2  -1   1  -3  -3   0  -2  -3   3   0  -1   1  -1   1  -4   1  -1  -4   2   0   17   3   8   1   0   4   2   1   7   6   6  10   2   7   0   9   4   0   7   6  0.20 0.22
  247 T     6  -8  -8  -8   4  -7  -7  -7  -8  -5  -5  -7  -5  -7  -7  -2   3  -5  -8   0   69   0   0   0   6   0   0   0   0   1   1   0   0   0   0   2  15   0   0   6  1.83 0.97
  248 S     2  -8  -6  -7   4  -7  -7   0  -8  -7  -9  -7  -8  -9  -7   7  -3  -9  -8  -5   15   0   0   0   8   0   0   6   0   0   0   0   0   0   0  68   1   0   0   1  1.96 1.06
  249 E    -8  -7  -6  -6 -11  -4   8 -10  -7 -11 -10  -6  -9  -4  -9  -7  -8 -10  -9  -7    0   0   0   0   0   1  97   0   0   0   0   0   0   1   0   0   0   0   0   1  3.22 1.49
  250 Q    -7  -5  -2  -7  -9   6  -2  -8   8  -1  -1  -5   1  -1  -8  -6  -5  -6   0  -5    0   0   2   0   0  37   3   0  35   4   7   0   3   3   0   0   1   0   4   1  1.91 0.98
  251 S     4  -7  -1  -7  -2  -5  -6   3  -7  -4  -6  -5  -5  -4  -7   5  -3  -8  -5  -4   31   0   2   0   1   0   0  22   0   1   1   0   0   1   0  37   1   0   0   1  1.25 0.76
  252 A     7  -7  -4  -7  -5  -3  -7  -6  -8  -8  -5  -7  -2  -7  -7   3  -4  -9  -6  -6   75   0   1   0   0   1   0   0   0   0   1   0   1   0   0  19   1   0   0   0  2.03 1.04
  253 R    -8   9  -7  -9 -10  -2  -7  -8  -7 -10  -9  -2  -8 -10  -9  -7  -6 -10  -9  -9    0  95   0   0   0   2   0   0   0   0   0   2   0   0   0   0   1   0   0   0  3.34 1.43
  254 M    -8   3  -9 -10  -9  -2  -8  -8  -6  -3  -3  -5  11  -7  -9  -6  -4  -9  -7  -3    0  15   0   0   0   2   0   0   0   1   2   1  75   0   0   1   1   0   0   2  3.22 1.38
  255 T    -1  -1   3  -6  -6  -1  -5  -6  -6   2  -2  -4   3  -3  -6   0   5  -7  -6   3    6   3  12   0   0   3   0   0   0  10   4   1   8   1   0   6  29   0   0  18  0.75 0.51
  256 A     7  -8  -6  -8  -7  -7  -7  -6  -8  -8  -8  -7  -6  -9  -7   0  -4  -9  -8  -6   91   0   0   0   0   0   0   0   0   0   0   0   0   0   0   7   1   0   0   0  2.58 1.22
  257 M    -9  -9 -10 -11  -9  -8 -10 -10  -9  -6  -6  -9  12  -8 -10  -9  -6  -9  -9  -7    0   0   0   0   0   0   0   0   0   0   0   0  99   0   0   0   0   0   0   0  4.68 1.83
  258 D    -5   1  -2   6  -8   1   3  -4   1  -7  -8   4  -5  -8  -6  -1  -3  -8  -7  -8    1   7   2  36   0   6  18   1   3   0   0  20   0   0   0   4   2   0   0   0  1.19 0.67
  259 N     1  -5   7  -5  -6  -1  -5  -1  -6  -4  -5  -2  -2  -7  -7   3  -1  -9  -8  -6   11   0  49   0   0   3   0   5   0   1   1   3   1   0   0  20   4   0   0   0  1.45 0.81
  260 A     8  -8  -8  -8  -7  -7  -8  -7  -8  -8  -8  -7  -8  -9  -8  -2  -7  -9  -8  -7   96   0   0   0   0   0   0   0   0   0   0   0   0   0   0   3   0   0   0   0  2.81 1.28
  261 S    -4  -6  -1  -7  -5  -7  -7  -6  -6  -7  -8  -5  -5  -7  -7   4   7  -9  -8  -5    1   0   3   0   0   0   0   0   0   0   0   0   0   0   0  28  64   0   0   1  2.14 1.09
  262 K    -6   2   1   6  -8  -1   2  -6  -6  -7  -8   4  -7  -8  -7  -2  -2  -9  -7  -8    0  10   7  36   0   2  12   0   0   0   0  27   0   0   0   3   3   0   0   0  1.30 0.70
  263 N    -1  -5   9  -6  -9  -7  -7  -7  -6 -10 -10  -5  -9 -10  -9  -1  -7 -10  -9  -9    5   1  88   0   0   0   0   0   0   0   0   1   0   0   0   5   0   0   0   0  3.13 1.35
  264 A     7  -8  -8  -8   1  -7  -8  -4  -8  -8  -8  -7  -8  -9  -7  -1  -3  -9  -8  -5   90   0   0   0   2   0   0   1   0   0   0   0   0   0   0   4   1   0   0   1  2.51 1.18
  265 S    -2  -2   2   2  -7   0   2   4  -3  -5  -5   2  -5  -7  -6   1   0  -7  -6  -5    2   2   9  11   0   4  14  28   0   1   1  12   0   0   0   9   6   0   0   1  0.64 0.43
  266 D    -5  -4  -1   5  -9  -2   6  -5  -5  -8  -9   0  -8  -8  -7  -3  -4  -9  -8  -6    1   1   3  31   0   2  52   1   0   0   0   6   0   0   0   2   1   0   0   1  1.76 0.90
  267 M    -5  -6  -9  -9  -7  -6  -7  -8  -8   2   4  -7   9  -3  -9  -8  -7  -8  -6  -1    1   0   0   0   0   0   0   0   0  10  35   0  48   1   0   0   0   0   0   4  2.21 1.00
  268 I    -5  -6  -5  -9  -7  -5  -7  -6  -4   7   2  -3  -1  -6  -8  -5  -3  -8  -3   1    1   0   1   0   0   1   0   1   1  64  18   2   1   0   0   1   2   0   1   7  1.78 0.80
  269 D    -2   1   2   5  -6   1   2   0  -1  -6  -6   3  -6  -7  -6   1  -2  -7  -4  -6    4   7   8  26   0   5  13   7   1   0   0  15   0   0   0   8   2   0   1   0  0.67 0.45
  270 K    -1   1   1   4  -5  -1   2  -3  -2  -6  -6   4  -4  -5  -5   1   0  -7  -3  -5    4   8   6  19   0   3  13   2   1   0   1  26   0   0   0  10   5   0   1   1  0.67 0.45
  271 L    -8  -8  -9 -10  -8  -6  -9 -10  -9  -4   7  -8  -3   0  -9  -9  -6  -4   1  -4    0   0   0   0   0   0   0   0   0   0  90   0   0   4   0   0   0   0   4   0  2.36 1.05
  272 T    -4  -1   1  -4  -7   3  -2  -5  -4  -3  -6   0  -4  -6  -7   1   7  -8  -6  -3    1   3   5   1   0  11   3   1   0   1   0   6   0   0   0  11  53   0   0   2  1.29 0.76
  273 L    -6   0  -5  -9  -7  -4  -8  -6  -5   3   6  -5   2  -3  -8  -6  -4  -7  -6  -2    0   6   1   0   0   1   0   1   0  15  67   1   4   1   0   1   1   0   0   2  1.55 0.76
  274 T    -1  -1  -2  -1  -5   4   2  -5  -2   0   1   1  -1  -3  -5   0   2  -5  -1   0    4   2   2   3   0  17  11   0   1   4  15   8   1   1   0   7  14   0   2   7  0.31 0.30
  275 F    -3  -1  -9  -9  -9  -7  -8  -9  -2  -5  -2  -7   2   4  -9  -6  -7  -3   9  -7    3   4   0   0   0   0   0   0   1   1   5   0   5  16   0   0   0   0  64   0  2.52 1.11
  276 N    -9  -8   9  -6 -10  -5  -6  -8  -1 -11 -11  -7  -9  -8  -9  -6  -7 -11  -6 -10    0   0  97   0   0   0   0   0   1   0   0   0   0   0   0   0   0   0   0   0  3.62 1.49
  277 R    -6   7  -3  -7  -4   1  -6  -7  -3  -8  -8   5  -7  -9  -8  -4  -5  -9  -8  -8    0  53   1   0   0   6   0   0   1   0   0  36   0   0   0   1   1   0   0   0  2.13 1.00
  278 T     5  -4  -4  -6  -5   0  -2  -3  -6   0  -1  -3  -1  -6  -6   0   3  -7  -5   1   44   1   1   0   0   4   3   2   0   5   6   1   2   0   0   6  18   0   0   8  0.80 0.54
  279 R    -9   9  -7  -9 -11  -6  -7  -9  -5 -10  -9  -5  -8 -10  -9  -8  -8 -10  -9 -10    0  99   0   0   0   0   0   0   0   0   0   0   0   0   0   0   0   0   0   0  3.59 1.47
  280 Q    -8  -6  -7  -8 -10  10  -5  -9  -7 -10 -10  -5  -8 -11  -9  -7  -8  -9  -9 -10    0   0   0   0   0  99   0   0   0   0   0   0   0   0   0   0   0   0   0   0  3.82 1.63
  281 A     6  -5  -3  -2  -6  -1   0  -1  -7  -7  -7  -5  -5  -7  -6   1  -1  -3  -6  -6   66   1   1   2   0   3   6   4   0   0   0   0   0   0   0  11   4   0   0   0  1.46 0.80
  282 V     4  -2   0  -4  -4   1  -2   0  -5  -2  -3   0  -1  -5  -5   3  -1  -6  -3   1   35   2   4   1   0   5   2   6   0   3   2   6   2   0   0  18   3   0   1  10  0.54 0.41
  283 I    -8 -10 -10 -10  -8 -10 -10 -11 -10   9  -5  -8  -5  -7 -10  -9  -6  -9  -8  -1    0   0   0   0   0   0   0   0   0  97   0   0   0   0   0   0   0   0   0   3  3.30 1.27
  284 T    -7  -8  -5  -8  -8  -8  -8  -9  -9  -8  -8  -8  -8  -9  -8  -5   9 -10  -9  -7    0   0   0   0   0   0   0   0   0   0   0   0   0   0   0   0 100   0   0   0  3.37 1.46
  285 K    -2   2   3  -4  -7   4  -3   0  -4  -6  -4   3  -2  -6  -6  -1   3  -7  -5  -6    3  11  13   0   0  20   1   6   0   0   1  19   1   0   0   5  17   0   0   0  0.83 0.54
  286 E    -6  -7  -7  -1 -11  -2   8  -9  -7 -10 -10  -6  -9 -10  -8  -7  -8 -10  -9  -9    1   0   0   3   0   2  95   0   0   0   0   0   0   0   0   0   0   0   0   0  3.05 1.33
  287 L    -7  -8  -9  -9  -7  -8  -9  -9  -9   6   6  -8   1  -5  -9  -8  -7  -8  -7  -2    0   0   0   0   0   0   0   0   0  38  58   0   2   0   0   0   0   0   0   2  2.00 0.87
  288 I     1  -6  -2  -6  -1  -5  -6  -5  -6   4   2  -6   2  -5  -6   2   2  -6  -5   1   10   0   2   0   1   0   0   0   0  23  22   0   5   0   0  14  14   0   0   8  0.70 0.44
  289 E    -8  -7  -6   4 -10  -4   8  -8  -7 -10 -10  -5  -9 -10  -8  -7  -7 -10  -9  -9    0   0   0  20   0   0  80   0   0   0   0   0   0   0   0   0   0   0   0   0  2.67 1.19
  290 I    -8  -9 -10 -10  -8  -9 -10 -10 -10   9  -2  -9  -2  -6  -9  -9  -7  -9  -8   1    0   0   0   0   0   0   0   0   0  87   3   0   1   0   0   0   0   0   0   9  2.87 1.11
  291 I    -1  -8  -7  -8  -3  -7  -8  -7  -8   6  -4  -7   0  -5  -8  -1   0  -8  -7   6    4   0   0   0   1   0   0   0   0  35   1   0   2   0   0   5   6   0   0  47  1.58 0.73
  292 S     2  -6  -1  -6  -6  -6  -6   4  -7  -7  -8  -6  -7  -8  -6   5   2  -8  -7  -5   14   0   3   0   0   0   0  32   0   0   0   0   0   0   0  38  12   0   0   0  1.31 0.72
  293 G     0  -8  -7  -8  -6  -8  -8   8  -8 -10 -10  -6  -9  -9  -8  -4  -3  -9  -9  -9    7   0   0   0   0   0   0  90   0   0   0   0   0   0   0   1   2   0   0   0  2.65 1.08
  294 A     7  -3  -7  -7  -6  -5  -6  -5  -7  -4  -6  -2  -2  -5  -7   0  -3  -5  -7   0   77   2   0   0   0   0   0   1   0   1   0   2   1   1   0   7   2   0   0   6  1.81 0.88
  295 A     2  -4   2   0  -7  -1   6  -4  -5  -5  -5  -3  -1  -8  -6   2  -1  -8  -6  -5   16   1   8   4   0   3  47   1   0   1   1   1   2   0   0  12   4   0   0   1  1.06 0.62
  296 A     7  -7  -6  -7  -6  -7  -7  -4  -8  -7  -7  -7  -7  -7  -7   1  -3  -9  -8  -3   85   0   0   0   0   0   0   1   0   0   0   0   0   0   0   9   2   0   0   2  2.23 1.01
  297 L    -6  -7  -8  -9  -6  -4  -8  -9  -8   2   6  -7   2  -4  -8  -2  -6  -7  -6   1    0   0   0   0   0   1   0   0   0  10  71   0   4   0   0   4   0   0   0  10  1.66 0.74
  298 D    -5  -4   4   2  -8   3   6  -6  -4  -7  -7  -3  -6  -8  -6  -4  -5  -7  -6  -7    0   0  20   8   0  14  58   0   0   0   0   0   0   0   0   0   0   0   0   0  1.70 0.73

                      K         Lambda
Standard Ungapped    0.1293     0.3157
Standard Gapped      0.0480     0.2670
PSI Ungapped         0.1569     0.3175
PSI Gapped           0.0480     0.2670
