
Last position-specific scoring matrix computed, weighted observed percentages rounded down, information per position, and relative weight of gapless real matches to pseudocounts
            A   R   N   D   C   Q   E   G   H   I   L   K   M   F   P   S   T   W   Y   V   A   R   N   D   C   Q   E   G   H   I   L   K   M   F   P   S   T   W   Y   V
    1 M    -3  -4  -5  -6  -4  -3  -5  -5  -4   0   2  -4  10  -2  -5  -4  -3  -4  -3  -1    0   0   0   0   0   0   0   0   0   3  13   0  82   0   0   0   0   0   0   2  1.91 0.47
    2 S     2  -3   1   0  -3  -1  -1  -2  -3  -2  -4  -1  -3  -2  -3   5   1  -4  -2  -3   19   0   5   3   0   1   1   1   0   2   0   2   0   2   0  56   6   0   1   0  0.68 0.29
    3 R    -2   4  -1   0  -4   2  -1  -3   0  -3  -1   2  -1  -4  -2   1   1  -4  -3  -2    1  30   1   4   0  13   1   0   2   1   7  16   2   0   1  11   7   0   0   2  0.42 0.20
    4 S     1   0   4  -1  -3  -1  -1  -2  -1  -4  -2   0  -2  -4   2   3   1  -5  -4  -3   11   4  22   2   0   2   1   1   1   0   4   6   0   0  10  27   8   0   0   0  0.42 0.23
    5 K     0   0   0  -1  -1   1   1  -1   0  -2  -1   2   2  -3  -1   2   1  -4  -3  -2    5   5   3   1   1   6   9   3   2   1   5  18   7   0   2  19  12   0   0   1  0.22 0.16
    6 R    -1   4   0   0  -3   0   1  -3   2  -1  -2   2   0  -2   0   0  -1  -4  -2  -1    5  29   3   5   0   1  11   1   5   3   4  11   3   2   3   5   3   0   1   4  0.28 0.16
    7 D    -1   1   1   4  -4   1   2   0   0  -3  -4   0  -3  -4   3  -1  -2  -5  -4  -3    3   7   7  24   0   8  14   8   2   1   0   4   1   1  15   4   1   0   0   1  0.46 0.21
    8 N     0   3   2   0  -3  -1   0   1  -1  -3  -3   1  -1  -4   1   1   1  -4  -3  -2    5  17  12   5   0   1   6  11   1   0   1   9   2   0   7  10   9   0   0   2  0.26 0.16
    9 N    -2   2   1   1  -4   1   3   3   1  -4  -4   0  -3  -4  -3  -1  -1  -4  -3  -4    2  10   8   8   0   8  18  29   4   0   1   4   0   1   1   1   4   0   0   1  0.46 0.23
   10 F    -4  -1  -5  -5  -5  -4  -4  -5  -2  -2  -2  -2   3   7  -5  -4  -2   3   6  -2    1   3   0   0   0   0   1   1   1   1   2   3   7  48   0   1   3   4  22   2  1.37 0.48
   11 Y    -3  -2  -1  -4  -5  -2  -3  -5   7   0  -2  -1  -3   3  -5  -2  -2  -3   6   1    1   2   3   0   0   1   1   1  29   5   2   3   0  10   0   2   2   0  26  10  1.00 0.42
   12 S    -2   3  -2  -1  -2   2  -2  -4  -1  -3  -2   1  -3  -3  -3   2   4  -5  -2  -1    2  18   0   2   1   9   1   0   1   0   3   7   0   1   0  19  29   0   2   4  0.53 0.33
   13 V    -1  -3  -2  -3  -3   2  -1  -4   0   1   0  -2  -1   4  -4  -2   0  -2   4   2    4   1   1   1   0  11   4   1   2   6   6   2   1  21   0   2   7   0  14  16  0.39 0.23
   14 E    -2   0   1   1  -4   1   3  -3   0  -1  -3   1   0  -3  -1   1   2  -4  -1  -1    1   3   8   5   0   6  26   1   2   3   2   8   3   1   2  10  13   0   2   3  0.31 0.22
   15 I    -1  -4  -5  -4   3  -4  -5  -4  -3   4   1  -4   1   0  -4  -2  -2  -4   1   4    5   1   0   1   7   0   0   1   0  25  12   0   3   3   0   3   1   0   6  33  0.63 0.31
   16 G    -1   0   3  -1   0  -1  -1   3  -1  -3  -1  -1   1   2  -3   0  -2   1   1  -3    3   6  19   3   2   3   3  21   1   1   8   2   4   9   0   6   2   2   5   0  0.25 0.19
   17 D    -2   0   2   3  -3   0   1   4  -1  -5  -5   2  -4  -4  -4  -1  -2  -5  -3  -5    1   4  11  16   0   4   8  35   1   0   0  12   0   1   0   4   2   0   1   0  0.63 0.31
   18 S     0  -1   0  -2   0   2   0  -2   1   0  -2  -1  -2  -3  -3   2   4  -4  -2   1    8   2   5   2   2  10   5   2   4   6   2   2   1   1   0  13  27   0   1   9  0.28 0.22
   19 T    -1   0   1   0  -2   0   0  -3  -1   0   0   1  -1  -3   0   0   3  -4  -3   1    3   5   6   4   1   5   6   0   1   6   7   9   1   0   4   5  21   0   0  14  0.16 0.15
   20 F    -5  -5  -4  -6  -4  -5  -5  -6  -4  -3  -2  -5  -1   8  -5  -5  -5   7   1  -4    1   0   1   0   0   0   1   0   0   1   3   1   1  70   1   1   1  14   3   1  2.20 0.67
   21 T    -2   0   1   1  -1   0   4  -3   3  -1  -2   0  -3  -3  -3  -1   2  -4  -1  -1    3   5   6   8   1   3  29   1   9   3   3   3   0   1   0   2  13   0   2   6  0.36 0.24
   22 V    -3  -5  -5  -5   0  -5  -5  -5  -4   4   1  -5  -1  -2  -5  -4  -2  -5  -3   6    1   0   0   0   2   0   1   0   0  23  14   0   1   1   0   1   1   0   1  52  1.12 0.44
   23 L    -2  -3  -1   3  -4  -2   0   0  -2  -4   0  -3  -3  -4   5   0   0  -5  -2  -4    2   1   2  18   0   1   4   7   1   0  11   1   0   1  33   7   7   0   2   1  0.67 0.32
   24 K    -1   2   0   1  -4   0   2  -2  -1  -3  -3   3  -3  -4   0   2   1  -5  -3  -1    4  10   5   8   0   4  15   1   1   1   1  17   0   0   5  14   9   0   1   4  0.31 0.21
   25 R    -4   7  -1  -2  -4   0  -1  -3   2  -4  -5   3  -5  -4  -5  -4  -3  -4  -2  -5    1  58   2   2   0   4   3   1   4   1   0  18   0   1   0   0   1   0   2   0  1.35 0.56
   26 Y    -6  -6  -7  -8  -7  -6  -7  -8  -3  -5  -4  -7  -4   1  -8  -6  -6   2  10  -4    0   0   0   0   0   0   0   0   0   0   1   0   0   4   0   0   0   2  90   1  3.23 1.01
   27 Q    -2   2  -1   0  -5   4   3  -3  -1  -2  -3   2  -3  -5  -4   0   2  -5  -4   0    2  10   2   4   0  24  18   1   1   2   1  11   0   0   0   6  12   0   0   6  0.52 0.32
   28 N    -2  -3   3   0  -2  -2  -2  -3  -3   3   1  -2   0   2   1  -2  -2  -4  -1   1    2   1  15   6   1   2   3   1   0  18  15   1   2   9   9   2   1   0   2  11  0.24 0.19
   29 L    -3  -2  -3  -2  -3   1  -1  -4  -2   3   3  -1   0  -2  -2  -3  -1  -3  -3   2    0   1   1   2   0   7   4   1   1  22  35   5   2   1   2   1   3   0   0  13  0.45 0.27
   30 K    -2   4  -1  -1  -4   2   3  -3  -1  -4  -4   4  -2  -5  -4   0   0  -5  -2  -4    2  19   3   3   0   7  16   1   1   0   1  30   1   0   0   7   5   0   1   1  0.64 0.34
   31 P     0   0  -1  -3  -1  -1   1  -3  -1   0  -1   0  -2   0   4  -2   0  -1   1   2    6   4   3   0   1   2   8   0   1   6   6   6   0   3  24   2   4   1   6  15  0.31 0.20
   32 I    -4  -4  -6  -6  -2  -5  -6  -7  -4   6   3  -4   0  -3  -5  -5  -4  -6  -4   3    0   1   0   0   1   0   0   0   0  48  25   1   1   0   0   0   0   0   0  21  1.25 0.49
   33 G    -3  -6  -3  -5  -7  -6  -5   8  -6  -8  -8  -6  -7  -7  -6  -3  -5  -7  -7  -7    1   0   1   0   0   0   1  96   0   0   0   0   0   0   0   1   0   0   0   0  2.54 0.82
   34 S    -1   1  -1  -2  -2   3   1  -2   1  -2  -3   3   0  -3  -3   2   0  -3  -1  -3    4   7   2   1   1  13   9   2   3   3   1  21   3   1   0  19   7   0   2   0  0.35 0.25
   35 G    -4  -7  -5  -4  -7  -6  -6   8  -6  -8  -8  -6  -7  -7  -6  -5  -6  -7  -7  -7    0   0   0   1   0   0   0  99   0   0   0   0   0   0   0   0   0   0   0   0  2.69 0.85
   36 A     6  -4  -5  -5  -4  -4  -4  -3  -4  -5  -5  -4  -5  -6  -5   3  -1  -6  -5  -3   74   0   0   0   0   0   0   1   0   0   0   0   0   0   0  19   4   0   0   1  1.55 0.65
   37 Q    -6  -6  -5  -7  -2   2  -5  -7  -1  -6  -5  -6  -5   3  -7  -4  -5  -2   9  -6    0   0   0   0   1   9   0   0   1   0   0   0   0  10   0   1   0   0  77   0  2.62 0.88
   38 G    -4  -7  -5  -6  -7  -6  -6   8  -6  -8  -8  -6  -6  -8  -6  -3  -6  -7  -7  -8    0   0   0   0   0   0   0  98   0   0   0   0   0   0   0   1   0   0   0   0  2.67 0.85
   39 I    -1  -4  -2  -4   2   0  -3  -5  -2   4   0  -3   1  -1  -5  -1   1  -2  -3   4    3   0   1   0   4   4   1   0   1  24   6   1   4   3   0   5  10   0   0  33  0.54 0.30
   40 V    -4  -7  -7  -8  -4  -7  -7  -8  -8  -1  -3  -7  -4  -5  -7  -6  -4  -7  -6   8    0   0   0   0   0   0   0   0   0   1   0   0   0   0   0   0   0   0   0  97  2.47 0.86
   41 C     0  -6  -6  -7   9  -6  -6  -3  -6   2  -3  -6  -2  -2  -6  -3  -4   5  -2   2    8   0   0   0  49   0   0   2   0  12   1   0   1   2   0   2   0   8   1  13  1.75 0.61
   42 A     3  -1  -3  -4  -3  -2  -2  -3  -4  -5  -3   2  -4  -5  -4   6  -2  -6  -5  -4   24   3   0   0   0   1   1   0   0   0   2  12   0   0   0  53   1   0   0   1  1.04 0.53
   43 A     7  -5  -5  -6  -2  -5  -5  -2  -6  -5  -5  -5  -5  -3  -5  -1  -3  -6  -5  -1   87   0   0   0   1   0   0   2   0   0   0   0   0   1   0   3   0   0   0   5  1.81 0.72
   44 Y    -2   1  -1  -2  -2   0  -1  -3  -1   2   0   1   0   1  -3  -1   1   0   2   2    1   8   2   2   0   3   5   1   1  13   9  11   2   5   0   3   8   1   9  15  0.13 0.14
   45 D    -5  -3   2   8   0  -4  -2  -5   3  -6  -5  -4  -4  -5  -5  -3  -5  -7  -4  -5    0   1  10  73   2   0   1   0   7   0   1   0   0   0   0   1   0   0   1   1  1.91 0.69
   46 A    -1   3   1  -2  -2   1  -1  -3   0  -2  -1   2  -1  -3  -2   1   3  -4  -3  -1    3  14   8   1   1   5   3   1   3   2   5  14   1   1   1   8  24   0   0   5  0.30 0.23
   47 I    -1   2  -1  -1  -3   1   1  -3   2   1   0   2  -2  -2   0  -2  -1  -4  -2   1    3  14   2   3   0   7  11   2   6   9   8  13   0   1   4   1   2   0   0  13  0.17 0.16
   48 L    -2  -1   2  -2  -4  -3  -3  -4  -1  -3   0  -2  -2  -4  -4   2   6  -5  -4  -3    3   3   8   2   0   1   1   0   1   1   9   2   1   0   0  14  53   0   0   1  0.90 0.47
   49 E    -3   1   3   0  -5   0   0   5  -2  -6  -5   1  -5  -5  -5  -2  -3  -6  -5  -6    1   8  16   4   0   4   5  48   1   0   1   9   0   0   0   2   1   0   0   0  0.93 0.42
   50 R    -2   2   0   0  -1   3   4  -2  -1  -2  -3   1  -3  -5  -4  -2   0  -5  -3  -2    3  12   3   5   2  14  34   2   1   2   2   9   0   0   0   1   6   0   0   2  0.54 0.31
   51 N    -2   3   2  -1  -3   1   0  -2  -1  -2  -2   4   0  -3   0  -1   1  -2  -1  -1    2  16   9   2   0   5   4   2   1   3   3  28   2   0   4   3   8   1   2   5  0.32 0.22
   52 V    -4  -6  -7  -7   0  -6  -6  -7  -7   0  -2  -6  -2  -2  -6  -6  -4  -6  -2   8    0   0   0   0   2   0   0   0   0   2   2   0   0   1   0   0   0   0   1  90  2.09 0.75
   53 A     7  -6  -4  -6  -5  -5  -3  -4  -6  -5  -6  -5  -5  -6  -5  -2  -4  -7  -6  -3   96   0   0   0   0   0   1   0   0   0   0   0   0   0   0   1   0   0   0   1  2.17 0.82
   54 I    -5  -7  -7  -7  -5  -6  -7  -7  -7   8   0  -6   0  -4  -6  -6  -4  -6  -5   3    0   0   0   0   0   0   0   0   0  76   6   0   1   0   0   0   0   0   0  16  1.95 0.67
   55 K    -5  -2  -5  -5  -7  -3  -4  -6  -5  -7  -7   8  -6  -7  -5  -5  -5  -7  -4  -7    0   0   0   0   0   0   0   0   0   0   0  99   0   0   0   0   0   0   0   0  2.70 0.93
   56 K    -5   2  -3  -5  -4  -2  -3  -6  -3  -7  -5   8  -3  -7  -5  -4  -5  -7  -6  -6    0   9   1   0   0   1   0   0   1   0   1  85   1   0   0   0   0   0   0   0  2.16 0.79
   57 L    -4  -6  -4  -6   0  -5  -6  -6  -6   6   3  -5   2  -1  -6  -5  -3  -5  -4   3    0   0   1   0   2   0   0   0   0  50  22   0   5   2   0   0   0   0   0  18  1.20 0.47
   58 S     0  -1   1  -2  -2  -1  -1  -1   0  -2  -2  -1   0   1   1   2   2  -2   0  -2    7   3   7   1   0   3   3   4   3   2   3   3   3   9   7  21  15   0   3   1  0.17 0.17
   59 R    -3   4   4   3  -4   1  -1  -2   0  -5  -4   2  -2  -5  -2  -1  -3  -5  -3  -4    1  27  21  19   0   4   3   3   2   0   1  11   1   0   2   3   1   0   0   0  0.69 0.34
   60 P     3  -5  -4  -5  -1  -4  -5  -4  -5   2  -2  -4  -1  -3   6  -3  -2  -6  -5   3   22   0   1   0   1   0   0   1   0  10   3   0   2   1  36   0   2   0   0  22  0.99 0.46
   61 F    -5  -7  -5  -8  -4  -7  -7  -7  -5  -3  -2  -5  -2   9  -8  -5  -5  -3   0  -5    1   0   0   0   0   0   0   0   0   1   3   1   1  90   0   1   1   0   1   0  2.76 0.87
   62 Q    -2   2  -1   3  -4   4   4  -3   0  -4  -2   0  -4  -4  -4   0  -1  -1  -3  -3    2  10   2  19   0  18  24   2   2   0   4   3   0   1   0   7   3   1   0   2  0.56 0.33
   63 N    -2   0   4   3  -5  -2  -1  -3   6  -5  -5   1  -2  -5  -4   2   0  -6  -3  -3    1   4  23  16   0   1   3   1  19   0   0   7   1   0   0  15   5   0   0   2  0.74 0.38
   64 Q     0   0  -2  -1  -2   1   1  -2  -1   1   1   0   0  -2   2   0   0  -3  -2   2    6   5   1   3   1   9   9   1   1   9  12   5   2   0  10   5   5   0   0  16  0.12 0.12
   65 T    -1  -3  -2  -2  -2  -1  -1  -3  -2   3   0  -2   2  -2  -1   1   3  -4  -3   2    3   0   1   2   0   3   4   1   1  21   8   2   5   1   2   9  23   0   0  13  0.31 0.24
   66 H    -3  -4   0   5  -2  -1  -1  -4   4  -1   0  -3  -2   3  -3  -1  -2  -4   1  -2    1   0   3  36   1   2   3   0  12   3  12   0   1  11   1   4   2   0   5   2  0.63 0.34
   67 A     6  -5  -5  -5   4  -2  -4  -1  -5  -4  -3  -4  -3  -6  -4   0   1  -1  -5  -3   70   0   0   0   8   2   0   4   0   0   1   0   1   0   0   4   7   1   0   0  1.30 0.58
   68 K    -4   2  -3  -4  -4   3  -3  -5  -2  -3  -1   7  -2  -5  -5  -3   0  -6  -5  -3    0   9   0   0   0  12   0   0   1   1   5  60   1   0   0   1   7   0   0   2  1.23 0.56
   69 R    -6   8  -4  -6  -5  -1  -4  -5  -1  -5  -4  -1  -5  -7  -6  -5  -5  -7  -6  -6    0  91   0   0   0   2   0   1   1   1   1   1   0   0   0   0   0   0   0   0  2.52 0.86
   70 A     3  -5  -3  -5   0  -4  -4  -4  -5   4  -2  -4  -2  -4  -4  -2   5  -5  -4   1   22   0   1   0   2   0   0   0   0  21   3   0   1   0   0   2  42   0   0   7  0.91 0.47
   71 Y    -4  -4  -6  -7  -3  -5  -6  -6  -2  -2   5  -5  -1   3  -6  -5  -4  -3   6  -2    1   1   0   0   0   0   0   0   1   0  55   0   1  11   0   0   0   0  27   2  1.34 0.55
   72 R    -6   9  -5  -6  -7  -3  -3  -6  -5  -7  -6  -2  -6  -7  -6  -5  -4  -7  -6  -7    0  97   0   0   0   0   1   0   0   0   0   0   0   0   0   0   1   0   0   0  2.84 0.92
   73 E    -5  -4  -5  -3  -8  -2   8  -6  -4  -7  -6  -3  -6  -6  -5  -4  -5  -7  -6  -7    0   0   0   0   0   0  97   0   0   0   1   0   0   0   0   0   0   0   0   0  2.60 0.91
   74 L    -4  -4  -6  -6  -3  -5  -6  -6  -6   6   3  -5   1   0  -6  -5  -3  -5  -3   2    1   1   0   0   0   0   0   0   0  47  32   0   3   3   0   0   0   0   0  12  1.17 0.46
   75 V    -2   4  -3  -3   0   0  -2  -5  -2  -2  -2   6   3  -4  -4  -3  -1  -5  -3  -1    2  18   0   1   2   2   1   0   1   2   2  49   8   1   0   1   3   0   1   5  0.91 0.44
   76 L    -5  -5  -6  -6  -2  -5  -6  -6  -6   3   5  -6   1   2  -6  -5  -4  -4  -2  -1    0   0   0   0   1   0   0   0   0  18  66   0   2   9   0   0   1   0   1   1  1.29 0.51
   77 M    -5  -5  -7  -6  -5  -5  -6  -7  -6  -2   6  -6   5  -3  -7  -6  -4  -5  -5  -3    0   0   0   0   0   0   0   0   0   1  85   0  11   0   0   0   0   0   0   0  1.83 0.69
   78 K    -2   6  -1  -4  -1   3  -2  -3   0  -3  -3   4  -1  -5  -4  -1  -2  -5  -3  -4    3  40   2   0   1  11   2   1   2   2   2  24   2   0   0   5   2   0   0   0  0.88 0.43
   79 C    -2   0  -1  -3   1   0   0  -4   8  -3   1  -3  -1   1  -5  -2  -3  -5   2  -3    2   4   2   1   3   4   5   1  43   1  13   1   2   5   0   2   1   0   6   1  1.03 0.46
   80 V    -4  -5  -6  -7  -1  -5  -6  -6  -5   0   4  -5   5   6  -6  -5  -3  -4  -2   1    0   0   0   0   1   0   0   0   0   5  39   0  14  31   0   0   1   0   0   7  1.17 0.48
   81 N    -2   4   4   2  -2   0  -1  -1   1  -5  -5   3  -4  -5  -4   0  -2  -6  -3  -5    2  24  20  13   1   4   1   4   3   0   0  19   0   0   0   7   1   0   0   0  0.69 0.35
   82 H    -6  -5  -1  -5  -8  -4  -3  -5  11  -8  -5  -5  -6  -6  -7  -3  -6  -7  -3  -7    0   0   2   1   0   0   1   1  92   0   1   0   0   0   0   2   0   0   0   0  3.57 1.06
   83 K    -3  -1  -2   3  -2  -1   5  -4  -2  -6  -5   1  -5  -6   4  -2  -3  -6  -5  -6    1   3   1  14   1   1  41   1   1   0   1   9   0   0  24   2   1   0   0   0  1.07 0.49
   84 N    -5  -4   8   2  -1  -2  -4  -4   0  -7  -7  -4  -4  -6  -3  -3  -4  -8  -4  -7    0   0  81  10   1   1   0   0   2   0   0   0   1   0   1   0   0   0   0   0  2.30 0.81
   85 I    -4  -6  -4  -7  -5  -6  -6  -7  -7   7   1  -6  -2  -3  -6  -6  -4  -6  -5   5    0   0   1   0   0   0   0   0   0  57   8   0   0   0   0   0   0   0   0  32  1.61 0.59
   86 I    -3  -5  -6  -6  -4  -6  -6  -7  -6   7   0  -6   0  -4  -6  -4   0  -6  -5   4    1   0   0   0   0   0   0   0   0  59   8   0   1   0   0   1   6   0   0  22  1.42 0.54
   87 G     0   1   0   0   2   1   1   3  -1  -4  -4   1  -3  -4  -1   2  -1  -3  -3  -4    7  10   3   3   5   5   9  22   1   1   1   9   0   0   2  18   4   0   1   0  0.32 0.21
   88 L    -3  -5  -5  -6  -4  -5  -6  -7  -6   5   5  -5   1  -2  -6  -5  -4  -5  -4   1    1   0   1   0   0   0   0   0   0  30  57   0   3   1   0   0   0   0   0   6  1.25 0.49
   89 L    -3   1  -2  -4  -2  -1  -3  -5   0   1   3   3   0  -1  -4  -2  -2  -2   2   0    0   9   2   0   1   2   1   0   2   9  36  19   1   2   0   2   1   0   8   5  0.43 0.28
   90 N    -4  -3   4   7  -5  -3   0  -4   4  -6  -5  -3  -6  -6  -5  -1  -3  -7  -3  -6    1   1  17  61   0   0   3   1   8   0   1   1   0   0   0   3   1   0   1   0  1.59 0.61
   91 V     0  -5  -5  -3  -1  -5  -5  -6  -5   5   1  -5   3  -2  -4  -4  -3  -5  -4   5    7   0   0   2   1   0   0   0   0  35  11   0   6   1   0   0   0   0   0  35  0.96 0.41
   92 F    -3  -4  -4   0  -4  -1  -3  -5  -1   3   2  -4   4   6  -4  -3  -3  -2   1  -1    1   0   0   6   0   2   1   0   2  15  17   0  12  32   1   1   1   0   5   3  0.73 0.34
   93 T    -1   2  -2  -3  -2  -1  -1  -3  -2   1   1   1   1  -3   0   0   3  -4  -2   0    3  13   0   1   1   2   2   1   1   8  14   9   3   0   4   5  25   0   1   7  0.24 0.19
   94 P     1  -4  -2  -3  -4  -4  -4  -4  -3  -2  -4  -3  -3  -5   8  -1  -3  -5  -4  -2   10   1   2   1   0   0   1   1   1   3   1   1   1   0  66   5   2   0   1   4  1.69 0.57
   95 Q     1  -1   0   2  -2   2   0  -1  -1  -2  -2  -1  -2  -2   3   0  -1  -3  -2  -2   15   2   3  14   1  12   6   3   1   1   5   3   1   1  16   7   3   0   1   3  0.27 0.15
   96 K    -1   0   2   1  -3   0   1  -1   0  -2  -2   1  -3  -3   4   0   0  -4  -2  -2    4   4  12   6   0   4   7   5   3   2   3   8   0   1  23   8   7   0   1   3  0.35 0.17
   97 S    -1  -1   2   2   0  -1  -1  -2  -2  -3  -4  -1  -3  -4   1   4   2  -4  -3  -3    3   3   9  13   2   2   3   2   1   1   1   3   0   0   6  37  11   0   0   1  0.48 0.27
   98 L    -1   1  -2  -2  -1  -1  -1  -2  -1   1   2   0   1   1   0  -1  -1   0   1   0    5  11   2   1   1   3   2   3   1   9  25   6   3   6   4   3   3   1   6   5  0.07 0.07
   99 E    -1   2   1   3  -3   0   3  -1   0  -3  -3   0  -1  -3  -2   1   0  -2  -2  -2    5  11   6  15   0   3  24   5   2   1   2   5   1   1   2   9   5   0   1   2  0.31 0.17
  100 E     0  -1   2   3  -2   1   3  -1   0  -3  -3   0  -2  -3   0   1   0  -3  -2  -3    5   3   8  19   1   6  19   4   2   1   3   4   1   1   4  11   7   0   1   1  0.30 0.16
  101 F    -4  -4  -5  -5  -2  -5  -4  -4  -2  -1   0  -4   2   8  -5  -4  -4   0   1  -3    1   1   1   1   1   0   1   1   1   2   7   1   5  69   1   1   1   1   3   1  1.71 0.54
  102 Q    -2   2   3   1  -4   3   2  -2   2  -4  -4   3  -3  -4  -4   0   0  -5  -4  -4    1  10  18   8   0  12  12   2   4   0   0  21   0   1   0   5   4   0   0   1  0.54 0.29
  103 D    -4  -5   0   7  -5  -2   3  -4  -2  -6  -7  -4  -5  -7  -5  -3  -1  -7  -4  -5    1   0   3  67   0   1  20   1   1   0   0   0   0   0   0   1   3   0   1   0  1.74 0.63
  104 V    -3  -6  -6  -6  -3  -5  -6  -6  -6   6   2  -5   0   1  -6  -5  -3  -5  -4   5    0   0   0   0   0   0   0   0   0  41  14   0   1   5   0   0   1   0   0  37  1.19 0.46
  105 Y    -6  -6  -6  -7  -5  -6  -6  -7  -1  -5  -5  -6  -5   0  -7  -6  -6  -2  10  -6    0   0   0   0   0   0   0   0   1   0   0   0   0   2   0   0   0   0  95   0  3.28 0.96
  106 I    -3  -5  -5  -6  -3  -5  -5  -6  -5   4   4  -5   2   2  -5  -5  -3  -3  -3   3    1   0   0   0   0   0   0   0   0  24  42   0   5   8   0   0   0   0   0  18  0.91 0.37
  107 V    -2  -6  -6  -6  -3  -5  -6  -5  -6   2  -2  -5  -2  -1  -6  -4  -2  -5   1   7    2   0   0   0   0   0   0   1   0  11   1   0   0   2   0   0   1   0   4  77  1.53 0.57
  108 M    -3  -4  -3  -4  -2   1  -2  -5  -4  -1   0  -4   5   5  -5   0   4  -3   1  -2    0   0   0   0   1   8   3   0   0   2   8   0  19  23   0   6  24   0   4   1  0.72 0.39
  109 E    -4  -3   0   3  -2  -1   6  -4   1  -5  -5  -2  -4  -6   1  -2  -3  -6  -5  -5    1   0   4  18   1   2  56   1   4   0   0   1   0   0   8   2   1   0   0   0  1.19 0.50
  110 L    -3  -4  -6  -6  -1  -4  -5  -6  -2  -1   5  -3  -1   3  -3  -3  -4  -2   3  -2    1   1   0   0   1   1   0   0   1   2  65   2   0  12   1   1   0   0  10   1  1.05 0.44
  111 M    -2  -5  -6  -7  -2  -4  -6  -7  -6  -3   0  -5  10  -3  -5  -4  -3  -6  -3  -1    3   0   0   0   1   0   0   0   0   0   5   0  81   1   0   1   2   0   1   3  2.59 0.85
  112 D    -3  -3  -2   5  -6   1   5   1  -1  -6  -6  -2  -5  -6  -1  -2  -3  -6  -4  -5    1   1   1  30   0   5  43  12   1   0   0   1   0   0   2   1   1   0   0   0  1.08 0.46
  113 A     2  -2  -3  -3   2  -3  -3  -2  -1  -3  -3  -3  -1  -2  -4   2   5  -5  -1  -3   19   1   0   0   4   1   0   3   1   1   1   1   1   2   0  16  46   0   2   1  0.80 0.42
  114 N    -5  -5   2   8  -7  -4  -2  -5  -5  -7  -6  -4  -7  -7  -5  -2  -2  -8  -7  -7    0   0   9  84   0   0   0   0   0   0   0   0   0   0   0   3   3   0   0   0  2.28 0.74
  115 L    -5  -6  -7  -7  -5  -6  -6  -7  -6  -1   7  -6   1  -3  -6  -6  -5  -5  -5  -2    0   0   0   0   0   0   0   0   0   1  95   0   3   0   0   0   0   0   0   1  1.96 0.67
  116 C    -1   0   2  -1   2   1  -2  -1   9  -6  -5  -2  -3  -4  -4   0  -3  -5   1  -5    5   5   9   2   5   6   1   4  49   0   1   2   1   0   0   7   1   0   4   0  1.27 0.50
  117 Q     0   4   2  -1  -4   5   0  -4   1  -5  -4   3  -3  -5  -4  -1  -1  -3  -3  -4    8  19   9   3   0  27   3   0   3   0   1  18   0   0   0   4   2   0   0   1  0.66 0.35
  118 V    -3  -5  -6  -6  -2  -5  -5  -6  -6   5   2  -5  -1  -2  -5  -5  -3  -5  -2   5    1   0   0   0   1   0   0   0   0  36  15   0   1   1   0   0   0   0   1  42  1.14 0.44
  119 I    -4  -5  -6  -5  -3  -5  -6  -6  -6   7   2  -5   2  -3  -5  -4  -3  -5  -3   1    0   0   0   0   0   0   0   0   0  63  19   0   5   0   0   1   1   0   1   8  1.35 0.49
  120 Q    -3   5   0  -3  -5   2  -1  -1   3  -5  -5   5  -3  -4  -3  -2  -2  -5   0  -5    1  29   3   1   0   9   1   4   7   0   0  35   0   0   1   2   2   0   3   0  0.85 0.39
  121 M     1  -1  -2  -3  -2   6  -1  -3  -2  -3  -2   0   3  -5  -4   2   0  -5  -3  -2   11   3   1   0   1  42   1   1   1   1   2   5   8   0   0  14   5   0   1   2  0.76 0.41
  122 E    -2   1   1   2  -4   2   2  -1  -2  -4  -4   2  -4  -5   4  -1  -1  -5  -4  -4    2   7   7  13   0  10  13   4   1   0   1  13   0   0  22   3   3   0   0   1  0.54 0.27
  123 L    -5  -5  -7  -7  -5  -5  -6  -7  -6   0   6  -5   1   1  -6  -6  -4  -5  -3  -2    0   0   0   0   0   0   0   0   0   3  86   0   2   6   0   0   0   0   1   0  1.63 0.59
  124 D    -2  -2  -1   2  -4  -1   1  -3  -3  -4  -3   0  -2  -5  -1   4   4  -5  -4  -3    0   1   1  10   0   1   8   1   0   0   2   4   1   0   2  33  33   0   0   1  0.72 0.40
  125 H    -2  -2   2   5  -4   0   3  -3   4  -3  -4  -1  -2  -5   2  -1  -2  -6  -4  -4    2   2   8  37   0   2  19   1   9   1   2   2   1   0   9   2   1   0   0   0  0.78 0.36
  126 E     0  -1  -1   4  -5   2   4  -3  -3  -1  -4  -1  -2  -4  -2  -1  -2  -5  -4  -1    7   2   1  28   0   9  30   1   0   5   1   3   1   0   2   4   1   0   0   5  0.61 0.32
  127 R    -5   2  -1  -4  -7   1  -3  -6  10  -6  -6  -1  -4   0  -6  -4  -3  -6  -1  -5    0   9   2   1   0   5   1   0  71   0   0   4   0   3   0   0   1   0   1   1  2.34 0.74
  128 M    -2  -3  -4  -5   4  -3  -4  -4   2   4   0   0   1   0  -4  -3  -1  -4   2   3    2   1   0   0   9   0   0   1   6  32   5   7   3   4   0   1   2   0   6  19  0.55 0.29
  129 S    -3   3  -2  -4   1   7  -2  -4  -2  -5  -4   2  -4  -6  -4   1  -3  -5  -5  -4    1  16   1   0   3  51   1   1   0   0   1  12   0   0   0  11   1   0   0   1  1.22 0.54
  130 Y    -5  -5  -5  -6  -1  -3  -5  -5  -1  -3  -2  -5  -4   6  -6  -1  -3   2   8  -3    0   0   0   0   1   1   0   1   1   1   3   0   0  30   0   5   1   2  51   2  1.74 0.60
  131 L    -5  -6  -6  -6  -3  -6  -6  -6  -5   3   3  -6   0   8  -6  -5  -3  -3   0  -2    0   0   0   0   0   0   0   0   0  14  23   0   1  56   0   0   1   0   1   1  1.53 0.53
  132 L    -2  -5  -5  -5  -4  -4  -5  -6  -5   4   4  -4   5  -1  -5  -4   1  -4  -3   2    1   0   0   0   0   0   0   0   0  21  37   0  15   2   0   0   8   0   0  15  0.84 0.36
  133 Y    -4  -5  -6  -7  -4  -5  -5  -7   0  -5  -5  -6  -5   2  -7  -5  -6   1  10  -5    1   0   0   0   0   0   0   0   1   0   0   0   0   5   0   0   0   1  88   0  2.92 0.88
  134 Q    -5  -3  -4  -5  -4   9  -2  -6  -1  -7  -6  -3  -5  -7  -6  -3  -5  -6  -5  -6    0   0   0   0   0  95   0   0   1   0   0   0   0   0   0   2   0   0   0   0  2.83 0.95
  135 M    -3  -5  -6  -6  -3  -5  -5  -6  -5   5   4  -5   5  -3  -5  -4  -1  -5  -4   0    2   0   0   0   0   0   0   0   0  40  33   0  16   0   0   1   4   0   0   4  1.10 0.44
  136 L    -4  -5  -6  -7   0  -5  -6  -6  -6  -1   6  -6   0   1  -6  -6  -4  -5  -4  -2    1   0   0   0   2   0   0   0   0   2  86   0   2   5   0   0   0   0   0   1  1.59 0.58
  137 C    -4   7  -3  -5   6  -2  -4  -5  -2  -5  -3   2  -4  -6  -5  -1  -4  -6  -5  -4    1  59   1   0  18   1   0   0   1   1   2  12   0   0   0   4   0   0   0   1  1.56 0.57
  138 G     3  -5  -4  -5  -4  -5  -5   6  -5  -6  -6  -4  -5  -6  -5  -1  -4  -6  -6  -5   28   0   0   0   0   0   0  67   0   0   0   0   0   0   0   3   0   0   0   0  1.62 0.57
  139 I    -4  -5  -6  -6  -3  -5  -5  -6  -6   2   6  -5   2  -2  -5  -3  -2  -5  -4   1    0   0   0   0   0   0   0   0   0  10  70   0   5   0   0   2   2   0   0   9  1.21 0.47
  140 K    -3   1   0  -3  -6  -1  -2  -5   2  -6  -4   7  -5  -5  -5  -3  -4  -6  -2  -6    2   6   3   1   0   2   1   0   4   0   1  77   0   0   0   0   0   0   1   0  1.68 0.63
  141 H    -3  -5  -5  -6  -3  -5  -5  -6   4  -4  -5  -5  -4   3  -6  -5  -3  -1   9  -3    2   0   0   0   1   0   0   0  10   0   0   0   0  10   0   0   1   0  70   2  2.24 0.72
  142 L    -4  -5  -6  -6  -2  -5  -5  -6  -5   6   3  -5   4  -3  -5  -5  -3  -5  -4   1    1   0   0   0   1   0   0   0   0  49  27   0  12   0   0   0   1   0   0   7  1.21 0.45
  143 H    -5  -4  -2  -5  -7  -3  -4  -6  11  -7  -7  -5  -6  -5  -6  -5  -4  -6   0  -7    0   0   1   0   0   1   0   0  93   0   0   0   0   0   0   0   1   0   2   0  3.54 0.98
  144 S     0  -2  -2  -2  -1  -3  -2  -3  -4  -5  -4  -2  -4  -5  -4   6   2  -6  -2  -4    5   1   1   1   1   1   1   1   0   0   1   2   0   0   0  73   9   0   2   0  1.30 0.57
  145 A     6  -3  -2  -5   1  -4  -4   1  -3  -3  -4  -4  -4  -5  -3   0  -3  -5  -4  -2   74   1   1   0   3   0   0   8   0   1   1   0   0   0   0   6   0   0   0   1  1.25 0.53
  146 G    -3  -1   6   1  -5  -1  -1   4   1  -6  -5  -1  -4  -6  -5  -1  -3  -6  -4  -5    0   3  40   7   0   2   2  33   4   0   1   3   0   0   0   3   0   0   0   0  1.06 0.44
  147 I    -4  -6  -6  -6  -3  -5  -6  -6  -6   5   0  -5  -2  -4  -4  -5  -3  -6  -4   6    0   0   0   0   0   0   0   0   0  32   5   0   0   0   1   0   1   0   0  59  1.46 0.53
  148 I    -3  -5  -5  -5  -2  -4  -5  -5  -5   5   3  -4   1   2  -3  -4  -3  -2  -1   2    1   0   0   0   1   0   0   0   0  39  29   0   3   9   1   0   1   0   2  12  0.84 0.34
  149 H    -6  -4  -4  -5  -7  -2  -4  -6  11  -7  -7  -5  -6  -5  -4  -5  -6  -6  -3  -7    0   0   0   0   0   2   0   0  94   0   0   0   0   0   1   0   0   0   0   0  3.63 0.99
  150 R    -5   8  -4  -5  -7  -1  -4  -6  -4  -6  -6  -2  -5  -4  -6  -4  -5  -6  -5  -6    0  94   0   0   0   2   0   0   0   0   0   0   0   1   0   0   0   0   0   0  2.58 0.81
  151 D    -6  -5  -3   8  -7  -4  -2  -5  -5  -7  -7  -5  -7  -3  -5  -4  -5  -7  -6  -7    0   0   0  96   0   0   0   0   0   0   0   0   0   1   0   0   0   0   0   0  2.73 0.83
  152 L    -4  -5  -5  -6  -4  -2  -6  -6  -4   2   6  -5   2  -3  -6  -5  -4  -5  -4  -2    0   0   0   0   0   2   0   0   0   9  81   0   4   0   0   0   0   0   0   1  1.51 0.55
  153 K    -3  -1  -2  -4  -6  -3  -3  -5  -4  -6  -6   8  -5  -7  -5  -4  -2  -6  -5  -6    1   0   2   0   0   0   0   0   0   0   0  93   0   0   0   0   2   0   0   0  2.27 0.77
  154 P    -4  -6  -3  -5  -7  -5  -5  -6  -6  -6  -4  -5  -6  -7   9  -4  -5  -7  -7  -6    1   0   1   0   0   0   0   0   0   0   2   0   0   0  94   1   0   0   0   0  3.04 0.89
  155 S     1   0   0  -3  -2  -1  -1   2  -2  -5  -5   1  -4  -5  -3   5  -1  -5  -4  -3    9   4   4   0   1   1   3  13   1   0   0   9   0   0   1  51   1   0   0   2  0.74 0.40
  156 N    -5  -4   9  -2  -1  -4  -4  -4  -3  -7  -7  -4  -6  -7  -6  -3  -4  -7  -6  -7    0   0  95   1   1   0   0   0   0   0   0   0   0   0   0   0   0   0   0   0  2.82 0.87
  157 I    -4  -5  -6  -6  -2  -5  -6  -4  -6   6   4  -5  -1  -3  -5  -5  -4  -5  -4   1    0   0   0   0   1   0   0   2   0  48  40   0   0   0   0   0   0   0   0   8  1.23 0.46
  158 V     1  -5  -5  -3  -4  -4  -5   0  -1  -1   5  -5  -1  -1  -5  -3  -3  -4  -4   0   11   0   0   2   0   0   0   7   1   0  67   0   0   2   0   1   0   0   0   7  0.91 0.41
  159 V     0  -3  -5  -5  -3  -4  -5  -5  -5   3   3  -4  -1  -3  -5  -4  -1  -5  -2   5    6   2   0   0   0   0   0   0   0  14  24   0   0   0   0   0   2   0   1  48  0.90 0.38
  160 K    -4  -3   8   1  -5  -2  -2  -3  -3  -3  -6   0  -5  -6  -5  -2   0  -7  -3  -6    0   1  73   7   0   1   2   1   0   2   0   5   0   0   0   2   5   0   1   0  1.75 0.63
  161 S     3  -1  -1  -1  -3   0   2   0  -2  -3  -3   0  -3  -3  -2   3   0  -4  -2  -3   26   3   2   3   0   4  16   5   0   1   1   6   0   1   1  24   5   0   1   1  0.39 0.26
  162 D    -4  -2   5   6  -6  -1   0  -1  -2  -6  -5  -2  -4  -6  -4  -1  -1  -6  -5  -5    1   2  32  43   0   3   5   3   1   0   1   1   0   0   0   3   4   0   0   1  1.20 0.47
  163 C    -4  -3  -3  -6  11  -6  -7  -3  -5  -3  -4  -6  -3  -5  -6  -1  -5  -6  -3  -2    0   2   1   0  82   0   0   2   0   1   1   0   1   0   0   4   0   0   1   2  3.07 0.85
  164 T    -2  -1   1   4   0   0   3  -2   1  -3  -2   1  -2  -2  -3  -1   0  -5  -3  -2    2   2   5  30   2   3  21   2   3   1   4  10   1   1   0   3   7   0   1   3  0.47 0.26
  165 L    -3  -5  -6  -6  -1  -5  -3  -6  -5   1   6  -5   0  -2  -5  -5  -3  -5  -4   2    2   0   0   0   1   0   2   0   0   7  69   0   1   0   0   0   1   0   0  14  1.14 0.46
  166 K    -3   3  -3  -4  -3  -1  -2  -3  -4  -6  -6   7  -3  -6  -4  -2  -2  -6  -5  -5    2  12   0   0   1   2   0   2   0   0   0  77   0   0   0   2   2   0   0   0  1.71 0.63
  167 I    -4  -6  -6  -6  -4  -5  -6  -6  -6   7   1  -5  -2  -2  -5  -5  -4  -5  -3   2    0   0   0   0   0   0   0   0   0  73  11   0   0   1   0   0   0   0   1  11  1.64 0.56
  168 L     0  -4  -5  -6  10  -5  -6  -1  -6  -2   3  -5  -3  -4  -6  -4  -3  -5  -5  -3    7   1   0   0  54   0   0   6   0   1  27   0   0   0   0   1   1   0   0   1  1.81 0.59
  169 D    -5  -5  -3   8  -7  -4  -2  -5  -2  -7  -7  -3  -7  -7  -5  -4  -5  -7  -6  -7    0   0   0  95   0   0   0   0   1   0   0   1   0   0   0   0   0   0   0   0  2.67 0.81
  170 F    -6  -6  -6  -7  -6  -6  -7  -7  -5  -4  -1  -6  -2   9  -7  -6  -6  -3  -1  -3    0   0   0   0   0   0   0   0   0   0   6   0   0  90   0   0   0   0   0   1  2.69 0.79
  171 G    -3  -4  -2  -4  -6  -5  -5   7  -5  -7  -7  -5  -6  -6  -6  -2  -5  -6  -6  -6    0   1   1   1   0   0   0  93   0   0   0   0   0   0   0   2   0   0   0   0  2.31 0.71
  172 L    -5  -5  -6  -6  -5  -4  -6  -6  -1  -2   6  -5   2  -2  -6  -5  -3  -5  -4  -2    0   0   0   0   0   1   0   0   2   0  88   0   5   1   0   0   2   0   0   0  1.67 0.59
  173 A     7  -5  -4  -5  -2  -4  -4  -3  -5  -5  -5  -4  -4  -5  -4   1  -2  -6  -5  -2   83   0   0   0   1   0   0   1   0   0   0   0   0   0   0  11   1   0   0   2  1.61 0.63
  174 R    -5   8  -4  -5  -4  -2  -4  -6  -4  -6  -6  -1  -5  -2  -6  -5  -5  -6  -5  -6    1  94   0   0   1   0   0   0   0   0   0   1   0   2   0   0   0   0   0   0  2.56 0.81
  175 T     0  -2  -1  -2  -2   0  -2   2   1   0  -1  -1  -1  -2   0   2   1  -2  -1   1    4   1   1   0   0   6   1  16   4   5   7   4   1   1   4  18  10   0   2  15  0.14 0.15
  176 A     2  -1  -2  -1  -2   0   0  -2  -3   1   0  -1   0   1  -2   0   1  -3  -2   1   24   2   1   3   0   3   7   1   0   9   8   3   3   6   1   5   9   0   1  14  0.13 0.13
  177 G    -1  -2   1   4  -2   0   2   1   0  -3  -3  -2  -2   1   1   1  -1  -4  -2  -3    3   1   7  25   1   3  13  12   2   1   1   1   1   7   6  10   3   0   1   1  0.34 0.20
  178 T     0  -2   3   2  -1   0   1  -2  -1  -3  -3  -1  -3  -3   2   2   2  -4  -2  -2    6   1  13  12   1   4   8   2   1   1   2   3   0   1  12  14  17   0   1   1  0.34 0.21
  179 S     1  -1   2   3  -4   1   3   0  -1  -3  -4  -1  -3  -4  -1   1   0  -4  -2  -3   11   2  10  16   0   8  18   6   1   1   1   2   0   0   2  13   7   0   1   1  0.34 0.20
  180 F     0  -1   0   1  -1   0   0   1   0   0  -1  -1   0   0   2   0   0  -2  -1  -1    7   3   3   9   1   4   7  14   2   7   3   3   3   6  10   6   6   0   1   4  0.09 0.06
  181 M     0  -1   0   0   0   0   0  -1   0   0   0  -1   2   3   0  -1  -1  -2   1   0    7   4   4   7   2   3   7   3   3   4   6   2   7  21   4   2   4   0   4   6  0.10 0.09
  182 M    -3  -3  -4  -6  -2  -1  -5  -4  -3  -2   3  -3   8   0  -5  -3  -2   5  -3  -2    1   1   1   0   1   2   0   1   1   1  26   1  47   3   0   2   3   9   1   1  1.37 0.54
  183 T    -2  -5  -3  -5  -5  -4  -4  -5  -5  -4  -5  -4  -4  -6  -4   0   8  -6  -5  -4    2   0   1   0   0   0   0   0   0   0   0   0   0   0   1   5  90   0   0   0  2.18 0.78
  184 P    -3  -3  -1   4  -5   1   5   3  -1  -4  -5  -2  -3  -5   0  -2  -1  -5  -3  -4    1   0   2  21   0   5  36  20   1   1   1   2   0   0   6   2   3   0   1   0  0.75 0.35
  185 Y    -5  -3  -2  -6  -4  -5  -4  -6   1  -5  -5  -5  -5  -1  -6  -5  -5  -2  10  -5    0   2   2   0   0   0   1   0   2   0   0   0   0   1   0   1   1   0  89   0  2.89 0.87
  186 V    -3  -6  -6  -6  -4  -5  -6  -6  -6   0  -2  -5  -3  -4  -5  -4  -3  -6  -5   7    1   0   0   0   0   0   0   0   0   3   1   0   0   0   0   1   0   0   0  91  2.02 0.68
  187 V     5  -4  -4  -4  -1  -2  -3  -2  -4  -1  -3  -4  -1  -4  -4   0  -1  -5  -4   4   44   0   0   0   1   1   1   2   0   1   0   0   2   0   0   5   4   0   0  37  0.86 0.42
  188 T    -3  -5  -1  -4  -4  -3  -3  -5  -5  -4  -5  -3  -2  -6  -5  -2   8  -6  -5  -4    2   0   2   0   0   1   1   0   0   0   0   1   1   0   0   0  89   0   0   0  2.11 0.75
  189 R    -5   8  -4  -5  -1  -2  -4  -6  -4  -6  -4  -1  -2  -6  -5  -4  -5  -6  -5  -6    0  91   0   0   2   1   0   0   0   0   2   1   1   0   1   0   0   0   0   0  2.42 0.77
  190 Y    -6  -6  -4  -7  -3  -5  -6  -5  -3  -6  -5  -6  -3  -1  -6  -5  -6  12   4  -6    0   0   1   0   1   0   0   1   1   0   1   0   1   2   0   1   0  77  14   0  3.69 0.97
  191 Y    -6  -6  -6  -7  -6  -5  -6  -7  -2  -5  -5  -6  -5  -1  -6  -5  -5   4  10  -5    0   0   0   0   0   0   0   0   0   0   0   0   0   1   0   0   0   4  91   0  3.12 0.91
  192 R    -5   8  -3  -5  -7  -1  -4  -6  -4  -6  -5   0  -5  -6  -6  -4  -5  -6  -5  -6    0  92   1   0   0   1   0   0   0   0   1   2   0   0   0   0   0   0   0   0  2.53 0.80
  193 A     7  -5  -5  -5  -4  -4  -4  -3  -5  -5  -5  -4  -4  -3  -1   0  -3  -6  -5  -2   88   0   0   0   0   0   0   0   0   0   0   0   0   1   3   6   0   0   0   2  1.75 0.67
  194 P    -5  -6  -6  -6  -7  -4  -5  -6  -6  -7  -7  -5  -6  -3   9  -5  -5  -7  -7  -6    0   0   0   0   0   0   0   0   0   0   0   0   0   1  96   0   0   0   0   0  3.21 0.93
  195 E    -5  -2  -4  -2  -8  -2   8  -6  -4  -7  -7  -3  -6  -3  -5  -3  -5  -7  -6  -6    0   1   0   0   0   0  95   0   0   0   0   0   0   1   0   1   0   0   0   0  2.41 0.83
  196 V    -3  -5  -4  -6  -4  -5  -5  -6  -6   5   3  -5  -1  -1  -5  -5  -3  -5  -4   4    1   0   1   0   0   0   0   0   0  38  29   0   0   2   0   0   0   0   0  27  1.08 0.42
  197 I    -4  -5  -6  -6   3  -5  -6  -6  -5   4   4  -5   7   0  -6  -5  -4  -5  -3   0    0   0   0   0   6   0   0   0   0  24  32   0  30   3   0   0   0   0   0   4  1.20 0.47
  198 L    -3  -5  -6  -6   2  -5  -5  -1  -5   0   5  -5   1   1  -5  -4  -4  -2  -1  -1    1   0   0   0   4   0   0   6   0   3  70   0   3   6   0   0   0   1   2   3  1.06 0.43
  199 G     0  -1   3  -1   1  -1  -1   2  -2  -4  -3  -1  -1  -2  -3   4   1  -1  -4  -3    6   3  18   2   4   2   3  15   1   0   2   2   1   1   0  31   6   1   0   1  0.43 0.27
  200 M    -1  -2   0  -4   3  -1  -3  -3  -2  -2  -1  -2   2   3  -3   2  -2   8   1  -3    4   2   4   0   7   3   1   1   1   2   6   2   6  14   1  17   1  24   4   1  0.74 0.34
  201 G    -2   1   1   1  -4   2   0   1   5  -4  -4   3  -1  -4   0   0  -1  -3  -3  -4    1   8   5   7   0   9   4  11  19   0   1  19   2   0   4   6   3   0   0   0  0.45 0.25
  202 Y    -5  -6  -6  -7  -6  -4  -6  -7  -1  -5  -5  -4  -5  -1  -7  -5  -6  -2  10  -4    0   0   0   0   0   1   0   0   1   0   0   1   0   1   0   1   0   0  93   1  3.11 0.92
  203 K    -2  -3   3   2  -3  -2  -3   1  -1  -4  -4  -1  -4  -5  -3   2   5  -5   0  -4    1   0  13  11   0   1   0  11   1   0   0   4   0   0   0  15  39   0   3   0  0.69 0.38
  204 E     0   0   0  -1  -2   2   2  -3  -2  -3  -3   3   0  -2   2   0   1  -3  -1  -2    7   3   4   2   1  12  13   1   0   0   1  22   3   1  10   5  11   0   3   3  0.31 0.22
  205 N     4  -1   1  -3  -3   0   0   1  -2  -3  -3   1  -3  -5   0   1   1  -5  -3  -3   41   2   6   0   0   4   4   8   1   1   1   9   0   0   4   8  10   0   0   0  0.45 0.29
  206 V    -2  -6  -5  -6  -4  -5  -6  -6  -6   6  -1  -5   1  -4  -5  -3  -2  -6  -4   5    3   0   0   0   0   0   0   0   0  41   3   0   2   0   0   2   1   0   0  46  1.30 0.50
  207 D    -6  -6  -2   9  -8  -4  -2  -5  -5  -7  -7  -5  -7  -8  -6  -4  -4  -8  -7  -7    0   0   0  97   0   0   0   0   0   0   0   0   0   0   0   0   1   0   0   0  2.79 0.86
  208 L    -4  -5  -6  -6  -2  -5  -5  -6  -5   6   0  -5   6  -2  -5  -4  -3  -5  -4   4    0   0   0   0   1   0   0   0   0  43   5   0  24   1   0   0   1   0   0  24  1.27 0.47
  209 W    -7  -4  -7  -8  -6  -6  -7  -7  -6  -7  -6  -7  -6  -1  -7  -7  -6  13  -2  -7    0   1   0   0   0   0   0   0   0   0   0   0   0   2   0   0   0  94   0   0  4.61 1.10
  210 S     1  -3  -2  -4  -4  -3  -4  -3  -4  -5  -6  -4  -5  -6  -3   7  -2  -6  -5  -5    9   1   1   0   0   0   0   1   0   0   0   0   0   0   1  86   0   0   0   0  1.72 0.66
  211 V     1  -5  -5  -5  -1  -4  -5  -5  -5   4   1  -4   0  -3  -4  -3  -1  -5  -4   5   10   0   0   0   1   0   0   0   0  19  11   0   1   0   0   1   2   0   0  52  0.90 0.38
  212 G    -2  -6  -4  -5  -6  -5  -5   7  -5  -7  -7  -5  -6  -6  -5  -4  -5  -6  -6  -4    1   0   0   0   0   0   0  95   0   0   0   0   0   0   0   0   0   0   0   1  2.33 0.68
  213 C    -4  -7  -6  -7  12  -7  -7  -6  -7  -5  -3  -7  -5  -6  -6  -4  -4  -6  -6  -4    1   0   0   0  94   0   0   0   0   0   2   0   0   0   0   1   0   0   0   0  3.79 0.94
  214 I    -5  -6  -6  -6  -4  -6  -6  -7  -6   8  -2  -6  -1  -4  -6  -5  -3  -6  -5   1    0   0   0   0   0   0   0   0   0  91   1   0   1   0   0   0   1   0   0   4  2.15 0.67
  215 M    -3  -5  -5  -6  -4  -5  -5  -6  -4  -1   4  -5   5   6  -5  -5  -4  -3  -1  -1    1   0   0   0   0   0   0   0   0   2  36   0  18  38   0   0   1   0   0   2  1.24 0.46
  216 G     6  -4  -4  -4  -3  -4  -4   3  -4  -4  -4  -4  -2  -4  -4  -1  -3  -5  -3  -2   72   0   0   0   0   0   0  19   0   0   1   0   1   1   0   2   0   0   1   1  1.28 0.51
  217 E    -4  -4  -4  -2  -7  -1   8  -6  -4  -6  -6  -3  -5  -3  -5  -4  -4  -6  -5  -6    1   0   0   1   0   1  95   0   0   0   0   0   0   1   0   0   0   0   0   0  2.29 0.76
  218 M    -4  -5  -5  -6  -3  -4  -5  -6  -5   1   5  -5   8  -3  -5  -4  -3  -4  -4  -1    0   0   0   0   1   0   0   0   0   7  47   0  40   0   0   1   0   0   0   3  1.46 0.53
  219 V    -4  -4  -5  -6  -4  -4  -5  -6  -3   3   5  -3   2   0  -5  -4  -3  -4  -1   0    0   0   0   0   0   0   0   0   0  19  63   2   5   2   0   1   0   0   2   4  1.03 0.40
  220 C    -1   0   0  -2   0  -1  -1   3  -2  -1   0  -1   0  -3  -3   1   3  -4  -3  -2    2   5   5   1   3   3   2  24   0   3  13   4   2   1   0   8  24   0   0   1  0.27 0.20
  221 H    -3   5   0  -2  -4  -1  -3   5  -2  -5  -3   0  -4  -5  -4  -1  -3  -5  -4  -5    1  34   4   2   0   2   1  46   1   0   2   3   0   0   0   3   1   0   0   0  1.04 0.42
  222 K    -2   5  -3  -3  -2   1   0  -3   0  -3  -5   6  -4  -4  -4  -1  -2  -5  -4  -4    2  27   0   0   1   4   5   2   2   1   0  48   0   0   0   4   2   0   0   1  1.00 0.42
  223 I    -1  -5  -5  -5  -5  -2  -4  -5  -3   0  -4  -4  -4  -3   7  -3   1  -6  -4   1    6   0   0   0   0   2   0   0   1   6   0   0   0   1  62   0   8   0   0  12  1.59 0.54
  224 L    -4  -5  -6  -6  -2  -5  -5  -6  -5   2   6  -5   1   0  -5  -5  -3  -4  -3   0    1   0   0   0   1   0   0   0   0  12  76   0   2   3   0   0   1   0   0   3  1.28 0.47
  225 F    -6  -6  -6  -7  -6  -6  -6  -6  -5  -3  -1  -6  -2   9  -7  -6  -5  -3   0  -4    0   0   0   0   0   0   0   0   0   1   3   0   1  93   0   0   0   0   0   0  2.75 0.77
  226 P    -2   0  -4  -4  -2   0  -3  -4  -4  -4  -5   2  -3  -5   7  -3  -2  -6  -4  -5    4   6   0   0   1   5   1   1   0   1   0  14   1   0  63   0   2   0   0   0  1.67 0.55
  227 G    -2  -5  -3  -4  -5  -5  -4   7  -5  -6  -6  -5  -5  -6  -5  -3  -5  -5  -6  -5    2   1   0   0   0   0   1  92   0   0   0   0   0   0   0   1   0   0   0   1  2.16 0.64
  228 R    -2   3   1   0  -4   1   1  -3  -1  -3  -4   4  -2  -4  -3   0   2  -5  -3  -3    2  14   6   5   0   4   7   1   1   1   0  32   1   0   0   7  16   0   0   0  0.52 0.28
  229 D    -3  -4   4   6  -3  -2  -1  -2   2  -6  -6  -3  -5  -6  -4   2  -2  -6  -5  -5    0   0  21  50   1   0   2   2   5   0   0   0   0   0   0  16   2   0   0   0  1.24 0.47
  230 Y    -2  -2  -2  -3   0  -1  -3  -4   6  -3  -3  -3  -3   1   0  -1   1   0   6   0    3   2   1   1   2   2   1   1  21   0   1   0   0   4   4   4  11   1  32   7  0.81 0.39
  231 I    -2  -1  -3  -4  -3  -1  -3  -5   0   4   2  -2   2  -1  -3  -3  -2  -4  -2   3    1   3   1   1   0   3   0   0   3  27  21   2   4   2   1   1   1   0   1  27  0.52 0.26
  232 D    -3  -2   4   6  -5   0   0  -4   7  -5  -6  -1  -2  -6  -5  -1  -3  -6  -4  -6    1   1  18  39   0   3   4   0  25   0   0   2   1   0   0   3   1   0   0   0  1.26 0.49
  233 Q    -5  -2  -4  -5  -4   9  -2  -6  -1  -6  -4  -3  -2  -7  -6  -4  -3  -6  -6  -6    0   1   0   0   0  92   1   0   1   0   2   0   1   0   0   0   1   0   0   0  2.60 0.90
  234 W    -4  -5  -6  -7  -4  -5  -6  -6  -5   2   5  -5   1   0  -6  -5  -4   6   0   0    0   0   0   0   0   0   0   0   0  12  66   0   2   3   0   0   0  10   3   3  1.27 0.48
  235 N    -2   2   4   2  -1   1   2  -3   0  -4  -3   2  -2  -4  -3   0   1  -3  -3  -3    1   9  20  12   2   6  14   1   2   0   2  12   1   0   0   7   9   0   0   1  0.40 0.23
  236 K    -3   2  -2  -4   1   1  -1  -5   0   0   4   3   0  -3  -4  -3  -2  -4  -3  -1    1  12   1   0   3   7   3   0   2   4  41  20   2   0   0   1   1   0   0   3  0.49 0.30
  237 V    -5  -6  -6  -7  -5  -5  -7  -7  -4   8  -1  -6   2  -2  -6  -6  -3  -4  -2   2    0   0   0   0   0   1   0   0   1  82   2   0   4   1   0   0   1   0   1   8  1.88 0.64
  238 I    -3  -4  -3  -5   2  -3  -4  -5  -4   3   3  -4   4   1  -5  -3   2  -4  -2   2    1   0   1   0   5   0   0   0   0  19  26   0  12   7   0   0  16   0   1  12  0.58 0.30
  239 E    -1   0   2   4  -3   1   3  -1   0  -4  -4   1  -2  -2  -3   0  -1  -5  -2  -4    5   5  10  21   0   6  24   5   2   0   1   7   1   1   0   8   2   0   1   0  0.45 0.24
  240 Q    -2  -3  -4  -5  -2   0  -3  -4  -3   3   3  -1   0   0  -4  -3   0  -4  -1   4    1   0   0   0   1   4   0   1   1  16  29   4   1   3   0   1   5   0   2  31  0.52 0.28
  241 L    -4  -4  -5  -6   1  -5  -5  -6  -4   2   5  -5   1  -2  -5  -4   1  -5  -4   2    0   1   0   0   3   0   0   0   0  12  58   0   3   0   0   0   9   0   0  13  0.93 0.40
  242 G    -3  -5  -4  -5  -6  -6  -5   7  -6  -8  -7  -5  -7  -7  -1  -4  -5  -3  -7  -7    1   0   0   0   0   0   0  94   0   0   0   0   0   0   3   0   0   0   0   0  2.35 0.74
  243 T    -2  -1  -1  -4  -2  -3  -3  -4  -3  -3  -3   1  -1  -4   0   3   6  -4  -2  -1    2   3   2   0   1   0   0   0   1   1   2   7   1   0   4  19  52   0   1   3  0.87 0.45
  244 P    -5  -6  -5  -6  -7  -3  -5  -6  -6  -6  -7  -4  -4  -7   9  -4  -4  -8  -7  -5    0   0   1   0   0   1   0   0   0   0   0   0   0   0  95   1   1   0   0   0  3.10 0.92
  245 C     0  -2   1   2   0  -2  -1  -1  -2  -4  -4  -1  -4  -5   2   4   2  -5  -4  -4    5   1   5  13   2   1   2   4   1   0   1   4   0   0  11  37  13   0   0   0  0.56 0.32
  246 P     0   0  -1   2  -5   2   3  -3  -2  -3  -2   0   0  -3   3  -1  -1  -5  -3  -3   10   5   2  13   0   8  23   1   0   2   3   5   2   1  18   3   3   0   1   0  0.45 0.26
  247 E     0  -2  -1   3  -5   1   6  -3  -1  -5  -4  -1  -4  -6  -4   1  -2  -5  -4  -4    9   1   3  14   0   4  51   1   1   0   1   3   0   0   0   8   1   0   0   1  0.92 0.44
  248 F    -2  -4  -2   4  -3  -2   0  -4  -2  -1   0  -2  -1   4  -4  -1   1  -3   0   0    3   0   0  29   0   2   6   0   1   2   9   1   1  20   0   4  11   0   2   7  0.47 0.29
  249 M    -3  -4  -5  -4  -3  -4  -5  -6  -3   5   4  -4   4   0  -5  -3  -2  -2  -1   1    1   1   0   1   0   0   0   0   1  30  37   1  12   2   0   2   2   0   2   8  0.83 0.36
  250 K     1   1   2   1  -3   2   2  -1  -1  -3  -3   2  -1  -1  -3   1  -1   0  -1  -3   15   7  10   8   0   8  12   4   1   0   1  12   2   3   0  11   3   1   2   1  0.22 0.16
  251 K     0   2  -1  -2   2   0  -1  -1   0  -1  -2   3  -1   2  -3   0   0   0  -1  -2    6  15   2   2   4   3   3   5   2   4   2  23   1  12   0   7   5   1   1   2  0.21 0.17
  252 L    -2  -4  -4  -4   1  -4  -4  -6  -3   6   2  -4   2  -2  -4  -3  -1  -4  -3   2    2   1   1   1   3   0   1   0   0  48  18   0   4   1   1   1   3   0   1  13  0.86 0.37
  253 Q    -2  -1   5  -1   2   2  -1  -1   1  -5  -4   0  -3  -4  -1   4   0  -5  -3  -4    2   3  28   2   4   8   2   3   3   0   1   4   0   1   3  30   5   0   1   1  0.63 0.36
  254 P    -1  -1  -1   1  -4   0   4  -3   0  -4  -3  -2  -3  -5   4   3  -2  -5  -4  -4    5   3   2   9   0   4  27   1   2   0   3   1   1   0  18  22   1   0   0   1  0.62 0.34
  255 T    -1   3   1   1  -4   1   0  -2   1  -3  -3   3  -2  -1  -2   1   1  -4  -1  -3    4  15   5   8   0   4   5   3   3   1   2  25   0   3   1   8   8   0   2   1  0.31 0.20
  256 V     6  -5  -5  -5   0  -4  -4  -3  -5   0  -3  -4  -1  -4  -3   0   0  -5   0   2   62   0   0   0   1   0   1   1   0   4   2   0   1   0   1   6   5   0   4  13  0.96 0.47
  257 R    -2   6  -2  -4  -2   3  -2  -4  -2  -3  -1   3  -3  -4  -5  -1  -3  -4  -4  -2    4  47   1   0   1  12   1   1   1   1   5  18   0   0   0   3   1   0   0   3  0.95 0.44
  258 T     1   3   3   1  -4   1   1  -3  -1  -3  -3   2  -2  -3  -3   1   1  -5  -4  -3   11  18  14   6   0   5   8   1   1   1   1  12   1   1   0   9  11   0   0   1  0.36 0.23
  259 Y    -3  -4  -6  -6  -2  -5  -5  -6   1  -1  -3  -5   1   5  -6  -3  -5   1   8  -2    2   1   0   0   1   0   1   0   3   3   2   0   4  22   0   2   0   2  55   3  1.74 0.63
  260 V    -4  -5  -6  -6  -2  -5  -6  -6  -5   5   3  -5   2  -1  -5  -4  -3  -5  -4   4    0   0   0   0   1   0   0   0   0  35  32   0   5   2   0   1   0   0   0  23  1.07 0.43
  261 E    -1   3  -1  -1  -3   3   2  -3   0  -2   0   2  -1  -4  -3   1   0  -3  -3  -3    3  20   3   3   0  13  15   1   2   2   9  12   1   0   0  11   4   0   1   1  0.36 0.24
  262 N     0   1   3  -1  -3   2  -1   0  -2  -5  -5   1  -1  -4  -4   5  -1  -5  -4  -4    7   7  13   2   0   8   2   5   1   0   0   7   2   0   0  41   3   0   0   0  0.63 0.38
  263 R    -3   1  -4  -5  -1   0  -4  -5  -2   0   5  -1   5   0  -5  -4  -3  -1  -1  -1    1   7   1   0   1   5   0   0   1   3  53   4  14   3   0   1   1   1   2   2  0.80 0.40
  264 P    -1   1  -2  -3  -5  -1  -1   0  -4  -4  -3  -1  -4  -6   7  -2  -1  -6  -5  -4    5   8   1   1   0   3   4   7   0   1   3   3   0   0  58   2   3   0   0   1  1.37 0.54
  265 K    -1   2   0  -1  -2   1  -1  -3   3  -1  -2   3  -1   0   2  -1  -1  -3   1  -1    4  10   4   3   1   8   2   1   9   3   4  19   1   5  11   4   3   0   6   4  0.23 0.17
  266 Y    -2   3  -2  -3   0   1  -2  -3   1  -1  -2   4   3  -1  -2   0  -1  -3   2  -1    2  16   1   0   3   6   1   1   3   3   2  27   8   3   1   8   4   0   8   4  0.39 0.27
  267 A     0   0   0   0  -3   2   2  -3  -2  -4  -4   2  -3  -5   5  -1  -1  -5  -5  -3    9   5   4   4   1   8  13   1   1   1   1  13   0   0  31   3   4   0   0   1  0.67 0.34
  268 G    -1   3  -3  -4  -3   0  -3   2  -2  -5  -5   4  -3  -6   4  -1  -2  -6  -5  -4    6  16   0   0   0   4   0  13   1   0   0  28   1   0  22   3   2   0   0   1  0.78 0.40
  269 Y    -2   2  -3  -3  -1   2  -2  -4  -3   2  -1   3   0  -3  -2  -2   0  -2   0   3    2  14   0   0   1  11   1   1   0  12   4  18   2   1   2   2   5   1   3  21  0.35 0.25
  270 S    -2  -3   2   4  -4  -2  -3  -2  -1  -5  -5  -1  -5  -6   6   2  -1  -6  -4  -5    3   1   9  21   0   1   1   2   1   0   1   3   0   0  36  17   3   0   0   0  1.01 0.46
  271 F    -5  -5  -6  -7  -5  -4  -6  -6  -5  -1   3  -5   0   7  -5  -5  -4   7  -1  -3    1   0   0   0   0   1   0   0   0   2  29   0   2  48   1   0   0  13   1   1  1.60 0.59
  272 E     1   1   1   0  -3   1   2  -2   1  -3  -3   1  -3  -3   0   2   0  -4  -3  -3   10   9   7   4   0   5  17   2   3   1   1   9   0   1   4  19   6   0   0   1  0.29 0.21
  273 K    -1   1   0   2  -4   3   3  -3   1  -4  -3   2  -2  -5  -3   1   1  -5  -3  -1    5   6   4  10   0  13  18   0   4   0   1  14   1   0   0   9  10   0   0   4  0.38 0.25
  274 L    -3  -1  -4  -5  -3  -3  -4  -5  -2   3   4   1   2  -1  -5  -3  -2  -4   0   2    2   4   0   0   0   0   1   0   1  15  42  10   5   2   0   1   1   0   3  13  0.58 0.31
  275 F    -5  -6  -6  -5  -2  -6  -5  -5  -4   0   0  -6  -2   8  -5  -5  -5  -2   4  -3    0   0   0   1   1   0   1   1   0   4   9   0   1  68   1   0   1   0  11   1  1.93 0.65
  276 P    -2  -1  -3  -3  -4  -2  -3  -2   0  -2  -4  -1  -1  -4   7  -1  -2  -3  -4  -3    3   4   1   1   0   2   1   3   3   3   2   3   1   1  62   4   2   0   1   2  1.47 0.51
  277 D    -2   0   4   3  -3   0   0   1   2  -4  -4   1  -3  -3  -3   0  -1  -4  -1  -4    2   5  21  19   1   4   4  12   6   1   1  10   0   1   1   6   4   0   2   1  0.42 0.22
  278 V     5  -2  -2  -2  -1  -2  -2  -2  -2  -1  -2  -1  -1  -2  -2   0  -1  -1  -2   1   55   2   2   2   1   2   2   2   1   3   2   3   2   1   2   5   3   1   1   9  0.61 0.30
  279 L     0   0   0   1   0   0   0   0   0   0   0   0   0   0   0   0   0  -1   0   0    7   5   6   9   3   3   5   6   3   4  12   5   2   3   5   6   5   1   4   6  0.02 0.00
  280 F     0   0   0   0  -1   0   0  -1   0   0   0   0   0   2   2   0   0   0   0  -1    6   4   4   5   1   3   5   6   2   4   8   5   2  14  11   5   4   1   3   5  0.07 0.02
  281 P     0   0   0   0  -1   0   0  -1  -1  -1   0   0   0  -1   4   0   0  -1  -1  -1    7   4   3   5   1   4   5   5   1   4  12   4   2   3  20   6   5   1   2   5  0.17 0.04
  282 A     1   0   0   0   0   0   0   0  -1  -1   0   0   0  -1   1   0   0  -1  -1   0   17   4   5   4   3   4   5   7   2   4   8   6   2   3   7   7   5   1   2   5  0.04 0.01
  283 D     0   0   0   1  -1   0   0   0   0   0   0   0   0  -1   0   0   0   0   0   0    8   4   4  10   1   4   7   6   2   4  14   4   2   3   5   6   7   1   3   5  0.02 0.01
  284 S     0   0   0   1  -1   0   0   0   0  -1  -1   0   0   0   1   1   1  -1   0   0    7   6   4   7   1   4   6   6   2   4   8   6   2   4   5  12   8   1   3   5  0.04 0.01
  285 E     0   0   0   0  -1   0   1   0   0   0   0   0   0   0   0   0   0   0   0   0    6   5   4   6   1   4  11   6   2   5  14   5   2   4   5   6   6   1   2   5  0.02 0.00
  286 H     0   0   0   0  -1   0   0   0   1   0   0   0   0   0   1   0   0  -1   0   0    7   5   5   5   2   4   6   6   6   4  15   6   2   4   6   5   4   1   3   6  0.02 0.01
  287 N     0   0   1   0  -1   0   0   0   0   0   0   0   0  -1   1   0   0  -1   0   0    8   4   7   5   2   4   8   7   2   6   8   5   2   3   9   8   5   1   3   5  0.04 0.01
  288 K    -1   0   0  -1   3   0  -1  -1   1  -1  -2   2   0  -1   4   0  -2  -6   0  -2    5   6   4   4   6   4   4   4   3   4   5  11   3   3  18   7   3   0   3   3  0.26 0.22
  289 L     0  -1   0   0   1  -1  -1   1   1   0   2  -1   2  -1  -1  -1  -1   2   0  -1    8   3   4   6   3   3   4  10   3   4  18   4   5   3   3   4   4   3   3   5  0.07 0.07
  290 K     1   0   0  -1   2  -1  -1  -1  -1   0   1   0   0  -1  -1   0   1  -3  -1   1   13   4   6   3   4   2   3   4   2   4  14   6   2   2   3   5  11   0   2  10  0.07 0.10
  291 A     2  -1   2   2   0  -1  -1  -2  -4  -1  -2  -4  -4  -2   2   3   1  -5  -5  -2   15   3  11  12   2   2   3   3   0   4   5   0   0   2   9  19   7   0   0   2  0.33 0.31
  292 S     0  -1  -1   1  -5  -1   1  -2   2  -3  -1  -1  -1  -2   5   1  -1  -5  -4  -3    8   4   2   7   0   3   9   3   5   2   6   3   2   2  29  11   3   0   0   2  0.50 0.37
  293 Q    -1  -1   0   2   1   3   2  -2   0  -2   0   1   0  -3  -1  -1  -1   1  -1  -1    4   3   4  12   3  12  16   3   2   1  12   7   2   1   4   4   3   2   2   5  0.20 0.21
  294 A     6  -2  -2  -5   1  -3  -1   0  -5  -3  -1  -5  -1  -2  -2  -1  -2  -6  -5  -2   58   2   2   0   3   1   4   7   0   2   5   1   2   2   3   4   2   0   0   2  0.98 0.59
  295 R    -1   2  -3  -3   2  -2  -3  -5  -3   3   3  -2   0  -1  -2  -3  -2  -2  -2   2    4  12   1   2   4   2   1   1   1  17  30   2   1   3   2   1   2   1   1  13  0.47 0.31
  296 D    -3  -2  -1   7   0  -3   0  -3   2  -4  -6  -3  -6  -4  -5  -1  -2   3  -5  -4    2   3   3  60   2   1   5   2   4   1   1   2   0   1   0   4   2   4   0   1  1.48 0.75
  297 L    -3  -2  -6  -6   0  -5  -5  -6  -5  -1   6  -5   2   2  -5  -5  -3  -5  -4   0    2   2   0   1   2   0   1   1   0   3  67   1   4   7   1   1   2   0   0   5  1.34 0.62
  298 L    -3  -5  -6  -6  -5  -5  -6  -6  -6   1   6  -5   2  -2  -6  -3  -3  -5  -1   1    2   1   0   1   0   0   1   1   0   8  67   1   4   1   1   2   2   0   2   7  1.35 0.61
  299 S    -1   0  -1   2   1   1   3   0   0  -3  -3   1  -2  -3  -4   2  -1  -2  -3  -3    5   5   3  13   4   5  19   8   2   1   3   7   1   1   1  17   3   1   1   1  0.33 0.26
  300 K    -2   4   0  -4  -2   2  -2  -3   0  -4  -3   5  -2  -5  -4  -1  -3  -2  -3  -3    3  23   4   1   1   7   1   2   2   1   3  41   1   0   1   5   1   1   1   2  0.88 0.46
  301 M    -4  -5  -5  -5   0  -4  -3  -5  -5   0   3  -5   9  -1  -5  -4  -2  -5  -4  -1    1   1   1   1   2   0   2   1   0   4  29   1  49   2   1   2   3   0   0   3  1.64 0.69
  302 L    -4  -5  -5  -5  -4  -5  -5  -5  -5  -1   6  -5   0   0  -5  -5  -3   0  -4  -1    1   1   1   1   0   0   1   1   0   3  79   1   1   3   1   1   2   1   0   4  1.52 0.64
  303 V     1   1  -1  -2   0   2   0  -4  -1   0  -1  -1   0  -3  -4  -1   2  -1  -3   3   11   7   3   2   2  12   5   0   2   5   4   3   2   1   0   3  15   1   1  22  0.26 0.24
  304 I    -5  -6  -7  -7  -6  -4  -7  -7  -5   2   2  -6  -1   8  -7  -4  -4   2   0  -2    1   0   0   0   0   1   0   0   0  11  17   0   1  58   0   1   1   3   2   3  1.71 0.71
  305 D    -3  -5   5   7  -4  -3  -2  -4  -1  -5  -6  -4  -4  -5  -4  -2  -4  -7  -4  -4    2   1  22  61   0   1   1   1   1   1   1   1   0   1   1   3   1   0   1   1  1.72 0.78
  306 A    -2  -5  -7  -7  -4  -4  -5  -4  -1  -7  -7  -6  -4  -5   9  -4  -3  -3  -4  -4    3   1   0   0   1   1   1   2   1   0   1   0   0   1  84   1   2   0   1   2  2.67 1.12
  307 S     0   2   1   3  -3   0   2  -2   0  -3  -3   2  -2  -3  -3   1   1   1  -3  -3    8  10   6  15   0   3  13   2   2   1   2  12   1   1   1  11   8   2   1   2  0.28 0.23
  308 K    -2   2   0   2  -3   1   2  -2  -1  -5  -3   5  -3  -5  -4  -1  -2  -6  -2  -4    2   8   4  12   1   5  12   3   2   1   3  37   0   0   0   5   3   0   1   1  0.66 0.40
  309 R    -7   9  -6  -7  -8  -5  -6  -7  -6  -8  -7  -4  -7  -8  -7  -6  -7  -8  -7  -8    0  97   0   0   0   0   0   0   0   0   0   0   0   0   0   0   0   0   0   0  3.26 1.23
  310 I    -3  -6  -6  -6  -1  -4  -6  -6  -6   6   2  -5   2  -2   2  -4  -3   0   0   1    2   0   0   0   1   1   0   0   0  47  16   0   5   2  12   1   1   1   4   6  1.07 0.52
  311 S    -3  -3  -1  -1  -2  -3  -4  -3  -4  -4  -5  -4  -4  -6  -5   4   6  -6  -6  -5    1   2   2   4   1   1   1   2   0   1   1   1   0   0   0  32  52   0   0   0  1.41 0.74
  312 V     5  -6  -6  -6   0  -5  -5  -4  -6   0  -4  -5  -2  -5  -4  -2  -1  -7  -5   5   44   0   0   0   2   0   0   1   0   4   1   0   1   0   1   2   3   0   0  41  1.29 0.65
  313 D     1  -3  -1   3  -2   0   5  -3   1  -2  -4  -1  -3  -5  -1   0   0  -6  -4  -2   12   1   2  13   1   3  40   2   3   3   1   2   1   0   2   6   5   0   0   2  0.64 0.42
  314 E    -1  -4  -2   3  -7   4   6  -4  -3  -5  -7  -1  -6  -7  -6  -3  -3  -3  -6  -6    5   0   1  15   0  20  50   1   0   1   0   3   0   0   0   2   1   0   0   0  1.37 0.71
  315 A     7  -6  -6  -6   3  -6  -6  -2  -6  -2  -4  -6  -2  -7  -2  -2  -3  -7  -6  -3   81   0   0   0   5   0   0   2   0   3   2   0   1   0   2   1   1   0   0   1  1.80 0.83
  316 L    -6  -7  -8  -8  -6  -7  -8  -8  -7   0   7  -7   0  -3  -8  -5  -6  -6  -6  -3    0   0   0   0   0   0   0   0   0   5  91   0   2   1   0   1   0   0   0   1  2.12 0.86
  317 Q     3   1   0  -1  -1   2   3  -3  -1  -4  -3   2  -1  -5  -4   1  -2  -5  -3  -3   28   8   5   2   1   8  18   1   1   1   2  11   2   0   0   8   2   0   1   1  0.46 0.34
  318 H    -7  -6  -4   1  -3  -4  -4  -7  11  -8  -2  -6  -4  -4  -7  -4  -7  -7  -3  -8    0   0   0   8   1   0   0   0  82   0   4   0   0   1   0   1   0   0   1   0  3.25 1.13
  319 P    -3  -1  -5  -4  -7  -4  -1  -7  -3  -6  -6  -2  -7  -8   8  -2  -3  -8  -7  -6    2   3   0   1   0   1   5   0   1   0   1   2   0   0  79   3   1   0   0   0  2.43 0.95
  320 Y    -7  -7  -8  -9  -8  -7  -8  -9  -2  -5  -5  -7  -4   5  -9  -7  -7   2  10  -6    0   0   0   0   0   0   0   0   0   1   1   0   0  17   0   0   0   3  78   0  3.08 1.12
  321 I    -5  -6  -7  -7  -3  -6  -7  -7  -6   1   5  -3   2   5  -7  -5  -5  -5  -2   2    0   0   0   0   0   0   0   0   0   5  47   2   5  26   0   0   0   0   1  15  1.24 0.56
  322 N     3   0   1   0  -3   1   1  -2   1  -4  -5   1  -3  -3  -4   2  -1  -5  -2  -3   28   5   6   4   0   7  10   1   4   1   0   9   0   1   0  19   2   0   1   1  0.44 0.33
  323 V     0   0   0   1  -3   2   1   1   0  -2  -2   1  -2  -3   2   0   0  -3  -3  -1    8   3   4   8   0  10  11   9   2   2   4   8   1   1  10   7   4   0   0   5  0.17 0.14
  324 W    -5  -5  -6  -7  -2  -5  -7  -7  -2  -2   3  -6  -1   5  -7  -6  -6   6   7  -2    0   0   0   0   1   0   0   0   1   2  28   0   1  18   0   0   0  10  34   2  1.53 0.66
  325 Y    -1   2  -4  -5  -4  -3  -5  -5  10  -4  -6  -4  -6   1  -5  -1  -6  -4   4  -6    7  11   0   0   0   1   0   1  54   1   0   1   0   5   0   5   0   0  12   0  1.96 0.80
  326 D    -4  -2   2   7   2  -3   1  -4  -2  -5  -4   0  -3  -5  -5  -1  -3  -1  -4  -4    1   2  11  53   4   1   9   1   1   1   2   6   1   1   0   5   1   1   1   1  1.21 0.59
  327 P    -1  -3  -2  -2  -4  -2   2  -5  -4   0  -3  -2  -4  -5   7  -1  -2  -7  -5  -1    6   2   2   3   0   2  13   1   0   6   2   2   0   1  50   4   2   0   0   5  1.16 0.59
  328 S     1  -1   1   3  -5  -1   3  -3  -1  -2  -4  -1  -2  -3  -3   2   1  -6  -2  -4   10   2   7  18   0   2  22   2   1   2   1   3   1   1   1  14  10   0   1   1  0.46 0.33
  329 E    -2   0  -2   6  -4  -2   3  -3   0  -4  -4  -2  -4  -3  -4  -2  -3  -1  -4  -4    3   6   1  49   0   1  21   2   2   1   2   2   0   1   1   3   1   1   1   1  1.15 0.58
  330 A    -2  -3  -3  -1  -7  -2   7  -5  -2  -3  -4  -3  -4  -3  -1  -3  -4  -2  -5   0    3   1   1   2   0   1  71   1   1   2   2   1   1   1   3   2   1   1   0   6  1.55 0.77
  331 E    -3  -3   0  -1  -2  -1   1  -5  -3   0  -5  -3  -3  -5   7  -2  -1  -3  -4  -4    2   2   4   3   1   2  10   1   1   5   1   2   1   0  57   3   3   1   1   1  1.44 0.70
  332 A     1  -1   0  -1   0  -2   1  -1  -2   1  -1  -2   0  -3  -1   1   2  -5  -3   2   10   4   4   4   2   1   9   4   1   8   4   2   2   1   3  12  12   0   0  19  0.16 0.18
  333 P     3  -2  -2  -3   7  -1  -2  -3  -2  -1  -2  -2  -3  -2   3   0   0  -6  -3  -3   24   2   2   1  24   2   3   2   1   3   4   2   1   2  14   6   5   0   1   1  0.75 0.44
  334 P     0  -3  -1   1   1   0   1  -2   0  -3  -3  -2  -3  -3   5  -1   0  -5  -3   0    8   1   2   7   3   4  10   4   2   1   3   2   0   1  33   4   7   0   1   6  0.56 0.35
  335 P     1  -1  -2  -1  -3  -1   0  -2   0   1  -2  -2  -1  -3   5   0  -1  -5  -2   0   10   3   1   3   1   3   8   3   2   9   4   2   1   1  30   8   4   0   2   6  0.47 0.30
  336 K     0   0   0   1  -1   1   0  -1   0  -1  -2   1  -1   0   3   1   0  -4  -3  -1    6   4   4   6   1   6   6   3   2   3   4  11   1   4  13  11   6   0   0   5  0.14 0.13
  337 I    -1   0  -2  -1  -2  -1  -1  -3  -2   2   0   1   0   2   2  -1   0  -3  -1   2    5   5   1   3   1   2   3   2   1  11   6  10   2   9  12   4   6   0   2  16  0.16 0.14
  338 P    -2  -1  -4   0  -3  -2  -1  -5  -2  -1   0  -2  -1   6   0  -1  -1  -2   4  -1    3   3   1   5   1   2   5   1   1   4   9   2   1  33   6   4   3   0  12   4  0.62 0.36
  339 D    -4  -3   0   6  -4  -3   2  -5  -2   0  -2  -2  -3  -2  -2  -1  -3   0  -6  -4    2   2   4  47   0   1  15   1   1   6   5   3   1   2   3   5   2   1   0   1  0.98 0.53
  340 K    -4  -4  -1   0  -4   0  -2  -4   2  -5  -2  -3  -1   7   1  -2  -3   6   0  -4    2   1   4   5   0   4   2   1   5   0   3   2   2  41   8   4   2  11   2   1  1.10 0.57
  341 Q     0  -1  -1   3  -2   0   3  -1  -2  -2  -1  -2  -2  -2  -3   3  -1  -6  -3  -2    9   3   3  17   1   4  17   4   1   3   6   2   1   2   1  21   2   0   1   3  0.35 0.29
  342 L    -4  -3  -2   1  -4  -4  -2  -6  -1   0   0  -4  -1   7  -4  -4  -5   1   1  -1    2   2   3   7   0   1   3   0   2   6  10   1   1  50   1   2   1   1   4   5  1.17 0.57
  343 D    -4  -6   0   5  -8  -3   6  -7  -3  -1  -6  -4  -4  -2  -4  -4  -6  -8  -5  -4    2   0   4  33   0   1  48   0   1   4   1   0   0   2   1   1   0   0   0   2  1.55 0.79
  344 E    -2   2   3   3  -3   1   2  -2   0  -3  -3   1  -3  -3  -4   1  -2  -6  -3  -3    3  13  11  17   1   5  16   3   2   2   3  10   0   1   1   9   2   0   1   2  0.43 0.31
  345 R     0   2  -1   0   0   1   1  -2   0  -1  -2   1   0  -2  -1  -1   1  -2  -2   0   10  14   3   5   2   6  11   2   3   3   3   9   3   2   3   3   9   1   1   8  0.13 0.14
  346 E    -1   0   1   3  -4   2   3  -3  -3  -3  -2   2  -2  -4   0  -1  -1  -6  -3  -2    5   5   8  16   0   8  17   1   0   1   5  14   1   1   5   5   4   0   1   3  0.36 0.28
  347 H    -4  -1  -4  -3  -1  -1   0  -6   2   0   5  -3   3   0  -1  -4  -2  -1   1  -1    1   3   1   2   1   2   6   0   5   4  46   2   8   3   3   1   2   1   5   4  0.63 0.39
  348 T    -3  -3   0   2  -4  -3  -3  -1  -2  -6  -5  -2  -6  -7   2   4   5  -7  -6  -4    1   1   5  10   0   1   1   5   1   0   1   2   0   0  10  26  33   0   0   1  0.90 0.58
  349 I    -1   0  -4  -4  -2  -2   1  -5  -3   3   0   4   0  -4  -1  -3  -1  -6  -5   3    4   5   0   0   1   1  10   0   1  16   9  22   2   1   3   1   3   0   0  21  0.49 0.35
  350 E     0  -1   1   4  -7   1   4  -3   0  -3  -4  -1  -3  -5   0  -1  -2  -3  -4  -4    8   3   5  23   0   6  30   2   2   2   1   4   1   0   4   4   2   1   0   1  0.67 0.44
  351 E    -1  -2  -1   4  -2   4   4  -3  -1  -3  -3   0   0  -4  -5  -3   0  -7  -3  -3    5   2   2  20   1  16  28   2   1   1   3   5   3   1   0   1   6   0   1   2  0.67 0.45
  352 W    -6  -6  -8  -8  -5  -6  -8  -6  -5   3   4  -7   3   0  -8  -7  -6   9   3   1    0   0   0   0   0   0   0   0   0  14  32   0   7   3   0   0   0  23  10   9  1.50 0.70
  353 K    -6   7  -5  -7  -5   1  -4  -8  -6  -5  -6   6  -4  -9  -7  -5  -6  -8  -7  -5    0  45   0   0   0   7   1   0   0   1   0  43   0   0   0   0   0   0   0   1  2.01 0.94
  354 E    -1   2   1   1  -3   2   5  -3   0  -3  -4   1  -3  -5  -5   0  -1  -5  -5  -2    6  11   5   9   1   8  32   2   2   2   1   8   1   0   0   6   3   0   0   3  0.57 0.40
  355 L     1  -1  -4  -5  -2  -2  -1  -5   0   0   4   0   5  -3  -6  -3  -3  -6  -1  -2   12   3   1   0   1   2   5   1   2   5  43   6  13   1   0   1   1   0   2   2  0.68 0.44
  356 I    -5  -7  -8  -8  -3  -7  -7  -8  -8   7   3  -7   4   0  -7  -5  -2  -7  -6   2    0   0   0   0   1   0   0   0   0  48  21   0  10   4   0   1   2   0   0  11  1.49 0.68
  357 Y    -5  -4  -7  -6  -2  -5  -6  -6   1  -1   0  -6  -1   4  -8  -4  -4   7   7   0    1   1   0   0   1   1   0   1   3   3   9   0   1  16   0   1   1  15  39   6  1.63 0.76
  358 K     0   3   2   2  -3   2   3  -3   0  -6  -4   2  -1  -4  -4   0  -1  -3  -3  -4    7  15   9  11   0   9  18   1   2   0   2  11   2   1   0   7   3   0   1   1  0.47 0.34
  359 E    -5  -5  -5   1  -9   0   8  -7  -2  -5  -5  -3   1  -3  -7  -4  -5  -8  -7  -6    1   0   0   7   0   4  77   0   1   1   2   1   3   1   0   1   0   0   0   1  2.05 1.00
  360 V     0  -7  -5  -8  -2  -7  -7  -6  -8   6  -2  -7   4  -5  -7  -2  -3  -7  -4   4    8   0   1   0   1   0   0   1   0  48   3   0   8   0   0   3   2   0   0  26  1.45 0.69
  361 M    -1   0  -1  -2   2   1   0  -4  -2   0   3   0   4  -2  -5  -2  -2  -2  -3   0    6   4   3   2   5   6   6   1   1   5  32   6  11   1   0   3   2   0   1   5  0.35 0.27
  362 D     0   1   1   2  -2   1   3  -2   3  -4  -2   1  -2  -3  -4   1  -1  -3  -1  -3    8   7   6  12   1   5  21   2   8   1   4   7   1   1   0  10   3   0   2   1  0.35 0.28
  363 L    -5  -3  -6  -8  -3  -4  -7  -8   1  -2  -2  -2  -1   7  -8  -6  -5   2   7  -5    1   2   0   0   1   1   0   0   3   3   4   3   2  45   0   0   1   3  32   1  1.91 0.83
  364 E    -4   3   1  -4  -8   1   1  -5   9  -7  -6   2  -6  -4  -6  -3  -6  -7  -3  -5    1  15   6   1   0   7  10   1  43   0   0  12   0   1   0   1   0   0   1   1  1.63 0.76
  365 E     0   1  -1  -3  -6   2   0  -3   0  -5  -5   2  -4  -7   6  -2  -2  -5  -6  -5    7   8   3   1   0   8   7   2   2   1   1  11   0   0  43   3   3   0   0   0  1.06 0.59
  366 R    -2   3   0   0  -5   3   4  -2   0  -3  -3   1  -1  -3  -1  -1  -1  -3  -3  -3    2  18   4   4   0  13  27   3   2   1   3   6   1   1   4   5   3   0   1   2  0.51 0.36
  367 T     1   0   0  -2   0   0  -1  -2   0   0   0   1   2  -1  -1   0   0  -2  -1   1   13   5   4   2   2   3   3   1   2   5   8  11   8   1   2   7   6   0   2  13  0.08 0.12
  368 K    -1   4  -1   0  -3   3   0  -1   0  -3   0   3  -1  -3  -1  -1  -1  -5  -3  -3    5  25   2   4   0  12   5   4   2   1  10  15   1   1   3   3   4   0   0   1  0.36 0.27
  369 N    -1   2   2  -1  -3   3   2   0   3  -3  -4   1  -2  -4  -2   2  -1  -5  -4  -3    4   9  12   3   0  13  12   7   7   1   1   9   1   1   2  14   4   0   0   1  0.35 0.27
  370 G     1   0   0   2  -2   2   2   1   0  -2  -4   0  -1  -3   1   0  -1  -4  -2  -2   13   5   5  11   1   8  17  12   2   2   1   3   1   1   6   7   3   0   1   2  0.25 0.19
  371 V    -2   0   0  -2  -2   0  -1  -2  -1   2   1  -2   2   0  -1  -1  -2  -2   4   2    3   6   5   2   1   4   3   3   1  11  13   1   6   3   3   4   2   0  16  14  0.17 0.17
  372 I    -1   0  -1  -1  -2   0   0  -3   0   1   2   1   1   0   0  -1  -1  -3  -2   1    3   6   2   3   0   3   5   1   3  11  22   9   4   3   5   5   3   0   1  10  0.09 0.10
  373 R     0   5   1  -2  -3   1   1  -1  -2  -2  -3   2  -2  -5  -1   0  -1  -5  -2  -3    6  33   6   2   1   5  10   4   0   2   3  12   1   0   2   8   3   0   1   2  0.48 0.31
  374 G     1  -2   0  -1  -4   0  -1   4   2  -2  -3  -1  -3  -1   1   1  -2   1  -4  -4   10   1   3   3   0   5   4  36   5   2   3   3   1   3   7  12   1   2   0   1  0.45 0.28
  375 Q     1   1   2   0  -4   4   1  -2   0  -3  -2   1  -2  -2  -1   0   0  -4  -2  -2   12   6   9   4   0  26   8   2   2   1   4   6   1   2   2   7   4   0   1   3  0.32 0.25
  376 P     1  -3  -2  -1  -5  -1   1  -3  -2  -5  -2  -2  -4  -1   7  -2  -3  -6  -5  -2   13   1   2   3   0   3  11   1   1   0   5   1   0   3  49   3   1   0   0   3  1.08 0.49
  377 S     1   1   1  -1  -4   1  -1  -1  -2  -2  -3   2  -1  -4   2   3   1  -5  -3  -1   10   8   5   2   0   6   3   3   1   2   1  13   1   0  10  22   8   0   1   5  0.28 0.22
  378 P     1  -3  -5  -1  -5  -2  -2  -2  -5  -6  -5  -2  -5  -3   7  -1  -1  -6   1  -5   12   1   0   4   0   2   2   3   0   0   1   3   0   1  60   3   4   0   5   0  1.48 0.58
  379 L     0  -2  -1  -1   0  -3  -2  -3  -1   2   4  -3   1  -1  -4  -2  -1  -4  -3   2   10   3   3   3   1   0   2   1   2  11  41   1   3   1   0   2   3   0   0  13  0.34 0.23
  380 A     3  -2   2   0  -3   0   0   3  -3  -3  -2  -1  -3  -4  -2   1  -1  -4  -4   0   29   1  10   4   0   5   5  22   0   1   3   3   0   0   1  10   1   0   0   6  0.36 0.23
  381 Q     0   1   1  -2  -4   6   1  -2   1  -2  -4   0  -3  -5   0   1  -2  -5  -4  -3   10   7   6   0   0  39   9   2   3   2   0   5   0   0   5  11   0   0   0   1  0.60 0.32
  382 V     1  -3  -3  -3  -2   0  -3  -2  -3   2   2  -2   1   0  -2  -2   1  -3  -2   2   19   0   0   0   0   5   0   2   0  12  27   0   2   5   2   0   8   0   0  18  0.23 0.12
  383 Q    -2   3   2  -1  -4   5   2  -2   0  -4  -4   1  -3  -5   2  -1  -2  -4  -3  -4    2  15   9   2   0  39  10   1   2   0   0   7   0   0  12   1   0   0   0   0  0.66 0.21
  384 Q    -2   3  -1  -1  -5   6   2  -3   1  -4  -4   3  -2  -4  -3  -1  -2  -4  -3  -4    0  20   0   0   0  46  14   0   3   0   0  17   0   0   0   0   0   0   0   0  0.84 0.21

                      K         Lambda
Standard Ungapped    0.1366     0.3205
Standard Gapped      0.0500     0.2670
PSI Ungapped         0.1634     0.3178
PSI Gapped           0.0500     0.2670
