
Last position-specific scoring matrix computed, weighted observed percentages rounded down, information per position, and relative weight of gapless real matches to pseudocounts
            A   R   N   D   C   Q   E   G   H   I   L   K   M   F   P   S   T   W   Y   V   A   R   N   D   C   Q   E   G   H   I   L   K   M   F   P   S   T   W   Y   V
    1 M    -2  -2  -3  -4  -3  -1  -3  -4  -3   0   1  -2   9  -1  -4  -3  -2  -3  -2   0    0   0   0   0   0   0   0   0   0   0   0   0 100   0   0   0   0   0   0   0  1.29 0.23
    2 A     5  -2  -1  -2  -1  -1  -1  -1  -2  -2  -2  -1  -2  -3  -2   3   0  -3  -3  -1   73   0   0   0   0   0   0   0   0   0   0   0   0   0   0  27   0   0   0   0  0.61 0.14
    3 Q    -1   0  -1  -1  -3   6   1  -2  -1  -4  -3   1  -2  -3  -2   2  -1  -3   1  -3    0   0   0   0   0  68   0   0   0   0   0   8   0   0   0  17   0   0   6   0  0.80 0.19
    4 A     4  -2   3  -1  -2  -1  -1  -1  -2  -2  -1  -1  -2  -3  -2   1   1  -4  -3  -1   53   0  24   0   0   0   0   0   0   0   5   0   0   0   0  10   9   0   0   0  0.41 0.13
    5 K    -1   2   1  -1  -3   1   1   0  -1  -3  -3   4  -2  -4  -2   1   0  -4  -3  -3    0   8   6   0   0   5  10   5   0   0   0  49   0   0   0  12   5   0   0   0  0.47 0.13
    6 I    -1  -1   1  -2  -2   1   0  -1  -2   3   0   1   2  -2  -3   0  -1  -3  -2   1    4   0   8   0   0   7   6   4   0  41   0  10   9   0   0   7   0   0   0   4  0.16 0.11
    7 S     0   0   5   1  -3   3  -1  -1   0  -4  -4   0  -2  -4  -2   1   0  -4  -3  -3    8   5  41   5   0  17   0   2   2   0   0   4   0   0   0  11   5   0   0   0  0.52 0.16
    8 A     3   0  -1   1  -2   0   0   0  -2  -3  -3   1  -2  -3   0   2   0  -4  -3  -1   33   3   0  11   0   2   5   5   0   0   0   7   0   0   5  24   3   0   0   2  0.29 0.11
    9 K     0   3   1  -1  -3   1   1  -1  -1  -1  -3   4  -2  -4   0   0  -1  -4  -3  -2    7  24   7   0   0   4   7   3   0   5   0  34   0   0   4   5   0   0   0   0  0.41 0.14
   10 A     2  -2  -1  -1  -2  -1  -1   0  -2   0  -1  -1   5  -2  -1   1   1  -3  -2   0   19   0   2   4   0   0   2   7   0   5   0   2  29   0   2  11  11   0   0   7  0.22 0.15
   11 H     1   1   3  -1  -3  -1   0  -2   3  -1  -2   1  -2  -1  -2   1  -1  -3  -1   0   12   8  26   0   0   0   6   0  11   3   0  12   0   4   0   9   0   0   0   9  0.25 0.12
   12 E     0   1  -1   1  -3   0   3  -1  -1  -3  -3   0  -2  -3   3  -1   1  -3   0  -3    6  11   1   7   0   0  33   4   0   0   0   5   0   0  19   0   9   0   4   0  0.44 0.14
   13 G     1   0   0  -2  -2  -1  -2   3  -2   0  -2   1  -2  -3  -2   1  -1  -3  -3   0   15   7   4   0   0   0   0  34   0   9   0   9   0   0   0  13   0   0   0   7  0.29 0.11
   14 R    -1   3   2  -1  -3   1  -1  -1  -1  -3  -1   4  -1  -3   2   1  -1  -4  -3  -3    0  17  10   0   0   7   0   4   0   0   5  34   1   0   9  12   0   0   0   0  0.39 0.15
   15 F    -3  -4  -4  -5  -3  -4  -4  -4  -3   1   2  -4   3   6  -4  -1  -3  -1   0   0    0   0   0   0   0   0   0   0   0   5  22   0  11  50   0   5   0   0   0   7  0.82 0.25
   16 C    -1  -2   0  -1   5   1  -1  -2   1  -1  -2  -2   2  -2  -3   3   2  -3  -1  -1    0   0   3   1  17   8   3   2   5   4   1   0   7   1   0  29  15   0   1   4  0.33 0.19
   17 R    -2   6   1  -1  -1  -1  -1  -4   3  -3  -4   1  -3  -4  -4  -1  -3  -5  -3  -4    3  65   5   3   2   0   2   0  10   2   0   4   0   0   0   5   0   0   0   0  1.03 0.35
   18 S    -1  -1   2  -2  -3  -1   0  -2  -2  -3  -3   1   1  -2   0   3   4  -4  -3  -2    0   3   9   0   0   0   4   2   0   0   0  10   5   1   3  28  34   0   0   0  0.48 0.26
   19 S     0  -1   0   1  -2   1   1   0  -2   0   0  -1   0  -2   0   1   1  -3  -2   0    6   3   4   8   0   6   9   6   0   3  11   0   2   1   3  16  12   0   0  10  0.09 0.08
   20 S     0  -1   0  -2   0  -1  -1  -3  -3  -2  -4  -2  -3  -4   0   6  -1  -5  -4  -1    4   2   3   0   2   2   2   0   0   2   0   0   0   0   5  74   0   0   0   5  0.92 0.40
   21 M    -1  -3  -1   0  -1  -1  -3  -4  -3   1   2  -3   6  -2  -1  -3  -2  -3  -1   2    4   0   2   7   1   3   0   0   0   6  14   0  36   0   3   0   0   0   2  19  0.54 0.27
   22 A     3  -2   1   2  -2  -1   0  -1  -2   0  -1  -2   0  -3   1   1  -1  -4  -3   0   37   0   6  13   0   2   5   1   0   7   4   0   3   0   6   9   0   0   0   7  0.25 0.17
   23 D    -1  -1   3   6  -5  -1   0  -1  -1  -5  -4  -1  -4  -5  -2   0  -1  -6  -4  -4    4   2  12  56   0   1   4   5   1   0   2   2   0   0   1   7   2   0   0   1  0.93 0.35
   24 R    -1   3   1   0  -1   0   0  -3   1  -2  -1   0  -2   1   0   1   0  -3  -2  -2    2  26   9   5   2   4   4   0   3   2   4   3   0   9   5  13   6   0   0   2  0.21 0.16
   25 S     1   0   3  -2  -3  -1   0  -1  -2  -1  -3   0   0  -4  -3   4   1  -4  -3  -1   10   5  18   0   0   0   5   2   0   4   0   4   3   0   0  36   9   0   0   3  0.40 0.25
   26 S    -1  -2   2   3  -4  -1   3   2  -2  -4  -4  -1  -2   0  -1   1  -2  -4  -2  -3    3   1  10  22   0   2  19  17   0   0   0   3   1   5   3  13   0   0   1   1  0.43 0.24
   27 R    -1   5   1  -3  -2   3  -1  -4   3  -3  -1   1  -3   0   0  -1  -1  -4  -3  -4    4  33   7   0   1  17   1   0   9   1   6   5   0   4   5   3   2   0   0   0  0.52 0.30
   28 L    -2  -3  -4  -4  -3  -3  -4  -4  -3   2   4  -3   2   2  -4  -3  -1   2   0   2    1   0   0   0   0   0   1   1   0  14  43   1   4  11   0   1   4   3   2  14  0.54 0.25
   29 L    -2  -1  -3  -3  -2  -1  -2  -3   0   2   2  -1   1   1  -3  -2   0   2  -1   2    1   4   0   1   0   2   2   1   4  17  27   4   3   5   1   2   5   3   1  18  0.25 0.16
   30 E     0   1   1   0  -3   1   3   0   1  -3  -3   2  -2  -3  -2   1  -1  -3  -3  -2    7   7   7   4   0   7  27   5   3   0   1  13   0   0   1  11   3   0   0   2  0.33 0.18
   31 S    -1  -2  -1  -2   0   0  -2  -1   0   1   1  -1   2   0  -2   0   1  -2   1   1    3   0   3   1   3   5   1   5   3  11  19   2   8   2   0   7  12   0   5   9  0.10 0.11
   32 L    -3  -4  -4  -5  -3  -4  -4  -5  -4   0   6  -4   3   0  -4  -4  -3  -3  -3  -1    1   0   0   1   0   0   1   1   0   3  78   1   7   3   0   1   1   0   0   2  1.17 0.43
   33 D    -4  -3  -1   7  -5  -1   1  -3  -3  -4  -2  -3  -4  -4  -3  -2  -3  -5  -2  -3    1   0   2  74   0   2   6   1   0   0   5   1   0   0   0   2   1   0   2   2  1.50 0.52
   34 Q    -2   0  -1   3  -4   4   3  -2   2  -2  -1   0  -1  -3  -3   0  -1  -4  -3  -2    2   5   1  15   0  23  19   2   6   1   7   5   1   0   0   6   3   0   0   1  0.42 0.24
   35 L    -1  -3  -3  -4   1  -3  -3  -4  -3   4   2  -3   1   0  -3  -2   0  -3   0   3    5   0   0   0   3   0   1   1   0  25  23   1   3   3   0   1   6   0   4  24  0.44 0.22
   36 E    -3  -2  -2   2  -5   0   6  -1  -3  -4  -4  -2  -4  -4  -3  -2  -1  -4  -4   0    1   0   0  10   0   3  65   6   0   0   1   1   0   0   0   1   4   0   0   7  1.08 0.45
   37 L    -1   2   0   0  -3   0   0  -1   1  -1  -1   2   1   0  -2   0   1  -3  -2  -1    5  13   5   5   0   2   4   3   3   2   7  20   6   6   0   8   9   0   0   3  0.15 0.14
   38 R    -2   5   0  -1  -4   1   0  -2   2  -2  -1   1   1  -3  -3   0  -2  -4  -3  -2    1  46   3   3   0   6   3   3   5   3   4   7   5   0   0   6   0   0   0   3  0.60 0.32
   39 V     0  -4  -3  -4  -3  -3  -3  -4  -4   3   0  -3  -1  -2  -3   0   0  -4   0   5    7   0   0   0   0   0   1   1   0  16   8   0   0   0   0   9   4   0   4  48  0.61 0.32
   40 E    -1   1   0   0  -4   1   5  -3   1  -4  -4  -1   0  -4  -3  -1   1  -4   0  -2    4   7   3   5   0   3  50   1   3   0   1   0   3   0   0   4   9   0   3   3  0.66 0.41
   41 A     0   0   1   0   0   1   0  -1   0   0   0   1   0   2  -2   0  -1  -2   0   0   11   3   7   5   2   6   4   2   3   4  11  12   2  11   0   5   2   0   3   6  0.04 0.08
   42 L    -1  -2  -2  -3   3  -2  -2  -3  -2   1   0  -2   2   2   1   0  -1   4   2   1    1   0   0   0   8   0   1   1   0   9   9   0   9   9   9   9   0   8   9   9  0.18 0.15
   43 R    -2   8  -3  -4  -5   0  -2  -4  -3  -5  -4   1   0  -5  -4  -3  -4  -5  -4  -2    3  77   0   0   0   2   2   1   0   0   1   5   3   0   0   1   0   0   0   3  1.73 0.63
   44 D    -1   3   0   0  -4   2   4  -2  -2  -3  -4   2  -3  -2  -3   0  -1  -4  -3  -2    3  15   3   4   0   8  35   2   0   2   1  12   0   2   0   6   3   0   0   3  0.53 0.29
   45 A     1   0   0   2  -3   2   1   0   0  -2  -2   0  -1  -3   0   0   1  -3  -2  -1   11   6   5  16   0  12   8   5   3   2   4   6   2   0   5   3   9   0   0   4  0.17 0.13
   46 A     6  -4  -3  -4   1  -3  -3   0  -4  -1  -2  -3  -3  -4  -3   0   0  -4  -4   0   66   0   0   0   3   0   1   5   0   3   3   0   0   0   0   5   6   0   0   5  0.93 0.45
   47 T     0   1  -1  -2  -1   1  -1   0   0   0   1   0   0   1   0   1   0  -1  -1   0    5   8   2   0   1   7   1   6   2   6  15   5   2   7   4  14   6   1   0   6  0.04 0.08
   48 A     1   1   0   1  -3   1   1  -1   0  -2  -1   1  -1  -2  -2   1   0  -3  -1  -1   17  10   4   9   0   8  12   3   1   2   4   7   1   2   0   9   4   0   2   4  0.14 0.11
   49 V     0   0   1  -3  -2  -2  -2  -3  -2   1   3  -2   2  -1  -3  -1   0  -3  -2   1   10   8   8   1   0   0   1   1   0   7  36   1   7   0   0   1   8   0   0  11  0.21 0.15
   50 E    -1   0  -1   1  -3   1   3  -2   4   0  -1   0   1  -2  -2   0  -1  -3  -1   0    5   4   0  10   0   7  23   1  15   4   5   5   4   0   0   5   1   0   0  10  0.23 0.15
   51 Q    -1  -1  -1   2  -5   5   4  -2   0  -4  -3   0  -1  -5  -4  -1  -2  -5  -4  -3    6   2   2  12   0  27  30   3   2   1   2   4   2   0   0   3   2   0   0   1  0.73 0.43
   52 E    -4  -1  -3   2  -6   0   7  -3  -3  -5  -4   1  -2  -6  -4  -3  -4  -5  -5  -5    0   3   0   9   0   3  69   2   0   0   2   7   1   0   0   0   0   0   0   0  1.48 0.66
   53 K    -3   4  -3  -4  -5   2  -2  -4  -3  -3  -2   6  -2  -5  -4  -3  -2  -5  -4  -4    2  25   0   0   0   8   0   0   0   1   4  54   1   0   0   0   2   0   0   0  1.29 0.59
   54 E    -2   1   0   5  -2   0   5  -3  -3  -3  -4  -1  -4  -3  -4  -1  -1  -5  -4  -3    3   7   3  29   1   2  38   1   0   1   1   2   0   1   0   5   3   0   0   2  0.83 0.43
   55 I     1  -1   1   0   0   2  -1  -1  -1  -1  -2   0  -2   0  -3   2   1  -3   0   0   10   2   9   4   2  10   3   3   1   4   3   6   0   4   0  20  10   0   4   6  0.14 0.16
   56 L    -4  -5  -5  -5  -4  -4  -5  -5  -5   3   5  -5   2  -1  -5  -5  -1  -4  -4   0    0   0   0   0   0   0   0   0   0  15  68   0   3   2   0   0   3   0   0   4  1.21 0.52
   57 L    -2  -2  -2  -5  -2  -1  -2  -5  -4   1   5  -4   1   1  -4  -3  -2  -4   0   0    2   3   2   0   1   3   3   0   0   8  58   0   3   5   1   1   2   0   3   5  0.75 0.42
   58 E    -1   1   1   2  -4   1   3  -1  -3  -2  -3   0   3  -4  -3   2   1  -4  -4  -2    4   7   6  11   0   5  19   4   0   2   1   4   8   0   0  15  11   0   0   1  0.34 0.28
   59 M     1  -2  -2  -4  -3  -3  -2  -1  -4   1   0  -2   5  -4  -4   2   3  -4  -4   0   12   2   1   0   0   0   3   3   0   9   6   2  15   0   0  16  22   0   0   6  0.45 0.35
   60 I    -5  -5  -6  -6  -5  -2  -6  -6  -6   3   6  -5   1  -3  -6  -5  -4  -5  -4  -1    0   0   0   0   0   2   0   0   0  17  71   0   3   0   0   0   0   0   0   4  1.48 0.65
   61 H    -3   0   2   4   0   3   0   0   4  -5  -3   0   1  -5  -4   1  -1  -5  -4  -4    0   5   9  25   2  13   5   7   9   0   2   5   4   0   0  11   2   0   0   0  0.55 0.36
   62 S     0   0   3   0  -1   2   0  -3   0  -2  -1   0   0  -4  -3   2   2  -4  -2  -2    6   5  16   6   1   9   5   1   2   2   6   5   2   0   0  17  12   0   1   3  0.25 0.25
   63 I    -3  -5  -5  -6  -1  -5  -5  -6  -1   5   3  -5   2   1  -5  -5  -2  -4  -1   3    2   0   0   0   1   0   0   0   2  33  29   0   4   6   0   0   1   0   2  17  0.92 0.48
   64 Q    -2   3   0  -4  -2   4  -1  -4   0   0  -2   4   2  -5  -4   0  -2  -5  -4  -2    2  15   4   0   1  23   2   0   3   5   4  24   6   0   0   6   2   0   0   3  0.65 0.44
   65 N    -2  -2   4   3   0   0   2  -4   2  -2   0  -1  -1  -4  -4   0   1  -5  -2  -1    2   1  23  15   2   4  13   0   5   2   9   2   2   0   0   7   8   0   1   4  0.44 0.34
   66 S    -1  -4   4   1  -1  -3   2  -2   3  -3  -3  -2  -1  -5  -2   4   0  -5  -4  -3    4   0  18   7   1   0  11   3   6   2   3   1   2   0   2  32   6   0   0   2  0.60 0.45
   67 Q    -1   0   0   2   3   2   3  -3  -1  -2  -2   0  -4  -2   1   1  -1  -5  -2  -1    4   5   3  14   6  11  16   1   1   2   3   7   0   2   6   9   4   0   1   4  0.30 0.26
   68 D    -1  -2   0   2  -1  -1   2  -2   0   0   1  -1   2  -1   0   0  -1   0   0  -2    4   2   5  13   1   1  16   2   2   6  14   3   7   2   5   8   3   1   3   2  0.16 0.19
   69 M    -2  -3  -2  -2  -1   0  -4  -5   0   0   4  -2   4   0  -5   0   1   2  -3   1    3   1   1   2   1   5   0   0   3   5  36   2   9   3   0   7   8   2   0   9  0.44 0.33
   70 R     0   1   0   0   0   1   1  -1   0  -1   0   1  -1   0  -1   0   0  -1   0  -1    7   9   4   4   2   8   8   3   3   4   8   8   1   4   3   6   7   1   4   4  0.05 0.06
   71 Q    -1   1   2   2   1   1   0  -1   0  -2  -2   1  -1  -1   0   1   0   0   0  -2    3   9  10  10   3   5   6   3   2   3   3   7   1   2   4  14   5   2   3   3  0.13 0.13
   72 I    -1  -1  -3  -3   1  -3  -3  -1   0   2   3  -3   3   1  -1  -1  -1   2  -2   1    3   3   0   0   4   0   1   4   3  12  35   0   9   5   3   4   4   3   0   6  0.27 0.22
   73 S     0   0   2   0   1   0   0   0   1  -2  -1   0   0  -3   0   2   1  -3  -2  -1    4   4  10   6   4   4   5   8   3   0   5   6   3   0   5  18   9   0   0   4  0.13 0.13
   74 D     0   1   1   1  -3   1   1   0   2  -1  -2   1  -2  -3   1   0   0  -3  -2  -2    8   8   7   8   0   7   8   8   7   8   1   8   0   0   8   8   8   0   0   0  0.15 0.11
   75 G     0  -1   0   2   2   0   1   2   0  -1  -2  -2  -2  -1  -1   0  -1  -3   0  -1    9   3   4  13   4   3   9  21   3   3   3   0   0   3   3   7   3   0   3   4  0.16 0.15
   76 E     0   1   1   1  -2   1   1   0   2  -1  -1   1  -1  -2  -2  -1  -1  -3  -2   0    9   9   9   9   0   9   9   9   9   0   9   9   0   0   0   1   0   0   0   9  0.11 0.09
   77 R    -1   3   0  -2   3   0   0  -1   1  -1  -1   2  -2  -3  -2   1   0  -3  -2  -1    4  21   4   0   8   4   4   5   4   4   6  17   0   0   0   9   6   0   0   4  0.21 0.17
   78 E     0  -1   1   3  -3   2   3   0   1  -3  -3   0  -2  -3  -2   1  -1  -3  -1  -3    8   0   6  18   0  13  24   7   3   0   1   4   0   0   0  12   0   0   3   1  0.38 0.20
   79 E     0  -2   0   3  -4   1   5  -1  -2  -3  -2  -1  -3  -4   0  -1   1  -4  -3  -3    7   0   5  15   0   5  45   3   0   0   4   0   0   0   4   1   9   0   0   1  0.55 0.28
   80 L     0  -3   0  -1  -3  -3  -3  -2  -3   4   1  -2   2  -1  -3  -2  -1   2  -2   2    7   0   5   4   0   0   0   4   0  30  15   3   6   2   0   1   2   4   0  17  0.33 0.23
   81 N    -1  -1   3  -1   0   2   2  -1   1  -1   0   1   1  -1  -2   0  -1  -3  -1  -1    4   1  18   2   2   9  13   3   3   3  11  10   4   2   0   4   3   0   1   5  0.14 0.15
   82 L     1   2  -2  -1   3   0  -1  -2  -1   0   1  -1  -1  -1  -3   0   1  -3  -1   0   14  15   0   3   9   3   3   2   1   3  18   1   0   3   0   7   8   0   1   7  0.13 0.15
   83 T    -2  -1   2  -2  -3  -1  -2  -3   1  -1  -2  -1   0   0  -3   0   4  -2   4   0    2   4  13   1   0   3   2   1   3   3   2   4   2   2   1   7  28   0  19   5  0.41 0.28
   84 A     3  -1  -2  -1   1  -2  -2  -2  -3   2   1  -2   2  -2  -2   0   1  -3  -2   1   31   2   0   3   3   0   1   1   0  13  11   1   6   0   0   5  11   0   0  11  0.25 0.18
   85 N    -2  -1   2   4  -4   2   4  -2   4  -4  -4  -1  -3  -4  -3   0  -2  -4  -3  -4    2   3   9  21   0  10  31   2  10   0   1   2   0   0   0   5   1   0   0   0  0.67 0.31
   86 R    -3   6  -1  -1  -1   1  -2  -2   1  -5  -4   2  -2  -1  -4  -1  -2  -4  -1  -4    0  59   2   3   1   6   0   3   3   0   1  11   1   2   0   5   1   0   2   0  1.03 0.42
   87 L    -2   0  -4  -4  -3  -3  -4  -4  -4   3   4  -1   1  -2  -4  -2  -3  -4  -3   1    3   5   0   0   0   0   0   0   0  17  56   4   2   0   0   3   0   0   0   7  0.69 0.31
   88 M     0   0  -1  -2  -1  -1  -2  -2  -2   1   2  -1   3  -1  -3   1   0   0  -1   0    5   7   3   2   1   2   1   2   0  12  24   4  11   1   0  11   7   1   2   4  0.13 0.13
   89 G     1   0   2   0   0   0   0   1   0  -2  -1   1  -1  -3  -2   2   0  -3  -1  -2   11   5  10   2   3   5   6  12   3   2   6   9   2   0   0  17   5   0   1   2  0.13 0.10
   90 R    -3   7  -3  -3   1   0  -1  -4  -3  -4  -2   0  -3  -4  -4  -2  -2   0  -4  -3    1  69   0   0   4   3   3   1   0   0   5   4   0   0   0   2   2   1   0   2  1.30 0.47
   91 T     0  -4  -3  -4   8  -2  -4  -4  -4  -1   2  -3  -2  -3  -4  -1   3  -4  -3  -1    5   0   0   0  35   2   1   1   0   3  23   1   0   0   0   5  19   0   0   3  0.90 0.36
   92 L     0   0   0   0  -2   1   0  -1  -1  -1   2   1   1   0  -2   1   0  -3  -2  -1    6   4   5   4   0   6   7   3   1   2  27   9   5   3   0  11   3   0   0   3  0.09 0.10
   93 T     1  -3   0   0  -3   0  -2   1   0  -3  -2  -2  -2  -4  -3   2   5  -4  -3  -1   14   0   3   4   0   5   1   9   2   0   3   1   0   0   0  14  41   0   0   2  0.51 0.29
   94 V     0  -4  -4  -4  -3  -4  -4  -4  -4   3   0  -4   1  -3  -4  -3  -2  -4  -3   6    7   0   0   0   0   0   1   1   0  12   7   1   3   0   0   1   1   0   0  64  1.00 0.39
   95 E    -1   0   2   3  -4   2   4  -3   0  -4  -4   0  -3  -4  -3  -1   1  -4  -3  -3    5   4   8  20   0   8  33   1   2   0   1   4   0   0   0   3   8   0   0   1  0.58 0.27
   96 V     0  -2  -3  -3  -2   0   0  -3  -3   4   1  -2   0  -1  -2  -2  -1  -3  -2   3    6   1   1   1   0   6   7   1   0  29  10   1   0   1   1   1   1   0   0  33  0.34 0.17
   97 S     0   0   2   0   0   0   0   0   0   0  -1   0   0  -1  -2   2   0  -2   0   0    4   3  12   3   3   3   4   4   2   9   5   6   3   2   1  22   5   0   3   4  0.07 0.06
   98 V    -2  -3  -3  -3  -2  -3  -3  -3  -3   3   2  -3   0  -1  -3  -3  -1  -3  -2   4    1   1   1   1   0   1   1   1   0  19  22   1   0   1   1   1   1   0   0  47  0.57 0.21
   99 E    -1   1   1   0   0   0   1  -1   2  -1  -1   2  -1  -1  -2   1   1  -2  -1  -2    3   9   9   4   2   4  10   4   6   3   5  13   2   2   1  10  10   0   2   1  0.12 0.08
  100 T    -1  -3  -2  -3  -2  -2  -2  -3  -3   1  -1  -1  -2   0   0  -1   6  -3  -3   0    4   1   1   1   0   1   1   1   0   9   4   3   0   4   4   1  57   0   1   7  0.71 0.32
  101 I    -1  -3  -2  -2  -3   0  -2  -2  -2   4  -1  -1   0  -3   4  -2   0  -4  -2   2    4   1   2   2   0   4   2   2   1  26   3   3   3   0  22   2   6   0   1  16  0.45 0.23
  102 R    -4   8  -3  -4  -5  -2  -3  -2  -3  -5  -4  -1  -4  -5  -4   0  -4  -5  -4  -5    1  81   0   1   0   0   1   3   0   1   1   1   0   0   1   7   1   0   0   1  1.93 0.62
  103 N    -2  -1   5   4  -4   0   0  -3  -2  -4  -4  -2  -3  -4   1   2   1  -4  -4  -4    1   2  27  22   0   4   4   1   0   1   1   1   0   0   7  17  10   0   0   1  0.68 0.31
  104 P     0  -1  -1   1  -3   1   2  -2  -1  -3  -2   1  -3  -4   5   0  -1  -4  -3  -2    8   2   2   7   0   8  15   2   2   1   4   8   0   0  27   8   4   0   0   2  0.47 0.22
  105 Q     0   0  -1   1  -1   3   2  -2   1  -1  -2   0   0   1   0   1   0  -3  -1  -1    8   3   2   7   2  14  15   1   5   4   2   4   2   7   4  10   4   0   2   3  0.15 0.13
  106 Q    -4   1  -3  -3  -5   8   0  -4  -3  -5  -5  -1  -4  -5  -4  -3  -4  -5  -4  -5    1   7   0   1   0  79   4   1   0   0   1   2   0   0   1   1   1   0   0   1  2.09 0.71
  107 E    -1  -1  -1  -1  -4   4   5  -4  -3  -2  -2   0  -1  -4  -3  -2   0  -4  -4  -2    4   3   2   1   0  16  50   1   0   3   3   3   1   0   1   2   6   0   0   3  0.83 0.38
  108 E    -1   0   1   2  -1   3   4  -3  -1  -2  -2   1  -3   0  -3   0  -1  -4  -3  -2    5   5   6  11   2  13  27   1   1   1   2  10   0   4   0   6   2   0   0   3  0.37 0.22
  109 S     5  -4   0  -4   2  -3  -3  -3  -4  -4  -4  -3  -4  -5  -3   4  -2  -5  -4  -3   57   0   4   0   4   0   0   1   0   0   1   0   0   0   0  29   0   0   0   0  1.13 0.49
  110 L    -4  -4  -5  -5  -4  -4  -4  -5  -4   0   5  -4   1   0  -4  -3   0   1   2  -2    1   0   0   0   0   0   0   1   0   4  69   0   2   3   0   2   7   2   6   0  1.03 0.41
  111 K    -1   1   0   0  -3   1   1  -2   4  -2  -1   2   2  -1  -3   0   0  -3   0  -2    5   7   3   4   0   5  11   2  15   2   6  15   7   3   0   7   5   0   3   1  0.23 0.16
  112 H    -1   1   2   0  -2   3   1  -2   3  -3  -2   2   0  -3  -3  -1   0  -4  -2  -2    5   5  13   3   1  17  10   3   9   1   4  15   3   0   0   3   7   0   0   1  0.31 0.19
  113 A     1  -2  -2  -2   4  -1  -2  -2  -2   1   1  -2   0  -1  -2   1   0  -2  -1   1   15   1   1   1  15   1   1   1   0  15  16   1   0   1   1  15   1   0   0  15  0.14 0.05
  114 T    -1   1   5   0  -3   1   1  -2   1  -1  -3   1   0  -4  -3   0   1  -4  -3  -1    3   8  33   3   0   6   9   1   3   3   1   7   3   0   0   4  11   0   0   3  0.43 0.26
  115 R    -1   1   0   0   0   2   1  -1   0  -1  -1   3   0  -3  -2   1   0  -3  -1  -1    4   6   4   3   2   9  10   4   3   3   4  22   3   0   0  11   6   0   2   3  0.17 0.14
  116 I    -1   0  -3  -3   0  -1  -2  -2  -2   2   2  -1   2   1  -3  -1  -1   1   1   1    3   5   0   0   2   3   1   3   0  19  23   3   7   7   0   3   3   2   6   9  0.17 0.12
  117 I    -2  -3  -4  -4  -3  -3  -4  -4  -3   5   2  -3   3  -1  -4  -3   0  -3   2   2    1   0   0   0   0   0   1   1   0  41  21   1   8   0   0   1   6   0   8   9  0.62 0.29
  118 D    -1   0   2   4  -3   1   2  -2   1  -1  -3   0  -2  -3  -2   0   0  -3   0  -1    3   4  10  29   0   6  14   1   4   3   1   6   0   0   0   4   6   0   3   4  0.37 0.20
  119 E     0   0   0   1  -3   2   3   0   1  -1  -2   2   0  -3  -2   0   0  -3  -3  -1    6   3   5   7   0   9  22   7   3   4   4  13   3   0   0   6   4   0   0   3  0.21 0.16
  120 V     1  -4  -4  -4  -3  -3  -4  -4  -4   2   3  -3   3   1  -4  -3   0  -3  -3   2   16   0   0   0   0   0   0   1   0   8  38   0   9   5   0   1   5   0   0  14  0.53 0.30
  121 V    -1  -1  -2  -1   0  -1   0  -2   0   2   0  -1   1  -1  -3  -1   1  -3   0   3    5   2   0   3   2   2   6   3   2  17   8   4   5   2   0   4   9   0   3  23  0.14 0.14
  122 S    -1   0   2   1   0   1   0  -1   1   0  -1   0   1  -2  -2   0   1  -3  -2   0    4   3  13   6   3   7   7   2   3   9   6   7   4   2   0   8  10   0   0   5  0.10 0.12
  123 K    -1   0   0  -1   0   3   0  -2   0   0  -1   3   2  -2  -3   0   0  -4  -3  -1    3   4   4   3   2  13   6   2   2   5   6  24   8   1   0   8   6   0   0   3  0.25 0.24
  124 F    -1  -3  -2  -4   4  -3  -3  -3  -3   1   2  -2   5   3  -3  -1  -2  -3  -2   2    4   1   1   1   9   1   1   1   0   8  22   3  16  13   1   5   1   0   0  13  0.45 0.28
  125 L    -2   3   1  -2  -3   3   0  -2   1  -1   0   3   0  -3  -2   0   0  -3  -3  -2    2  15   6   1   0  13   6   2   4   3  11  18   2   0   1   6   6   0   0   2  0.27 0.22
  126 D    -1  -1   1   3  -1   1   2   1   0  -2  -2   0  -2  -4  -2   0   0  -4  -3  -2    4   3   8  21   2   7  16   9   2   3   3   4   1   0   2   8   6   0   0   3  0.29 0.22
  127 D    -3  -4   3   7  -6  -2  -1   0  -4  -6  -6  -2  -5  -6  -5  -1  -2  -6  -6  -6    2   0  15  63   0   2   2   6   0   0   0   2   0   0   0   5   2   0   0   0  1.54 0.71
  128 L    -1  -1  -2  -2  -1  -2  -1  -3  -2   0   1  -1   2  -1   5  -2  -1   1  -3   1    5   4   2   3   2   1   3   2   1   3  16   4   5   3  30   2   3   2   0  10  0.44 0.29
  129 G     0   0   0   1   0   0   2   0   1  -1  -1   0   0  -2   0   1   0  -3  -2   0    7   4   5   7   2   3  18   5   4   4   4   5   2   2   4   9   6   0   0   9  0.10 0.11
  130 N     0   0   2   1  -1   1   1   1   0  -2  -1   1  -1  -2  -3   1  -1  -4  -2  -2    9   3  12   9   1   6   8  10   2   2   5   9   2   1   0  13   3   0   1   3  0.15 0.15
  131 A     4  -4  -1  -2   1  -2  -3   1   0  -4  -2  -2  -3  -2  -1   3   2  -5  -4  -1   33   0   2   1   3   1   0   8   2   0   4   1   0   2   2  21  15   0   0   3  0.50 0.39
  132 K    -2   4  -1  -3  -5   1  -1  -4   1   0  -2   5  -1  -2  -4  -1  -2   0  -1  -2    2  28   2   0   0   5   2   0   3   6   3  35   1   1   0   5   2   2   2   2  0.68 0.44
  133 S     0   1   0   0   0   3   2   0   2  -2  -2   1   0  -4  -3   0   0  -4  -1  -2    5   6   4   4   2  18  17   6   5   1   3  10   2   0   0   8   4   0   1   2  0.27 0.24
  134 H    -1   3  -1  -3   1   1  -1  -3   2  -1   0   2   1  -2  -3  -1   1  -4  -3   0    4  20   2   0   4   6   3   1   5   3   9  15   3   1   0   2  12   0   0   9  0.24 0.24
  135 L     0  -3  -1  -4   7  -3  -2  -2  -4   2   1  -3   1  -1  -3  -1  -1   2  -3   1    9   0   3   0  27   0   4   3   0  12  17   0   3   3   0   3   3   3   0   8  0.50 0.31
  136 M    -1   2  -2  -2   0   3   1  -3   1   0   1   1   1  -1  -3  -1   0  -3  -2   0    4  12   0   0   3  17   9   0   5   7  13   9   5   3   0   3   4   0   0   4  0.18 0.19
  137 S     1   3  -2  -1   0   0   0   0   0  -1  -1   0   2  -3  -1   1   1  -3  -3  -1   10  20   0   3   2   3   5   6   2   3   4   2   9   0   2  16   9   0   0   4  0.17 0.20
  138 L    -1  -1  -4  -4   2  -3  -4  -4  -2  -2   1  -3   1   4  -4  -1  -3   3   7   0    4   4   0   0   5   0   0   0   0   0  11   0   4  16   0   5   0   3  40   5  0.83 0.42
  139 Y    -3  -2  -4  -5  -3  -3  -4  -5   2   1   4  -4   2   2  -4  -2   0  -2   4   0    0   2   0   0   0   0   0   0   5   6  46   0   6   7   0   2   5   0  17   3  0.64 0.36
  140 S     0   0   6  -1  -1  -1  -2  -1  -2  -1  -2   0   1   0  -4   0  -2  -5  -3  -3   10   5  49   2   2   2   0   3   0   5   4   4   4   4   0   6   0   0   0   0  0.64 0.39
  141 A     5  -3   0  -3   1  -3  -3  -2   0  -3  -1  -3  -3  -4  -3   2   1  -5  -4  -1   60   0   5   0   2   0   0   0   2   0   5   0   0   0   0  17   6   0   0   2  0.77 0.43
  142 C    -1  -5  -4   0  10  -4  -5  -4  -5  -3  -1  -5  -3  -4  -5  -2   0  -4  -4  -3    3   0   0   5  73   0   0   0   0   0   7   0   0   0   0   3   5   0   0   0  2.22 0.64
  143 S    -1  -1   0  -2   2   0  -2  -1   0   0   1  -1   0  -2  -2   3   1  -3  -2  -1    2   2   5   0   5   5   0   3   3   5  15   3   2   1   0  36   8   0   0   4  0.22 0.20
  144 S     1  -3  -1  -1  -1  -1  -1   0  -3  -4  -4  -2  -1  -2   4   4   1  -4  -2  -3   10   0   1   2   1   2   2   7   0   0   0   0   2   1  23  40   7   0   1   0  0.66 0.35
  145 E    -3  -2  -1   4   1   1   5  -2   1  -4  -5  -1  -4  -5  -4   0   0  -5  -2  -4    0   2   2  26   4   4  41   3   3   1   0   2   0   0   0   5   5   0   2   0  0.84 0.42
  146 V     0  -2  -1   1   1   1   1   0   1   0  -1  -1   0  -3   2   0   1  -3  -2   0    7   0   2   9   3   7   8   7   4   4   5   3   3   0  13   7   8   0   0   9  0.14 0.14
  147 P    -1  -1   0   1   0  -2   0  -1  -3   0  -1   0  -2  -2   4   2   0  -4  -3   0    4   2   3   8   2   0   7   4   0   5   6   5   0   2  21  16   6   0   0   8  0.28 0.24
  148 P     0  -1   0   0   1   0   1   0   1  -1  -2  -1   0  -3   2   1   0  -4  -3  -1    8   3   3   5   3   4  13   8   5   5   3   2   4   0  10  13   7   0   0   5  0.13 0.15
  149 G    -1  -2   0  -1   0  -3  -3   5  -1  -2  -2  -1  -1  -1  -2   0  -1  -4  -1  -1    3   2   5   4   2   0   0  49   2   3   4   3   2   3   2   6   3   0   2   5  0.60 0.39
  150 P     1  -2   1  -1   0  -3   1  -2   2   1  -2  -3  -1  -4   5   1  -2  -5  -4  -1   10   1   7   3   2   0   8   3   6   9   3   0   1   0  32  10   0   0   0   4  0.55 0.35
  151 V    -1  -3  -3  -1   0  -3  -1  -1  -3   4   0  -3   0  -1  -1   0   2  -3   1   2    3   0   0   3   2   0   4   5   0  28   4   0   2   2   2   8  13   0   4  18  0.30 0.26
  152 D    -5  -5   2   8   0  -3   1  -5  -4  -6  -6  -4  -6  -6  -5  -2  -4  -7  -6  -6    0   0   7  77   2   0   9   0   0   0   0   0   0   0   0   3   0   0   0   0  2.01 0.83
  153 Q    -1   0  -1   0  -2   4   2  -4   3  -2  -3   4  -3  -4  -1  -1  -1  -4   1  -3    5   2   2   4   1  20  10   0   7   2   1  28   0   0   3   3   4   0   5   1  0.49 0.36
  154 K    -1   3   2  -2  -4   0  -2  -2   0  -2  -2   4  -1  -4  -1   1   0  -5  -4   0    3  16  10   1   0   2   0   2   2   1   4  33   2   0   2   9   5   0   0   8  0.44 0.34
  155 F    -6  -7  -7  -8  -7  -7  -7  -7  -5  -1  -4  -7  -4   9  -8  -7  -6  -3   2  -5    0   0   0   0   0   0   0   0   0   4   0   0   0  93   0   0   0   0   4   0  2.98 0.99
  156 Q    -4  -3  -4  -3  -6   6   5  -3   0  -6  -2  -1  -4  -6  -5  -1  -4  -6  -5  -6    0   0   0   0   0  45  42   2   2   0   4   2   0   0   0   4   0   0   0   0  1.52 0.69
  157 S     2  -2   0  -1  -3   0  -1   1  -1  -3  -3   1  -2  -4  -3   4   2  -5  -4  -2   17   1   4   3   0   3   2  11   1   1   2  10   1   0   0  32  11   0   0   1  0.41 0.30
  158 I     3  -2  -3  -3  -1  -1  -3  -3  -1   3   0  -1   2  -1  -4  -1   0  -4   0   2   27   1   1   1   1   3   0   0   2  20   9   4   6   2   0   1   4   0   3  16  0.32 0.24
  159 V    -3  -5  -5  -6  -4  -5  -5  -6   1   5   3  -5   1   0  -5  -5  -2  -5  -3   4    0   0   0   0   0   0   0   0   4  30  26   0   4   3   0   0   1   0   0  32  0.95 0.41
  160 I    -4  -5  -2  -5  -4  -4  -5  -6   0   4   4  -5  -1   0  -1  -1   0  -4  -3   0    0   0   2   0   0   0   0   0   2  31  45   0   0   4   4   4   5   0   0   3  0.78 0.39
  161 G     0  -2   0   0  -5   1   2   5  -2  -5  -3  -1  -4  -5  -4   1  -2  -5  -5  -5    6   2   4   4   0   6  16  46   1   0   4   2   0   0   0   9   1   0   0   0  0.72 0.35
  162 C    -3  -8  -7  -8  11  -7  -8  -7  -7  -5  -2  -7  -5  -6  -7  -5  -3   0  -6  -5    2   0   0   0  91   0   0   0   0   0   5   0   0   0   0   0   1   1   0   0  3.69 0.99
  163 A     3   0  -2  -3   0  -3  -3  -3  -4  -4  -4  -2  -3  -1  -3   2   5  -5  -4  -2   25   6   1   0   2   0   0   1   0   0   0   2   0   3   0  19  41   0   0   1  0.76 0.37
  164 L     2  -1  -4  -4  -3  -3  -2  -3  -4   1   3  -3  -1   0   2   0  -1  -4  -3   0   25   3   0   0   0   0   3   1   0   7  34   0   0   4  10   5   3   0   0   6  0.34 0.21
  165 E    -4  -4  -2   7  -6  -2   4  -5  -4  -6  -5  -3   2  -1  -4  -3  -2  -6  -5  -5    0   0   0  64   0   0  26   0   0   0   0   0   5   3   0   0   3   0   0   0  1.61 0.53
  166 D    -5  -5  -2   8  -7  -4  -2  -5  -5  -1  -7  -4  -6  -7  -5  -4  -5  -8  -7  -6    0   0   0  95   0   0   0   0   0   5   0   0   0   0   0   0   0   0   0   0  2.52 0.70
  167 Q    -4   4  -3  -1  -6   8  -2  -5  -3  -6  -6   1  -4  -7  -5  -3  -4  -6  -5  -6    0  19   0   3   0  71   0   0   0   0   0   7   0   0   0   0   0   0   0   0  1.90 0.63
  168 K    -4   2  -1  -3  -6   2   0  -5   2  -6  -5   7  -4  -6  -4  -3  -4  -6  -4  -5    0  10   3   0   0   7   5   0   5   0   0  71   0   0   0   0   0   0   0   0  1.48 0.51
  169 K    -2   4   0   0  -4   1   1  -3  -1  -1  -2   4  -1  -1  -3  -2   1  -4  -3  -3    1  28   3   4   0   5   7   1   1   4   3  30   2   2   0   1   8   0   0   0  0.54 0.26
  170 I    -2  -5  -5  -5  -3  -5  -5  -6  -5   6   1  -5   1   0  -5  -4   0  -4  -2   4    1   0   0   0   0   0   0   0   0  50  10   0   3   4   0   0   6   0   1  25  0.97 0.35
  171 K    -2   6  -3  -4  -5   0  -2  -1  -1  -1  -4   5  -4  -2  -4  -3  -3  -5  -4  -4    3  45   0   0   0   3   0   5   1   5   0  36   0   2   0   0   0   0   0   0  1.11 0.41
  172 R     0   5   0  -2  -3   1  -2  -3   2  -5  -5   5  -3  -5  -4   0  -1  -5  -2  -4    6  33   3   1   1   5   0   1   6   0   0  36   0   0   0   5   3   0   1   0  0.86 0.35
  173 R    -4   7  -3  -4  -6   0  -2  -4  -3  -3  -5   3  -1  -3  -5  -4  -4  -6  -5  -5    0  77   0   0   0   3   1   1   0   2   0  15   1   1   0   0   0   0   0   0  1.79 0.54
  174 L    -4  -5  -6  -6  -4  -3  -6  -6  -6   1   6  -5  -1  -2  -6  -5  -4  -4  -4  -1    0   0   0   0   0   1   0   0   0   5  92   0   0   0   0   0   0   0   0   1  1.59 0.48
  175 E     0   1   0  -1  -1   4   4  -1   3  -4  -3   0  -3  -4  -3   1  -1  -4  -3  -3    6   6   3   1   2  22  31   3   9   1   2   2   0   0   0   9   2   0   0   1  0.56 0.26
  176 T     1  -2   0  -2   2   1  -2   4  -1  -2  -4   0   0  -4  -3   1   1  -4  -4  -2   10   1   4   1   6   7   1  36   1   2   0   4   3   0   0  11  11   0   0   2  0.44 0.21
  177 L    -4  -1  -6  -6  -4  -4  -5  -6  -5   2   5  -4   3  -1  -5  -5  -4   3  -2  -1    0   4   0   0   0   0   0   0   0   9  72   0   6   2   0   0   0   4   1   2  1.13 0.38
  178 L    -2  -4  -2  -5  -3  -3  -3  -5  -1   2   4  -2   4  -1  -4  -2  -3  -1  -1   1    3   0   2   0   0   1   1   0   2  11  50   2  13   2   0   3   0   1   1   8  0.62 0.26
  179 R    -1   2   3   2  -4   2   2  -2   0  -4  -3   1  -2  -4  -3   1   0  -4  -3  -3    3  14  16  13   0   8  12   2   2   0   1  10   1   0   0  14   4   0   0   1  0.39 0.19
  180 N    -2  -3   2   0  -4   3   0  -1   1  -4  -3  -1  -3   0  -4   0  -1  -2   6  -2    2   0  13   4   0  15   4   4   2   0   1   4   0   2   0   5   4   0  38   2  0.69 0.32
  181 I    -2  -2  -3  -4  -3  -3  -3  -5  -4   5   2  -1   3   2  -4  -3  -1  -3   0   1    1   3   1   0   0   0   1   0   0  41  22   3   7   9   0   0   2   0   2   9  0.60 0.26
  182 D    -2  -1   3   4   3   1   4  -3  -2  -3  -4  -1  -3  -4  -3  -1  -2  -5  -2  -2    1   2  14  25   8   7  33   1   0   2   0   1   0   0   0   2   0   0   1   3  0.70 0.29
  183 N     0   3   3   0  -4   0  -1  -1   4  -4  -4   1  -3  -3  -3   1  -1  -4  -1  -3    7  16  21   5   0   3   2   5  15   0   0   8   0   0   0  13   2   0   2   1  0.42 0.20
  184 S     2   0  -2  -2  -2   2  -1  -1  -2   1   0  -1   0  -2  -2   1   1   0  -2   0   28   5   0   1   0  13   1   2   0  12   7   0   3   0   0  12  11   1   0   3  0.19 0.14
  185 D    -2  -1   2   2  -4   3   4  -2  -1  -3  -2   0  -2  -3  -2   0   0  -4  -1  -3    0   0  11  14   0  17  32   2   0   0   6   5   0   0   0   5   5   0   2   0  0.47 0.19
  186 K    -1   4   0  -2  -1   2   0  -2  -2  -3  -3   4  -2   0  -3  -1  -2  -3  -1  -2    3  23   2   0   2   9   3   2   0   0   0  41   0   6   0   2   0   0   2   2  0.53 0.21
  187 A     2  -2   0   0  -2   0  -1  -2  -2   0  -1  -1  -1   0  -2   1   2  -3  -1   1   20   0   4   6   0   4   3   1   0   2   3   0   0   5   0  13  22   0   2  13  0.16 0.10
  188 I    -2  -3  -1  -1   3  -1  -2  -3  -3   4   1  -2   2   1  -3  -1  -1  -3  -1   2    1   0   2   5   7   2   0   1   0  34   6   2   8   7   0   5   2   0   0  16  0.25 0.12
  189 K     1   1  -1   0  -2   3   1   0  -1  -3  -2   2  -1  -3  -2   0   0  -3  -2  -2   18   4   0   3   0  22  10   7   0   0   1  18   2   0   0   6   7   0   0   1  0.27 0.10
  190 L    -1  -1   0  -1  -2  -1  -1  -3  -2   1   2  -2   3  -1  -1   1  -1  -3  -2   1    1   4   5   3   0   0   3   0   0   8  30   0  13   0   3  16   0   0   0  12  0.15 0.08
  191 L    -2  -1  -4  -2  -2  -3  -3  -4  -3   1   4  -3   4   2  -4  -3  -2  -2  -1   0    0   4   0   4   0   0   0   0   0   5  60   0  15  11   0   0   0   0   0   2  0.54 0.16
  192 E    -2   0   1   5  -4   2   4  -1  -1  -4  -3  -1  -3  -4  -2  -1  -2  -4  -3  -3    0   4   5  44   0  10  32   3   0   0   3   0   0   0   0   0   0   0   0   0  0.71 0.15
  193 H     0   2   1  -1  -3   1   1  -2   7  -4  -3   0  -2  -3  -1  -1  -2  -3   0  -3    8  14   5   0   0   7   8   0  57   0   0   0   0   0   2   0   0   0   0   0  0.73 0.12
  194 A    -1  -1  -1   0  -3   3   2  -2  -1   0   0   0  -1   0   1   1  -1  -3  -1  -1    1   0   0   5   0  24  20   0   0   9   8   0   0   7   5  19   0   0   0   0  0.21 0.07
  195 K    -2   1   1  -1  -4   0   0  -2   1  -3  -3   5  -2   0  -2  -1  -1  -3   1  -3    0   0   7   0   0   0   0   0   4   0   0  78   0   5   0   0   0   0   5   0  0.64 0.14
  196 G     2  -2  -1  -2  -1   0  -1   2  -2   0   0  -1  -1  -2  -2   2   1  -3  -2   0   23   0   0   0   0   6   0  19   0   9  11   0   0   0   0  20   9   0   0   3  0.17 0.04
  197 A     3  -1  -2  -2  -1  -1   0  -1  -2   1  -1   0  -1  -2  -2   1   0  -3  -2   1   41   0   0   0   0   0   8   0   0  17   0   6   0   0   0   8   5   0   0  14  0.18 0.05
  198 G     2  -1   0   0  -1   0   0   1  -1  -2  -2   0  -1  -2  -1   2   0  -3  -2  -1   22   1   4   5   0   1   7  13   0   1   3   4   0   0   1  31   1   0   0   7  0.19 0.03
  199 S     2   1   0  -1  -1   1   0  -1  -1  -1  -2   0  -1  -2  -1   3   0  -3  -2  -1   16   9   1   1   0   5   1   1   0   7   1   2   0   0   1  53   1   0   0   1  0.28 0.06
  200 K    -1   0   0   0  -2   3   2  -2  -1  -1   0   2  -1  -2  -1   0   0  -2  -2  -1    1   1   5   1   0  22  20   1   0   6  11  26   0   1   1   1   3   0   0   1  0.23 0.04
  201 S    -1  -1   1   0   3  -1  -1   0  -2  -1   0   1  -1  -2  -2   1   2  -3  -2   0    0   0   7   7  12   0   0   6   0   0  10  13   0   0   0   8  26   0   0  11  0.13 0.04
  202 L     0  -2  -2  -3   4  -1  -2  -2  -2   1   2  -2   2  -1  -2   1   0  -2  -2   1    7   0   0   0  16   2   0   0   0  13  23   0  14   0   0  17   0   0   0   7  0.21 0.04
  203 Q    -1   0   1  -1  -3   4   2   0   1  -2  -3   2  -1  -3  -2   1  -1  -3  -2  -2    0   0   7   0   0  46   7   7   3   4   0  16   0   0   0  10   0   0   0   0  0.41 0.07
  204 N    -2   0   5   2  -3   2   2  -1   0  -4  -4   1  -2  -4   1   0  -1  -4  -3  -3    0   0  49  11   0  10  13   0   0   0   0   8   0   0   7   2   0   0   0   0  0.53 0.07
  205 T     1  -1   3   2   3  -1  -1  -1  -1  -2  -2  -1  -2  -3  -2   1   2  -3  -2  -2   19   0  28  14  11   0   0   0   0   0   0   0   0   0   0   8  20   0   0   0  0.32 0.05
  206 D    -2  -1   0   5  -4   1   4  -2  -1  -4  -4   0  -3  -4  -2  -1  -1  -4  -3  -3    0   0   0  53   0   0  47   0   0   0   0   0   0   0   0   0   0   0   0   0  0.83 0.07
  207 G     2   0   0  -1   4  -1  -1   3  -2  -2  -2  -1  -2  -3  -2   1   0  -3  -2  -2   26   7   5   0  14   0   0  34   0   0   0   0   0   0   0  15   0   0   0   0  0.34 0.01
  208 K    -2   6  -1  -2  -4   1   0  -2   0  -3  -2   3  -2  -3  -2  -1  -1  -3  -2  -3    0  85   0   0   0   0   0   0   0   0   0  15   0   0   0   0   0   0   0   0  0.76 0.03
  209 F    -2  -3  -3  -4  -2  -3  -3  -3  -2   0   2  -3   1   6  -4  -3  -2   1   3   0    0   0   0   0   0   0   0   0   0   0  23   0   0  77   0   0   0   0   0   0  0.56 0.00
  210 N    -2   0   6   1  -3   0   0   0   1  -3  -4   0  -2  -3  -2   1   0  -4  -2  -3    0   0 100   0   0   0   0   0   0   0   0   0   0   0   0   0   0   0   0   0  0.73 0.00

                      K         Lambda
Standard Ungapped    0.1275     0.3127
Standard Gapped      0.0437     0.2670
PSI Ungapped         0.1429     0.3176
PSI Gapped           0.0437     0.2670
