
Last position-specific scoring matrix computed, weighted observed percentages rounded down, information per position, and relative weight of gapless real matches to pseudocounts
            A   R   N   D   C   Q   E   G   H   I   L   K   M   F   P   S   T   W   Y   V   A   R   N   D   C   Q   E   G   H   I   L   K   M   F   P   S   T   W   Y   V
    1 M    -5  -5  -6  -7  -5  -4  -6  -6  -5   1   2  -5  10  -3  -6  -5  -4  -5  -5  -3    0   0   0   0   0   0   0   0   0   5  15   0  80   0   0   0   0   0   0   0  2.49 0.79
    2 R    -1   8  -4  -5  -7  -2  -4  -6   0  -7  -5   1  -2  -5  -6  -3  -5   0  -5  -6    5  82   0   0   0   1   0   0   2   0   1   5   1   1   0   1   0   1   0   0  2.09 0.83
    3 L    -1   0  -2  -4  -3  -3  -2  -3  -4   1   3  -2   0   2  -1  -1  -2   3   0   1    6   5   2   0   0   0   2   1   0   7  40   2   1  10   3   4   2   4   3   7  0.35 0.26
    4 F    -1  -4  -2  -4   1  -3  -3  -3  -3   0   1  -4   1   4  -3   2   3  -3   2   0    3   0   1   0   3   1   1   1   0   5  11   0   4  23   1  16  19   0   6   5  0.44 0.34
    5 Y     0   3  -2  -3  -4   1  -2  -2   4  -2  -1  -1  -1  -1  -1   1  -1   2   3  -3    6  21   0   0   0   5   2   3  12   2   7   3   1   2   4  14   3   2  10   1  0.35 0.30
    6 R    -1   6  -1  -1   2   1  -3  -4   3  -5  -4   0  -4  -3  -4   0   0   1  -1  -4    4  47   3   4   4   5   1   1   6   0   2   5   0   1   0   7   5   2   2   1  0.85 0.52
    7 L     0   2  -2  -3  -2  -1  -2  -2   1   1   2  -1   0  -1   0   0   1  -4  -3   1    6  14   0   0   1   3   2   2   3   6  25   2   1   2   4   7  11   0   0  10  0.17 0.20
    8 L     1  -3  -3  -3   0  -3  -4  -4  -3   2   4  -3   2   3  -3  -2  -2  -4  -2   0   12   1   1   2   2   1   1   1   1  10  39   1   5  11   1   3   2   0   1   6  0.49 0.35
    9 K    -1   3   1   1  -2   1   0  -1   1  -1  -3   1   0  -3   1   2   0   0  -3  -3    4  15   5   7   1   7   5   4   3   4   2   7   2   1   6  20   5   1   0   1  0.23 0.24
   10 Q     1   1   0  -1  -3   3   2  -2   1  -4  -3   0  -2  -3   0   3  -1  -5  -4  -3    9   7   5   3   0  16  14   2   4   0   2   6   1   1   4  22   4   0   0   1  0.39 0.34
   11 P     0   0  -1   0  -3   0   0  -2  -1   0   0   0  -1   2   2   1   0  -3  -1  -1   10   4   3   6   0   4   7   3   2   5   9   5   1  12  12  10   5   0   1   3  0.12 0.14
   12 V    -2  -5  -3  -3  -4  -2  -5  -5  -5   2   4  -4   2   0  -1  -2   0  -2  -1   3    3   0   1   1   0   2   0   0   0  11  37   1   5   3   3   3   6   0   2  20  0.59 0.39
   13 P     1   0   0   0  -2   1   1  -1   0  -1  -1   0   1  -3   2   0  -1  -2  -2  -1   12   5   5   4   1   7  12   3   2   3   7   5   4   1  12   8   3   1   1   5  0.15 0.16
   14 K     1   3   0   1  -2   1   1  -2   1  -3  -3   3  -3  -5  -2   0  -2  -3  -3  -4   14  17   5   9   1   5  10   3   3   1   3  17   0   0   2   7   2   0   0   1  0.35 0.30
   15 Q    -1   1  -1   0  -1   2   3  -4   1  -1   0   1   1  -1  -1  -1   0  -4  -2  -1    4   7   1   6   1  10  19   1   3   4  12   9   3   2   2   4   7   0   1   4  0.19 0.21
   16 I    -3  -6  -7  -7  -3  -6  -5  -5  -7   6   3  -5   1  -1  -6  -4  -3  -1  -4   3    2   0   0   0   0   0   1   1   0  40  27   1   2   2   0   1   1   1   0  20  1.16 0.61
   17 E     1   1   0   3  -5   2   2  -2   1  -2  -3   0  -1  -3  -3  -1  -1   0   0  -2   11   9   3  17   0  10  15   2   3   2   3   6   2   1   1   4   4   1   4   2  0.28 0.27
   18 R    -1   3  -1   0  -3   1   1  -4   4  -2  -3   2  -2   1  -3  -1   0  -1   1  -2    5  19   3   5   0   7  10   1   9   2   2  11   1   6   1   4   5   1   5   3  0.31 0.28
   19 Y    -2  -3  -3  -4  -1  -3  -4  -5   0  -2   2  -6   2   4  -7  -4  -3   4   7  -3    3   2   1   1   1   1   1   1   2   2  18   0   4  16   0   1   2   6  37   1  1.17 0.67
   20 S     5  -3  -3  -4  -1  -1  -3  -1  -2  -4  -3  -4  -2  -4  -5   3  -1  -1  -4  -1   55   1   1   1   1   2   1   4   1   0   3   1   1   0   0  18   3   1   0   5  0.97 0.67
   21 R     1   3   0  -1  -1   2   0  -2   0  -3  -2   2  -1  -3  -2   2   0  -5  -3  -2   15  17   3   4   1   8   6   3   3   1   4  12   1   1   1  14   4   0   1   2  0.27 0.27
   22 F    -2   3  -3  -4  -1   2  -1  -4   0   0   0   3   2   2  -2  -2  -1  -4   1  -2    2  15   1   0   1  12   4   1   2   5   8  18   6  11   1   1   4   0   6   3  0.35 0.33
   23 S    -2   1   0  -1  -3   1   1  -2   1  -3  -4   2  -3  -6   5   1  -1  -6  -5  -3    3   8   5   3   1   6   7   2   4   1   1  14   1   0  26  12   4   0   0   2  0.57 0.43
   24 P     1  -1  -4  -2  -1   3  -2  -4   0   1  -1  -3  -2  -4   5   0  -1  -6  -3   0   11   4   0   2   1  13   1   1   2   8   7   1   1   1  29   8   3   0   1   7  0.57 0.44
   25 S    -1   2   1  -2  -1   0  -2  -4   3  -2  -3   0  -2  -3   1   1   4  -5  -2   0    5  10   6   2   1   5   2   0   7   2   1   5   1   1   7   9  28   0   1   6  0.39 0.36
   26 P    -1   2  -2  -3  -2  -2  -3  -1   0  -4  -4  -1  -3  -6   6   1  -2  -7  -2  -4    6  12   2   1   1   2   2   5   3   1   2   4   1   0  46   9   2   0   2   1  1.05 0.64
   27 L    -3  -2  -4  -6  -1  -2  -5  -3  -2   3   4  -5   2  -1  -4  -3  -3  -1  -2   4    2   2   1   0   1   2   0   2   1  13  37   0   5   2   1   2   1   1   1  26  0.73 0.45
   28 S    -3  -1  -1  -1   1  -2  -3  -3   0  -6  -5  -1  -2  -3  -1   5   4  -6  -3  -3    1   3   3   3   3   1   1   2   2   0   1   3   1   1   3  41  28   0   1   1  0.90 0.64
   29 I    -2  -3  -6  -6  -5  -3  -4  -6  -6   2   5  -5   3   0   1  -2  -3  -5   0   0    4   2   0   0   0   1   1   0   0  11  50   0   7   4   7   3   1   0   3   4  0.83 0.51
   30 K     0   3   0   0  -2   3   0  -1   2  -3  -3   3  -1  -1  -2   0  -1  -5  -2  -3    6  17   5   4   1  13   6   4   5   1   2  16   1   3   1   7   4   0   2   1  0.31 0.28
   31 Q    -1  -1   0   2  -1   5   0  -3   1  -3  -4   0   0  -1  -2   1   1  -5   2  -3    6   2   3  10   2  26   6   2   4   1   1   4   3   3   2   9   9   0   6   2  0.41 0.38
   32 F    -3  -2  -5  -6   1  -4  -2  -6   0   1   4  -5   6   1  -5  -2  -2   1   0   1    2   3   0   0   2   0   3   0   2   7  40   0  18   5   0   3   2   2   3   8  0.77 0.48
   33 L    -1  -1  -2  -4   2  -1  -2  -2   0   1   3  -2   3   0  -4  -2   0   1   2   2    4   3   2   0   4   2   2   3   2   7  28   2   7   4   0   3   5   2   7  12  0.26 0.24
   34 D     0   0   0   1  -4   0   2  -1   2  -1  -2   1   0   0  -3   1   0  -3   2  -1    6   6   5   9   0   4  13   4   5   3   4  10   3   4   0   9   5   0   8   4  0.13 0.16
   35 F    -1   0   0   0   2   0   0  -1   2   0  -1   0   1   0  -3   0   0   3   1   0    5   5   5   5   5   5   5   5   5   5   5   5   5   5   0   5   5   5   5   5  0.06 0.10
   36 G     1  -3  -1  -3   2  -3  -3   6  -3  -5  -5  -2  -3  -3  -2   0  -2  -5  -4  -4   13   2   3   1   4   1   2  56   1   0   1   2   1   1   2   7   2   0   1   1  1.06 0.55
   37 R    -2   5   0  -1  -1   2  -1  -3   0  -3  -3   3  -2  -4   0   1  -1  -5  -3  -3    3  28   4   3   2   9   4   2   2   2   3  17   1   1   5  10   4   0   1   2  0.49 0.34
   38 D    -1   0   2   2  -2   0   1  -1   2  -2  -2   1  -2  -3   2   0   0  -4  -2  -2    5   6   9  12   1   4   7   5   5   3   3   8   1   1  12   6   7   0   1   3  0.21 0.18
   39 N     0  -1   2   0  -2  -1  -1   0  -1  -2   0  -1  -1  -2   4   0   0  -2  -3  -1    8   4  11   5   1   3   3   8   2   2   9   2   2   2  21   9   4   1   0   4  0.25 0.21
   40 A     1  -1   0   0  -3   0  -1  -1  -3  -1   0  -1  -1  -3  -1   2   2  -3  -3  -1   13   4   5   6   0   5   3   3   0   3  11   3   2   1   2  20  15   0   0   3  0.20 0.23
   41 C     0  -1   0   0   3  -1   1  -2   2  -1  -1   0  -2  -3   2   1   2  -3  -2  -1    7   4   5   4   7   2   8   2   5   4   4   5   1   1  10  11  15   0   1   3  0.19 0.19
   42 E     0   1  -1   1  -4   0   3  -1  -2  -1   1   0   0  -3   1  -1  -1  -2  -2  -1    6   8   3   6   0   3  22   5   1   3  18   4   2   0   8   4   2   1   1   3  0.20 0.21
   43 K    -1   2   0  -2  -4   2   1  -3   0   0   1   3  -1  -2  -2   0  -1  -4  -1  -2    4  12   4   1   0   9   8   1   2   7  14  20   1   1   1   7   3   0   2   2  0.24 0.23
   44 T     0   0   1  -1  -3   2   1  -2  -1  -1  -1   1  -1  -3  -2   1   2  -4  -3  -1    8   5   8   3   0  10   7   2   2   4   8  10   1   1   2  10  14   0   0   5  0.16 0.18
   45 S     2  -4   1  -3  -3  -1  -2  -2   0  -2  -3  -2  -2  -4  -2   5  -1  -5  -3  -1   13   1   7   1   0   3   2   3   2   2   3   2   1   0   2  49   4   0   1   4  0.75 0.53
   46 Y     5  -2  -3  -5  -1  -2  -3  -2   1  -1  -3  -2  -3   2  -5   1  -2   1   3  -2   49   3   1   0   1   1   1   2   3   4   1   2   0   7   0   8   2   2   9   3  0.75 0.50
   47 M    -1   2   3  -1  -5   3   1  -2   0  -2  -2   1   1  -4  -3   0   0  -5  -3  -2    4  12  14   2   0  17  10   3   2   3   4  10   4   0   1   5   4   0   0   3  0.33 0.29
   48 F    -5  -6  -5  -4  -4  -3  -4  -5  -2  -2   1  -6  -2   8  -7  -4  -4   3   4  -3    1   0   0   1   0   1   1   1   1   2  11   0   1  56   0   1   1   4  13   2  1.69 0.77
   49 L    -2  -6  -6  -6   0  -4  -6  -5  -4   2   5  -6   0  -3  -6  -3   1  -6  -5   2    2   0   0   0   2   1   0   1   0  11  56   0   1   1   0   1  11   0   0  12  1.05 0.57
   50 R    -3   4  -2  -5  -1   3  -4  -5   7  -1   0   0  -2  -3  -5  -1  -3  -3   0  -2    2  23   1   0   1  12   0   0  26   5  10   6   1   1   0   4   1   0   3   3  0.87 0.53
   51 K    -1   3   1   0  -3   2   2  -3   2  -3  -2   2  -2  -4  -4   0   1  -5  -3  -2    3  14   5   6   0  10  13   1   5   1   5  15   1   0   0   8   7   0   1   3  0.35 0.30
   52 E    -5  -4  -1  -1  -7   2   7  -6  -2  -4  -4  -3  -6  -7  -6  -4  -2  -7  -3  -5    1   1   3   3   0   8  74   0   1   1   2   1   0   0   0   1   3   0   1   1  1.85 0.93
   53 L    -4  -4  -7  -7  -3  -6  -7  -6  -6   2   6  -6   2  -2  -7  -4  -5  -6  -1   0    1   1   0   0   1   0   0   1   0   8  74   0   4   1   0   1   0   0   2   5  1.53 0.74
   54 P    -2  -3  -3  -6   0  -1  -4  -5  -3  -3   0  -2  -3  -5   8  -3  -3  -7  -7  -4    4   1   1   0   2   3   1   1   1   2  10   3   1   1  64   2   2   0   0   1  1.73 0.86
   55 V    -1  -1  -4  -6  -1   0  -5  -4  -3   5  -2  -2  -2  -2  -4  -3   0  -6  -3   5    4   3   1   0   2   4   0   1   1  30   2   3   1   2   1   1   5   0   1  38  0.91 0.52
   56 R    -5   8  -6  -7  -2  -3  -6  -3  -2  -5  -3  -3  -2  -4  -7  -3  -5  -7  -2  -5    1  81   0   0   1   1   0   3   1   1   4   1   1   1   0   2   1   0   2   1  2.35 1.06
   57 L    -4  -4  -3  -6  -1  -6  -6  -5  -2   3   5  -6   1   3  -6  -4  -3   2   2   0    1   1   1   0   1   0   0   1   1  13  47   0   3  13   0   1   2   2   6   6  0.96 0.51
   58 A     6  -3  -6  -6   0  -3  -3  -2  -6  -6  -4  -5  -1  -6  -5   1  -2  -6  -1  -4   71   1   0   0   2   1   1   4   0   0   2   0   1   0   0  11   2   0   2   1  1.52 0.81
   59 N    -3   3   3  -5  -6   3  -1  -4   8  -2  -3   0  -2  -4  -6  -2  -3  -2  -1  -4    3  16  12   0   0  12   4   2  29   2   4   6   1   1   0   3   2   1   2   1  1.01 0.58
   60 T    -1   6  -3  -6   1   0  -4  -4  -2   2  -3  -2   3  -4  -6  -2  -1  -7  -2  -3    7  46   1   0   3   4   1   2   1  13   2   2   6   1   0   4   5   0   1   2  1.08 0.60
   61 M     0  -4  -6  -7  -2  -6  -6  -4  -3   5   3  -4   5  -1  -6  -3  -2  -6  -2   2    7   1   0   0   1   0   0   1   1  33  21   1  11   2   0   2   2   0   1  14  0.95 0.49
   62 R    -2   4  -1  -3  -2   2  -1  -4  -1  -2  -1   4   0  -3  -6   0  -1  -2  -1  -1    4  19   3   1   1   7   4   2   2   2   7  28   2   1   0   6   4   1   2   5  0.54 0.37
   63 E     0  -2  -1   3  -3   2   5  -2   1  -4  -2  -3   1  -4  -4  -1  -2   0  -4  -1    7   2   3  15   1   7  32   4   4   1   5   1   4   1   1   4   2   1   1   4  0.57 0.40
   64 V    -7  -7  -8  -8  -1  -3  -8  -8  -2   5   4  -7   3   4  -8  -4  -2   0  -5  -1    0   0   0   0   1   1   0   0   1  26  40   0   6  13   0   1   3   1   0   4  1.27 0.62
   65 N    -2   1   2   2  -3   4   3  -4   2  -5  -3  -1  -3  -4  -6   1  -2  -1  -1  -4    4   8   9  11   1  18  21   1   5   1   3   3   1   1   0   8   2   1   2   1  0.61 0.45
   66 L     0   0   2   0   1   0   1  -2   2  -4   1   0   0  -2  -7   2   0  -7  -2  -4    9   5   9   6   3   4   9   3   5   1  12   5   2   2   0  17   5   0   1   1  0.24 0.21
   67 L    -2  -1  -9  -9  -8  -3  -9  -5  -1   0   6  -4   1  -1  -3  -3   0   2  -2  -1    4   4   0   0   0   2   0   1   2   4  58   1   3   2   2   2   5   2   1   5  1.16 0.59
   68 P    -2  -1  -2  -8   0  -2  -2  -3  -8  -8  -3  -2  -8  -8   8  -7  -2  -8  -8  -3    4   4   2   0   2   2   3   3   0   0   3   3   0   0  67   0   3   0   0   2  2.05 1.05
   69 D     0  -2  -2   1  -1   0   1   0   2  -3  -3  -2   0   3   1  -2  -3   0   4  -1    8   3   2   9   1   4  10   7   4   2   2   2   2  12   6   4   2   1  13   4  0.33 0.23
   70 N    -3   1   2   0  -1  -1  -2   2  -1   2  -1  -1   0  -2  -2  -2  -3   6  -2  -1    3   7   9   5   1   3   4  17   2  11   7   4   2   2   3   4   2  11   1   4  0.38 0.25
   71 L    -2  -3  -3  -1  -1   0  -2  -4  -1   2   4  -2   1  -1  -2  -4  -3   4  -2   2    4   2   1   3   1   4   3   1   1   9  34   2   3   3   3   2   2   5   2  14  0.54 0.31
   72 L     0   0   0  -3  -1  -1  -2   2  -3  -2   2  -1   2  -4  -1   1  -2  -1  -4   2    7   5   4   2   1   3   3  15   1   3  18   4   4   1   4  12   2   1   1  11  0.22 0.18
   73 N    -1   0   2   0   3   3   2  -3   1  -3  -2   0  -1  -7  -3   2   2  -3  -4  -2    6   5   8   6   5  11  12   3   3   2   4   5   2   0   2  13  10   1   1   3  0.31 0.26
   74 R    -2  -1   5  -2  -2   1  -1  -3   1  -1  -2  -1   4  -2  -5  -1   2  -6  -2  -1    3   4  29   2   1   6   4   1   4   3   3   4  12   1   0   5  13   0   2   4  0.61 0.45
   75 P    -1  -1  -3  -1  -2   0   0  -4  -1  -3  -4  -1  -6  -2   7  -1  -3  -7  -2  -3    5   3   2   4   1   5   7   1   2   2   2   3   0   2  52   4   2   0   1   2  1.23 0.72
   76 S    -1  -1   0   0  -7  -1  -1  -2   6  -2  -3  -3  -7  -1  -1   4   0   1   1  -2    5   3   4   6   0   3   4   4  16   2   3   2   0   3   4  27   5   2   4   3  0.59 0.39
   77 V    -2  -2  -8  -2   1  -7  -8  -8  -8   5   2  -7   2   1  -2  -2  -1  -7  -1   3    3   3   0   3   3   0   0   0   0  30  15   0   5   6   3   3   4   0   3  19  0.89 0.43
   78 G    -1   1   0  -1   1   2   1  -2   1  -1  -1   1   1  -1  -1   1  -1   2  -1  -1    5   9   4   3   3  10   8   4   3   3   7  10   4   3   3   9   3   2   3   5  0.11 0.12
   79 L    -1   0   0   0   2   0   0  -1   2   0  -1   0   2   1   0  -1   0   4   1  -1    5   5   5   5   5   5   5   5   5   5   5   5   5   5   5   5   5   5   5   5  0.09 0.08
   80 V    -1  -3  -3  -3   0  -2  -8  -2  -1   3   0  -3   0  -2  -2  -1  -1  -8  -7   5    5   2   2   2   2   2   0   3   2  16   8   2   2   2   3   5   4   0   0  38  0.80 0.45
   81 Q     0   2  -1  -3   1   1  -2  -2   4   1  -2  -1   1  -1  -2  -2   0   1   5  -2    8   9   3   2   3   5   2   4  10   6   5   4   3   2   3   4   5   2  16   3  0.36 0.26
   82 S    -1   1   2   2   1   1   2  -1   1  -2  -2   0   0  -6  -1   2  -1   1  -1  -2    5   7  10  11   2   7  11   4   3   2   4   5   2   0   3  12   5   2   3   3  0.21 0.21
   83 W    -1   0   0   0   2   0   0  -1   2   0  -1   0   2   1   0  -1   0   4   1  -1    5   5   5   5   5   5   5   5   5   5   5   5   5   5   5   5   5   5   5   5  0.09 0.08
   84 Y    -1   0   0  -2   2   0   0  -1   2   0  -1   0   1   1   0   0   0   3   1   0    5   5   5   0   5   5   5   5   5   5   5   5   5   5   5   5   5   5   5   5  0.07 0.11
   85 M     0   1  -2  -4  -1  -1   0  -5   0   2   2  -2   1  -2  -4  -1   0   5   3   1    7   6   2   1   1   3   6   1   2  10  15   3   3   1   1   5   6   7  10  10  0.31 0.22
   86 Q    -2   3   0   1  -3   4   2  -4   3  -2  -3   1  -2  -4  -1   0  -1  -1  -2  -3    4  12   4   8   1  16  11   2   6   2   3   9   1   1   4   6   5   1   2   3  0.40 0.32
   87 S     2  -3  -2  -1   1  -2  -2  -5   0  -3  -3  -5  -7  -2  -5   5   1  -1   2  -3   15   2   3   3   2   2   3   1   2   2   3   1   0   2   1  38   9   1   6   3  0.76 0.55
   88 F    -2  -3  -3  -2  -3  -4  -5  -5  -1  -1   1  -4   0   7  -2  -2  -4   0   2  -1    4   2   2   3   1   1   1   1   1   4  13   1   2  45   3   3   2   1   7   4  1.25 0.65
   89 L    -1   1   0   1   0   3   2  -3   3  -3  -1   0  -1  -3  -6   1  -1   0   1  -3    5   8   5   8   2  11  14   3   7   2   6   5   2   1   0   9   4   2   5   2  0.30 0.26
   90 E    -1   0   0   2   0   0   3  -4   0  -1   0   0   2  -1  -2  -1   1   1  -1  -2    5   6   4  12   2   3  17   1   3   3   8   6   5   3   2   5   8   2   2   4  0.21 0.19
   91 L    -3  -3  -2  -1   0  -7  -3  -4  -1   3   4  -3   1   2  -2  -4  -2  -7  -1   1    2   2   2   3   2   0   2   2   2  13  40   2   3   7   2   2   3   0   2   8  0.70 0.40
   92 L    -1   3  -1  -1   0  -1  -1  -3   1   0   1  -1   1  -1   0  -1  -1   1   0   0    6  16   3   3   2   3   4   3   4   5  15   3   3   3   5   6   4   2   3   7  0.14 0.13
   93 E    -1   0   1   1   0   0   1  -1   2  -3   0   1   0   1   0   1  -1  -5  -1  -2    6   4   6   9   2   5   8   4   5   2   8   7   2   6   5  12   4   0   2   4  0.10 0.11
   94 Y    -2  -1  -1  -1   1   0  -3  -2   2   0  -1  -3   2   5  -1  -1  -1   1   3  -1    4   4   3   4   3   5   2   4   5   5   6   2   4  22   3   4   5   2   9   4  0.41 0.25
   95 E    -2  -1  -2   1  -1   1   2  -1   0  -3  -3   0  -2  -1   5  -1  -2   0  -1  -3    4   3   2   7   2   5  14   5   2   2   4   7   1   3  25   5   3   1   2   2  0.44 0.36
   96 N    -1   0   1   1   1   1   0  -1   1  -1  -1   1   0   0   1  -1   0   2   0  -1    4   5   8   8   3   5   7   5   4   4   7   7   3   4   7   5   6   3   3   4  0.06 0.07
   97 K    -1   0   0   0   2   0   0  -1   2   0  -1   0   2   1   0  -1   0   4   1  -1    5   5   5   5   5   5   5   5   5   5   5   5   5   5   5   5   5   5   5   5  0.09 0.08
   98 S    -1  -1   0   2   0   0   1   0   1  -1  -2   2   0  -2   1   1   1   1  -1  -1    4   4   4  10   2   5   7   6   3   3   4  12   2   2   7   9   8   2   2   5  0.10 0.11
   99 P    -1  -1   1   1   1  -1  -1  -1   1   0  -2  -2   0  -1   4   0   1   2  -5  -1    4   4   6   8   3   3   4   6   3   6   4   3   3   3  20   7   7   3   0   5  0.27 0.23
  100 E    -2   0   0   2   1   1   2  -2   1  -1  -2   0   1   0  -1   0   1   2   0  -2    4   5   4  13   3   6  11   3   3   3   5   5   3   3   3   8   7   3   3   3  0.15 0.15
  101 D    -2  -1   2   3   1   0  -1  -2   0  -2  -1  -1   0  -1  -1   1   2   1  -1  -1    4   4   8  14   3   5   4   3   2   3   8   4   3   3   3   9  13   2   2   4  0.17 0.16
  102 P    -1   0  -1   2   1   0   1  -2   2   0   0  -1   0  -1   1  -1  -1   2   0  -1    5   6   3  12   3   5   8   4   5   6  11   3   3   3   8   4   4   3   3   4  0.10 0.10
  103 R     0   0   0   0   2   0   0  -1   1   0  -1   0   1   0   0   0   0  -2   1   0    5   5   5   5   5   5   5   5   5   5   5   5   5   5   5   5   5   0   5   5  0.03 0.05
  104 V     0  -1   0   2  -1   1   1  -2   1  -1  -1   0   0  -1  -3   0   0   2   1   0    7   4   4  14   1   7  10   3   3   4   4   5   3   2   0   5   7   2   6   6  0.13 0.15
  105 L    -1   0   2   0   1   0   2  -1   0   0   0  -1   0  -1  -1   0  -1  -4  -1   0    5   5  13   5   3   4  14   4   2   7  11   2   2   2   3   6   3   0   2   6  0.09 0.12
  106 D     0   0   0   1  -6   2   2  -2   1  -1  -1   0   0  -1   0  -1   0  -5   1  -1    9   5   5   7   0   7  14   3   3   4   6   6   3   3   6   5   5   0   4   4  0.13 0.13
  107 N    -1   0   0   0   2   0   0  -1   2   0  -1   0   2   1   0  -1   0   4   1  -1    5   5   5   5   5   5   5   5   5   5   5   5   5   5   5   5   5   5   5   5  0.09 0.08
  108 F    -4  -3  -7  -8  -2  -3  -4  -3  -3  -2  -1  -7   0   8  -8  -4  -2  -1   2  -2    2   2   0   0   1   2   2   2   1   3   6   0   2  63   0   2   3   1   6   3  1.97 0.95
  109 L     1  -1   0  -3   5  -2  -4  -3  -1   0   0  -2   1  -2  -3   0   4   0  -3   0   11   4   5   1  11   2   1   2   1   5   9   2   3   2   2   7  24   1   1   6  0.43 0.35
  110 N     0   1   0   2   1   2   3  -2   0  -3  -4   2   0  -2  -3   0  -1  -6  -3  -2    8   7   5  12   3   9  20   3   2   2   1  11   2   2   1   6   4   0   1   3  0.34 0.30
  111 V     0  -2  -1  -2   0  -1  -3  -3   0   1   2  -1   3   0  -3  -1   1   1  -2   2    7   2   3   2   2   3   2   2   2   6  23   3   7   4   1   3  10   2   1  14  0.24 0.22
  112 L    -3  -3  -4  -4  -2  -3  -3  -5  -2   3   5  -3   2  -2  -3  -3  -2  -1  -5   1    2   2   1   1   1   1   2   1   1  13  49   2   4   2   2   2   2   1   0  10  0.86 0.52
  113 I     0   3  -1  -1  -1   2   2  -2   1   0  -2   2  -1  -2  -2   0  -1  -1  -2  -2    6  14   3   4   2  10  14   3   3   6   4  12   1   2   1   6   4   1   1   3  0.22 0.22
  114 N     0   1   2   1  -5   1   1   0   2  -3  -3   1  -1  -3  -2   1   0   2  -1  -3    7   9   8   8   0   6  11   6   4   1   2  10   2   1   2  11   7   3   2   2  0.22 0.23
  115 I    -2  -4  -3  -6  -2   0  -4  -5   1   5   2  -4   2   1  -4  -3  -1  -1  -3   1    4   1   2   0   1   5   1   1   3  34  21   1   5   5   1   2   4   1   1   7  0.72 0.45
  116 R    -3   3  -2  -3  -6   0  -2  -6  -2  -1   3   2   1   0  -6  -3  -2  -1   1   1    2  17   2   2   0   4   2   0   1   3  25  13   3   4   0   2   3   1   5  10  0.45 0.35
  117 N    -2   1   3   2  -2   2   1  -2   2  -3  -2   2  -1  -2  -2  -1   0  -1  -1  -3    4   8  12   9   1   8   9   3   5   2   5  13   2   2   2   5   6   1   2   2  0.24 0.23
  118 R    -2   6  -1   2  -1   0   2  -3  -3  -4  -4   0  -2  -7  -4  -1  -1  -1  -3  -5    4  41   3  13   1   4  11   2   1   1   2   4   1   0   1   4   4   1   1   1  0.90 0.58
  119 H    -5  -1  -1  -2  -8   0  -4  -1  10  -4  -3  -4  -2  -3  -1  -4  -2   1  -1  -5    1   3   3   3   0   4   1   5  58   1   3   1   1   1   3   1   3   2   2   1  2.04 0.99
  120 N     1   2   2   0  -2   1  -1  -2  -1  -3  -1   1  -2  -3  -1   2   1   0  -1  -2   14  11   9   6   1   6   3   2   2   1   6   8   1   1   3  13   7   1   2   3  0.17 0.20
  121 D    -2   0   3   3  -3   0  -1  -1   3  -2  -2  -1  -1  -3   1   1   1  -2  -2  -2    4   5  12  18   1   4   3   5   6   2   4   3   1   1   8   9   7   1   1   4  0.28 0.25
  122 V    -1  -2   0  -1  -1  -3  -3  -3   1   1   0  -2   2  -1  -5  -2   2  -5  -4   4    4   2   5   4   1   1   1   2   4   8   8   2   5   3   0   2  14   0   0  32  0.45 0.34
  123 V    -2  -2  -2  -5  -4  -1  -2  -3  -1   3   2  -1   2  -1   0  -1  -1  -5  -2   3    3   3   2   0   0   2   3   2   2  19  17   4   6   2   5   4   3   0   1  22  0.37 0.27
  124 P    -1  -1  -2   1  -5   0   0  -1   1   0  -1  -2   0  -2   5   0   0   0  -1  -1    4   4   2   7   0   3   7   5   3   6   6   2   2   2  28   6   7   1   2   4  0.39 0.30
  125 T    -1   0   1  -1   0   0   0  -2   1  -1   1   0   1  -1  -2   0   2   1  -1  -1    5   4   7   3   2   4   6   2   4   4  16   6   4   2   2   5  16   2   2   4  0.11 0.14
  126 M    -1  -4  -4  -4  -4   0   0  -5  -4   2   3  -1   4   1  -5  -1  -1  -4   2   0    5   0   0   0   0   4   5   0   0  12  31   5  11   4   0   4   4   0   7   6  0.44 0.29
  127 A     3   0  -1  -1   2  -1   0   0   2  -1  -2  -3   0  -1  -1   0   0   2   0  -1   27   5   3   3   4   3   7   8   5   4   3   0   3   3   3   5   6   3   3   4  0.17 0.18
  128 Q     0   2   0  -1  -1   2   1  -2   2  -2   0   2   2  -1  -2   0  -1   0   0  -2    6  10   3   3   1  10  10   3   6   2   8  11   5   2   2   8   3   2   3   2  0.15 0.15
  129 G     0  -2   1   0   2   1   0   0  -2   0   0  -2   1   1  -3   0   0   4  -1   0    7   0   7   7   6   7   7   7   0   7   7   0   6   6   0   7   7   6   0   7  0.09 0.13
  130 V     0  -1  -2  -3   3   0  -2  -1   0   1   1   0   2   1  -3  -1   0  -2   0   2    6   4   0   0   8   5   0   4   3   8  13   5   7   6   0   5   4   0   4  18  0.11 0.15
  131 I     0   2  -1  -2  -1   2  -1  -2   1   0   0   1   2  -1  -2   1  -1  -1  -1  -1    7  14   2   2   1  10   4   2   4   6  11   7   7   2   2  11   3   1   2   3  0.13 0.17
  132 E    -2   0  -2   0  -6   1   6  -4   0  -4  -2  -1  -2  -4  -2  -1  -1   0  -3  -3    4   5   1   5   0   6  50   2   2   1   4   3   1   1   2   5   3   2   1   2  0.87 0.57
  133 Y    -1  -3  -5  -5   5  -2  -5  -4  -1   0   3  -4   2   1  -3   0  -2   3   3   0    4   2   0   0  12   2   0   1   1   6  28   0   5   6   1   9   2   4   9   6  0.52 0.36
  134 K    -1   2   0  -1   1   1  -1  -1   1  -1  -2   3   0  -4  -1   1   0   2   0  -1    4  12   3   3   3   6   3   5   4   4   4  17   3   0   3  13   4   3   3   3  0.17 0.21
  135 E     0   0   0   0   2   1   0   0   2   0  -1   0   1  -2   1   0   0  -3   1   0    6   6   5   6   5   5   6   6   5   6   6   6   5   0   6   6   6   0   5   6  0.04 0.08
  136 K     0   0   0   0   1   0   0  -1   3  -1  -1   1   0   0  -1   0   0  -3   3  -1    6   6   4   4   3   4   5   4   9   3   5   8   3   3   3   8   5   0  12   4  0.10 0.14
  137 F    -2   1   0  -1   2   1  -2   0   2   1   1  -2   3   1  -1  -2  -2   0   2  -1    3   6   5   4   4   7   3   6   4   6  16   2   6   6   3   3   2   1   6   4  0.15 0.12
  138 G    -1   1   1  -1   0   2   0   3  -1  -2  -1   1  -2  -6   1   1  -1  -7  -6  -3    6   6   6   3   2   8   6  20   2   3   6   7   1   0   8  10   3   0   0   2  0.27 0.23
  139 F    -1   1   0   0   1   0   0  -1   1   0  -1  -1   1   0   0   0   0   2   1   0    6   9   4   5   3   5   5   5   3   5   6   3   4   3   5   9   5   3   6   7  0.05 0.06
  140 D    -2   0   1   4   1   0   2  -1   2  -2  -2   0   1  -1  -1   0  -1   2   0  -2    3   5   5  19   3   4  11   5   4   3   4   5   3   3   3   6   4   3   3   3  0.23 0.19
  141 P     0  -1  -1   0  -1   1   1  -2   1  -1   0   0   0  -1   4   1  -1   0  -1  -2    7   3   3   6   2   6   8   3   3   3  10   5   2   3  17   9   3   1   2   3  0.18 0.15
  142 F     0   0  -1  -1  -1   0   0  -2   0   1   1  -1   1   2  -1   0   0   0   1   1    6   4   3   4   1   5   7   4   3   8  12   3   4   8   3   7   5   2   4   8  0.04 0.04
  143 I     0  -1   0   2  -1  -1   1  -1  -1   0   0  -1   0  -1   0   1   1  -4  -2   1    7   4   4  10   1   2   9   5   2   7  10   3   3   3   4   9   9   0   1   8  0.07 0.06
  144 S     0   0   1   1  -2   1   2  -2   1  -3  -1   0  -1  -2   2   1  -1  -4  -1  -2    8   6   6   9   1   7  12   4   3   1   6   6   2   2  11   9   3   0   2   2  0.17 0.17
  145 S     0   0   1   1   0   2   2   0   2  -2  -2   0  -1  -1   0   1   0  -1  -2  -2    7   4   7   7   2   8  14   6   4   2   4   6   1   3   4   9   6   1   1   2  0.13 0.13
  146 N    -1   1   3   2  -1   3   2  -2   1  -3  -3  -1  -1   0  -1   0  -1  -1  -2  -2    5   6  12  13   2  12  14   2   3   2   3   4   1   4   3   6   3   1   1   3  0.29 0.23
  147 I    -2  -2  -4  -2   1  -4  -3  -4   0   4   2  -1   3   0  -1  -3   0   0  -4   2    3   2   0   3   3   0   1   2   2  23  16   4   8   3   4   2   5   1   0  16  0.43 0.28
  148 Q    -2   0   1   4  -2   4   1  -1   2  -3  -4   0  -1  -1  -3  -1  -1  -1  -2  -3    3   6   7  24   1  16   7   5   5   2   2   5   2   3   2   4   4   1   1   1  0.45 0.33
  149 Y     0   2   0   1   0   2   0  -2   1  -3   0   1  -1  -1   0   0  -1  -1   2  -2    7  14   4   7   2  11   7   2   3   1   8   7   2   3   4   7   3   1   6   2  0.15 0.16
  150 F    -1  -2  -2  -3   1  -2   0  -4   1  -1  -1  -3  -4   7  -2  -3  -2   5   0  -2    5   2   2   2   3   2   6   2   4   3   6   2   0  44   3   2   3   6   3   3  0.92 0.49
  151 L    -1   0  -4  -5   1  -3  -4  -5  -4   1   4  -4   5   1  -4  -2  -1   3   0   0    4   5   0   0   3   0   0   0   0   5  42   0  16   6   0   3   3   3   3   4  0.63 0.39
  152 D    -2  -1   3   5  -4   0   1   0   0  -2  -4  -1  -4  -2  -4   0  -1  -5  -1  -2    3   3  13  38   0   4   6   7   3   2   1   4   0   2   0   6   4   0   2   3  0.58 0.37
  153 R    -1   4   1   1   2   0   0  -2   0  -1  -1   1  -1  -2  -3   0   0   1  -1  -2    5  30   5   7   5   3   5   3   2   3   5   6   2   2   0   6   6   2   2   2  0.26 0.23
  154 F     0  -4  -1  -5   2  -4  -2  -3   3   0   0  -4   3   6  -5  -2   0  -3   0  -1    8   0   3   0   4   0   3   2   8   6   7   0   7  34   0   4   6   0   2   5  0.68 0.41
  155 Y    -4  -1   0  -1   2  -4  -4  -5   2   1   2  -4   1   3  -5  -1  -4  -3   5   0    0   3   5   5   4   0   0   0   5   8  24   0   3  12   0   4   0   0  20   5  0.56 0.38
  156 T    -1   2   0  -1   0   0  -1  -1   2   0   0   1   2   0  -3   0   2  -3   1  -1    5  10   3   3   3   4   3   3   6   5   9   7   6   4   0   7  13   0   5   4  0.08 0.16
  157 N     0  -1   1   1   1   0  -1  -1   1  -1  -1  -1   1   0  -1   3   0  -4   0  -1    8   3   7   8   3   3   4   4   3   3   5   3   4   5   3  24   5   0   3   3  0.15 0.21
  158 R    -3   7   0  -4   1   1  -3  -2   1  -5  -3   0   0  -1  -5   0  -3   0  -2  -3    2  53   5   0   3   6   0   4   4   0   3   4   2   3   0   6   1   1   1   2  1.02 0.61
  159 I    -2  -5  -2  -5  -4  -4  -5  -2  -5   6   1  -4   1   0  -1  -2  -1  -4   0   2    3   0   2   0   0   0   0   4   0  50  10   0   3   3   4   3   3   0   3  10  0.80 0.46
  160 S    -1  -1  -1  -3   0  -1  -2   4  -4  -2  -3  -1   0  -2  -2   3   0   0  -1  -2    4   3   2   0   2   3   3  38   0   2   2   3   2   2   2  22   6   1   2   2  0.52 0.37
  161 F    -1  -1  -1  -2   0  -1  -3  -1  -1   2   1  -2   4   1  -3   0   2  -3   1   0    4   4   3   2   2   2   0   4   2  15  14   2  13   7   0   6  13   0   4   5  0.20 0.21
  162 R    -2   6   1  -2   0   2   0  -1   2  -2  -3   1  -1  -5  -4  -2  -2  -5  -1  -4    2  44   7   2   2   8   7   4   4   2   2   7   2   0   0   2   2   0   2   0  0.76 0.46
  163 M    -1  -1  -3  -2   0  -1  -3  -1  -3   0   1  -1   4   1   1  -1   1  -3   1   1    5   2   0   3   2   2   0   5   0   5  16   4  16   6   7   2   8   0   5  11  0.16 0.19
  164 L    -3  -1  -1  -4   2  -3  -4  -4   1   2   3  -3   2   0  -1  -1  -1   3  -2   1    0   4   4   0   5   0   0   0   4  11  38   0   4   4   4   4   4   4   0   8  0.40 0.29
  165 I     1  -1   0  -2   1   1  -1  -1   0   1   0  -2   2   0   1   1   0  -3   0   0   12   3   3   0   4   9   3   4   3  11   6   1   8   3   7  10   5   0   3   4  0.08 0.13
  166 N    -1   0   1   1  -4   0   3   0   0  -2  -2  -1   1  -3   1   1  -1   3   0  -1    3   5   7   7   0   4  19   8   2   2   2   2   5   0   7  13   3   4   4   3  0.19 0.20
  167 Q    -2   0   1  -2  -5   5   1  -4   6  -1  -4   0   1  -2  -4  -2  -2  -4   1  -2    2   4   5   2   0  32   7   1  20   3   1   6   4   2   0   3   2   0   4   3  0.78 0.49
  168 H    -2  -1  -3  -4   0  -1  -3  -5   8  -2  -2  -4  -3   1  -5  -1  -1   3   4   0    4   3   0   0   2   3   0   0  40   2   4   0   0   6   0   5   4   4  15   6  1.08 0.56
  169 T    -1   0   0   0   2   0   0  -1   2   0  -1   0   2   1   0  -1   0   4   1  -1    5   5   5   5   5   5   5   5   5   5   5   5   5   5   5   5   5   5   5   5  0.09 0.08
  170 L     2  -1   0  -1   1   0   0  -1   0  -1   0  -1   2  -1   0   0  -1   2   1   0   17   4   4   3   3   5   5   4   3   4  11   4   5   3   4   6   3   2   4   7  0.08 0.09
  171 L    -1   0   0   0   2   0  -2  -1   2   0  -1   0   1   1   0   0   0   3   1   0    5   5   5   5   5   5   0   5   5   5   5   5   5   5   5   5   5   5   5   5  0.06 0.11
  172 F    -1  -1  -1  -1   2  -1  -1  -2   2   0  -1  -2   1   4  -1   1   0   2   1   0    6   4   3   3   4   3   4   3   5   5   6   3   3  14   4   9   6   2   4   7  0.16 0.12
  173 G     0   1   1   1   1   0   1   0   2  -2  -2   0   0   0   1   0  -1   2   1  -1    7   6   6   8   3   4   8   7   5   3   5   6   3   4   7   6   3   2   4   4  0.07 0.07
  174 G    -1   0   0   0   2   0   0  -1   2   0  -1   0   2   1   0  -1   0   4   1  -1    5   5   5   5   5   5   5   5   5   5   5   5   5   5   5   5   5   5   5   5  0.09 0.08
  175 D    -2   0   1   1   1   0   0  -1   1  -1  -2   1   0   2  -1   1  -1   2   1  -2    4   6   6   8   3   5   7   6   4   3   5   7   3   7   3   9   3   3   5   3  0.09 0.09
  176 T     0   0   0   0  -2   1   0   0   1   0  -1   0   1   0   1   0   0  -2   1   0    6   6   5   6   0   5   6   6   5   6   6   6   5   5   6   6   6   0   5   6  0.03 0.06
  177 N    -1   0   3   0   1   1   0  -1   2  -1  -1  -1   1  -1   0   1  -1   2   0  -2    6   5  13   5   3   5   6   4   5   3   6   4   3   3   4  10   4   3   4   3  0.12 0.12
  178 P    -1  -1   0  -1   1   0   0  -1   3  -1  -2   0   1  -1   4  -1  -1   2   0  -2    6   4   4   4   3   5   7   5   5   3   4   5   3   3  20   5   4   3   3   4  0.25 0.22
  179 A     0   0   1   0   1   1   0  -1   1  -2  -2   0   0  -1   1   0  -1   4   0  -1    8   5   7   5   3   6   7   6   4   3   3   6   3   3   8   7   5   5   3   5  0.10 0.11
  180 H    -2   1   2   1  -1   1   0   0   5  -3  -3   1  -1  -1  -1   1  -2  -1  -2  -2    3   8   9   8   1   6   6   7  13   2   3   8   2   2   4  10   3   1   1   3  0.31 0.22
  181 P    -1   0   1   1  -1  -1   1  -1   3  -2  -3  -1  -5   0   4   0  -1  -6  -1  -1    6   6   6   8   1   3  10   6   5   3   3   4   0   4  17   8   5   0   2   4  0.25 0.21
  182 K    -1   2   2   2  -1   0   0   1   1  -2  -3   1  -1  -2   0   0  -1  -4  -1  -2    5  11   9  13   2   4   6  11   4   2   2   9   1   2   5   6   4   0   2   3  0.18 0.16
  183 H    -2   0   0  -2   2   0  -2  -2   5  -2   0   0   3   2  -2  -1  -2   3   4  -1    2   4   5   2   4   5   2   4  12   2   8   5   7   8   2   5   2   4  13   4  0.32 0.26
  184 I    -1   1   0  -1   1   0  -1  -1  -2   1   0  -1   1   0  -1   0  -1   2   0   2    3   8   4   3   3   4   3   5   0   9  11   4   4   3   3   5   3   3   4  18  0.06 0.09
  185 G     0   1   1   1   2   1   1   0  -1  -2  -2   1  -2  -2   1   0   0  -3   1  -1    7   7   7   7   7   7   7   7   0   0   1   7   0   0   7   7   7   0   7   7  0.12 0.12
  186 S    -1  -1  -1  -1   3  -1   0  -1  -2   4   0  -2   1  -2  -2   0  -1   0  -2   1    6   3   3   4   6   2   6   6   1  24   6   3   3   1   2   7   3   1   1  11  0.18 0.17
  187 I    -3  -1  -2  -6  -5  -6  -6  -7  -6   6   0  -6   0  -1  -6  -3  -1  -6  -5   4    3   3   2   0   0   0   0   0   0  48   9   0   2   3   0   2   4   0   0  21  1.23 0.61
  188 D    -2  -1   2   4   4   1   0  -2   2  -2  -2  -1  -1   1  -4   0  -1  -5  -1  -1    3   3   9  23   9   7   5   2   4   2   3   3   1   7   0   6   3   0   2   6  0.35 0.30
  189 P    -2   0  -1  -1   0   0  -1  -2   1  -2  -1   0   0  -2   4   0   3  -5  -2  -2    3   4   3   3   2   5   4   2   4   2   6   7   3   2  19   6  22   0   2   3  0.34 0.32
  190 T    -1   2   2   1  -1   1   1  -1   2  -2  -1   2  -1  -1  -1   0  -1  -4  -1  -2    5  13  11   8   2   6   7   3   6   2   6  12   1   4   3   5   3   0   2   3  0.17 0.18
  191 C     0  -2  -2   0   2   0   0   0  -2   0   0   0   1   1   1   0   0   3   1   0    6   0   0   6   6   6   6   6   0   6   6   6   6   6   6   6   6   6   6   6  0.07 0.12
  192 N    -1  -1   2   2   1   0   0  -1   1  -1  -2   0   0  -1  -1   2  -2   2   0  -2    5   4  10  11   3   4   7   4   3   4   4   6   3   3   3  14   3   3   3   3  0.16 0.13
  193 V     0   0  -2  -2  -2  -1   0   0  -2   1   0  -1   1   1   1   0   1  -2  -1   0    8   8   0   0   0   0   8   8   0   8   8   0   8   8   8   8   8   0   0   8  0.06 0.09
  194 A    -1   0   0   0   2   0   0  -1   2   0  -1   0   2   1   0  -1   0   4   1  -1    5   5   5   5   5   5   5   5   5   5   5   5   5   5   5   5   5   5   5   5  0.09 0.08
  195 D     0   0   0   1  -4   1   2  -1   1  -1  -2   1   0  -1   0   0  -1   2   0  -1    6   5   5   8   0   7  15   4   3   3   4  10   3   3   4   8   3   3   3   3  0.13 0.15
  196 V    -1  -1  -1  -1   1  -1   0  -2   0   3   0  -1   1   0  -4  -1   0  -4   0   2    3   3   3   3   3   3   7   3   3  18   9   3   4   3   0   5   4   0   3  19  0.16 0.18
  197 V     0  -1  -2  -2   3   1  -1   0  -2   1   0   0   2   1  -2   0   1  -2  -1   0    8   0   0   0   8   8   0   8   0   8   8   8   8   8   0   8   8   0   0   8  0.07 0.11
  198 K    -1   0   0   0   2   0   0  -1   2   0  -1   0   2   1   0  -1   0   4   1  -1    5   5   5   5   5   5   5   5   5   5   5   5   5   5   5   5   5   5   5   5  0.09 0.08
  199 D    -1   0   0   0   2   0   0  -1   2   0  -1   0   2   1   0  -1   0   4   1  -1    5   5   5   5   5   5   5   5   5   5   5   5   5   5   5   5   5   5   5   5  0.09 0.08
  200 A     4  -1  -1  -7   6  -1  -7  -1  -7  -1  -2  -1   1  -1  -7  -1  -1   3  -7   0   28   4   4   0  14   3   0   6   0   4   4   3   3   3   0   5   4   4   0   6  0.65 0.41
  201 Y    -1   0  -2   0   2   0   0  -1   2   0  -1   0   1   0   0   0   0   3   1   0    5   5   0   5   5   5   5   5   5   5   5   5   5   5   5   5   5   5   5   5  0.06 0.10
  202 E     0   0   0   2   1   1   2  -1   0  -3  -2   1  -1  -2  -2   1   0  -4  -2  -2   10   4   4  14   3   6  16   4   3   2   3   8   2   2   2  10   7   0   1   2  0.20 0.21
  203 T     0   0   1   1   0   0   0  -2   0  -1   0   0   0   2  -2   0   0   3   0  -1    7   6   7  10   2   3   5   3   2   2  10   5   2   9   2   6   6   4   3   3  0.07 0.10
  204 A     2  -3  -3  -1   2  -3  -1  -4  -4   0  -1  -1   1   0   0   0   0   3  -3   3   22   0   0   4   4   0   4   0   0   5   5   4   4   4   4   5   5   4   0  25  0.30 0.28
  205 K     0   0   0   0   2   0   0   0   1   0  -1   0   1   0  -2   0   0  -2   1   0    6   6   5   6   5   5   6   6   5   6   6   6   5   5   0   6   6   0   5   6  0.03 0.07
  206 M     0   1   0   1   0   1   1  -2   1  -1  -1   1   1   0  -1   0   0   1  -1  -2    9   8   4   7   2   6   9   3   4   4   6   7   4   5   3   7   5   2   2   3  0.08 0.09
  207 L    -2  -1  -2  -3   0   0  -3  -3   1   2   3  -2   3   0  -2  -1  -2   2  -1   1    4   4   2   2   2   5   2   3   3  11  27   2   7   4   2   5   3   2   2   8  0.33 0.21
  208 C    -1  -1  -8  -3   9  -2  -8  -3  -8   0  -1  -2   1   1   0  -2  -1   3   0  -2    6   4   0   2  37   2   0   3   0   5   6   2   3   6   6   4   4   3   3   3  1.26 0.64
  209 E    -1   2  -1   1  -1   2   3  -3   1  -1  -1   0   2  -1  -3  -1  -2   0  -1  -2    6   9   3   8   1   9  19   3   3   4   6   5   4   3   2   5   2   2   2   3  0.26 0.22
  210 Q    -1   3  -1   2  -6   3   2  -2   3  -2  -2   0   1  -1  -1  -1  -2   1  -1  -3    5  14   3  10   0  11  12   3   6   2   4   6   3   3   3   5   3   2   2   2  0.31 0.25
  211 Y    -1   0   0  -2   2   0   0  -3   5  -1  -1   1  -1  -1  -1  -1   1   1   3  -1    6   6   4   2   4   4   7   3  11   4   6   7   1   2   3   5   8   2  10   5  0.23 0.18
  212 Y    -3  -3  -2  -4   0  -1  -2  -3   2  -3   0  -4  -2   2  -7  -3  -1  -1   8  -3    3   2   3   2   2   3   3   2   5   2   8   1   1   8   0   2   4   1  45   2  1.38 0.72
  213 L     0   0   0   0   2   0   0  -1   1   0  -1   0   1   0   0   0   0  -2   1   0    5   5   5   5   5   5   5   5   5   5   5   5   5   5   5   5   5   0   5   5  0.03 0.05
  214 V     0   0   0   0   0   0   0  -1   1   0   0   0   1   0   0   0   0   1   0   0    6   5   4   6   2   4   6   4   4   6  10   5   5   3   5   5   7   2   3   8  0.02 0.02
  215 A     2  -1   0   0   1  -1  -2  -1   1  -2  -3  -1   1   1  -1   2  -1   1  -1  -1   18   3   4   6   3   3   3   4   3   2   3   4   3   6   4  17   3   2   3   5  0.21 0.20
  216 P    -2  -3  -2  -2   0  -1  -1  -2   1   0  -3  -2  -1  -1   6  -2  -2   0  -2   0    4   2   3   3   2   3   4   3   3   5   4   3   1   3  41   3   3   1   2   6  0.83 0.59
  217 E    -1  -1   1   1  -6   1   2  -1   3  -1  -2   0  -5   0   2   0   0  -6   0  -1    5   4   6   9   0   6  12   6   7   3   4   6   0   3   9   8   5   0   3   4  0.20 0.18
  218 L    -1   0   0   0   2   0   0  -1   2   0  -1   0   2   1   0  -1   0   4   1  -1    5   5   5   5   5   5   5   5   5   5   5   5   5   5   5   5   5   5   5   5  0.09 0.08
  219 E    -2   0   0   1   1   1   1  -2   1   1  -2   1   0  -1   0  -1  -1   4   0   0    3   5   4   8   3   6  10   4   4   8   5   8   3   3   6   4   4   6   3   6  0.13 0.12
  220 V    -2   0  -6  -1  -1   0  -1  -3   0   4   1  -1   0  -1   0  -2  -2   2  -1   3    3   5   0   3   2   5   4   3   2  19  12   3   3   3   6   3   3   2   2  17  0.33 0.22
  221 E    -2   0   1   2   1   1   2  -3   2   0  -2  -1   1  -1   2  -2  -1   2  -2  -1    4   5   6  11   3   7  12   2   4   5   5   4   3   3   9   3   4   3   2   5  0.17 0.16
  222 E    -1  -1   0   0   1   0   0   0   0   0   0   0   0  -1   2   0   0  -3  -1   0    4   3   4   6   4   5   8   8   3   7   8   4   4   3   9   5   7   0   2   7  0.05 0.06
  223 F    -1  -1   0  -1   1  -1   0  -2   4   2  -1  -1   1   1   0  -1   0   2   1   1    5   4   4   4   3   3   5   3   9  10   5   3   3   7   5   4   7   3   4  10  0.14 0.11
  224 N     0   0   0   0   2   0   0  -1   1   0  -1   0   1   0   0   0   0  -2   1   0    5   5   5   5   5   5   5   5   5   5   5   5   5   5   5   5   5   0   5   5  -0.00 0.06
  225 A    -1   0   0   0   2   0  -1  -1   2   0  -1   0   2   0   0  -1   0   3   1  -1    5   5   5   5   5   5   5   5   5   5   5   5   5   5   5   5   5   5   5   5  0.03 0.09
  226 K    -1   0   0   0   1   0   0   0   1   1  -1   1   0   0  -1   0   0   2   0   1    3   5   3   5   3   4   5   7   3   8   5   7   3   3   3   8   5   3   3  12  0.04 0.05
  227 A     0  -1   1   2   1   0   0   0   2  -1  -2   0   0  -1   0   0   0  -5  -1  -1    7   4   7  12   3   4   6   6   5   3   4   5   2   3   5   8   5   0   3   5  0.07 0.09
  228 P     0   0   0   0   2   0   0  -1   1   0  -1   0   1   0   0   0   0   3  -2   0    5   5   5   5   5   5   5   5   5   5   5   5   5   5   5   5   5   5   0   5  0.05 0.09
  229 N    -1   0   1   2   0   0   0   1   2  -2  -2   0   0  -1   1   0   0  -4  -1  -2    5   5   8  11   2   4   7  10   5   3   4   7   2   2   8   6   5   0   3   3  0.12 0.12
  230 K    -1   0   0   1  -3   2   1  -1   1  -1  -1   1   0  -1   1   0   0  -3  -3  -1    5   5   5   8   0   9   8   5   4   3   7  10   3   2   8   6   7   0   0   5  0.10 0.12
  231 P    -1   0   0   0   2   0   0  -1   2   0  -1   0   1  -2   0   0   0   3   1   0    5   5   5   5   5   5   5   5   5   5   5   5   5   0   5   5   5   5   5   5  0.07 0.11
  232 I     0   0   0   0   2   0   0  -1   1   0  -1   0   1   0   0   0   0  -2   1   0    5   5   5   5   5   5   5   5   5   5   5   5   5   5   5   5   5   0   5   5  0.03 0.05
  233 Q    -1   1  -1  -1   0   1   0  -3   3  -2  -2   1  -1  -2   1   1   3  -4  -1  -1    3   9   3   3   2   8   6   2   8   2   3   7   1   1   8  10  20   0   2   3  0.25 0.25
  234 V    -2  -5  -5  -5   1  -4  -2  -5   2   2   1  -4   1   6   0  -2  -2  -3   1   1    3   0   0   0   3   0   2   0   6  13  12   0   4  33   4   2   3   0   4   9  0.66 0.39
  235 V     1  -1  -1  -2   2  -1  -1  -2  -1   0   0  -2   0   0   3   0   0   1  -1   1   14   4   2   2   4   2   3   3   1   6   7   0   3   5  14   7   7   2   2  12  0.14 0.15
  236 Y    -1   0  -1  -4   3   0  -1  -2   3   0  -2  -3   1   2  -4  -1  -1   2   6  -1    4   6   3   0   6   4   4   3   8   6   3   0   3   6   0   5   3   3  27   3  0.44 0.33
  237 V     0   0  -2  -2   2  -1   0  -3  -2   0   0   0   1   1   1   0   0  -2   1   0    7   7   0   0   7   0   7   0   0   7   7   7   7   7   7   7   7   0   7   7  0.08 0.11
  238 P     0   0   0   0   2   1   0   0   2   0  -1   0  -1  -2   1   0   0  -3   1   0    6   6   6   6   6   6   6   6   6   6   6   6   0   0   6   6   6   0   6   6  0.05 0.08
  239 S     0   0   0   1  -3   1   1  -1   1  -1  -1   0   0  -1   0   2   1  -3   0  -1    5   4   5   8   0   6  10   4   3   4   4   3   4   3   5  16   9   0   3   4  0.10 0.14
  240 H    -1  -4   0  -2  -1  -1  -2  -1   8   0  -3  -4  -4  -1   2  -2  -2   1   2  -2    6   0   4   2   2   2   2   4  43   6   3   0   0   3   9   2   2   2   8   2  1.06 0.60
  241 L    -2  -2  -5  -5   0  -4  -5  -2  -1   2   5  -4   1   0  -5  -3  -1  -4  -3   1    2   3   0   0   2   0   0   3   2  12  52   0   3   4   0   2   3   0   0   8  0.69 0.44
  242 F    -2   2  -1   1  -1   0   3  -3   5  -3  -3  -1  -2   1  -2   0  -2   0   3  -3    2  10   3   9   2   3  22   2  13   1   2   4   1   6   1   6   2   1   9   2  0.42 0.34
  243 H    -3  -1  -2  -2  -6  -2  -5  -6   6  -3  -2  -3  -2   2  -1  -2  -5   1   8  -4    2   4   2   3   0   2   0   0  16   1   4   1   1   8   4   3   0   1  46   1  1.35 0.68
  244 M    -1  -3  -1  -3   1  -1  -3  -3   2   4   0  -3   3   0  -1  -1  -1  -3   1   1    4   0   4   0   4   4   0   0   7  34   5   0  10   4   4   4   4   0   5   7  0.28 0.24
  245 L     0  -2  -2  -2   3  -1   0   0  -2   1   0  -2   2   1   1   0   1  -2  -1   0    8   0   0   0   8   0   8   8   0   8   8   0   8   8   8   8   8   0   0   8  0.09 0.10
  246 F    -1   0   0   0   2   0   0  -1   2   0  -1   0   2   1   0  -1   0   4   1  -1    5   5   5   5   5   5   5   5   5   5   5   5   5   5   5   5   5   5   5   5  0.09 0.08
  247 E    -1   0  -7   0  -8   1   6  -7  -7  -8  -7   0  -7   1  -7   0   0  -7   1  -7    6   5   0   5   0   5  49   0   0   0   1   5   0   5   0   6   5   0   5   0  1.26 0.59
  248 L    -2  -4   0  -4  -4  -2  -4  -3  -4   3   4  -4   2  -1  -1  -2  -1  -4  -1   0    2   0   5   0   0   2   0   3   0  17  48   0   5   2   3   2   3   0   2   5  0.61 0.36
  249 F    -1  -4  -4   0   3  -4  -4  -4  -4   1   4  -4   2   1  -4  -1   0  -3   1   1    6   0   0   6   6   0   0   1   0   6  40   0   5   6   0   5   5   0   5   8  0.47 0.30
  250 K    -1   0  -1  -1  -4   0  -1  -2   1  -1   0   4   0  -1   2  -1  -1  -4   0  -1    3   4   3   3   0   4   3   3   3   3   8  33   3   3   9   3   3   0   4   3  0.31 0.25
  251 N     0  -1   1   1  -2  -1  -1   0   2   0   0   0  -1   1  -2   0  -1  -2  -1   0    9   0   9   9   0   0   1   9   9   9   9   9   0   9   0   9   0   0   0   9  0.04 0.08
  252 S     2  -2  -1  -2   2   0   0   0  -2  -2  -2  -1  -2   0   1   2   0  -2   1  -1   29   0   0   0   5   5   7   7   0   0   1   0   0   4   7  17   5   0   7   5  0.19 0.15
  253 M     0  -2   0   0   2   1   0   0   2   0   0   0   1   1  -2   0   0  -2   1   0    6   0   6   6   6   6   6   6   6   6   6   6   6   6   0   6   6   0   6   6  0.04 0.09
  254 R    -3   5   0  -2   1   0   1  -2   1  -2  -3   1   0  -1  -1  -2   0   2   0  -1    3  26   4   3   3   4   8   4   4   3   3   8   3   3   4   3   6   3   3   4  0.40 0.28
  255 A     5  -2   0  -4   1  -4  -2  -2   1   0  -2  -4  -4  -1  -4   0   0  -5   0  -1   51   3   4   0   2   0   3   3   3   6   3   0   0   3   0   7   4   0   3   5  0.68 0.49
  256 T    -1  -1  -1  -4   1  -1  -2  -2   1  -1  -3  -2  -1  -4  -4   2   5  -5  -1   2    3   3   2   0   2   2   3   3   3   2   2   2   2   0   0  13  40   0   2  12  0.63 0.46
  257 V    -1  -2  -2  -3   0   0  -3  -4  -1   3   1  -3   4  -1  -2  -2  -1  -1  -2   3    6   2   3   1   2   4   1   1   2  17  14   1  11   2   2   3   3   1   1  22  0.41 0.29
  258 E    -2   1   0   1  -7   0   5  -2   1  -1  -2  -1   1  -1  -7   0  -1  -7   1  -2    4   7   5   7   0   4  31   4   3   3   4   4   3   3   0   6   5   0   4   4  0.48 0.34
  259 L    -1   2   2  -2   1   0  -1  -2   4  -2  -1   1   1   0  -1   0   0   2   0  -2    6  10   9   3   3   4   4   3   9   3   6   8   3   4   3   6   7   2   3   3  0.19 0.15
  260 H    -1   0   0   0   2   0   0  -1   2   0  -1   0   2   1   0  -1   0   4   1  -1    5   5   5   5   5   5   5   5   5   5   5   5   5   5   5   5   5   5   5   5  0.09 0.08
  261 E    -1   0   0   0   2   0   0  -1   2   0  -1   0   2   1   0  -1   0   4   1  -1    5   5   5   5   5   5   5   5   5   5   5   5   5   5   5   5   5   5   5   5  0.09 0.08
  262 D    -1   2   1   2   1   0   0  -1   2  -1  -2   0   1  -1   0   0   0   1  -1   0    6  10   5  10   4   4   5   5   4   3   4   7   3   2   4   6   5   2   2   6  0.09 0.09
  263 K     0   0   0   0   2   0   0  -1   1   0  -1   0   1   0   0   0   0  -2   1   0    5   5   5   5   5   5   5   5   5   5   5   5   5   5   5   5   5   0   5   5  0.03 0.05
  264 K    -1   1   0   2   0   0   1   1   0  -3  -3   1  -1  -2   1   2  -1   1  -2  -3    6   7   5  13   2   3   8   9   2   2   3   8   2   2   7  12   4   2   2   2  0.18 0.18
  265 E    -2   0   0   3   0  -1   2  -1   1  -2  -3   0   0  -2   2   1  -2   0  -1  -2    4   5   4  16   2   3  14   5   4   3   3   6   2   2   8  10   3   1   2   3  0.23 0.21
  266 G     0   0   0   0   2   0   0  -1   1   0  -1   0   1   0   0   0   0  -2   1   0    5   5   5   5   5   5   5   5   5   5   5   5   5   5   5   5   5   0   5   5  0.03 0.05
  267 Y     0   0   0   0   2   0   0  -1   1   0  -1   0   1   0   0   0   0  -2   1   0    5   5   5   5   5   5   5   5   5   5   5   5   5   5   5   5   5   0   5   5  0.03 0.05
  268 P    -1   1   0   0   1   0   0  -1   1  -1  -2  -1  -3   0   4   0   0  -4   0  -1    6   8   4   5   3   3   6   4   4   4   5   4   0   4  22   6   5   0   3   5  0.24 0.22
  269 A    -2  -2   0  -1   0  -1  -2  -3   2  -1  -3   0   1  -2   6  -1  -1   1  -2  -1    3   3   4   3   2   2   3   3   4   4   3   5   3   2  38   5   4   2   2   4  0.68 0.47
  270 V    -2  -2  -1  -1  -5  -2  -2  -6  -6   6  -1  -3   0  -2   0  -3  -1  -6  -5   4    3   3   3   4   0   2   2   0   0  39   4   2   2   2   5   2   3   0   0  22  0.82 0.49
  271 K    -1   2   1   0  -2   1   0  -3   2  -1  -2   3  -1  -3   2  -1   0  -1  -1   0    5  10   6   4   1   7   7   2   4   4   3  16   1   1   9   4   5   1   2   7  0.20 0.20
  272 T     0  -3  -2  -6   0  -1  -3  -4  -6   3  -1  -2  -1  -3  -3  -1  -1  -1  -1   5    7   2   2   0   2   3   2   1   0  15   4   3   1   1   2   4   3   1   2  45  0.77 0.50
  273 L    -1   0   0   0   0   0   0  -1   0   1   0   0   0  -1  -1   0   1   3   0   0    4   5   5   5   2   3   7   3   3   8   9   4   3   2   2   7  11   4   3   8  0.04 0.07
  274 V    -2  -2  -1  -2   1  -5  -5  -2  -5   4   0  -5   1   0  -1  -2  -1   2   0   4    3   3   3   3   2   0   0   3   0  23   9   0   3   4   4   2   4   2   4  27  0.52 0.35
  275 T     1  -1  -1  -1   3   0  -1  -1   0  -1  -2  -2   0  -1  -1   2   1  -4   0   1   13   2   3   4   6   4   4   5   3   3   3   2   2   3   3  16  11   0   3  10  0.14 0.18
  276 L    -1   0   0   0   0   1   1  -1   2   0   1   2  -1  -2  -1   0  -1   2  -1  -1    6   5   5   5   2   5   7   4   4   4  13  13   2   2   4   6   3   3   2   4  0.09 0.09
  277 G    -1  -1   2   1  -6  -2  -3   5  -1  -6  -4  -3  -2  -6  -2   1   0   1  -2  -3    4   4   8   7   0   1   1  44   1   0   2   1   1   0   3  11   5   2   2   2  0.76 0.50
  278 K     0   0   2   3  -1   1   2  -1   1  -2  -4   2  -2  -5   2  -1  -1  -5  -2  -2    6   5   8  17   1   5  11   4   3   2   1  12   1   0  10   5   4   0   1   4  0.30 0.26
  279 E     0   0   0   0   2   0   0  -1   1   0  -1   0   1   0   0   0   0  -2   1   0    5   5   5   5   5   5   5   5   5   5   5   5   5   5   5   5   5   0   5   5  0.03 0.05
  280 D    -2  -1   0   4   1   1   1   0   3  -1  -2  -1  -4  -1  -1  -1  -1   2   0  -2    3   4   4  26   3   5   8   6   7   3   3   4   0   3   3   4   4   3   4   3  0.30 0.28
  281 L    -1  -2  -4  -4   2  -4  -1  -5  -4   2   1  -4   2   2  -4  -3   0   1   0   4    3   2   0   0   5   0   4   1   0  13  14   0   4   9   0   1   7   2   3  30  0.48 0.29
  282 S     1  -2  -1  -1   3  -1  -1  -1   0   0  -1  -1   2  -1   0   1   2   1  -1   1   15   2   2   3   8   2   3   3   2   6   4   2   7   3   3   9  13   2   2   9  0.12 0.15
  283 I    -1  -4   0  -4   2  -3  -4  -4  -4   4   1  -3   2   1   0  -3   0  -3  -2   1    5   0   4   0   4   0   0   1   0  33  12   0   5   6   6   0   5   0   0   9  0.35 0.28
  284 K     0   0   1   0   2   1   0  -3   2   0   0   0   1  -2  -3   0   0   4  -2   0    6   6   6   6   6   6   6   0   6   6   6   6   6   0   0   6   6   6   0   6  0.11 0.14
  285 I     0   0  -2  -3   3  -2  -2   0  -2   1   0  -2   2   1  -2  -1   0  -1   2   1    9   9   0   0   8   0   1   9   0   9   9   0   9   9   0   1   9   0   9   9  0.09 0.11
  286 S    -1   0  -1  -1   1  -1  -1  -1   1  -1  -2  -1   0  -1   0   4   1   2  -3  -2    5   5   3   3   3   3   3   5   3   3   4   3   3   3   5  33   7   3   0   3  0.28 0.25
  287 D    -1  -4  -1   7   1   0  -1  -5   2  -2  -1  -1  -5  -5  -5  -2  -2  -6  -5  -2    5   0   2  54   3   5   2   1   5   3   6   4   0   0   0   2   3   0   0   3  1.10 0.55
  288 L     0   0   0  -2   2   0   0   0   2   0  -1   0   1   0   0   0   0  -2   1   0    6   6   5   0   5   5   6   6   5   6   6   6   5   5   6   6   6   0   5   6  0.04 0.08
  289 G     0   0   0   0  -4   0   0   5  -4  -4  -2   0  -4  -5   0   0  -3  -5  -4  -1    9   5   4   6   0   4   5  40   0   0   5   5   0   0   4   7   0   0   0   5  0.52 0.33
  290 G    -1  -1   2  -1   0  -1   0   4   2  -2  -3  -1  -1  -4  -4  -1   1   3  -1  -1    4   3   9   2   2   2   7  33   6   2   3   4   2   0   0   2   8   4   2   4  0.39 0.30
  291 G    -3  -4   0  -3  -4  -3  -1   6  -4  -4  -1  -2   2  -5  -1   0  -3  -5  -5  -1    0   0   5   0   0   0   5  58   0   0   7   2   5   0   3   7   0   0   0   5  0.95 0.48
  292 V     0  -1  -3  -1  -3  -3  -1  -2  -4   4   0  -3   2   0   0   0  -1  -4  -3   1    8   3   0   3   0   0   4   3   0  34   7   0   7   3   5  10   2   0   0  10  0.31 0.26
  293 P     0   2   0  -1  -1  -2  -1   1  -1  -3  -2   0  -4  -5   5   1   1  -5  -4  -3    7  10   4   3   2   1   3  10   1   1   4   4   0   0  32   9   8   0   0   1  0.56 0.33
  294 L     0   0   0   0   2   1   0  -3   2   0  -1   0   1   0   0   0   0  -2   1   0    6   6   5   6   5   5   6   0   5   6   6   6   5   5   6   6   6   0   5   6  0.05 0.09
  295 R     0   1   0   2   0   1   1  -1   1  -3  -2   0   0  -1   0   1   0  -3   0  -2    6   8   4  10   3   5  11   5   4   0   3   6   3   3   3  14   4   0   3   3  0.13 0.16
  296 K     0   0   0   1   0   0   0  -1   1   0   0   1   0  -1  -1   0   0   0  -1   0    6   5   6   8   2   5   5   3   4   9   9  10   3   2   2   6   4   2   2   8  0.03 0.05
  297 I    -1  -1  -1  -2   0   0  -1  -1   0   1   2  -1   3   0  -1  -1   0   2   0   0    5   3   3   2   2   5   4   4   2   9  21   2   9   3   4   3   5   3   4   7  0.10 0.14
  298 D    -1   0   1   3   0   0   2  -2   1  -2  -3   1  -4  -5   3   0  -1  -5  -4  -2    5   6   6  17   2   4  11   3   3   3   3   8   0   0  16   7   3   0   0   2  0.34 0.29
  299 R    -1   2   2   0   0   1   0  -2   3  -4  -1   3   0  -1  -1  -1  -1  -4  -1  -2    5  13  10   5   2   6   4   3   7   0   5  18   3   3   3   4   4   0   2   2  0.24 0.24
  300 L     0  -5  -2  -5   0  -2  -5  -5  -5   4   3  -5   2  -1  -1  -2  -2   1  -1   3    9   0   2   0   2   2   0   0   0  23  24   0   5   2   3   3   2   2   2  18  0.55 0.37
  301 F    -3  -4  -3  -7  -1  -3  -6  -2  -2  -3  -1  -6   1   6  -3  -3  -2  10  -1  -6    3   1   1   0   1   1   0   4   1   1   5   0   3  29   2   2   3  36   2   0  1.80 0.90
  302 N    -2   1   1   1  -1   1   0  -3   2  -2  -3  -1  -2  -3  -4   4   1  -1  -2  -3    3   7   6   9   1   5   5   2   4   2   2   4   1   1   0  34   7   1   1   2  0.42 0.40
  303 Y    -6  -6  -3  -6   1  -5  -6  -6   1  -5  -3  -3  -5   4  -2  -6  -3   4   8  -2    0   0   2   0   2   0   0   0   2   0   2   2   0  14   3   0   2   5  58   3  1.89 0.94
  304 M     0   0   0   0   2   0   0  -1   2   0  -1  -2   1   1  -3   0   0   3   1   0    6   6   5   6   5   5   6   6   5   6   6   0   5   5   0   6   6   5   5   6  0.07 0.12
  305 Y     0   0   0   0   2   0   0  -1   2   0  -1   0  -2   0   0   0   0   3   1  -1    5   5   5   5   5   5   5   5   5   5   5   5   0   5   5   5   5   5   5   5  0.06 0.08
  306 S    -1   0   1   1  -4   0  -1  -1   1  -1  -2   0   0   0   0   3   1  -4  -3  -1    5   4   5   7   0   4   4   5   4   3   3   5   3   4   5  23  10   0   0   4  0.18 0.22
  307 T     0   0   0   0   2   0   0  -1   1   0  -1   0   1   0   0   0   0  -2   1   0    5   5   5   5   5   5   5   5   5   5   5   5   5   5   5   5   5   0   5   5  0.03 0.05
  308 A     2   0  -1  -1   1   1   0  -1   1  -2  -2   1   1  -1   0   1   0   2  -1  -1   17   5   3   4   3   6   5   4   4   3   5   7   3   3   5   9   5   3   3   4  0.10 0.12
  309 P     0   0   0   0  -4   0   0  -1   2  -1  -2   1   1  -1   1   0   0   2  -1  -1    7   6   5   6   0   4   7   4   5   3   4  10   4   3   8   8   6   3   2   3  0.10 0.12
  310 R    -1   1   1   1   0   1   1  -2   1  -2  -2   2   1  -1   0   1  -1   1  -1  -2    5   8   8   7   2   6  10   3   3   3   4  10   3   2   4  10   3   2   2   3  0.15 0.15
  311 P    -1   0   0   0   2   0   0  -1   2   0  -1   0   2   1   0  -1   0   4   1  -1    5   5   5   5   5   5   5   5   5   5   5   5   5   5   5   5   5   5   5   5  0.09 0.08
  312 S    -1   0   0   0  -3   0   0  -1   2   0  -1   0   1   0   0   0   0   3   1   0    5   5   5   5   0   5   5   5   5   5   5   5   5   5   5   5   5   5   5   5  0.06 0.08
  313 L    -1   0   1   1   0   1   1  -1   1  -1   0   0   1   0   0   1   0   1   0   0    4   4   6   7   2   6   8   5   4   3   8   4   4   3   4   9   6   2   3   6  0.04 0.06
  314 E    -1  -1   0   2   0   1   1   0   1  -1  -2  -1   1  -1   0   0  -1   1   0  -1    5   4   5  13   2   7  10   7   4   4   5   4   3   3   6   7   4   2   3   4  0.11 0.12
  315 P     0   0   0   0   2   0   0  -1   1   0  -1   0   1   0   0   0   0  -2   1   0    5   5   5   5   5   5   5   5   5   5   5   5   5   5   5   5   5   0   5   5  0.03 0.05
  316 T     0  -1   0   1   1   0   0   1   1  -1  -2  -1   1  -1  -1   1   1   2   0  -1    8   4   5   7   3   5   7  10   4   3   4   3   4   3   3   9   8   3   3   4  0.07 0.08
  317 R    -1   0   0   0  -3   0   0  -1   2   0  -1   0   1   0   0   0   0   3   1   0    5   5   5   5   0   5   5   5   5   5   5   5   5   5   5   5   5   5   5   5  0.06 0.08
  318 A     1   1   0   0   1   0  -1   1   1  -1  -2   0   1  -1   0   0   0   2   0   0   11   9   5   5   3   4   5   9   4   4   4   5   3   3   5   6   5   3   3   6  0.05 0.06
  319 A    -1   0   0   0   2   0   0  -1   2   0  -1   0   2   1   0  -1   0   4   1  -1    5   5   5   5   5   5   5   5   5   5   5   5   5   5   5   5   5   5   5   5  0.09 0.08
  320 P     0   0   0   0   2   0   0  -1   1   0  -1   0   1   0   0   0   0  -2   1   0    5   5   5   5   5   5   5   5   5   5   5   5   5   5   5   5   5   0   5   5  0.03 0.05
  321 L    -1   0   0   0  -3   0   0  -1   2   0  -1   0   1   0   0   0   0   3   1   0    5   5   5   5   0   5   5   5   5   5   5   5   5   5   5   5   5   5   5   5  0.06 0.08
  322 A     1   1   0   0   0   0   0  -1   1  -1  -1   0   1   0   1   0   0  -3  -1  -1   17   7   4   4   2   4   4   5   4   3   6   4   4   5   8   7   4   0   2   5  0.07 0.10
  323 G    -2   2   0  -1   1   0  -1   4   2  -1  -2  -1   1  -4   0   0  -1   1  -4  -2    2  11   4   4   3   3   4  29   6   3   4   4   4   0   4   7   3   2   0   2  0.32 0.29
  324 F    -1   0   0   0  -3   0   0  -1   2   0  -1   0   1   0   0   0   0   3   1   0    5   5   5   5   0   5   5   5   5   5   5   5   5   5   5   5   5   5   5   5  0.06 0.08
  325 G     0   1  -1   1  -2  -1   0   0   2  -1  -1   0  -1   1   1   0   0  -3  -1   0    8   8   0   8   0   0   8   8   7   0   8   8   0   7   8   8   8   0   0   8  0.07 0.09
  326 Y    -1   0  -2  -1   1   0  -2  -1   2   0   1  -2   1   3   1  -1  -2   4   2  -1    3   6   0   4   3   5   0   4   7   7  12   0   3  14   7   6   0   5   7   4  0.17 0.18
  327 G    -2   0   0   0  -4  -2  -1   5  -3  -4  -4   0   0   1  -3   0   1  -4  -3  -4    1   5   4   4   0   0   5  52   0   0   1   5   3   7   0   5   8   0   0   0  0.67 0.35
  328 L    -3  -3  -4  -4  -3  -3  -4  -4   1   1   5  -3   1   1  -4  -1  -2  -3   1   0    1   0   0   1   0   0   1   1   4   4  62   1   3   6   0   6   1   0   4   5  0.69 0.33
  329 P    -1   1  -2  -4  -1   0  -2  -2   0  -4  -3  -2  -4  -5   7  -2  -2  -5  -4  -3    4   8   2   0   1   4   2   2   2   0   3   2   0   0  64   2   2   0   0   2  1.47 0.55
  330 I     0  -2  -2  -3  -1  -2  -1  -1   1   2   2  -2   3   0  -3   0   1  -2   1   1    7   0   0   0   1   0   5   4   3  11  19   0  13   3   0   5  11   0   6   7  0.16 0.16
  331 S     3  -3  -2  -2   3  -1  -2   0  -3  -2  -1  -2  -2  -1  -2   4   1  -3  -3  -1   26   0   0   0   6   2   1   4   0   0   7   1   0   3   0  38   5   0   0   4  0.44 0.30
  332 R    -2   6  -1   1  -1   0  -2  -2   0  -4  -3   2  -3  -4  -2  -1  -2  -4   0  -4    3  52   2   8   2   3   1   2   2   1   2  11   0   0   1   5   1   0   3   1  0.77 0.37
  333 L     0  -3  -1  -3   1  -1  -2  -2  -2   1   3  -2   1   0  -1  -1   0  -1  -2   1    8   0   3   1   3   2   3   2   1   9  35   1   4   4   2   4   6   1   0  12  0.19 0.15
  334 Y    -1  -3  -3  -4  -4  -2  -3  -3   2   0   1  -3   1   2  -4  -1  -2  -1   7  -2    6   1   1   0   0   1   0   1   4   5  14   0   4   5   0   5   3   0  46   2  0.85 0.42
  335 A     5  -3  -2  -1   3  -3  -2  -1  -3  -1  -2  -3  -1  -4  -3   0   0  -4  -3   0   57   0   1   4   7   0   2   3   0   2   3   0   1   0   0   5   6   0   0   5  0.63 0.38
  336 R    -2   5   1   0  -3   2   3  -3  -1  -3  -2   2  -2  -4  -3  -1  -1  -2  -3  -2    1  34   8   4   1   7  19   1   1   1   4   9   1   0   0   3   2   1   0   3  0.54 0.32
  337 Y    -3  -2  -4  -5  -1  -1  -3  -5   1  -1  -1  -4  -1   2  -4  -2  -2   0   8  -1    1   2   0   0   1   3   1   1   3   3   6   0   2   7   0   3   2   1  59   3  1.31 0.55
  338 F    -3  -4  -3  -5  -2  -4  -5  -3  -4   0   1  -4   1   7  -5  -4  -4   6   0  -1    2   0   1   0   1   0   1   2   0   4  15   0   4  54   0   1   0  10   1   4  1.23 0.50
  339 Q    -1  -2   1   0  -3   1  -1   6   0  -5  -4  -1  -3  -2  -4  -1  -3  -4  -4  -4    2   2   8   5   1   8   3  59   2   0   1   3   1   2   0   2   1   0   0   0  0.93 0.42
  340 G    -1  -2  -3  -3  -5  -1  -4   7  -4  -4  -3  -4  -4  -2  -4  -2  -4  -5  -5  -5    3   2   0   1   0   3   0  80   0   1   3   0   0   2   0   2   0   0   0   0  1.58 0.61
  341 D    -1   0   2   5  -2  -1   1  -1   0  -2  -3   0  -3  -2  -2   2  -1  -1  -3  -3    4   4  10  32   1   1   9   3   2   2   1   4   0   2   1  18   3   1   1   1  0.46 0.28
  342 L    -2  -4  -5  -5  -1  -4  -5  -5  -5   3   5  -4   3   0  -2  -4  -1  -4  -3   0    2   0   0   0   1   0   0   0   0  14  60   0   8   2   2   0   4   0   0   5  0.89 0.43
  343 K    -1   0   1   2  -2   1   2  -1   2  -2  -2   1   0  -2  -1   1   1  -1  -2  -1    4   4   7  13   0   7  13   3   5   1   3  12   3   1   2   9   8   1   0   4  0.18 0.14
  344 L    -2  -4  -5  -5  -2  -4  -5  -4  -3   3   4  -4   3   0  -4  -4  -3  -4  -2   3    2   0   0   0   1   0   0   1   1  15  45   0   7   3   1   0   0   0   1  20  0.77 0.38
  345 Y    -1   1  -1  -2  -1   2  -1  -2   3   1  -1   0   1   0  -3  -1  -1  -1   2   2    2   8   3   1   1  11   3   3   8  10   3   4   5   3   0   5   2   1  10  16  0.15 0.17
  346 S    -1  -4   0  -3  -3  -1  -3  -3  -2  -2  -5  -3  -4  -5   0   6   2  -5  -4  -3    2   0   5   0   1   3   0   1   1   2   0   0   0   0   5  67  10   0   0   1  1.17 0.62
  347 M    -3  -3  -3  -5   0  -2  -3  -2  -2   2   3  -2   7  -2  -5  -3  -1  -2   0   1    1   1   1   0   2   1   2   3   1   9  26   3  35   1   0   1   3   1   3   7  0.80 0.44
  348 E    -2  -2   1   2  -5   1   4  -4   3  -3  -3  -1  -3  -2   2  -2  -2   1   1  -3    2   1   5  12   0   5  36   1   7   1   2   2   0   2  11   2   2   2   5   2  0.59 0.36
  349 G    -3  -3   0  -2  -5  -3  -3   7  -5  -6  -6  -4  -5  -4  -5  -2  -3  -5  -5  -6    1   1   5   2   0   1   2  81   0   0   1   1   0   1   0   2   1   0   0   0  1.80 0.69
  350 V    -3  -2  -3  -3  -2  -2  -2  -4   5   0  -1  -3  -1   2  -5  -3  -2   5   7   0    1   2   1   1   1   1   2   1  13   6   7   1   1   7   0   2   2   8  36   6  0.93 0.45
  351 G    -3  -5  -4  -4   0  -4  -4   7  -2  -6  -6  -4  -5  -5  -5  -2  -3  -5  -5  -4    1   0   0   0   2   0   1  85   1   0   1   0   0   0   0   3   1   0   0   2  1.96 0.72
  352 T    -2  -4  -3  -4   3  -3  -3  -4  -3  -3  -1  -4  -1  -2  -4   1   7  -5  -4   0    2   0   0   0   5   1   1   1   1   1   5   0   2   2   0   9  64   0   0   7  1.20 0.59
  353 D    -4  -3  -1   7  -3  -2   1  -4   0  -5  -5  -3  -5  -2  -4  -2  -1  -3  -4  -5    1   1   1  74   1   1   6   0   2   0   1   1   0   2   0   2   4   0   0   1  1.68 0.67
  354 A     3  -1  -3  -3   0  -3  -3  -2  -4   0  -1  -2  -1  -1  -3   0   1  -4  -2   4   31   3   1   1   2   0   0   2   0   3   3   2   1   3   0   7   8   0   1  32  0.46 0.33
  355 V    -3  -4  -4  -4   0  -3  -4  -3   0   0  -2  -4  -2   4  -4  -3  -1  -1   7   0    2   0   0   1   2   1   1   3   2   5   2   0   1  19   1   1   3   0  47   8  1.22 0.54
  356 I     0  -2  -2  -3   3  -2  -2  -2  -2   1   0   0   2   1   1   0  -1  -2   2   1    9   0   0   0   8   0   1   1   0   9   9   9   9   9   9   9   0   0   9   9  0.12 0.12
  357 Y    -2   0   0  -1   2   1  -1  -2   5  -1  -1   1   0   1  -4  -1   0   3   3  -2    3   5   4   3   4   7   3   3  14   3   6   8   3   7   0   4   6   4  11   3  0.29 0.21
  358 L     0  -2  -2   0   2  -1   0  -3   2   0   0   0   1   1   1   0   0   4  -1   0    7   0   0   7   6   0   7   0   6   7   7   7   6   6   7   7   7   6   0   7  0.11 0.15
  359 K     0   0   2  -1   2   0  -2   0   2  -1  -2   2   0  -1   1   0   0  -3   0  -1    6   5  10   3   5   4   0   6   6   3   3  16   3   3   8   5   6   0   3   6  0.12 0.15
  360 A     1   3   0  -1   1   0  -1   1   3  -2  -2   1  -1  -2  -1   0   0  -4  -3  -2   11  21   3   2   3   2   2  11   7   2   2   8   2   2   2   8   6   0   0   2  0.23 0.23
  361 L    -1  -1  -2  -2  -1  -1  -1  -3  -1   2   4  -2   1   0   0  -2  -2   1  -3   0    6   3   2   2   1   2   4   2   2  12  40   2   2   3   5   2   2   2   0   5  0.33 0.29
  362 S     0  -2   0   2  -4   0   0   3   0  -3  -3  -1  -1  -5   0   2   0   2  -4  -3    6   2   4  12   0   3   6  22   3   2   2   3   2   0   5  18   7   3   0   1  0.33 0.31
  363 S     0  -1   2   2   0  -1   0   0  -1  -2  -2   0  -1  -1  -2   2   2  -4  -1  -1    6   2  11  10   2   2   7   8   1   2   3   5   1   3   1  16  15   0   2   4  0.19 0.22
  364 E    -1   0   2   3   1   1   3  -2   1  -2  -2   1  -2  -5  -4   0  -2  -5  -4  -3    6   3   9  20   3   7  21   2   3   2   4   9   1   0   0   5   2   0   0   1  0.41 0.33
  365 S     3  -2   1  -1   0   2  -2  -1   0  -2  -3  -2  -2  -1   0   3   0   0  -4  -2   29   2   5   4   2   8   2   4   2   2   2   1   1   3   4  19   6   1   0   2  0.35 0.34
  366 F    -1  -1   1  -1   2  -1   1  -2   1   0   0   0   0   2  -2   0  -1   0   1   0    3   3   8   3   5   2  12   2   5   7   8   5   3   9   1   8   2   1   4   9  0.07 0.12
  367 E    -3  -3   0  -1  -7   1   7  -6  -1  -2  -4   0  -6  -7  -3  -1  -3  -7  -6  -5    2   1   4   3   0   5  67   0   2   2   2   4   0   0   2   4   1   0   0   1  1.55 0.86
  368 R    -1   3   2  -2  -1  -2   0  -3   1  -1   1   0  -1  -1   1  -2  -1  -1  -2   2    4  16  10   1   1   1   5   2   4   2  16   4   1   2   8   2   3   1   1  15  0.21 0.24
  369 L    -3  -1  -5  -6  -2  -1  -3  -5   0   1   4  -3   3   0   0  -2  -2   0   0   2    2   3   0   0   1   3   2   1   3   6  43   2   6   4   5   3   2   1   3  12  0.55 0.39
  370 P     0   0   1   0  -3   1   0   0   2   0  -1   0   1  -2   1   0   0  -2   1   0    6   6   6   6   0   6   6   6   6   6   6   6   6   0   6   6   6   0   6   6  0.05 0.08
  371 V    -1   1  -1   0   1   0  -1  -1  -2   1   0   1   0   0   0  -1   0   1   0   1    5  10   3   7   4   3   3   3   0   8   7   8   3   4   5   4   6   3   3  11  0.04 0.07
  372 F     1   0  -1  -3   0  -1  -1  -2   2   1  -1   0   2   3  -2  -1  -1   1   2   0   10   4   3   0   2   2   4   3   5   7   4   6   6  15   2   4   3   2   8   8  0.15 0.17
  373 N    -1  -1   2   1   1   1   1  -2  -1  -1   0  -1   1  -3  -1   1   0  -4  -3   1    4   3  12   8   3   7   8   3   2   3  10   3   4   0   3  11   5   0   0  10  0.12 0.16
  374 K    -1   2   1   1   1   2   1  -2  -1  -2  -2   2   1  -1   1   0   0  -4  -2  -2    5  11   6   6   4   9   9   3   1   2   3  13   4   3   6   6   6   0   1   2  0.15 0.17
  375 S     1   0   1   1   0   0  -1  -3   2  -1  -2  -2   1   1   0   1   2  -4  -1  -1   12   5   6   8   2   3   4   0   5   3   4   1   5   7   4  12  13   0   2   5  0.13 0.19
  376 A     3  -4  -1  -2   0  -3  -1   1  -1  -1  -3  -3  -1  -4   0   3   2  -5  -1  -1   22   0   3   2   2   0   4   9   2   4   2   0   2   0   4  23  14   0   2   4  0.39 0.36
  377 W     0   1  -1  -4   0  -1  -1   0   0  -3  -2   1   1  -2   2   1   1   6   0  -4    8   8   2   0   2   2   4   6   3   1   4   8   4   1  12  10   9  11   4   0  0.32 0.29
  378 R     0   3  -1  -2  -5   2   2   0  -3  -2  -3   3  -1  -3  -4   1  -3  -5  -4  -1    7  17   2   2   0   7  16   6   0   2   3  21   1   1   0  10   0   0   0   4  0.44 0.37
  379 H    -2   0   2   0  -5   1   0  -2   5  -3  -2   1   2   1   1   0   0  -4   2  -3    2   4   9   5   0   6   5   3  13   1   4   7   6   5   7   7   5   0   9   1  0.27 0.26
  380 Y    -2   0  -3  -3  -5   1   1  -1   0  -1   0  -3  -1   0  -5  -2   0  -3   7  -2    3   5   1   1   0   6   8   4   2   3  11   1   2   2   0   3   6   0  38   2  0.75 0.52
  381 K    -1   1   1   2  -4   2   2  -3  -1  -1  -3   1  -2  -1  -1   2   0  -4  -1  -3    5   8   5  11   0   8  15   0   1   4   1  10   1   3   3  15   7   0   2   1  0.26 0.26
  382 T     2  -1   1  -2   0   0  -1  -1   1  -1  -3   0   1  -1   0   3   2  -4  -3   0   15   2   8   1   2   3   3   4   3   3   1   5   4   2   4  24  11   0   0   6  0.23 0.27
  383 T     0   1   1   0  -4   2  -1   1   0  -2  -3   0  -1  -4   2   1   2   1  -3  -1    5   7   8   4   0   9   3  10   3   1   2   4   1   0   9  12  15   2   0   5  0.21 0.23
  384 P    -1  -1   1   0  -1   1   1  -3   2   0  -1  -1  -2  -4   4   0  -1  -4  -1   0    4   3   7   5   2   6  10   2   5   5   5   4   1   0  25   5   3   0   2   7  0.35 0.28
  385 E    -1   1   0  -1  -4   2   2   0   1  -3   0   0  -2  -4   3   0  -1  -4  -2  -1    3   7   4   2   0  12  17   8   4   1   9   4   1   0  14   9   2   0   1   4  0.26 0.26
  386 A     3  -2   0  -1   1   0  -3   0  -3   0  -1  -1   1  -3   0   0   1   0  -3   2   28   1   4   3   3   4   0   6   0   6   3   4   4   0   4   5   8   2   0  14  0.20 0.24
  387 D     1  -1   0   4   1   0  -2   1   0  -4  -4   1  -3  -4   2   1  -2  -4  -2  -3   13   4   3  25   3   3   1  11   2   0   1   7   0   0  11  10   2   0   1   2  0.38 0.29
  388 D    -4  -2   1   7  -5  -2  -1  -1  -4  -2  -5  -3  -5  -5  -1   0  -1   0  -5  -2    1   2   4  64   0   2   2   5   0   2   1   1   0   0   3   6   3   2   0   3  1.28 0.61
  389 W    -2  -2  -3  -6  -5  -2  -5  -5  -5  -1  -2  -2   3   0   0  -5  -5  11  -1  -2    4   2   2   0   0   2   0   0   0   4   5   2   7   3   5   0   0  59   1   2  2.34 0.87
  390 S     0  -1  -2  -2   4  -3  -1  -2  -1  -2  -2  -3  -3  -4  -3   4   3  -5  -4   0    7   4   0   2  10   0   4   3   2   2   3   0   0   0   0  33  23   0   0   7  0.52 0.39
  391 N    -1  -1   1   1  -2  -1  -2   0   3  -2  -2  -2  -2   0  -1   3   1  -4  -2   0    4   2   8   9   1   3   1   7   8   2   4   0   0   6   2  26  10   0   0   8  0.22 0.24
  392 P    -3  -1  -1  -1  -2   0  -3  -3  -2  -1  -3   1  -4  -1   7   1  -3  -5  -2  -1    1   3   3   3   1   5   0   1   1   5   2   8   0   2  49  11   0   0   2   4  0.99 0.50
  393 S    -1  -1  -1  -3  -3  -3  -3   1  -4  -1  -2   0  -3  -4   1   4   3  -5  -4  -1    2   3   1   0   0   0   0  11   0   3   3   4   0   0   5  43  19   0   0   5  0.57 0.41
  394 S    -1   0  -1  -2  -3   0   0  -2   2  -2   0   1  -2  -2   1   3   3  -4  -2  -2    2   5   2   0   0   4   5   2   5   2   9   8   0   1   8  24  21   0   1   1  0.28 0.25
  395 E    -2   0   0   0  -1   2   2  -1   0  -3  -1   0  -2   1   0   1   1   0  -1  -3    0   5   4   4   1  12  19   5   2   0   5   6   0   7   5  11   9   1   2   0  0.20 0.19
  396 P     0   1   0  -2  -4  -2  -2  -2   1   1   0   0  -3  -4   6   0  -2  -5  -4  -3   10   8   4   1   0   0   2   2   4   9   8   7   0   0  36   8   1   0   0   0  0.63 0.34
  397 R    -2   2   1  -1  -4   3   0  -1  -1  -2  -1   3  -2  -4   0   1   0  -4  -3  -1    0  12   5   3   0  13   3   4   1   2   6  21   0   0   4  12   7   0   0   6  0.25 0.22
  398 D     0   0   2   3  -4   0   0  -3   1  -3  -2   0  -1  -4   2   2  -1  -5  -3  -3    9   6  10  22   0   4   2   0   4   1   4   5   1   0  10  19   3   0   0   0  0.37 0.26
  399 A     2  -3  -1   0   0  -2  -2  -3   0   1   0  -1   2  -2  -2   1   2  -4  -3   2   20   0   2   5   1   0   0   0   3   8   7   4   6   1   1  13  15   0   0  15  0.19 0.20
  400 S     0   2   1  -1   0   0  -2   1  -1  -4  -4   0  -3   0  -1   4   0  -4  -3  -2    8  13   5   3   2   3   0  12   1   0   0   4   0   5   3  36   3   0   0   3  0.35 0.28
  401 K     0   2  -2  -3  -4   3  -1  -3   3  -2  -3   3  -2   0   0   0   2  -4  -2  -1    6   9   1   0   0  16   0   1   7   2   0  23   0   6   5   6  15   0   0   4  0.36 0.29
  402 Y    -1   1   2  -3  -4   0  -2  -1   1  -3  -1   0   0   2  -2   0  -1  -2   5  -3    6   8  14   0   0   3   1   4   4   0   4   4   3   9   2   7   4   0  28   0  0.38 0.28
  403 K     0   3   1   0  -1   0   1  -3   0  -4  -4   3  -3  -4   2   2  -1  -4  -3  -3    7  20   7   3   1   2   8   0   2   0   0  19   0   0  10  17   3   0   0   2  0.40 0.25
  404 A     2   0  -2  -2   1  -2   0  -3  -3  -1  -2  -1   1  -3  -1   1   1   4  -2   2   18   6   0   1   3   0   9   0   0   1   0   1   4   0   2  14  11   7   1  23  0.25 0.24
  405 K     0   0   1  -2  -3   2   1  -2   2  -3  -2   3   0  -1  -1   2   0  -4  -2  -3    8   4   7   0   0   8   6   0   6   0   4  25   3   3   2  21   3   0   0   0  0.29 0.21
  406 Q    -1   1   1  -1  -3   3   2   1  -1  -3  -3   1   0   0   0   1  -1  -3   0  -2    4   7   6   0   0  17  17   9   0   0   0   8   3   6   4   9   3   0   3   3  0.21 0.15
  407 D     2   0   2   2  -3   1   1   0  -2  -3  -3   2  -2  -2  -2   1   0  -4  -1  -2   26   2  10  11   0   5   8   4   0   0   0  17   0   2   0   8   6   0   2   0  0.27 0.17
  408 K     1   0   0   0  -3   1  -1  -2   1  -2   0   3  -2  -3   1   2  -1  -4  -2  -1   10   2   3   5   0   6   0   0   4   0  10  23   0   0   5  25   0   0   0   5  0.22 0.16
  409 I     0   0   0  -2  -2   1   0  -2   1   0   0   2   2  -2   0   0   1  -3  -2  -1   11   3   3   0   0   6   5   0   4   6  13  16   9   0   5   4  13   0   0   1  0.11 0.09
  410 K    -1   4   0  -2  -4   1  -1  -3   3  -4  -3   4   0  -3  -3  -1   0  -3   1  -3    6  29   3   0   0   4   0   0  10   0   0  35   3   0   0   0   5   0   5   0  0.56 0.23
  411 S     3  -2   0   0  -2  -2  -2   1  -3  -3  -3  -2  -2  -4   4   0   2  -4  -3  -2   39   0   4   7   0   0   0   7   0   0   0   0   0   0  23   4  17   0   0   0  0.52 0.18
  412 N     0  -1   6   0  -3  -1  -1  -2   0  -4  -4   0  -3  -4  -3   3  -1  -5  -3  -3    4   0  54   0   0   0   0   0   2   0   0   6   0   0   0  34   0   0   0   0  0.79 0.25
  413 R    -1   5  -1  -2  -4   0  -1  -3  -1  -4  -3   3  -2  -4  -2   2  -1  -4  -3  -3    0  55   0   0   0   0   0   0   0   0   0  25   0   0   0  21   0   0   0   0  0.76 0.19
  414 T    -1   1   2   4  -3   1   2   0  -1  -3  -3   0  -2  -4  -2   1   1  -4  -3  -3    0   9  10  31   0   7  12   7   0   0   0   0   0   0   0   9  16   0   0   0  0.38 0.08
  415 F    -2  -3  -3  -4  -3  -3  -3  -4   0  -1   2  -3   0   4  -4  -3  -2   1   6  -1    0   0   0   0   0   0   0   0   0   0  23   0   0  25   0   0   0   0  52   0  0.72 0.10

                      K         Lambda
Standard Ungapped    0.1370     0.3198
Standard Gapped      0.0336     0.2670
PSI Ungapped         0.1097     0.3175
PSI Gapped           0.0336     0.2670
