
Last position-specific scoring matrix computed, weighted observed percentages rounded down, information per position, and relative weight of gapless real matches to pseudocounts
            A   R   N   D   C   Q   E   G   H   I   L   K   M   F   P   S   T   W   Y   V   A   R   N   D   C   Q   E   G   H   I   L   K   M   F   P   S   T   W   Y   V
    1 M    -3  -4  -4  -5  -4  -3  -4  -5  -4  -1   0  -4  10  -2  -5  -4  -3  -4  -3  -1    0   0   0   0   0   0   0   0   0   0   0   0 100   0   0   0   0   0   0   0  2.17 0.49
    2 R    -3   7  -1  -3  -2  -1  -2  -2  -2  -5  -3   1  -3  -5  -4  -1  -3  -5  -4  -4    0  87   1   0   1   0   0   3   0   0   2   3   0   0   0   3   0   0   0   0  1.52 0.41
    3 E    -3  -2  -2   2  -6   1   7  -1  -2  -5  -5  -1  -4  -5  -3  -1  -3  -5  -4  -5    0   0   0   7   0   2  86   4   0   0   0   0   0   0   0   1   0   0   0   0  1.41 0.41
    4 I    -2  -5  -5  -5   6  -4  -5  -5  -5   6   0  -4  -1  -2  -4  -4  -2  -4  -2   3    1   0   0   0  17   0   0   0   0  62   2   0   0   0   0   0   1   0   1  15  1.04 0.34
    5 V    -1  -4   0  -4   3  -4  -4  -4  -4   5   1  -4   0  -2  -4  -3  -2  -4  -3   4    3   0   6   0   7   0   0   0   0  41  10   0   1   0   0   0   0   0   0  31  0.62 0.25
    6 H    -1  -2   1  -2  -1   0  -2  -2   7  -2  -3  -2  -3  -1  -3   3   1  -4  -1  -2    1   0   4   0   1   3   0   1  37   2   2   0   0   3   0  32  11   0   1   2  0.76 0.32
    7 I    -2  -4  -4  -4  -1  -3  -4  -4  -4   5   3  -3   1   0  -4  -3  -1  -3  -2   3    1   0   0   0   1   0   0   0   0  45  25   0   2   3   0   0   1   0   0  18  0.60 0.21
    8 Q    -2  -1   2  -2   0   5  -1  -3   7  -4  -3  -1   0  -2  -1  -1  -2  -4  -1  -4    3   0   9   0   2  39   0   0  34   0   1   0   2   2   3   2   0   0   0   0  0.97 0.34
    9 A     2  -3  -3  -4   1  -3  -3  -2  -3   3   0  -3   0   0  -3  -2  -1  -3  -2   3   21   0   0   0   4   0   0   3   0  27   6   0   1   3   0   0   3   0   0  31  0.36 0.18
   10 G    -2   0  -2  -3  -4  -3  -4   7  -4  -5  -5  -3  -4  -5  -4  -2  -3  -4  -5  -5    0   5   0   0   0   0   0  91   0   0   0   0   0   0   0   0   0   0   0   0  1.74 0.42
   11 Q    -2   0   0  -2  -5   8   0  -1   1  -5  -4   0  -3  -5  -3  -1  -3  -4  -3  -4    2   2   3   0   0  76   0   5   3   0   0   4   0   0   0   3   0   0   0   0  1.37 0.48
   12 C     4  -3  -3  -3   7  -3  -3   0  -3  -3  -3  -3  -3  -2  -3   0   0  -4  -3  -2   45   1   0   1  30   0   1   5   0   1   1   1   0   2   1   4   7   0   0   1  0.90 0.32
   13 G    -2  -4  -2  -3  -4  -3  -1   7  -3  -5  -5  -3  -4  -4  -3  -1  -3  -4  -4  -4    1   0   0   1   0   0   5  83   0   0   1   1   0   0   0   4   1   0   0   1  1.51 0.42
   14 N    -1  -3   5  -1   2  -2  -2  -2  -2   2  -2  -2  -2  -3  -3  -1   0  -4  -3   2    6   0  42   2   5   0   1   2   0  13   2   1   0   0   0   1   4   0   0  19  0.52 0.26
   15 Q    -2   0   1  -2  -4   7   0  -3   0  -4  -3   0  -2  -4  -1  -1  -1  -3  -3  -2    3   4   7   1   0  63   3   1   2   1   1   4   0   1   2   3   2   0   0   2  1.01 0.37
   16 I    -1  -4  -4  -4   1  -4  -4  -4  -4   5   1  -4   3   0  -4  -3   0  -4  -3   3    4   0   0   0   3   0   0   1   0  42  10   0   7   3   0   1   5   0   0  20  0.71 0.30
   17 G     1   0  -3  -3  -4   0  -3   6  -3  -5  -5   0  -4  -5  -4   0  -3  -4  -4  -4    9   5   0   1   0   5   1  61   0   0   1   5   0   0   0   7   1   0   0   1  1.06 0.42
   18 T     0   0   4   0  -3   0   0   0   1  -1  -2   0   0  -1  -3   1   0  -3   1  -2    7   4  24   3   0   3   6   7   3   4   3   4   3   3   0  10   7   0   6   0  0.21 0.21
   19 K     0   1   1   1   2   1   0   0   2   0  -2   0  -2  -3   1   0   0  -3  -2   0    7   7   7   7   6   7   7   7   6   7   1   7   0   0   7   7   7   0   0   7  0.10 0.11
   20 F    -2  -6  -6  -6   9  -6  -6  -6  -6  -1  -3  -6  -4   7  -6  -4  -4  -4  -2   0    4   0   0   0  39   0   0   0   0   3   2   0   0  39   0   1   1   0   1   7  2.00 0.74
   21 W    -7  -7  -5  -8  -2  -7  -5  -7  -7  -7  -2  -7  -6  -4  -8  -7  -7  13  -1  -7    0   0   1   0   1   0   1   0   0   0   5   0   0   0   0   0   0  88   1   0  4.44 1.38
   22 E    -4  -2  -3  -2  -7   1   7  -5  -3  -6  -2  -1  -6  -7  -4  -2  -4  -6  -6  -6    1   1   1   1   0   6  76   1   1   0   4   4   0   0   1   3   1   0   0   0  1.80 0.81
   23 V    -2  -3  -4  -5  -4  -1  -3  -3  -4   0   5  -5   2  -3  -5  -3   2  -5  -2   2    4   1   1   0   0   3   1   2   0   3  50   0   4   0   0   1  12   0   1  16  0.77 0.43
   24 I    -4  -1  -6  -3  -5  -5  -6  -6  -4   5  -1  -5  -2   3  -6  -5  -4  -3   7   0    1   3   0   2   0   0   0   0   0  29   6   0   1  11   0   0   1   0  39   5  1.40 0.62
   25 S    -1  -4  -3  -6   9  -5  -6  -1  -3  -4   0  -5  -2  -5  -6   3  -1  -6   0  -4    5   1   1   0  47   0   0   5   1   1   8   0   1   0   0  21   4   0   4   1  1.63 0.70
   26 D    -2  -2  -2   3  -5   0   0  -1   0  -1   4  -2   0  -3  -4  -3  -3  -5  -2  -2    4   2   2  16   0   5   5   4   2   3  49   2   1   0   1   1   1   0   1   1  0.60 0.39
   27 E    -5  -1  -5  -3  -7  -2   8  -4  -5  -7  -7  -4  -6  -7  -6  -5  -5  -7  -6  -6    0   3   0   0   0   1  89   2   0   0   0   0   0   0   0   0   0   0   0   0  2.48 1.02
   28 H    -6  -2  -3  -6  -7  -2  -5  -6  11  -7  -7  -6  -6  -6  -7  -4  -6  -7  -4  -7    0   3   1   0   0   2   0   0  88   0   1   0   0   0   0   2   0   0   0   0  3.69 1.29
   29 G    -1  -2  -1  -4   1  -5  -4   7  -2  -7  -7  -5  -6  -7  -6  -2  -5  -6  -6  -6    5   3   3   1   3   0   1  79   1   0   0   0   0   0   0   3   0   0   0   0  1.93 0.81
   30 I    -5  -3  -7  -7  -5  -6  -7  -7  -7   8   2  -6  -1  -3  -3  -6  -5  -6  -5   1    0   2   0   0   0   0   0   0   0  69  16   0   1   1   2   0   0   0   0   7  1.85 0.80
   31 D    -3   0   2   4  -3   4   0   0  -2  -5  -2   0  -2  -5  -4  -1   0  -5  -1  -5    2   4  10  27   1  22   4   7   1   0   4   6   1   0   0   4   6   0   2   0  0.64 0.44
   32 Q     0  -3  -2  -4  -3   0  -1  -4   0  -5  -3  -1  -3  -5   7   0  -3  -7  -4  -3    7   2   2   1   1   5   5   2   2   1   4   4   1   1  54   8   2   0   1   2  1.30 0.72
   33 A    -1  -4   3   7  -2  -3  -1  -4  -5  -7  -6  -4  -4  -5  -2   0   1  -7  -4  -4    5   1  11  57   1   1   3   1   0   0   1   1   0   1   3   6   7   0   1   1  1.39 0.74
   34 G    -2  -7  -6  -3  -1  -7  -7   8  -7  -8  -8  -6  -7  -8  -7  -5  -6  -7  -8  -8    3   0   0   2   2   0   0  92   0   0   0   0   0   0   0   0   0   0   0   0  2.61 1.11
   35 G    -2   2   0  -3   1   3  -1  -3   2   0  -1   0   0   0  -4   0   2  -1   0   0    3  10   5   1   3  14   2   1   5   6   6   5   2   5   0   7  17   1   3   5  0.21 0.23
   36 Y    -2   0  -5  -4   0  -5  -5  -6  -2   1   2  -4   6   2  -1  -4  -2   1   5   0    3   5   0   1   2   0   0   0   1   7  20   1  21   7   4   1   2   2  20   5  0.80 0.50
   37 V    -1  -1   0   0   2   1  -1  -3   2   0  -1   0   0  -1   3   0  -1   0   1  -1    4   3   5   5   5   6   4   1   6   6   6   6   3   3  17   6   3   1   5   4  0.17 0.17
   38 G     0  -1  -1   2  -2   0   1   3  -3  -3  -5   0  -4  -5   2   2   0  -5  -2  -3    8   3   2  11   1   3   8  24   0   1   1   5   0   0   9  15   6   0   2   1  0.37 0.30
   39 D    -2  -4   3   5  -2   0   2   0  -1  -3  -5   0  -5  -3  -4   0   1  -6  -5  -3    3   0  13  33   1   4  13   8   1   2   1   6   0   1   0   6   7   0   0   2  0.65 0.43
   40 S    -1  -1   1   0   0   0   0  -2   1  -2  -2   2  -3  -2   0   2   0  -1   1  -2    5   3   6   6   2   4   6   2   3   3   4  15   0   1   5  21   6   1   4   2  0.19 0.21
   41 A     0  -2   1   3  -2   1   2  -1  -1  -2  -2   0  -2  -3   1   0   2  -4  -2  -2    9   2   5  17   1   6  13   4   1   2   3   6   1   1   7   7  12   0   1   3  0.23 0.22
   42 L     0  -1   0   0  -1   1   0  -1  -1   1   2   0   0  -1   0   0  -1  -3  -2   0    7   3   5   6   1   6   6   4   2  12  21   4   2   1   4   8   3   0   1   6  0.06 0.09
   43 Q    -2  -1  -2   1   3   4   1   2   1  -2  -3   0  -3  -3   0   0  -1  -4  -2  -2    3   2   2   6   7  24   9  15   4   2   2   5   0   1   4   8   3   0   1   4  0.38 0.33
   44 L    -2   0   1   4   0   0   1  -2   0  -1   1  -1  -1  -2  -2   0  -2  -4  -1  -2    3   5   6  27   3   4   8   3   2   3  18   2   1   1   2   6   2   0   2   2  0.26 0.24
   45 E    -2  -2   1   4   2   1   3  -1   0  -1  -4  -2  -1  -2  -1   0  -2  -4  -1  -3    3   2   5  24   5   7  24   5   2   4   1   0   2   2   3   7   2   0   2   2  0.43 0.33
   46 R     0   2   1   0   1   0   0   0   0  -4  -4   0  -1  -1   0   3   0  -4   0  -3    6  15   7   4   3   4   4   6   2   0   1   5   2   2   4  26   5   0   4   0  0.27 0.26
   47 I    -1  -1  -1  -3   2   0  -2  -2   0   1   1  -3   1   5   0  -1   0  -2   1   0    4   3   2   0   5   4   2   3   2  10  11   0   3  27   5   4   6   0   4   4  0.26 0.23
   48 S    -1   0   3   1   2   1   1   1   1  -3  -3  -1  -3  -3  -1   1   0   1   0  -2    3   4  15   8   5   6   9   9   3   0   2   2   0   0   3  13   7   2   4   3  0.20 0.20
   49 V     0   1   1  -2   3  -1  -2   0  -2   0   0   0   1  -2   1   0   1  -3  -2   0    8   8   7   0   7   0   0   8   0   8   8   8   7   0   8   8   8   0   0   8  0.08 0.10
   50 Y    -4  -4  -1  -1  -4  -4  -4  -4   2  -1  -2  -4  -3   7  -5   0  -3  -2   6  -3    1   0   3   4   0   0   1   1   5   3   3   0   0  42   0   7   0   0  29   1  1.19 0.47
   51 Y    -4  -4  -4  -5  -4  -4  -4  -5   2   0  -1  -4   2   7  -5  -4  -1  -2   4  -3    1   0   0   0   0   0   1   1   5   4   4   0   4  57   0   1   4   0  15   1  1.39 0.51
   52 N    -1  -1   3   1   0   2   0  -2   3  -2  -2   0  -1   1  -3   2   1  -3   1  -2    2   2  17   7   2   9   5   1   7   2   2   5   1   7   0  17   8   0   4   2  0.24 0.19
   53 E    -1   0  -2   0   2   1   4  -2   1  -1  -3   0   1   1   0  -1  -1  -4  -3  -1    4   5   0   4   5   4  37   3   3   4   1   4   4   7   3   3   4   0   0   4  0.34 0.29
   54 S     0   1   1   1  -2  -1  -1   0  -2   0   0   0   1  -2   1   0   0  -3  -2   0    8   8   7   8   0   0   0   8   0   8   8   8   7   0   8   8   8   0   0   8  0.07 0.09
   55 S     1   1  -1   0  -1   0   0   2  -1  -3  -3  -1  -1  -3   0   2   2  -4  -2  -2   10   7   1   4   1   2   5  20   1   1   1   2   2   0   4  22  13   0   1   3  0.25 0.18
   56 S     1   0   1   0  -1   0   0   2   3  -3  -2   0  -2  -3  -1   2   0  -3  -2  -2   13   4   5   5   2   3   4  19   8   1   4   6   0   1   1  18   4   0   1   1  0.20 0.14
   57 K    -1  -1   1  -1  -1   0   0   5   0  -3  -1   0   0  -4  -2  -1  -2  -4  -3  -3    2   3   8   1   1   5   6  48   2   0   6   5   3   0   1   4   1   0   0   1  0.54 0.25
   58 K    -2   4   1  -2  -4   2  -1  -2  -1  -3  -3   5  -2  -4  -2  -1   0  -4  -3  -3    1  21   7   0   0   9   1   2   1   1   2  45   1   0   1   2   5   0   0   1  0.75 0.35
   59 Y    -2  -1  -2  -4  -1  -2  -3  -4   4  -2   0  -2  -1   4  -4  -3  -3   1   7  -2    2   4   1   1   1   1   1   1  12   1   8   1   1  16   1   1   1   1  43   2  0.92 0.35
   60 V    -1  -2  -3  -4  -1  -2  -3  -4   2   3  -1  -3   0   0  -3  -2  -1  -3  -1   5    2   2   1   1   1   1   1   1   6  13   1   1   1   4   1   3   2   0   2  58  0.63 0.30
   61 P     0  -4  -3  -3  -4  -3  -3  -4  -1  -4  -2  -3  -4  -2   8  -2  -3  -4  -4  -4    6   1   0   1   0   0   1   1   2   1   5   1   0   2  76   2   1   0   0   1  1.90 0.49
   62 R    -3   7  -1  -3  -1  -1  -2  -4  -1  -4  -4   0  -3  -4   1  -3  -3   1  -3  -4    1  78   2   1   1   0   1   1   1   1   1   1   0   0   7   1   1   2   0   1  1.43 0.47
   63 A     5  -1  -1  -3   1  -2  -2  -1  -3  -2  -1  -2  -2  -3  -2   2   0  -4  -3   0   55   4   2   0   3   0   1   2   0   0   7   1   0   0   1  13   5   0   0   4  0.50 0.29
   64 A    -1   0  -3  -4   0  -3  -3  -3  -4   4   1  -3   0  -2  -3  -1  -2  -3  -2   4    4   6   0   0   2   0   1   1   0  36   9   1   1   0   0   4   1   0   0  32  0.50 0.26
   65 L    -2  -3  -2  -4   1  -1  -3  -4  -3   0   4  -3   2   4  -4  -3  -2   1   1  -1    2   0   3   0   3   4   1   1   0   2  48   1   5  20   0   1   1   2   4   3  0.53 0.27
   66 V     0  -3  -3  -3   2  -3  -3   0  -3   2   1  -3   1  -1  -3  -2   0  -3   1   4    5   0   0   0   4   0   1   8   0  14   9   1   2   1   0   2   4   0   6  41  0.34 0.21
   67 D    -4   0   0   7  -5  -2   0  -3  -3  -4  -2  -2  -4  -4  -1  -2  -3  -5  -2  -4    1   6   2  76   0   0   3   1   0   0   4   0   0   0   3   1   0   0   2   1  1.44 0.51
   68 L    -1  -3  -4  -4  -3  -3  -4  -4   2   1   5  -3   0   1  -4  -1   0  -3  -2  -1    5   0   0   0   0   0   0   1   5   5  65   0   0   5   0   6   5   0   0   0  0.67 0.35
   69 E    -3   0  -2   4  -5   0   6  -4   1  -5  -5   0  -4  -2  -3  -1  -3  -5  -4  -4    0   5   0  23   0   2  58   0   3   0   0   3   0   2   0   3   0   0   0   0  1.12 0.50
   70 P     0   0  -3  -2  -1  -1  -2  -2  -1  -3  -4  -1  -4  -5   7   0  -1  -5  -4  -3    6   6   0   1   2   3   2   3   1   1   0   3   0   0  59   7   3   0   0   1  1.30 0.49
   71 G     0   0   0   2  -3  -2   0   3  -2  -3  -3   0  -2  -3   0   2   2  -3   0  -3    4   5   3  11   0   0   4  27   0   1   0   4   1   0   3  16  15   0   4   0  0.32 0.21
   72 T    -1  -3  -2  -2   0  -3  -3   0  -3   0  -1  -3  -2  -1   0   1   4  -4  -2   3    3   0   0   2   1   0   0   8   0   4   5   0   0   2   5   8  31   0   1  28  0.36 0.28
   73 M     0  -2  -3  -4   2  -1  -3  -1  -1   4   2  -2   5  -2  -3  -1  -1  -3  -3   1    7   2   0   0   4   2   0   4   2  30  15   2  17   0   0   4   3   0   0   5  0.36 0.26
   74 D    -1  -2   2   5  -4   1   1   0   1  -4  -4   0   0  -4  -3   0  -2  -4  -1  -4    6   0  12  43   0   5   8   7   3   0   1   4   3   0   0   4   0   0   3   0  0.61 0.32
   75 S     1   0   0   0  -2   0   2   0   0  -2  -1   0   0  -3  -1   2   0  -3  -1  -1   16   4   3   2   0   3  18   5   2   0   6   4   2   0   3  23   3   0   3   3  0.18 0.17
   76 V    -1  -3  -1  -3   1  -3  -3  -2  -3   3   2  -3   1   0   0  -2  -1  -3  -2   3    4   0   4   0   3   0   0   4   0  17  16   0   3   4   6   1   3   0   0  33  0.30 0.22
   77 R    -1   7  -3  -4  -1   2  -3  -3   1  -2  -2   1   0  -3  -3  -3  -3  -5  -1  -4    5  56   1   0   2   8   0   2   3   3   4   7   2   1   1   1   1   0   2   0  1.04 0.55
   78 S     1  -2   1  -2   0   0  -2   0  -1  -3  -2  -1  -1  -2  -3   4   3  -4  -3  -1   10   2   6   1   2   3   1   8   2   1   2   4   2   1   0  30  21   0   0   5  0.39 0.32
   79 G    -1  -4   1  -2  -2  -2  -4   6  -4  -5  -3  -4  -5  -5  -4   3  -1  -5  -5  -5    4   0   6   2   1   2   0  56   0   0   3   0   0   0   0  20   3   0   0   0  1.11 0.55
   80 P     0  -2  -1  -2  -1  -1   0   0  -3  -1  -2   0  -2  -4   5   0   2  -4  -1  -2    6   2   2   1   1   2   5   7   0   4   3   7   1   0  32   6  15   0   3   2  0.54 0.33
   81 F    -3   0  -2  -4  -1  -3  -4  -2   2   0   1  -4   0   4  -5  -3  -2   1   7  -2    1   6   2   1   1   1   0   3   4   4  12   0   2  17   0   2   2   1  39   2  0.90 0.46
   82 G    -2   4  -1  -1   1  -2  -1   5  -2  -4  -4   1  -4  -4  -4  -1  -3  -4  -1  -2    1  23   2   3   3   1   4  40   1   0   1   9   0   0   0   5   1   0   2   3  0.68 0.39
   83 Q    -1   1   1   0   2   4   1  -1   1  -4  -2   2  -2  -4  -2   1   0  -4  -2  -2    2   7   6   4   6  21   8   5   4   0   3  12   1   0   2  11   6   0   1   2  0.31 0.25
   84 L    -3  -4  -4  -5  -4  -4  -4  -2  -4   2   5  -2   1   1  -3  -1  -2   0  -3  -1    0   0   0   0   0   0   0   4   0  11  58   2   3   4   2   5   3   1   0   3  0.73 0.42
   85 F    -5  -5  -5  -6  -5  -5  -5  -1  -2  -1  -1  -5  -3   8  -6  -5  -5  -3   3  -1    1   0   0   0   0   0   0   5   1   2   5   0   0  69   0   0   0   0   8   4  1.79 0.71
   86 R    -3   4   2   0   0  -1   0  -2   6  -4  -2   0  -3  -1  -3   0   0   1  -2  -4    1  26   9   5   2   2   4   3  21   0   3   5   0   3   1   5   5   2   1   0  0.57 0.38
   87 P    -2  -2  -2  -4  -5  -1  -4  -5  -1  -5  -2  -4  -1  -1   7   1  -2  -5  -2  -5    3   2   1   0   0   3   0   1   1   0   4   0   2   3  63  11   3   0   2   0  1.60 0.72
   88 D    -1   0   0   5  -5   0   3  -3  -1  -5  -4   1  -2  -1  -4   0  -2  -5  -4  -3    5   4   4  38   0   3  21   1   1   0   1   7   1   4   0   6   1   0   0   2  0.74 0.44
   89 N    -1  -1   5  -1  -4   3  -2  -2   0  -4  -3  -2   0   0   0   1   0  -4   2  -4    4   3  35   2   0  14   1   2   2   0   1   1   3   4   5   8   7   0   7   0  0.59 0.41
   90 F    -2  -2  -1  -5  -1  -4  -4  -5  -4   1   3  -4   3   5  -2  -1  -3   2   2  -1    4   2   4   0   1   0   0   0   0   8  25   0   7  28   2   4   0   3   6   4  0.61 0.36
   91 I    -1  -5  -5  -5  -4  -2  -2  -5  -1   5   1  -4   0   0  -5  -1  -1   2   0   4    5   0   0   0   0   2   3   0   2  35   9   0   2   3   0   5   3   2   3  26  0.67 0.40
   92 F     0  -2   1  -2   3  -1  -3  -2   1  -1  -2  -1  -1   4  -2   1   2  -3   0  -1    6   2   7   2   7   3   0   3   4   3   3   3   2  21   2  13  15   0   3   3  0.32 0.29
   93 G     0   0   0   0   1  -1  -4   6   2  -5  -5  -1  -5  -5  -4   0  -4  -5   0  -5    6   4   3   6   3   3   0  53   4   0   1   4   0   0   0   6   0   0   4   0  0.90 0.48
   94 Q    -1   1   0  -1  -4   3   1   0   2  -1  -2   3   1  -3  -1  -1   0  -4   0  -1    3   7   4   3   0  14   7   6   4   3   4  19   4   0   3   4   6   0   3   5  0.22 0.24
   95 T     0   0   0   0   2   1   0   0   2   0  -1   0   1  -2   1   0   0  -3   1   0    6   6   5   6   5   5   6   6   5   6   6   6   5   0   6   6   6   0   5   6  0.04 0.08
   96 G    -2  -2  -1   5  -4  -2  -2   4  -2  -4  -3  -3  -4  -3  -2   0  -2  -5  -4  -3    0   2   0  43   0   1   0  37   1   0   2   0   0   1   2   6   1   0   0   2  0.91 0.35
   97 A     6  -2  -2  -4  -1  -3  -3  -2  -4  -3  -3  -3  -3  -1  -3   0   0  -4  -3  -2   78   2   1   0   1   0   0   1   0   0   1   0   0   2   0   4   5   0   0   1  1.05 0.43
   98 G     4  -2  -1  -3  -2  -3  -3   4  -3  -4  -3  -2  -3  -4  -3   1  -2  -4  -4  -3   38   2   2   0   1   0   0  40   0   0   3   2   0   0   0  10   0   0   0   0  0.74 0.31
   99 N    -4  -2   8  -1  -3  -2  -3  -2   0  -5  -4  -2  -4  -5  -4   1  -2  -6  -4  -5    0   1  80   0   1   1   0   1   2   0   2   1   0   0   0  10   0   0   0   0  1.73 0.56
  100 N    -4  -2   8  -1   0  -3  -3  -3  -1  -4  -5  -1  -4  -5  -4  -1  -3  -6  -4  -5    0   2  86   0   2   0   0   0   1   1   1   3   0   0   0   2   0   0   0   1  1.88 0.59
  101 W    -4  -5  -5  -5  -1  -4  -3  -5  -3  -2  -3  -5  -3   5  -5  -4  -3  10   6  -4    0   0   0   0   2   0   1   0   0   2   0   0   0  22   0   0   2  39  28   0  2.02 0.55
  102 A     6  -4  -4  -4  -3  -3  -3  -2  -4  -4  -4  -2  -3  -4  -3   0  -1   0  -2  -3   86   0   0   0   0   0   0   1   0   0   0   2   0   0   1   3   2   1   1   0  1.29 0.50
  103 K    -3   6  -2  -3  -4  -1  -1  -4  -1  -3  -4   5  -3  -5  -4  -2  -3  -5  -4  -4    1  48   1   0   0   1   1   0   1   1   0  42   0   0   0   1   0   0   0   1  1.25 0.45
  104 G    -2  -4  -3  -3  -2  -4  -4   7  -4  -6  -6  -4  -5  -5  -4  -2  -4  -5  -5  -5    1   1   0   1   1   0   0  92   0   0   0   0   0   0   0   1   0   0   0   0  1.97 0.56
  105 H    -3  -1  -2  -4  -5  -1  -3  -5   9  -4  -4  -2  -1   2  -5  -3  -4  -3   6  -4    1   2   1   0   0   2   0   0  54   0   1   1   1   8   0   1   0   0  25   0  1.68 0.53
  106 Y    -4  -4  -1  -5  -5  -3  -4  -5   2  -4  -3  -3  -4   2  -5  -4  -4   1   9  -4    0   0   3   0   0   1   0   1   4   0   2   1   0   4   0   0   0   1  81   0  2.16 0.65
  107 T    -2  -3  -1  -2  -3  -2  -3  -1  -4  -3  -3  -3  -1  -4  -4   1   7  -5  -4  -2    1   0   2   2   0   1   1   4   0   0   1   0   1   0   0   7  77   0   0   1  1.33 0.52
  108 E    -2  -2  -3   1  -4   0   4  -3  -3   3   0  -2   0  -3  -3  -2  -2  -4  -3   2    1   1   0   6   0   2  40   2   0  19   7   1   2   0   0   1   1   0   0  17  0.50 0.28
  109 G    -2  -4  -1  -2  -2  -4  -4   7  -4  -6  -5  -4  -5  -5  -4  -1  -4  -5  -5  -5    1   0   2   2   1   0   0  86   0   0   1   0   0   0   0   4   0   0   0   0  1.77 0.52
  110 A     3   2   0  -3  -2   0  -1  -1  -1  -3  -3   3  -1  -4  -1   0  -2  -4  -2  -1   37  10   3   0   1   2   2   3   2   1   1  27   2   0   2   4   1   0   1   3  0.42 0.25
  111 E    -3  -1  -1   0  -5   0   7  -3  -3  -5  -3   0  -1  -5  -3  -2  -3  -5  -3  -4    1   3   2   4   0   3  75   1   0   0   2   3   1   0   0   1   0   0   1   0  1.32 0.49
  112 L    -1  -3  -3  -4  -1  -2  -4  -3  -2   3   4  -3   3   0  -4  -3  -1   0  -1   1    3   0   1   0   1   1   0   2   1  24  39   1  10   3   0   1   3   1   2   7  0.50 0.23
  113 V    -1  -4  -4  -4  -1  -3  -3  -3  -4   4   1  -2   1  -1  -4  -3  -1  -4  -3   4    5   0   0   1   1   0   1   2   0  34  13   2   3   1   0   1   1   0   0  33  0.59 0.26
  114 D    -3  -2   0   7  -5  -1   3  -1  -1  -5  -5  -1  -4  -5  -1  -1  -3  -5  -2  -5    1   1   3  60   0   1  17   4   1   0   0   2   0   0   3   4   0   0   1   0  1.14 0.40
  115 S     0   0   1   0  -3   1   0  -1  -1  -1   1   0   0  -2  -1   2   0  -3  -1  -1    3   4   9   3   0   9   5   4   1   2  19   3   2   0   3  24   3   0   1   4  0.12 0.13
  116 V     0  -4  -4  -4   2  -3  -4  -4  -4   2  -1  -4  -1   0  -4  -2   0  -4  -2   5    8   0   0   0   5   0   0   0   0  11   3   0   0   3   0   2   5   0   1  60  0.70 0.31
  117 L    -3  -3  -4  -4  -2  -3  -3  -3  -4   0   5  -4   5   0  -4  -2  -2  -3  -3   0    0   1   1   1   0   0   1   3   0   3  59   0  21   3   0   2   1   0   0   4  0.81 0.32
  118 D    -3  -2   1   7  -5  -1   3  -2   0  -5  -5  -2  -4  -5  -3  -1  -2  -5  -4  -4    1   1   6  63   0   2  15   3   2   0   1   0   0   0   0   2   2   0   1   0  1.19 0.39
  119 V    -1   4  -2  -3  -1   1  -1  -1  -2   1  -1   0   0  -3  -2  -1  -1  -3  -2   3    4  26   1   0   1   6   2   4   0   8   2   4   2   0   1   4   3   0   0  30  0.26 0.18
  120 V    -1  -4  -3  -4  -2  -3  -4  -4  -4   4   2  -3   0  -2  -4  -2   0  -4  -3   4    3   0   1   0   0   0   0   0   0  35  14   0   1   1   0   1   7   0   0  35  0.62 0.25
  121 R    -3   7  -2  -3  -2   0  -2  -2   1  -5  -4   0  -3  -4  -4  -2   0  -3  -3  -4    0  76   1   0   1   3   1   3   3   0   1   2   0   1   0   1   7   0   0   0  1.36 0.43
  122 K    -2   4  -1  -2  -3   0  -1  -3   2  -3  -2   5  -3  -4  -3  -1   0  -4  -3  -3    0  22   2   0   1   3   0   0   4   1   4  49   0   0   1   4   7   0   0   1  0.72 0.29
  123 E    -1  -2  -2  -1  -2   2   4  -2  -1   0   2  -1   1  -2   1  -1  -2  -3  -3   0    3   1   0   0   1   9  37   2   1   5  23   1   3   1   6   3   1   0   0   5  0.33 0.20
  124 C     5  -3  -3  -3   2  -2  -3  -2  -3  -2  -2  -2  -1  -1  -3   1   2  -1  -3   1   56   0   0   0   5   0   0   0   0   1   1   0   1   3   0   7  12   1   0  10  0.57 0.27
  125 E    -2  -2  -1   4  -5  -1   6  -3  -2  -4  -4  -1  -4  -4  -3  -2  -3  -4   1  -4    2   1   1  21   0   0  63   1   0   0   1   1   0   0   0   1   0   0   6   0  1.12 0.37
  126 H     1   0   3   0  -2   2   0   2  -1  -2  -2   0  -1  -3  -1   1   0  -3  -2  -2   10   4  19   4   1  13   3  15   1   3   3   3   1   1   2  13   3   0   0   1  0.22 0.12
  127 C     0  -5  -4  -5  10  -4  -4  -3  -4  -3  -4  -4  -3  -4  -4   1  -1  -4  -3  -3    6   0   0   0  73   0   0   1   0   0   1   0   0   0   0  11   2   0   1   1  2.17 0.51
  128 D     0  -2   0   6  -3  -1   1  -2  -1  -3  -4  -2  -3  -4  -2   1   2  -4  -3  -3    8   1   2  49   0   1   8   2   2   1   1   1   0   0   1   8  13   0   0   1  0.68 0.24
  129 C    -1  -1   0  -2   6  -2  -1   3  -1  -3  -2  -2  -1  -2  -3   1   1  -3  -1  -2    3   3   6   2  26   1   3  24   1   0   4   1   1   1   0  11   8   0   3   1  0.44 0.18
  130 L    -2  -3  -4  -4  -3  -3  -4  -4  -4   1   5  -3   3   0   0  -3  -2  -3  -2   0    1   0   0   0   0   0   0   1   0   5  70   0   8   3   5   1   0   0   0   5  0.72 0.24
  131 Q    -2   0  -1  -2  -4   7   1  -1   0  -4  -3   0  -1  -4  -3   1  -2  -4  -3  -4    1   3   1   0   0  68   4   4   2   0   1   1   1   0   0  10   1   0   0   0  1.06 0.35
  132 G    -1  -4  -1  -3  -4  -3  -3   7  -3  -5  -5  -3  -4  -4  -3  -1  -3  -4  -4  -4    2   0   1   0   0   0   0  90   0   0   1   0   0   0   0   1   0   0   0   0  1.62 0.36
  133 F    -3  -4  -4  -5  -2  -4  -4  -3  -3   0  -1  -4   0   8  -4  -2  -3  -1   1   0    0   0   0   0   1   0   0   2   0   4   2   0   2  74   0   4   0   0   1   8  1.26 0.35
  134 Q    -2  -1  -2  -2  -1   5  -1  -1  -1   0   2  -1   1   0  -3  -1   0  -3  -2  -2    0   0   0   1   1  43   0   5   1   7  22   1   3   5   0   2   8   0   0   0  0.42 0.23
  135 L    -2  -3  -3  -4  -2  -3  -3  -2  -3   3   3  -3   2   0  -3  -2   0  -3  -2   2    1   0   0   0   0   0   0   2   0  27  29   0   7   4   0   1   8   0   0  18  0.39 0.15
  136 T    -1  -3  -2  -3   4  -3  -3  -2  -2   0   0  -3   0   5  -3  -1   2  -1   2   0    2   0   1   0  10   0   0   3   0   5   5   0   1  34   0   2  22   0   6   6  0.42 0.18
  137 H    -3   0   1  -2  -4  -1  -2  -3   9  -3  -1  -2  -1  -2  -3  -2  -3  -3   1  -3    1   4   8   1   0   2   1   1  64   1   8   1   2   1   1   1   1   0   4   1  1.30 0.35
  138 S     1   1  -1  -2  -2  -1  -2  -1  -2  -3  -3  -1  -3  -4  -2   6   0  -4  -3  -3   12   8   0   1   0   0   1   3   0   0   1   1   0   0   0  71   1   0   0   1  0.80 0.30
  139 L    -2  -3  -3  -4   0  -3  -3  -4  -3   2   3  -3   1   4  -3  -3  -1  -1   1   1    1   1   1   1   2   0   1   1   0   9  39   1   2  27   1   1   4   0   3   8  0.44 0.16
  140 G    -1  -3  -2  -2  -2  -3  -3   6  -3  -3  -3  -3  -3  -4   2  -1  -2  -3  -4  -4    1   1   1   1   1   0   1  74   0   1   2   1   0   0  10   4   1   0   0   1  1.14 0.28
  141 G    -1  -3  -2  -2  -4  -3  -3   7  -3  -4  -4  -3  -4  -4  -3  -1  -3  -3  -4  -4    1   1   1   2   0   0   1  87   0   1   1   1   0   0   1   2   1   0   0   1  1.47 0.33
  142 G    -1  -3  -2  -2  -3   1  -2   6  -3  -4  -4  -2  -3  -4  -3  -1  -2  -3  -3  -4    1   1   1   1   0   8   1  77   0   1   1   1   0   1   1   3   1   0   0   1  1.19 0.28
  143 T    -1  -2  -2  -2   0  -2  -2  -3  -3  -2   0  -2  -1  -3  -2   0   6  -3  -3  -1    3   1   1   1   1   1   1   1   0   1   9   1   1   1   1   5  71   0   0   1  0.83 0.29
  144 G    -1  -3   1  -2  -3  -3  -3   6  -3  -4  -4  -2  -3  -4  -3  -2  -3  -3  -4  -4    1   1   8   1   0   1   1  81   0   1   1   1   0   1   1   1   1   0   0   1  1.31 0.30
  145 S     2  -2  -1  -2  -2  -2  -2   0  -2  -3  -3  -2  -3  -3  -2   6   0  -4  -3  -3   14   1   1   1   0   0   1   6   0   1   1   1   0   0   1  71   1   0   0   1  0.81 0.30
  146 G     0  -2  -2  -1  -4  -3  -3   7  -4  -4  -4  -3  -4  -4  -3  -2  -3  -4  -4  -3    5   3   0   4   0   0   1  79   0   1   1   1   0   0   1   1   1   0   0   2  1.40 0.42
  147 M    -3  -3  -4  -4  -3  -3  -3  -4  -3  -1   3  -1   5   5  -4  -3  -2   1   1   0    1   0   0   1   0   0   1   1   0   0  27   5  20  32   0   1   2   2   2   4  0.70 0.31
  148 G     0  -1  -1  -2  -1  -2  -2   5  -3  -3  -3   0  -2  -4  -3   0   3  -4  -3  -2    6   4   2   0   1   0   2  46   0   0   2   5   1   0   0   5  22   0   0   2  0.61 0.27
  149 T     2  -1   0  -2   2  -2  -2  -2  -3  -1  -3   0  -1  -3  -1   3   3  -4  -3  -1   17   1   3   0   5   0   1   2   0   4   1   7   1   0   1  32  22   0   0   2  0.40 0.25
  150 L    -1   1  -1  -3  -3  -3  -3  -4   0   0   5  -1   1   0  -3  -2  -2  -3  -2   0    4   7   3   1   0   1   1   1   3   3  60   3   2   2   1   3   1   0   0   5  0.53 0.26
  151 L    -1  -3  -4  -4  -3  -3  -4  -1  -4   2   5  -3   2   1  -4  -3  -2  -3  -2   1    5   1   0   1   0   0   1   5   0   9  61   1   5   4   1   1   1   0   0   6  0.65 0.28
  152 I     0  -3  -3  -3   1  -2  -3   0  -3   3   2  -3   4   0  -3  -1   0  -3  -2   1    8   1   0   1   3   0   1   8   0  21  24   1  16   4   1   3   4   0   0   5  0.30 0.18
  153 S    -1  -1   1   1   1   2   4   0  -1  -3  -2   0  -1  -3  -2   2  -1  -3   0  -3    3   3   8   5   3  10  29   6   0   1   3   2   2   0   1  18   3   0   4   1  0.33 0.20
  154 K    -1   3   0  -2   0   0   0   0   1  -1  -2   4   0  -3  -2  -1  -1   2   1  -2    3  14   4   1   3   3   3   6   4   3   2  34   2   0   2   3   4   4   5   2  0.30 0.19
  155 I    -2  -3  -4  -4  -3  -3  -4  -4  -4   3   4  -3   3   1  -4  -3  -2  -3  -2   2    1   1   0   1   0   0   1   1   0  18  44   1  10   5   1   1   1   0   0  15  0.64 0.27
  156 R     0   5  -1  -1  -1   0  -1  -3  -2  -4  -4   1  -2  -3  -3   3  -1   0  -3  -3    6  43   2   2   1   3   1   1   1   1   1   7   1   1   0  25   2   1   0   2  0.70 0.39
  157 E    -1  -1  -2   2  -4   1   5  -2  -3  -2  -3  -1  -2  -4  -3  -1  -1  -4  -3   2    4   2   1  12   0   4  45   3   0   1   1   3   1   0   0   2   3   0   0  17  0.60 0.35
  158 E    -3  -3  -1   4  -5   0   6  -3   0  -4  -4  -2  -3  -5  -4  -2  -2  -5  -4  -5    0   0   2  27   0   2  58   2   2   1   2   1   0   0   0   1   1   0   0   0  1.25 0.54
  159 Y    -5  -5  -5  -6  -6  -5  -5  -6  -1  -4  -4  -5  -4   5  -6  -5  -5  -1   9  -4    0   0   0   0   0   0   0   0   0   0   0   0   0  18   0   0   0   0  78   0  2.53 0.83
  160 P    -1  -2  -2  -3  -2  -3  -2   3  -4  -5  -4  -3  -4  -3   7   0  -2   0  -3  -4    3   2   1   1   1   1   2  25   0   0   1   0   0   1  49   7   2   1   1   1  1.20 0.48
  161 D    -2   0   0   6  -5  -2  -1  -2  -3  -5  -5   5  -4  -6  -2  -2  -3  -6  -5  -5    2   4   3  44   0   0   1   3   0   0   0  38   0   0   1   2   0   0   0   0  1.12 0.51
  162 R    -3   6  -1  -3   0   0  -2  -4   0  -2  -2   5  -3  -5  -3  -2  -2  -5  -4  -3    1  43   2   0   2   2   0   0   2   3   4  36   0   0   1   2   2   0   0   1  0.99 0.47
  163 I     0  -4  -3  -4   0  -3  -4  -3  -3   4  -1  -3   6  -3  -2   3   1  -4  -2   0    6   0   0   0   2   0   0   1   0  27   2   0  24   0   1  25   6   0   1   3  0.61 0.40
  164 M    -3   0  -3  -4   0  -1  -3  -5  -4   2   1   4   6  -2  -4  -3  -2  -4  -3   0    0   3   1   0   2   2   0   0   0  14  14  33  26   1   0   0   1   0   0   4  0.70 0.42
  165 N     0  -3   2  -3   3  -1  -2  -3  -3   0   3  -1   2  -1  -3   0   0  -4  -3   0    8   0  13   0   7   3   1   0   0   5  37   3   5   2   0  10   4   0   0   3  0.28 0.24
  166 T    -1  -2   0  -1  -2   0   3   0  -3  -4  -4  -2  -3  -5  -3   2   5  -5  -4  -3    4   1   4   2   1   2  24   6   0   0   0   1   0   0   0  14  41   0   0   0  0.68 0.41
  167 F    -4  -5  -4  -6  -1  -5  -6  -5  -3  -1  -2  -6  -2   8  -6  -5  -4   1   4  -2    1   0   1   0   1   0   0   0   0   3   2   0   0  72   0   0   0   1  15   1  1.87 0.67
  168 S     1  -3  -2  -3   2  -3  -3  -2  -4  -2  -4  -3  -4  -5  -2   6   1  -5  -4  -2   12   0   1   1   5   0   0   2   0   2   1   0   0   0   1  65   8   0   0   3  0.98 0.53
  169 V    -3  -5  -5  -6  -2  -5  -5  -6  -6   5  -1  -5  -1  -3  -5  -2  -2  -5  -4   6    1   0   0   0   1   0   0   0   0  29   2   0   1   0   0   2   1   0   0  62  1.26 0.54
  170 M    -3  -4  -4  -5  -2  -4  -4  -4  -2   1   0  -4   2   5  -5  -3  -3   1   6   2    1   0   0   0   1   0   0   1   0   6   8   0   6  22   0   1   1   1  33  17  0.88 0.41
  171 P    -3  -5  -5  -5  -4  -3  -4  -4  -3  -6  -5  -3  -5  -6   9  -3  -2  -7  -6  -5    1   0   0   0   0   1   0   1   1   0   1   1   0   0  89   2   2   0   0   0  2.66 0.85
  172 S     3  -2  -2  -3  -1  -3  -3  -1  -4  -5  -5  -3  -4  -5  -3   6  -1  -5  -3  -4   22   2   0   0   1   0   0   3   0   0   0   0   0   0   0  67   2   0   1   0  1.14 0.57
  173 P    -2  -3  -1  -3  -5  -1  -3  -3  -2  -3  -2  -3  -4  -5   8   0  -2  -5  -5  -4    2   1   3   1   0   3   1   1   1   2   4   1   0   0  70   7   2   0   0   1  1.75 0.63
  174 K    -3   2  -1  -2  -4   4   0  -4   0  -5  -3   6  -2  -5  -3   0  -2  -5  -2  -4    0   8   3   1   0  20   4   0   2   0   3  51   1   0   0   5   1   0   1   0  0.91 0.46
  175 V    -1  -4  -2  -5  -1  -4  -3  -5  -2   2   0  -3   3  -3  -4  -3   0  -4  -1   5    3   0   3   0   1   0   1   0   1  11   8   1   7   0   0   1   4   0   2  57  0.78 0.40
  176 S     0  -2  -2  -3   0  -1  -3  -2  -2  -5  -4  -3  -4  -3  -1   6  -2  -5  -3  -3    5   1   0   1   2   2   0   2   1   0   1   0   0   1   2  78   0   0   1   1  1.24 0.62
  177 D    -2  -3   0   5  -4  -1   2  -3  -3  -4  -4  -2  -4  -5  -1   0   4  -5  -3  -4    2   0   3  39   0   2  13   1   0   0   1   0   0   0   3   6  28   0   1   0  0.83 0.42
  178 T     3  -1  -2  -3  -2  -3  -2  -1   0   0  -2  -2  -2  -4  -3   1   4  -4  -3   1   23   2   0   0   1   0   1   3   2   6   1   0   0   0   0  12  36   0   0  11  0.49 0.33
  179 V    -2  -5  -3  -5  -3  -3  -5  -5  -5   2   0  -4  -1  -2  -3  -2  -2  -5  -4   6    2   0   1   0   0   1   0   0   0   9   5   1   1   1   1   2   0   0   0  74  1.18 0.54
  180 V    -3  -5  -5  -5  -4  -5  -4  -5  -3   2   0  -5  -2  -3  -5  -4  -1  -5  -2   7    1   0   0   0   0   0   1   1   1   7   5   0   0   0   0   0   2   0   1  80  1.40 0.60
  181 E    -3  -3  -3  -1  -6   0   7  -2  -3  -6  -4  -2  -5  -6  -4  -2  -4  -5  -5  -4    1   0   0   2   0   3  84   3   0   0   1   1   0   0   0   1   0   0   0   1  1.72 0.69
  182 P    -3  -5  -4  -5  -2  -4  -4  -5  -2  -6  -6  -4  -5  -6   9  -3  -3  -6  -3  -5    2   0   1   0   1   0   0   0   1   0   0   0   0   0  90   1   1   0   1   0  2.71 0.86
  183 Y    -5  -5  -5  -6  -6  -5  -5  -6  -1  -5  -4  -5  -4   0  -6  -5  -5  -1  10  -5    0   0   0   0   0   0   0   0   1   0   0   0   0   1   0   0   0   0  95   0  3.02 0.97
  184 N    -5  -4   9  -2  -6  -3  -4  -4  -3  -6  -6  -3  -5  -6  -5  -2  -3  -7  -5  -6    0   0  95   1   0   0   0   0   0   0   0   1   0   0   0   1   0   0   0   0  2.54 0.88
  185 A     5  -3  -2  -3   2  -3  -3  -2  -4  -2  -4  -3  -3  -4  -3   3   1  -5  -4  -1   51   0   1   0   4   0   0   1   0   1   0   0   0   0   1  27   8   0   0   4  0.82 0.46
  186 T    -1  -4  -4  -4  -3  -3  -4  -2  -4   4   1  -4   1  -3  -4  -2   4  -4  -3   4    3   0   0   0   0   0   0   2   0  23   9   0   4   0   0   0  29   0   0  27  0.64 0.37
  187 L    -4  -5  -6  -6  -4  -5  -5  -6  -4  -1   6  -5   1   1  -4  -5  -4  -4  -3  -2    0   0   0   0   0   0   0   0   0   1  90   0   1   4   1   0   0   0   0   0  1.53 0.61
  188 S     1  -3  -1  -3   0  -3  -3  -1  -2  -4  -4  -3  -2  -4  -3   5   4  -5  -3  -3   11   1   1   0   2   0   0   3   1   0   0   0   1   1   0  48  28   0   1   1  0.84 0.48
  189 V    -1  -3  -3  -4  -2  -3  -3  -3  -4   2   0  -3   3   1  -4  -1   4  -4  -2   3    3   0   1   0   0   0   1   1   0  11   9   0   8   6   0   2  35   0   0  22  0.50 0.33
  190 H    -3  -3   2  -2  -5   1  -2  -3  10  -6  -5  -2  -4  -4  -1  -1  -3  -5  -2  -6    1   1   8   2   0   6   1   2  68   0   0   1   0   0   3   5   1   0   0   0  1.95 0.71
  191 Q     0  -1  -1  -3  -2   5   0  -1   4  -4  -3   0  -3  -1  -3   1   2  -4   1  -2    6   2   2   0   1  32   3   4  10   0   1   3   0   3   1  10  17   0   4   2  0.49 0.34
  192 L    -2  -4  -3  -5  -2  -4  -4  -3  -3  -1   5  -4   2  -2  -4  -1   4  -4  -4  -2    2   0   1   0   1   0   0   2   0   0  57   0   4   1   0   4  28   0   0   0  0.88 0.50
  193 V    -2  -4  -2  -5  -3  -2  -4  -4  -4   4   3  -4   3  -1  -4  -3  -1  -4  -3   4    1   0   3   0   0   1   0   1   0  22  28   0   9   1   0   1   2   0   0  28  0.65 0.35
  194 E    -4  -3   0   2  -4   0   7  -3  -2  -6  -6  -2  -4  -6  -3  -2  -1  -6  -4  -5    0   0   4  10   0   2  72   2   1   0   0   1   0   0   1   1   4   0   0   0  1.42 0.65
  195 N    -4  -3   6   0   1  -2  -2  -2   7  -5  -2  -2  -4  -2  -4  -1  -1  -5   1  -5    0   0  42   3   3   1   2   3  26   0   5   2   0   1   0   3   4   0   4   0  1.06 0.52
  196 T     2  -3  -2  -3   2  -3  -2  -3  -4  -1  -3  -3  -1  -3  -3   4   4  -5  -4   1   20   0   1   1   5   0   1   0   0   3   1   0   1   0   0  32  24   0   0   9  0.58 0.40
  197 D    -5  -4   0   8  -6  -1   0  -4   2  -6  -6  -4  -6  -6  -4  -2  -4  -6  -5  -6    0   0   3  81   0   2   4   1   5   0   0   0   0   0   0   1   0   0   0   0  1.94 0.73
  198 E    -1  -3  -3  -2   7   0   4  -3  -3  -1  -1  -2   1  -1  -4  -2  -3  -4  -4   0    5   0   1   1  29   4  30   2   0   2   7   1   5   3   0   2   0   0   0   7  0.78 0.42
  199 T     2  -4  -1  -3   5  -2  -3  -2  -4  -2  -2  -3  -2  -4  -3   1   5  -5  -4   1   16   0   3   0  13   1   1   2   0   1   2   0   1   0   0  12  37   0   0  13  0.66 0.41
  200 Y    -4  -5  -2  -5  -2  -4  -5  -5  -1   1  -1  -5   4   7  -5  -3  -2  -2   3   1    0   0   2   0   1   0   0   0   1   6   3   0  12  52   0   1   2   0  10   8  1.20 0.53
  201 C    -3  -5  -2  -5   8  -4  -5  -5  -5   0   1  -5   6  -1  -5  -3  -2  -4  -2   1    1   0   3   0  39   0   0   0   0   4  15   0  23   2   0   1   2   0   1  10  1.31 0.56
  202 I    -3  -4  -5  -5  -3  -4  -4  -5  -4   5   2  -2   2   3  -4  -4  -2  -3  -1   3    1   0   0   0   0   0   0   0   0  32  18   3   6  13   0   0   1   0   1  23  0.69 0.35
  203 D    -4  -4   0   8  -6  -2  -1  -3  -4  -6  -6  -4  -2  -6  -4  -1  -3  -7  -6  -6    0   0   4  83   0   1   2   1   0   0   0   0   1   0   0   4   1   0   0   0  1.98 0.75
  204 N    -5  -4   9  -2   0  -3  -4  -4  -3  -5  -6  -2  -5  -6  -5  -3  -3  -7  -5  -6    0   0  93   0   2   0   0   0   0   1   0   1   0   0   0   0   0   0   0   0  2.51 0.91
  205 E    -4  -3  -3   1  -2   1   7  -5  -1  -4  -6  -2  -5  -6  -4  -2  -3  -6  -5  -2    0   1   1   5   1   6  77   0   1   1   0   0   0   0   0   2   1   0   0   3  1.58 0.74
  206 A     7  -4  -4  -5   0  -3  -4  -2  -5  -4  -4  -4  -4  -5  -4   0  -1  -5  -5  -3   86   0   0   0   2   1   0   2   0   0   0   0   0   0   0   4   3   0   0   0  1.60 0.73
  207 L    -4  -5  -5  -5  -1  -4  -5  -4  -5   4   5  -5   1  -2  -5  -4  -2  -4  -4   0    0   0   0   0   1   0   0   1   0  27  60   0   2   0   0   0   2   0   0   5  1.08 0.50
  208 Y    -4  -2   0  -4  -3  -4  -5  -4   2  -2  -3  -4  -4   2  -5  -3  -4   1   9  -3    0   2   5   1   1   0   0   1   5   3   1   0   0   6   0   2   0   1  67   1  1.78 0.74
  209 D    -4  -2   2   7  -6  -1   0  -1  -1  -5  -4  -1  -5  -5  -4  -2  -4  -6  -3  -5    1   2  10  66   0   2   3   4   1   0   2   3   0   0   0   1   0   0   1   0  1.39 0.63
  210 I    -4  -5  -4  -6  -4  -2  -5  -4  -6   8   0  -5   0  -3  -5  -4  -2  -5  -4   0    0   0   1   0   0   2   0   2   0  81   4   0   2   0   0   1   2   0   0   1  1.70 0.73
  211 C    -1  -6  -2  -6  11  -5  -6  -2  -5  -3  -2  -5  -4  -3  -5  -1  -2  -5  -3  -3    5   0   2   0  70   0   0   3   0   1   4   0   0   1   0   5   2   0   1   1  2.34 0.85
  212 F    -1   3   0  -1  -2   2  -1  -2   0  -2  -1   1   0   3  -3   0   0  -3   0  -1    2  21   4   2   1  11   2   2   3   1   3   7   2  15   0   8   7   0   2   4  0.23 0.23
  213 R    -4   6   2  -2  -1   0  -2  -3   1  -4  -4   3  -4  -2  -3  -1  -2  -5  -2  -5    0  50   9   1   1   3   0   2   4   1   1  16   0   2   1   3   2   0   1   0  0.95 0.51
  214 T    -2  -1   5  -2  -2  -1  -3  -3  -2  -2  -2   1  -3  -2  -2   0   4  -5  -2  -2    1   3  27   0   1   2   0   1   1   3   3  11   0   1   1   7  32   0   1   3  0.58 0.42
  215 L    -4  -4  -5  -5  -4  -4  -5  -5  -5  -1   6  -3   1  -2  -5  -3  -4  -4  -2  -2    1   0   0   0   0   0   0   0   0   2  83   1   2   1   0   2   0   0   1   1  1.37 0.63
  216 K    -2   1   1   2  -4  -1   0   2   1  -4  -4   5  -4  -4  -3  -2  -2  -4  -2  -4    2   6   5  14   0   1   3  15   4   0   1  37   0   0   0   1   1   0   1   0  0.52 0.38
  217 L    -3  -4  -3  -2  -2   0  -4  -5  -4   4   3  -3   1  -1  -4  -3  -1  -4  -1   2    0   0   1   3   0   5   0   0   0  25  32   1   2   1   0   1   3   0   2  15  0.45 0.34
  218 T     0   0  -1   0   0   1   3  -2  -1  -2  -3   1  -1  -3   1   0   2  -4  -3  -2    8   3   2   5   2   7  19   1   1   2   1   9   1   0   8   7  14   0   0   1  0.21 0.24
  219 T    -1   3   3   0  -1   0  -2  -3   0  -3  -3   1  -2  -2  -3   2   2  -2  -3  -3    2  19  15   4   1   3   1   1   2   1   1   6   1   2   1  20  13   0   0   1  0.33 0.32
  220 P    -1  -4  -4  -5  -5  -2  -3  -4  -5  -3  -4  -4  -5  -6   8  -3  -3  -6  -3  -2    5   1   1   0   0   2   1   1   0   2   2   0   0   0  72   1   1   0   1   3  1.89 0.82
  221 T    -1  -3   1  -2  -2  -1  -1   1  -3  -3  -4  -2  -1  -4  -3   3   4  -5  -3  -3    3   1   6   1   1   2   3  10   0   1   0   2   2   0   0  27  33   0   1   1  0.53 0.44
  222 Y    -4  -5  -3  -3   2  -4  -5  -5   3  -1  -3  -5  -1   4  -5  -4  -4  -2   8  -3    1   0   1   2   4   0   0   0   6   3   1   0   2  16   0   1   1   0  53   1  1.44 0.70
  223 G     0  -1   0   0  -2  -1   1   2  -1  -2  -2  -1   0   0   0   1   2  -3  -1  -2    5   2   5   5   1   1   9  19   1   1   3   2   3   6   4   9  15   0   1   2  0.12 0.18
  224 D    -3  -3   4   5  -5  -2  -1  -4   3  -1  -5  -1  -4   0  -1  -1  -3  -5  -3  -4    1   0  24  39   0   1   2   0   7   4   0   3   0   4   3   3   1   0   0   0  0.83 0.50
  225 L    -4  -4  -5  -5  -4  -4  -5  -2  -5   2   5  -4   1   1  -4  -3  -3  -4  -3   0    0   0   0   0   0   0   0   4   0  12  61   0   3   5   1   2   0   0   0   3  0.83 0.48
  226 N    -5  -4   8  -2  -5  -3  -3  -4   2  -6  -6  -4  -5  -6  -5  -1  -3  -6  -5  -6    0   0  78   1   0   0   1   0   4   0   1   0   0   0   0   4   0   0   0   0  2.00 0.88
  227 H    -3   4   0  -2  -3   1  -2  -1   7  -4  -2   0  -2  -2  -3  -2  -2  -2   0  -4    1  27   5   2   1   5   2   6  27   0   4   5   1   1   1   2   3   0   3   0  0.67 0.43
  228 L    -3  -3  -5  -5  -4  -4  -4  -4  -2   3   5  -2   1  -1  -3  -4  -3  -1  -2   0    0   1   0   0   0   0   0   1   1  16  58   3   2   1   1   0   0   1   1   5  0.78 0.46
  229 V    -2  -2  -5  -5  -3  -3  -4  -4  -5   5   1  -4   3  -2  -4  -4  -2  -4  -3   4    3   2   0   0   0   1   1   1   0  39   9   0   7   1   0   0   1   0   0  28  0.77 0.45
  230 S     4  -4  -3  -4   0  -3  -3   0  -4  -2  -4  -1  -4  -5  -3   4  -1  -5  -4  -2   38   0   0   0   2   0   0   6   0   2   0   3   0   0   0  37   2   0   0   2  0.75 0.52
  231 A     1   0  -2  -3  -4   5  -1  -2  -1   0  -1   0   1  -3  -2   0  -1  -4  -2  -2   15   5   1   0   0  35   1   2   1   6   6   3   4   1   2   7   2   0   1   1  0.39 0.37
  232 T     2  -1  -3  -4   0  -2  -3  -2  -2   1  -2  -3  -1  -3  -3  -1   3  -4  -2   4   16   4   0   0   2   1   0   2   1   8   2   0   1   0   1   3  20   0   1  32  0.37 0.34
  233 M    -2  -4  -5  -5  -2  -2  -4  -5  -4   1   0  -4   8   0  -5  -4  -2   3  -1   3    2   0   0   0   1   2   0   0   0   6   5   0  42   3   0   0   2   4   2  22  1.03 0.58
  234 S     0  -4  -3  -3   2  -3  -3  -3  -4  -3  -3   0  -4  -5  -4   6  -1  -5  -4  -2    5   0   0   0   3   0   0   0   0   1   3   5   0   0   0  68   2   0   0   3  1.06 0.66
  235 G     0  -3  -1  -2   0  -3  -2   5  -3  -4  -2  -3  -2  -2  -2   3  -2  -4  -4  -3    5   1   2   2   2   0   3  44   0   0   5   0   1   2   2  23   1   0   0   1  0.64 0.42
  236 V    -2  -4  -1  -4  -2  -3  -1  -4  -4   5   0  -4   0  -1  -4  -2   0  -4  -3   4    2   0   3   0   1   0   4   1   0  34   6   0   2   2   0   2   6   0   0  28  0.53 0.36
  237 T    -3   0  -3  -4  -4  -4  -4  -4  -4  -4  -4  -3  -4  -5  -2   1   7  -5  -4  -3    1   5   0   0   0   0   0   1   0   0   1   0   0   0   2   8  72   0   0   0  1.43 0.73
  238 T     3   0  -3  -3   3  -3  -3  -3  -3  -2  -3  -3  -2  -4  -3   1   4  -4  -4  -2   29   5   0   0   7   0   0   1   0   1   1   0   1   0   0  12  32   0   0   1  0.58 0.42
  239 S    -2  -4  -3  -3   7  -3  -3  -2  -4  -2  -1  -3  -3  -1  -1   5  -1  -2  -4  -3    1   0   0   0  23   0   0   3   0   2   5   0   0   3   3  46   3   1   0   0  0.88 0.53
  240 L    -3  -4  -4  -4  -3  -1  -1  -4  -4   1   5  -4   2   2  -4  -3  -3  -3  -1  -1    1   0   0   0   0   3   5   1   0   7  56   0   4  10   0   1   0   0   1   1  0.64 0.39
  241 R    -3   8  -3  -4  -2   0  -3  -5  -2  -5  -3  -1  -4  -5  -3  -3  -3  -2  -4  -5    2  76   0   0   1   3   0   1   1   0   3   0   0   0   1   1   1   1   0   1  1.62 0.71
  242 F    -5  -5  -5  -6  -5  -5  -5  -5  -4  -3  -1  -5  -3   8  -5  -5  -4  -2   1   0    0   0   0   0   0   0   0   0   0   0   3   0   0  75   0   0   0   0   3   8  1.87 0.72
  243 P    -2  -2  -1   3  -5  -2   0  -1  -2  -5  -5  -2  -4  -5   6   1  -3  -5  -5  -4    1   2   2  16   0   1   5   4   1   0   0   2   0   0  48  10   1   0   0   1  1.06 0.50
  244 G    -2  -5  -2   0   0  -4  -1   7  -4  -6  -6  -4  -5  -5  -4  -1  -4  -5  -5  -5    1   0   1   6   2   0   4  74   0   0   0   0   0   0   0   3   0   0   0   0  1.41 0.60
  245 Q     2  -1  -2  -1  -2   6   0  -3  -1  -3  -4  -1  -3  -2  -3   1  -1  -1  -3  -2   20   2   1   3   1  45   2   0   1   1   0   2   0   2   1  12   3   1   1   2  0.77 0.47
  246 L    -4  -4  -1  -5  -4  -2  -5  -5  -5   0   5  -4   2   0   0  -2  -3  -2  -3  -1    0   0   4   0   0   2   0   0   0   3  71   0   4   3   5   3   1   1   0   3  0.95 0.48
  247 N    -4  -3   8  -2  -6  -2  -3   0   2  -5  -6  -2  -5  -4  -5  -2  -1  -6  -3  -6    0   1  79   0   0   1   0   7   4   0   0   1   0   1   0   2   3   0   1   0  1.88 0.75
  248 A     3  -3  -3  -3  -2  -2  -3   0  -2  -1  -1  -3   0  -2  -3   2   0  -4  -2   4   23   0   0   1   1   1   0   7   1   1   3   0   2   1   0  20   5   0   1  33  0.42 0.33
  249 D    -3  -4   1   7  -5  -3  -1  -1  -2  -5  -5  -3   0  -5  -4   1  -1  -5  -5  -5    1   0   6  68   0   0   1   4   1   0   1   1   3   0   0   9   3   0   0   0  1.37 0.55
  250 L    -3  -4  -5  -5  -3  -4  -5  -4  -4   0   6  -4   2   1  -5  -4  -3   1  -2   0    1   0   0   0   0   0   0   1   0   4  75   0   4   5   0   1   0   2   1   3  1.10 0.47
  251 R    -1   6   2  -3  -1   0  -2  -2  -1  -3  -3   0  -2  -4  -3   0   2  -4  -3  -3    4  46  10   0   1   3   1   2   1   1   1   4   1   0   1   5  16   0   0   2  0.71 0.38
  252 K    -2   1  -2   0  -5   0   5  -4  -3  -4  -4   5  -4  -5  -3  -2  -2  -5  -4  -2    2   6   0   4   0   2  35   0   0   0   1  42   0   0   0   1   1   0   0   3  0.94 0.45
  253 L    -4  -4  -5  -5  -1  -4  -4  -5  -4   1   4  -2   1   6  -5  -4  -2  -3  -1  -1    0   0   0   0   1   0   0   0   0   7  45   4   3  33   0   0   1   0   1   2  0.92 0.41
  254 A     3  -1  -1  -3   1   5  -1  -1  -2  -3  -2  -1  -1  -3  -2  -1  -2  -4  -2  -3   33   3   3   0   3  36   1   4   1   1   4   2   1   1   1   3   1   0   1   1  0.63 0.40
  255 V    -2  -3  -1  -3   0  -2  -3  -4  -4  -1  -2  -3   2  -3  -3  -1   5  -4  -3   4    1   0   3   0   2   1   1   1   0   1   2   0   5   0   0   3  47   0   1  31  0.82 0.43
  256 N    -4  -3   8  -2  -5  -3  -2  -3   0  -4  -5  -3  -5  -5  -4  -1  -1  -6  -4  -5    1   0  85   0   0   0   2   1   1   1   1   0   0   0   0   3   3   0   0   0  2.02 0.70
  257 M    -4  -4  -5  -5  -4  -4  -5  -5  -5  -1   5  -4   7  -2  -4  -4  -2  -2  -3  -2    0   1   0   0   0   0   0   0   0   1  60   0  31   0   1   0   2   1   0   0  1.36 0.55
  258 V    -1  -5  -5  -5   1  -4  -4  -4  -5   3  -2  -4  -2  -3  -4  -4  -2  -5  -3   6    4   0   0   0   3   0   1   1   0  18   1   0   0   0   0   0   1   0   0  68  1.17 0.49
  259 P    -4  -5  -5  -4  -2  -4  -4  -3  -5  -5  -3  -3  -5  -6   8  -3  -3  -6  -5  -5    1   0   0   0   1   0   0   2   0   0   2   1   0   0  88   2   1   0   0   0  2.55 0.75
  260 F    -4  -5  -4  -6  -2  -5  -5  -3  -1  -3   0  -5  -3   7  -6  -2  -4  -1   7  -4    0   0   1   0   1   0   0   2   1   0   9   0   0  48   0   4   0   0  35   0  1.58 0.59
  261 P    -4  -4  -5  -5  -6  -3  -4  -5  -5  -6  -5  -3  -6  -7   9  -2  -4  -7  -6  -5    0   0   0   0   0   1   0   0   0   0   1   2   0   0  92   2   1   0   0   0  2.81 0.84
  262 R    -1   8  -3  -4  -4  -2  -2  -4   0  -5  -3   1  -4  -5  -3  -2  -3  -3  -3  -5    6  79   0   0   0   1   1   1   2   0   2   4   0   0   1   2   1   0   1   0  1.62 0.62
  263 L    -3  -4  -5  -1  -1  -4  -5  -5  -5   5   5  -4   0  -1  -5  -4  -3  -4  -3   0    1   0   0   4   1   0   0   0   0  34  52   0   1   2   0   0   0   0   0   2  0.93 0.41
  264 H    -5  -2  -2  -4  -6  -2  -4  -5  11  -6  -6  -4  -5  -2   1  -3  -3  -6  -2  -6    0   1   1   0   0   1   0   0  86   0   0   0   0   1   6   1   1   0   0   0  2.81 0.86
  265 F    -5  -6  -6  -6  -3  -6  -6  -6  -4  -3  -2  -6  -3   9  -6  -3  -5  -2   2  -4    0   0   0   0   1   0   0   0   0   0   1   0   0  90   0   2   0   0   5   0  2.43 0.75
  266 F    -3  -4  -5  -4  -3  -4  -4  -5  -4  -2   2  -4   1   6   5  -2  -3  -3   0  -3    1   0   0   1   0   0   0   0   0   2  18   0   4  35  34   2   0   0   2   0  1.09 0.44
  267 M    -2  -4  -4  -5   0  -3  -4  -5  -4   1   4  -4   6  -2  -4  -2   1  -4  -1   1    1   0   0   0   2   0   0   0   0   8  37   0  29   0   0   2  11   0   2   7  0.76 0.38
  268 P     1  -2  -2  -2   0  -2  -3  -1  -3   0  -1  -2   1  -2   4   0   1  -4  -3   2   15   2   1   1   2   1   0   5   0   5   4   0   3   1  25   7   9   0   0  20  0.40 0.23
  269 G     0  -3  -1  -1  -3  -2  -3   4  -3  -3  -4  -2  -3  -2  -3   3   3  -2  -3  -3    7   0   2   2   0   0   0  33   0   1   1   0   0   2   0  29  20   1   0   1  0.64 0.33
  270 F    -3  -2  -4  -5  -2  -3  -4  -4   1  -1   0  -4  -2   6  -5  -1  -3  -1   7  -2    1   2   0   0   1   1   0   1   3   4   7   0   1  34   0   4   1   0  38   2  1.15 0.45
  271 A     6  -3  -3  -2  -2  -3  -3  -2  -2  -3  -4  -3  -3  -4  -1   2   0  -5  -4   0   68   1   1   2   1   0   0   1   1   1   1   0   0   0   2  12   3   0   0   5  0.94 0.45
  272 P    -3  -3  -5  -4   0  -4  -4  -5  -5  -5  -5  -4  -5  -6   9  -2  -4  -6  -5  -5    1   1   0   0   2   0   0   0   0   0   1   0   0   0  89   2   0   0   0   0  2.63 0.77
  273 L    -3  -2  -4  -4  -1  -3  -4  -4  -2   3   4  -4   1   1  -3  -2  -2  -3  -2   3    0   2   0   0   1   0   0   0   1  15  46   0   2   6   1   4   2   0   0  19  0.58 0.28
  274 T     0  -2  -2  -2  -1  -1  -3  -3  -1   4   0  -2   1  -1  -3   1   3  -3   0   1    5   1   1   1   1   3   0   1   1  27   6   1   3   1   1   9  24   0   4  10  0.30 0.24
  275 A     1  -2  -1  -2  -3  -2  -3  -1  -1  -2  -1  -3  -3  -4   2   5   0  -4  -2  -2   13   1   2   1   0   1   0   4   1   1   8   0   0   0   9  51   4   0   1   2  0.59 0.37
  276 R     3   4  -2  -1   2   1  -1  -2  -2  -2  -3   0  -1  -3   1   0  -1  -3  -3  -2   26  27   1   3   5   6   3   2   1   1   1   5   1   1   7   5   2   0   1   2  0.36 0.24
  277 G     1  -1   0   0  -3   0   3   3  -1  -4  -2   0  -3  -4  -3   1   0  -3  -2  -2   12   3   5   5   0   4  21  25   1   0   3   5   0   0   0   8   6   0   1   2  0.32 0.20
  278 S     0   1   0  -1   0   0  -1  -2   2  -1  -4   4  -2  -4  -3   3   0  -4  -3  -2    5   6   5   2   2   2   2   2   6   3   0  29   1   0   0  26   5   0   0   3  0.41 0.28
  279 Q     3  -1  -1  -2  -3   4  -1  -2   2  -1  -2   0   0  -2  -3   1  -1  -4  -2  -1   33   3   2   1   0  22   2   1   5   4   4   4   3   1   0   8   3   0   1   3  0.37 0.28
  280 Q     0  -1  -1  -1   0   4  -1  -1   0  -2  -1  -1  -1   1   1   1  -1  -2   4  -3    6   1   3   2   2  21   3   4   2   2   5   3   1   4   6  13   3   0  19   0  0.29 0.25
  281 Y    -4  -2   0  -2   0  -3  -3  -4   7  -4  -2  -3  -3   3  -4  -1  -2  -2   6  -4    1   2   4   2   2   1   1   0  33   0   5   1   0  10   1   6   2   0  30   0  1.15 0.48
  282 R    -2   3   1   1  -1   2   4  -3  -1  -3  -4   0  -3  -4  -2  -1  -1  -2  -2  -2    2  21   5   5   1  10  35   2   1   1   1   3   0   0   1   4   4   0   2   3  0.56 0.32
  283 A     2  -1   1  -1  -2   4   1  -1  -1  -2  -2   0  -1  -3  -1   1   0  -4  -3  -1   20   2   5   2   1  22   7   4   1   1   3   6   2   0   2  13   5   0   0   3  0.28 0.23
  284 L    -2  -2   0  -4  -2  -2  -3  -4  -1   1   4  -3   2   1  -1  -1  -2  -2  -1   0    1   2   6   0   1   1   1   1   2   7  50   1   5   4   3   5   2   0   2   6  0.44 0.28
  285 T    -1  -3   2  -2  -3  -3  -1   0  -4  -3  -4  -1  -3  -5  -2   5   4  -5  -4  -4    2   1   9   1   0   0   3   6   0   1   0   4   1   0   1  41  31   0   0   0  0.83 0.48
  286 V     0  -5  -4  -5  -4  -4  -3  -4  -5   2  -1  -4  -2  -4  -3  -3   1  -5  -4   6    6   0   0   0   0   0   2   1   0  10   4   0   0   0   1   0   9   0   0  64  1.06 0.50
  287 P     2   1   0  -1  -2   1   0  -2   0  -3  -3   0  -1  -4   4   2  -1  -5  -2  -2   19   7   3   2   1   8   4   2   2   0   2   4   2   0  24  15   3   0   1   2  0.44 0.27
  288 E    -3  -2  -1   3  -3   2   6  -2  -2  -6  -5  -2  -2  -6  -4  -1  -2  -6  -2  -5    1   1   3  15   1   9  60   2   0   0   1   1   1   0   0   3   1   0   2   0  1.21 0.56
  289 L    -4  -5  -5  -6  -1  -5  -5  -4  -5   5   5  -5   2  -2  -5  -4  -3  -4  -4   0    0   0   0   0   1   0   0   1   0  32  55   0   3   0   0   1   0   0   0   4  1.13 0.47
  290 T    -2  -4  -3  -4  -3  -4  -4  -5  -5   2  -2  -4  -2  -2  -4  -1   7  -5  -4   1    3   0   1   0   0   0   0   0   0  11   2   0   1   1   0   2  68   0   0   8  1.29 0.60
  291 Q    -1   0   4  -1  -3   6  -1  -2   1  -2  -4   1  -1  -2  -3   1  -1  -5  -2  -4    4   3  19   3   0  37   1   2   2   2   1   8   2   2   1   9   2   0   1   0  0.66 0.41
  292 Q     2   0  -1  -1  -5   6   1  -3  -1  -4  -4  -1   0  -5  -3   1  -2  -5  -4  -3   20   3   2   4   0  46   7   1   1   1   1   1   2   0   1   9   1   0   0   1  0.88 0.50
  293 M    -1  -5  -6  -6   8  -4  -6  -5  -5   0   2  -5   7  -4  -6  -3  -4  -5  -3   1    6   0   0   0  31   0   0   0   0   5  18   0  27   0   0   1   0   0   1  10  1.36 0.56
  294 F    -4  -7  -7  -7  -1  -7  -7  -5  -5  -4  -1  -7  -3   9  -7  -6  -4   3   0  -5    1   0   0   0   1   0   0   1   0   0   5   0   0  86   0   0   1   3   1   0  2.52 0.85
  295 D    -3  -3   1   6  -6  -1   5  -3  -1  -6  -6  -1  -5  -6  -4   0  -2  -6  -2  -5    1   0   5  43   0   2  34   2   1   0   0   3   0   0   0   6   2   0   2   0  1.15 0.52
  296 A     3  -1  -2  -4  -4  -2  -2  -2  -4  -3  -5  -1  -3  -5   6   1  -1  -6  -5  -3   24   4   2   0   0   1   2   2   0   1   0   3   0   0  44  11   3   0   0   2  1.06 0.48
  297 K     1   1   3  -1  -2   0  -1  -1   0  -4  -4   4  -3  -4  -2   1   0  -5  -3  -3   14   8  15   3   1   4   2   4   2   0   0  30   0   0   1  12   4   0   0   1  0.44 0.29
  298 N    -5  -3   8  -3  -1  -4  -4  -4   1  -6  -6  -3  -6  -5  -6   1  -2  -7  -2  -4    0   1  78   0   2   0   0   0   3   0   1   1   0   0   0  10   1   0   2   1  1.98 0.78
  299 M    -3  -3  -3  -5  -2   6  -3  -5  -1  -1   1  -3   7   0  -5  -3  -3  -5  -2  -1    2   1   1   0   1  37   0   0   1   4   9   0  35   4   0   1   0   0   1   3  1.25 0.62
  300 M    -4  -5  -6  -7  -5  -5  -6  -7  -6   0   2  -5  10   0  -5  -4  -4  -2  -4  -3    1   0   0   0   0   0   0   0   0   3  17   0  72   4   1   1   1   0   0   0  2.28 0.85
  301 A     3  -5  -5  -5   5  -4  -4  -4  -5   0  -1  -4  -1  -3  -4  -1   0  -5  -4   5   29   0   0   0  12   0   0   0   0   3   4   0   1   0   0   4   4   0   0  41  0.84 0.45
  302 A     4  -1   0   0  -4  -1  -2  -1  -2  -4  -4   5  -1  -5  -1   0  -1  -3  -3  -3   35   2   3   4   0   2   0   3   0   0   1  35   1   0   2   5   2   0   0   1  0.63 0.39
  303 C     0  -5  -4  -6  11  -6  -6  -5  -6  -1  -4  -6  -1  -3  -6  -1  -4  -6  -2   1    6   1   1   0  69   0   0   1   0   4   1   0   1   1   0   5   0   0   1   8  2.36 0.79
  304 D    -5  -5   3   8  -3  -3  -1  -3   0  -7  -7  -3  -6  -7  -5  -3  -4  -7  -6  -6    0   0  13  77   1   0   2   2   2   0   0   1   0   0   0   1   0   0   0   0  1.96 0.74
  305 P    -4  -5  -3  -4  -1  -4  -5  -4   0  -1  -1  -2  -5  -2   8  -4  -2  -6  -3  -4    0   0   1   1   2   0   0   1   3   3   8   2   0   2  73   1   2   0   1   1  1.95 0.73
  306 R    -2   7   0  -3  -1   1  -1  -3   1  -4  -3   1  -3  -5  -3  -1  -1  -5  -4  -3    2  58   4   1   1   5   2   2   3   1   2   8   0   0   1   4   4   0   0   1  1.06 0.49
  307 H    -2   0   3  -1  -3   2  -1  -3   8  -2  -3   1  -2  -1  -2  -1  -1  -5   0  -4    2   3  12   3   1  11   3   2  36   2   2   9   1   2   1   3   3   0   2   0  0.80 0.41
  308 G    -3  -6  -2  -4  -4  -5  -6   7  -4  -7  -7  -5  -6  -7  -6  -2  -5  -6  -6  -7    1   0   1   1   0   0   0  93   0   0   0   0   0   0   0   2   0   0   0   0  2.31 0.79
  309 R    -4   6  -3  -4  -2   0  -3  -4   0  -6  -5   6  -3  -6  -5  -2  -3  -6  -4  -5    1  36   0   0   1   2   0   1   2   0   0  52   0   0   0   2   1   0   0   0  1.48 0.63
  310 Y    -5  -5  -6  -7   0  -5  -6  -7   0  -2  -2  -6  -4   3  -6  -4  -5  -2   9  -4    0   0   0   0   2   0   0   0   2   2   3   0   0   8   0   1   0   0  80   0  2.48 0.86
  311 L    -4  -4  -6  -6  -5  -2  -5  -6  -5  -1   5  -5   8  -1  -6  -5  -3  -5  -2  -2    0   0   0   0   0   2   0   0   0   2  49   0  43   1   0   0   1   0   1   0  1.66 0.67
  312 T     4  -4  -2  -3  -4  -3  -4  -2  -4  -4  -4  -3  -4  -5  -4   2   5  -5  -5  -2   35   0   1   1   0   0   0   1   0   0   1   0   0   0   0  17  42   0   0   1  1.03 0.54
  313 V     3  -5  -3  -5   9  -5  -5  -1  -5  -2  -4  -4  -2  -4  -5  -2  -1  -5  -5   3   25   0   1   0  39   0   0   5   0   2   0   1   1   1   0   2   3   0   0  21  1.27 0.54
  314 A     4  -5  -2  -3   8  -4  -4  -4  -5  -2  -3  -4  -4  -3  -4   1   0  -5  -3  -2   37   0   2   1  35   0   0   0   0   2   2   0   0   1   1  10   5   0   1   2  1.22 0.54
  315 T     3  -4  -4  -5   2  -4  -4  -2  -3   0   3  -4   2  -3  -4  -2   1  -4  -4   0   34   0   0   0   4   0   0   2   1   4  34   0   6   0   0   0   8   0   0   5  0.57 0.36
  316 V    -3  -5  -5  -5  -1  -3  -5  -6  -3   4   4  -5   4   0  -5  -4  -2  -4  -2   1    1   0   0   0   1   1   0   0   1  26  42   0  13   2   0   1   2   0   1   8  0.86 0.40
  317 F    -5  -6  -6  -7  -6  -6  -6  -6  -3  -4  -4  -6  -1   8  -7  -5  -5   0   7  -3    0   0   0   0   0   0   0   0   0   0   0   0   2  52   0   0   0   1  43   1  2.26 0.77
  318 R    -5   8  -4  -5  -4  -1  -4  -6  -3  -6  -5  -1  -5  -6  -6  -4  -5  -6  -5  -6    0  93   0   0   0   2   0   0   0   0   1   1   0   0   0   1   0   0   0   0  2.49 0.87
  319 G    -3  -4  -4  -3  -6  -5  -5   7  -5  -7  -7  -5  -6  -6  -5  -4  -5  -6  -6  -4    1   1   0   2   0   0   0  94   0   0   0   0   0   0   0   0   0   0   0   1  2.27 0.77
  320 P    -3   3   2   5  -5   1   0  -3  -1  -4  -4   2  -4  -4  -1  -1  -2  -5  -3  -4    0  16   9  39   0   6   3   1   1   1   1  11   0   1   3   4   1   0   1   1  0.72 0.37
  321 M    -2  -4  -3  -5   0  -3  -5  -5  -5   2   0  -4   6  -1  -3  -4  -2  -1  -3   5    2   1   1   0   2   1   0   0   0  12   6   0  20   2   1   0   1   1   0  49  0.95 0.46
  322 S    -1  -4   0  -3  -1  -2  -1  -2  -4  -1  -3  -3  -2  -3  -1   5   1  -5  -4   3    4   0   3   0   1   1   4   3   0   3   1   1   0   1   2  43   8   0   0  26  0.60 0.40
  323 M    -2  -4  -3  -2  -4   0  -2  -3  -3  -1   0  -3   6  -4   6   0   1  -5  -4  -2    2   0   1   2   0   4   2   1   0   4   6   1  21   0  36   8   9   0   0   1  0.89 0.45
  324 K    -2   3  -1  -2   0   0  -2  -3   0  -4  -4   6  -4  -2  -4   0  -2  -5  -2  -4    3  15   3   2   2   2   1   1   2   1   1  56   0   2   0   7   1   0   1   0  0.95 0.47
  325 E    -3  -3  -1   6  -6  -1   5  -3  -3  -4  -4  -2   0  -6  -3  -2  -3  -6  -5  -5    1   0   2  40   0   1  43   1   0   1   1   2   2   0   1   2   1   0   0   0  1.24 0.54
  326 V     0  -5  -5  -4   0  -5  -5  -4  -5   3   0  -5  -1  -3  -3  -4  -3  -5  -4   6    9   0   0   1   2   0   0   1   0  16   6   0   1   0   1   0   1   0   0  62  1.09 0.49
  327 D    -2  -2   5   4  -5  -1   3  -2   1  -5  -5  -2  -4  -5  -4  -1  -1  -5  -2  -5    2   1  35  23   0   2  22   2   3   0   0   1   0   0   0   3   4   0   2   0  0.95 0.45
  328 E     2  -1   0   2  -2   1   3  -2  -1  -3  -2  -1  -1  -4  -3   1   0  -4  -1  -2   21   3   4  12   1   4  26   2   1   1   3   2   2   0   0   8   5   0   2   3  0.33 0.24
  329 Q     4  -2  -2  -3  -2   5  -1  -3   0  -3  -1  -1  -3  -5  -4   0   0  -5  -2  -2   36   1   2   0   1  34   3   1   2   1   5   2   0   0   0   5   4   0   1   3  0.71 0.44
  330 M    -2  -3  -4  -6  -4  -4  -5  -6  -5   5   1  -4   7  -3  -5  -4  -2  -5  -3   3    2   1   0   0   0   0   0   0   0  36   8   1  32   0   0   0   1   0   1  15  1.21 0.53
  331 L     3   0  -1  -2  -1   1  -1  -2  -1   0   1  -1   2  -1  -2   1   0  -3  -1  -1   28   4   2   2   1   7   2   2   2   3  18   3   7   3   1   8   4   0   1   2  0.16 0.18
  332 A     1   0   4   0  -3   1  -1  -1  -1  -3  -3   1  -2  -3  -3   2   2  -4  -2  -2   15   3  23   4   0   6   3   3   1   0   2   7   1   0   0  14  14   0   1   2  0.36 0.25
  333 I    -2  -4  -5  -5  -3  -4  -5  -5  -5   5   2  -4   1   0  -5  -3   0  -4   0   3    2   1   0   0   0   0   0   0   0  40  17   0   3   3   0   1   5   0   3  24  0.81 0.38
  334 Q    -3   2  -2  -3  -3   5   0  -4  -2  -5  -2   5  -4  -5  -2  -1  -3  -5  -2  -4    1   9   1   0   1  31   3   0   0   0   4  41   0   0   1   4   0   0   1   1  1.03 0.52
  335 N     0  -1   5   0  -1   1  -1  -2  -1  -4  -4   0  -1  -4  -3   1   4  -5  -4  -2    7   2  27   4   2   5   4   2   1   0   0   5   2   0   0  11  25   0   0   2  0.52 0.33
  336 K    -3   2  -1  -2  -3   0  -1  -3  -2  -3  -3   6  -1  -5  -3  -1  -1  -5  -4  -3    1  10   3   2   1   3   2   1   1   1   2  62   2   0   1   4   4   0   0   2  1.04 0.50
  337 N    -2   4   6  -1  -4   0  -2  -3   1  -4  -3   2  -3  -5  -3   0  -2  -3  -2  -3    2  28  36   2   0   3   0   1   3   1   3  10   0   0   1   6   1   0   1   1  0.84 0.42
  338 S    -1  -2   0  -2  -2  -2  -1  -1   0  -3  -3  -2  -1  -4  -1   5   3  -5  -4  -3    3   1   3   1   1   1   3   4   2   1   2   1   2   0   3  47  21   0   0   1  0.68 0.41
  339 S     0  -2  -1  -1  -2   0  -2  -1  -2   4  -1  -2  -1  -1   0   2  -1  -4  -1   1    6   1   3   3   1   4   2   4   0  28   4   2   1   3   5  23   1   0   2   7  0.23 0.22
  340 Y    -1   0   0   0   2   0   0  -1   2   0  -1   0   2   1   0  -1   0   4   1  -1    5   5   5   5   5   5   5   5   5   5   5   5   5   5   5   5   5   5   5   5  0.09 0.08
  341 F    -4  -4  -4  -5  -4  -4  -5  -5   2  -3   0  -4   2   8  -1  -4  -4   3   2  -1    1   0   0   0   0   0   1   1   6   0   6   0   5  60   4   1   0   4   5   5  1.38 0.54
  342 V     0  -3  -4  -4   2  -3  -3  -4  -4   2  -1   1   1   0  -3  -1  -1  -4   0   5    9   0   0   0   5   0   1   1   0   8   4   9   3   3   0   4   3   0   3  46  0.49 0.31
  343 E    -2  -2   0   4  -5   1   4  -1  -3  -5  -5   1  -4  -5   0  -1  -1  -5  -4  -4    3   0   4  27   0   5  34   5   0   0   1   9   0   0   4   3   3   0   0   0  0.72 0.35
  344 W    -4  -5  -1  -5  -5  -4  -5  -1  -4  -4  -2  -5  -4   2  -5   0  -4  11   1  -5    1   0   4   0   0   0   0   5   0   0   3   0   0   7   0   9   0  64   4   0  2.43 0.68
  345 I    -1  -3  -3  -2   5  -2  -3  -2  -3   4   1  -3   1   0  -3  -1  -1   1  -2   1    2   0   0   3  18   2   1   3   0  33  10   0   3   3   0   6   4   2   0   6  0.39 0.24
  346 P    -2  -1  -4  -1  -5  -2  -3  -2  -4  -4  -3  -2  -1  -5   8  -2  -3  -5  -5  -2    2   4   0   3   0   2   0   3   0   0   2   2   2   0  72   2   0   0   0   3  1.78 0.57
  347 N    -1   1   1   1   2   1   1   0   2  -1  -2   1  -2  -2   1   0   0  -3   1  -2    1   7   7   7   7   7   7   7   7   7   1   7   0   0   7   7   7   0   7   0  0.13 0.14
  348 N     0   1   1   1   2   1   1   0   2  -3  -3   1  -2  -2   1   0   0  -3   1  -2    7   7   7   7   7   7   7   7   7   0   1   7   0   0   7   7   7   0   7   0  0.17 0.14
  349 V     0  -3  -3  -3   4   0  -3  -3  -3   1   1  -3   1   4  -3   0   1  -2  -1   1    6   0   0   0  13   6   0   1   0  10  10   0   5  23   0   6   9   0   0   9  0.32 0.22
  350 K     0   1   1  -1  -2   1   1  -2   2   0   0   1   2  -2  -2   0   1  -3  -2  -1    8   8   8   0   0   8   8   1   8   8   8   8   8   0   0   8   8   0   0   0  0.11 0.12
  351 V     0  -2   1  -2   2  -1  -1  -1  -2   0   0   0   1  -2  -2   1   2   2   0   1    6   0   8   0   5   0   5   4   0   5  10   5   4   0   0   9  19   3   4  12  0.11 0.14
  352 A     2  -2   1   0   1  -2   0   2  -2  -3  -3  -2  -2  -1   0   2   0   2  -2  -2   22   0   6   5   3   0   5  18   0   0   1   0   0   3   4  22   6   3   0   0  0.29 0.21
  353 V     0  -1  -2  -2   3   1  -2  -3   2   1   0   0   2   1  -2   0   0  -2   2   0    8   0   0   0   7   7   0   1   7   8   8   8   7   7   0   8   8   0   7   8  0.10 0.14
  354 C    -1  -4   3  -3   8  -3  -3  -1  -3  -3   0  -3  -3   0   0   0   0  -4   1   0    5   0  19   0  31   0   0   3   0   0   8   0   0   4   4   6   5   0   5   7  0.68 0.39
  355 D     0   0   0   2   0   0   1   0   1  -2  -1   0  -2   0   0   1   0  -2   2  -2    4   4   4  16   2   2   7   6   3   0   7   4   0   4   3  14   7   0   9   3  0.12 0.13
  356 I    -1   0  -2  -2  -3   3   0  -2   0   3  -1  -1   1   0  -3   1   0  -3   0   2    2   4   0   0   0  16   4   2   2  20   4   3   3   4   0  12   4   0   4  15  0.18 0.20
  357 P     0   1   1  -1   3  -1   0  -2   2   0   0   1  -1  -2   1   0   1  -3  -2  -1    8   8   8   0   8   0   8   1   8   8   8   8   0   0   8   8   8   0   0   0  0.12 0.12
  358 P     0   0   1   0  -2   1  -1   0  -2   0   0  -1   1   1   1   0   0  -3  -1   0    7   7   7   7   0   7   0   7   0   7   7   0   7   7   7   7   7   0   0   7  0.05 0.09
  359 R     2   3  -1  -1   0  -1  -1  -2   0  -1  -2   1   0  -1  -1  -1   1   0   0   0   21  15   2   3   2   2   2   3   2   4   4   9   2   3   3   3   9   1   3   5  0.15 0.20
  360 G     0  -1   0   0   0   0  -1   3   2  -4  -4   2  -1  -2   1   0  -1  -4  -1  -2    7   3   3   6   2   4   2  29   5   0   0  13   2   2   7   6   3   0   2   3  0.29 0.26
  361 L    -1  -2  -2  -4   0  -1  -2  -1   0   0   1  -3   1   1  -1  -1   0  -3   0   4    3   2   2   0   2   3   2   5   2   3  15   0   4   5   3   3   7   0   2  34  0.25 0.28
  362 K    -1   0   0   1  -4   2   0  -2   0  -2  -2   3   0  -2   4  -1   0  -4  -3  -2    3   4   3   7   0  11   5   3   3   2   3  20   3   2  18   4   5   0   0   2  0.32 0.30
  363 M    -2   3  -1  -3  -1   2  -1  -1  -2  -1   1   0   5  -1  -2  -2   0  -1  -1  -1    2  23   2   0   2   9   1   4   0   3  15   3  19   1   1   2   8   1   2   2  0.28 0.23
  364 A     3  -3   0  -2   0  -2  -2  -1  -3  -3  -1  -2  -2  -3  -1   4   1  -4  -3  -1   28   0   3   0   2   0   1   4   0   0   6   1   0   0   2  39   9   0   0   3  0.49 0.31
  365 S     3  -1  -2  -3   1  -2  -2   2  -3   0  -1  -2   1  -3  -3   1   0  -3  -3   2   27   4   0   0   4   0   0  16   0   2   5   0   4   0   0   9   6   0   0  22  0.26 0.20
  366 T     0  -3  -2  -3   5  -2  -2   0  -3   0  -1  -2  -2  -3   3   1   3  -3  -3   1    6   0   0   0  14   0   1   8   0   4   4   0   0   0  14   8  28   0   0  11  0.38 0.23
  367 F     0   0  -2  -3   1  -2  -2   0  -2   0   1  -2   4   3   1  -1   0  -2   1   0    7   7   0   0   4   0   1   7   0   3   9   0  18  18   6   3   7   0   4   4  0.18 0.17
  368 I    -1  -2  -3  -3   1   0  -2  -3   0   2   2  -1   2  -1   1  -2  -1  -2   1   1    5   0   0   0   4   4   1   1   3  16  30   4   6   0   7   1   3   0   7   8  0.20 0.15
  369 G     1  -1  -1  -2   1   0  -2   3  -2   0  -1  -2   0   0  -2   2   1  -3  -2  -1   11   2   0   0   3   5   1  27   0   7   5   0   2   5   0  20   7   0   0   3  0.22 0.17
  370 N    -3  -2   6   2  -4  -2   0  -1   3  -4  -3  -2  -3  -3  -3   0  -1  -4   1  -2    1   0  55   8   0   0   4   2   7   0   3   0   0   0   0   6   3   0   5   3  0.79 0.36
  371 S     0   0   2  -2  -2  -1  -2   0   0  -2  -1  -1  -2  -3   0   3   3  -3  -1  -2    7   4  14   0   0   0   0   5   3   0   9   0   0   0   4  29  21   0   2   0  0.30 0.22
  372 T    -1  -2   1  -2   0  -2   0  -3  -2  -2  -1  -2  -1  -2  -2   1   5  -3   1   0    4   0   6   0   1   0   5   1   0   0   5   0   1   0   0   7  58   0   5   4  0.56 0.31
  373 A     4  -2   1  -2   0  -2   0   0   2  -2  -1  -2  -2  -3  -2   2  -1  -4  -3  -1   50   0   7   0   2   0   5   4   6   1   6   0   0   0   0  14   1   0   0   2  0.41 0.26
  374 I    -2  -3   0  -3  -2  -3  -3  -4  -4   5   1  -3   1  -2  -3   0  -1  -4  -3   2    1   0   5   0   0   0   0   1   0  50  13   0   3   0   0   7   2   0   0  15  0.57 0.28
  375 Q     0   0   1  -2   2   1   0   0   2   0   0   0   1  -2  -2   0   0  -2   1   0    6   6   6   0   6   6   6   6   6   6   6   6   6   0   0   6   6   0   6   6  0.06 0.11
  376 E    -1   0   0   1   0   1   4  -1   2  -2  -2   1  -3  -2   0   0   0  -4  -3  -2    5   3   4   6   2   6  30   4   5   2   3   9   0   2   5   6   4   0   0   3  0.28 0.24
  377 L     2  -1  -3  -3   1   0  -1  -3  -3   1   1  -2   2   0  -1   0   1  -3  -3   1   23   3   0   0   3   5   3   0   0   8  17   0   6   3   3   5   9   0   0   9  0.19 0.22
  378 F    -4  -5  -5  -6   1  -5  -5  -5   0  -1   0  -2   1   6  -5  -5  -1   9   1  -4    0   0   0   0   3   0   0   0   3   4  10   3   4  36   0   0   4  27   2   0  1.46 0.60
  379 K     0   1   0   0   1   2   0   0   1  -2  -3   2  -1  -1  -1   1   1  -3  -1  -2    9   9   4   6   3   9   5   6   4   2   1  17   1   4   2   9   7   0   2   2  0.16 0.15
  380 R    -2   6   0  -4   1   0  -3  -3   2  -5  -4   2   0  -4  -4  -1  -1  -4   0  -4    4  55   4   0   3   2   0   2   4   0   1  10   3   0   0   4   4   0   3   0  1.00 0.50
  381 I    -3  -4  -2  -4   0  -2  -4  -4  -1   4   3  -4   1   1  -4  -2   0  -3  -2   2    0   0   2   0   2   2   0   0   2  26  31   0   4   6   0   4   7   0   0  12  0.49 0.30
  382 S     0  -2   1   2   1  -1  -1  -1   0  -1   1  -1  -2  -1  -2   1   0  -1  -1   0    7   2   6  16   4   1   2   5   3   2  19   2   0   3   2  15   4   1   1   5  0.11 0.15
  383 E    -1   1   1   1  -2   1   3  -1   5  -3  -3   1  -1  -3  -2  -1  -2  -4   0  -4    6   6   6   9   1   5  22   6  15   1   2   7   1   1   1   2   2   0   3   1  0.39 0.29
  384 Q    -1   0   1  -3  -5   5  -1  -3   2  -3  -2   5  -1  -5  -1  -1  -2  -5  -3  -2    4   4   7   0   0  26   2   2   4   2   4  31   1   0   3   3   1   0   1   3  0.68 0.45
  385 F    -5  -6  -5  -6  -5  -6  -6  -3   0  -4  -3  -6  -4   9  -6  -1  -1  -3   2  -2    0   0   0   0   0   0   0   2   2   0   1   0   0  75   0   5   4   0   6   3  2.09 0.79
  386 S    -2   0   0   5  -1  -1  -1  -1  -1  -4  -3  -1   0  -4  -3   2   3  -5  -3  -2    3   5   3  30   2   3   3   4   1   0   3   3   3   0   0  15  19   0   1   2  0.50 0.34
  387 A     2  -2  -2  -2  -3  -1  -1  -2  -2   0   2   1   0  -3   1   0   0  -4  -3   0   24   1   1   2   0   3   2   2   1   4  25   9   3   0   6   5   4   0   0   8  0.20 0.20
  388 M    -4  -5  -5  -6  -5  -4  -5  -6  -2   0   3  -4  10  -4  -6  -5  -1  -5  -1  -2    0   0   0   0   0   0   0   0   1   3  23   1  61   0   0   0   4   0   2   1  1.95 0.80
  389 F    -4  -5  -5  -6  -1  -5  -5  -5  -1  -2   1  -5   0   7  -5  -5  -4  -2   6  -2    1   0   0   0   1   0   0   1   1   2  12   0   3  44   0   0   0   0  30   2  1.53 0.59
  390 R     1   5   0  -2  -4   1  -1   0   0  -4  -4   2  -2  -4  -3   2  -2  -2  -4  -3   14  32   3   1   0   5   2   5   2   0   1  14   1   0   0  15   1   1   0   1  0.57 0.33
  391 R    -4   6  -2   0  -2  -1  -3  -5  -1  -5  -5   5  -4  -5  -3  -3  -4   2  -4  -3    1  46   1   5   1   1   0   1   1   0   1  36   0   0   1   0   0   2   0   2  1.33 0.57
  392 K    -4   6  -3  -4  -3   0  -3  -5   0  -5  -2   6  -2  -5  -4  -3  -4  -5  -4  -5    0  39   0   0   1   4   0   0   2   0   5  44   1   0   0   1   0   0   0   0  1.33 0.58
  393 A     6  -4   0  -4  -2  -4  -3  -2  -4  -4  -3  -2  -4  -5  -4  -2  -2   2  -3  -4   80   0   5   0   1   0   2   1   0   0   2   2   0   0   0   1   2   2   1   0  1.41 0.65
  394 F    -5  -5  -5  -6  -5  -5  -6  -6   3  -2  -3  -6  -4   9  -6  -5  -5  -3   4  -4    0   0   0   0   0   0   0   0   7   2   0   0   0  75   0   0   0   0  12   0  2.25 0.73
  395 L    -3  -3  -5  -5  -3  -2  -4  -4  -4   2   4  -4   2   0  -2  -4  -2  -4  -3   4    0   1   0   0   0   1   0   1   0   8  45   0   5   3   2   0   2   0   0  29  0.74 0.35
  396 H    -5  -1  -1  -4  -6  -2  -4  -5  10  -5  -5  -2  -5   0  -5  -4  -3  -5  -1  -1    0   2   2   0   0   2   0   0  77   0   0   2   0   4   0   0   1   0   1   5  2.50 0.79
  397 W    -5  -5  -1  -6  -1  -3  -5  -3   3  -5  -3  -2  -5  -2  -3  -1  -5  12  -2  -6    0   0   3   0   1   1   0   2   6   0   3   2   0   1   2   6   0  69   0   0  2.86 0.84
  398 F    -1  -6  -2  -7  -6  -5  -6  -7  -1  -5  -3  -6  -5   3  -7  -5  -5  -2   9  -5    5   0   2   0   0   0   0   0   1   0   2   0   0  11   0   0   0   0  80   0  2.54 0.85
  399 T    -2  -2  -4  -4   2  -2  -2  -5  -4   1  -1  -1   0  -4  -4  -2   5  -5  -2   3    1   2   0   0   5   2   2   0   0   8   6   3   2   0   0   0  44   0   2  25  0.75 0.42
  400 G     0  -1  -1  -1   0  -2  -1   6  -2  -3  -4  -3   1  -5  -4   0  -2  -1  -2  -4    8   3   2   3   2   1   5  58   1   1   0   1   5   0   0   6   1   1   2   0  0.89 0.40
  401 E    -3  -3  -2   0  -7   0   7  -5   0  -6  -6  -2  -5  -6  -4   0  -3  -6  -5  -6    1   0   1   2   0   2  83   0   2   0   0   1   0   0   0   7   1   0   0   0  1.80 0.71
  402 G    -3  -5  -4  -5  -2  -5  -5   7  -5  -7  -7  -2  -6  -6  -5  -4  -5  -6  -6  -5    0   0   0   0   1   0   0  94   0   0   0   3   0   0   0   0   0   0   0   1  2.27 0.72
  403 M    -4  -5  -5  -6  -5  -4  -4  -4  -5  -1   1  -4  10  -3  -6  -2  -3  -5  -4  -1    0   0   0   0   0   0   1   1   0   2  11   1  76   0   0   3   1   0   0   3  2.20 0.77
  404 D    -4  -3  -1   6   0  -2   5  -3  -3  -5  -5  -3  -5  -6  -4  -1  -3  -6  -5  -5    0   0   1  43   2   0  44   2   0   1   1   0   0   0   0   4   1   0   0   0  1.35 0.53
  405 E    -3  -3  -1  -1  -6   0   7  -1  -3  -2  -4  -2  -2  -4  -3  -3  -2  -2  -5  -2    1   0   2   1   0   3  76   5   0   3   1   1   1   1   1   0   2   1   0   3  1.37 0.58
  406 M    -1  -3  -1  -1  -1   0  -2   3  -2  -1  -1  -2   7  -1  -4   0   0  -2  -3  -1    5   1   2   3   1   5   2  22   1   2   3   1  33   3   0   6   6   0   0   2  0.54 0.33
  407 E    -4  -3   1   1  -7   0   7  -5  -3  -7  -6  -3  -5  -3  -5  -3  -4  -6  -5  -5    1   0   6   7   0   2  81   0   0   0   0   0   0   1   0   1   0   0   0   1  1.77 0.69
  408 F    -6  -6  -7  -7  -6  -7  -7  -7  -5  -2  -1  -7   1   9  -7  -6  -6  -3  -1  -4    0   0   0   0   0   0   0   0   0   1   4   0   3  91   0   0   0   0   0   0  2.67 0.80
  409 T     0  -3  -1  -1  -1   1  -1  -3  -2   0  -2  -2   0  -2  -3   3   5  -3  -2  -1    5   1   2   2   1   7   2   1   1   6   2   1   2   2   0  22  39   0   1   3  0.51 0.33
  410 E    -2  -4  -3   2  -7   0   7  -2  -4  -6  -5  -1  -5  -7  -5  -3  -3  -6  -6  -5    3   0   1   9   0   2  78   3   0   0   1   2   0   0   0   1   1   0   0   1  1.67 0.66
  411 A     7  -3  -5  -5  -1  -4  -4  -3  -5  -5  -2  -4  -2  -6  -4  -2  -2  -6  -5  -3   90   1   0   0   1   0   0   0   0   0   4   0   1   0   0   1   2   0   0   0  1.71 0.69
  412 E    -3   5  -2  -1  -3   2   5  -4  -1  -3  -3  -1  -3  -5  -1  -2  -3  -5  -1  -4    1  29   1   2   0   8  43   0   1   2   2   2   1   0   4   2   0   0   2   0  0.91 0.44
  413 S    -1  -2   1   0  -4   0   4  -3   0  -4  -4  -1  -2  -5  -4   4  -1  -5  -2  -4    3   2   6   3   0   3  30   0   2   1   1   2   1   0   0  42   2   0   1   0  0.75 0.42
  414 N    -3  -2   7   4  -4  -2  -2  -3   0  -4  -6   0  -5  -6  -5  -1  -1  -7  -4  -6    2   2  53  25   0   1   1   1   2   1   0   6   0   0   0   3   3   0   1   0  1.29 0.53
  415 M    -2  -4  -5  -6   0  -4  -5  -6  -5   3   4  -5   7  -2  -5  -4  -1  -5  -4   1    2   0   0   0   2   0   0   0   0  17  35   0  32   1   0   0   3   0   0   9  1.06 0.46
  416 N     2   0   4   0   1   1  -1  -2  -1  -2  -2   1  -2  -4  -3   0  -1  -5  -2  -1   24   4  26   4   4   6   3   1   1   2   3   9   1   0   0   5   1   0   1   4  0.35 0.25
  417 D     3  -4  -1   6  -1  -2  -1  -2  -4  -4  -5  -3  -3  -6  -4   0   1  -6  -5  -3   24   0   2  53   1   1   1   2   0   1   0   0   1   0   0   5   7   0   0   2  1.06 0.47
  418 L    -5  -6  -7  -7  -5  -6  -6  -7  -6   1   6  -6   0  -3  -6  -6  -3  -5  -4  -2    0   0   0   0   0   0   0   0   0   5  91   0   1   0   0   0   1   0   0   1  1.76 0.64
  419 V    -3  -3  -4  -4  -2  -1   4  -6  -4   5  -2  -1  -1  -2  -5  -3  -3  -5  -4   4    1   1   0   0   1   2  26   0   0  32   1   3   1   2   0   1   0   0   0  30  0.84 0.42
  420 S     0   0   0   0  -2   1   1  -3   0  -4  -4   3  -2  -5  -3   4   0  -3  -2  -2    7   4   3   5   1   5   8   1   2   0   1  23   1   0   0  34   4   0   1   2  0.48 0.31
  421 E    -3  -2  -3   5  -7  -1   6  -3  -4  -6  -5  -3  -6  -7  -5  -3  -4  -7  -6  -6    1   2   0  36   0   1  57   1   0   0   1   0   0   0   0   0   0   0   0   0  1.63 0.63
  422 Y    -6  -6  -6  -7  -7  -6  -6  -4  -2  -5  -4  -6  -5   0  -7  -4  -6  -2  10  -3    0   0   0   0   0   0   0   2   0   0   1   0   0   2   0   1   0   0  93   2  3.05 0.91
  423 Q    -3   1  -2  -1  -2   6   3  -2  -3  -3  -1   2  -2  -5  -4  -3  -3  -5  -4  -3    1   7   0   3   1  44  22   3   0   1   6   9   1   0   0   0   0   0   0   1  0.91 0.44
  424 Q    -4  -2   0  -2  -1   6   5  -3  -2  -6  -5  -1  -4  -6  -4   0  -3  -5  -3  -4    0   1   3   0   2  43  37   2   1   0   0   2   0   0   0   6   0   0   1   1  1.24 0.53
  425 Y    -2  -5  -5  -6   2  -4  -5  -3   1   0  -2  -5  -1   0  -5  -3  -4  -2   7   4    3   0   0   0   4   0   0   2   4   3   2   0   1   2   0   1   0   0  47  29  1.19 0.48
  426 Q     1  -2  -2  -1  -3   6   3   2   0  -5  -5  -2  -3  -3  -4  -1  -3  -5  -4  -4   10   0   1   2   0  42  20  15   2   0   0   0   0   1   0   4   1   0   0   1  0.86 0.41
  427 D    -1  -1   1   4  -3  -1   3  -1   0  -1  -3   0   0  -2  -3   0  -1  -4  -1  -2    5   2   6  31   1   1  20   5   2   3   2   3   3   2   0   6   3   0   2   3  0.39 0.21
  428 A     4  -3   0   3   1  -1   0   0  -3  -1  -2  -2   0  -2  -2   0  -1  -4  -3   0   39   0   3  19   3   1   5   6   0   2   3   0   2   2   1   4   2   0   0   6  0.36 0.24
  429 T    -1  -2  -1   0  -2  -2  -1   1  -1  -1  -3   0  -1  -4  -1   2   5  -4  -1  -2    3   1   1   5   1   1   3   9   1   4   1   4   1   0   3  17  41   0   2   1  0.48 0.29
  430 V     2  -2  -2  -1   2  -2  -2  -1  -3   2   0  -2   0  -2   0  -1   0  -4  -1   2   26   1   1   4   5   0   1   4   0  13   5   1   3   1   5   2   7   0   1  19  0.20 0.17
  431 N    -2  -2   0   5  -5  -1   4   0  -2  -3  -4   0  -2  -5  -2   0  -1  -5  -4  -3    2   0   3  39   0   1  27   9   0   2   1   4   1   0   1   7   2   0   0   1  0.72 0.30
  432 D    -1  -2   2   5  -4  -1   3   0  -2  -3  -3  -1  -2  -4   0   0  -1  -4  -2  -1    5   1   9  32   0   1  22   5   0   0   2   1   1   0   4   7   3   0   1   4  0.49 0.23
  433 G     0  -2   1   3  -3  -1   4   2  -2  -4  -3   0  -2  -2  -2   0  -2  -4  -1  -2    6   0   6  16   0   0  32  18   0   0   2   4   1   2   1   6   1   0   2   2  0.44 0.22
  434 E    -1   0   1   3  -1   1   4   0  -2  -3  -3   0  -2  -3  -1   0  -1   1  -2  -1    2   4   5  15   1   6  34   6   0   1   1   4   0   0   2   5   3   2   1   6  0.36 0.19
  435 E    -2   0   1   2  -5   1   5  -2  -2  -3  -3  -1  -2  -2  -3   0  -2  -4  -1  -3    2   5   7  11   0   5  50   3   0   2   2   2   1   2   0   4   0   0   2   1  0.69 0.30
  436 A     1  -2   0   3  -3  -1   2   2  -2  -2  -2  -2   1  -1  -2   1  -1  -3  -1  -1   14   2   3  21   0   0  13  15   0   2   3   0   7   3   0   9   2   0   2   4  0.22 0.14
  437 F    -1  -2  -1   1   0  -1   3  -1   1  -1  -1  -2   2   2  -3  -1  -2  -2   4  -1    5   0   2   8   3   2  24   6   3   3   6   0   7   8   0   4   1   0  18   2  0.25 0.17
  438 E    -1  -2   0   3  -4   0   4   0  -2  -1  -2  -2  -2  -1  -2  -1  -1  -3   2  -1    5   1   4  20   0   1  34   6   0   3   2   0   1   2   1   3   2   0   8   5  0.39 0.21
  439 D    -1  -2   1   5  -5  -1   3   1   1  -4  -3  -2  -4  -4  -3  -2   0  -2  -3  -3    3   0   6  41   0   0  25  10   4   0   2   0   0   1   0   0   5   1   1   1  0.71 0.26
  440 E    -1  -2   0   4  -4   0   4   1  -2  -3  -2  -1  -2   0  -3   0  -1  -4  -2  -2    3   1   2  26   0   3  31  14   0   0   5   0   1   5   0   5   2   0   0   3  0.41 0.17
  441 D     0   0  -1   4  -1   1   3   1  -1  -2  -3  -1  -3  -2  -1   0  -2  -4   0  -3    7   5   1  26   2   4  30   9   0   2   0   0   0   1   3   6   0   0   3   1  0.39 0.15
  442 E     0  -1  -1   2  -4   1   5  -3   0  -3  -3  -1   1  -3  -1   1  -1  -3   0  -3    6   1   0  11   0   3  49   0   2   0   1   1   5   0   2  14   0   0   5   0  0.53 0.19
  443 E     1  -1  -1   3  -4   2   4  -1  -1  -3  -3   0  -2  -3  -2   0  -1  -4  -3  -2   11   0   0  17   0   9  41   5   0   0   1   5   0   1   0   6   2   0   0   3  0.47 0.15
  444 E     0  -2  -1   3  -4   0   5  -1   1  -3  -4  -1  -3  -4  -2   0  -1  -4  -3  -2    6   0   0  18   0   0  58   4   5   0   0   0   0   0   1   4   2   0   0   4  0.66 0.16
  445 I    -1  -2  -3  -4   3  -1  -3  -3  -3   3   2  -2   2   0  -3  -2  -1  -2   0   2    5   0   0   0   9   2   0   0   0  20  26   3  10   0   0   0   0   0   5  20  0.26 0.07
  446 N     0  -1   4   3  -3   0   3  -1  -1  -3  -3   0  -2  -3  -1   1   0  -4  -3  -3   11   0  31  17   0   0  25   0   0   0   0   4   0   0   2   8   3   0   0   0  0.41 0.06
  447 E    -1  -1   0   3  -4   1   5  -2  -1  -4  -4   0  -3  -4  -2  -1  -1  -4  -3  -3    0   0   0  16   0   0  84   0   0   0   0   0   0   0   0   0   0   0   0   0  0.84 0.06

                      K         Lambda
Standard Ungapped    0.1341     0.3182
Standard Gapped      0.0456     0.2670
PSI Ungapped         0.1491     0.3179
PSI Gapped           0.0456     0.2670
