
Last position-specific scoring matrix computed, weighted observed percentages rounded down, information per position, and relative weight of gapless real matches to pseudocounts
            A   R   N   D   C   Q   E   G   H   I   L   K   M   F   P   S   T   W   Y   V   A   R   N   D   C   Q   E   G   H   I   L   K   M   F   P   S   T   W   Y   V
    1 M    -2  -3  -4  -4  -2  -2  -3  -4  -3   3   2  -3   8  -1  -4  -3  -2  -3  -2   1    0   0   0   0   0   0   0   0   0  19  10   0  66   0   0   0   0   0   0   6  0.85 0.20
    2 V     0  -2  -2  -3   2  -2  -1  -2  -3   1   2  -2   5  -2  -3  -1   2  -3  -2   1    5   0   0   0   6   0   6   2   0   5  17   0  27   0   0   3  18   0   0  11  0.27 0.13
    3 E    -1   0  -1   3   0   0   5  -1  -2  -4  -4  -1  -3  -5  -1  -1   0  -5  -4  -4    4   5   0  16   3   0  61   4   0   0   0   0   0   0   1   0   6   0   0   0  0.82 0.25
    4 E    -2  -2  -1   3  -3   3   3  -3  -2   0  -3  -1  -2  -4   3   1   1  -4  -3  -1    0   0   0  18   0  16  20   0   0  10   0   0   0   0  13  12   9   0   0   2  0.42 0.17
    5 V     0  -3  -3  -4  -2  -3  -2  -4  -4   2   1  -2   1  -2   1  -1   0  -4  -1   4    6   0   0   0   0   0   2   0   0   6  12   2   2   0   6   4   3   0   2  54  0.43 0.18
    6 Q    -1   2  -1  -2  -4   5   3  -3   0  -4  -4   2  -3  -5   3  -1  -1  -4  -3  -4    3  11   2   0   0  34  17   0   2   0   0  10   0   0  17   2   2   0   0   0  0.70 0.24
    7 K    -2   3  -2  -3  -4   1  -1  -1  -1  -2   0   4  -2  -4   4  -1  -2  -4  -3  -3    0  18   0   0   0   7   2   3   1   2  12  32   0   0  20   1   1   0   0   0  0.55 0.21
    8 H    -2  -1   0   0  -4   4   2  -3   6  -2  -3   0  -2  -3   2  -1   0  -4   0  -3    2   0   3   4   0  21  16   0  22   2   2   6   0   0  10   2   6   0   3   1  0.52 0.21
    9 S     0  -1   0  -2  -3  -1  -1  -2  -1  -3  -4   1  -3  -1   2   4   2  -4  -3  -2    7   2   2   0   0   1   1   1   2   0   0  11   0   4  11  44  14   0   0   1  0.50 0.24
   10 V    -1  -3  -4  -4  -3  -3  -2  -5   0   1   3  -3   1  -1  -2  -2   0  -3   0   4    2   1   0   0   0   0   3   0   3   2  37   0   1   1   2   1   5   0   3  39  0.50 0.22
   11 H    -1   0   1   0  -4   0   2  -2   6  -3  -1   2  -2  -3  -1   1  -1  -4   0  -3    2   3   5   6   0   3  12   1  24   0   9  15   0   0   3  12   3   0   2   0  0.37 0.19
   12 T    -1  -1   1   2  -3   0   1  -1  -1  -3  -1   2  -1  -2   1   1   2  -1  -3  -2    3   0   7  11   0   2   9   4   1   0   7  16   1   1   6  10  20   1   0   0  0.22 0.14
   13 L    -1  -4  -4  -5  -3  -2  -4  -5  -4   1   5  -2   1  -2  -4  -1  -1  -4  -3   0    5   0   0   0   0   2   0   0   0   7  70   2   1   0   0   5   3   0   0   5  0.77 0.30
   14 V    -1  -4  -4  -2  -3  -3  -4  -4  -4   4   1  -4   1  -2  -4   0   0   3  -3   4    4   0   0   2   0   0   0   0   0  26   9   0   3   1   0  10   3   4   0  38  0.54 0.25
   15 F    -3   2  -2  -3   0   1  -1  -1  -3  -2   1   0  -2   6  -4  -2  -2  -2   0  -2    0  16   1   1   2   6   3   4   0   0  12   6   0  43   0   1   2   0   0   2  0.58 0.26
   16 R    -1   5  -1  -3  -4   2   0  -3   2  -3  -1   3  -1  -2  -3  -1  -1  -4  -3  -3    5  39   2   0   0   9   4   0   5   1   7  16   1   2   0   4   3   0   0   0  0.54 0.23
   17 S    -1  -2   2  -2   0  -2  -2  -1  -3  -4  -4  -2   0  -4   0   6   0  -5  -4  -3    3   2   9   1   2   1   0   4   0   0   0   0   3   0   4  66   2   0   0   1  0.88 0.38
   18 L     1   0  -3  -2  -2  -1  -2  -3  -3   0   3   0   3  -2  -3  -1  -1  -3  -2   0   17   4   0   2   0   2   0   0   0   3  41   9   8   0   0   5   4   0   1   5  0.28 0.18
   19 K    -3   1  -1  -2  -5   0  -1  -1  -3  -5  -3   6  -4  -2  -4  -1   0  -5  -2  -4    0   6   2   1   0   3   2   3   0   0   2  70   0   2   0   3   4   0   1   0  1.10 0.41
   20 R    -3   7   0  -4  -6  -2  -2  -3  -2  -2  -5   1  -4  -5  -5  -1  -3  -5  -4  -2    1  77   4   0   0   0   1   2   1   2   0   5   0   0   0   4   1   0   0   2  1.53 0.49
   21 T     2  -3   0  -3  -3  -3  -2  -1  -4  -1  -4  -2  -3  -4  -3   2   5  -5  -4  -2   16   0   4   0   0   0   2   3   0   4   0   1   0   0   0  17  52   0   0   2  0.79 0.36
   22 H    -1   4   0  -2  -5  -1  -3  -4   8  -4   0  -1  -3   0  -4  -1  -3  -4   0  -4    6  23   4   1   0   1   0   0  40   0  10   2   0   5   0   4   0   0   2   0  0.95 0.36
   23 D     0  -3   0   6  -4   1   2  -3   1  -2  -3  -1  -3  -4  -2   1  -1  -5  -3  -2    7   0   2  46   0   8  11   0   3   2   2   3   0   0   1   9   2   0   1   3  0.68 0.28
   24 M    -1  -4  -3  -5  -3  -3  -4  -5  -4   2   3  -4   6   0  -4  -2  -1  -4  -3   2    3   0   1   0   0   0   0   0   0  11  34   0  26   4   0   2   3   0   0  16  0.74 0.31
   25 F    -4  -6  -6  -7  -6  -6  -6  -5  -4  -4  -2  -6  -3   9  -7  -6  -3  -2   3  -4    1   0   0   0   0   0   0   1   0   0   2   0   0  87   0   0   1   0   7   0  2.49 0.70
   26 V     1  -2  -1  -2  -1  -1  -1   0  -2   0   0  -2  -2  -2  -3   3  -1  -3   0   1   14   2   1   2   1   3   4   8   1   5  11   1   0   0   0  29   0   0   4  15  0.19 0.18
   27 A     2  -2   0   0  -3  -1  -1   1   2  -4  -3  -2  -3  -4   5   2  -1  -4  -1  -3   16   2   5   4   0   2   4  10   6   0   3   0   0   0  26  15   3   0   3   0  0.49 0.23
   28 D    -2  -2   2   5   1   0   2  -3  -2  -2  -1  -2  -3  -4  -2   0  -1  -5  -4  -2    3   2  10  37   4   4  14   0   1   3   8   1   0   0   1   8   2   0   0   2  0.55 0.26
   29 N    -1   0   2   0  -4   2   0   1   4  -3  -2  -1  -1   0  -1   0  -2  -3   3  -2    3   4  14   3   0  11   7  12  13   1   3   1   1   5   2   7   1   0  10   2  0.27 0.18
   30 G     2  -2   1   0  -3   1  -1   3  -2  -2  -3  -1  -3  -1   0   1   0  -4  -1  -2   17   1   7   6   0   6   3  28   0   2   1   2   0   2   4  11   6   0   2   2  0.31 0.18
   31 K     0   0   0   0  -1   1   1  -1   0  -1   0   1   0  -1  -1   1   1   0  -1  -1    5   5   5   4   1   8   8   2   2   4  11  13   3   2   2   9  12   1   1   2  0.08 0.08
   32 P    -2   0  -1  -1   0   0  -1  -2  -3   0   2   0   0   1   3  -1   0   1  -1   0    0   4   3   2   2   4   2   2   0   5  26   7   1   6  16   3   5   2   1   7  0.18 0.13
   33 V     2   0  -2  -2  -2  -1   0  -3  -1   1  -1  -2  -2  -3   4   0  -1  -4  -3   2   19   6   1   1   1   1   8   0   1   8   5   1   0   1  24   5   2   0   0  16  0.40 0.22
   34 P     1  -1   1   0  -3  -1   1  -1  -3  -3  -2  -1  -1  -1   4   2  -1  -2  -3  -1   13   2   6   6   0   2   8   3   0   0   3   4   2   4  24  18   1   1   0   5  0.39 0.21
   35 L    -1  -1  -1   0   0   0   0   0  -2   1   1  -1  -1   0   2   0  -1  -3  -1   1    3   3   1   5   2   4   9   7   0   6  21   2   0   4   9   7   2   0   2  12  0.06 0.08
   36 D    -3  -3   1   6  -3   0   0  -2  -3  -3  -2  -1  -4   0  -2   1  -2  -5  -3  -2    0   1   7  44   1   5   5   3   0   1   5   3   0   5   2  13   2   0   1   3  0.65 0.32
   37 E     0  -1  -1   2  -4   0   4  -3   0  -2  -1  -1  -3  -3   3   0  -2  -1  -4  -3    6   2   2  13   0   3  29   1   2   2   7   3   0   1  16   9   0   1   0   1  0.45 0.26
   38 E     0   2  -1   2  -4   1   3  -3  -2  -1  -3   2  -2  -3   0   0   0  -4  -2  -2   10  10   1  12   0   4  27   0   0   4   2  12   1   1   4   4   5   0   1   3  0.35 0.22
   39 S     2   0  -1   0  -1   0   0   1  -2   0  -1  -1  -1  -1  -1   2   2  -3  -3  -1   17   4   1   5   1   3   7   9   0   5   5   1   2   3   1  20  14   0   0   3  0.15 0.14
   40 H    -1   0   1   0  -2   1   1   0   2   0  -1   2  -2  -3  -2   0   1  -2  -2   0    5   4   6   5   1   8  11   6   6   8   4  14   0   0   1   4  10   1   1   6  0.11 0.10
   41 K    -1   3   1  -1  -4   2   1  -2   0  -2  -1   4  -2  -3  -1   0  -2  -4  -3  -3    3  16   8   2   0   9   9   2   1   2   5  28   1   1   3   7   1   0   1   0  0.39 0.23
   42 R     0   0  -3  -2  -3  -1   0  -2  -3   3   2   0   1  -1  -3  -2  -1  -4  -2   2    9   5   0   1   0   3   7   2   0  22  23   5   4   2   0   0   1   0   1  14  0.26 0.18
   43 K    -3   4  -1  -4   0  -1  -3  -4   0  -3  -2   5   0  -4  -4  -2  -2   7  -3  -2    1  25   2   0   2   2   0   1   2   1   5  34   2   0   0   3   1  15   0   3  0.91 0.40
   44 M    -1   2  -2  -1  -3  -1  -1  -2   0   1   2   0   3  -1  -3  -1   0   1   0   0    2  13   1   3   0   2   3   2   3  10  19   5  12   2   0   3   7   2   3   6  0.15 0.14
   45 A     3   1   0  -1  -2   0  -2   0  -1  -1  -2   0  -2  -3  -3   2   0  -1  -2  -1   28   9   4   3   1   3   1   8   1   3   4   6   1   0   0  19   6   1   1   3  0.23 0.18
   46 I     0  -2  -2  -2   1  -1  -1  -2   2   2   1  -1   0  -1  -2   0   1  -3   0   2    8   0   1   1   3   3   3   3   7  15  11   3   2   2   1   8   8   0   3  19  0.12 0.12
   47 K    -4   3  -2  -2  -2   0  -1  -4  -4  -5  -5   7  -2  -6  -3  -2  -3  -5  -5  -4    0  15   1   1   1   4   3   0   0   0   0  67   1   0   1   2   1   0   0   1  1.45 0.56
   48 L     0  -1  -3  -4  -3  -3  -2  -2  -4   4   3  -2   1  -1  -1  -2   0  -1   0   0    9   4   0   0   0   0   3   3   0  25  29   2   3   1   3   2   7   1   3   4  0.31 0.22
   49 R    -1   4   2  -2  -4   2  -1  -2   4  -3  -1   2  -1  -3  -4   0  -1  -2  -2  -4    5  27  11   1   0   8   3   3  11   1   6  12   1   1   0   5   3   0   1   0  0.47 0.27
   50 N    -1  -2   2   4  -1  -1  -1  -2  -3  -2  -2  -1  -2  -3  -3   1   3  -5  -3   0    4   1   9  26   1   2   2   3   0   2   3   2   1   1   1  10  24   0   0   7  0.45 0.28
   51 E    -1  -2  -3  -1   0   2   5  -2  -2  -3   1  -2  -1   2  -3  -1  -1  -2  -2  -3    4   1   1   2   3   7  45   2   0   1  13   1   1  10   1   3   4   0   1   1  0.62 0.36
   52 Y    -1  -4  -1  -4  -2  -1  -1  -4   3  -2  -2  -2  -1   2  -4  -2  -1   1   7  -1    5   0   3   1   1   3   4   1   7   2   3   3   1   7   1   3   4   2  47   3  1.02 0.45
   53 G    -3  -2  -2  -4  -6  -3  -2   7  -6  -5  -4  -1  -6  -3  -6  -2  -4  -6  -5  -7    1   2   2   1   0   1   3  75   0   1   2   4   0   1   0   3   1   0   0   0  1.70 0.72
   54 P    -3  -4  -3   0  -7  -2  -3  -2  10  -7  -3  -4  -2  -3   0   1  -3  -4  -3  -4    3   1   1   5   0   1   2   4  59   0   4   1   1   1   5   9   1   0   0   1  1.89 0.79
   55 V    -1  -2   0  -3  -1  -2  -3  -3  -4   2  -1  -2  -2  -3  -3   4   2  -2  -3   3    5   2   4   1   1   2   1   2   0  11   5   1   1   1   1  29  11   1   1  21  0.43 0.33
   56 L     0   1   1   2  -2   1   0   2   1  -2   0   1  -1  -2  -3   1  -2  -3  -2  -2    7   9   7  13   1   6   5  14   3   1  10   7   1   1   1  10   1   0   1   3  0.15 0.14
   57 H    -1  -1  -2   1  -1   0  -1  -1   2  -3  -3  -2  -4   0   1   2  -1   7   0  -2    5   4   1   8   1   3   5   5   6   1   2   2   0   5   7  16   4  17   3   3  0.45 0.30
   58 M    -2  -4  -5  -5  -5  -3  -4  -5  -1   1   1  -3   1  -3  -5  -1  -3  -6  -4   6    3   1   0   1   0   1   1   1   1   6  14   1   3   1   0   6   1   0   0  58  1.12 0.54
   59 P    -1   2   2  -3  -3   0  -2  -3  -1  -3  -1  -1  -3  -1   4   0   1   2   0  -1    5  13   9   1   0   3   2   1   1   1   6   4   0   2  23   7   8   3   3   6  0.38 0.27
   60 T     2  -1  -1   0  -1  -2  -1  -2  -4  -4  -4  -1  -3  -3   1   5   0  -6  -3  -2   15   3   2   4   1   2   4   2   0   1   1   3   1   1   7  43   6   0   1   3  0.64 0.43
   61 S     0  -3  -3  -3  -3  -2  -2  -1  -4   2  -1  -3  -2  -1  -2  -1  -1  -5  -4   6    6   1   1   1   0   2   3   5   0   9   6   2   1   2   2   6   3   0   0  50  0.72 0.41
   62 K     4  -2  -1  -3  -1   0  -2  -2  -3  -1  -1   0   0  -2  -1   1   0  -4  -3   0   40   2   2   1   1   5   1   3   1   3   6   6   2   1   3   9   4   0   0   7  0.39 0.30
   63 E    -2  -2  -2  -3  -3   0   0  -4  -4  -2  -1   0  -2   7  -2  -2  -3   0   1  -2    3   2   2   2   1   5   6   1   0   2   7   7   1  48   2   3   1   1   3   2  0.98 0.48
   64 N    -1   0   1   0  -3  -2  -3  -2  -1  -4  -2  -1  -4  -2  -3   5   0  -3  -2  -3    5   4   6   5   0   2   1   3   2   1   5   4   0   2   1  51   5   0   1   2  0.72 0.46
   65 L     0   0  -2  -3  -3   0  -2  -3   0  -2  -1  -1  -3  -2   6  -1  -1  -5  -3   0    9   5   2   1   1   4   2   2   3   2   8   4   1   2  40   5   3   0   1   8  0.73 0.40
   66 K    -1  -1   2   6  -6   0  -1  -3  -2  -4  -6   2  -2  -4  -2   0  -2  -4  -4  -3    5   3   8  47   0   4   2   1   1   1   0  12   1   1   2   6   2   0   0   2  0.98 0.50
   67 E     0  -2  -1  -2  -4   0   1   5  -2  -5  -5   0  -4  -6  -2   2  -1  -4  -5  -4    6   2   3   2   0   3   8  47   1   0   1   6   0   0   2  13   3   0   0   1  0.83 0.44
   68 K    -1   2  -1  -1  -5   3  -1  -1  -4  -3  -3   4  -2  -4  -2   1   1  -4  -3  -3    5   9   2   3   0  14   2   4   0   2   3  29   1   1   2  12   9   0   1   2  0.48 0.34
   69 G     0   1  -1  -2  -4   2  -1   1  -3   0   0   0  -1  -3  -1   0   3  -1  -1  -1    7   8   2   1   0  10   3  10   0   5   8   4   2   1   3   6  23   1   2   5  0.21 0.21
   70 P     0  -4  -4  -1  -3  -1  -1  -3  -3   2   4  -2   0  -3   2  -2  -1  -2  -3   1    7   1   1   4   0   2   4   2   0  12  40   2   1   0   9   3   3   1   1   8  0.46 0.30
   71 Q     5  -2  -1  -2  -4   1  -3  -2  -3  -1  -1   0  -2  -4  -2   0  -1  -4  -3   1   45   2   3   2   0   7   1   3   0   3   5   5   1   1   2   5   3   0   1  10  0.55 0.38
   72 N    -1   0   0  -1  -5  -1  -4  -3  -1  -4  -3  -2  -5  -5  -1   6   1  -6  -5  -3    5   6   4   3   0   3   1   1   1   1   2   2   0   1   3  57   9   0   0   2  1.02 0.60
   73 A     2  -2  -1  -3  -2  -2  -3   5  -1  -1  -2  -2  -3  -3  -1   0   0  -4  -4  -1   19   2   2   1   1   2   1  38   1   3   4   3   0   1   4   6   6   0   0   5  0.56 0.34
   74 T     0   0  -3  -2  -4  -2  -2  -1  -5  -3   0  -1  -3  -5  -1   6  -1   0  -4  -2    6   4   1   2   0   1   2   4   0   2   8   3   0   0   3  56   3   2   0   2  0.89 0.56
   75 D     0  -1   0   4  -3   0   1   0   1  -2  -2   0  -2  -1  -2   1   0   1   0  -2    7   3   5  23   0   4   8   7   4   2   5   5   1   3   2   9   5   2   3   3  0.21 0.17
   76 S    -2  -3  -1   7  -6  -1  -1   1  -4  -4  -4  -3  -4  -4   0  -1  -1   2  -5  -4    3   2   2  55   0   2   3   9   0   1   2   1   0   1   5   5   4   3   0   1  1.20 0.59
   77 Y    -1   1   2   0  -3   1   0  -1   3  -3  -3   4  -2  -2  -1  -1  -2  -2   1  -4    5   8  11   6   1   7   5   5   8   1   2  25   1   1   2   3   2   1   6   1  0.38 0.27
   78 P    -2  -4  -3  -2  -5  -1  -1  -2  -4  -3  -4  -3  -2  -5   1   1   6  -1  -4  -2    3   1   1   3   0   2   4   4   0   2   2   1   1   0   8   8  55   1   1   2  1.07 0.60
   79 H    -1  -2  -2  -1  -4   0  -2  -2   1   4   0  -2  -1  -2  -3  -1  -1  -5  -3   4    5   2   2   4   0   4   3   4   4  23   9   3   1   1   1   4   3   0   0  27  0.40 0.27
   80 K    -1   4  -1  -3  -6   0  -1  -3  -3  -4  -4   6  -3  -5  -3  -1   0  -2  -4  -4    6  23   2   1   0   4   3   2   0   1   1  41   1   1   1   5   5   1   0   1  0.95 0.50
   81 Q    -2  -2  -2  -3  -4   1  -3   0  -4   3   4  -2  -1  -2  -3  -2  -1  -2  -3   2    2   2   2   2   0   6   2   7   0  15  37   2   1   1   1   3   3   1   1  12  0.44 0.28
   82 Y    -2  -1  -4  -3  -4  -3  -3  -4  -5  -2  -2  -2  -1  -2  -2  -1  -2  11   2  -3    4   3   1   2   0   1   2   2   0   3   4   2   1   1   2   5   2  55   6   2  2.20 0.87
   83 P    -2  -3   2   6  -2  -1   0  -3  -3  -2  -3  -2  -5  -1   1   2  -2  -4  -4  -3    4   1   9  40   1   2   7   2   1   2   4   2   0   2   7  13   2   0   0   2  0.73 0.42
   84 A     3  -2  -3  -2  -1  -1  -1  -1  -3   1  -1  -2  -1  -3   0   0   1  -2  -3   3   23   2   1   2   1   3   3   4   0   7   6   2   1   1   5   6   8   1   0  24  0.29 0.24
   85 N     2   0   2   0  -2   2   1  -2   0  -3  -3   0  -3  -4  -1   2   1  -5  -3  -2   22   4   9   4   1   8   8   3   2   2   3   5   0   1   2  16   7   0   1   2  0.26 0.23
   86 Q    -2  -1  -1  -2  -4   0  -1  -3  -4  -1  -4  -2  -4   2  -1   2   5  -4  -4  -1    3   3   3   2   0   5   4   1   0   3   1   3   0   7   3  14  42   0   0   4  0.69 0.44
   87 G    -1  -2  -1  -3  -3  -2  -3   6  -2  -3  -1  -2  -5  -4  -3   1  -2  -4  -4  -4    4   2   3   1   0   1   2  55   1   2   8   3   0   1   2  11   2   0   1   1  0.98 0.48
   88 Q     1   0  -1  -2  -3   4   2  -3  -1  -2  -3   3  -2  -4   1   0  -1  -2  -3  -2   10   4   2   2   0  19  15   2   1   2   2  17   1   1   7   6   4   1   1   2  0.43 0.31
   89 D    -1  -2   0   3   5   0   3   1   0  -2  -1  -2  -2  -4  -1   0  -1  -4  -3  -2    5   2   3  19  11   3  17  10   2   3   8   1   1   0   4   5   3   0   1   3  0.35 0.25
   90 V    -2   0  -2  -3  -3   0  -1   2   4   2   2  -1  -1  -1  -1  -1  -1  -4  -2   0    3   5   1   1   0   4   3  16  11  12  21   3   1   2   3   5   4   0   1   7  0.21 0.18
   91 E     0   2   0   0  -4   4   0  -2   1  -3  -2   2  -3  -3  -2   2   0  -4  -3  -3    6  11   4   4   0  17   5   3   4   1   4  13   0   1   2  15   7   0   1   2  0.33 0.26
   92 Y    -1   0  -2   1   0  -1  -2  -1  -2  -1  -1  -1   0  -3  -2   1   5  -4   0  -1    4   5   1   8   2   3   2   4   1   4   5   4   2   1   2   8  35   0   4   4  0.39 0.31
   93 L    -1  -3  -4  -4  -2  -3  -4  -4  -3   1   5  -3   0   0  -2  -1  -2   1  -2   0    5   2   1   1   1   1   1   1   1   7  54   1   2   4   2   6   3   2   1   5  0.73 0.40
   94 V     1  -4  -4  -4  -3  -1  -3  -4  -5   2  -2  -1  -2  -2  -3  -1  -1  -5  -3   6   12   1   1   1   0   3   2   1   0   9   3   4   1   2   1   5   4   0   1  51  0.87 0.46
   95 T    -1   1   2  -1  -4   0  -1   0  -2  -2  -1  -1  -2  -2  -3   3   3   0  -1  -3    3   9  10   3   0   3   4   8   1   2   7   3   1   2   1  22  17   2   2   2  0.28 0.25
   96 G     2  -4  -1  -1  -4  -2  -3   3   1  -3  -4  -3  -5  -4  -2   5  -1  -4  -5  -3   16   1   3   3   0   2   1  22   3   2   2   2   0   1   2  38   3   0   0   2  0.76 0.47
   97 T    -2  -3  -2  -2  -3  -3  -2  -2  -2   1  -2  -2  -2  -5  -2   2   0  -3  -4   5    3   1   2   2   0   1   3   3   1   6   3   2   1   0   2  17   5   0   0  46  0.73 0.44
   98 H     4  -1   0  -1  -2  -1  -1  -2   2  -3  -3  -2  -3  -3  -1   1   0  -1  -1   0   38   3   4   4   1   3   3   3   6   1   2   2   0   1   3  11   6   1   3   7  0.42 0.32
   99 P    -3  -4  -2   3  -4  -4  -3  -3  -5  -1  -2  -4  -3   7   2  -1  -3   0   0  -2    3   1   2  15   0   1   2   2   0   3   4   1   0  44  10   5   1   1   3   3  1.05 0.52
  100 Y    -2  -2  -1  -3  -3  -1  -2  -2   0  -3  -3   0  -4  -2  -1   6   0  -4   0  -2    3   2   3   1   1   3   2   3   3   2   3   5   0   1   3  55   4   0   3   2  0.85 0.53
  101 P    -2  -3  -3  -2  -6  -4  -2  -4  -1  -2  -2  -2  -2  -6   7  -1   2  -3  -4  -2    3   1   1   2   0   1   3   1   2   2   4   2   1   0  56   5  11   0   1   3  1.41 0.69
  102 A    -1  -4   0   6  -5  -2  -2  -3  -3   1  -3  -2  -3  -4  -1   0  -2  -7  -5   0    5   1   4  50   0   1   2   2   1   7   2   2   1   1   3   7   2   0   0   8  0.97 0.52
  103 G    -2   1  -2  -2  -4  -2  -3   6  -1  -3  -3   0  -5  -5  -4   0  -3  -6  -5  -3    3   9   2   3   0   2   1  55   1   2   4   6   0   1   1   7   2   0   0   2  0.99 0.51
  104 P    -2   2  -1  -1  -4   3  -1  -3  -2  -1   0   3  -2  -3   2   0   0  -3  -2  -2    3  11   3   3   0  13   3   1   1   4  10  21   1   1   9   6   6   0   1   2  0.33 0.27
  105 G    -2   1  -2  -2  -4   2  -2  -1  -1   0   0   0   0  -1  -2  -1   3   7  -1  -1    3   8   1   2   0   9   2   5   1   4   9   5   2   2   2   5  20  14   2   3  0.41 0.30
  106 V    -2  -2  -1   1  -3  -2  -3  -4  -4   3   4  -3  -1  -2  -2  -2  -2  -3  -2   2    4   2   3  10   0   2   2   1   0  15  36   1   1   1   2   2   2   0   1  14  0.49 0.31
  107 A     5  -3  -5  -3  -5  -2  -2  -3  -4   0  -2  -3  -4  -4  -2  -1  -2  -2  -5   2   54   2   0   1   0   1   2   2   0   6   4   1   0   1   2   4   2   1   0  16  0.92 0.52
  108 L    -1  -2  -1  -3  -5  -2  -2  -3  -3  -1   0  -1  -2  -3  -2   6   0  -2  -3   0    4   2   2   1   0   1   2   1   1   4  10   3   1   1   2  53   4   1   1   6  0.79 0.51
  109 T     2  -4  -2  -3  -2  -2  -3   5  -3  -3  -3  -2  -2  -5  -2   1   3  -5  -5  -3   17   1   1   1   1   2   2  38   1   2   3   3   1   0   2   8  18   0   0   2  0.73 0.43
  110 A     0  -3  -1   0  -3  -3  -2   3  -4  -4  -4  -3  -5  -5  -3   5  -1  -2  -4  -3    8   1   2   5   0   1   2  18   0   1   2   2   0   0   2  50   2   1   1   2  0.92 0.56
  111 D     0   0   1   4  -3   0   1   1   0  -3  -3  -1  -3  -2  -1   0   0   1   0  -2    7   4   5  23   0   3   9  11   2   1   3   4   0   1   3   8   6   2   4   3  0.26 0.21
  112 T    -2  -3  -1   6   0   0   0  -2  -3  -4  -2  -3  -4  -4   0  -1   0  -3  -4  -3    3   1   2  51   2   4   5   4   1   1   5   2   0   1   5   4   7   1   1   2  0.97 0.52
  113 K    -1   1   2  -1  -2   2   0   0   0  -2  -1   4  -3  -3  -1  -1  -1  -3  -3  -3    3   8  11   4   1   9   5   8   2   3   7  25   0   1   3   4   4   0   0   2  0.31 0.24
  114 I     0  -1  -1  -4  -4   0  -3  -3  -3   1  -1  -1   0  -3  -2  -1   6  -4  -3   0    6   3   3   1   0   5   1   1   1   7   7   3   2   1   2   5  47   0   1   5  0.74 0.46
  115 Q    -2  -2  -2  -5  -3   1  -2  -3  -2   4   0   0  -1  -3  -2  -2   1  -4  -3   4    3   2   1   0   0   7   2   2   1  22   6   7   1   1   2   3  10   0   0  29  0.49 0.32
  116 R    -2   5  -2  -3  -4   0  -3  -4  -3  -1   1   5  -2  -3  -1  -3  -1  -4  -4  -2    3  27   1   1   0   4   1   1   1   3  14  30   1   1   3   2   3   0   0   2  0.73 0.43
  117 M    -2  -2  -3  -1  -4   0  -1  -3  -4   2   4   0   1  -2  -3  -2  -1   1  -3   0    2   3   1   3   0   5   5   2   0  11  41   5   3   1   1   3   5   2   0   7  0.42 0.29
  118 P    -4  -4  -3  -2  -5  -3  -4   3  -6  -4  -2  -3  -5  -4   1  -2  -2  11  -3  -5    2   1   2   2   0   1   1  19   0   1   4   2   0   0   7   3   2  50   0   1  2.13 0.87
  119 S    -1  -3   2   5  -5  -1  -1  -3   7  -3  -4  -2  -4  -6  -5   1  -1  -6  -3  -4    4   1   9  31   0   2   3   2  26   2   2   3   0   0   0   9   4   0   0   1  1.07 0.55
  120 E     2  -1  -1  -1  -3  -1   0  -1  -3   0  -1  -2  -2  -3   1   1   3   0  -2   1   18   3   2   3   0   3   8   5   0   4   6   2   1   1   6   8  18   1   1  10  0.17 0.19
  121 S     1  -1   1   0  -3   0   0   2   2  -4  -4  -1  -4  -5  -2   3   1  -5  -2  -3   12   3   7   6   0   3   7  13   5   1   1   4   0   0   2  23   9   0   1   1  0.35 0.28
  122 A     1  -2  -1  -1  -3  -2  -2   1  -2  -4  -2  -2  -3  -2  -1   3   4   1  -2  -2   10   1   3   3   0   2   3  11   1   1   4   1   1   2   3  23  26   2   1   2  0.45 0.35
  123 A     0  -3  -2  -3  -5  -3  -4   4  -5   0  -4  -4  -3  -4  -3  -1  -2  -6  -4   5    7   1   2   1   0   1   1  26   0   4   0   1   0   1   2   5   2   0   0  45  0.91 0.51
  124 Q    -2   2   2  -3  -3   3   1  -3   1  -2  -1   1  -2  -3  -1   0   0   5   0  -4    3  12  11   1   0  14   9   2   3   2   6   9   1   1   3   6   5   8   3   1  0.38 0.29
  125 S     2  -3  -2  -3   3  -2  -1  -4  -3  -4  -5  -2  -5  -6  -3   6   0  -7  -5  -1   13   1   2   1   5   2   4   1   1   1   1   3   0   0   1  55   5   0   0   4  1.04 0.61
  126 L    -2  -2  -5  -4  -3  -2  -5  -4  -4   2   2  -5   0  -3  -5  -4  -1  -6  -4   6    3   2   0   1   0   2   0   1   0  10  18   1   2   1   0   1   3   0   0  52  1.08 0.54
  127 A     5  -3  -3  -4  -1   0  -4  -2  -3  -2  -3  -2  -3  -5  -2   1  -1  -3  -4   1   52   1   1   1   1   5   1   2   1   3   2   2   1   0   2  11   4   0   0   9  0.82 0.50
  128 V    -4  -3  -2  -5  -5  -3  -3  -5  -4   1  -1  -3  -2   7  -3  -4   1   1   0   1    2   2   2   1   0   1   2   1   0   8   6   2   1  50   2   1   8   1   2   9  1.18 0.56
  129 A     1  -4  -2  -4  -5  -4  -4  -2  -2  -4  -1  -4  -4  -3  -1   6  -1  -4  -3  -2   10   1   1   1   0   1   1   3   1   1   7   1   0   1   3  60   4   0   1   3  1.10 0.65
  130 L    -1  -1  -2  -5  -1  -1  -2  -2   0  -2   0  -3  -2  -1   7  -1  -2  -3  -5  -2    4   3   2   0   1   3   3   3   3   2  10   1   1   3  49   5   3   0   0   2  1.07 0.57
  131 P    -3  -4   0   7  -5  -3  -1   0  -5  -5  -6  -1  -4  -5   2   0  -2  -5  -4  -5    2   1   4  57   0   1   3   7   0   1   1   3   1   1   8   6   2   0   1   1  1.35 0.66
  132 S    -2  -3  -2  -2  -5  -3  -3   6   3  -4  -4  -3  -5  -6   0   2  -1  -5  -4  -4    3   2   2   2   0   1   1  53   7   1   2   2   0   0   6  13   4   0   1   1  1.07 0.55
  133 Q    -1   1   0   0  -5   4  -1  -2   1  -5  -4   4  -2  -5  -2   0   1  -5  -4  -3    5   7   4   5   0  22   3   3   3   0   2  24   1   0   1   7   9   0   0   2  0.56 0.38
  134 T    -1   2   0  -1  -3   2  -2  -1   0  -1   0   0   0  -2  -2   0   4   0  -1  -1    4  10   4   3   0   8   2   4   2   4  10   4   2   2   1   7  25   1   2   3  0.22 0.22
  135 R    -1   1  -3  -4  -4  -1  -3  -2  -4   3   4  -1   0  -1  -3  -1  -2  -1  -3   1    4   7   1   1   0   2   2   3   0  15  39   4   2   2   1   4   2   1   1   9  0.45 0.29
  136 V     5  -3  -3  -4  -3  -1  -3  -3  -4   1  -1  -3  -1  -4  -2  -2  -2   0  -4   3   44   1   1   1   0   3   2   1   0   7   5   1   1   0   2   3   2   1   0  22  0.75 0.46
  137 D    -1  -3  -1   0  -5  -2  -2  -3  -2  -3  -2  -3  -4  -4  -3   6   1   0  -4  -2    3   1   3   5   0   2   3   1   1   2   4   1   0   1   1  59   7   1   1   3  1.02 0.62
  138 A     3  -2  -3  -4  -2  -2  -3   5  -5  -4  -4  -4  -3  -6  -4   2  -2  -3  -5  -2   23   2   1   1   1   1   2  46   0   1   2   1   1   0   1  12   2   0   0   3  0.98 0.53
  139 N    -1  -4   0  -3  -2  -2  -3   0  -4  -4  -3  -4  -4  -5  -3   6  -2  -5  -3   0    3   1   4   2   1   1   2   7   0   1   3   1   0   0   1  63   2   0   1   7  1.16 0.67
  140 R     0   1   1   2  -2  -1   0   0   0  -2  -2  -1  -3  -2  -3   1   0   4   1  -1   10   8   6  15   1   2   6   8   3   2   4   3   0   2   1  11   5   5   5   4  0.17 0.16
  141 T    -2  -5  -1   7  -5  -2  -3  -2  -3  -3  -4  -3  -3   1  -4   0   0  -5  -2  -3    4   1   2  60   0   2   1   3   1   1   2   1   1   6   1   6   5   0   1   2  1.33 0.65
  142 G    -1   1   3  -1  -1   1  -1   1   1  -3  -2   3  -3  -2  -1   1  -1  -4  -2  -3    5   6  13   3   1   5   4  12   4   2   3  21   0   1   2  11   3   0   2   1  0.27 0.22
  143 P    -1  -3  -3  -2  -5  -2  -3  -4  -5  -3  -4  -2  -3  -4   3   1   6  -3  -4  -4    4   1   1   2   0   2   2   1   0   2   2   3   1   1  12   8  56   0   0   1  1.19 0.65
  144 A     0  -4  -2   0  -3  -3  -4  -3  -5   5   0  -3  -2  -4  -2   0  -2  -6  -4   4    7   1   2   5   0   1   1   2   0  29   6   2   1   0   2   6   2   0   0  32  0.69 0.39
  145 G    -3   5  -2  -3  -3  -1  -3   1  -3  -3  -3   5  -2  -5  -2  -2  -1  -1  -4  -3    2  26   1   1   1   2   1  12   0   1   2  37   1   0   2   3   3   1   1   2  0.89 0.49
  146 S    -1  -4  -2  -3  -2  -2  -3  -2  -4   3   4  -2  -1  -1  -2   0  -2  -4  -3   1    4   0   2   1   1   2   2   4   0  15  43   2   1   2   2   7   3   0   1  10  0.52 0.32
  147 E    -2  -3  -4  -2  -7  -2  -2  -5  -6  -3  -3  -4  -4  -5  -5  -3  -2  12  -3  -4    3   2   1   3   0   2   3   1   0   2   3   1   0   0   1   2   3  70   1   2  3.13 1.15
  148 Y    -2  -3   3   7  -4  -1   0  -4  -1  -3  -2  -3  -2  -2  -3  -1  -3  -1  -2  -4    3   2  13  53   0   2   4   1   1   2   4   1   1   2   1   3   1   1   2   2  1.14 0.57
  149 R     2   0  -1  -3  -3  -2  -3  -3  -3   1   1  -1   0  -2   0  -1   1  -1  -3   3   20   5   3   1   0   1   1   1   0   7  11   3   2   2   5   4   8   1   1  24  0.26 0.23
  150 H     2   0   0   0  -3   1   1  -1   2  -2  -3   0  -2  -3  -1   1   1  -3  -3  -1   22   4   5   4   0   5   9   3   5   2   2   7   1   1   3  12  10   0   1   5  0.21 0.20
  151 P    -1  -4  -1  -2  -4  -2  -3  -3  -3  -1  -3  -2  -2  -5  -1   2   6   2  -5  -2    5   1   2   3   0   2   1   2   1   3   2   3   1   0   3  17  48   3   0   3  0.92 0.54
  152 G    -2  -2  -2  -3  -4  -3  -5   7  -6  -4  -5  -1  -5  -4  -3  -1  -3  -3  -6  -5    3   3   2   1   0   1   1  72   0   1   1   4   0   1   2   4   2   0   0   1  1.59 0.71
  153 A     2   1  -1  -1  -3   2   1  -2   0  -1  -1   2  -2  -4  -2   0   0  -3  -4  -1   20   7   3   2   0  11  10   2   2   3   6  15   0   0   2   6   5   0   0   4  0.24 0.22
  154 S     0  -3  -3  -2   6   1   3  -4  -1  -2   1  -2  -2  -2   0   0  -1   2  -2  -1    7   1   1   1  19   6  17   1   2   2  14   2   1   1   5   8   3   3   1   5  0.45 0.32
  155 D    -2   0  -2   0  -2   1   0  -2  -3   2   3   0   0  -2  -2  -2  -1  -3  -3   0    3   6   2   6   1   6   5   3   0  14  31   5   1   1   2   2   4   0   0   7  0.24 0.20
  156 R    -1   4   0  -2  -3   5  -1  -4   3  -3  -2   2  -1  -3  -2  -1  -1  -2  -3  -3    6  20   3   2   1  25   2   1   7   2   4  12   1   1   2   5   4   1   1   1  0.58 0.39
  157 S    -1  -2  -1  -4  -4  -1  -3  -4  -3   0  -3  -1  -2  -5  -2   1   6  -4  -4  -1    5   2   2   1   0   3   1   1   1   5   2   4   1   0   2  10  56   0   1   4  1.08 0.61
  158 Q    -5  -4  -3  -4  -1  -1  -4  -5  -3  -1   6  -3  -1   2  -3  -4  -1  -4  -3  -3    0   1   1   1   1   3   1   1   1   3  66   1   1   9   1   1   4   0   1   1  1.11 0.56
  159 P    -1   0  -1   0  -4   2   4  -1   0  -3  -4   2  -2  -5   1   0   2  -4  -3  -3    3   4   3   4   0   8  26   4   2   2   1  11   1   0   7   6  14   0   1   2  0.42 0.31
  160 T    -2  -4  -3  -2  -5  -3  -1   7  -5  -4  -5  -2  -3  -6  -3  -2  -1  -2  -5  -4    3   1   1   2   0   1   4  71   0   1   1   2   1   0   1   3   4   1   0   1  1.50 0.67
  161 A    -2  -4  -3  -3  -2  -2  -4  -4  10  -5  -4  -5  -5  -3  -4  -1  -3  -3  -1  -3    3   1   1   1   1   2   1   2  72   1   2   1   0   1   1   4   2   0   1   2  2.58 1.00
  162 M    -1  -2   0   0  -3  -1  -2  -1  -2  -1  -1  -1   0  -2  -3   4   3  -3  -3  -2    3   2   4   4   0   3   2   5   1   3   7   3   2   2   1  33  20   0   1   3  0.41 0.33
  163 N     0   0   3   4  -4   0  -1   2   1  -4  -4  -1  -3  -4  -2   2  -2  -4  -1  -5    7   5  16  20   0   4   3  15   3   1   1   3   1   1   2  17   2   0   2   0  0.49 0.33
  164 S     0   0  -2  -2  -3  -1  -1   0  -2  -2  -1  -3  -2  -2   0   3   0   7   1  -2    7   6   1   2   1   3   3   7   1   3   5   1   1   1   5  24   6  16   4   2  0.47 0.33
  165 I    -2  -4  -5  -6  -4  -4  -5  -4  -5   3  -1  -5  -3  -3  -4  -4  -3  -6  -5   7    3   1   1   0   0   1   1   1   0  12   6   1   0   1   1   1   1   0   0  70  1.57 0.69
  166 M    -2   2   2  -2  -1   0  -1  -2   0  -1   0  -1   0   0  -2   1   1   5   2  -2    3  13  11   1   1   3   3   2   2   3   8   3   2   4   2   9  10   8   7   2  0.24 0.21
  167 E     2  -3  -2  -4   0  -1  -2  -1  -4  -5  -3  -3  -5  -3  -3   6  -1  -5  -5  -3   15   1   1   1   2   2   3   5   0   0   3   1   0   1   1  59   3   0   0   1  1.10 0.63
  168 T    -2  -4  -4  -4  -3  -3  -4  -4  -1   2  -1  -5  -3  -5  -4  -2  -2  -6  -4   7    3   1   1   1   0   1   1   2   2   9   6   0   0   0   1   4   2   0   0  66  1.32 0.63
  169 G     6  -2  -2  -4   0  -2  -2   0  -3  -3  -4  -3  -3  -5  -3   1   0  -6  -4   0   56   3   2   1   2   1   2   5   1   1   1   1   1   0   1   9   6   0   0   7  0.90 0.52
  170 N    -3  -3   0  -3  -3  -4  -3  -4  -3   0  -2  -6  -3   8  -4  -3  -3   1   1  -2    2   1   5   1   0   1   2   2   1   5   3   0   0  63   1   2   1   2   4   3  1.64 0.69
  171 T    -1  -3  -1  -4  -3  -4  -4  -4  -4  -4  -3  -4  -4  -3  -4   7   0  -4  -3  -4    4   2   2   1   1   1   1   1   0   1   4   1   0   1   1  73   5   0   1   1  1.53 0.79
  172 K    -2  -3  -3  -4  -6  -1  -4  -3   1  -5  -2  -2  -4  -6   8   0  -2  -5  -4  -3    4   2   1   1   0   3   1   2   3   1   4   3   0   0  63   7   2   0   1   2  1.63 0.74
  173 N    -5  -3   3   7  -5  -3  -2  -4  -3  -4  -5  -3  -6  -6  -4  -1  -1  -7  -5  -5    1   2  12  66   0   1   1   1   0   1   1   1   0   0   1   5   5   0   0   1  1.71 0.75
  174 S    -2  -3  -2  -3  -4   0  -5   6  -4  -5  -5  -4  -5  -7  -5   2  -3  -6  -5  -5    3   1   1   2   0   4   1  64   0   1   1   1   0   0   0  17   1   0   0   1  1.45 0.67
  175 A     1   2  -1  -2  -4   4  -1  -3  -2  -4  -2   4  -2  -5  -2   0   1  -3  -4  -2   11  11   3   2   0  18   2   1   1   0   3  28   1   0   2   6   8   0   0   2  0.55 0.38
  176 L    -2   2  -3  -5  -4   2  -3  -5  -1   1   2  -1   1  -2  -3  -2   4   0   0  -1    3  11   1   0   0   8   0   0   1   9  22   4   3   1   1   2  24   2   4   4  0.41 0.32
  177 M    -2  -4  -6  -6  -4  -3  -6  -6  -5   4   5  -5   2  -1  -4  -5  -3  -5  -3   2    3   1   0   0   0   1   0   0   0  21  49   1   4   3   1   1   2   0   0  15  1.04 0.50
  178 A     6  -1  -3  -4  -5  -4  -3  -3  -5   0  -2  -3  -3  -3  -1  -2  -2  -5  -5   2   59   4   1   1   0   0   2   1   0   4   4   1   0   1   3   2   2   0   0  15  0.99 0.56
  179 K    -3   1  -4  -4  -4  -3  -5  -5  -3  -6  -4   0  -5  -5  -3   7   1  -7  -5  -5    1   6   0   0   0   1   0   0   1   0   2   6   0   1   1  73   6   0   0   0  1.61 0.82
  180 K     2  -1  -3  -2  -3  -3  -3   6  -4  -3  -6   0  -5  -6  -4   0  -3  -5  -6  -3   17   3   1   2   1   1   2  55   0   2   0   6   0   0   1   5   2   0   0   1  1.10 0.55
  181 A     1  -3  -2  -2  -2  -4  -3   0  -5  -4  -6  -5  -5  -5  -1   7  -2  -6  -4  -4    9   1   1   2   1   0   1   6   0   1   1   0   0   0   3  69   1   0   0   1  1.42 0.75
  182 P     0   0   0   3  -3  -1   0   0   1  -3  -2  -1  -2  -1   1   1   0   3   2  -2    7   5   5  16   0   2   7   8   4   1   3   3   0   2   8  10   4   4   8   3  0.18 0.17
  183 T    -4   0  -1   8  -8  -2  -2  -4  -3  -5  -6  -1  -4  -6  -6  -3   0  -8  -5  -4    1   5   2  73   0   1   2   1   1   1   1   3   1   0   0   1   5   0   0   1  1.88 0.82
  184 M    -2   2   3  -2  -2   2   0  -1   1  -2  -3   4   2  -4  -3  -1  -1   2  -2  -2    2   9  14   1   1  10   5   6   4   3   2  24   5   1   1   3   4   3   1   2  0.39 0.29
  185 P    -2  -3  -4  -4  -6  -3  -3  -6  -5  -1  -4  -3  -2  -6   2   0   7  -7  -6  -1    3   1   1   0   0   1   1   0   0   4   1   2   1   0  10   6  65   0   0   3  1.47 0.75
  186 K    -2  -1  -3  -5  -5  -2  -4  -6  -5   5   0   2  -1  -4  -5  -3  -2  -6  -5   5    3   4   1   0   0   1   1   0   0  31   6  12   1   0   0   2   1   0   0  36  0.92 0.48
  187 P    -4   5  -4  -5  -2  -1  -3  -5  -1  -4  -4   5  -4  -7   4  -4  -4  -4  -6  -5    1  32   1   0   1   3   1   1   1   1   2  37   0   0  18   0   1   0   0   1  1.36 0.67
  188 Q    -3  -3  -5  -3  -4   0  -2  -6  -4   3   5  -1  -1  -2  -5  -3  -2   1  -4   1    1   1   0   2   0   4   3   0   0  16  49   3   1   1   0   2   2   2   0  10  0.74 0.41
  189 W    -7  -6  -5  -4  -5  -5  -6  -8  -6  -7  -7  -5  -5  -4  -6  -7  -8  13  -1  -4    0   1   1   1   0   1   1   0   0   0   0   1   0   0   1   0   0  89   2   2  4.58 1.52
  190 H    -4  -2   3   7  -7  -2   0  -5   6  -7  -6  -4  -5  -6  -5  -2  -4  -3  -4  -4    1   2  15  51   0   2   4   0  17   0   0   0   0   0   0   3   1   0   0   1  1.57 0.71
  191 P     4  -1  -1  -3  -3  -2  -1  -3  -4  -2  -3  -1  -2  -5   3   0   1  -2  -3   1   41   3   3   1   0   2   3   0   0   2   2   4   1   0  13   6   9   1   1   8  0.56 0.39
  192 P    -2  -4   0  -1  -5   0  -2  -4  -5  -5  -5  -2  -4  -5   3   2   6  -7  -5  -4    2   0   4   3   0   4   2   1   0   0   0   2   0   0  16  15  48   0   0   0  1.13 0.63
  193 W    -4  -4  -4  -4  -6  -4  -6   6  -6  -4  -6  -6  -5  -4  -6  -2   0   8  -4  -5    1   1   1   1   0   1   0  62   0   1   0   0   0   1   0   3   6  20   1   1  1.92 0.81
  194 K     1   1  -1  -1  -4   3   2  -1  -1  -5  -5   4  -2  -6  -4  -1   0  -6  -4  -2   10   6   3   3   0  14  13   4   1   0   1  31   1   0   0   4   5   0   0   3  0.59 0.39
  195 L    -1  -4  -1  -3   7   0   2  -5  -1  -1   3  -3  -2  -3  -2  -3  -3  -4  -2  -1    5   1   3   1  21   5  14   0   2   3  33   2   1   1   2   1   1   0   1   4  0.71 0.42
  196 Y    -2   0  -4  -3  -2   0  -2  -4  -1   2   3   0   2  -1  -4  -2  -1  -2   2   1    2   4   0   1   1   6   2   1   2  13  33   5   6   2   1   3   2   0   7   9  0.35 0.26
  197 R    -1   5   0  -3  -3   5  -2  -4   3  -5  -3   2  -3  -4  -5  -1  -2  -5  -2  -5    5  32   4   1   1  24   1   1   6   0   3  12   0   1   0   3   3   0   1   0  0.90 0.51
  198 V    -3  -3  -3  -6  -4  -2  -4  -5  -5   0  -4  -2  -1  -6  -2   0   6  -7  -5   3    2   1   1   0   0   2   1   0   0   5   1   3   1   0   2   5  56   0   0  19  1.23 0.66
  199 I    -6  -7  -8  -8  -3  -7  -7  -7  -7   3   6  -7   0   2  -7  -7  -5  -2  -4  -2    0   0   0   0   1   0   0   0   0  17  70   0   1   9   0   0   0   1   0   1  1.62 0.70
  200 S    -1  -1  -1  -1  -5   2   4  -4   0  -3  -4   2  -4  -6  -3   2   2  -6  -4  -3    4   3   2   3   0  10  25   0   2   2   1  13   0   0   1  18  13   0   0   2  0.55 0.39
  201 G    -4  -6  -5  -3  -4  -6  -4   8  -7  -8  -9  -5  -8  -8  -7  -3  -6  -8  -8  -7    1   0   0   2   0   0   1  92   0   0   0   1   0   0   0   2   0   0   0   0  2.54 0.99
  202 H    -8  -5  -4  -6  -9  -5  -6  -8  11  -8  -9  -6  -6  -6  -7  -7  -8  -8   0  -9    0   0   1   0   0   0   0   0  95   0   0   0   0   0   0   0   0   0   2   0  4.19 1.42
  203 L    -2  -2   0  -1  -4   0  -1  -2  -2  -2   0  -2  -1  -4  -4   4   4  -4  -3  -4    2   2   3   4   0   3   3   3   1   2  12   2   1   0   0  36  24   0   1   0  0.62 0.45
  204 G    -2  -2   3   4  -5  -3  -1   4   1  -5  -6  -3  -5  -5  -5   2  -3  -3  -2  -5    3   2  13  24   0   1   3  30   3   0   0   1   0   0   0  15   0   0   2   0  0.82 0.47
  205 W    -1   0  -4  -3  -2  -3  -2   0  -3  -3  -2  -5  -4  -2  -1   2  -2  10   1  -4    4   5   1   2   1   1   3   6   1   1   4   0   0   2   4  16   2  41   5   1  1.48 0.69
  206 V    -4  -8  -8  -8  -6  -8  -8  -8  -8   2  -4  -8  -3  -4  -8  -7  -5  -8  -6   8    1   0   0   0   0   0   0   0   0   9   1   0   0   0   0   0   0   0   0  88  2.46 0.98
  207 R    -4   5   3  -3  -2   0  -2  -3   0  -3  -2  -1  -1   0  -5   0   1   5   2  -4    1  30  14   1   1   3   2   1   2   1   4   2   1   3   0   6   8   9   8   1  0.67 0.42
  208 C     2  -5  -3  -3   4  -5  -5  -3  -6  -7  -5  -5  -5  -6  -6   7  -1  -8  -6  -6   14   0   1   1   7   0   0   2   0   0   1   0   0   0   0  70   3   0   0   0  1.69 0.85
  209 I    -3  -7  -8  -8  -2  -7  -7  -8  -8   3  -1  -7  -2  -4  -7  -7  -4  -8  -6   7    2   0   0   0   1   0   0   0   0  13   5   0   1   0   0   0   0   0   0  78  2.06 0.85
  210 A     6  -5  -4  -2   0  -4  -5  -4  -4  -4  -5  -5  -4  -6  -6   0   0  -7  -6   1   72   0   1   2   2   0   0   1   0   0   0   0   0   0   0   7   5   0   0   8  1.50 0.75
  211 V    -7  -8  -8  -8  -5  -8  -6  -8  -6   1  -3  -8  -2   8  -7  -7  -6   1   1   2    0   0   0   0   0   0   0   0   0   6   2   0   1  69   0   0   0   2   3  15  2.28 0.89
  212 E    -3  -5  -2   2  -5  -5   1  -5  -5  -7  -7  -5  -7  -6  -6   7  -1  -8  -6  -7    1   0   1  10   0   0   7   0   0   0   0   0   0   0   0  76   3   0   0   0  1.84 0.91
  213 P    -2  -2  -4  -7  -6  -5  -6  -5   1  -6  -4  -6  -6  -5   8  -1  -3  -6  -5  -5    3   2   1   0   0   0   0   1   4   0   2   0   0   1  77   6   1   0   0   1  2.37 1.00
  214 G    -5  -4   2   8  -8  -3  -2  -1  -4  -8  -8  -4  -6  -8  -6   0  -2  -9  -6  -8    1   1   8  73   0   1   1   6   0   0   0   1   0   0   0   6   3   0   0   0  2.02 0.86
  215 N    -5  -4   4  -3  -6  -5  -5   7  -6  -8  -8  -5  -7  -8  -6   0  -6  -8  -8  -7    0   1  18   1   0   0   1  70   0   0   0   0   0   0   0   8   0   0   0   0  1.95 0.83
  216 Q    -2   3   0  -2  -5   5   1  -5  -2  -6  -5   5  -3  -6  -5  -1   1  -4  -5  -5    3  13   3   1   0  23   8   0   1   0   1  32   1   0   0   4   9   0   0   0  0.91 0.53
  217 W    -4   2  -4  -6  -3   2  -4  -6  -1   0   0  -1   1   0  -6  -3   4   8   0  -2    1  11   0   0   1   9   0   0   2   5  11   3   3   3   0   1  28  18   2   2  0.87 0.51
  218 F    -3  -6  -7  -8  -5  -6  -7  -7  -7   3   5  -7  -2   4  -6  -6  -5  -5  -4   2    2   0   0   0   0   0   0   0   0  17  50   0   0  18   0   0   0   0   0  12  1.30 0.59
  219 V     6  -6  -7  -7   1  -6  -6  -5  -7  -1  -3  -6  -5  -5  -6  -4  -3  -7  -6   3   67   0   0   0   3   0   0   0   0   4   3   0   0   0   0   0   1   0   0  23  1.59 0.77
  220 T    -4  -6  -5  -5  -5  -5  -5  -5  -6  -6  -7  -5  -5  -7  -6   7   3  -8  -7  -6    0   0   0   0   0   0   0   0   0   0   0   0   0   0   0  81  17   0   0   0  2.19 1.02
  221 G     2  -6  -5  -5  -1  -6  -7   7  -7  -8  -7  -6  -7  -8  -7  -1  -5  -7  -8  -5   15   0   0   0   1   0   0  77   0   0   0   0   0   0   0   4   0   0   0   1  2.03 0.85
  222 S     0  -5  -4  -5  -3  -5  -5  -1  -6  -7  -6  -5  -7  -7  -6   7  -4  -8  -6  -6    7   0   0   0   1   0   0   5   0   0   1   0   0   0   0  86   0   0   0   0  2.15 1.01
  223 A     1   0   1   3  -2  -2   0   2   1  -4  -3  -2  -3  -1  -4   1  -2   3   1  -2   15   5   7  18   1   1   6  13   3   1   2   1   0   3   0   8   2   4   6   2  0.28 0.24
  224 D    -7  -7  -3   9  -9  -6  -4  -6  -6  -9  -9  -6  -9  -9  -7  -6  -6 -10  -6  -9    0   0   1  98   0   0   0   0   0   0   0   0   0   0   0   0   0   0   0   0  3.24 1.21
  225 R    -3   5   3  -2  -2   2   0  -1   2  -6  -5   4  -3  -5  -5  -2  -2  -3  -2  -6    1  26  16   2   1   8   5   4   4   0   0  25   1   0   0   3   2   0   1   0  0.84 0.48
  226 T    -4  -5  -3  -6  -4  -5  -6  -6  -7  -2  -3  -5   0  -7  -6   0   8  -8  -7  -2    0   0   1   0   0   0   0   0   0   2   2   0   2   0   0   5  83   0   0   3  2.19 0.99
  227 I    -3  -7  -8  -8  -6  -7  -7  -8  -8   7   0  -7  -2  -5  -7  -6  -4  -7  -6   5    2   0   0   0   0   0   0   0   0  52   7   0   1   0   0   0   1   0   0  37  1.79 0.74
  228 K    -6   6  -4  -6  -3  -1  -4  -6  -5  -6  -7   7  -5  -8  -6  -5  -6  -5  -7  -7    0  36   0   0   1   2   0   0   0   1   0  59   0   0   0   0   0   0   0   0  2.12 0.91
  229 I    -5  -7  -8  -8  -2  -5  -7  -7  -7   5   5  -6  -2  -1  -7  -6  -5  -4  -5   2    0   0   0   0   1   0   0   0   0  30  55   0   0   3   0   0   0   0   0  11  1.48 0.65
  230 W    -9  -8 -11 -11  -9  -9 -10  -9  -9  -9  -7 -10  -8  -3 -10  -9  -9  13  -4 -10    0   0   0   0   0   0   0   0   0   0   0   0   0   1   0   0   0  98   0   0  5.41 1.73
  231 D    -7  -4   4   8  -6  -3  -1  -5  -3  -8  -9  -5  -8  -8  -7  -2  -6  -9  -5  -7    0   1  16  73   0   1   4   0   1   0   0   0   0   0   0   2   0   0   0   0  2.24 0.92
  232 L     2  -4  -5  -5  -3  -4  -5  -4  -5   1   3  -4   1  -2   0  -2   1  -2  -3   3   20   0   0   0   0   0   0   1   0   7  26   0   3   1   4   2  10   1   0  24  0.57 0.37
  233 A     4  -1   0  -1  -3   1   1  -1   0  -3  -4   0  -3  -5  -2   1   1  -6  -4  -2   40   3   5   3   0   6   9   3   2   1   0   5   0   0   1  10   8   0   0   3  0.50 0.36
  234 S    -3  -4  -2  -2  -4  -4  -4  -5  -6  -4  -6  -3  -4  -6  -5   4   7  -7  -5  -5    2   1   1   2   0   0   1   0   0   1   0   1   0   0   0  28  61   0   0   0  1.69 0.83
  235 G    -4  -4  -4  -4  -2  -4  -5   8  -4  -9  -8  -5  -6  -7  -7  -4  -7  -5  -8  -8    0   1   1   1   1   1   1  92   0   0   0   1   0   0   0   1   0   0   0   0  2.52 0.99
  236 K     1   2   0  -1  -4   3   3  -3  -2  -3  -4   3  -2  -6  -4  -1   1  -6  -3  -2   15   9   3   2   0  16  16   1   1   1   0  20   1   0   0   3   8   0   0   4  0.52 0.37
  237 L    -1  -4  -4  -4   7   0   3  -5   0  -3   3  -3  -2  -3  -2  -2  -3  -4  -3  -1    5   1   1   0  22   5  17   0   2   1  34   1   1   1   2   3   1   0   1   3  0.82 0.48
  238 K    -4   1  -4  -5  -3   1  -3  -5  -2   3   4   3   0  -3  -4  -3  -2  -4  -4   0    0   8   0   0   0   7   1   1   1  16  36  18   1   0   1   1   2   0   0   5  0.62 0.39
  239 L    -1   3  -1  -4  -2   5  -2  -3   3  -3   1   2  -2  -3  -4  -1  -2  -3  -2  -3    5  17   3   0   1  24   1   2   8   1  17  11   0   1   0   3   2   0   1   2  0.55 0.39
  240 S    -4  -3  -3  -6  -4  -3  -4  -6  -6  -1  -5  -2  -2  -6  -2   1   7  -7  -6  -2    1   1   1   0   0   1   1   0   0   4   0   2   1   0   2  11  73   0   0   2  1.77 0.86
  241 L    -6  -6  -8  -9  -5  -7  -8  -9  -6  -2   7  -7  -1   2  -8  -7  -6  -3  -4  -4    0   0   0   0   0   0   0   0   0   2  87   0   1   9   0   0   0   0   0   0  2.07 0.86
  242 T    -2  -1  -1  -1  -5   2   4  -4  -1  -4  -5   2  -4  -6  -3   0   4  -5  -4  -3    3   3   3   3   0  10  25   1   1   1   0  13   0   0   1   5  31   0   0   1  0.76 0.49
  243 G    -4  -5  -6  -4  -8  -6  -3   8  -7  -9  -9  -6  -8  -8  -7  -4  -7  -4  -8  -7    1   1   0   1   0   0   2  93   0   0   0   0   0   0   0   1   0   0   0   0  2.63 1.02
  244 H    -8  -5  -4  -6  -6  -4  -6  -7  11  -8  -8  -7  -8  -6  -8  -7  -8  -8   0  -9    0   1   1   0   0   1   0   0  94   0   0   0   0   0   0   0   0   0   2   0  4.11 1.40
  245 I    -1  -1   0  -1  -3  -2  -2  -1  -5   2  -3  -2  -2  -4  -4   4   3  -4  -5  -1    3   3   3   3   0   2   2   4   0  14   2   2   1   0   0  35  21   0   0   4  0.60 0.43
  246 S    -1  -2   3   4  -3  -2   0   2   1  -6  -5  -2  -2  -4  -5   3  -3  -3  -1  -5    3   2  14  20   1   1   5  16   4   0   0   2   1   1   0  26   0   0   2   0  0.66 0.42
  247 T     0   0  -3  -2  -1   0  -2   0  -1  -3  -2  -3  -2  -1   0   2   1   7   1  -3    7   5   1   2   1   4   3   9   1   2   4   1   1   2   6  20  10  17   4   2  0.47 0.34
  248 V    -4  -8  -8  -8  -6  -7  -8  -8  -8   2  -4  -8  -3  -5  -8  -7  -5  -8  -6   8    1   0   0   0   0   0   0   0   0  11   0   0   0   0   0   0   0   0   0  87  2.44 0.98
  249 R    -3   5   3  -3  -1  -1  -2  -4   0  -2  -2  -1  -1  -1  -5   0   1   5   2  -3    1  30  15   1   2   2   2   1   2   2   4   2   1   2   0   7   8   8   7   1  0.62 0.40
  250 G     2  -4  -4  -2  -1  -5  -5   2  -6  -7  -6  -5  -6  -5  -4   6  -2  -6  -5  -5   15   1   0   2   1   0   0  16   0   0   1   0   0   0   0  62   2   0   0   0  1.39 0.74
  251 V    -4  -7  -7  -8  -3  -7  -7  -8  -8   2   1  -7  -2  -5  -7  -6  -4  -7  -6   7    1   0   0   0   0   0   0   0   0   8  14   0   1   0   0   0   0   0   0  75  1.91 0.81
  252 I     6  -4  -4  -4   0  -4  -3  -3  -3  -2  -5  -2  -4  -5  -5   0   0  -7  -6   1   65   0   1   1   2   1   1   2   1   2   0   2   0   0   0   7   5   0   0  11  1.20 0.64
  253 V    -5  -8  -8  -8  -4  -8  -6  -8  -6   2  -2  -8  -4   8  -8  -6  -6   1   1   2    1   0   0   0   0   0   0   0   0   9   3   0   0  67   0   0   0   2   4  14  2.16 0.85
  254 S    -3  -5  -3  -5  -6  -6  -6  -5  -3  -7  -6  -6  -7  -5  -6   8  -1  -6  -7  -7    2   0   1   0   0   0   0   0   1   0   1   0   0   0   0  92   3   0   0   0  2.42 1.09
  255 T    -1  -3  -2  -1  -6  -3  -4  -4   1  -7  -5  -4  -5  -7   8  -1  -3  -8  -6  -7    5   2   2   4   0   1   1   1   3   0   2   1   0   0  72   5   2   0   0   0  2.09 0.90
  256 R    -6   3   1   8  -8  -4  -2  -5  -2  -8  -8  -1  -8  -8  -7  -4  -5  -9  -8  -6    0  15   7  70   0   0   1   1   1   0   0   3   0   0   0   1   0   0   0   0  2.08 0.88
  257 S    -4  -5  -2  -2  -6  -4  -5   7   5  -8  -7  -5  -5  -7  -7   1  -5  -7  -5  -8    0   1   1   2   0   1   0  69  12   0   0   0   0   0   0  11   1   0   0   0  1.83 0.79
  258 P    -2   2  -1  -2  -3   4  -2  -4  -2  -5  -4   4  -3  -6   3  -1   1  -6  -3  -5    3  11   2   1   0  19   1   1   1   0   1  28   0   0  15   5  10   0   1   0  0.79 0.48
  259 Y    -4   2  -4  -5  -3   2  -4  -6   0   0   1  -1   1  -1  -5  -3   4   1   5  -2    0  10   0   0   0   9   0   0   2   6  12   3   4   2   0   1  27   2  20   2  0.70 0.46
  260 L    -3  -7  -8  -8  -5  -6  -7  -8  -7   3   6  -7   2  -2  -7  -6  -5  -6  -5   2    2   0   0   0   0   0   0   0   0  17  65   0   4   1   0   0   0   0   0  11  1.51 0.66
  261 F     6  -6  -6  -7  -5  -6  -6  -4  -6  -1  -3  -6  -5   4  -6  -4  -3  -6  -4   2   59   0   0   0   0   0   0   1   0   3   2   0   0  18   0   0   1   0   0  16  1.42 0.71
  262 S    -4  -6  -5  -6  -6  -6  -6  -6  -6  -7  -6  -6  -7  -7  -6   8   0  -8  -7  -7    0   0   0   0   0   0   0   0   0   0   1   0   0   0   0  95   4   0   0   0  2.58 1.15
  263 C     3  -7  -5  -5   4  -6  -6   6  -6  -7  -7  -6  -6  -7  -6  -1  -4  -4  -7  -2   22   0   0   0   9   0   0  59   0   0   0   0   0   0   0   5   1   0   0   3  1.60 0.72
  264 G    -2  -5  -3  -5  -3  -5  -5   3  -5  -7  -6  -5  -7  -7  -6   7  -4  -8  -7  -7    3   0   1   0   1   0   0  18   0   0   1   0   0   0   0  76   0   0   0   0  1.96 0.94
  265 E    -1   0   0   4  -4  -1   3   0   1  -3  -3  -1  -3  -2  -4   0  -3   4   2  -3    5   5   4  21   0   2  20   9   4   1   3   2   0   2   0   7   1   7   7   1  0.45 0.31
  266 D    -7  -7  -2   9  -5  -6  -3  -6  -6  -9  -9  -6  -8  -9  -7  -5  -6  -9  -6  -8    0   0   1  96   0   0   1   0   0   0   0   0   0   0   0   0   0   0   0   0  3.12 1.17
  267 K    -4   2   3  -1  -1   2  -1  -2   2  -6  -6   6  -3  -5  -5  -1  -3  -5  -2  -6    1   9  15   4   2   8   3   4   4   0   0  44   1   0   0   4   1   0   2   0  0.95 0.53
  268 Q    -3  -3  -3  -6  -6   1  -3  -6  -6  -3  -4  -2   3  -6  -6   0   7  -7  -6  -4    1   1   1   0   0   6   2   0   0   1   2   2   6   0   0   6  71   0   0   0  1.75 0.85
  269 V    -2  -7  -7  -8  -5  -7  -7  -8  -8   5   0  -7  -2  -5  -7  -6  -4  -7  -5   6    3   0   0   0   0   0   0   0   0  34   7   0   0   0   0   0   0   0   0  55  1.74 0.74
  270 K    -6   5  -4  -6  -1  -1  -4  -6  -4  -5  -5   7  -5  -8  -6  -5  -6  -3  -7  -7    0  33   1   0   1   2   0   0   0   1   1  59   0   0   0   0   0   0   0   0  1.99 0.87
  271 C    -5  -7  -7  -8   6  -6  -7  -8  -7   3   5  -7  -2  -3  -7  -6  -5  -4  -5   1    0   0   0   0  18   0   0   0   0  16  57   0   0   0   0   0   0   0   0   8  1.56 0.68
  272 W    -9  -7 -10 -11  -9  -8  -9  -9  -9  -9  -8  -9  -8  -6 -10  -9  -9  13  -4  -9    0   0   0   0   0   0   0   0   0   0   0   0   0   0   0   0   0  99   0   0  5.48 1.75
  273 D    -6  -3   4   8  -8  -3  -1  -6  -4  -8  -8  -4  -8  -8  -7  -3  -4  -9  -7  -7    0   1  16  75   0   1   3   0   0   0   0   1   0   0   0   2   1   0   0   0  2.27 0.93
  274 L     3  -4  -5  -5  -3  -4  -5  -4  -5   1   3  -4  -1  -3  -1  -1   1  -2  -4   3   22   0   0   0   0   0   0   1   0   7  30   0   1   1   4   3   8   1   0  22  0.59 0.38
  275 E     3  -1   1  -1  -4   1   4  -2   0  -3  -4   0  -3  -5  -3   1   1  -5  -3  -2   23   3   6   3   0   6  26   2   2   1   1   6   0   0   1  10   8   0   1   2  0.45 0.34
  276 Y    -3  -3  -2  -3  -2   0  -4  -6  -3  -3  -5  -3  -2  -5  -5   2   7  -6   1  -4    2   2   1   2   1   5   0   0   0   2   1   1   1   0   0  15  62   0   5   0  1.41 0.73
  277 N    -4  -2   4  -3  -5  -4  -4   7  -6  -8  -7  -4  -6  -6  -7  -3  -4  -7  -6  -7    1   2  17   1   0   1   1  72   0   0   0   1   0   0   0   2   1   0   0   0  1.89 0.80
  278 K     1   2  -1  -2  -4   3   2  -3  -1  -4  -4   4  -2  -6  -4  -1  -1  -5  -5  -2   14   9   2   2   0  13  14   1   1   1   1  31   1   0   0   3   4   0   0   3  0.64 0.41
  279 V     0  -4  -4  -4   7   0   3  -5  -1  -2   1  -3  -2  -4  -1  -2  -2  -4  -3   3    6   0   0   0  21   5  18   0   2   2  17   1   1   0   3   3   1   0   1  18  0.64 0.40
  280 I    -4   0  -5  -6  -3   1  -2  -6  -3   5   4  -1   0  -2  -3  -4  -2  -3  -4   2    0   5   0   0   0   6   2   0   1  30  34   4   1   1   1   1   2   0   0  11  0.72 0.40
  281 R    -1   6  -1  -4  -4   5  -2  -3   3  -5  -4   2  -2  -4  -5  -2  -2  -6  -3  -5    6  37   3   0   0  24   1   2   7   0   2   9   1   1   0   3   2   0   1   0  1.00 0.55
  282 H    -3  -3  -2  -1  -5  -1  -3  -6   4  -2  -5  -1  -2  -6  -4   0   7  -7  -6  -2    2   1   2   3   0   3   1   0   9   3   0   3   1   0   1   7  62   0   0   3  1.38 0.72
  283 Y    -6  -6  -7  -8  -4  -6  -5  -8  -4  -2   6  -7  -1   3  -5  -7  -5  -3   5  -3    0   0   0   0   0   0   1   0   0   2  68   0   1  10   0   0   0   0  17   0  1.64 0.73
  284 H    -2   0  -1   0  -4   2   4  -4   6  -3  -4   2  -4  -5  -3   0   2  -2  -2  -4    2   4   3   4   0   9  24   1  17   1   2  12   0   0   1   5  13   1   1   1  0.64 0.41
  285 G    -4  -5  -6  -5  -6  -7  -4   8  -7  -6  -9  -6  -8  -8  -7  -4  -7  -8  -8  -8    1   1   0   0   0   0   1  95   0   1   0   0   0   0   0   1   0   0   0   0  2.70 1.03
  286 H    -6  -4  -5  -6  -9  -5  -6  -7  11  -9  -7  -7  -8  -7  -8  -6  -8  -8  -1  -8    1   1   0   0   0   0   0   0  94   0   0   0   0   0   0   0   0   0   2   0  4.12 1.41
  287 L    -2  -1   0  -1  -3  -2  -2  -2  -2  -2   2  -2  -2  -3  -3   4   3  -4  -4  -3    2   4   3   3   0   1   2   3   1   2  19   2   1   1   1  33  21   0   0   1  0.54 0.41
  288 S    -2  -2   3   4  -6  -2  -2   2   1  -5  -5  -2  -3  -4  -5   4  -3  -3  -2  -4    3   2  14  26   0   1   2  14   3   0   0   2   1   1   0  29   0   0   2   1  0.80 0.48
  289 A     0   0  -3  -3  -2  -1  -1   2  -4  -3  -2  -3  -2  -1   0   2  -2   8   1  -2    7   5   1   1   1   2   4  18   0   1   4   1   1   3   4  16   2  21   4   3  0.65 0.39
  290 V    -4  -8  -8  -8  -5  -7  -8  -8  -8   2  -3  -7  -4  -4  -7  -7  -5  -8  -6   8    1   0   0   0   0   0   0   0   0   9   1   0   0   1   0   0   0   0   0  87  2.38 0.96
  291 Y    -3   3   3  -3  -4   0  -2  -3   1  -2  -2  -1  -1   0  -5   0   1   5   5  -4    1  15  13   1   0   3   2   1   2   3   4   2   1   4   0   6   8   9  23   1  0.66 0.42
  292 G     2  -5  -3  -3   3  -5  -5  -1  -6  -6  -5  -5  -6  -5  -5   6   0  -5  -6  -4   14   0   0   1   7   0   0   4   0   0   1   0   0   0   0  65   6   0   0   1  1.46 0.77
  293 L    -4  -7  -8  -7  -2  -7  -7  -8  -8   2   2  -6   1  -4  -7  -6  -5  -2  -6   7    1   0   0   0   1   0   0   0   0   8  15   0   2   1   0   0   0   1   0  70  1.76 0.76
  294 D     6  -4  -3  -1   0  -4  -4  -3  -5  -4  -4  -3  -3  -6  -5   1  -1  -7  -6   1   64   0   1   3   2   1   1   1   0   1   1   1   0   0   0  11   4   0   0   9  1.21 0.65
  295 L    -7  -7  -8  -8  -6  -7  -6  -8  -6   1   1  -8  -3   8  -8  -6  -5   2   1  -1    0   0   0   0   0   0   0   0   0   7  14   0   0  68   0   0   1   2   4   3  2.16 0.85
  296 H    -3  -5  -2  -5  -2  -5  -5  -6   6  -4  -6  -5  -6  -5  -6   7  -1  -8  -6  -6    2   0   1   0   1   0   0   0  16   1   1   0   0   0   0  74   2   0   0   0  2.00 0.95
  297 P    -3  -3  -5  -7  -4  -3  -6  -5   1  -7  -5  -5  -5  -7   8  -2  -5  -9  -6  -7    2   2   0   0   0   1   0   1   3   0   1   0   0   0  84   3   0   0   0   0  2.69 1.09
  298 T    -5  -6   2   8  -4  -3  -2  -4  -5  -7  -6  -4  -7  -8  -6  -2   2  -9  -6  -6    0   0   7  71   0   1   1   1   0   0   1   1   0   0   0   2  13   0   0   0  2.00 0.86
  299 L    -4  -4  -3  -5  -5  -6  -5   7  -5  -1   1  -5  -4  -7  -7   0  -5  -7  -6  -5    0   1   1   0   0   0   0  71   0   4  12   0   0   0   0   8   0   0   0   0  1.65 0.74
  300 D    -3   2   0   3  -3   4  -1  -4  -1  -5  -4   4  -3  -6  -4  -1   1  -5  -5  -5    2  11   4  16   0  19   2   1   1   0   1  28   1   0   0   4   8   0   0   1  0.78 0.47
  301 V    -3   2  -4  -5  -3   2  -4  -5  -1   1   1  -1   1  -1  -5  -2   4   2   0   2    1  11   0   0   0   9   0   0   2   9  14   3   3   3   0   1  27   3   3  13  0.46 0.35
  302 L    -3  -7  -8  -8  -5  -7  -7  -8  -7   4   6  -7  -2  -1  -7  -6  -5  -6  -3   2    2   0   0   0   0   0   0   0   0  20  64   0   0   2   0   0   0   0   1  12  1.50 0.66
  303 V     6  -6  -6  -7  -2  -6  -6  -5  -6   0  -1  -6  -2  -3  -6  -4  -3  -7  -6   4   60   0   0   0   1   0   0   0   0   5   5   0   1   1   0   0   1   0   0  26  1.38 0.70
  304 T    -4  -6  -5  -6  -5  -5  -5  -5  -6  -7  -6  -6  -7  -6  -6   7   4  -8  -6  -7    0   0   0   0   0   0   0   1   0   0   0   0   0   0   0  79  20   0   0   0  2.17 1.02
  305 C     3  -6  -5  -6   2  -6  -6   7  -7  -7  -7  -6  -7  -7  -6  -2  -5  -5  -6  -4   21   0   0   0   4   0   0  69   0   0   0   0   0   0   0   3   0   0   0   1  1.86 0.80
  306 S    -2  -5  -3  -5  -2  -5  -5   3  -4  -7  -7  -5  -7  -6  -5   7  -4  -8  -7  -7    2   0   1   0   1   0   0  18   0   0   0   0   0   0   0  77   0   0   0   0  1.95 0.93
  307 R    -1   4   0   3  -2  -1   0   0   1  -4  -3  -1  -3  -1  -4   0  -3   4   3  -3    5  22   5  16   1   2   6   8   3   0   3   2   0   2   0   7   1   7   9   1  0.43 0.31
  308 D    -7  -6  -2   9  -9  -6  -2  -6  -4  -9  -9  -6  -9  -9  -7  -5  -7 -10  -6  -9    0   0   1  95   0   0   1   0   0   0   0   0   0   0   0   0   0   0   0   0  3.09 1.16
  309 S     0   2   3  -1   0   2   0   0   0  -5  -4   4  -3  -5  -4   1  -2  -6  -2  -5    6   9  15   3   2   8   4   7   3   0   1  26   1   0   0  11   2   0   2   0  0.51 0.35
  310 T    -3  -5  -3  -6  -4  -4  -6  -6  -6  -3  -5  -3  -4  -7  -6   1   8  -7  -7   0    1   1   1   0   0   0   0   0   0   1   1   2   0   0   0   8  77   0   0   7  1.98 0.92
  311 A     1  -7  -7  -5   0  -6  -6  -6  -7   5   0  -6  -2  -4  -6  -5  -3  -7  -5   5   11   0   0   1   2   0   0   0   0  33   8   0   0   0   0   0   1   0   0  44  1.33 0.61
  312 R    -6   7  -4  -6  -3  -1  -4  -6  -4  -7  -6   6  -2  -8  -6  -5  -5  -6  -7  -7    0  51   0   0   1   2   0   0   0   0   0  44   1   0   0   0   0   0   0   0  2.08 0.89
  313 I    -5  -7  -7  -8  -5  -5  -7  -8  -7   4   5  -7  -1  -3  -7  -6  -5  -3  -5   3    0   0   0   0   0   0   0   0   0  20  55   0   0   1   0   0   0   0   0  22  1.45 0.65
  314 W    -9  -8 -11 -11  -6  -9 -10  -9  -9  -9  -8 -10  -8  -6 -11  -8  -9  13  -4  -8    0   0   0   0   0   0   0   0   0   0   0   0   0   0   0   0   0  99   0   0  5.48 1.75
  315 D    -6  -4   3   8  -6  -3  -1  -5  -2  -8  -9  -5  -8  -9  -7  -3  -5  -9  -7  -8    0   1  13  78   0   1   3   1   1   0   0   0   0   0   0   2   0   0   0   0  2.39 0.97
  316 V     3  -4  -5  -5  -3  -4  -5  -3  -5   2   1  -4   4  -3   0  -2   1  -1  -4   3   22   1   0   0   0   0   0   1   0  13  11   0   9   1   5   2   9   1   0  24  0.56 0.37
  317 R     3   4   0  -1  -4   1   1  -2   0  -3  -4   0  -3  -5  -3   1   1  -5  -4  -2   24  21   3   3   0   7   9   3   2   1   1   5   1   0   1  10   7   0   0   2  0.42 0.32
  318 T    -3  -4  -2  -3  -6  -5  -4  -5  -6  -4  -6  -4  -2  -7  -5   3   7  -7  -6  -5    1   1   1   1   0   0   1   1   0   1   0   1   1   0   0  17  73   0   0   0  1.90 0.89
  319 K    -4   0  -4  -4  -4  -3  -4   7  -6  -8  -8   2  -6  -6  -7  -3  -5  -3  -6  -6    1   6   0   1   0   1   1  74   0   0   0  13   0   0   0   2   0   0   0   0  1.86 0.80
  320 A     2   1   0  -1  -5   3   2  -3  -1  -4  -4   3  -1  -5  -4   0   1  -6  -3  -2   20   6   3   2   0  15  14   1   1   0   1  18   2   0   0   5   8   0   0   3  0.48 0.35
  321 S    -1  -3  -1  -4   7   3   3  -4  -1  -3   2  -2  -2  -4  -1  -1  -2  -4  -3  -1    6   1   4   0  21  13  19   1   2   0  18   1   1   0   3   4   1   0   1   3  0.66 0.42
  322 V    -3   0  -5  -5  -2   1  -3  -5  -2   4   4  -1  -1  -2  -5  -4  -2  -3  -3   2    1   6   0   0   1   6   2   1   1  27  35   5   1   1   0   0   3   0   0  12  0.68 0.39
  323 H    -1   3   0  -3  -3   5  -3  -3   6  -4  -3   2  -3   1  -4  -2  -2  -3  -1  -5    6  16   3   1   1  23   0   2  20   1   3  10   1   6   0   3   3   0   2   0  0.79 0.47
  324 T    -1  -3  -4  -5   1  -3  -4  -5  -6  -1  -5  -2  -2  -6  -4  -1   7  -7  -6   1    4   1   0   0   2   1   1   0   0   4   1   3   1   0   1   4  67   0   0   9  1.50 0.76
  325 L    -6  -6  -8  -8  -3  -7  -8  -8  -5  -2   6  -7  -1   3  -6  -7  -6  -2  -4  -3    0   0   0   0   0   0   0   0   0   1  85   0   1  10   0   0   0   0   0   1  1.99 0.84
  326 S    -1   0  -1  -1  -4   2   3  -2  -1  -3  -4   2  -3  -5  -4   1   3  -6  -3  -2    3   4   3   2   0   9  23   2   2   2   1  14   0   0   0  12  18   0   1   2  0.48 0.36
  327 G    -5  -5  -5  -4  -8  -6  -6   8  -7  -8  -9  -6  -8  -8  -7  -4  -6  -8  -8  -8    0   1   0   1   0   0   0  96   0   0   0   0   0   0   0   1   0   0   0   0  2.77 1.05
  328 H    -7  -5  -5  -6  -9  -4  -6  -8  11  -9  -8  -6  -8  -6  -8  -7  -8  -8   0  -9    0   0   0   0   0   1   0   0  95   0   0   0   0   0   0   0   0   0   2   0  4.20 1.42
  329 T    -2   0   0   0  -3  -1  -1  -2  -3  -2  -3  -1  -3  -5  -4   4   4  -6  -4  -4    2   5   4   5   0   3   3   3   0   2   2   4   1   0   0  36  29   0   1   0  0.75 0.50
  330 N    -2  -1   4   4  -5  -2  -1   2   1  -6  -6  -2  -5  -4  -5   2  -3  -5  -1  -5    2   3  21  25   0   1   4  18   4   0   1   2   0   1   0  16   1   0   3   0  0.78 0.46
  331 A    -1   0  -3  -2  -2  -2  -2   0  -2  -3  -2  -4  -2  -2  -1   2   3   8   1  -3    5   6   1   2   1   2   3   7   1   1   5   0   1   1   4  16  18  23   4   2  0.74 0.45
  332 V    -4  -8  -8  -8  -6  -7  -8  -8  -8   3  -4  -7  -4  -5  -8  -7  -5  -8  -6   8    1   0   0   0   0   0   0   0   0  13   0   0   0   0   0   0   0   0   0  85  2.41 0.96
  333 A     0   2   3  -2   2  -1  -1  -2  -1  -2  -1  -1   0  -1  -4   1   1   6   1  -3    8  14  15   2   4   2   2   3   1   2   5   2   3   3   0   9   8  10   6   1  0.33 0.27
  334 T     1  -5  -3  -2   0  -4  -4  -2  -6  -7  -6  -5  -5  -5  -4   7   0  -3  -6  -5   12   0   1   3   2   1   0   3   0   0   1   0   0   0   1  71   5   0   0   0  1.57 0.81
  335 V    -3  -7  -7  -8  -3  -7  -7  -8  -8   2   0  -7  -3  -6  -7  -7  -4  -8  -6   7    2   0   0   0   0   0   0   0   0  10   7   0   0   0   0   0   0   0   0  81  2.12 0.88
  336 R     6  -3  -3  -4   0  -2  -4  -3  -4  -1  -3  -1  -3  -1  -5   1   0  -6  -5   1   58   2   1   1   2   2   1   1   0   3   1   4   0   2   0   8   5   0   0  11  0.93 0.54
  337 C    -3  -7  -7  -8   3  -7  -6  -7  -5   0  -3  -7  -3   8  -8  -2  -1   1   2  -2    2   0   0   0   7   0   0   0   0   5   2   0   0  66   0   3   5   2   4   3  1.98 0.81
  338 Q    -3  -2  -2  -5  -4   3  -5  -5  -2  -7  -6  -4  -6  -6  -6   7  -1  -5  -7  -7    2   2   1   0   0  13   0   1   1   0   1   0   0   0   0  76   3   0   0   0  1.87 0.92
  339 A     0  -3  -3  -5  -7  -4  -1  -3   0  -6  -5  -4  -7  -7   8  -1  -2  -8  -4  -5    9   1   1   0   0   1   3   2   2   0   1   1   0   0  68   6   3   0   1   0  1.92 0.85
  340 A    -1  -4   2   8  -5  -3  -2  -4  -2  -7  -7  -4  -4  -5  -6  -1  -1  -8  -7  -3    5   1   7  70   0   1   1   1   1   0   0   1   0   1   0   4   4   0   0   2  1.80 0.79
  341 E    -4  -5  -2   2  -5  -4   0   7  -6  -8  -7  -5  -7  -8  -6   1  -5  -7  -7  -8    0   1   2  10   0   0   7  70   0   0   0   0   0   0   0   9   0   0   0   0  1.72 0.76
  342 P    -2   2  -1  -3  -4   4  -2  -4  -2  -6  -4   4  -4  -7   4  -1   1  -5  -5  -5    3  11   3   1   0  20   1   1   1   0   1  28   0   0  17   4   7   0   0   0  0.86 0.51
  343 Q    -4   2  -3  -5  -2   5  -3  -6  -1   0   0  -1   1  -3  -5  -3   4   1   0  -2    1  12   1   0   1  26   0   0   2   6  11   3   3   1   0   1  27   2   3   2  0.72 0.49
  344 I    -3  -7  -7  -8  -5  -6  -7  -8  -7   4   5  -7  -2  -1  -7  -6  -5  -6  -5   3    2   0   0   0   0   0   0   0   0  24  51   0   0   2   0   0   0   0   0  20  1.39 0.62
  345 I     6  -6  -6  -7  -5  -6  -6  -5  -7   3  -2  -6  -4  -4  -5  -4  -3  -7  -5   3   58   0   0   0   0   0   0   0   0  17   3   0   0   1   0   0   1   0   0  20  1.39 0.69
  346 T    -4  -6  -4  -6  -6  -5  -6  -5  -6  -7  -7  -6  -7  -6  -6   7   3  -8  -7  -7    0   0   0   0   0   0   0   0   0   0   0   0   0   0   0  82  16   0   0   0  2.25 1.04
  347 G     2  -6  -5  -5  -2  -6  -6   7  -5  -7  -8  -6  -7  -8  -6   0  -2  -7  -7  -4   15   0   0   0   1   0   0  74   0   0   0   0   0   0   0   6   2   0   0   1  1.89 0.81
  348 S    -3  -6  -4  -5  -2  -5  -6  -1  -6  -8  -7  -6  -7  -8  -6   7  -4  -8  -4  -7    1   0   1   0   1   0   0   4   0   0   0   0   0   0   0  92   0   0   1   0  2.39 1.08
  349 H     0  -1   1   3  -3   0   0   0   4  -3  -2  -2   1  -1  -4   0  -2   4   3  -2    7   3   5  16   1   3   7   8  11   1   3   2   4   2   0   6   2   6  10   2  0.31 0.24
  350 D    -7  -7  -2   9  -9  -6  -3  -6  -5  -8  -9  -6  -9  -9  -7  -6  -7 -10  -9  -9    0   0   1  97   0   0   1   0   0   0   0   0   0   0   0   0   0   0   0   0  3.21 1.20
  351 T    -1   2   3  -1   0   2   0   0   2  -5  -5   4  -3  -4  -4   2   0  -4  -2  -4    3   9  15   2   2   8   4   6   4   0   1  25   0   1   0  13   4   0   2   0  0.50 0.35
  352 T    -4  -5  -3  -5  -5  -4  -6  -6  -7  -4  -5  -5   0  -5  -6  -1   8  -8  -6  -5    1   0   1   1   0   1   0   0   0   1   1   0   2   0   0   4  87   0   0   0  2.41 1.06
  353 I    -2  -7  -7  -8  -5  -7  -7  -8  -8   6   0  -7  -2  -4  -7  -6  -4  -7  -6   6    3   0   0   0   0   0   0   0   0  41   7   0   0   0   0   0   1   0   0  48  1.73 0.73
  354 R    -6   6  -4  -6  -1  -2  -4  -6  -3  -8  -6   6  -4  -8  -6  -5  -6  -1  -6  -7    0  46   0   0   1   1   0   0   0   0   0  49   0   0   0   0   0   1   0   0  2.06 0.89
  355 L    -5  -6  -7  -8  -1  -5  -7  -8  -7   3   6  -7   0  -1  -7  -6  -4  -4  -4   1    0   0   0   0   1   0   0   0   0  17  66   0   2   2   0   0   1   0   0   9  1.48 0.65
  356 W    -9  -7 -10 -11  -9  -7  -9  -9  -9  -9  -8  -9  -8  -6 -10  -8  -9  13  -3  -9    0   0   0   0   0   0   0   0   0   0   0   0   0   0   0   0   0  99   0   0  5.42 1.73
  357 D    -6  -4   4   8  -7  -3  -1  -5  -3  -8  -9  -5  -8  -8  -7  -3  -5  -9  -6  -8    0   1  15  75   0   1   4   0   1   0   0   0   0   0   0   2   0   0   0   0  2.28 0.93
  358 L     2  -4  -5  -5  -3  -4  -5  -4  -5   1   3  -4  -1  -2   0  -2   1  -2  -4   3   20   1   0   0   0   0   0   1   0   6  28   0   1   1   5   2   8   1   0  24  0.59 0.38
  359 V     3   1   0  -1  -3   1   1  -1  -1  -3  -4   0  -3  -4  -2   1   1  -5  -4   0   30   6   5   3   0   7   9   3   2   1   1   6   0   0   1  11   9   0   0   6  0.33 0.28
  360 A     2  -4  -1  -2  -5  -3  -4  -4  -5  -4  -5  -3  -2  -6  -5   2   7  -6  -1  -4   13   0   3   2   0   1   1   1   0   1   0   2   1   0   0  15  58   0   2   0  1.32 0.70
  361 G    -4  -4  -3  -4  -6  -3  -5   7  -7  -8  -8  -5  -6  -6  -6  -3  -5  -5  -6  -5    1   1   1   1   0   1   1  90   0   0   0   1   0   0   0   2   1   0   0   1  2.38 0.94
  362 K     1   2  -1  -2  -5   3   2  -4  -1  -3  -5   5  -4  -5  -4  -1   0  -6  -4  -2   14   9   2   2   0  14  13   1   1   1   1  31   0   0   0   3   5   0   0   3  0.66 0.42
  363 T    -1  -2  -4  -4   7   0   3  -4  -1  -3   1  -3  -3  -4  -2  -1   1  -3  -3  -1    6   2   0   0  25   5  18   1   2   1  17   1   0   1   3   5   9   0   1   4  0.68 0.42
  364 R    -3   1  -4  -5  -3   1  -3  -5  -1   3   4  -1   3  -1  -5  -3  -1  -2  -2   0    1   9   0   0   0   6   1   1   1  18  35   4   8   2   0   2   3   1   1   6  0.54 0.34
  365 V     0   3   0  -3   0   4  -2  -2   3  -3  -2   2  -2  -3  -4  -1   0  -4  -3  -2    9  17   4   0   2  23   1   3   7   1   4  11   1   1   0   4   7   0   1   2  0.49 0.36
  366 T    -3  -4  -4  -6  -4  -3  -5  -6  -3   1  -5  -2  -2  -6  -3  -1   7  -7  -6   0    1   1   0   0   0   1   1   0   1   6   0   2   1   0   2   3  74   0   0   5  1.76 0.85
  367 L    -6  -7  -8  -8  -6  -7  -8  -8  -7  -1   7  -7  -1   2  -6  -7  -6  -3  -3  -4    0   0   0   0   0   0   0   0   0   2  87   0   1   8   0   0   0   0   1   0  2.06 0.86
  368 T    -2  -1  -1  -1  -3   2   4  -4  -1  -3  -5   2  -4  -6  -3  -1   4  -4  -3  -3    2   3   2   3   1   9  25   1   2   1   0  13   0   0   1   4  30   0   1   1  0.73 0.47
  369 N    -4  -5   1  -3  -6  -6  -3   7   5  -8  -8  -5  -6  -8  -6  -4  -5  -7  -7  -7    1   0   5   2   0   0   2  76  12   0   0   0   0   0   0   1   0   0   0   0  2.06 0.85
  370 H    -7  -6  -2  -6  -9  -5  -5  -7  11  -9  -7  -5  -8  -5  -7  -6  -8  -8   0  -9    0   0   1   0   0   0   0   0  93   0   1   0   0   0   0   0   0   0   3   0  4.02 1.38
  371 K    -2   0   0   0  -4  -1  -2  -2  -3  -3  -3   3  -3  -4  -4   4   3  -3  -4  -4    2   4   3   4   0   2   2   3   0   1   3  18   0   1   0  33  21   0   1   0  0.65 0.45
  372 K    -2  -1   3   4  -6  -2  -1   2   2  -5  -5   3  -4  -3  -4   2  -3  -4  -1  -5    2   3  13  20   0   1   3  14   4   0   1  18   0   1   0  16   0   0   2   0  0.58 0.38
  373 S     0   0  -3  -3  -1  -2  -2   1  -2  -3  -2  -3  -3  -2   0   3  -2   8   1  -3    7   6   1   1   1   1   3  12   1   2   5   1   1   2   5  26   2  19   4   2  0.65 0.41
  374 V    -3  -7  -8  -8  -4  -7  -7  -7  -8   3  -3  -7  -4  -4  -7  -5  -4  -8  -6   7    2   0   0   0   0   0   0   0   0  14   1   0   0   0   0   0   0   0   0  81  2.18 0.89
  375 R    -4   5   3  -3  -1  -1  -2  -4   0  -3  -2  -1  -2  -1  -5   0   1   5   2  -4    0  33  13   1   1   2   2   1   2   1   5   2   1   2   0   7   9   8   7   1  0.70 0.43
  376 A     3  -5  -3  -3  -1  -5  -4  -2  -6  -5  -5  -5  -5  -6  -4   6  -1  -5  -5  -4   21   0   1   2   1   0   0   3   0   0   1   0   0   0   0  65   3   0   0   1  1.47 0.77
  377 V    -3  -7  -7  -8  -3  -7  -7  -7  -7   2   1  -7   1  -3  -7  -6  -4  -7  -6   7    1   0   0   0   0   0   0   0   0  10  14   0   3   1   0   0   1   0   0  69  1.71 0.74
  378 V     6  -5  -4  -5   1  -4  -5  -3  -5  -3  -4  -4  -4  -6  -5   1   0  -7  -6   2   65   0   1   0   2   1   0   2   0   1   1   0   0   0   0   8   6   0   0  12  1.28 0.67
  379 L    -5  -5  -8  -8  -6  -4  -6  -8  -6   1   0  -6  -2   8  -5  -6  -5   1   1  -1    1   1   0   0   0   1   0   0   0   9   7   0   1  68   1   0   1   2   4   4  2.04 0.81
  380 H    -3  -4  -2  -4  -6  -5  -5  -5   6  -7  -7  -5  -6  -5  -5   7  -1  -8  -6  -7    2   1   2   0   0   0   0   0  16   0   0   0   0   1   0  75   3   0   0   0  2.04 0.95
  381 P    -3  -4  -3  -7  -6  -3  -6  -5   1  -6  -5  -5  -7  -7   8  -2  -5  -9  -5  -7    2   1   1   0   0   1   0   1   3   0   1   0   0   0  83   4   1   0   1   0  2.64 1.07
  382 L    -5  -2   2   8  -6  -2  -2  -5  -4  -5  -6  -1  -5  -4  -6  -2  -1  -8  -5  -5    1   3   8  71   0   2   1   0   0   1   1   4   0   1   0   2   4   0   0   1  1.86 0.81
  383 L    -3  -4  -2  -4  -3  -3   1   7  -4  -7  -3  -5  -7  -7  -6   1  -5  -4  -6  -6    1   1   2   1   1   1  11  70   0   0   3   0   0   0   0   9   0   0   0   0  1.63 0.73
  384 Y    -2   2   1  -2  -4   4  -2  -4   0  -4  -4   4  -2   0  -4  -1   1  -4   2  -4    3  12   5   1   0  18   1   1   2   1   1  28   1   5   0   5   7   0   7   0  0.61 0.41
  385 T    -2   2  -3  -5   0   2  -4  -5   0   0   1  -1   2  -2  -5   0   5   0   0  -2    2  11   0   0   2  10   0   0   2   6  13   3   5   1   0   5  35   2   3   2  0.54 0.40
  386 F    -3  -6  -7  -7  -4  -6  -7  -7  -6   3   5  -6   0   4  -7  -6  -5  -4  -3   2    2   0   0   0   0   0   0   0   0  17  50   0   1  15   0   0   0   0   0  12  1.22 0.56
  387 A     6  -6  -6  -6  -1  -5  -6  -5  -3  -1  -2  -5  -2  -5  -6  -2  -3  -5  -6   3   70   0   0   0   1   0   0   0   1   4   3   0   1   0   0   2   1   0   0  17  1.54 0.75
  388 S    -4  -6  -4  -6  -2  -5  -5  -5  -6  -6  -5  -5  -7  -6  -6   7   1  -8  -7  -7    0   0   0   0   1   0   0   0   0   0   1   0   0   0   0  89   7   0   0   0  2.33 1.06
  389 G     3  -6  -5  -6   0  -6  -6   7  -3  -6  -7  -6  -7  -7  -6  -1  -4  -5  -7  -5   23   0   0   0   2   0   0  68   1   0   0   0   0   0   0   4   1   0   0   1  1.80 0.78
  390 S    -1  -6  -4  -4  -1  -4  -4  -1  -6  -7  -6  -4  -6  -6  -6   7  -4  -8  -4  -6    4   0   0   1   1   1   1   4   0   0   0   0   0   0   0  85   0   0   1   0  2.07 0.97
  391 P     1   0   0   4  -3  -2   0   0   1  -3  -2  -2  -3  -1   0   0  -1   4   2  -3   14   5   4  23   1   1   4   8   3   1   3   1   0   2   4   7   3   7   6   1  0.32 0.25
  392 D    -6  -4   0   8  -8  -4  -3  -3  -4  -8  -9  -3  -8  -7  -7  -4  -5  -4  -6  -6    1   1   4  87   0   1   1   2   0   0   0   2   0   0   0   1   1   0   0   0  2.61 1.03
  393 N    -4  -4   5  -4  -5  -1  -4  -4  -1  -5  -6  -3  -3  -7  -6   0   7  -7  -6  -5    1   1  26   1   0   3   1   1   2   0   0   2   1   0   0   5  57   0   0   0  1.61 0.79
  394 I    -3  -7  -4  -7  -4  -7  -7  -7  -7   6   0  -7  -2  -5  -7  -6  -3  -7  -6   5    2   0   1   0   0   0   0   0   0  47   8   0   1   0   0   0   1   0   0  39  1.63 0.69
  395 K    -5   6  -4  -6  -3  -1  -4  -6  -3  -5  -6   7  -4  -6  -6  -5  -5  -2  -5  -6    0  37   1   0   1   2   0   0   1   1   0  56   0   0   0   0   0   1   0   0  1.96 0.85
  396 Q    -4  -4  -4  -6  -1   1  -4  -7  -4   3   5   0  -1  -2  -6  -5  -3  -3  -5   2    0   1   1   0   1   6   1   0   0  16  54   5   1   1   0   0   1   0   0  11  0.99 0.51
  397 W    -9  -9 -10 -10  -6  -8  -9  -9  -9  -9  -7  -9  -8  -1 -10  -6  -9  13  -4  -9    0   0   0   0   0   0   0   0   0   0   0   0   0   2   0   1   0  96   0   0  5.22 1.67
  398 K    -4  -2   3   7  -5  -1  -1  -4  -2  -5  -6   1  -4  -7  -6  -2  -4  -5  -6  -7    1   2  15  59   0   2   4   1   1   1   0   9   0   0   0   3   1   0   0   0  1.56 0.71
  399 F     3  -4  -4  -5   4  -4  -4  -3  -5   1   1  -4   0  -1   0  -2   1  -2  -2   3   22   1   0   0   8   0   0   2   0   7  15   0   2   3   5   2  10   1   1  22  0.46 0.32
  400 P     2   0   0  -1  -3   1   1  -2   0  -3  -4   0  -2  -4   3   1   1  -4  -4  -1   22   4   3   3   0   7   9   3   3   1   1   6   1   1  15  11   7   0   0   4  0.34 0.27
  401 D    -2  -2   0   1  -5  -3   0  -4  -3  -3  -5  -1  -3  -6  -5   2   6  -7  -4  -4    2   2   4   6   0   1   7   1   0   2   0   3   1   0   0  14  56   0   1   0  1.19 0.65
  402 G    -2  -4  -3  -4  -6  -3  -5   7  -5  -8  -8  -4  -6  -6  -7  -3  -6  -3  -6  -7    2   1   1   1   0   1   1  88   0   0   0   1   0   0   0   1   0   0   0   0  2.33 0.93
  403 G     1   1   0  -1  -4   3   3  -2  -1  -2  -4   3  -3  -5  -4  -1   0  -5  -4  -1   15   8   4   2   0  14  18   2   1   2   1  18   0   0   0   4   7   0   0   4  0.44 0.33
  404 F    -1  -4  -4  -4   7   0   3  -4   0  -2   2  -3  -2   3  -2  -2  -2  -3  -1  -1    4   0   1   0  21   5  17   1   2   1  18   1   0  15   2   2   2   0   2   5  0.66 0.40
  405 I    -3   0  -5  -4  -2   1  -2  -5  -2   3   4  -1   2  -2  -4  -4  -1  -4  -3   1    1   5   0   0   1   6   3   1   1  20  39   4   4   1   0   1   3   0   0  10  0.61 0.36
  406 Q    -1   4   0  -3  -3   5  -2  -2   4  -4  -3   2  -3  -3  -5  -1  -2  -3  -2  -5    5  22   4   1   0  30   1   3  10   1   3  11   0   1   0   3   3   0   1   0  0.82 0.49
  407 N    -3  -3   3  -3  -1  -2  -4  -6  -3  -1  -5  -1  -2  -7  -4  -1   7  -7  -6  -2    1   1  15   1   1   1   1   0   0   4   0   3   1   0   1   3  62   0   0   3  1.45 0.74
  408 L    -6  -6  -8  -8  -2  -6  -7  -8  -7   0   6  -7   0   4  -6  -6  -6  -2  -1  -2    0   0   0   0   1   0   0   0   0   4  74   0   2  14   0   0   0   0   1   2  1.67 0.73
  409 S    -2   0   0   0  -3   2   4  -4   0  -3  -5   2  -4  -5  -2   1   2  -3  -3  -3    3   5   5   4   0   9  27   0   2   2   0  11   0   0   2  11  15   0   1   2  0.51 0.36
  410 G    -4  -4  -3  -2  -5  -2  -3   7  -5  -7  -8  -5  -7  -7  -6  -2  -5  -7  -8  -6    1   1   1   2   0   2   2  86   0   0   0   0   0   0   0   3   1   0   0   1  2.22 0.89
  411 H    -7  -4  -4  -5  -6  -1  -5  -6  11  -9  -8  -6  -7  -5  -5  -6  -7  -8   0  -7    0   1   0   1   0   3   0   1  89   0   0   0   0   0   1   0   0   0   3   0  3.75 1.31
  412 N    -2  -1   3   0  -4  -1  -1  -1  -3  -3  -3  -1  -4  -4  -3   4   4  -3  -4  -4    3   3  12   6   0   2   3   5   1   1   3   4   0   0   1  31  23   0   0   0  0.59 0.42
  413 A     1  -2   3   4  -4  -2  -1   2   1  -5  -5  -2  -4  -4  -3   2  -1  -3   0  -5   10   2  14  23   0   1   3  15   3   0   1   2   0   0   1  18   3   0   3   0  0.56 0.37
  414 I    -1   1  -3  -1  -2  -2  -2  -1  -2   3  -1  -3  -1  -1  -1   2  -1   8   1  -1    5   7   1   3   1   1   2   6   1  16   4   1   1   2   4  15   3  19   4   4  0.53 0.35
  415 I    -4  -8  -8  -8  -6  -7  -8  -7  -8   3  -3  -7  -1  -6  -6  -7  -5  -8  -6   7    1   0   0   0   0   0   0   0   0  16   1   0   1   0   0   0   0   0   0  80  2.24 0.91
  416 N    -4   2   5  -3  -1  -1  -2  -4   1  -2  -1  -2  -1   0  -5   0   1   6   2  -4    1  10  33   1   1   3   2   1   4   2   5   2   1   3   0   6   8   9   8   1  0.72 0.44
  417 T     2  -5  -3  -3   3  -4  -4  -2  -4  -6  -6  -5  -5  -5  -6   6   1  -4  -6  -4   14   0   0   1   5   0   0   3   0   0   0   0   0   0   0  65   9   0   0   1  1.48 0.77
  418 L    -3  -7  -7  -8  -1  -7  -7  -7  -7   2   1  -7   2  -3  -7  -5  -3  -7  -6   7    2   0   0   0   1   0   0   0   0   8  14   0   4   1   0   0   1   0   0  69  1.68 0.73
  419 A     6  -5  -5  -5   0  -5  -5  -3  -5  -5  -5  -5  -4  -6  -5   2   0  -7  -5   1   69   0   0   0   2   0   0   1   0   0   0   0   0   0   0  12   5   0   0   8  1.45 0.73
  420 V    -5  -8  -8  -8  -1  -8  -6  -8  -6   2  -2  -8  -3   8  -8  -6  -6   1   1   2    1   0   0   0   1   0   0   0   0   9   3   0   0  68   0   0   0   2   4  11  2.18 0.85
  421 N    -2  -3   4  -4  -6  -5  -5  -5  -4  -7  -7  -4  -7  -6  -6   7  -1  -8  -7  -7    2   1  15   0   0   0   0   0   0   0   0   1   0   0   0  77   3   0   0   0  2.01 0.95
  422 A    -2  -3  -3  -3  -5  -1   0  -5   1  -7  -5  -3  -7  -8   8  -1  -3  -8  -5  -6    4   1   2   2   0   3   6   1   3   0   1   1   0   0  69   5   1   0   0   0  1.95 0.86
  423 D    -6  -6   1   8  -8  -3  -1  -4  -4  -8  -8  -4  -8  -8  -7  -2  -4  -9  -5  -8    0   0   6  83   0   1   3   1   0   0   0   1   0   0   0   2   1   0   1   0  2.47 0.99
  424 G    -4  -7   1  -2  -6  -6  -6   7  -7  -8  -8  -5  -7  -8  -6   1  -6  -8  -8  -7    0   0   6   2   0   0   0  82   0   0   0   0   0   0   0   9   0   0   0   0  2.17 0.89
  425 V    -4   1  -4  -5  -5   4  -4  -6  -5   1  -1   1  -1  -3  -5  -3   5  -3  -1   2    0   6   0   0   0  16   0   0   0   7   7   7   1   1   0   1  33   0   3  17  0.72 0.48
  426 L    -4  -7  -7  -8  -5  -6  -7  -8  -6   3   6  -7   2  -2  -7  -6  -4  -6  -5   2    1   0   0   0   0   0   0   0   0  16  65   0   5   1   0   0   1   0   0  10  1.48 0.66
  427 V     6  -6  -6  -7  -5  -6  -6  -5  -7   0  -3  -6  -3   1  -6  -4  -4  -7  -5   4   59   0   0   0   0   0   0   0   0   5   2   0   0   6   0   0   0   0   0  27  1.45 0.72
  428 S    -1  -6  -4  -6  -2  -5  -5  -5  -6  -7  -6  -6  -7  -7  -6   7   1  -8  -7  -6    3   0   0   0   1   0   0   0   0   0   1   0   0   0   0  86   9   0   0   0  2.21 1.03
  429 G     2  -6  -5  -6   0  -6  -7   7  -7  -7  -8  -6  -6  -8  -7  -1  -4  -5  -7  -5   17   0   0   0   2   0   0  74   0   0   0   0   0   0   0   5   1   0   0   1  1.95 0.82
  430 A     0  -6  -3  -4  -4  -5  -5   2  -3  -7  -6  -5  -6  -7  -6   7  -2  -5  -4  -7    6   0   1   0   0   0   0  13   1   0   1   0   0   0   0  76   1   0   1   0  1.82 0.89
  431 D    -1   0   1   5  -2  -1   1   1   1  -4  -3  -2  -4  -2  -4   1  -2   3   1  -3    4   5   6  33   1   2   7  10   4   1   3   1   0   2   0   9   1   5   6   2  0.52 0.34
  432 N    -6  -7   3   8  -9  -5  -3  -6  -6  -9  -9  -5  -8  -8  -7  -5  -5  -9  -5  -8    0   0  14  83   0   0   0   0   0   0   0   0   0   0   0   0   0   0   0   0  2.69 1.06
  433 G    -3   1   3  -2  -2   1  -1   3   2  -6  -5   4  -2  -4  -5  -1  -1  -2  -3  -5    1   8  14   2   1   7   3  23   6   0   0  26   1   0   0   3   3   1   1   0  0.67 0.41
  434 T    -4  -5  -4  -6  -6  -2  -5  -6  -3  -3  -6  -4  -1  -5  -5   2   7  -7  -3  -4    1   0   1   0   0   2   0   0   1   2   0   1   2   0   0  13  76   0   1   1  2.00 0.93
  435 M    -3  -7  -7  -7  -3  -6  -7  -8  -7   5   2  -7   2  -4  -7  -6  -4  -7  -5   5    2   0   0   0   0   0   0   0   0  35  16   0   5   0   0   0   1   0   0  41  1.44 0.64
  436 H    -5   6  -2  -5  -1  -1  -4  -5   2  -5  -6   6  -4  -5  -6  -3  -3   2  -3  -6    0  36   2   0   1   2   0   0   5   1   0  44   0   0   0   2   1   3   1   0  1.52 0.72
  437 L    -5  -7  -7  -8  -3  -6  -7  -8  -7   3   5  -7  -1   4  -7  -6  -5  -3  -3   1    0   0   0   0   0   0   0   0   0  17  56   0   1  15   0   0   0   0   0   9  1.37 0.61
  438 W    -9  -9 -10 -11  -6  -9 -10  -9  -9  -9  -8 -10  -6  -3 -10  -8  -9  13  -1  -9    0   0   0   0   0   0   0   0   0   0   0   0   0   1   0   0   0  96   2   0  5.27 1.70
  439 D    -6  -3   3   8  -8  -3  -1  -6  -2  -8  -9  -5  -8  -7  -6  -3  -6  -9  -6  -8    0   1  14  76   0   1   3   0   1   0   0   0   0   0   0   2   0   0   0   0  2.35 0.95
  440 W     2  -4  -5  -6  -3  -5  -5  -4  -4   1   1  -4  -1  -3  -1  -2   1   7   1   3   20   0   0   0   0   0   0   0   0   6  12   1   1   1   4   2  10  13   4  25  0.69 0.42
  441 R     3   1   0  -1  -3   1   1  -2   0  -3  -4   2  -2  -4  -2   1   1  -4  -3  -2   25   7   5   3   0   7   9   2   2   1   1  15   1   0   1  10   7   0   0   3  0.33 0.27
  442 T    -3  -4  -2  -3  -5  -4  -4  -5  -5  -3  -5  -5  -4  -7  -5   4   7  -7  -4  -5    1   1   2   1   0   0   1   0   0   1   0   0   0   0   0  24  65   0   1   0  1.76 0.85
  443 G    -3  -3  -4  -6  -4  -5  -5   7  -4  -7  -8  -4  -6  -6  -7  -4  -6  -5  -6  -8    1   1   1   0   0   0   1  91   0   0   0   1   0   0   0   1   0   0   0   0  2.46 0.96
  444 Y     1   1  -1  -2  -5   3   2  -3   3  -3  -3   3  -3  -3  -4  -1   0  -4   2  -2   14   7   3   1   0  15  13   1   7   1   2  17   0   1   0   3   5   0   7   3  0.40 0.31
  445 N    -1  -2   1  -4   7   1   3  -4  -1  -2   1  -1  -2  -4  -1  -2  -3  -3  -1  -1    5   2   6   0  23   6  19   0   2   2  16   4   0   0   4   3   1   0   2   4  0.59 0.38
  446 F    -4   0  -5  -5  -3   0  -3  -5  -3   3   4  -1   0   4  -4  -4  -2  -3  -1   0    1   5   0   0   1   6   1   0   1  16  36   4   2  17   0   1   2   0   1   7  0.63 0.36
  447 Q    -1   3  -1  -3  -1   6  -2  -4   3  -4  -4   2  -3  -3  -5  -1  -2  -4  -3  -5    6  18   3   1   2  40   1   1   7   1   2  10   1   1   0   3   2   0   1   0  0.97 0.54
  448 R    -3   0  -2  -4  -5   1  -2  -5  -1  -1  -4  -1  -2  -6  -5   0   7  -4  -5  -2    2   5   2   0   0   5   2   0   1   4   1   4   1   0   0   6  63   0   0   2  1.31 0.68
  449 V    -3  -5  -5  -5  -4  -5  -3  -6  -6   0   6  -5   1   2  -5  -4  -2  -1  -3  -2    2   0   0   0   0   0   2   1   0   5  70   0   3   8   0   2   2   1   1   2  1.27 0.58
  450 H    -2   0   0   0  -2   3   4  -3   1  -4  -4   2  -3  -5  -3   0   2  -3  -2  -3    3   5   3   4   1  14  26   1   4   0   1  14   0   0   1   5  14   0   1   2  0.57 0.36
  451 A    -1  -4  -2  -2  -3  -4  -4   7  -5  -6  -6  -4  -4  -6  -4  -1   1  -5  -5  -4    5   1   1   3   0   1   1  70   0   0   1   1   0   0   1   5   9   0   0   1  1.53 0.64
  452 A     0   0  -1   0  -1   0   0  -1   5   1  -1   0  -1  -1   0  -1   0  -1   0   0    6   4   3   4   1   3   5   5  17  10   6   6   1   2   6   4   5   1   4   5  0.14 0.06
  453 V     0   0  -1  -1   0  -1   0  -1  -1   0   0  -1   0  -1   2   0   1  -1  -1   1   10   4   3   4   2   3   4   5   1   5   9   4   1   3  11   8   9   1   2  13  0.06 0.03
  454 Q     0   0   0   0  -1   3   0   0   1  -1   0   0   0   0   0   0   0   0   0  -1    6   5   4   4   1  20   5   7   3   4   8   5   2   4   4   6   4   1   3   5  0.10 0.04
  455 P     0   0  -1  -1  -1   0   0  -1   0  -1  -1   0  -1  -1   4   0   0   0  -1  -1    6   5   3   4   1   4   5   6   2   4   7   5   2   3  23   7   5   2   2   5  0.22 0.05
  456 G     0  -1   0   0  -1   0   0   3  -1  -1  -1   0  -1  -1   0   0   0  -1  -1   0    6   4   3   4   1   3   5  25   2   4   7   4   2   3   4   6   6   1   3   6  0.11 0.03
  457 S     0   0   0   0  -1   0   0   0   0  -1   0   0   0   0   0   2   0   0   0   0    6   4   4   4   1   3   5   6   3   4   8   4   2   4   4  23   6   1   2   5  0.07 0.03
  458 L     0   0   0   0  -1   0   0  -1  -1   0   1   0   1   0   0   0   0   0   0   0    6   4   4   4   1   3   5   5   2   7  22   5   4   3   4   6   5   1   2   5  0.02 0.01
  459 D     0   0   0   3  -1   0   1   1   0  -1  -1   0  -1  -1   0   0   0  -1  -1  -1    6   4   3  17   1   3  10  11   2   4   6   4   2   3   4   7   4   1   2   5  0.09 0.03
  460 S     0  -3  -3  -4  -1  -3  -3  -2  10  -4  -4  -4  -3  -3  -4   1  -3  -4  -2  -4    7   1   1   1   1   1   1   3  62   1   2   1   1   1   1  12   1   0   1   1  2.03 0.70
  461 E    -2  -1   0   0  -3   0   3  -1   0  -3  -3  -2  -3  -3  -3   4   3  -4  -3  -3    2   3   3   4   0   3  21   5   2   1   2   2   0   1   1  31  17   0   1   2  0.53 0.33
  462 S     1  -1   3   3  -1  -3  -2   2  -1  -4  -4  -1  -3  -4  -3   3  -2  -4  -3  -4   14   3  15  19   1   0   2  14   2   1   1   3   1   1   1  20   1   0   1   1  0.53 0.32
  463 G     0   0  -3  -2  -2  -2  -3   3  -2  -4  -2  -3  -3  -1  -4   2  -1   8   1  -3    9   4   1   3   1   1   2  21   1   1   5   1   1   2   0  18   3  20   4   2  0.73 0.40
  464 I    -4  -7  -7  -8  -6  -7  -7  -8  -8   4  -3  -7  -4  -4  -7  -6  -4  -7  -6   7    1   0   0   0   0   0   0   0   0  21   1   0   0   0   0   0   0   0   0  75  2.15 0.87
  465 F    -3   2   2  -3  -2  -1  -2  -4  -1  -1  -1  -2   0   3  -5   0   1   6   4  -3    1  12  12   1   1   2   2   1   1   4   7   2   3  12   0   7   8  10  13   1  0.49 0.33
  466 A     3  -5  -4  -2   3  -5  -5  -2  -6  -6  -5  -5  -5  -6  -4   6  -2  -7  -6  -4   21   0   0   2   5   0   0   2   0   0   1   0   0   0   1  65   1   0   0   1  1.52 0.78
  467 C    -2  -7  -7  -7   1  -6  -7  -7  -5   2  -1  -6   2  -4  -7  -1  -3  -7  -6   7    2   0   0   0   3   0   0   0   0   8   5   0   4   1   0   5   1   0   0  70  1.60 0.72
  468 A     6  -4  -3  -5   1  -3  -5  -3  -4  -4  -5  -3  -3  -6  -5   1   1  -7  -6   1   61   1   1   0   3   1   0   1   0   1   1   1   1   0   0   8  10   0   0   9  1.17 0.63
  469 F    -7  -8  -8  -9  -7  -8  -7  -8  -6  -1  -3  -8  -4   9  -9  -7  -7   1   3  -3    0   0   0   0   0   0   0   0   0   4   2   0   0  81   0   0   0   2   8   2  2.80 1.02
  470 D    -3  -4  -3   3  -4  -5  -5  -5  -3  -7  -6  -5  -7  -6  -6   7  -1  -8  -7  -7    1   1   1  18   0   0   0   0   0   0   1   0   0   0   0  75   3   0   0   0  1.91 0.92
  471 R    -1  -1  -2  -5  -3   1  -5  -5   1  -5  -3  -1  -1  -5   8  -2  -4  -8  -5  -3    4   3   2   0   1   6   0   1   3   1   3   4   2   0  65   3   1   0   0   2  1.75 0.79
  472 S    -5  -6   1   8  -8  -4  -3  -5  -6  -7  -8  -4  -7  -7  -6   1   1  -9  -8  -7    0   0   5  73   0   0   1   1   0   0   0   1   0   0   0   9   9   0   0   0  2.10 0.89
  473 E    -4  -5  -4  -4  -5  -4  -3   7  -7  -8  -8  -5  -7  -8  -7   0  -6  -7  -6  -8    1   1   0   1   0   1   2  86   0   0   0   0   0   0   0   8   0   0   0   0  2.27 0.92
  474 S    -2   2  -1  -3  -4   4  -2  -4   0  -5  -2   4  -2  -4  -4   1   2  -5  -5  -4    3  11   2   1   0  19   1   1   2   0   4  28   1   0   0  11  13   0   0   1  0.70 0.45
  475 R    -4   5  -4  -5  -3   2  -4  -6   0   0   1  -1   0  -2  -5  -2   4   0   0  -2    1  28   0   0   0  10   0   0   2   4  11   2   3   2   0   2  28   1   3   2  0.75 0.48
  476 L    -3  -7  -8  -8  -5  -7  -7  -7  -7   3   6  -7  -1  -2  -7  -6  -5  -6  -5   2    2   0   0   0   0   0   0   0   0  17  67   0   1   1   0   0   0   0   0  11  1.55 0.68
  477 L     6  -5  -6  -6  -5  -6  -5  -5  -6   3  -2  -6  -4  -3  -6  -3  -3  -7  -6   3   57   0   0   0   0   0   0   0   0  16   4   0   0   1   0   0   1   0   0  20  1.33 0.67
  478 T    -4  -6  -5  -6  -3  -5  -5  -5  -6  -7  -7  -6  -7  -6  -6   7   4  -8  -6  -6    0   0   0   0   1   0   0   0   0   0   0   0   0   0   0  78  20   0   0   0  2.16 1.01
  479 A     3  -6  -5  -6   4  -6  -6   6  -4  -7  -7  -6  -7  -7  -6  -1  -4  -5  -7  -5   19   0   0   0   7   0   0  67   0   0   0   0   0   0   0   4   1   0   0   1  1.76 0.76
  480 E    -3  -6  -4  -4  -1  -5   2   0  -3  -8  -7  -5  -7  -8  -6   7  -4  -8  -7  -7    1   0   0   0   2   0  13   7   1   0   0   0   0   0   0  76   0   0   0   0  1.85 0.91
  481 A     2   0   0   2   1  -1   0   1   1  -4  -2  -2  -3  -1  -4   0  -2   5   2  -2   18   5   4  14   3   2   7  10   3   0   3   2   0   2   0   7   2   7   9   3  0.28 0.23
  482 D    -7  -6  -2   9  -9  -6  -4  -6  -7  -9  -9  -6  -9  -9  -6  -6  -7 -10  -6  -8    0   0   1  97   0   0   0   0   0   0   0   0   0   0   0   0   0   0   0   0  3.21 1.20
  483 K    -3   2   3  -2  -3   1   0   0   2  -6  -6   6  -2  -5  -5  -1  -2  -5  -2  -6    2   8  13   2   1   6   6   7   4   0   0  43   1   0   0   3   2   0   1   0  0.86 0.49
  484 T    -4  -5  -4  -6  -6  -4  -6  -7  -7  -4  -6  -5  -2  -5  -6   0   8  -8  -7  -5    1   1   1   0   0   1   0   0   0   1   0   0   1   0   0   6  88   0   0   0  2.46 1.07
  485 I    -3  -7  -8  -8  -6  -7  -7  -8  -8   7   0  -6  -3  -4  -7  -6  -4  -7  -6   5    2   0   0   0   0   0   0   0   0  53   6   0   0   0   0   0   0   0   0  38  1.87 0.77
  486 K    -6   6  -4  -6  -5  -2  -4  -7  -2  -4  -5   7  -4  -7  -6  -5  -6  -4  -6  -7    0  34   0   0   0   1   0   0   1   1   1  60   0   0   0   0   0   0   0   0  2.05 0.89
  487 V    -5  -5  -7  -8  -3  -5  -7  -8  -4   5   5  -6   2  -1  -7  -6  -5  -5  -5   2    0   0   0   0   0   0   0   0   1  27  53   0   4   2   0   0   0   0   0  12  1.37 0.61
  488 Y    -9  -8 -10 -11  -9  -8  -9  -9  -6  -9  -8  -9  -8  -3 -10  -9  -9  13   3  -9    0   0   0   0   0   0   0   0   0   0   0   0   0   1   0   0   0  92   7   0  5.03 1.64
  489 R    -4   2   3   7  -5  -1  -1  -4  -2  -5  -7   2  -6  -7  -5  -2  -4  -7  -5  -6    1  10  12  52   0   3   3   1   1   1   0  12   0   0   0   2   1   0   0   0  1.34 0.62
  490 E     2  -3  -3  -3  -1   0   2  -3  -3   1   1  -3  -1  -3   0  -1   1  -1  -3   3   19   1   1   0   1   4  13   1   0   5  13   1   1   1   5   3   8   1   1  23  0.29 0.26
  491 D     2  -1   0   4  -3   1   1  -2  -1  -3  -2   0  -2  -4  -3   1   0  -4  -3  -2   21   3   5  21   0   7   8   2   1   2   3   7   1   0   1   9   6   0   0   3  0.34 0.26
  492 E    -1  -3  -2   1  -4  -2   2  -4  -4  -4  -4  -2  -4  -5  -1   2   6  -6  -3  -4    5   1   1   7   0   1  11   1   0   1   1   2   0   0   3  12  51   0   1   1  1.02 0.59
  493 T    -3  -4  -1  -1  -6  -3  -1   7  -4  -4  -6  -3  -4  -6  -6  -2   1  -7  -6  -6    1   1   3   3   0   1   5  69   0   1   1   1   0   0   0   2  10   0   0   0  1.53 0.69
  494 A     3   0  -1  -2  -2   1   1  -2   4  -3  -2   2  -3  -4  -3   0   1  -5  -3  -2   32   4   2   2   1   7   9   3   9   1   4  11   0   0   0   6   8   0   0   2  0.40 0.30
  495 T    -1  -3  -2  -4   7  -2  -1  -1  -2  -3   1  -3  -3  -4  -3   1   5  -4  -4  -1    4   1   1   0  20   1   4   5   1   1  11   1   0   0   1   9  34   0   0   4  0.78 0.44
  496 E    -3   1  -1  -1  -3   1   1  -1  -2   0   3   0   1  -2   1  -2  -3  -4  -3  -1    1   6   2   3   0   8  11   5   1   3  35   7   3   1   6   2   1   0   0   3  0.30 0.26
  497 E    -2   2  -1  -1  -3   5   4  -3   3  -4  -4   1  -3  -5  -4  -1  -1   1  -2  -5    3   9   2   2   1  23  28   2   7   1   2   9   0   0   0   4   3   2   1   1  0.72 0.44
  498 T    -3  -4  -3  -5  -3  -5  -4   2  -6   0  -2  -3  -3  -4  -5   0   6  -6  -5   2    1   1   1   0   0   0   1  13   0   6   4   1   1   1   0   6  51   0   0  12  1.04 0.58
  499 H    -3   0   0  -2  -2  -1  -2  -4   7  -3   3  -3  -3   2  -4  -2  -2   0   1  -4    2   5   5   2   1   3   2   1  31   1  25   1   0   9   1   3   2   1   4   1  0.85 0.42
  500 P    -2  -3  -2  -2  -4  -2  -2  -3  -4  -3  -4  -1  -4  -4   4   5   3  -1  -4  -2    3   1   1   2   0   2   2   2   0   1   2   3   0   0  18  38  20   1   0   2  0.82 0.46
  501 V    -4  -6  -7  -7  -5  -6  -6  -4  -3   3   4  -6  -1  -1  -6  -5  -4  -6  -4   5    1   0   0   0   0   0   0   1   1  13  36   0   1   2   0   1   1   0   0  43  1.25 0.57
  502 S     3  -2   2   0  -1   1   1  -3   1  -3  -4   0  -3  -4  -3   1   1  -5  -3  -1   31   1   9   5   2   5  10   1   3   1   1   7   0   0   1   9   9   0   1   4  0.36 0.30
  503 W    -5  -7  -6  -5  -7  -6  -6   4  -6  -4  -5  -5  -4   7  -6  -5  -6   7   1  -5    0   0   0   1   0   0   0  34   0   1   0   0   0  45   0   1   0  12   3   0  1.92 0.79
  504 K    -3   0  -1  -3  -6  -3  -3  -5   8  -7  -7   1  -6  -7  -6   5  -3  -7  -3  -6    1   4   2   1   0   1   1   0  35   0   0   7   0   0   0  45   1   0   1   0  1.70 0.80
  505 P    -3  -3  -2  -3  -5  -3  -5  -4  -5  -5  -6  -2  -6  -7   7   3   1  -8  -6  -5    2   1   2   1   0   1   0   1   0   1   1   2   0   0  61  18   7   0   0   0  1.77 0.80
  506 E    -3  -5   2   7  -6  -3   0   0  -1  -7  -7  -2  -7  -6  -2   0  -2  -8  -6  -5    2   0   9  61   0   1   5   6   2   0   0   2   0   0   2   6   3   0   0   1  1.48 0.67
  507 I    -1  -1  -3  -3   1  -2  -3  -1  -3   1   1  -2  -1   0  -2   1   0   7   1  -1    6   4   1   1   3   1   1   5   0   8  15   3   1   3   2  14   6  19   4   4  0.44 0.27
  508 I    -2  -3  -3  -3  -5  -4  -4  -4  -6   2  -1  -4  -2  -2  -6  -4  -3  -6  -5   7    2   2   1   2   0   1   1   2   0  11   5   1   1   1   0   1   1   0   0  69  1.37 0.61
  509 K    -1   4   3  -2  -3   1  -2  -3  -2  -1  -3   1  -1  -3  -3   1   2   0  -1  -3    5  28  13   1   1   5   1   1   0   5   2   9   1   1   1   9  12   1   3   1  0.45 0.31
  510 R     1   2  -2  -3  -2  -2  -3  -4  -5  -6  -6  -1  -5  -4  -3   6  -2  -4  -5  -5    9  10   1   1   1   1   1   1   0   0   0   3   0   1   1  67   2   0   0   0  1.34 0.68
  511 K    -3  -1  -5  -4  -4  -5  -6  -7  -3   0  -1   1  -3  -5  -6  -4  -3  -5  -5   7    2   4   0   1   0   0   0   0   1   4   4   9   0   0   0   1   1   0   0  72  1.50 0.66
  512 R     6   2  -2  -5   0  -2  -3  -3  -4  -3  -5  -1  -3  -6  -5   0  -1  -6  -5   0   61  11   2   0   2   1   1   1   0   1   0   3   0   0   0   5   3   0   0   7  1.03 0.54
  513 F    -7  -8  -8  -9  -7  -8  -8  -8  -6  -5  -5  -8  -5   9  -9  -7  -7  -4   4  -6    0   0   0   0   0   0   0   0   0   0   0   0   0  86   0   0   0   0  14   0  3.15 1.00

                      K         Lambda
Standard Ungapped    0.1307     0.3162
Standard Gapped      0.0468     0.2670
PSI Ungapped         0.1531     0.3175
PSI Gapped           0.0468     0.2670
