
Last position-specific scoring matrix computed, weighted observed percentages rounded down, information per position, and relative weight of gapless real matches to pseudocounts
            A   R   N   D   C   Q   E   G   H   I   L   K   M   F   P   S   T   W   Y   V   A   R   N   D   C   Q   E   G   H   I   L   K   M   F   P   S   T   W   Y   V
    1 M    -2  -3  -3  -4  -2  -2  -3  -4  -3   2   2  -3   8  -1  -4  -3  -2  -3  -2   0    0   0   0   0   0   0   0   0   0  11  14   0  75   0   0   0   0   0   0   0  0.91 0.18
    2 L    -2   2  -2  -3  -2  -2  -2  -4   2   1   3  -1   0   2  -3  -2   0  -2   1   0    0  20   0   0   0   0   0   0   7   7  41   0   0   8   0   0   6   0   6   4  0.27 0.10
    3 A     3   2   1  -2  -2  -1  -1  -1  -2  -2  -1   0  -1  -1  -2   1  -1  -3  -2   0   38  19   7   0   0   0   0   2   0   0   4   5   0   2   0  12   0   0   0   9  0.25 0.12
    4 R    -2   5   2  -2  -4   1  -1  -3   4  -4  -4   2  -3  -4  -3   0   0  -4  -2  -3    0  45   9   0   0   4   0   0  16   0   0  11   0   0   0   9   7   0   0   0  0.69 0.20
    5 A     3  -2  -2  -3   2   0  -2   0  -3  -1   1  -2  -1  -1  -1   1   1  -3  -2   0   38   0   0   0   5   5   0   7   0   0  14   0   0   2   2  11  11   0   0   6  0.24 0.13
    6 A     3   1  -1  -3   0  -2  -2   0  -2  -1  -1  -1  -1  -1   0   1   0  -3  -2   0   42   9   2   0   2   0   0   5   0   3   6   0   0   3   3  14   2   0   0   7  0.24 0.14
    7 R    -2   5   1  -2  -3   0   0  -2  -2  -1  -1   1  -1  -1  -1   1   1  -4  -2  -2    0  40   6   0   0   1   3   1   0   3   8   4   1   3   2  16  12   0   0   0  0.39 0.18
    8 G     1  -2   2  -2  -3  -2  -2   4  -3  -2  -2  -2  -3  -3  -2   2   0   1  -3  -1    8   1  11   0   0   0   1  41   0   1   3   0   0   0   1  18   7   2   0   6  0.47 0.18
    9 T     1  -1  -2  -2  -3   0  -2   0   2  -3  -1  -2  -2  -3   3   2   3  -4  -1  -2   12   3   0   0   0   3   0   7   7   0   8   0   0   0  16  21  21   0   2   0  0.35 0.18
   10 G     1   2  -1  -2  -3  -1  -2   4  -2  -3  -2  -1  -2  -1  -2   2   1  -4  -3  -3   16  13   1   0   0   2   0  32   0   1   5   1   0   3   1  16   9   0   0   0  0.37 0.17
   11 A     2   1  -1  -1  -1   0   0  -1  -1  -2   0  -1   1  -2   2   0   0  -3   0  -1   25  10   1   3   1   4   5   4   1   0  13   1   4   0  11   6   5   0   4   3  0.13 0.10
   12 L     1   0  -3  -3   1  -1  -2  -1  -3   1   2  -2   1   1   1   0  -1  -2  -1   1   12   6   0   0   4   2   0   5   0   5  27   0   3   7   7   5   2   0   2  13  0.12 0.09
   13 L    -1  -1  -2  -4  -3  -3  -3  -2  -3  -1   4  -2   2   0  -1   0  -1  -3  -2  -1    4   4   2   0   0   0   1   2   0   0  59   1   6   3   2   9   4   0   0   2  0.46 0.23
   14 L     0  -1  -3  -3  -2  -1  -2  -2  -2   1   3  -2   2  -1  -2   0   0  -3   0   2   10   3   0   0   0   2   1   2   1   6  33   2   7   1   1   6   3   0   5  18  0.21 0.14
   15 R    -2   6  -3  -3  -5   2  -2  -3  -1  -4  -4   1  -3  -2   1  -1  -1   2  -1  -4    1  59   0   0   0  11   0   2   1   0   0   5   0   2   6   4   3   3   2   0  0.98 0.37
   16 G     1   2   1  -2  -3   0  -1   3   2  -3  -3  -1  -2  -3  -1   2   0  -4  -3  -2   15  15   6   0   0   3   3  24   7   0   2   1   0   0   2  15   4   0   0   3  0.30 0.16
   17 S     1  -1   0  -2  -2  -1  -2   2  -2  -1   1  -2  -1   2  -2   2   0   1  -1  -1   11   2   3   0   0   3   1  15   1   2  18   0   0  10   1  23   5   2   1   2  0.15 0.14
   18 V     0   1  -1  -2   1   0  -1  -2  -2   0  -1   0   0   1  -1   2   0   1  -1   2    5   8   2   0   3   4   2   2   1   3   4   3   3   7   3  24   4   2   2  20  0.10 0.12
   19 Q     0   3   2  -1  -3   2   0   0   0  -1  -2   0  -2   0  -1   1   0  -1  -1  -1    6  19  12   1   0  12   3   7   3   3   2   1   0   5   3  14   3   1   1   3  0.19 0.14
   20 A     1   0   0  -1  -2  -1   0   0   2  -1  -2  -1   0  -1   1   2   0  -2   2  -1   16   7   3   2   0   2   4   8   6   3   2   2   2   2   6  18   4   0   8   4  0.11 0.10
   21 S     2   0   1  -1  -2   0  -1   0   0  -1  -2  -1  -2  -1   1   2   1   1   0  -1   18   4  10   1   0   5   2   5   2   3   2   1   0   2   6  21   9   2   4   2  0.18 0.13
   22 G     0   0  -1   0  -2   0  -1   2  -1  -1  -1  -1   0   0   0   1   0   0  -1   1    3   7   2   4   0   4   0  19   1   2   4   2   2   4   4  17   7   2   2  13  0.10 0.10
   23 R    -1   3   0   2  -3   1   0   0   1  -1  -1   0  -1  -2   0   0   1  -3  -1  -1    2  23   2  12   0   5   5   6   4   4   4   4   1   1   5   6  11   0   2   3  0.18 0.12
   24 V     0   0  -1  -1  -1   0  -1  -1  -1   2   0  -1   0   1   1   0   0  -2  -1   2    9   7   2   3   1   6   1   5   2  14   7   0   1   7   7   5   3   0   0  20  0.06 0.08
   25 P     0  -1   0  -1  -3   2  -2   1  -2  -1  -2  -1  -2   0   5   1  -2  -3  -2  -2    5   3   4   2   0  12   0  12   0   5   4   1   1   5  29  15   0   0   1   1  0.46 0.21
   26 R     1   3   0  -1  -2   0   0  -2  -1  -2   0   1   0   0  -1   1   0   1  -1  -1   15  21   5   2   0   4   3   1   1   0   9   8   2   4   1  11   7   2   1   3  0.15 0.12
   27 R    -1   5   0   0   1  -1  -2  -2  -2  -3  -1   1  -1  -1  -2   0  -1   3   2  -3    3  38   5   5   4   1   0   1   0   0   7   5   1   3   1   8   4   5   8   0  0.40 0.22
   28 A     1  -1  -2  -1  -1  -1  -1   0   1  -1   0  -2  -1   1  -1   0   0   2   4  -1   15   2   1   3   1   2   4   6   4   3   9   1   0   7   3   6   4   2  23   4  0.19 0.15
   29 S     0   2  -1   0  -2   0   0  -1  -1   0  -1   1  -1  -1   1   0   0  -3  -1   0   10  16   1   4   0   3   7   3   1   5   7  10   1   3   8   8   5   0   1   7  0.10 0.07
   30 S     1   1  -2  -2  -2   0  -1  -1   1   2   0   0   0   0   0   1   0  -3  -1   0   13  10   0   0   0   6   3   4   5  17   5   3   2   5   4  10   6   0   0   6  0.06 0.09
   31 G     0   1   0   0  -1   0  -1   3  -2  -2  -2   0  -2  -1   1   1   0  -1  -3  -2    7   8   5   4   1   3   2  28   1   2   4   4   0   2   6  14   6   1   0   2  0.22 0.13
   32 L    -1  -2  -3  -3  -3  -3  -3  -3  -3   2   3  -3   1   0   2  -1   1  -3  -2   2    4   3   1   1   0   0   0   1   0  11  34   1   3   4  13   3   8   0   0  13  0.36 0.22
   33 P     1  -2  -4  -3  -4  -2  -3   0  -4   0  -1  -2  -3  -1   6  -2  -1   3  -3  -1   10   3   0   1   0   1   1   6   0   6   5   2   0   2  48   2   3   5   0   5  0.96 0.39
   34 R     1   0  -2  -3  -2  -2  -2  -2  -1   2   2  -1   2   1  -3  -1   0   1  -2   2   12   6   1   0   0   0   1   2   1  10  22   2   7   5   1   3   6   2   0  19  0.19 0.16
   35 N     1   1   6  -2  -4  -2  -3   0   2  -2  -1  -2  -3  -3  -4   1  -1  -5  -4  -3   11   7  46   1   0   0   0   6   5   2   6   1   0   1   0  11   2   0   0   1  0.73 0.41
   36 T    -1  -2  -2  -4  -4  -2  -3  -2  -4  -2   0  -1  -1   2  -3   3   3   6  -2  -2    2   2   1   0   0   1   0   2   0   2  10   3   2   8   1  29  23  12   1   2  0.59 0.40
   37 V     0  -4  -2  -4   3  -4  -4   5  -4   1  -1  -4   1  -1  -4   1  -1  -4  -4   0    6   0   2   0   7   0   0  41   0   8   4   0   4   3   0  13   3   0   0   8  0.61 0.37
   38 I    -3  -4  -6  -6  -4  -6  -6  -6  -6   6   1  -5  -1   3  -6  -5  -3  -2  -3   4    1   1   0   0   0   0   0   0   0  40  11   0   1  13   0   0   1   0   0  31  1.21 0.57
   39 L    -2   5   0  -4   0  -2  -2  -5  -1  -1  -2   4  -1  -1  -5  -2  -2  -1   0   1    2  35   5   0   2   1   1   0   2   4   3  26   1   2   0   1   2   1   3   9  0.73 0.46
   40 F    -4  -3  -5  -6  -4  -3  -6  -7  -6   6  -1  -4   0   2  -5  -4  -1  -5  -4   4    1   2   0   0   0   1   0   0   0  50   4   1   2   9   0   1   3   0   0  25  1.25 0.60
   41 V    -3  -7  -7  -5  -1  -6  -6  -7  -7   4  -1  -6  -2  -4  -6  -5  -4  -7  -5   7    1   0   0   1   1   0   0   0   0  18   4   0   0   0   0   1   0   0   0  72  1.78 0.80
   42 P    -3   2   1  -2  -6   2  -2  -4   0  -6  -5   1  -5  -5   7  -1  -3  -4  -3  -5    1  11   6   2   0   8   1   1   2   0   1  10   0   0  49   4   1   0   1   0  1.25 0.65
   43 Q    -3  -3  -3  -2  -7   7   4  -4   0  -7  -5  -3  -4  -7   0  -3  -2  -6  -6  -6    2   0   1   2   0  57  25   2   2   0   1   0   0   0   4   1   2   0   0   0  1.70 0.88
   44 Q     0  -1   0  -3  -5   3  -3   3  -1  -4  -5   1  -3  -1  -4   0  -1   1   6  -3    9   3   4   1   0  13   1  19   1   1   0   8   0   2   0   8   3   2  26   1  0.61 0.44
   45 E    -4  -1   0   0  -3   2   5  -5   2  -5  -5   1  -2  -2  -5   0   0  -3   1  -5    0   3   4   3   1   9  45   0   6   0   0   9   1   1   0   6   6   0   5   0  0.85 0.53
   46 A     3   4  -2  -4   0   1   0  -3  -3  -2  -3   0  -3  -2  -4  -2  -2  -5  -4   2   28  27   1   0   2   7   6   1   0   2   1   5   0   1   0   1   1   0   0  13  0.58 0.42
   47 W     1  -2  -4  -4   1  -4  -4   3  -2  -1  -2  -2   1   2  -5  -3  -4   6   4   0   14   2   0   0   3   0   0  26   1   3   4   3   4   7   0   1   0  13  13   6  0.65 0.41
   48 V    -2  -4  -3  -6  -3  -5  -6  -6  -6   4   1  -5   0  -4  -6  -4  -1  -6  -3   6    2   1   2   0   0   0   0   0   0  23  13   0   1   0   0   1   3   0   1  52  1.22 0.60
   49 V    -4  -3  -6  -7  -5  -5  -6  -7  -3   5   0  -3  -2  -4  -6  -5  -3  -6  -4   6    1   1   0   0   0   0   0   0   1  28   7   2   1   0   0   0   1   0   0  58  1.47 0.69
   50 E    -5  -5  -5  -3  -7  -1   7  -6  -3  -3  -2  -3  -3   5  -6  -4  -2  -5  -3  -4    0   0   0   0   0   2  64   0   1   1   4   1   0  22   0   0   3   0   1   1  1.61 0.82
   51 R    -5   8  -5  -6  -7  -3  -5  -6  -3  -6  -5  -2  -1  -2  -6  -4  -2  -3  -4  -4    1  86   0   0   0   1   0   1   0   0   1   1   2   2   0   1   3   0   0   1  2.38 1.02
   52 M    -5  -4  -7  -7  -4  -6  -6  -5  -6  -2   5  -6   3   6  -7  -5  -5   1  -2  -3    0   1   0   0   0   0   0   1   0   1  51   0   7  35   0   1   0   2   0   1  1.54 0.71
   53 G    -5  -7  -4  -6  -7  -5  -5   7  -4  -8  -6  -4  -7  -7  -7  -4  -6  -7  -7  -7    0   0   1   0   0   1   1  94   0   0   1   1   0   0   0   1   0   0   0   0  2.60 1.04
   54 R    -3   6  -3  -4  -7   0  -3  -4  -2  -6  -6   6  -3  -7  -5  -2  -4  -7  -5  -5    2  37   1   0   0   3   1   1   1   0   0  48   1   0   0   3   1   0   0   1  1.58 0.76
   55 F    -5  -4  -5  -6  -3  -6  -6  -7  -2  -2   1  -5  -4   6  -6  -5  -4  -1   8  -1    1   1   0   0   1   0   0   0   0   2  11   0   0  28   0   1   1   1  48   5  1.80 0.80
   56 H    -1   2   1  -1  -3   1  -2  -3   6   0  -2   1  -2  -3  -2   1   0  -2  -1  -1    5  10   7   3   0   6   2   1  22   5   4   8   1   0   2  10   6   1   1   6  0.38 0.30
   57 R    -1   6  -3  -2  -4  -1  -1   2  -1  -5  -5   4  -4  -6  -3  -1  -1  -6  -5  -4    4  39   1   2   0   2   3  14   1   0   0  22   0   0   1   4   4   0   0   1  0.91 0.53
   58 I    -1  -3  -3  -3  -2  -1  -3  -4  -5   2  -2  -1   0  -3  -3  -2   5  -6  -3   3    5   1   1   1   1   2   1   1   0  13   3   3   3   1   1   1  42   0   1  19  0.77 0.50
   59 L    -1   2  -5  -5   0  -2  -3  -5  -2   0   5   1   1  -3  -3  -4  -4   1  -3   0    6  12   0   0   2   2   1   0   1   4  52  10   2   0   1   0   0   2   1   4  0.71 0.45
   60 E    -2  -1   2   1  -5   1   3   3   1  -4  -4   0  -3  -4  -1   0   1  -5  -3  -4    2   3  10   9   0   6  19  22   3   1   1   6   1   0   2   5   9   0   1   0  0.41 0.30
   61 P     1  -4  -4  -4  -6  -2  -3  -2  -6  -6  -6  -3  -6  -7   7   1  -2  -7  -6  -5   11   1   1   1   0   2   1   4   0   0   0   1   0   0  63  12   2   0   0   1  1.80 0.83
   62 G    -4  -5  -5  -6  -4  -5  -6   7  -6  -8  -7  -5  -7  -7  -6  -4  -6  -7  -7  -7    1   1   0   0   0   1   0  95   0   0   0   1   0   0   0   1   0   0   0   0  2.61 1.03
   63 L    -4  -5  -6  -6  -4  -5  -6  -5  -5   4   5  -5   1   2  -3  -4  -2   2  -3   1    1   0   0   0   0   0   0   1   0  19  52   0   3   9   2   1   2   3   0   7  1.03 0.52
   64 N    -2   1   5  -4  -1  -1  -3  -4   7  -1  -5  -3  -3   0  -4  -1   1  -1  -1  -1    3   7  25   0   1   2   1   1  28   4   0   1   0   5   0   4   9   1   2   5  0.90 0.52
   65 V    -4  -5  -6  -6  -3  -5  -6  -6  -5   3   2  -5   2   7  -5  -5  -3   4   0   0    1   1   0   0   0   0   0   0   0  16  16   0   4  43   1   0   1   6   2   6  1.21 0.59
   66 L    -3  -2  -6  -6   0  -4  -5  -6  -5   5   4  -1   1  -2  -5  -5  -2  -5  -2   3    2   3   0   0   2   0   0   0   0  28  36   4   2   1   0   0   1   0   1  19  0.89 0.48
   67 I    -2  -4  -4  -6  -5  -5  -6  -6  -4   6   1  -5   1   1  -2  -5  -2   2  -3   3    3   1   1   0   0   0   0   0   0  45  13   1   4   5   2   0   2   2   0  21  1.05 0.53
   68 P    -5  -5  -7  -6  -7  -6  -6  -7  -3  -7  -6  -6  -7  -8   9  -6  -4  -1  -7  -5    1   1   0   0   0   0   0   0   1   0   1   0   0   0  93   0   1   1   0   1  3.19 1.29
   69 V    -3  -5  -6  -6   1  -4  -6  -1  -5   3   1  -5  -1   6  -3  -4  -4  -1   1   2    2   0   0   0   3   1   0   6   0  15  12   0   1  40   2   1   1   1   3  13  0.98 0.51
   70 L    -2  -4  -6  -6  -4  -5  -5  -5  -5   5   2  -5   1   1  -5  -4  -3  -5  -2   4    3   1   0   0   0   0   0   1   0  34  16   0   3   6   0   1   1   0   1  31  1.01 0.51
   71 D    -5  -5  -2   7  -7   1   3  -4   0  -5  -6  -4  -4  -6  -5  -4  -4  -7  -2  -6    1   0   1  66   0   6  16   1   2   1   0   0   1   0   0   1   1   0   2   0  1.81 0.85
   72 R    -2   6  -1  -3  -5   2  -1  -3   0  -4  -5   3  -3  -4  -4   1   0  -2  -2  -3    2  40   3   1   0   8   3   1   2   1   0  16   0   1   0  11   7   1   1   2  0.87 0.53
   73 I    -2  -4  -4  -4  -3  -3  -4  -3  -5   5   1  -3   3  -2  -1  -4  -2  -3  -2   4    3   1   1   1   0   1   1   2   0  35  10   2   7   1   4   1   2   0   1  26  0.78 0.45
   74 R     3   3  -2  -2  -3   0  -1  -2   1  -1  -3   1  -2  -3  -3   0  -1  -2  -2   1   23  21   1   1   0   5   3   3   4   3   2  10   1   1   1   6   4   0   1  11  0.33 0.28
   75 Y    -1   2  -1  -3  -3  -2  -2  -4   2  -2  -2   2  -1   1  -2  -2  -2   0   6  -2    5  11   2   1   1   1   2   1   5   3   4  15   1   6   2   3   2   1  31   3  0.66 0.42
   76 V    -2   2  -2  -3  -1  -2  -1  -3  -3   1  -1   2  -2  -2  -3  -3  -1  -4  -2   5    3  11   2   1   1   2   5   1   1   7   4  13   1   1   1   1   4   0   1  42  0.51 0.37
   77 Q    -1  -1  -1   0  -1   2   0  -1   5   1   0  -1   0  -1  -1  -1  -1   0   0   1    5   2   2   5   1  10   4   4  15  11   7   3   3   2   3   3   3   2   3  14  0.16 0.15
   78 S    -3  -3   2   5   0  -3  -1  -3  -1  -3  -4  -3  -4  -3  -3   4   1  -5  -4  -3    1   1  10  31   2   0   2   1   1   2   2   0   0   1   1  32  10   0   0   1  0.82 0.51
   79 L    -3  -2  -4  -4  -4  -2  -3  -5  -4   2   4  -3   5  -2  -4  -3   0  -4  -3   1    1   2   1   1   0   1   1   1   0   8  50   1  15   1   0   1   7   0   1   7  0.80 0.44
   80 K    -2   6  -2  -4  -5   1  -2  -4  -2  -4  -2   4  -1  -5  -3  -2  -1  -5  -2  -3    4  42   1   0   0   7   1   1   1   0   4  28   1   0   1   3   4   0   1   1  1.00 0.53
   81 E    -3  -3  -3   0  -5  -1   6  -5  -4   0  -4  -1  -1  -5  -4  -3   1  -5  -5   0    1   0   0   4   0   2  62   1   0   6   1   2   2   0   0   1   9   0   0   6  1.19 0.64
   82 I    -2   2  -2  -2  -2   4   2  -3   0   2  -1   0   1  -2  -3  -1   0  -4  -3   1    3  11   2   1   1  25  12   1   2  12   4   3   3   1   0   3   5   0   0  11  0.36 0.31
   83 V     2  -1  -2  -3  -1   0  -3  -2  -2   0  -1  -2   1  -2   1  -1   2  -2  -2   3   17   3   1   1   1   5   1   2   1   5   3   1   3   2   6   3  16   1   1  28  0.31 0.28
   84 I    -2  -2  -4  -2  -3  -1  -3  -3  -2   4   2  -2   3   2  -4  -2  -1  -1   0   2    2   2   0   2   0   2   1   1   1  25  23   2   8   7   0   2   3   1   3  14  0.40 0.26
   85 N    -2  -1   2   5  -5  -1   1  -3  -1  -3  -3  -2  -2  -5   3   0  -1  -5  -4  -3    3   3   9  38   0   3  10   2   1   1   3   2   1   0  13   8   2   0   0   2  0.68 0.41
   86 V    -2  -1  -3  -3  -3  -2  -3  -3  -4   4   0  -3  -1   2  -2  -2   0  -4  -1   4    2   3   1   1   0   1   2   1   0  28   6   1   1  11   3   2   5   0   2  30  0.54 0.35
   87 P    -2   0  -2  -1  -5  -1  -1  -3  -2  -5  -4  -1  -2  -3   7   0  -2  -5  -3  -3    3   5   1   3   0   3   5   2   1   0   2   4   1   1  57   7   2   0   1   2  1.30 0.59
   88 E     0   1   0   0  -4   0   1  -2   0  -2  -3   0  -3  -4   5   1  -1   0  -3  -2    8   9   4   5   0   4  10   3   2   2   2   5   0   0  26  11   3   1   0   2  0.43 0.26
   89 Q    -3   2  -1  -4  -1   8  -1  -5   0  -3  -3  -1  -1  -1  -4  -2  -1  -5  -2  -3    2  10   2   0   1  63   2   1   2   2   2   2   1   3   0   2   3   0   1   2  1.40 0.67
   90 S    -1  -1   0   1  -3   1   2  -2   1  -1  -2  -1  -1  -1   2   2   0  -4  -2  -1    3   2   4   9   0   5  17   2   4   3   2   2   1   4  11  15   7   0   1   4  0.21 0.19
   91 A     2  -1  -1  -3   4  -2  -2  -1  -3   1  -1  -2   0  -2  -3  -1  -1  -3   0   3   26   4   2   0  11   0   2   5   0   7   4   0   3   0   0   4   3   0   3  25  0.29 0.22
   92 V    -1  -1  -3  -4  -3  -1  -3  -4   0   5   1  -3   2   0  -3  -2  -1  -3   0   2    3   3   0   0   0   3   1   1   3  42   9   0   5   4   0   3   4   0   3  13  0.44 0.26
   93 T     0  -4  -3  -4   4  -3  -4   0  -4   1  -4  -3  -3  -4  -4   2   6  -4  -4  -3    8   0   0   0   7   0   1   9   0   9   1   1   0   0   0  12  49   0   0   1  0.92 0.41
   94 L     0   0   0  -2   2   1   0   0   2   0   0   0   1   1  -2   0   0  -2   1   0    6   6   6   0   6   6   6   6   6   6   6   6   6   6   0   6   6   0   6   6  0.04 0.09
   95 D    -5  -2  -1   8  -7  -4  -1  -5  -5  -6  -7  -4  -6  -7  -5  -4  -5  -7  -6  -6    0   2   2  90   0   0   2   0   0   0   0   0   0   0   0   0   0   0   0   0  2.54 0.96
   96 N    -4  -3   8  -2  -5  -3  -2  -2  -2  -6  -3  -3  -5  -6  -5   0  -1  -6  -5  -5    1   1  77   1   0   1   2   2   1   0   3   1   0   0   0   5   3   0   0   1  1.95 0.82
   97 V     1  -3  -5  -5  -2  -3  -5  -4  -5   1   0  -3  -2  -4  -5  -2  -2  -5  -4   6   13   1   0   0   0   1   0   1   0   7   6   1   0   0   0   3   2   0   0  62  1.07 0.56
   98 T    -1  -2   1  -2  -2   1  -1  -3  -1  -1  -2  -1   0  -4   2   2   4  -4  -3   0    4   2   6   1   1   7   4   1   1   3   4   2   3   0  11  18  26   0   1   6  0.35 0.30
   99 L    -1  -3  -5  -5  -1  -4  -5  -5  -5   4   2  -4   1  -2  -3  -4  -2  -5  -4   5    4   1   0   0   1   0   0   0   0  23  18   0   4   1   1   0   2   0   0  43  0.89 0.45
  100 Q    -1   2   1   0  -2   2   1  -2   0  -2  -1   2  -1  -3  -3   1   1  -2  -2  -1    4  13   6   6   1  13   7   2   2   2   5  12   1   1   0  11  10   0   1   4  0.20 0.18
  101 I     0  -4  -5  -5  -2  -4  -5  -5  -5   5   0  -5  -1  -2  -3  -3  -2  -5  -4   5    7   1   0   0   1   0   0   0   0  32   7   0   1   1   1   1   2   0   0  44  1.02 0.51
  102 D    -2  -2   3   7  -6  -3  -1  -2   0  -6  -6  -3  -5  -6  -5  -1  -2  -6  -5  -4    3   2  11  66   0   1   2   2   2   0   0   1   0   0   0   5   2   0   0   1  1.55 0.70
  103 G     4  -3  -3  -4  -1  -3  -2   3  -4  -3  -2  -3  -3  -1   0   0   0  -4  -3  -2   44   1   1   0   1   0   2  23   0   1   3   0   0   3   4   6   7   0   1   3  0.65 0.42
  104 V    -1  -5  -2  -5  -2  -1  -4  -4  -5   2   0  -3   1  -2  -5  -3  -2  -5  -2   6    4   0   2   0   1   3   1   1   0  10   6   1   3   2   0   2   2   0   1  62  1.04 0.55
  105 L    -1  -5  -5  -5   1  -4  -5  -5  -5   3   3  -5   1  -1  -5  -2  -2  -4  -2   5    3   0   0   0   3   0   0   0   0  15  27   0   2   2   0   3   2   0   1  38  0.81 0.44
  106 Y    -5  -4  -3  -6  -2  -5  -5  -6   0  -3  -2  -3  -1   5  -6  -4  -3   2   8  -3    0   1   1   0   1   0   0   0   2   1   3   2   1  19   0   1   2   2  60   2  1.97 0.84
  107 L    -3  -5  -4  -4  -1  -4  -4  -5  -2   1   0  -5   0   6  -5  -3  -3   5   5   1    2   0   1   1   1   0   1   0   1   7   8   0   2  30   0   1   2   7  23  11  1.00 0.49
  108 R    -3   5  -2  -2  -6   4  -1  -5   1  -4  -4   4  -2  -5  -4  -3  -2  -5  -2  -3    1  34   2   2   0  18   3   0   3   1   1  26   1   0   0   1   2   0   1   2  1.02 0.56
  109 I    -3  -4  -6  -4  -1  -5  -6  -6  -6   5  -2  -4  -1  -2  -2  -5  -3  -6  -2   6    1   1   0   1   1   0   0   0   0  33   2   1   1   2   2   0   1   0   1  50  1.39 0.65
  110 M    -2  -3  -2  -2  -1  -1  -1  -4  -1   2  -1  -1   2   1  -3  -1   3  -4  -2   4    3   1   2   2   1   3   5   1   2  11   5   4   5   5   1   3  17   0   1  29  0.37 0.30
  111 D    -4  -3   3   7  -2  -2   0  -4  -2  -6  -7  -3  -6  -3  -5  -2  -3  -7  -6  -5    1   1  11  69   1   1   5   1   1   0   0   1   0   1   0   3   1   0   0   1  1.80 0.82
  112 P     3  -5  -5  -2  -5  -5  -5  -4  -2  -2  -2  -5  -1  -3   7  -1  -2  -6  -6  -2   22   0   0   2   0   0   0   1   1   2   5   0   1   1  53   4   2   0   0   3  1.43 0.71
  113 Y     0   0  -1  -1  -2   1   2  -2   0   0  -1   2   1   0  -2  -1  -1  -1   3   0    9   5   3   2   1   5  14   2   2   6   3  12   4   3   1   3   4   1  13   9  0.16 0.18
  114 K     0   3   0  -1  -2   1  -1  -3  -1  -2   0   5  -1  -3  -2  -1  -2  -5  -2  -2    7  14   4   4   1   5   3   1   1   3  11  35   2   1   2   3   1   0   1   2  0.43 0.33
  115 A     5  -4  -2  -4   0  -4  -4  -2  -1  -2  -3  -2  -3   0  -4   0   0  -4   0   1   59   0   2   0   2   0   0   2   2   2   2   2   0   3   0   6   5   0   4   9  0.83 0.50
  116 S     0  -2  -2  -2   0  -1  -2  -3   0   2   0  -2   0   0  -2   2   1   0   0   3    8   2   1   1   2   2   2   0   3  10   6   1   2   3   2  16   7   1   3  27  0.21 0.21
  117 Y    -2  -4  -2  -5   0  -2  -4  -5  -2   1  -1  -4   1   1  -5  -2  -1  -2   7   1    4   0   3   0   2   2   0   0   0   9   5   0   4   5   0   3   3   0  48  10  1.05 0.52
  118 G    -1   0   2   0  -1   2   3   3   0  -4  -4   1  -1  -4  -3  -1  -1  -4  -1  -1    4   5  12   3   2   8  20  22   2   0   1   7   2   0   0   4   2   0   2   4  0.34 0.25
  119 V    -1  -4  -1  -4   0  -4  -2  -2  -4   3  -1  -4   0  -3  -4  -2  -1   1  -3   5    4   0   3   0   2   0   3   3   0  17   3   0   2   0   0   3   3   2   0  53  0.80 0.44
  120 E    -1   0   0   1  -1   3   4  -1   0  -2  -2   0  -1  -2  -3   0  -1  -4  -1  -2    5   4   4   7   1  13  31   4   2   2   3   4   2   2   0   8   3   0   2   3  0.33 0.25
  121 D    -4  -2   6   5  -3  -2  -1  -4  -1  -5  -6  -2  -4  -5  -5  -2  -3  -6  -4  -5    1   2  45  38   1   1   2   1   1   1   0   2   0   0   0   2   1   0   0   1  1.52 0.68
  122 P     0  -3  -5  -5  -3  -4  -4  -5   0  -1   1  -4  -2   2   4  -3  -3  -1   6   1    7   1   0   0   0   0   0   0   2   3  16   0   1   8  21   2   1   1  28   8  0.81 0.45
  123 E    -1   1  -1   0  -2   0   2  -2   0   2   0   0   0  -1   0  -1  -1  -2   0   0    3  10   3   4   1   4  19   2   3  16   7   5   3   2   5   3   3   0   4   6  0.13 0.15
  124 Y    -1   0  -1   0  -1   2   0  -1   1  -2   0  -1   0   3  -2  -1  -1   1   4  -1    6   4   2   4   1  10   6   6   3   1   7   3   2  13   1   4   3   2  18   4  0.19 0.18
  125 A     6  -2  -2  -4  -2  -1  -3   0  -4  -4  -3  -4  -4  -5  -3   2  -2  -5  -3  -2   67   2   1   0   1   2   1   6   0   0   2   0   0   0   1  13   1   0   1   2  1.13 0.60
  126 V    -1  -4  -5  -5  -3  -4  -5  -4  -5   5   1  -4   1  -1  -4  -2   1  -5  -3   4    5   0   0   0   0   0   0   1   0  32  13   0   4   2   0   2  10   0   0  29  0.75 0.40
  127 T     0   0  -1  -1  -3   1   2  -1  -2   1  -1   0   0  -2  -3   1   1  -2  -1   1    7   6   1   2   0   5  17   3   1  13   4   4   2   1   0  12  11   1   2   9  0.13 0.16
  128 Q    -2  -2   3  -1  -2   6   0  -3  -1  -2  -1   0  -2  -4  -4   0  -1  -5  -3  -3    2   1  17   3   1  43   3   2   1   3   6   6   1   1   0   6   4   0   1   1  0.79 0.49
  129 L    -3  -3  -5  -4  -4  -3  -4  -5   0   1   5  -3   1   0  -1  -2  -1  -4  -1   0    1   1   0   1   0   1   1   0   2   8  62   1   3   2   4   3   3   0   2   5  0.76 0.41
  130 A     5  -1  -4  -4   0  -3  -3  -1  -4   0  -1  -3  -3  -2  -3   0   1  -5  -4   2   50   3   0   0   2   0   0   3   0   4   5   0   0   1   0   5   9   0   0  16  0.63 0.41
  131 Q    -1  -1  -2  -3  -1   6   0  -3   2  -1  -1   0   2  -3  -4   0   0  -1  -3  -2    6   3   1   0   1  46   3   1   5   3   6   4   5   1   0   6   5   1   0   2  0.70 0.45
  132 T     0  -4  -2  -1  -2  -4  -4  -2  -4  -3  -4  -4  -4  -5  -1   1   6  -5  -5   0    8   0   1   3   1   0   0   2   0   1   0   0   0   0   3  10  63   0   0   5  1.14 0.60
  133 T     0   0   0  -3  -3   0  -2  -3   1   0  -3  -2  -1  -3  -4   1   5  -5  -3   0    7   5   5   0   0   4   2   1   3   4   2   1   1   1   0  11  47   0   1   6  0.63 0.41
  134 M    -2  -4  -5  -5   1  -4  -5  -5  -5   2   4  -4   6  -1  -5  -3  -2  -4  -3   0    2   0   0   0   3   0   0   0   0  10  47   0  26   1   0   2   2   0   0   6  1.02 0.48
  135 R    -2   8  -2  -5  -2   0  -3  -4  -1  -5  -3   0  -1  -6  -2  -4  -4  -6  -5  -4    3  78   1   0   1   3   0   1   1   0   3   4   1   0   2   0   0   0   0   1  1.75 0.73
  136 S     1  -1   3   1  -1   0   0  -2  -1  -3  -4  -1  -3  -4  -3   4   1  -5  -4  -3   10   3  17   9   1   4   5   2   1   1   1   3   0   0   0  35   7   0   0   1  0.50 0.35
  137 E     0  -2  -1  -2  -2   1   4  -3  -3   2  -1  -1  -1  -2  -3  -1  -1  -4  -3   3    6   1   3   1   1   7  29   1   0  12   3   2   1   1   0   2   3   0   0  26  0.40 0.31
  138 L    -2  -4  -4  -4   1  -4  -4  -3  -4   5   2  -4   2   1  -4  -2  -2  -4  -1   3    3   0   0   0   2   0   0   2   0  40  16   0   5   5   0   3   2   0   1  19  0.64 0.33
  139 G     0  -2  -1  -4   0  -4  -2   6  -4  -5  -5  -4  -4  -5  -4  -1  -1  -5  -5  -5    7   2   2   0   2   0   2  73   0   0   1   0   0   0   0   4   4   0   0   0  1.43 0.57
  140 K    -1   2   1   0  -4   3   0  -1   0  -2  -3   4  -1  -4  -2   0   1  -4  -3  -3    4   9   6   5   0  13   6   5   2   2   2  31   1   0   1   4   8   0   0   0  0.39 0.26
  141 L    -1   0  -1  -2  -1  -1  -2  -4   0   2   2   0   5   0  -4   0  -1  -3   2  -1    3   5   2   2   2   2   2   0   3  14  17   5  20   4   0   7   3   0   7   2  0.30 0.26
  142 S    -2  -1   1   3  -4   0   2  -2   0  -2  -3  -1  -1  -1  -1   1   3  -4  -3  -1    2   2   5  17   0   2  15   2   2   2   2   3   2   3   3  10  23   0   0   4  0.33 0.27
  143 L    -2  -4  -5  -5  -4  -4  -5  -3   0   0   5  -2   2   3  -5  -2  -4  -4   0  -1    3   0   0   0   0   0   0   3   2   3  59   3   5  13   0   3   0   0   2   3  0.88 0.47
  144 D    -2  -2   0   6  -5  -1   2  -2   0  -5  -5  -1  -1  -1  -4   0  -1  -5  -4  -3    3   2   3  55   0   3  10   2   3   0   0   3   2   3   0   6   3   0   0   2  1.03 0.53
  145 K    -1   1   0   3  -4   2   4  -3   1  -2  -3   1  -2  -2  -3  -1   0  -4  -2  -1    3   8   3  16   0  10  26   1   3   2   1   9   1   1   0   3   7   0   1   4  0.42 0.29
  146 V     0  -3  -3  -3   1  -3  -3  -2  -4   1   1  -3   1  -1   0   0   3  -4  -3   3    7   0   0   0   3   0   1   2   0   8  17   1   3   2   5   5  24   0   0  21  0.34 0.26
  147 F    -4  -2  -1  -5  -4  -1  -4  -5   1   1   4  -4   1   5  -5  -1  -4  -3   2  -1    0   2   3   0   0   3   0   0   4   6  35   0   3  27   0   5   0   0   6   4  0.76 0.42
  148 R     1   0  -1  -1  -1   0   1  -1   0  -1  -2   0  -1  -1  -1   3   2   0   0  -2   11   5   2   2   1   3  11   3   2   4   2   4   2   3   3  24  12   1   3   2  0.20 0.21
  149 E     0   1   2   0  -4   0   4  -1   1  -4  -3   0  -1  -4  -3   2  -1  -4  -4  -2    9   7   8   4   0   4  29   5   4   0   2   5   2   0   0  14   2   0   0   3  0.40 0.31
  150 R     0   0   0  -2   2   1   0   0   2   0   0   0   1  -2  -3   0   0   3  -2   0    6   6   6   0   6   6   6   6   6   6   6   6   6   0   0   6   6   6   0   6  0.09 0.14
  151 E     0  -2   1   2  -3   0   2   0   1  -1  -2   0   0  -1   0   0   0  -3  -2  -1    8   0   8  15   0   3  15   8   5   3   3   7   3   3   3   5   6   0   0   3  0.15 0.16
  152 S     0   1   0  -1  -1   2   3  -2   1  -2  -2   1  -1  -2  -2   1   1  -4  -1  -2    7   9   4   2   2   8  21   2   3   2   4   8   1   1   1  10  10   0   2   3  0.22 0.22
  153 L    -3  -5  -2  -5  -4  -5  -5  -5  -5   5   4  -3   2  -1  -5  -2  -2   1  -4   0    2   0   2   0   0   0   0   0   0  34  41   2   4   1   0   3   2   2   0   4  0.95 0.52
  154 N    -1  -1   7  -1  -5   0  -2  -1   1  -2  -5  -1   0  -6  -5   0  -1  -6  -5  -2    4   3  55   3   0   3   3   4   3   3   0   3   2   0   0   7   3   0   0   3  1.16 0.66
  155 A     1   1   0   1  -3   2   1  -1   1  -1  -2   1   0  -1  -3   0   0  -3  -1  -1   14   7   4   8   0  12   8   3   3   4   3   9   3   2   0   6   6   0   2   5  0.13 0.15
  156 N     0   1   2   0   0   1   0   0   0  -1  -1   1   0  -1  -1   0   0  -3  -1  -1    9   8  11   4   2   8   7   8   3   4   5   9   2   2   2   5   7   0   2   3  0.08 0.09
  157 I    -1   1  -2  -3   4  -1  -2  -3  -2   2   1  -1   2   2  -2  -2  -1  -2   0   1    1  13   1   1  13   1   1   1   0  13  14   1  13  13   1   1   1   0   0  13  0.16 0.07
  158 V    -2   2  -2  -2   2   1   0  -1  -1  -1   1   0   1  -2  -4  -2  -1   1  -2   2    2  12   1   1   5   8   7   6   1   2  12   6   4   1   0   2   3   2   1  20  0.18 0.18
  159 D     1   0   1   1   1   0   2  -1   0  -1  -1   1  -1  -2   0   0   1  -4  -2  -1   11   5   6   6   3   4  17   4   2   3   6   9   2   1   4   4   9   0   1   4  0.12 0.12
  160 A     1   0   0   1   1   0   1  -1   0   0  -1   0   1  -1  -2   1   0  -3   0   0   13   3   3   8   4   4  10   3   3   7   6   5   5   3   0  10   4   0   3   6  0.05 0.07
  161 I    -1  -4  -4  -4   2  -4  -4  -4   2   4   3  -4   2   1  -4   0   0  -4  -3   1    5   0   0   0   5   0   0   1   5  23  25   0   6   5   0   8   5   0   0  10  0.47 0.28
  162 N    -1  -1   3   4  -4   0   1  -1   0  -2  -1   0   0  -4  -3   0   0  -4  -2  -2    4   2  18  28   0   4   9   4   2   3   6   4   2   0   0   5   5   0   2   2  0.42 0.29
  163 Q     0   1   0   1  -1   1   2   0   0  -1  -2   1  -1  -3  -1   0   0  -4  -3  -1    8   9   4   7   2   4  18   7   3   6   4  10   2   0   3   7   5   0   0   3  0.14 0.14
  164 A     3   0  -3   0  -3   0   1  -2   0   0  -2  -2  -2  -2   1   1   0  -1  -3   0   33   6   0   4   0   4   8   1   3   5   2   1   1   2   8   9   4   1   0   7  0.29 0.26
  165 A     3  -3  -1  -3   1   0  -2   1  -3  -2  -2  -3  -1  -1   1   1   3  -4  -3  -1   29   0   2   0   4   4   2   9   0   2   2   0   2   2   6  11  20   0   0   3  0.37 0.29
  166 D     1  -1   0   3  -1   0   2  -1   0  -1  -1  -1  -1  -2  -2   1   0   0  -2  -1   12   2   4  17   1   4  16   3   2   5   6   3   1   2   0   9   6   1   1   3  0.16 0.15
  167 C     0   2   1   1  -1   0   1   0  -1  -2  -2   1   1  -3   3   0  -1  -4  -2  -2   10  11   6  10   1   3  10   7   1   2   2   7   4   0  13   6   2   0   1   2  0.21 0.15
  168 W    -1  -5   0  -6   1  -5  -5  -1  -5   0  -3  -5  -4  -1  -6  -3  -5  11   0  -5    5   0   4   0   3   0   1   5   0   5   3   0   0   3   0   2   0  63   3   1  2.60 0.86
  169 G     1   1  -1  -1  -2   0   1   1  -1   0   0   0   0  -2  -2  -1  -1  -2  -2   1   15  15   1   1   0   1  15  15   0   1  16   1   0   1   1   1   1   0   0  15  0.08 0.04
  170 I    -1  -3  -3  -4   1  -3  -2  -2  -3   3   1  -3   1   0  -1  -1   0   1   0   3    4   0   0   0   3   0   3   3   0  25  10   0   4   3   3   4   4   2   3  29  0.35 0.25
  171 R    -1   2  -1  -1   0   1   1  -1   2  -1  -1   3   0  -3  -2  -1   0  -3  -1  -1    3  10   2   3   2   5  11   4   5   3   6  27   2   0   0   4   7   0   2   5  0.21 0.18
  172 C     0  -2  -2  -2   3   1  -1  -2  -2   1   1  -1   2   1  -2   0   1  -2  -1   1   10   0   0   0   9   9   1   1   0  10  10   1   9   9   0  10  10   0   0  10  0.11 0.11
  173 L    -1   0   0   0   0   0   0  -1   0   0   0   0   1   0  -2   1   2  -3  -1   0    4   6   4   5   2   3   6   4   2   6  13   6   4   4   0  12  14   0   2   4  0.06 0.10
  174 R     0   6  -1  -2   0   1  -1  -2   0  -1  -2   1   0  -2  -2  -1  -1  -5  -4  -2    6  43   3   2   2   5   4   3   2   4   4   5   2   2   2   4   3   0   0   2  0.59 0.38
  175 Y    -2  -5  -5  -5   2  -4  -5  -5   0   2  -1  -5   1   1  -5  -2  -1  -4   4   5    3   0   0   0   5   0   0   0   2   8   3   0   3   4   0   3   4   0  16  46  0.91 0.46
  176 E    -1   1  -1   0  -5   0   6  -2  -3  -4  -4   1  -4  -5  -3  -1  -1  -5  -4  -2    6   6   2   3   0   2  59   3   0   0   1   7   0   0   0   4   3   0   0   2  0.95 0.47
  177 I    -3  -2  -4  -4  -3  -4  -4  -5  -4   5   2  -4   1  -1  -4  -2  -1  -4  -3   2    1   3   0   0   0   0   0   1   0  46  20   0   3   2   0   3   3   0   0  13  0.77 0.38
  178 K    -2   3  -1  -2  -4   3   1  -1  -2  -3  -2   4  -2  -3  -3  -1   0   2  -3  -3    2  17   2   2   0  16   6   5   0   1   4  30   1   1   0   3   5   4   0   1  0.51 0.33
  179 D    -1   0   1   3  -3   1   1  -1   1  -1  -1   0  -2  -3  -3   0   1   2   0  -1    4   4   5  21   0   9   6   5   4   4   8   6   0   0   0   4  10   3   3   3  0.17 0.15
  180 I     0  -2   1  -2  -2   1  -1   0  -2   1   1  -1   2   1  -2  -1   1  -2  -1   1   10   0   9   0   0   9   1  10   0  10  10   1   9   9   0   1  10   0   0  10  0.07 0.09
  181 H     0   0   1   1  -3   1   1  -2   2   0  -1   1   1  -1  -1   0   1   2  -1  -1    6   4   6   8   0   5   8   2   6   6   5   8   4   1   2   7  12   3   2   3  0.08 0.10
  182 V     0   0  -4  -4  -4  -4  -4  -4  -4   0   2  -3   2  -1   6  -3  -1  -4  -1   1    6   5   0   0   0   0   0   0   0   5  20   0   6   3  36   0   3   0   3  10  0.77 0.40
  183 P    -1  -2   0   1  -4  -1  -2  -2  -4  -4  -3  -2  -1   0   6   1  -1  -5  -4  -1    5   2   4   7   0   2   2   3   0   0   3   2   2   4  46  10   3   0   0   4  0.90 0.43
  184 P     0   0  -1   1  -4   2   3  -1   1  -2  -2   1  -2  -1   2   0  -1  -4  -2  -2    9   5   2   6   0   8  20   4   3   1   3   9   1   3  11   5   3   0   1   3  0.22 0.20
  185 R     0   1   1   2  -2   1   3   0  -1  -3  -3   0  -2  -3  -1   1   0  -4  -3  -2    7   9   7  10   1   7  19   6   1   1   2   4   1   1   2  13   7   0   0   1  0.26 0.21
  186 V    -2  -4  -4  -5  -3  -4  -4  -5   0   4   0  -1   5  -1  -4  -4   0  -4  -1   4    2   0   0   0   0   0   0   1   3  26   8   3  15   2   0   1   5   0   1  28  0.71 0.41
  187 K     0   2  -2  -2  -4   4   0  -2  -1  -1  -1   3   1  -3  -3  -1  -1  -4  -3   0    7  12   1   2   0  23   6   2   1   4   6  17   4   1   0   4   3   0   0   7  0.38 0.30
  188 E     0   3   1   2  -4   1   3  -2   0  -3  -3   1  -2  -4  -2  -1  -2  -5  -4  -2   10  20   6  10   0   6  24   3   2   1   2   9   1   0   1   2   1   0   0   3  0.45 0.32
  189 S     5  -2  -3  -3  -3  -2  -3  -2  -3  -2  -4  -3  -2  -5  -1   2   0  -5  -4  -2   61   1   1   1   0   1   1   1   1   2   1   1   1   0   2  17   5   0   0   2  0.95 0.57
  190 M    -2  -2  -2  -5   0  -1  -4  -2  -4   0   1  -1   9  -1  -5  -3  -2  -4  -4  -1    2   2   2   0   2   2   0   4   0   5   8   5  60   2   0   2   2   0   0   2  1.40 0.70
  191 Q     1   0   1   0  -4   2   4  -2   2  -2  -2   0  -1  -4  -3   0  -1  -4  -2  -2   16   5   6   2   0   8  32   3   5   2   2   4   1   0   0   5   3   0   1   2  0.38 0.30
  192 M    -1   3  -1  -1  -4   2   0  -2  -1  -2   0   3   3  -2  -3  -1  -1  -4  -3  -1    4  16   2   4   0  11   5   3   1   2  10  20  12   1   0   3   3   0   0   2  0.29 0.26
  193 Q    -2   0  -3  -3  -4   7   2  -2   1   0  -1   0   0  -4  -4  -3  -3  -4  -4  -1    3   3   0   0   0  52  12   4   3   5   6   3   2   0   0   1   0   0   0   4  0.92 0.55
  194 V     2   0  -1  -2  -2   0  -1  -2  -3   1   0  -1   4  -2  -1  -1  -1  -3  -3   1   26   7   3   2   0   4   2   2   0   8   9   3  14   0   2   2   3   0   0  12  0.21 0.22
  195 E     1   1   0  -1  -3   0   4  -2  -2  -1  -2   1  -1  -2  -3   0   1  -4  -3  -1   11   9   4   2   0   3  33   2   0   3   2   7   1   2   0   8   9   0   0   4  0.32 0.27
  196 A     6  -4   0  -4  -3  -3  -1  -1  -4  -4  -4  -2  -3  -4  -3   0   0  -5  -4  -3   73   0   4   0   0   0   3   4   0   0   1   2   0   0   0   5   4   0   0   0  1.13 0.58
  197 E    -2  -2  -1   1  -5   1   6  -2  -3  -3  -3   0  -1  -5  -3  -1  -1  -5  -4  -3    3   2   2   7   0   4  62   3   0   1   2   3   2   0   0   3   3   0   0   2  1.01 0.52
  198 R    -2   7   0  -1  -1  -1  -2  -2  -1  -2  -1  -1  -3  -4  -4  -1  -2  -5  -2  -4    3  62   4   3   2   2   2   3   1   3   7   2   0   0   0   3   1   0   1   0  1.09 0.55
  199 R    -2   1   1   1   0   2   3  -3   0  -2  -2   2  -1  -4  -3  -1   0  -2  -2  -2    2   8   8   7   3   8  27   1   2   2   3  15   1   0   0   4   6   1   1   1  0.36 0.26
  200 K    -1   5  -1  -3  -5   0  -2  -1   0  -5  -4   5  -1  -5  -4  -1  -2  -5  -4  -4    4  32   2   0   0   2   0   5   2   0   1  44   1   0   0   3   1   0   0   0  1.06 0.53
  201 R    -3   7  -1  -3  -1   0  -1  -5  -3  -3  -3   0  -1  -3  -1  -2  -1  -5  -2  -3    1  64   2   1   1   4   4   0   0   1   2   4   1   1   4   1   3   0   1   1  1.20 0.58
  202 A     6  -2  -3  -1  -3  -1  -1  -2  -4  -3  -4  -2  -1  -4  -2   0   0  -5  -4  -1   65   1   0   4   0   2   4   2   0   0   1   1   2   0   2   6   5   0   0   4  0.88 0.51
  203 T     1   1  -1  -1  -3   2   1  -2  -1   0  -1   1   1  -2  -2   0   1  -3  -1   0   15   9   2   2   0   9   9   1   1   6   6  10   4   1   1   6  10   0   1   6  0.13 0.14
  204 V    -1  -2  -2  -4  -3  -4  -1  -5  -4   5   0  -2   1   0  -4  -3  -2  -4  -2   4    3   3   2   0   0   0   4   1   0  42   3   2   2   3   0   1   2   0   1  30  0.77 0.41
  205 L    -1  -3  -2  -2  -3  -2  -2  -4  -2   3   4  -2   2  -1  -4  -2   1  -3  -1   0    5   1   2   2   0   1   3   1   1  16  42   2   5   1   0   3  11   0   1   4  0.42 0.28
  206 E     0   1   0   1  -4   2   4  -3   0   0  -2   1   0  -2  -3  -1   0  -4  -2  -2    8   8   4   5   0   9  31   0   1   6   3   8   2   1   0   3   5   0   1   2  0.34 0.25
  207 S     5  -3  -2  -4   0   0  -3  -2  -4  -3  -3  -3  -4  -2  -3   4  -1  -5  -4  -3   51   1   1   0   1   4   0   1   0   1   1   0   0   2   0  31   2   0   0   1  0.95 0.55
  208 E    -2  -2  -2   1  -5   2   6  -4  -1  -4  -3   1  -3  -5  -2  -2  -2  -5  -4  -4    3   1   1   8   0   7  61   1   1   1   2   8   1   0   1   1   2   0   0   1  1.10 0.54
  209 G     3  -2  -3  -2  -4  -2  -3   6  -4  -3  -4  -3  -4  -5  -4  -2  -3  -4  -4  -3   22   2   0   2   0   1   1  62   0   1   1   1   0   0   0   1   1   0   0   1  1.21 0.53
  210 T    -1   0  -1   1  -2   1   4  -2  -1   0  -1   1  -1  -2  -3  -1   0  -3   0  -1    4   5   2   8   1   7  31   3   1   5   7   7   1   1   0   2   5   0   3   5  0.26 0.21
  211 R    -1   5  -2  -1  -2   0  -1  -3  -1  -2  -1   3   1  -1  -3  -1  -2  -2  -1  -2    5  35   0   4   1   4   1   1   1   1   7  23   5   3   0   3   1   0   2   3  0.55 0.34
  212 E    -1   1  -1   0  -3   5   4  -3  -2  -1  -3   1  -1  -4  -3  -2   0  -4  -3  -3    4   6   2   4   1  35  25   1   1   4   1   6   1   1   0   1   5   0   1   1  0.71 0.44
  213 S     5  -2  -3  -2  -1  -2  -1  -2  -3  -3  -4   0  -3  -4  -2   3  -1  -5  -3  -1   55   1   0   2   1   1   4   1   1   1   1   4   0   0   2  19   2   0   1   3  0.80 0.48
  214 A     3  -1  -1  -1  -2   1   2  -2   0  -2  -1   0   2  -2  -3   1   0  -3  -2  -1   31   2   2   2   0   8  13   1   3   2   4   4   5   2   0  11   6   0   1   3  0.27 0.24
  215 I    -2   0  -3  -3  -1  -1   1  -3  -3   6   0   1   0  -3  -4  -3  -2  -4  -3   1    3   4   1   1   1   3   9   2   1  47   5  10   2   0   1   1   2   0   1   7  0.59 0.36
  216 N    -1   0   5  -1  -4  -1  -1  -3  -2   0   2   2   0  -2  -3  -1   0  -4  -2  -2    4   5  33   2   0   1   4   1   0   5  19  13   3   1   1   3   4   0   1   2  0.42 0.31
  217 V    -1   2  -1  -2  -2   0   1  -3  -1   1   1   1   0  -2  -2  -1   0  -3  -2   1    4  12   2   1   1   4  10   1   1  11  19  11   2   1   1   2   7   0   1  10  0.15 0.15
  218 A     6  -3  -4  -4  -3  -3  -1  -1  -4  -4  -4  -3  -4  -4  -3   1  -2  -5  -4  -1   70   1   0   1   0   0   4   3   0   1   1   1   0   1   1  10   2   0   0   3  1.17 0.61
  219 E    -3  -1  -1   2  -5   1   6  -3  -2  -3  -3   0  -3  -4  -4  -2  -2  -5  -4  -4    2   3   3  11   0   5  58   2   0   1   3   6   1   1   0   1   2   0   0   1  1.04 0.54
  220 G     3  -2  -2  -2  -4  -2  -2   5  -4  -4  -4  -2  -3  -4  -1  -1  -2  -4  -4  -3   25   2   1   2   0   1   2  53   0   1   1   2   1   0   3   4   2   0   0   1  0.98 0.47
  221 K     1   1  -1   1  -3   1   3  -1   0  -2  -2   2  -1  -2  -2  -1  -1  -3  -2  -1   14   9   2   8   0   7  19   3   3   3   4  14   2   1   1   3   3   0   1   3  0.23 0.19
  222 K     1   3   0  -2  -2   0  -1  -3  -2  -4  -2   5   1  -3  -3  -1  -2  -4  -3  -3   10  13   4   2   1   3   2   1   1   1   3  47   4   1   1   3   2   0   1   2  0.69 0.40
  223 Q     0   1  -1  -1  -3   5   2  -3  -1  -2  -3   0   2  -3  -3   0   0  -3  -1  -3    9   8   2   3   0  29  15   1   1   3   2   5   6   1   1   6   4   0   2   1  0.44 0.31
  224 A     4  -2  -2  -2  -2  -1   0  -1  -3  -2  -3  -1   1  -3  -2   3  -1  -4  -1  -1   40   2   1   2   1   3   6   4   0   2   2   4   5   1   1  20   2   0   2   3  0.46 0.33
  225 Q     2   0  -1  -1  -3   3   1  -2   0  -1  -1   0   1  -3  -2   0   1  -3  -2   1   21   6   2   3   0  15   7   2   2   3   6   5   4   1   1   6   8   0   1   9  0.17 0.18
  226 I    -3  -1  -3  -2  -3  -2  -2  -2  -4   5   0  -1   1  -1   1  -3  -1  -3  -2   2    1   4   1   2   0   2   3   4   0  44   6   3   4   2   7   1   3   0   1  13  0.54 0.34
  227 L     0  -2   1  -3  -2   0  -2  -3  -3   0   4  -1   1  -1  -2  -2  -1  -3  -2  -1   10   2   8   1   1   4   2   1   1   5  48   5   2   1   2   2   3   0   1   2  0.40 0.30
  228 A     2   1   0   0  -3   1   2  -2   0   0  -1   1   0  -3  -1   0  -1  -3  -2  -1   21  10   3   4   0   6  14   1   2   5   7   8   3   1   3   4   2   0   1   3  0.15 0.16
  229 S     5  -3  -2  -3  -3  -2  -3  -2  -3  -3  -1  -3  -1  -3  -3   4  -1  -4  -2  -3   45   1   1   1   0   2   1   2   0   1   7   1   1   1   1  29   3   0   1   1  0.77 0.48
  230 E    -1  -1  -2   0  -5   4   6  -4  -2  -3  -3  -1  -2  -4   0  -2  -2  -4  -4  -2    4   2   1   4   0  16  52   1   1   1   2   3   1   0   4   2   2   0   0   3  0.97 0.52
  231 A     4  -3  -3  -3  -3  -2  -3   4  -3  -3   1  -2  -3  -3  -2  -1  -2  -4  -4  -2   37   1   1   1   0   2   1  33   1   1  12   2   0   1   2   2   2   0   0   2  0.68 0.40
  232 E     1   2   0   1  -4   2   4  -2  -1  -3  -2   0  -1  -2  -1  -1  -2  -2  -3  -2   11  12   5   6   0  10  29   2   1   1   3   6   2   1   3   2   2   0   1   2  0.37 0.27
  233 K     0   3  -1  -2  -3   1   0  -2  -1  -2   0   3   2  -2  -1  -1  -1  -1   0  -2    9  16   2   1   0   7   4   2   1   2  11  23   6   1   2   4   2   1   3   3  0.26 0.21
  234 A     1   0  -1  -1  -3   4   2  -2  -1   0   1   0   2  -2  -2  -1   0  -3  -1  -1   11   5   2   3   0  20  14   2   1   6  14   3   5   1   1   2   4   0   2   3  0.22 0.20
  235 E     2   0  -1   0  -2   1   2  -2  -2  -2   0   0  -1  -3  -2   1  -1  -3  -2  -1   23   5   2   5   1   8  17   2   1   1  10   4   1   1   1  11   3   0   1   4  0.21 0.19
  236 Q     1   2  -1  -1  -3   4   0  -2  -1   0  -1   0   2  -2  -2  -1   2  -3  -2  -1   10  11   3   3   0  20   6   1   1   6   5   3   7   1   1   3  13   0   1   4  0.24 0.21
  237 I    -2   0  -2  -3  -2  -1  -2  -3  -3   4   2  -1   0  -1  -3  -2   0  -3  -1   2    3   5   2   1   1   2   2   1   0  33  16   5   1   1   1   2   5   0   2  16  0.39 0.24
  238 N     0   0   4  -1  -1  -1  -1  -2  -2   0   2   0   0  -2  -2  -1  -1  -3  -1   0    7   6  22   2   1   3   4   2   0   6  24   4   2   1   1   4   2   0   1   8  0.20 0.18
  239 Q     0   2   0   0  -3   2   2  -2  -1  -1  -1   1   0  -1  -2   0   0  -1  -1  -1    7  15   4   4   0  13  16   2   1   3   4   7   2   2   1   4   6   1   2   5  0.19 0.15
  240 A     5  -2  -2  -3  -2  -2  -2  -2  -3   0  -1  -2  -1  -2  -2   1   0  -3  -3   0   55   1   1   1   0   1   2   2   0   5   5   1   2   1   1   8   6   0   1   5  0.67 0.38
  241 A     0   0  -1   0  -2   2   3  -1   0  -1  -1   1  -1  -1  -1   0   0  -2  -1   0    9   4   2   5   0   9  23   3   2   3   6   8   2   2   3   6   4   0   2   7  0.15 0.13
  242 G     3  -1  -1  -2  -2  -1  -1   4  -2  -2  -2  -1  -3  -2  -1  -1  -1  -3  -3  -1   25   3   3   1   1   2   5  36   1   2   3   2   0   1   2   3   4   0   1   4  0.48 0.27
  243 E     0   0  -1   2  -3   1   4  -2  -1  -2  -1   1   0  -3  -2  -1   0  -3  -2  -2    8   5   3   9   0   6  31   2   1   3   5   9   3   1   1   3   4   0   1   2  0.32 0.22
  244 A     5   0  -2  -3  -3   0   0  -2  -3  -1  -2   2  -3  -2  -2  -1  -2  -3  -1  -1   49   5   2   1   0   3   5   2   0   3   3  12   0   2   1   3   2   0   2   3  0.53 0.36
  245 S     0   0   1   0  -3   2   3  -1  -1  -2  -2   1  -1  -2  -2   0  -1  -3  -1  -2    8   5   8   3   0  10  26   5   1   2   4  10   1   2   1   7   3   0   2   2  0.28 0.22
  246 A     5  -1   0  -3  -3  -1   0  -2  -3  -2  -3  -1  -3  -4  -2   2  -1  -4  -3  -1   52   3   5   1   0   2   6   2   0   2   2   4   0   1   1  12   3   0   1   3  0.63 0.40
  247 V     0   1  -2  -3  -2   1  -1  -3  -2   3   0   0   0  -2  -3   0   2  -2  -2   1    8   8   1   1   0   6   3   1   1  27   8   7   2   1   1   5  12   0   1   7  0.21 0.20
  248 L    -1   1  -1  -2  -2   0   1  -2  -2   2   2   0   1  -1  -3  -1   0  -2  -1   1    4   8   2   1   0   3  12   2   1  12  23   6   2   2   1   2   6   0   1  11  0.13 0.14
  249 A     2   1  -1  -2  -2  -1   0  -3  -2   1   2  -1   2  -2  -2  -1   0  -3  -2   1   18   8   3   1   0   3   6   1   0   7  25   4   5   1   1   4   4   0   1   9  0.17 0.18
  250 K    -1   3  -1  -1  -2   0   2  -3  -2   1   1   2  -1  -2  -3  -1   0  -4  -2   1    3  18   2   2   0   2  14   1   1   7  13  14   1   1   0   3   5   0   0  12  0.22 0.21
  251 A     6  -2  -4  -3  -3  -2  -3  -1  -3  -3  -1  -3  -1  -3  -2   1  -2  -3  -3  -2   68   2   1   1   0   1   1   3   0   1   5   1   1   1   1   8   1   0   1   1  1.08 0.59
  252 K    -1   1   0   1  -2   3   4  -3  -2  -2  -3   2  -3  -3   1  -1  -1  -4  -4  -3    4   6   4   8   1  16  28   1   0   2   2  12   0   1   7   2   4   0   0   1  0.48 0.34
  253 A     5  -3  -4  -3  -4  -3  -4   3  -4  -3  -3  -2  -4   1  -3  -1  -2  -5  -4  -3   58   1   1   1   0   1   0  21   0   1   1   2   0   7   1   2   2   0   0   1  1.02 0.58
  254 K    -2   0  -1   0  -4   2   3  -3  -1  -2  -2   1  -2  -2   1   0   3  -4  -2  -2    2   5   3   4   0   8  22   1   1   3   5   8   1   1   7   4  21   0   1   2  0.33 0.29
  255 A     5   0  -2  -4  -2  -2  -3  -2  -2  -3  -3   0  -2  -4  -3   1  -2  -5  -3   1   59   4   2   0   1   1   1   2   1   1   2   5   1   0   1   7   1   0   1   9  0.82 0.51
  256 E    -1   1   0   1  -5   3   4  -2  -1  -2  -3   3  -1  -4  -3  -1  -2  -4  -1  -3    4   8   3   6   0  13  30   2   1   2   2  18   1   0   0   3   2   0   2   1  0.52 0.36
  257 A     4  -2  -3  -4  -3  -1  -2   2  -4  -3   0  -2  -2  -3  -2   2  -2  -4  -1  -2   40   2   1   0   0   2   2  17   0   1   8   2   1   1   2  16   1   0   2   2  0.53 0.39
  258 I    -2  -4  -2  -5  -4  -3  -5  -5  -5   6   3  -5   2  -1  -5  -3   0  -5  -3   0    3   0   2   0   0   1   0   0   0  44  30   0   4   2   0   2   5   0   1   5  0.93 0.49
  259 R     0   4   0   1  -4   2   3   0  -1  -4  -3   1  -2  -4  -3  -1   0  -4  -3  -3    7  22   3   6   0  11  21   6   1   1   3   9   1   0   1   2   5   0   0   1  0.44 0.32
  260 I     0   1  -2  -2  -3   0   0  -2  -2   1   1   0   2   1  -2   0   0  -2  -1   0    7   8   1   2   0   4   6   2   1   9  17   7   9   6   1   6   7   0   1   7  0.09 0.12
  261 L    -2  -2  -5  -5  -4  -4  -4  -5  -4   4   2  -3   1  -2  -3  -4  -2  -5  -2   4    2   2   0   0   0   0   1   1   0  27  22   1   2   1   1   0   2   0   1  35  0.85 0.45
  262 A     3  -1   0  -2  -3   1   0   0  -1  -3  -2  -1  -3   0  -3   3   0  -4  -2  -2   31   3   5   1   0   5   7   7   1   1   3   2   0   4   0  23   4   0   1   1  0.37 0.32
  263 G     1   1   1   1  -4   2   3  -1  -1  -4  -3   2  -2  -4  -2   0  -1  -4  -2  -3   13   7   7   8   0  10  21   4   1   1   1  13   1   0   1   7   4   0   1   1  0.35 0.27
  264 A     5  -4  -4  -4  -3  -1  -3   0  -4  -3  -3  -2  -3  -1  -3   1   0  -5  -4   0   59   1   0   1   0   2   1   5   0   1   2   1   0   3   0  12   5   0   0   6  0.89 0.54
  265 L     0  -2  -3  -4  -3  -1  -2  -4  -3   4   3  -3   3   0  -4  -3  -2  -4  -2   1    8   2   1   0   0   3   2   1   1  26  34   1   6   3   1   1   2   0   1   6  0.53 0.32
  266 T     1   1   1  -1  -2   2   1   0   1  -2  -2   2  -1  -3  -1   1   0  -3  -3  -2   14   5   8   2   1   9   8   7   3   2   3  16   1   1   2  11   5   0   0   2  0.20 0.17
  267 Q     0   1   0   0  -3   2   3   0   0  -2  -2   2  -1  -3  -2   0   1  -3  -3  -2    8   6   4   4   0  11  22   6   2   2   2  12   1   1   2   6   7   0   0   2  0.26 0.21
  268 H     0  -1   1   0  -3   1   1   0   3  -2  -2   0  -1  -2   2   0   0  -3   0  -1    9   2   6   6   0   9   9   8   8   2   3   5   2   1  10   8   5   0   3   3  0.15 0.13
  269 N    -1  -1   3   2  -2  -2   0   4   1  -4  -3  -1  -3  -1  -2   0  -1  -4  -3  -3    4   3  16  11   1   1   5  30   4   1   3   4   0   3   2   8   2   0   0   2  0.42 0.28
  270 G     1  -1   0  -1  -4  -2  -2   5  -2  -3  -3  -1  -3  -3   0   1  -1  -4  -3  -1   11   3   4   4   0   1   3  43   1   1   2   3   0   1   5  10   3   0   0   5  0.55 0.34
  271 D     0   1   0   2  -2   2   1  -2  -1  -1  -2   1   0  -3   0   1   0  -4  -3   0    8   8   5  12   0  10   9   2   1   5   3   8   3   1   5  10   4   0   0   7  0.14 0.14
  272 A     0   0   2   2  -4   2   3  -2   0  -2  -3   0  -2  -4   0   0   0  -4  -3  -2    9   4   9  14   0   8  23   2   2   2   2   6   1   0   5   6   4   0   1   2  0.33 0.26
  273 A     5  -3  -3  -1  -2  -1  -2  -2  -4   0  -3  -2  -2  -2   0  -1  -2  -5  -3   0   61   1   1   3   1   2   2   1   0   5   2   2   1   2   4   4   2   0   0   5  0.83 0.51
  274 A     3  -3  -2  -3  -2   0  -2  -2  -3   1   1  -2   2  -3   0  -1   1  -2  -2   2   26   0   1   1   0   4   1   3   0   7  11   2   5   1   4   4   8   0   1  20  0.26 0.25
  275 S     0   1   2   0  -3   3   1  -1  -1  -3  -2   1  -1  -3  -1   2  -1  -4  -2  -3    7   7  10   4   0  15   8   4   1   1   3   9   1   1   2  21   3   0   1   1  0.30 0.25
  276 L    -3  -3  -3  -3  -4  -1  -1  -3  -3  -1   4  -4   2   3  -4  -3  -3  -2   5  -1    2   1   1   1   0   2   5   2   0   3  40   1   4  14   0   1   1   0  19   2  0.71 0.41
  277 T    -1   2  -1  -2  -3   1  -1  -3  -1   0   2   1   1   0  -3   0   0  -2  -1   0    6  15   3   2   0   9   3   1   1   4  22   7   3   4   0   7   5   0   2   6  0.14 0.16
  278 V    -2  -4  -5  -5  -4  -3  -4  -5  -5   4   4  -3   1  -3  -4  -3  -1  -5  -3   4    2   0   0   1   0   1   0   0   0  22  37   1   2   0   1   1   3   0   0  27  0.86 0.46
  279 A     6  -2  -3  -4  -4  -1  -3   0  -3  -2  -1  -2  -1  -3  -4   1   0  -3  -4  -2   62   1   1   1   0   3   1   5   1   2   5   2   1   1   0   7   4   0   0   2  0.89 0.54
  280 E    -3   0  -2  -1  -5   3   5  -4  -2  -1   0   1   0  -3  -3  -1  -2  -3   1  -2    1   4   1   3   0  14  36   0   0   4  12   7   2   1   1   3   1   0   5   3  0.53 0.39
  281 Q    -2   3   0   0  -6   6   1  -4  -1  -4  -4   4  -3  -6  -4  -2  -3  -3  -5  -3    4  13   3   5   0  34   7   0   1   1   2  25   0   0   0   3   1   0   0   2  0.90 0.55
  282 Y    -1  -3  -5  -6  -6   0  -4  -3  -1  -4  -5  -4  -5   1  -5  -1  -3   1   9  -4    5   2   0   0   0   4   1   2   1   1   1   1   0   3   1   5   1   1  70   1  2.02 0.92
  283 V    -3  -4  -4  -6  -4  -2  -5  -6  -5   5   3  -4   3  -1  -5  -4  -2  -3  -2   4    1   0   0   0   0   2   0   0   0  30  25   1   6   2   0   1   2   0   1  28  0.90 0.48
  284 S     0  -1   1   3  -5   3   4  -2   0  -5  -4   1  -4  -5  -4   0  -1  -5  -4  -4    9   3   6  18   0  13  30   2   2   0   1   6   0   0   0   7   3   0   0   0  0.66 0.43
  285 A     5  -3  -2  -4  -4  -1  -2  -2  -3  -3  -4  -1   2  -4  -4   1   2  -5  -5  -1   54   1   2   0   0   2   2   2   0   1   1   3   5   1   0   7  14   0   0   5  0.83 0.54
  286 F    -3  -4  -1  -5  -5  -1  -5  -3  -3  -1   3  -4   2   6  -5  -2  -3   1   1  -2    2   0   4   0   0   3   0   2   1   2  34   1   6  33   0   2   1   2   4   2  0.86 0.49
  287 S     0   0   0  -1  -3   1   2   2  -2  -3  -3   2  -2  -4   1   2  -1  -4  -3  -3    7   6   3   1   0   8  12  20   0   2   1  11   1   0   6  16   3   0   1   1  0.30 0.25
  288 K     0   1   3   1  -4   2   2  -2  -1  -4  -4   4  -3  -5  -3   0   0  -5  -4  -3    7   5  13   6   0   8  16   3   1   0   1  27   0   0   0   6   4   0   0   2  0.49 0.35
  289 L    -3  -5  -3  -6  -4  -5  -5  -5  -5   5   4  -5   4  -1  -5  -4  -3  -5  -4   1    2   0   1   0   0   0   0   1   0  30  43   0   9   2   0   1   1   0   0   8  1.00 0.51
  290 A     6  -4  -3  -4  -2  -4  -4   2  -5  -4  -3  -4  -3  -4  -2   1  -1  -5  -5  -3   60   0   1   0   1   0   0  17   0   0   3   0   1   0   1  10   2   0   0   1  1.07 0.61
  291 K    -1   1   1   1  -5   2   2  -2  -1  -5  -4   5  -4  -5  -4   0  -1  -5  -3  -3    4   5   6   7   0  10  13   3   1   0   1  39   0   0   0   5   4   0   0   1  0.67 0.43
  292 D    -1  -2   1   1  -4   0   3   2  -3  -5  -5   1  -4  -4  -4   3   0  -5  -4  -3    3   1   6   6   0   3  20  16   0   0   0   7   0   0   0  29   5   0   0   1  0.54 0.40
  293 S     1  -2   3   0  -4   0  -1   2  -2  -5  -5  -1  -4  -5   1   3   0  -5  -4  -4   10   1  18   6   0   4   3  18   0   0   0   4   0   0   8  23   6   0   0   0  0.50 0.37
  294 N     0  -3   6  -2  -5  -1  -3  -3  -2  -6  -6   1  -5  -6  -4   1   3  -6  -5  -5    7   1  47   1   0   2   1   1   0   0   0   9   0   0   1  10  21   0   0   0  1.15 0.65
  295 T     0  -2  -1  -4  -4  -3  -3  -4  -4  -3  -3   2   0  -4  -4   2   6  -6  -5   0    7   1   2   0   0   0   0   1   0   1   2  15   2   1   0  14  46   0   0   8  0.84 0.56
  296 V    -3  -3  -5  -5  -4  -4  -4  -5  -5   3   1   3   2  -2  -4  -3   0   3  -2   4    0   0   0   0   0   0   0   0   0  18  15  19   6   1   1   1   5   4   1  29  0.63 0.42
  297 L    -4  -5  -6  -6  -4  -5  -6  -5  -5   4   2  -5   2   3  -4  -5  -3  -2   0   4    0   0   0   0   0   0   0   0   0  29  20   0   4  13   1   0   1   0   3  29  0.93 0.48
  298 L    -3  -5  -6  -6  -2  -5  -6  -5  -6   4   4  -5   3   1  -5  -4  -3  -5  -4   4    1   0   0   0   1   0   0   1   0  20  40   0   6   4   0   0   1   0   0  26  0.96 0.50
  299 P    -4  -6  -4  -4  -6  -4  -5  -4  -6  -4  -6  -5  -1   3   8  -2  -4  -6  -5  -3    0   0   1   1   0   1   0   1   0   1   0   0   2  12  75   3   1   0   0   2  2.26 0.94
  300 S     2  -3  -1  -2  -3  -1  -1   0  -2  -2  -1  -2   3  -2   0   2   1  -2   2  -2   17   0   3   1   0   2   3   5   0   2   6   1  10   1   5  22   8   0  10   2  0.26 0.28
  301 N    -2  -2   4   4  -5   0   3  -2  -1  -4  -3  -2  -3  -5  -1   0  -2  -5  -4  -4    2   1  24  27   0   3  21   3   1   0   3   2   1   0   2   7   2   0   0   1  0.75 0.44
  302 P     2  -3  -3  -3  -3  -2  -3  -2  -2   1   1  -2   1   0   4   0   1  -3  -3   1   18   0   0   1   0   1   1   2   1   7  13   1   3   4  20   7  10   0   0  10  0.35 0.27
  303 S     1  -1   1  -1  -3   1  -2   3  -2  -2  -2   0   0  -3  -3   2   1  -4  -4  -2   14   2   7   3   0   5   1  20   0   2   3   6   3   1   0  21  10   0   0   1  0.30 0.27
  304 D    -1  -2   3   5  -5  -1   1   1  -2  -5  -5  -1  -2  -5  -3   1  -2  -6  -3  -4    5   2  15  38   0   3   6  12   0   0   1   2   1   0   0  12   1   0   1   1  0.75 0.44
  305 V     0  -4  -5  -5  -3  -3  -4  -4  -5   2   3  -4   2   0   3  -2  -1  -4  -3   3    8   0   0   0   0   1   0   1   0  14  29   0   5   3  14   3   3   0   1  19  0.51 0.34
  306 T     2  -2  -1  -3  -3  -1  -2   0  -3   0   1  -2   2  -1  -1   2   2  -4  -3  -1   20   1   3   0   0   2   1   8   0   5  15   1   5   3   2  18  13   0   0   4  0.22 0.24
  307 S     0  -1   2   0  -4   0   1   4  -1  -4  -5  -1  -4  -5  -4   3  -1  -5  -4  -4    6   2   9   4   0   4   9  30   1   0   0   3   0   0   0  28   3   0   0   1  0.59 0.40
  308 M     1  -3  -2  -4  -3  -1  -3  -1  -3   0   1  -2   6   0  -2   1   0  -1  -2   0   13   0   2   0   0   2   0   4   0   4  14   2  27   4   2  11   6   1   1   7  0.41 0.34
  309 V    -1  -5  -5  -4  -4  -4  -5  -4  -5   5   2  -5   3   1  -4  -3  -2  -3  -3   4    4   0   0   1   0   0   0   1   0  31  18   0   8   5   0   2   2   0   0  29  0.79 0.42
  310 A     4  -3   0  -3  -3  -1  -2   2  -2  -2  -3  -1  -3  -4  -2   2   2  -5  -3  -1   39   1   3   0   0   3   2  17   1   1   1   3   0   0   1  14  11   0   0   3  0.52 0.37
  311 Q     0   0   0   0  -4   5   1   1  -2  -3  -3   0  -1  -4  -3   1   1  -4  -4  -3    8   5   4   5   0  29   9  11   0   1   1   5   1   0   1  11   8   0   0   1  0.43 0.33
  312 A     5  -4  -3  -4  -3  -3  -4  -2  -4   2   1  -3   2   0  -4  -1  -2  -4  -2   0   49   0   1   0   0   1   0   3   0  11  17   1   5   3   0   4   1   0   1   4  0.64 0.43
  313 M    -1  -1  -4  -4  -4  -2  -4  -1  -4   1   3   0   5   1  -2  -1  -1  -4  -3  -1    6   3   0   0   0   2   0   6   0   6  30   8  22   6   2   5   2   0   0   3  0.44 0.33
  314 G     2  -2   0   0  -4   0   2   3  -2  -4  -4  -1  -3  -4  -2   2   2  -5  -4  -3   17   1   3   3   0   2  17  20   0   0   0   3   0   0   1  18  12   0   0   1  0.43 0.32
  315 V     0  -4  -3  -4  -2  -3  -4  -2  -4   4   2  -3   3  -1  -3  -3  -1  -4  -1   3    6   0   1   0   0   0   0   3   0  29  19   1   7   2   1   1   4   0   2  22  0.50 0.30
  316 Y    -2  -3  -3  -4  -3  -3  -3  -3  -1  -1   2  -2   0   4  -3  -2  -2  -2   6   0    3   1   1   1   0   1   1   1   1   3  20   3   2  21   1   3   2   0  29   5  0.68 0.37
  317 G    -1   0   3   1  -4   1   0   3  -3  -4  -4   4  -3  -5  -3   0  -1  -4  -4  -4    4   4  13   6   0   5   4  23   0   0   0  28   0   0   0   8   3   0   0   0  0.52 0.32
  318 A     1   0   2   1  -3   1   0   0   0  -3  -3   2  -1  -3  -2   2   1  -2  -2  -2   13   4  10   6   0   8   5   5   2   1   2  13   1   1   1  17  11   0   1   1  0.23 0.19
  319 L     0  -2  -2  -1  -2  -1  -2  -1  -3   2   2  -1   2   0  -1  -2   0  -3  -1   2    6   1   1   4   0   2   2   4   0  12  27   3   6   2   2   2   5   0   1  18  0.19 0.16
  320 T     0   0   2   1  -2   0  -1   1   0  -2  -2   1  -1  -2  -1   2   1  -3  -2  -1    7   5  13   7   1   4   2  11   2   1   2  10   2   1   3  17   8   0   1   4  0.17 0.14
  321 K     0   0   1   1  -4   1   1   0   0  -3  -2   4  -3  -3  -1   0  -1  -4  -2  -2    6   3   6   6   0   7  10   7   2   0   4  32   0   1   2   8   1   0   1   2  0.32 0.23
  322 A     1   0   2   0  -3   0   0   1  -2  -2  -3   1  -2  -3   2   1   1  -4  -3  -1   14   3  11   4   0   4   4   9   0   1   1  12   1   1   9  12   8   0   0   3  0.21 0.16
  323 P     0  -1   0  -1  -4   2   0  -2  -1  -3  -2   0  -1  -2   5   1  -1  -4  -3  -1    7   2   4   2   0  12   6   2   1   0   3   4   2   2  33  11   2   0   0   6  0.56 0.29
  324 V     1  -1   0   0  -2   0  -1  -1  -2  -1   0   0   0  -2   1   1   1  -3  -1   0   13   1   5   5   0   5   3   3   0   2  13   8   1   1   7  11  13   0   1  10  0.08 0.10
  325 P     0   0   2  -1  -3   0   0   1  -2  -2  -3   2  -2  -3   4   0   0  -4  -3  -2    7   5  10   2   0   5   7   9   1   2   2  13   0   1  22   5   6   0   0   3  0.35 0.20
  326 G     1   0   1  -1  -2   0   0   3  -1  -3  -3   1  -2  -4   3   1  -1  -4  -2  -2   12   4   6   3   1   4   5  25   1   0   2   9   1   0  13   9   3   0   1   2  0.31 0.18
  327 A     1  -1   0   1  -1   1   1   0   0  -1  -1   0   0  -3   1   2   1  -3  -2  -1   12   1   3   8   1   5   7   7   2   4   4   7   2   0   5  18   8   0   1   3  0.12 0.10
  328 Q     0   0   1   0  -3   2   1   0   0  -2  -2   1  -2  -3   3   1   0  -4  -2  -1    5   5   5   6   0  10   9   7   2   3   2   7   0   0  14  15   7   0   1   3  0.23 0.15
  329 N     0   0   2   1  -3   0   1   1   1  -2  -2   0  -2  -4   1   1   1  -4  -3  -2    4   3  13   6   0   3  12  13   4   1   4   6   0   0   7  12   9   0   0   2  0.21 0.15
  330 S     0  -1   1  -1  -3   1   1   1  -1  -2  -3   0  -2  -3   2   2   2  -4  -3  -1    8   1   6   1   0   6  10  11   1   2   1   5   0   0  11  19  13   0   0   4  0.26 0.19
  331 S     1   0   1   0  -2   0   0   0   0  -2  -3   1  -2  -1   1   2   1  -4  -2  -1    9   5   8   3   0   2   7   7   2   2   0  10   0   4   8  22   8   0   0   4  0.18 0.15
  332 Q     0   0   0   1  -3   2   2   0   0  -2  -1   1  -2  -3   2   1   0  -4  -3  -1    7   3   2   9   0  10  12   8   2   1   6   9   0   0  11  10   4   0   0   3  0.21 0.14
  333 S     0   1   0   0  -2   1   0  -1  -1  -3  -2   0   0  -2   2   3   1  -4  -1  -1    7   7   2   4   1   6   3   4   1   0   1   6   2   1  11  26   8   0   2   5  0.22 0.18
  334 R     1   1   1   0  -1   1   1   1   0  -1  -2   2  -2  -3   0   0  -1  -4  -2   0   11  10   8   3   1   5   8  12   2   5   1  14   0   0   4   5   2   0   0   7  0.13 0.11
  335 R    -1   2   0   1  -3   1   1   0  -1  -2  -3   2  -2  -4   2   1   0  -4  -3  -2    3  12   4   8   0   5  10   7   1   3   2  15   0   0  11  13   6   0   0   2  0.26 0.16
  336 D    -1  -2   1   4  -4   0   1   0   1  -1  -3  -1  -3  -2   2   1   0  -4  -3  -2    5   1   6  30   0   2   8   7   4   5   2   3   0   1   9  10   4   0   0   2  0.34 0.20
  337 V     0   1  -1  -1  -2   0   0  -2  -2   1   0  -1  -1  -2   0   1   1   0  -2   2    9   8   1   2   0   3   7   1   0   7   7   1   0   1   4  16  11   1   1  20  0.12 0.13
  338 Q     0   0   0   1  -3   2   2   1  -1  -3  -3   1  -1  -3  -1   1   0  -3  -1  -2    7   3   2   7   0  12  18  13   0   0   1  10   2   1   3  13   4   0   2   1  0.25 0.16
  339 A     1  -1   0   0  -2   1  -1   1  -1  -1  -1   0  -2  -2   2   2   1  -3  -2   0   13   1   3   3   0   7   3   9   1   2   5   4   0   2  11  17  11   0   1   7  0.16 0.12
  340 T     0  -1   1  -1  -3   0   0   2  -1  -1   0   1  -1  -2  -1   3   1  -4  -3  -2    5   1   5   1   0   3   6  14   1   3  11   9   1   1   3  27   7   0   0   1  0.18 0.15
  341 D     0  -1   1   5  -4   1   1  -3  -2  -4  -4   1  -3  -5   3   1  -1  -5  -4  -4    8   2   6  35   0   6   8   0   1   0   1   8   0   0  13  10   3   0   0   0  0.59 0.26
  342 T     1  -2   0   2  -3   1   1   1  -2  -3  -3  -1  -2  -2   0   2   2  -4  -3  -2   13   0   2  12   0   7   7   9   0   0   1   2   0   2   4  24  16   0   0   2  0.29 0.18
  343 S     1   1  -1   0  -3   0   1   1  -2  -2  -2   0  -1  -2  -1   3   1  -4  -2  -1    9   7   1   4   0   2  12  10   0   1   2   3   1   1   2  32   7   0   1   5  0.23 0.16
  344 I     0  -1  -1  -3   1   0  -1  -1  -1   1   2  -1   1  -1   2  -1  -1  -3  -2   2    5   2   3   0   3   4   2   5   1  10  23   2   4   1  10   3   0   0   0  21  0.15 0.11
  345 E     0   1   0   3  -4   3   4  -2  -1  -4  -4   0  -3  -4  -1   0  -1  -4  -3  -4    6   9   4  16   0  13  36   1   1   0   0   4   0   0   2   6   1   0   0   0  0.57 0.23
  346 E     0  -2   2   2  -4   2   4  -2  -2  -4  -3   0  -3  -4  -1   1  -1  -4  -3  -3    6   0   9  11   0   8  41   1   0   0   2   3   0   0   2  14   1   0   0   0  0.56 0.23
  347 L    -1  -1  -1  -2  -2   0  -2  -2  -1   1   2   0   1   0   0   0   0  -3  -1   1    4   2   1   0   0   4   0   2   2   7  31   9   3   5   4   9   7   0   0   9  0.10 0.07
  348 G    -1  -2   2   4  -4  -1   1   3  -2  -4  -4   0  -3  -4  -2   1  -1  -4  -4  -4    3   0  11  36   0   0   8  26   0   0   0   4   0   0   0  13   0   0   0   0  0.60 0.17
  349 R     1   3  -1   0  -3   1  -1   3  -2  -3  -3   1  -1  -3   0   1  -1  -3  -3  -2   15  23   0   4   0   8   0  25   0   0   0   6   3   0   3  14   0   0   0   0  0.32 0.09
  350 V     2  -2  -2  -2  -1  -1   1  -2  -2   1   0  -1   0   0  -2   0   1  -3  -1   2   27   0   0   0   0   0  12   0   0   9   8   0   0   6   0   5  12   0   0  23  0.13 0.05
  351 K    -1   3  -1  -1  -4   2   2  -2  -1  -3  -3   4   0  -3  -2  -1   0  -3  -2  -3    0  19   0   0   0   5  12   0   0   0   0  54   5   0   0   0   6   0   0   0  0.56 0.11
  352 L    -1  -1  -2  -3  -2  -1  -2  -3  -3   2   3   0   2  -1  -3  -2   1  -2  -2   1    0   0   0   0   0   0   0   0   0  24  42  14   8   0   0   0  12   0   0   0  0.24 0.05
  353 S     1  -1   2  -1  -1  -1  -1  -1  -1  -2  -3  -1  -2  -3  -1   4   2  -3  -2  -2   10   0  10   0   0   0   0   0   0   0   0   0   0   0   0  61  19   0   0   0  0.42 0.06

                      K         Lambda
Standard Ungapped    0.1282     0.3145
Standard Gapped      0.0413     0.2670
PSI Ungapped         0.1350     0.3166
PSI Gapped           0.0413     0.2670
