
Last position-specific scoring matrix computed, weighted observed percentages rounded down, information per position, and relative weight of gapless real matches to pseudocounts
            A   R   N   D   C   Q   E   G   H   I   L   K   M   F   P   S   T   W   Y   V   A   R   N   D   C   Q   E   G   H   I   L   K   M   F   P   S   T   W   Y   V
    1 M    -5  -5  -6  -7  -5  -4  -6  -7  -5  -3   0  -5  11  -4  -6  -5  -4  -5  -5  -3    0   0   0   0   0   0   0   0   0   0   4   0  96   0   0   0   0   0   0   0  3.21 1.03
    2 V    -1  -3  -4  -5  -4  -4  -4   0  -1   1  -2  -2   3  -3  -3  -1   1  -4   3   5    5   1   0   0   0   0   0   8   2   8   1   2   8   0   1   3   7   0  11  44  0.61 0.40
    3 R    -4   4   0  -2   1  -2  -3   0   4  -5  -3   5  -4  -5  -3  -1  -3  -5  -2  -5    0  26   4   2   4   0   0   7  10   0   2  39   0   0   1   4   1   0   1   0  0.92 0.50
    4 Y    -7  -7  -7  -8  -3  -6  -7  -8   0  -6  -5  -4  -6  -1  -8  -5  -6  -3  10  -6    0   0   0   0   1   0   0   0   2   0   1   1   0   1   0   1   0   0  93   0  3.41 1.26
    5 S     2  -1  -2  -4  -1  -2  -3  -2  -1  -4  -3  -2  -5  -6  -3   6   0  -6  -4  -3   18   3   2   0   1   1   1   2   1   1   2   2   0   0   1  59   5   0   0   1  1.04 0.64
    6 L     0   0  -3  -4   2  -1  -3  -3   0   1   0   0   0   3  -1  -2  -1  -1   4   1    8   6   1   0   4   3   0   1   2   9  10   6   2  16   3   1   3   1  14  10  0.24 0.21
    7 D    -1  -1   0   3  -5   3   3  -3  -2  -4  -3   2  -2  -5   0   0   0  -5  -4  -2    4   2   4  14   0  15  21   1   1   1   2  14   1   0   4   8   6   0   0   2  0.47 0.34
    8 P     0  -2   0   1  -3  -1   0   0   0   0  -2  -1  -2  -3   5   0  -1  -5  -2  -1    7   1   5   7   0   2   6   7   3   7   4   4   1   1  28   7   4   0   1   4  0.39 0.27
    9 E    -1   0  -1   1  -4   0   3  -3  -2   1  -1   1  -1   1  -1  -1  -1  -3   2  -1    5   5   2   9   0   3  26   2   0   9   4   8   1   8   2   4   3   0   9   3  0.24 0.22
   10 N    -3  -3   6   5  -6  -1   0  -1  -2  -2  -5   0  -5  -3  -4  -2  -1  -6  -5  -3    1   1  37  33   0   2   5   4   0   3   1   5   0   1   1   2   3   0   0   2  1.09 0.57
   11 P    -1  -2  -2  -2  -5  -1   2  -1  -1  -4  -3   1  -3  -4   6  -1   0  -2  -5  -2    5   2   2   1   0   2  13   5   1   1   2  10   1   1  42   5   5   1   0   3  0.89 0.48
   12 T     1  -2   0   2  -4   0   3  -2  -2   0  -3   1  -2  -4  -3   0   3  -5  -4  -1   10   1   4  10   0   3  22   2   1   6   2   8   1   0   1   7  19   0   0   3  0.35 0.30
   13 K    -2   2   3  -1  -5   0   0  -3   3  -3  -3   5  -4  -3  -1  -1   0  -5  -3  -3    2  10  14   3   0   2   5   1   7   2   2  38   0   1   2   3   5   0   1   2  0.63 0.39
   14 S     0  -3  -2  -3  -1  -1  -2  -3   1   1  -2  -2   4  -1  -1   3   2   2   0   0    8   1   1   0   1   2   2   1   3   8   2   1  12   2   3  23  16   3   3   7  0.33 0.29
   15 C     5  -5  -5  -5   7  -4  -4  -2  -5  -2  -2  -4  -4  -5   0   0  -3  -2  -3   1   45   0   0   0  20   0   0   2   0   2   3   0   0   0   6   7   1   1   1  10  1.02 0.55
   16 K    -1   5  -3  -4  -1   0  -3  -5  -2  -3  -3   6  -3  -2  -2  -3  -2  -1  -2  -3    5  26   1   0   1   3   1   0   1   2   2  46   1   2   2   1   3   1   2   2  1.05 0.58
   17 S     5  -3  -4  -3  -1  -3  -4  -3  -2  -2  -2  -4   0  -5  -3   2   0  -6  -5   1   51   1   0   1   1   1   0   1   1   1   4   0   2   0   1  18   6   0   0  10  0.84 0.55
   18 R    -1   4  -2   0   1   1  -1  -3   0   0  -1   1   3  -1  -4   0  -2  -2   0   1    3  28   1   5   3   5   3   2   2   4   4   7   9   2   0   7   2   1   3  10  0.34 0.29
   19 G     0  -3  -1  -3  -2  -2  -3   5  -2  -1  -1  -4  -2  -3  -4   1  -2   3  -3  -1    7   1   3   1   1   1   1  47   1   3   7   0   1   1   0  12   2   4   1   5  0.70 0.42
   20 S    -1   3   0  -1  -3  -1  -1  -2   0  -1   0   0   1  -1   0   2   0  -1  -1  -1    4  18   4   3   0   1   3   2   2   2  12   6   4   2   3  18   7   1   2   5  0.15 0.18
   21 N    -2  -2   4   3  -4  -1   1  -1   4  -4  -3  -2   1  -2  -4   0  -2  -4   2  -1    3   2  22  18   0   2   9   5  10   0   2   1   4   2   0   8   1   0   7   5  0.43 0.30
   22 L    -1  -2  -4  -3   0   0  -3  -4  -4   1   4   0   1  -1  -4  -3  -2   0  -2   1    6   2   0   2   2   5   1   0   0   5  51   5   2   1   0   1   2   1   1   8  0.53 0.33
   23 R    -1   3   0   0  -1   0  -1  -1   2  -1  -1   0  -2   1   2   0  -1   0   0  -3    4  23   3   6   2   3   1   3   6   4   5   6   0   6  13   6   3   1   3   0  0.24 0.20
   24 V    -1  -3  -3  -1   2   2  -1  -1   1   3   0  -1   0  -1  -3  -2  -1  -4  -3   3    3   0   0   3   5  11   4   4   4  22   5   5   3   2   0   2   3   0   0  24  0.26 0.22
   25 H     0   2   1  -2  -3   1  -2   1   5  -4  -4   1  -3  -4  -3   3   0  -4  -2  -3    4  10   7   0   0   5   0  10  16   0   1   8   0   0   0  33   5   0   0   0  0.49 0.31
   26 F     0  -1  -3  -1   2  -1  -2  -3   2   0   0  -1   0   3   0  -1   0   3   3  -1    7   3   0   4   6   3   0   0   7   5   8   3   3  16   6   4   7   4  10   3  0.21 0.18
   27 K     0   1  -1  -1   3   1   1  -2   2  -2   0   1   2  -2  -2   1   1  -3  -2  -1    9   9   0   0   8   9   9   1   9   0   9   9   9   0   0   9   9   0   0   1  0.15 0.13
   28 N    -2  -1   4   2  -5   1  -1  -4   5  -2  -1   1  -1   0  -1  -2  -1   1   0  -1    3   2  23  10   0   5   3   0  13   3   5   9   2   3   3   3   4   2   3   4  0.42 0.31
   29 T     2  -7   0  -6   4  -6  -6  -1  -7   0   0  -6   3  -7   0   2   3  -7  -7  -1   15   0   5   0   7   0   0   5   0   5  10   0   7   0   5  15  18   0   0   5  0.62 0.34
   30 R    -2   3  -1  -2   2   0  -1  -2   4   1  -2  -2   1   0  -2  -2  -1   2   1   2    4  14   3   3   4   4   4   4   9   7   4   3   3   4   3   4   3   3   4  13  0.27 0.15
   31 E    -1  -2  -1  -1   0   1   6  -2  -1  -3  -4   0  -1  -2   0  -1  -1  -5  -5  -2    4   2   3   2   2   5  49   3   2   2   2   5   2   2   4   5   3   0   0   3  0.80 0.45
   32 T    -1  -1  -4  -5  -4  -4  -4  -5  -5   3   0  -1   1  -4  -5   0   4  -5  -4   3    4   4   0   0   0   0   0   1   0  18   9   4   3   0   0   7  25   0   0  23  0.67 0.37
   33 A     4  -1  -4  -4   7  -1  -3   0  -4  -3  -2  -3   0  -2   0   0  -1  -4  -4  -1   36   4   0   0  24   3   0   7   0   0   3   0   2   2   5   6   3   0   0   3  0.75 0.42
   34 Q     1   3   2   0  -1   3   0  -2   2  -3  -3   1   0  -1  -3  -1   0  -4  -1  -1   10  15  11   4   1  13   5   2   6   0   1  10   2   2   0   4   5   0   2   6  0.26 0.21
   35 A     4  -2  -1  -1   2  -1  -1  -1   0  -1  -1  -2   2   0   0  -1  -1   1  -1   0   38   2   2   4   5   2   3   3   2   2   5   2   6   4   4   3   3   2   2   6  0.28 0.26
   36 I     0  -3   0  -3  -3  -3  -3  -3  -3   4   2  -3   3   1   1  -2   0  -3  -2   1    7   0   5   0   0   0   1   1   0  29  21   0   8   5   6   1   6   0   0   9  0.36 0.22
   37 K     0   1   1  -1  -2   1   0   0   2   0   0   0   1   0  -2   0   0  -2  -1   0    7   7   7   0   0   7   7   7   6   7   7   7   6   6   0   7   7   0   0   7  0.05 0.09
   38 G    -3  -1   1  -3  -1  -1  -3   6   1  -5  -4   1  -2  -3  -5  -2  -2  -5  -1  -5    1   3   7   1   2   2   1  58   3   0   1   8   1   1   0   2   3   0   3   0  1.05 0.54
   39 M    -4   1  -3  -3  -5  -1  -4  -3  -4  -2   1   3   8  -1  -5  -2  -1   1  -4  -1    0   8   1   1   0   2   0   2   0   1  12  21  36   3   0   3   3   2   0   4  0.99 0.57
   40 H    -2   0   1  -1  -1  -1   0  -1   5  -3  -3   3   0  -3   2   1   1  -1  -2  -4    2   4   7   3   2   2   5   4  16   1   2  17   3   1  10   9  10   1   1   0  0.38 0.30
   41 I    -1  -4  -1  -5  -4  -2  -4  -5  -4   3   3  -4  -1   0  -4  -2   0  -4   0   3    5   0   3   0   0   2   0   0   0  20  33   0   0   3   0   2   5   0   3  21  0.60 0.35
   42 R     0   1   0   0  -1   2   2  -1   1  -2  -2   0  -3  -2   0   1   0   2  -1  -1    8   9   3   6   1  10  12   4   4   2   3   6   0   2   5   9   6   3   2   4  0.13 0.15
   43 K    -2   2  -1  -1  -5   0   1   0   0  -3  -3   5  -1  -2  -2  -1  -1   1  -1  -1    2  10   3   4   0   3   8   6   2   2   2  39   1   2   2   3   3   2   2   4  0.57 0.39
   44 A     4  -3  -3  -3   2  -3  -3   0  -3   0  -3   0   1  -4   0   0   0  -4  -4   0   48   0   0   0   5   0   0   5   0   6   1   5   5   0   5   6   7   0   0   6  0.54 0.36
   45 T     0   0   0   0  -2   1   0  -2  -1   0   0   0   1   1   1   0   0  -2   1   0    6   6   6   6   0   6   6   0   0   6   6   6   6   6   6   6   6   0   6   6  0.02 0.09
   46 K     0   2   0   0  -2   2   1  -1  -2  -2  -3   3  -2  -4  -2   1   1  -4  -2  -2    8  11   5   3   1   8   7   4   0   2   2  25   1   0   1   8   9   0   1   2  0.26 0.23
   47 Y    -2  -2  -4  -3   2  -2  -3  -4  -2   1   2  -2   1   3  -4  -3  -2   0   6  -1    2   1   0   1   5   1   1   1   0   7  18   2   4  13   0   1   2   1  35   2  0.69 0.40
   48 L    -3  -3  -5  -2  -4  -2  -4  -5  -4   0   5  -4   1  -1  -1  -2  -3  -4  -1  -1    1   1   0   2   0   1   0   1   0   4  72   0   2   2   3   3   0   0   2   2  0.98 0.52
   49 K    -1   0   0   0  -4   2   4  -1   0  -2  -3   3  -3  -4  -3   0  -1  -4  -1  -1    3   3   4   5   0  10  31   3   2   2   2  18   0   0   0   7   2   0   2   4  0.41 0.29
   50 D     0   0   3   5  -4   0   1  -1   0  -3  -2   0   0  -4  -3  -1  -1  -4  -1  -2    6   5  14  33   0   3   6   5   2   0   5   5   3   0   0   4   3   0   2   2  0.43 0.28
   51 V     0  -4  -4  -4  -3  -4  -4  -1  -4   1  -1  -4   1  -3  -4  -1   0  -4  -3   6    8   0   0   0   0   0   0   4   0   6   5   0   4   0   0   5   5   0   0  60  0.85 0.45
   52 T     0   0  -1  -3   2   0  -1  -3   2   2   1   0   2  -2   0  -1   1  -3  -2   0    6   4   3   0   6   4   4   0   6  16  15   5   5   0   4   4  10   0   0   6  0.13 0.18
   53 L     0   0   1   1   1   0   2  -1  -2  -1   0   0  -2   0  -1   0   0  -3   0   0    9   4   6   7   3   3  18   3   0   3   8   5   0   4   3   5   6   0   3   6  0.06 0.12
   54 K    -2   1  -1  -1  -4   1   0   0   4  -2   0   3   2   0  -3  -2  -1   2   0  -2    2   5   2   2   0   6   5   9  11   2  10  24   6   3   0   0   3   3   2   2  0.27 0.28
   55 K    -1   1   0   0  -4   1   2  -1   2  -4  -2   4   1  -4  -3  -1  -1  -4  -4  -2    5   6   4   4   0   5  12   4   4   0   4  32   3   0   0   4   4   0   0   4  0.38 0.34
   56 Q     0   0   0   0  -3   1   0  -3   2   0  -1   0   1   1   0   0   0   3   1   0    6   6   5   6   0   5   6   0   5   6   6   6   5   5   6   6   6   5   5   6  0.08 0.12
   57 C     0   0   0  -3   2  -2  -2   0   2   0   0  -2   1   1   1   0   0   4   1   0    6   6   6   0   6   0   0   6   6   6   6   0   6   6   6   6   6   6   6   6  0.11 0.15
   58 V    -1  -1  -3  -3   2  -3  -2  -1  -3   3   1  -3   1   0  -3  -1   0  -3  -2   3    4   3   0   0   5   0   3   4   0  26  11   0   3   3   0   4   4   0   0  26  0.32 0.24
   59 P     0   0   0  -1  -3   0  -1   0   1  -2  -2  -1  -3  -4   5   0  -1   1  -3  -2    8   6   4   3   0   5   3   7   3   3   3   3   0   0  37   6   3   2   0   3  0.59 0.31
   60 F    -1  -1  -3  -3   1  -2  -1   0   0   0   0  -2   0   4  -3   0  -2   4   3   0    5   3   0   1   4   0   3   9   2   4  10   1   3  23   0   8   1   5  11   5  0.28 0.21
   61 R    -1   4  -2  -3   2  -1  -1  -2   2  -1  -2   3  -1  -1  -1  -1   1   1  -1   0    3  27   0   1   4   2   2   2   5   2   3  17   2   2   2   2   9   2   2   9  0.34 0.27
   62 R    -3   6  -1  -4   1   0  -3  -2   1  -2  -3   2  -4  -2  -2  -1  -2   0  -1  -1    0  47   2   0   4   4   0   2   4   2   2  12   0   2   2   4   2   2   2   5  0.79 0.49
   63 Y    -2  -1  -1  -2   1  -4  -4  -5   5  -4  -2  -4  -3   6  -5  -2  -1   4   5  -4    3   3   3   3   3   0   0   0  14   0   3   0   0  31   0   3   4   5  23   0  1.05 0.54
   64 N    -1   0   4  -1   5  -2  -3  -1   2  -1  -2   1   0  -3  -4   0   1   2   0  -1    4   6  21   3  11   0   0   4   4   3   4   9   3   0   0   5  10   3   4   4  0.34 0.31
   65 G    -1   1   0   0   1   0  -1   3   3  -2  -2   1   1  -1  -3   0  -1   2   0  -3    3   9   4   5   3   3   4  21   8   3   3  10   5   3   0   5   3   3   3   0  0.21 0.21
   66 G    -1  -1  -1   1   3   1   0   4  -1  -3  -3   1  -1  -2  -3   0  -1   3  -3  -2    4   3   3   7   7   8   4  32   2   1   2   8   1   2   1   5   3   4   0   3  0.38 0.28
   67 V     1   0   0  -1   1   0   0   0  -3   1   0  -1   1  -1   0   0   0  -3  -2   3   10   5   4   2   3   4   6   8   0   7   6   2   3   2   4   5   4   0   0  24  0.10 0.14
   68 G     0   0  -1  -1   1  -1  -2   3   0  -3  -1   0   1   0   0  -1  -1   2   1   0    7   6   3   2   3   3   3  28   2   1   5   6   5   4   4   4   3   2   5   6  0.21 0.19
   69 R    -1   4  -1  -1   3   0  -1  -1   4  -4  -2   0   1   0  -1  -1  -1   3   1  -1    6  22   3   3   6   3   4   5  10   0   4   4   4   3   4   4   4   4   4   4  0.29 0.27
   70 C     0   0   0   0   2   0  -1   0   2   0  -1   0   1  -2   1   0   0  -3   1   0    6   6   6   6   6   6   0   6   6   6   6   6   6   0   6   6   6   0   6   6  0.05 0.10
   71 A     0   1   1   1   2   1   0   0   2  -2  -1   0  -1  -3   1   0   0  -3  -2  -1    7   7   7   7   6   7   7   7   6   0   7   7   0   0   7   7   7   0   0   7  0.10 0.10
   72 Q     0   0   0   0  -2   1   0   0   1   0  -1   0   1  -2   1   0   0  -2   1   0    6   6   5   6   0   5   6   6   5   6   6   6   5   0   6   6   6   0   5   6  0.02 0.08
   73 A     0   0   0   0   1   0   0   0   2  -1   0   1   0  -1   1   0   0  -3  -2   0   10   5   5   5   3   4   3   5   6   4   8  12   3   3   8   4   5   0   0   6  0.06 0.09
   74 K    -1   0   0   0  -3   0   0  -1   1   0  -1   0   1   0   0   0   0   3   1   0    5   5   5   5   0   5   5   5   5   5   5   5   5   5   5   5   5   5   5   5  0.06 0.08
   75 Q     1   1   1  -1  -3   2   0   1   1  -1  -1   1   1  -3  -1   0   0  -4  -1  -2   11   9   6   2   0   9   7  12   3   4   6   8   3   0   3   5   5   0   2   3  0.12 0.14
   76 W     0   0  -1  -1   1   0  -1  -1   3  -1  -1  -1   0   2   1   0  -1   5   0  -1    7   6   2   3   3   3   3   4   9   4   6   4   2  10   7   7   3   9   3   4  0.21 0.18
   77 G     0   0   1   0   2  -1   0   0   2   0  -1   0  -1   1   1   0   0  -2   1  -2    6   6   6   6   6   0   6   6   6   6   6   6   0   6   6   6   6   0   6   0  0.05 0.09
   78 W    -1  -1   0  -2   0  -1  -1   1   1   1  -2  -2   3  -1  -1  -1   0   6   0   1    6   3   5   2   2   2   3  13   3   7   3   2   9   2   3   3   5  11   3   9  0.21 0.24
   79 T     0  -1   0   0   2   0  -1   0   1  -1  -1   0   0  -3   1   0   2  -4   0  -1    7   4   5   5   5   3   3   9   3   4   4   5   3   0   8   7  16   0   3   3  0.12 0.15
   80 Q     1   0   0  -1   1   3  -1  -1   1   0  -2   1   0   0   1   0   0  -3   0  -1   10   6   4   3   3  15   3   4   3   5   4   8   3   3   6   8   4   0   4   4  0.11 0.16
   81 G    -1   0   0   0   2   0  -1   3   2  -1  -1  -2   1  -3   0  -1  -1  -4  -3   1    5   7   4   5   4   4   4  22   6   4   5   1   4   0   4   5   4   0   0  12  0.17 0.18
   82 R    -1   0  -2   0   2   0   0  -1   2   0  -1   0   1   0   0   0   0   3   1   0    5   5   0   5   5   5   5   5   5   5   5   5   5   5   5   5   5   5   5   5  0.06 0.10
   83 W     0   0   0  -2   2   0  -2   0   2  -2  -1   0   1   1   1   0   0   4   1   0    6   6   6   0   6   6   0   6   6   0   6   6   6   6   6   6   6   6   6   6  0.10 0.16
   84 P     0   0   0   0  -2   0  -1   0   2   0   0   0   1   1   1   0   0  -2   1   0    6   6   6   6   0   6   0   6   6   6   6   6   6   6   6   6   6   0   6   6  0.04 0.08
   85 K    -2   0  -1  -1  -3   1   1  -3  -3   1  -1   3   0  -1   0  -1   0   3  -1   2    2   5   2   2   0   7  11   0   0   8   3  19   2   3   4   3   7   4   2  16  0.20 0.24
   86 K    -1   1   1   0  -3   0   0  -1   1  -1  -2   3   1  -3   0   0   0  -4  -3   0    4   5   6   6   0   4   5   4   4   4   4  25   4   0   5   8   7   0   0   6  0.18 0.20
   87 S     1   0   0   0   2   0   0  -1  -2   0  -1  -1   2   0   0   1   0  -3   1   0   14   6   4   5   5   4   6   4   0   5   4   0   7   3   5  11   7   0   6   5  0.07 0.13
   88 A     0   0  -1   1   2  -1   0   0  -2   0   0   0  -1  -2   1   0   0  -3  -2   0    8   8   0   8   7   0   8   8   0   8   8   8   0   0   8   8   8   0   0   8  0.07 0.08
   89 E     0   0   0   0  -2   1   0   0   1   0   0   0   1   0   1   0   0  -3  -1   0    6   6   6   6   0   6   6   6   6   6   6   6   6   6   6   6   6   0   0   6  0.04 0.07
   90 F     0   0  -1  -2   3  -1   1  -3   3  -1  -2  -2   1   5  -7  -2  -2   0   2  -1    9   4   3   3   5   3   9   2   6   4   5   3   4  21   0   4   3   1   5   4  0.45 0.26
   91 L    -3  -1  -7  -7   1  -7  -7  -7   1   5   2  -7   2   2  -2  -2  -2  -7   1   2    3   4   0   0   3   0   0   0   4  27  19   0   4   9   3   3   3   0   4  13  0.83 0.39
   92 L    -1  -1  -1  -2   2  -1  -2  -2   0   1   3   1   1  -1  -1  -2  -2   2  -1  -2    6   3   3   3   4   3   3   3   3   7  28  10   3   3   4   3   3   3   3   3  0.27 0.20
   93 H    -1   0   0   0   2   0   0  -1   2   0  -1   0   2   1   0  -1   0   4   1  -1    5   5   5   5   5   5   5   5   5   5   5   5   5   5   5   5   5   5   5   5  0.09 0.08
   94 M     0   0   0   0   2   1   0  -3  -2   0   0   0   1   0   1   0   0   3  -2   0    6   6   6   6   6   6   6   0   0   6   6   6   6   6   6   6   6   6   0   6  0.08 0.12
   95 L    -1   0  -1   0   2   1   0   0   2   0   0   0   1   1  -2   0   0  -3  -1   0    0   7   0   7   6   7   7   7   6   7   7   7   6   6   0   7   7   0   0   7  0.05 0.11
   96 K     0   0   0   0   2   1   0   0   2   0  -1   0  -1   0  -2   0   0  -2   1   0    6   6   6   6   6   6   6   6   6   6   6   6   0   6   0   6   6   0   6   6  0.03 0.07
   97 N     1   0   5  -1  -1  -1  -1  -1  -1  -3  -2   0   0  -4  -1   1  -1   0  -2  -2   12   5  33   2   1   2   3   3   1   2   5   4   3   0   3  12   3   1   2   2  0.43 0.37
   98 A     3  -2  -3  -1   1   0   0  -1  -3   0   0  -1   1   0  -3   0   0  -3   0   1   31   0   0   4   4   5   5   4   0   4   8   4   4   4   0   4   5   0   4  11  0.17 0.22
   99 E    -1   1   0   0  -3   2   2   0   1  -1  -1   1   0   0  -2   0   0  -3   0  -1    4   6   4   3   0   9  17   8   3   4   4   7   3   4   0   7   7   0   3   4  0.09 0.14
  100 S     0   0   1  -2   2   1   0   0   2   0  -2   0   1   1  -3   0   0   4  -1   0    6   6   6   0   6   6   6   6   6   6   1   6   6   6   0   6   6   6   0   6  0.10 0.15
  101 N     0   0   0   0   2   0   0   0   1   0  -1   0   1   0  -2   0   0  -2   1   0    6   6   5   6   5   5   6   6   5   6   6   6   5   5   0   6   6   0   5   6  0.03 0.07
  102 A     4  -1  -1  -1   3   0   0  -1  -3  -1  -2   0   1  -1  -1   0  -1   2  -1  -1   35   3   3   3   6   3   5   3   0   3   3   6   4   2   3   6   3   3   2   3  0.29 0.30
  103 E     0   0   0   0   2   1   0   0   1   0  -1   0   1  -2   1   0   0  -3   1   0    6   6   5   6   5   5   6   6   5   6   6   6   5   0   6   6   6   0   5   6  0.04 0.08
  104 L     0   0   0   0   2   1   0  -3   2   0  -1   0   1   0   0   0   0  -2   1   0    6   6   5   6   5   5   6   0   5   6   6   6   5   5   6   6   6   0   5   6  0.05 0.09
  105 K    -1   0   0   0  -3   0   0  -1   1   0  -1   0   1   0   0   0   0   3   1   0    5   5   5   5   0   5   5   5   5   5   5   5   5   5   5   5   5   5   5   5  0.06 0.08
  106 G    -1  -1   0  -1   2   0   0   4   2  -4  -2  -1   1  -1  -1  -1   0  -5  -4  -2    3   3   5   3   4   3   6  35   4   0   4   4   4   3   4   4   6   0   0   3  0.38 0.31
  107 L    -1  -2  -2  -3  -4  -4  -2  -2  -4   0   4   0   2   0   0  -2  -3  -4  -1  -1    4   2   2   2   0   0   2   3   0   3  53   7   5   3   4   3   0   0   2   2  0.55 0.43
  108 D    -1  -3   2   4  -4   0   1   0   1  -2  -2  -1  -3  -1  -3   1  -1  -4  -1  -2    3   0  11  30   0   4   9   8   3   2   3   3   0   3   0  10   4   0   3   4  0.40 0.32
  109 V     1  -1  -1  -1   2  -1   0  -1  -2   0   0   0   0  -2   0   0   2  -3  -1   1   10   3   2   3   5   3   6   4   0   6   9   7   2   0   4   4  17   0   2  14  0.09 0.14
  110 D    -1  -1   2   3   0   0   3   0   0  -3  -2   0   0  -3  -1   1   0   1  -1  -2    4   3   9  16   3   2  19   6   2   0   5   4   2   0   3  10   4   2   2   2  0.24 0.22
  111 S     0   0   2   1   0   0   1  -1   1  -2  -1   1  -2  -1   1   1   0  -3   0  -2    6   6  11   9   3   3   7   3   4   2   5   8   0   2   7  14   4   0   5   2  0.13 0.15
  112 L     0   0  -2  -3   3   1  -2  -3  -2   1   0  -2   2   1   1  -1   0   4   2   0    8   8   0   0   7   7   0   1   0   8   8   0   7   7   8   1   8   7   7   8  0.17 0.16
  113 V    -1   0  -1  -2   2  -1  -1   0   1   1  -1   0   0   0  -3  -1   0   1   2   2    3   6   4   2   5   2   2   8   3  11   3   5   3   3   0   2   4   2  11  22  0.11 0.15
  114 I     0  -2   1  -2   3  -1   0  -2   2   1   0  -2   2   1   1  -1   0  -2  -1   0    8   0   8   0   8   0   8   1   8   8   8   0   8   8   8   1   8   0   0   8  0.10 0.13
  115 E    -1   1  -1  -1   1   1   3  -2   2  -1  -2   0   1  -1  -4   1   0   2   0  -1    3   7   3   3   3   5  24   3   5   3   3   5   5   3   0   9   6   3   3   5  0.21 0.20
  116 H    -3  -2   0  -2  -5   2  -1  -2   9  -5  -3  -1  -1  -1  -2  -1  -2  -5   1  -1    2   2   3   2   0   8   4   3  47   0   3   4   2   3   2   4   2   0   4   5  1.25 0.62
  117 I     1  -1  -2  -4   1  -4  -4  -3  -4   5   0  -4   1  -1   0  -1  -1   1   0   2   14   3   2   0   2   0   0   2   0  34   5   0   4   2   4   6   3   2   3  13  0.45 0.33
  118 Q    -1   0   0  -2   2   0   0  -1   2   0  -1   0   1   1   0   0   0   3   1   0    5   5   5   0   5   5   5   5   5   5   5   5   5   5   5   5   5   5   5   5  0.07 0.11
  119 V     0   0  -2  -2   2   1   0   0   2   0   0   0   1   0   1   0   0  -3  -1   0    6   6   0   0   6   6   6   6   6   6   6   6   6   6   6   6   6   0   0   6  0.05 0.10
  120 N    -1   0   4   0   1   1  -2  -1   2  -1  -1   0   0  -3   0   1   0  -4   0  -3    4   3  24   5   3   7   0   4   7   3   7   5   3   0   5  10   5   0   4   0  0.24 0.25
  121 K    -1   2  -1  -2  -1   3  -1  -1  -2  -1  -2   3   2  -2  -1   0  -1   1  -1  -2    3  12   2   2   2  15   3   4   0   4   4  23   6   2   2   6   2   2   2   2  0.28 0.30
  122 A     4  -3  -1  -1  -3   0  -3   3   1  -2  -3  -2  -3  -4  -1   0  -1  -4  -4  -1   36   0   3   4   0   5   0  22   4   2   2   2   0   0   4   5   3   0   0   4  0.48 0.37
  123 P    -1   0   0   0   2   0  -1  -1   2   0  -1   0   2   0   0  -1   0   3   1  -1    5   5   5   5   5   5   5   5   5   5   5   5   5   5   5   5   5   5   5   5  0.03 0.09
  124 K     0   0   0  -2   2   0   0  -1   1   0  -1   0   1   0   0   0   0  -2   1   0    5   5   5   0   5   5   5   5   5   5   5   5   5   5   5   5   5   0   5   5  0.01 0.09
  125 M    -1   0   0  -2   2   0   0  -1   1   0  -1   0   1   0   0   0   0   3   1   0    5   5   5   0   5   5   5   5   5   5   5   5   5   5   5   5   5   5   5   5  0.03 0.11
  126 R    -1   4  -1  -2   1   0  -1  -3   2  -2  -2   0   1   0   0  -1  -2   6   0  -2    5  20   3   3   3   4   4   3   4   3   4   6   4   4   5   4   3   9   4   3  0.34 0.31
  127 R    -2   5  -1  -2   2  -1  -4   0   5  -5  -1  -1  -5  -5  -1  -1  -2   1  -1  -5    4  36   3   3   4   2   0   7  11   0   6   3   0   0   4   5   2   2   2   0  0.72 0.55
  128 R    -2   5  -2  -4  -1   0  -2  -3   1   0  -2  -1   1   0  -2  -1  -2   2   4  -2    3  27   2   1   2   4   2   3   3   5   4   3   3   4   3   4   3   2  15   3  0.45 0.39
  129 T    -1   0  -1  -3  -3   0  -2  -1  -3   1  -1   0   3   0  -2  -1   4  -4  -1  -1    5   6   2   1   0   4   2   6   0   7   6   5   7   4   2   3  28   0   2   4  0.26 0.30
  130 Y    -2   0  -2  -2   0   0  -1  -4   1  -3  -2  -2  -1   1   4  -1  -3  -3   6  -4    3   5   2   3   2   3   4   1   4   2   5   2   2   5  20   5   2   0  25   1  0.60 0.46
  131 R    -1   5  -2  -4  -1   0  -3  -2  -1  -1  -3   2   1  -1   0  -2  -1   1   0  -3    4  35   2   1   1   4   1   4   2   3   2  11   4   3   4   3   5   2   3   2  0.50 0.41
  132 A     4   0  -2  -4  -3  -2  -2   1   2  -1  -2  -1  -1  -2  -1   0  -1  -4  -3  -1   38   5   1   1   0   2   2  10   5   4   4   4   2   1   3   6   3   0   0   4  0.36 0.35
  133 H    -1   0   0   0   2   0  -2  -1   2   0  -1   0   1   0   0   0   0   3   1   0    5   5   5   5   5   5   0   5   5   5   5   5   5   5   5   5   5   5   5   5  0.06 0.11
  134 G    -1   1  -1  -2   0  -1  -2   4   0   1  -1   0  -3  -1  -1   0  -1   3  -1  -1    4   7   2   2   2   3   3  31   2   8   6   4   0   2   4   5   3   4   2   4  0.28 0.26
  135 R    -1   4  -1  -4   0  -1  -1   0   2  -1  -2   0   0   0  -1   0  -1   4  -3  -2    4  25   3   0   2   3   4   9   6   3   3   6   3   4   4   7   3   7   0   3  0.32 0.32
  136 I     0   2  -2  -3  -3   0  -3   0   1   3   0  -1   2   1  -2  -1   0   2  -1   0    7  12   2   0   0   4   1   7   3  20   9   3   5   5   2   4   6   3   2   5  0.16 0.19
  137 N    -1   3   5  -1  -1  -1  -3  -1   2  -1  -2   1   0  -2  -4   0   0  -4  -1  -2    4  15  27   3   1   3   0   5   4   3   4   8   2   2   0   7   7   0   2   2  0.41 0.35
  138 P    -2   3   1  -1  -1  -1  -4   2  -2  -3  -2  -2  -1  -5   5  -1  -1  -5  -2  -3    3  17   6   3   1   3   0  17   1   2   4   2   1   0  28   4   3   0   1   2  0.63 0.45
  139 Y    -2   3  -2  -5  -1   0  -4  -2   2  -1  -3   0  -1   1  -3  -1  -1   3   6  -2    2  17   1   0   2   3   0   3   4   4   2   5   2   4   2   5   5   4  31   3  0.69 0.49
  140 M    -1   1   1  -1   1   0   0  -1   0   0  -1   1   5   0  -3   0   0  -4  -1   0    5   8   8   3   3   4   6   5   2   5   4   9  18   4   0   5   4   0   2   6  0.17 0.22
  141 S     0   2  -1  -2  -1  -1   0  -2   0  -2  -2   1   3  -2  -2   3   1  -4  -1  -2    7   9   2   1   2   2   5   3   3   3   3  10   8   2   2  26  10   0   2   2  0.27 0.31
  142 S    -1   0  -1  -2  -2   1   1  -4   2  -3  -3   4  -4  -3  -1   3  -1  -5  -2  -2    5   4   2   2   1   7   8   0   6   1   2  28   0   1   3  23   3   0   1   2  0.53 0.45
  143 P    -2   3   0  -4  -5  -2  -2  -5  -2  -2   1  -2  -2  -2   5   0   2  -5  -2  -2    3  17   4   0   0   1   2   0   1   2  13   1   1   1  27   8  13   0   1   3  0.60 0.47
  144 C     1  -3  -4  -5   7  -5  -5  -2  -5  -1  -4  -5  -2  -3  -1   0   4  -5  -3   1   13   2   0   0  24   0   0   2   0   4   0   0   1   1   3   7  29   0   1  12  0.97 0.61
  145 H    -4   0   2  -3  -6  -4  -3  -6  10  -6  -4  -3  -2  -1  -2  -3  -1   0  -2  -3    1   5  10   1   0   0   1   0  61   0   2   2   1   2   2   2   4   1   1   2  2.04 0.97
  146 I     0  -2  -2  -3   3   1  -2  -2  -2   1   0  -2   2   1   1   0   1   4  -1   0    8   0   0   0   8   8   0   1   0   8   8   0   8   8   8   8   8   8   0   8  0.18 0.15
  147 E    -2   1   0   2  -3   1   4  -3  -1  -1  -1   1  -2   0   0   0  -2  -3  -2  -2    0   6   5  10   0   7  35   0   0   5   7   7   0   5   5   7   0   0   0   0  0.33 0.21
  148 M     0  -1  -2  -3  -2  -1  -1  -3   0   2   2  -2   3   0  -1  -2   0  -2   1   2    6   3   0   1   0   3   3   1   3  18  18   1  13   3   3   1   4   0   5  13  0.18 0.15
  149 I    -1  -2  -2  -1  -1  -2  -1  -3  -1   4   0  -1   0  -1  -3  -1   0   2  -1   3    4   2   2   4   1   2   4   2   1  31   5   5   2   2   0   3   7   3   2  21  0.27 0.22
  150 L     0  -2  -3  -3   1  -1  -2  -1  -1   1   3  -3   1   0   0  -2   0  -3  -2   2    9   2   0   0   3   2   3   5   2   5  39   0   2   5   4   0   7   0   0  14  0.26 0.22
  151 T     1  -1  -1  -2  -1   0   1  -1  -3  -2  -2   1  -1  -1  -2   2   3   0  -1  -1   11   2   2   0   1   4  12   3   0   2   2   8   2   3   1  18  22   1   1   4  0.25 0.24
  152 E    -2   0  -1  -2  -5   1   6  -3  -1  -3  -3   1  -4  -5  -1  -2  -2  -5  -4  -3    2   5   2   0   0   4  62   2   1   1   3   8   0   0   2   1   2   0   0   2  1.08 0.59
  153 K    -1   2   0  -2  -4  -1   0  -3  -1  -1  -2   5   1  -2   1  -1  -2  -4  -2   0    5   9   4   2   0   2   5   2   1   4   3  39   5   1   6   3   2   0   1   7  0.43 0.33
  154 E     0  -2  -1   0  -5   1   5  -2  -1  -5  -4   2  -4  -5  -2   0   0  -5  -2  -3    7   1   2   5   0   5  44   2   1   0   1  14   0   0   2   7   6   0   1   1  0.68 0.44
  155 Q     0   0  -2   0  -4   4   4  -3  -1  -2  -3   1   0  -4  -2   0   0  -1  -4   0    9   5   1   4   0  19  25   1   1   2   2   9   2   0   2   5   4   1   0   6  0.40 0.32
  156 I     0  -1   0  -1  -3   0   1  -1  -1   2   0   1   0  -2   1   0   1  -3  -2   0    6   2   5   2   0   3  11   4   1  16   6  12   1   1   7   4   9   0   1   8  0.09 0.13
  157 V    -1  -3  -4  -2  -2  -2  -2  -3  -2   1  -1   1  -1  -2  -3  -2  -1  -5  -3   6    5   1   0   3   1   1   3   2   1   6   5   8   1   2   1   2   2   0   0  56  0.72 0.45
  158 P     0  -2  -3  -2  -5   0   1  -1  -4  -3  -4   3  -4  -5   6   0  -1  -5  -4  -3    6   2   0   2   0   4   9   5   0   2   2  17   0   0  41   5   3   0   0   1  0.90 0.48
  159 K    -1   2  -2  -1  -6   0   0  -4  -4  -5  -4   7  -2  -6  -2  -2  -2  -6  -5  -3    4   8   1   2   0   2   4   1   0   0   1  67   1   0   2   2   2   0   0   1  1.32 0.68
  160 P     2  -2  -2  -2  -4   0   0  -2  -3  -2  -3   2  -3  -5   5   0   0  -5  -4  -1   16   1   2   2   0   4   5   3   0   3   1  14   0   0  33   8   5   0   0   4  0.64 0.38
  161 E    -1   0  -1   0  -5   0   5  -1  -3  -4  -4   3  -3  -5  -1   0   0  -5  -2  -2    6   3   2   5   0   1  37   3   0   0   1  23   1   0   2   5   6   0   1   4  0.58 0.40
  162 E     0  -2  -2   2  -4   0   5  -3  -1  -4  -4   2  -3  -5  -1   1   0  -5  -1  -3    9   1   1  11   0   3  39   1   1   0   1  12   0   0   2   9   6   0   2   2  0.57 0.39
  163 E    -1  -1   0   1  -4   2   4  -1  -2  -2  -3   3  -2  -4  -1   0   0  -1  -4  -1    4   2   3   9   0   7  29   4   1   2   1  20   1   0   2   4   6   1   0   4  0.42 0.31
  164 V     0   0  -1   0  -3   0   1  -2  -1   0   0   2  -1  -2   1  -1  -1  -2  -2   2   10   4   2   5   0   3   8   2   1   3   8  14   1   1   8   3   3   0   1  25  0.14 0.18
  165 A     3  -1  -1  -2  -3  -1   1  -1  -1  -2  -2   2  -1  -4   1   0   1  -4  -3   0   33   2   3   1   0   1   8   4   2   1   3  13   1   0   8   5   9   0   0   7  0.30 0.28
  166 Q     1   0   0  -1  -4   4   1  -3  -1  -3  -3   3  -2  -4   1   0   0  -4  -2  -1   10   4   4   2   0  25   8   1   1   1   1  17   1   0   7   6   4   0   1   5  0.41 0.33
  167 K     0   1  -1  -2  -4   0   1  -2  -3  -3  -2   5  -2  -5   1   0   0  -5  -4  -1    7   6   2   1   0   3   7   2   0   1   3  44   0   0   7   7   5   0   0   5  0.57 0.40
  168 K    -1   1  -2  -2  -5   0   1  -3   0  -3  -2   6  -2  -5   0  -1   0  -5  -4  -3    5   5   1   2   0   3   8   1   2   1   4  54   1   0   4   4   5   0   0   2  0.79 0.48
  169 K    -2   3   1  -2  -5   0  -1  -3   1  -3  -4   6  -2  -5  -1  -2   0  -5  -4  -2    2  14   5   1   0   4   3   1   3   1   1  51   1   0   3   2   6   0   0   2  0.86 0.50
  170 I     0  -1  -2  -1  -2   0   1  -3  -1   2   2   0   1  -1  -2  -1   0  -3  -2   1    7   3   1   3   0   3   9   1   1  17  21   8   3   2   2   5   4   0   1   9  0.11 0.14
  171 S     1  -1   2  -1  -4  -1   0  -2  -3  -3  -3   2  -3  -3   0   4   2  -5  -4  -2   12   3   9   2   0   2   5   1   0   1   1  13   0   1   4  33  11   0   0   2  0.43 0.36
  172 Q    -1   3  -1  -2  -5   4   1  -3   0  -4  -3   3  -3  -5   1   0  -1  -1  -2  -3    4  16   3   1   0  24   6   1   2   1   2  23   0   0   6   7   3   1   1   2  0.57 0.39
  173 K    -1   4   0  -1  -5   1   1  -4  -2  -4  -5   5  -4  -3  -4  -1  -1  -6  -4  -2    4  19   3   3   0   5   8   1   1   0   0  47   0   1   0   3   3   0   0   2  0.89 0.51
  174 K     0   0  -2  -2  -5   4   1  -2  -2  -5  -3   5  -2  -5  -1   0  -2  -5  -4  -2    8   3   1   2   0  19   7   2   1   0   3  44   1   0   3   5   1   0   0   3  0.74 0.47
  175 L     1  -2  -2  -3  -3   0  -1  -4  -2   1   3   0   2  -1   0  -1  -1  -3  -2   1   12   1   1   1   0   4   4   0   1   8  31   8   6   1   5   3   2   0   1  12  0.22 0.21
  176 K     3   2   0  -2  -4   0  -1  -3  -3  -4  -5   5  -4  -5  -4  -1   0  -5  -4  -2   27   9   4   1   0   3   3   1   0   0   0  42   0   0   0   2   5   0   0   3  0.77 0.48
  177 K    -2   3  -1  -1  -2   2   1  -3  -1  -3  -3   5   0  -5   0  -2  -1  -5  -4  -4    3  18   2   2   1   9   9   1   1   1   3  39   2   0   5   1   4   0   0   0  0.68 0.42
  178 Q    -2   1   0  -1  -3   5   2  -2  -2  -4  -1   3  -1  -5  -2   0  -1  -5  -4  -2    3   6   3   2   1  30  14   2   0   0   7  18   1   0   1   5   4   0   0   3  0.51 0.37
  179 K    -2   5  -1  -4  -6   1   0  -3  -1  -6  -4   6  -4  -6  -4  -2  -3  -6  -5  -5    2  29   2   0   0   6   6   1   1   0   1  50   0   0   0   1   0   0   0   0  1.21 0.59
  180 L     0  -1  -4  -4  -1  -2  -1  -4  -4   2   3  -1   2   0   0  -2   0  -3  -3   1    6   3   0   0   1   1   3   0   0  10  43   5   7   3   4   1   7   0   0   7  0.35 0.25
  181 M     0   0  -3  -2  -3  -2   1  -3  -3   1   0   1   5  -1  -2  -1   0   0  -3   1   10   6   0   1   0   0   9   0   0  10   7   8  24   1   1   3   4   2   0  11  0.26 0.24
  182 A     5  -3  -1  -3  -3   1  -2  -2  -3  -2  -3  -3   0  -4   0   0   0  -5  -4  -1   66   0   2   0   0   7   2   0   0   2   0   0   3   0   4   5   6   0   0   2  0.82 0.45
  183 R    -3   5  -2  -3  -5   2  -1  -3  -2  -4  -2   4  -3  -4  -1  -2   0   5  -3  -4    0  40   0   0   0  12   0   1   0   0   4  28   0   0   3   0   5   8   0   0  0.83 0.35
  184 E    -2  -2  -1   3  -5   2   6  -4  -2  -5  -5  -1  -4  -5  -3  -2  -2  -5  -4  -4    0   0   0  13   0   5  82   0   0   0   0   0   0   0   0   0   0   0   0   0  1.30 0.36

                      K         Lambda
Standard Ungapped    0.1301     0.3168
Standard Gapped      0.0306     0.2670
PSI Ungapped         0.1001     0.3172
PSI Gapped           0.0306     0.2670
