
Last position-specific scoring matrix computed, weighted observed percentages rounded down, information per position, and relative weight of gapless real matches to pseudocounts
            A   R   N   D   C   Q   E   G   H   I   L   K   M   F   P   S   T   W   Y   V   A   R   N   D   C   Q   E   G   H   I   L   K   M   F   P   S   T   W   Y   V
    1 M    -1  -2  -3  -4  -1  -2  -3  -3  -3   3   1  -2   4  -1  -3  -2  -1  -3  -1   3    0   0   0   0   0   0   0   0   0  18   0   0  38   0   0   0   0   0   0  44  0.34 0.03
    2 A     4  -2  -1  -2  -1  -1  -1   0  -2  -2  -2  -1  -1  -3  -1   2   1  -3  -2  -1   78   0   0   0   0   0   0   0   0   0   0   0   0   0   0  11  11   0   0   0  0.46 0.06
    3 A     2  -2   1  -1  -2  -1  -1   3  -2  -2  -2  -1  -2  -3  -2   1   3  -3  -2  -1   27   0   9   0   0   0   0  24   0   0   0   0   0   0   0  10  30   0   0   0  0.34 0.05
    4 G     1   0  -1  -2  -2  -1  -1   5  -2  -3  -3  -1  -3  -3  -2   2   0  -3  -3  -3   12   6   0   0   0   0   5  54   0   0   0   0   0   0   0  18   6   0   0   0  0.59 0.10
    5 A     3  -2   1   0  -2  -1  -1   1  -2  -3  -3  -1  -2  -3   3   2   2  -4  -3  -2   34   0   6   4   0   0   0   7   0   0   0   0   0   0  14  20  16   0   0   0  0.42 0.14
    6 A     3   2   2  -1  -2   0  -1  -1  -2  -2  -1   1  -2  -3  -2   0   1  -3  -3  -2   33  17  12   2   0   4   2   2   0   0   8   6   0   0   0   2  12   0   0   0  0.24 0.13
    7 E    -1  -1  -1   2  -4   3   4  -3  -2  -3  -3  -1   1  -4  -2   0   1  -4  -3  -2    4   0   0   9   0  19  44   0   0   0   0   0   6   0   0   7   9   0   0   2  0.59 0.21
    8 A     1   0   1   1  -2   0   0   1   0  -3  -2   1  -2  -2   2   1   1  -3  -2  -2   20   4   8  10   0   3   2  12   3   0   4   8   0   2   9   9   8   0   0   0  0.18 0.07
    9 G     2  -2  -1  -2  -2   0  -1   4   0  -3  -3   0  -2  -2  -2   1  -1  -3  -2  -1   22   0   0   0   0   3   3  39   2   0   1   5   0   2   0  13   2   0   0   4  0.42 0.15
   10 E     1   0   0   0  -2   0   0   0   0   0  -1   0   1  -2   1   2   0  -3  -2  -1   14   6   3   5   0   3   6   6   2   6   5   4   6   0   7  23   0   0   0   4  0.11 0.08
   11 A     3  -1  -2  -2  -2   1   0   0  -2  -2  -2  -1   1  -3   0   2   2  -3  -3   0   29   3   0   0   0   6   4   5   0   0   1   0   5   0   4  22  12   0   0   5  0.30 0.19
   12 A     2  -2   0  -2  -3   2   1  -2  -2  -1  -2  -1   4  -3   1   2   0  -3  -3  -1   24   0   5   0   0  10  10   0   0   4   0   1  15   0   7  15   5   0   0   3  0.28 0.22
   13 V     1  -4  -3  -3  -4  -3  -4  -3  -4  -2  -1  -2   9  -3  -2   0   1  -4  -4   0   12   0   1   2   0   0   0   1   0   0   3   2  56   0   2   9   7   0   0   5  1.27 0.60
   14 A     2  -2   2  -2  -3  -2  -1  -1  -3  -2  -3  -2  -3  -4   3   3   2  -5  -4  -1   21   1  13   0   0   1   4   3   0   1   1   1   0   0  13  23  12   0   0   5  0.44 0.31
   15 V    -1  -4  -5  -4  -3  -2  -4  -4  -4   3   3  -4   2  -1  -1  -3  -2  -4  -1   4    4   1   0   1   0   2   0   1   0  13  26   1   5   2   3   1   1   0   2  39  0.65 0.36
   16 V    -1  -1  -2  -3   0   1  -2  -3   2   3   0   1   1  -1  -3  -2   1  -4  -1   2    5   2   1   0   2  10   1   1   6  17   7   8   4   2   0   1  10   0   2  20  0.22 0.22
   17 E     0  -1   1   2  -3   3   4  -2   1  -3  -4   0  -3  -5  -1   1   0  -5  -4  -1    6   2   5  12   0  14  27   2   4   1   0   5   0   0   3  10   4   0   0   4  0.43 0.30
   18 V    -1  -4  -6  -6  -2  -5  -5  -5  -6   5   2  -5  -2  -2  -1  -5  -2  -5  -4   4    5   1   0   0   1   0   0   0   0  39  20   0   0   1   3   0   1   0   0  29  0.97 0.49
   19 G     0   0   1   0  -4   1   1  -1  -1  -2  -3   2  -2  -4  -3   2   3  -5  -4  -1    7   4   7   4   0   5   7   5   1   2   2  12   1   0   0  16  25   0   0   4  0.32 0.28
   20 S    -2  -4   2   2  -5  -2  -1  -2  -3  -5  -4  -2  -5  -5  -4   5   3  -6  -4  -5    1   0   9  11   0   1   3   2   0   0   2   2   0   0   0  53  15   0   0   0  0.99 0.61
   21 A     1   0  -1   0  -3   1   3  -2  -2  -1  -1   1  -2  -3   1   0   0   0  -1   0   14   3   3   5   0   4  21   2   0   2   6  12   0   0   8   5   4   1   2   8  0.18 0.19
   22 Q     1   0   0   3  -4   2   3  -1  -2  -4  -4   0  -4  -3  -1   0   0  -5  -4  -3   14   6   3  15   0   9  25   4   0   0   1   5   0   1   3   8   5   0   0   1  0.41 0.30
   23 Q     0  -2  -1   3  -6   5   4  -4   3  -6  -5  -1  -3  -6  -4  -1  -2  -6  -4  -5    7   1   2  15   0  27  32   0   7   0   1   2   0   0   0   4   1   0   0   0  0.94 0.54
   24 F    -3  -6  -4  -5  -1  -6  -6  -5  -3  -1   3  -6  -2   7  -6  -5  -5   3   2   0    2   0   1   1   1   0   0   1   0   2  31   0   1  46   0   0   0   3   7   5  1.29 0.59
   25 E    -1   0   3   2  -4   2   3  -2   0  -4  -3   2  -2  -3  -3   0   0  -5  -3  -3    6   5  13  13   0  10  19   2   2   1   1  11   1   1   0   7   7   0   1   1  0.39 0.28
   26 E     1   0   1   2  -4   3   3  -2   0  -4  -4   2  -3  -5  -3   1   0  -5  -3  -3   13   3   5  10   0  13  18   2   2   0   1  14   0   0   0  11   6   0   1   1  0.41 0.31
   27 L     0  -1  -3  -5  -2  -2  -3  -4  -1   2   4  -2   0   3  -4  -2  -2  -3   1   0   10   4   1   0   0   2   1   0   2  10  38   2   1  14   0   2   2   0   5   6  0.44 0.29
   28 L    -1  -3  -3  -4   2  -3  -3  -4  -3   3   3  -1   0  -1  -4  -1   0  -4  -3   2    4   1   1   0   4   0   1   1   1  21  33   4   1   2   0   6   7   0   0  14  0.46 0.29
   29 R     1   1   1   0  -2   2   0  -1  -1  -3  -2   2  -1  -3  -3   3   1  -4  -3  -2    9   9   7   3   1   8   5   4   1   1   4  13   1   1   0  23   7   0   0   2  0.26 0.22
   30 L     1   0   0   0  -1   1   0   0  -1  -1   0   1  -1  -2  -1   1   0  -3  -2  -1   17   5   5   5   1   6   6   5   1   4  11   9   1   1   2  11   4   0   1   3  0.07 0.08
   31 K     0   1   2   2  -2   0   0  -2   2  -2  -1   0  -2  -3   2   1   0  -4  -2  -2    9   7  12  12   1   4   6   2   5   2   8   6   0   1   9   9   6   0   1   1  0.18 0.15
   32 T     1  -1   0   0  -3  -1   0   1  -1  -1  -1   1  -1  -2   2   2   1  -4  -3  -2   11   2   4   6   0   1   6  10   1   4   7  12   1   1   9  16   7   0   0   1  0.15 0.16
   33 K     0   0   3   2  -4   0  -1   1  -2  -4  -4   2  -3  -3  -1   2   0   0  -2  -3    6   4  15  11   0   3   3  11   0   0   0  15   0   1   3  20   4   2   1   1  0.35 0.27
   34 S     0   2   0  -1  -1   0  -1   0   0  -2  -2   3  -2  -1   0   1   0  -4  -2  -2    8  12   5   2   1   4   1   6   2   1   4  21   0   4   5  14   7   0   1   2  0.20 0.18
   35 L    -1  -2  -3  -4  -1  -3  -4  -2   0   1   4  -2   2   0   2  -3   0  -3  -1   1    4   2   1   0   1   0   0   3   2   6  42   2   4   3   9   1   5   0   2  11  0.41 0.28
   36 L     0  -2  -3  -4   1  -3  -3  -3  -3   2   2  -1   1  -2  -1   1   2  -4  -2   2    9   1   1   0   3   0   0   1   0  10  23   4   4   1   2  10  13   0   1  17  0.28 0.24
   37 V     0  -5  -4  -6   2  -5  -5  -4  -6   2   1  -5  -1  -4  -5  -4  -2  -6  -3   6    9   0   1   0   4   0   0   1   0   9  11   0   1   0   0   0   2   0   1  61  1.16 0.59
   38 V    -1  -5  -6  -6  -1  -5  -6  -6  -6   3   4  -5   1  -1  -6  -4  -2  -5  -4   4    5   0   0   0   1   0   0   0   0  16  36   0   2   3   0   0   2   0   0  34  0.96 0.50
   39 H    -5  -2   2  -3  -6  -3  -4  -3   8  -2   1  -4   0   3  -6  -3  -3  -4   4  -3    0   2  12   1   0   1   0   2  32   2  16   0   2  12   0   1   1   0  14   1  1.05 0.56
   40 F    -5  -7  -7  -8   0  -7  -7  -7  -6   0  -2  -3  -4   9  -8  -7  -6  -4   0  -2    1   0   0   0   2   0   0   0   0   5   2   2   0  84   0   0   0   0   1   3  2.60 1.00
   41 W    -2  -1  -4  -4  -2  -1  -3  -1   4  -4  -4  -3   2   1  -6   0  -1   9   5  -5    3   3   0   1   1   2   2   6  10   1   1   1   5   6   0   7   4  30  17   0  1.26 0.61
   42 A     6  -5  -5  -3  -4  -4  -4  -2  -5  -5  -4  -2  -3  -6  -5   0   2  -6  -5  -2   71   0   0   2   0   0   1   2   0   0   1   2   1   0   0   5  13   0   0   2  1.34 0.73
   43 P     0  -4  -2   3  -5  -2   2  -4  -2  -5  -5  -1  -5  -6   5   2  -1  -6  -5  -4    7   0   1  16   0   1  12   1   1   0   0   4   0   0  33  19   3   0   0   1  0.92 0.54
   44 W    -4  -4  -3  -1  -7  -3  -3  -3  -7  -4  -6  -5  -6   0  -8  -2  -4  12  -3  -7    2   1   2   4   0   1   3   2   0   1   0   1   0   4   0   3   1  74   0   0  3.36 1.24
   45 A     4  -4  -2  -2   4  -4  -1  -3   4  -3  -3  -4  -3  -3  -4   2   0  -5   0  -2   43   0   1   2   8   0   3   1  12   1   1   0   0   1   0  14   4   0   4   3  0.75 0.51
   46 P     1  -3  -2   0  -6   1   4  -1  -2  -5  -5  -2  -5  -6   5  -1  -2  -6  -5  -4   12   1   1   6   0   5  31   4   1   0   0   2   0   0  30   4   2   0   0   1  0.91 0.55
   47 Q     0   0  -2  -4  -6   4   1  -4   0  -4  -4  -1  -2  -1   6  -1  -2  -3  -4  -4    8   5   2   0   0  23   8   1   2   1   1   3   1   3  35   4   1   0   0   1  0.90 0.55
   48 C    -3  -5  -6  -7  11  -7  -5  -4  -1  -6  -5  -3  -6  -7  -7   3  -3  -7  -5  -6    2   1   0   0  71   0   1   1   2   0   1   2   0   0   0  18   1   0   0   0  2.88 1.12
   49 V     1   1  -1  -1  -4   1   0   1  -2  -2  -3   3  -2  -4  -2   0   1  -5  -4   0   14   5   2   3   0   5   6  12   1   1   2  25   0   0   1   6   8   0   0   8  0.28 0.26
   50 Q    -1  -3   0   0  -6   7   0  -2   3  -4  -4  -2  -2   1  -3  -3  -1  -5  -3  -3    6   0   4   5   0  52   3   2   7   1   1   1   1   7   1   1   4   0   0   1  1.10 0.67
   51 M    -2  -6  -4  -7  -5  -5  -6  -6  -6   2   2  -5   8  -1  -6   0  -2  -5   0   2    2   0   1   0   0   0   0   0   0   9  17   0  45   2   0   7   1   0   3  13  1.38 0.72
   52 N    -1   1   5   3  -5   0   0  -2  -1  -4  -3   0  -2  -5  -3   0   0  -6  -5  -1    6   9  34  15   0   3   6   2   1   1   2   5   1   0   1   6   5   0   0   5  0.60 0.41
   53 D     0  -1   0   3  -5   2   3  -2   0  -4  -3   2  -2  -5  -2   0   0  -5  -4  -2   10   2   3  19   0   9  20   2   2   1   3  13   1   0   2   5   6   0   0   2  0.41 0.32
   54 V     0  -5  -3  -6  -2  -1  -4  -3  -5   2   1  -4  -1  -2  -4  -4  -3  -2  -3   6    7   0   2   0   1   3   1   2   0  11  14   1   1   2   0   1   0   1   1  53  0.91 0.53
   55 M    -3  -4  -6  -6  -3  -5  -6  -6  -5   2   4  -5   4   5  -6  -4  -2  -2  -1   2    1   0   0   0   0   0   0   0   0  11  34   0  11  22   0   1   2   0   2  15  0.94 0.50
   56 A     2   1   0   1  -1   1   3  -1  -1  -3  -2   1  -2  -4  -1   1  -1  -4  -4  -2   16   6   4   8   1   6  21   4   1   1   4   9   1   0   2   8   3   0   0   3  0.25 0.23
   57 E     1  -1  -1   2  -5   1   4  -3   0  -1  -3  -1  -4  -4  -3   0   1  -5  -4  -2   14   2   2  10   0   6  34   1   2   4   3   3   0   1   0   6  11   0   0   2  0.50 0.39
   58 L    -3  -5  -6  -7  -5  -4  -4  -7  -3   1   6  -5   1   0  -6  -4  -4  -2  -4   0    2   1   0   0   0   1   1   0   1   6  75   0   3   3   0   1   0   1   0   4  1.39 0.69
   59 A     5  -2  -2  -4   1   1  -2  -2   0  -2  -3   0  -4  -5  -1   2  -1  -5  -4  -2   46   2   2   0   2   5   2   2   3   2   2   7   0   0   3  16   3   0   0   3  0.61 0.44
   60 K     0   1   0   1  -4   1   1  -2  -3  -1  -2   4  -1  -4  -2   1   0  -5  -2  -2    9   6   5   8   0   6   9   2   0   4   3  30   2   0   1   8   5   0   2   2  0.34 0.29
   61 E    -1   1  -2   4  -5   2   4  -3  -3  -3  -2   2  -2  -5  -4  -1  -1  -5  -5  -2    4   6   1  23   0   9  28   1   0   1   5  11   1   0   0   4   3   0   0   3  0.63 0.42
   62 H    -2  -3   2  -2  -1   0  -2  -2   6  -3  -1  -1   0   3  -4  -1  -3   2   5  -3    3   0  10   2   1   4   2   3  18   1   6   4   2  10   0   5   1   2  23   2  0.65 0.40
   63 P     0   0   0  -1   0   0   0  -2  -1  -4  -3   2  -4  -5   5   1   0  -5  -3  -4    9   4   4   2   2   5   7   3   1   1   2  13   0   0  30   9   6   0   1   1  0.57 0.37
   64 H    -1   0   3   1   0   2   0   1   3  -4  -4   1  -2  -2  -1   1   0  -4  -1  -3    3   4  14   7   2  10   4  11   8   0   1   8   1   2   2  12   5   0   2   1  0.27 0.24
   65 V     0  -3  -4  -4  -1  -4  -4  -4  -4   3   1  -2   0  -1  -4  -2   1  -5  -1   4    9   1   1   1   1   0   0   1   0  18  14   2   1   2   1   2  10   0   2  35  0.58 0.38
   66 S     0   1  -1  -1  -3   1   0  -1  -1  -1   0   2   0  -3  -2   1   2  -2  -2   0    8   9   2   2   0   6   6   4   1   4  10  14   2   0   1  11  13   0   1   6  0.12 0.15
   67 F    -3  -6  -5  -7   1  -6  -7  -7  -4   1  -2  -6  -2   8  -7  -5  -4   1   2   0    2   0   1   0   3   0   0   0   0   6   3   0   1  69   0   1   1   1   4   7  1.93 0.82
   68 V     2  -3  -3  -1   1  -2   0   0  -2   0   1  -2   0   0  -3  -1   0  -3   0   2   17   1   0   4   3   1   6   7   0   5  18   1   2   4   0   3   5   0   4  19  0.16 0.19
   69 K    -2   2   0  -2  -2   1  -1  -2   0  -1  -2   3   1   0  -3   2   0   3  -1  -2    2  10   4   2   1   5   3   3   2   4   3  23   3   5   0  18   5   4   2   1  0.28 0.27
   70 L    -1  -5  -5  -6   4  -5  -5  -5  -5   4   1  -5  -2   3  -5  -4  -3  -4  -2   4    5   0   0   0   8   0   0   0   0  24  13   0   0  13   0   1   0   0   1  32  0.88 0.47
   71 E    -2  -3   3   5  -5  -1   4  -3  -2  -4  -4  -2  -3  -5   0  -1  -2  -5  -5  -3    3   1  13  33   0   1  31   1   1   1   2   1   1   0   4   3   1   0   0   2  0.92 0.51
   72 A     5  -2  -2  -2  -2  -3  -4  -3  -1   1  -3  -3   0  -3  -2   0  -1  -5  -4   0   57   2   2   3   0   0   0   1   2  10   1   0   3   1   1   6   3   0   0   7  0.80 0.50
   73 E    -2  -3  -3   2  -3  -2   6  -3  -4  -5   0   0  -4  -3  -1  -1  -1  -5  -5  -5    3   0   1  11   1   0  57   2   0   0   9   4   0   2   3   4   3   0   0   0  1.03 0.59
   74 A     1  -1   1   1  -1   0   3  -1  -1  -2  -2   1  -3  -4  -1   2   0  -4  -4  -2   15   2   5   8   1   3  19   4   1   2   3  10   0   0   3  16   5   0   0   2  0.27 0.25
   75 V     0  -2   1   1   2   0  -2  -3   0   0   2  -2  -1   1  -3  -1  -2  -2  -2   3    6   1   7   9   5   5   1   1   3   3  18   2   0   7   1   5   1   1   1  22  0.18 0.21
   76 P     0   0   0   1  -4  -1   2  -2  -1  -4  -3  -1  -1  -4   5   1  -2  -5  -1  -3    9   6   3   8   0   2  12   2   2   0   2   3   2   0  33   9   2   0   2   1  0.62 0.39
   77 E    -1   0   0   4  -1   0   5  -1  -2  -5  -4  -2  -1  -5  -3   0  -1  -2  -4  -3    5   4   4  20   2   4  39   4   1   0   1   1   2   0   1   6   3   1   0   2  0.72 0.46
   78 V    -2  -3  -5  -5  -4  -4  -4  -3  -5   5   3  -4  -1   0  -2  -3  -2  -5  -4   4    2   2   0   0   0   0   1   3   0  29  23   0   1   3   2   2   2   0   0  29  0.78 0.43
   79 S     2   2  -1  -4   3  -3  -3  -2   0  -2  -2  -3  -2  -2  -2   5   0  -5  -4  -1   14  10   2   0   5   0   0   2   2   3   3   1   1   2   2  42   5   0   0   4  0.58 0.45
   80 E     0  -1   0   0  -3   1   4  -1  -1  -2  -1   1   0  -4  -2   0  -1  -4  -3  -2    8   3   4   5   1   7  31   5   1   3   6   9   2   1   2   7   4   0   1   2  0.32 0.27
   81 K     0   2  -1  -1  -4   1   1   1  -2  -2  -1   3  -1  -3  -1   1  -1  -4  -3  -2    8  11   2   3   0   6   8   9   1   2   7  23   1   1   2  11   3   0   0   2  0.25 0.23
   82 Y    -2  -3  -2  -3   0   0  -2  -5   3  -2   1  -4   1   5  -3  -4  -4   1   6  -2    3   1   2   1   2   4   3   0   7   2  15   1   3  23   1   0   0   1  27   2  0.85 0.49
   83 E    -1  -1   2   1  -4   1   2   2   0  -3  -4   3  -4  -2  -3   0  -2  -5  -4  -4    4   3  11   9   0   7  14  19   2   1   1  18   0   2   1   6   1   0   0   0  0.40 0.31
   84 I    -1  -5  -2  -5  -4  -4  -5  -4  -1   4  -1  -3  -1   0  -1  -2  -1  -5  -4   5    4   0   2   0   0   0   0   1   2  26   5   2   1   4   4   3   3   0   0  43  0.83 0.48
   85 S     1   0   1   0  -2  -1   1  -3   0  -3  -3   0  -2  -4  -1   3   3  -5  -2  -3    9   5   6   6   1   2  11   1   2   1   2   4   1   0   3  27  17   0   2   1  0.39 0.34
   86 S     3  -1   1  -3  -1   0  -1  -1   0  -1  -4  -2   0  -2  -4   3   0  -5  -1   0   29   2   6   1   1   4   4   3   3   4   0   2   2   1   0  25   4   0   2   7  0.38 0.34
   87 V     0  -1   0  -5  -4  -5  -5  -4  -1   0   0  -3   0  -4  -5  -3  -3   4  -4   6    9   3   6   0   0   0   0   1   2   3   7   2   2   0   0   1   1   5   0  58  1.04 0.59
   88 P    -2  -6  -6  -3  -6  -5  -5  -3  -6  -4  -4  -3  -6  -7   8   0  -5   0  -3  -4    4   0   0   2   0   0   0   2   0   1   2   2   0   0  74   7   0   1   1   2  2.19 1.01
   89 T    -1  -4  -4  -4   1  -4  -3  -5   0  -3  -3  -4  -2   1  -2   1   6  -5   3  -1    5   1   0   1   2   0   1   0   2   1   2   1   1   7   2   9  49   0  10   3  1.00 0.63
   90 F    -3  -5  -5  -6   2  -5  -4  -6  -5   2   1  -5  -2   6  -2  -3  -2  -4   1   3    2   0   0   0   4   0   1   0   0  11  10   0   1  37   2   3   3   0   4  20  0.97 0.52
   91 L    -1  -1  -4  -5  -2   0  -2  -4  -5   3   3  -2  -1  -3  -5  -3  -3   0  -3   4    6   4   1   0   1   5   3   1   0  15  24   2   1   1   0   2   1   1   1  30  0.58 0.39
   92 F    -2  -6  -6  -6  -1  -6  -4  -5  -5   2   3  -6  -1   6  -6  -2  -2  -4   0   1    4   0   0   0   1   0   1   1   0  10  30   0   1  34   0   3   3   0   2   9  1.01 0.56
   93 F    -2  -5  -5  -6   2  -2  -4  -6  -1   1   3  -5   0   5  -5  -2  -1   0   3   1    2   0   0   0   4   2   1   0   1   9  25   0   2  22   0   4   3   1  10  11  0.69 0.42
   94 K    -2   4   0  -1  -2   2   0  -3   3  -3  -1   3  -1  -2  -3  -1  -2   0  -3  -1    2  24   3   3   1   8   4   2   6   2   7  20   1   2   1   5   2   2   1   5  0.46 0.36
   95 N    -2  -1   3   2  -1   1  -1   3  -1  -3  -3   1  -1  -3   0  -1  -1  -5  -1  -1    3   3  17  10   2   5   4  22   1   2   2  11   1   1   4   3   3   0   2   4  0.34 0.30
   96 S    -1  -1  -1  -2  -3   0  -1   5   3  -3  -1   1  -2  -5  -3   1  -2  -5  -3  -5    5   3   3   2   1   4   4  38   6   2   7   7   1   0   1  13   2   0   1   0  0.54 0.40
   97 Q     0   1   0  -2  -3   2   1  -3  -2  -1  -3   4  -1  -1  -3   0   1  -1  -1  -1    6   7   3   2   1   8  10   2   1   3   2  26   1   3   1   7  11   1   2   4  0.32 0.30
   98 K    -1   0  -1  -1  -1   0   1  -2  -3   1   1   0   0  -1   0  -1   0  -3  -1   1    5   4   2   2   1   3  13   3   0   8  16   6   2   3   4   4   8   0   3  14  0.08 0.12
   99 V     0  -4  -2  -4   0  -1  -3  -3  -4   2   2  -2   0   0  -2   0   0  -1  -1   3    6   0   2   0   2   2   1   2   0  12  21   3   1   3   2   7   6   1   2  24  0.32 0.27
  100 D    -1   1   1   3  -4   1   2   1   0  -2  -2   0  -2   1  -1   0  -1   1  -2  -4    5   9   6  15   0   5  11  13   2   2   3   6   1   7   3   6   3   2   1   0  0.21 0.21
  101 R     0   5  -1  -3  -1  -1   0   0   0  -2  -3   2   0  -5  -2   0   0  -5  -1  -3    6  35   3   1   2   2   6   6   2   2   3  10   2   0   2   6   6   0   2   2  0.54 0.40
  102 L    -1  -2  -4  -2  -4  -2  -2  -2   0   2   3  -2   0   0   0  -2  -1   0  -1   2    5   2   0   2   0   1   3   3   2  12  28   2   1   4   5   3   3   2   2  17  0.29 0.25
  103 D     0   1   1   3  -1   0   1  -2   1  -1  -2   0  -3  -1  -1   1   1   1  -1  -1    7   7   5  16   2   3  11   2   3   4   3   5   0   3   4  10   8   2   2   4  0.16 0.17
  104 G    -1  -4   0  -1  -5   0  -1   4   0   0  -2  -2  -4  -1  -1   0   1  -5   0  -2    5   0   4   3   0   4   5  36   2   6   4   3   0   3   4   6   7   0   3   3  0.43 0.33
  105 A     3  -1   0  -1   1   0  -1  -1   1   1  -2  -1   1   2   1   0  -1  -5   0   0   21   4   4   3   3   4   4   4   3   7   4   3   3   7   6   7   4   0   3   5  0.15 0.14
  106 H    -1   0   0   0   2   0   0  -1   2   0  -1   0   2   1   0  -1   0   4   1  -1    5   5   5   5   5   5   5   5   5   5   5   5   5   5   5   5   5   5   5   5  0.09 0.08
  107 A     3  -1  -3  -1  -2  -1  -1  -1  -5   0  -2  -2   0  -3   5   0  -1  -6  -5   1   23   4   1   3   1   2   4   4   0   4   4   3   3   1  24   7   4   0   0   9  0.48 0.39
  108 P     2  -2  -1  -3  -5  -1  -3  -1  -3  -3  -3   0  -1  -3   5   2  -1  -6  -5  -1   19   3   2   2   0   3   2   4   1   2   2   7   2   1  28  15   3   0   0   4  0.61 0.47
  109 E     1   1  -1   1  -5   2   4  -3  -1  -3  -2   1  -2  -3  -4   1  -1  -6  -5  -2   14   7   2   8   0   8  25   2   1   1   5   8   1   1   0  10   4   0   0   3  0.42 0.37
  110 L    -2  -2  -4  -6  -3  -3  -3  -5  -6   3   5  -6  -1   2  -3  -3  -3  -5   0   1    4   3   1   0   1   1   2   1   0  14  47   0   1   8   2   3   1   0   3   9  0.83 0.51
  111 T     1   1   0  -3  -1  -1  -1  -3   0  -1  -1  -1  -1  -1  -3   1   3  -5  -2   1   11   9   5   1   1   2   4   2   2   4   6   3   1   3   1  11  21   0   1   9  0.20 0.25
  112 K     1   2   2  -1  -3   2   1  -2  -1  -2  -3   3  -2  -2  -2   2   0  -3  -3  -3   11   9   9   3   0  10   7   3   2   2   2  15   1   2   2  13   5   0   1   2  0.25 0.28
  113 K     2   1  -1  -2  -2   1  -1  -3  -1  -1  -1   4  -1  -2  -2   0   0  -5  -2  -3   16   7   2   2   1   6   3   2   2   3   8  29   2   1   2   6   5   0   2   2  0.37 0.33
  114 V    -1  -5  -3  -4   0  -1  -5  -3  -3   3   2  -2  -1  -2  -1  -1   0  -2   0   4    4   0   1   1   2   3   0   2   1  16  19   3   1   2   3   5   5   0   3  27  0.46 0.33
  115 Q     0   1   0   1  -4   2   2  -2   0  -2  -2   2  -1  -3  -1   1   1  -5  -3  -2    8   9   4   6   0   8  12   3   2   2   4  11   2   1   3  11   7   0   1   2  0.18 0.22
  116 R     0   2   1  -1  -1   2   1  -2   0  -3  -2   2   0  -1  -1   0   0   0  -2  -2    8  12   5   4   1   8   8   3   2   1   3  15   2   3   4   8   5   2   1   2  0.15 0.20
  117 H     0  -1   0  -1   0   1  -1  -2   5  -1   1  -1   1   1  -1  -1  -2   1   2  -2    7   3   4   3   2   6   3   4  14   4  16   3   3   7   3   4   2   2   6   3  0.18 0.20
  118 V     1  -2   1  -1   0   0  -1  -1   0   0   0   0   0   1   0   1   0   0  -1   0   14   1   6   3   2   3   3   5   2   5   8   5   2   6   5  12   6   1   1   6  0.03 0.09
  119 S     1   1   1   0  -4  -1  -1   0   0  -3  -3   1  -4   0  -1   3   1  -4  -3  -2   14   7   6   4   0   2   4   8   2   2   2   8   0   4   3  21   7   0   1   2  0.21 0.25
  120 S     1   0   0  -1  -4   1  -1   0   1  -2  -2   1  -2  -2  -2   3   1  -5  -2  -2   14   6   4   4   0   5   4   5   3   3   5   7   1   2   2  24   7   0   1   2  0.20 0.25
  121 G     1  -2   0   0  -2   0  -1   1   0  -2  -2   0  -2  -1   2   2   0  -1  -2   0   10   2   5   5   1   4   3  12   2   2   5   5   1   2  11  15   6   1   1   6  0.12 0.16
  122 A     2  -1   0   0  -2  -1   0   0   0  -2  -1   0  -1  -1   1   2   1  -4  -2  -1   15   4   4   6   1   2   7   6   2   1   5   4   1   2   6  18   7   0   1   4  0.14 0.19
  123 F     0  -1   0   0  -1   0   0   0  -1   0   0   0   0   1   0   1   1  -3  -1   0    9   2   3   4   1   5   4   6   1   5  10   6   2   9   5  10   9   0   2   6  0.03 0.07
  124 P     2  -2  -2  -1  -1  -1  -1   0   0  -2  -2   0  -2  -1   4   1   0  -5   0  -1   15   2   2   3   1   3   3   6   2   2   5   6   1   3  22  10   5   0   4   5  0.29 0.27
  125 P     0   0  -1   0  -1   1   0   0   1  -1  -1   0   0   0   2   0   0   0  -1  -1    9   4   2   5   1   8   6   6   5   3   5   5   3   4  12   8   6   2   1   5  0.09 0.12
  126 S     2   0   0  -1  -2   1   0  -1  -2  -1  -1   0  -1  -3   2   2   0  -4  -2   0   15   4   4   3   1   5   5   4   1   3   5   7   1   1  10  18   6   0   1   6  0.17 0.20
  127 T     1  -1   0  -1   0   1   0  -1  -2  -1  -1   0  -1  -2   1   1   2  -2  -1   0   15   2   5   4   2   6   6   4   1   4   6   4   1   2   7   8  14   1   2   6  0.10 0.14
  128 N     1   0   1   0  -1   1   0   0   0  -2  -2   1  -1   0   1   1   1  -4  -2  -2   13   4   9   4   1   6   4   6   2   2   3   9   2   4   7  12   8   0   1   2  0.12 0.14
  129 E     0   2   0   0  -2   1   3  -1  -2  -2  -3   1  -4  -5   1   2   0  -5  -3  -2    9  10   3   5   1   5  19   4   1   2   2   8   0   0   8  15   4   0   1   3  0.29 0.27
  130 H     1  -1   1   0  -2   1   2  -1   2  -2  -2   0  -1  -2   1   1   1  -1  -1  -2   12   2   7   6   1   7  13   5   4   2   4   5   1   2   6  10   8   1   2   2  0.14 0.16
  131 L     0  -2   0   0  -1  -1   0  -1   0   0   1  -1   2  -1   1   1   0  -3  -2   0    7   1   3   5   1   2   6   5   3   4  20   3   6   2   6  12   7   0   1   5  0.08 0.12
  132 K    -1   0   1   2  -2   0   1  -1  -1  -3  -3   2  -2  -2   1   2   1  -1  -2  -2    5   4   7  10   1   4   8   4   1   1   2  14   1   2   6  16  10   1   1   3  0.22 0.22
  133 E    -1  -1   0   3  -4   1   3  -1   0  -2  -3   0  -1  -4   2   0   0  -5  -4  -1    5   3   3  16   0   6  23   4   2   3   2   6   2   0  10   6   4   0   0   5  0.33 0.28
  134 D     0  -1   1   4  -4   1   3  -2  -1  -3  -3   0  -4  -1   0   1  -1   2  -1  -3    9   2   7  21   0   7  17   3   1   1   2   4   0   3   4   8   4   3   2   2  0.33 0.29
  135 L    -1  -4  -2  -3   0  -2  -3  -3  -4   3   3  -3   1   0  -2  -2   0   0  -2   2    5   0   2   2   2   2   2   2   0  15  35   2   4   4   2   2   6   1   1  13  0.41 0.30
  136 S    -2   2   2   0  -4   1   1  -2   1  -2  -1   2  -1   1  -2   1   0   0  -1  -2    2  11   9   4   0   6   8   2   3   2   5  15   2   6   2   9   6   1   2   3  0.17 0.18
  137 L     0   0   0   1   1   1   1  -1   1  -1  -1   1  -2   1  -1   0   0  -3  -1  -1   10   3   3   9   3   6  12   3   4   2   7  11   0   6   2   5   7   0   2   3  0.09 0.12
  138 R     0   3   0  -1  -4   1   1  -3   2  -1  -2   1   0   0  -1  -1  -1   2   1  -1    7  20   5   3   0   5   9   0   6   3   4   8   3   4   3   3   4   3   5   4  0.20 0.19
  139 L     0   0  -2  -2   3   1   0  -3  -2   0   0  -1   2   1  -3   0  -1   4   2   0    8   8   0   0   7   7   8   1   0   8   8   0   7   7   0   8   0   7   7   8  0.15 0.15
  140 K    -1   1  -1   2  -4   1   3  -2   1  -2  -3   3  -3  -2  -2  -1  -1  -4  -2   0    4   7   1  14   0   6  17   2   4   2   2  20   0   2   1   4   3   0   1   9  0.34 0.24
  141 K     1   1   1   0  -3   2   2  -1   0  -2  -3   3  -2  -3   0   1  -1  -2  -1  -2   10   6   8   5   0   9  11   3   2   3   1  18   1   1   3  12   3   0   2   2  0.24 0.19
  142 L     0  -3  -1   0  -2   0  -2  -4  -1   2   4  -3   2  -1  -2  -2  -1  -1  -2   0   10   1   4   5   1   4   2   1   1  11  42   1   4   2   2   2   2   1   1   5  0.37 0.25
  143 T    -3  -1  -3  -4  -3  -4  -4  -5  -5   5   0  -4   1  -1  -3   0   2  -4  -3   4    0   3   1   0   0   0   0   0   0  32   8   0   2   3   1   6  16   0   0  26  0.68 0.39
  144 H     0   0   3  -1  -3   0   0  -2   1  -3  -3   3  -2  -1  -1   1   2  -4  -3  -3    8   4  18   3   0   3   6   2   3   1   1  19   1   4   3   9  13   0   1   0  0.33 0.26
  145 A     1   0   0   1  -3   2   1   0   1  -3  -3   1  -2  -3  -1   3  -1  -4  -2  -1   13   5   5   8   0   9   7   5   3   1   2   8   1   1   3  23   3   0   1   4  0.22 0.20
  146 A     2   0   4   1  -2  -1   0  -2   3  -4  -3   0  -3  -3  -1   1  -2  -2  -1  -1   20   4  24   6   1   1   5   2   8   0   3   5   0   1   3  11   1   1   2   4  0.36 0.27
  147 P    -2   1  -1   0  -4  -1  -1  -2  -1  -3  -4   2  -4  -4   6  -1   0   3  -4  -2    2   8   2   6   0   1   3   3   1   1   1  16   0   0  39   4   5   4   0   3  0.83 0.39
  148 C     0  -3  -3  -4   1  -4  -4  -4  -4   3   0  -2   0  -2   0  -3   1  -4  -2   5    6   1   1   0   4   0   0   0   0  13   7   3   2   1   4   0   8   0   1  47  0.59 0.34
  149 M    -2  -1  -2  -4   1  -2  -4  -4  -2   1   2  -3   6   2  -4  -3   0  -3   0   3    1   3   2   0   3   1   0   0   1   5  16   0  25   7   0   0   7   0   3  22  0.56 0.34
  150 L    -1  -1  -4  -4   1   0  -3  -4  -3   2   4  -3   1   0  -4  -1  -1  -3   0   1    5   3   0   0   3   4   1   1   0   9  46   0   2   3   0   6   2   0   3   9  0.42 0.27
  151 F    -3  -4  -5  -5  -4  -4  -5  -5  -3  -3   0  -5  -1   8   1  -4  -4   3   3  -1    2   0   0   1   0   0   1   1   0   0  10   1   1  57   7   1   1   3   9   4  1.36 0.54
  152 M    -4  -4  -1  -5   3  -1   0  -5  -1   2   0  -4   9   0  -5  -4  -4  -5  -4   0    1   0   3   0   5   3   7   1   1  11   7   0  49   4   0   1   0   0   0   5  1.35 0.60
  153 K    -4  -1   1  -4  -5   2   0  -2  -4  -5  -2   7  -4  -5  -4  -2  -2  -5  -5  -3    1   2   6   0   0   7   6   2   0   0   5  63   0   0   0   3   2   0   0   2  1.25 0.59
  154 G    -3  -5   2  -2  -5  -5  -5   6  -4  -2  -2  -4  -5  -5  -5  -2  -4  -5   1  -2    0   0   9   2   0   0   0  67   0   3   5   0   0   0   0   3   0   0   5   4  1.37 0.59
  155 T     0  -1   2   1  -2  -2  -2  -2   0  -3  -2  -2  -2  -4  -3   2   4  -5  -2  -1    5   3  11   8   1   1   1   2   2   1   4   1   1   0   1  18  32   0   1   5  0.47 0.34
  156 P     0   1  -1  -2  -5  -1  -2  -3  -4  -3  -4   2  -4  -5   7  -2   1  -5  -3  -3    7   6   3   3   0   3   2   1   0   1   2  12   0   0  48   2   7   0   1   1  1.10 0.50
  157 Q    -1  -1   1   2   1   2   3  -1   0  -2  -1  -1  -1  -3  -3   1   0  -4  -2  -1    5   2   5  13   4   9  19   5   3   1   5   2   1   1   0  12   6   0   1   6  0.23 0.19
  158 E     0  -1   0  -1  -3   0   2  -1   0   0   0  -1   1   0   0  -1   1   2   1  -1    7   3   3   3   0   4  18   4   3   5   8   3   4   4   5   3   9   3   5   4  0.10 0.12
  159 P     0  -1   1  -1  -2  -1   0   0  -2   0   0   0  -1   1   2   0  -1  -2  -1   0    9   0   9   0   0   0   9   9   0   9   9   9   0   9   9   9   0   0   0   9  0.06 0.07
  160 R     0   2   1  -2   2   0   0  -3   1  -1  -1   1   0   0   1   0   0  -3   0   0    8  12   9   0   5   4   7   0   3   5   3  10   3   5   6   7   4   0   3   6  0.10 0.13
  161 C    -1  -1  -1  -1   8  -4  -4   0  -4  -1  -2  -1  -3   0  -4  -1   0  -4   0   0    4   4   4   4  39   0   0   7   0   4   4   4   0   5   0   4   6   0   4   6  0.87 0.47
  162 G    -1   1  -2  -1  -4   1   0   5   0  -3  -2   1  -3  -4  -3   0  -1  -4  -3  -1    3   7   0   3   0   7   4  44   3   0   4   7   0   0   0   8   3   0   0   5  0.52 0.32
  163 F    -2  -4  -4  -1   2  -4  -2  -2   1  -3   1  -4   0   7  -5  -1  -3  -2   2  -3    3   0   0   4   5   0   3   3   4   0  10   0   2  52   0   5   0   0   5   0  0.97 0.47
  164 S    -2  -4  -1   1  -4  -3  -3  -2  -4  -5  -3  -3  -4  -1  -2   6   0  -5  -4  -4    2   0   3   6   0   0   0   2   0   0   3   0   0   2   1  71   6   0   0   0  1.25 0.64
  165 K     1   5   1  -2  -4   0  -1  -1  -1  -2  -3   2  -2  -3  -3   0  -2  -2  -2  -2   12  36   8   1   0   4   2   5   1   2   1  12   1   1   0   8   1   1   1   3  0.50 0.32
  166 Q     0   2   0   0  -3   3   1  -1   0  -3  -2   2   0  -2  -2  -1   1  -3   0  -2   10  11   3   4   0  17   9   5   1   1   2  12   3   1   2   1  12   0   3   2  0.24 0.21
  167 M     2  -4  -4  -4  -1  -3  -4  -4  -4   2   2  -3   4  -1  -4  -2   0  -4  -3   3   23   0   0   0   1   0   0   1   0  11  16   0  14   2   0   2   6   0   0  21  0.49 0.31
  168 V     0  -4  -5  -5   2  -4  -3  -5  -5   3   0  -2   1  -3  -4  -1  -2  -5  -4   6    6   0   0   0   4   0   1   0   0  13   8   2   3   0   0   4   2   0   0  55  0.87 0.44
  169 E     1   0   0   1  -4   3   3  -1   0  -3  -3   0  -1  -3  -1   0  -1  -4  -1  -3   14   4   5   6   0  19  20   5   2   1   2   5   1   1   2   6   3   0   3   1  0.32 0.25
  170 I     0  -3  -4  -5  -1  -4  -2  -5  -2   5   2  -3   1  -1  -4  -2  -2  -4  -1   3    7   1   0   0   1   0   2   0   1  37  21   1   3   2   0   2   1   0   2  17  0.61 0.34
  171 L    -5  -3  -3  -6  -5  -5  -6  -6  -6   0   6  -5   3   0  -6  -3  -2  -5  -4   0    0   1   1   0   0   0   0   0   0   3  74   0   5   4   0   2   2   0   0   5  1.36 0.61
  172 H    -1   2   3   2  -3   2   0  -1   2  -3  -3   3  -1  -4  -3   0   0  -5  -3  -3    4  11  18  11   1   8   5   3   5   1   2  16   2   0   0   5   6   0   1   1  0.38 0.26
  173 K     1   0   0   1  -3   1   2  -1   2  -2  -1   2   0  -1  -2   1   0  -4  -1  -1   11   5   4   7   0   4  13   5   5   1   4  12   3   3   1  12   5   0   1   3  0.14 0.14
  174 H     0  -1   0  -2   2   1   0  -2   5  -1   1  -1   1   0  -3   0  -1  -1   2  -1    8   2   4   1   5   8   6   3  15   3  16   2   3   4   0   5   4   1   7   3  0.19 0.18
  175 N    -2  -1   3   0   0   0  -1   5   0  -4  -4   1  -4  -2  -4   0  -2  -5  -4  -4    2   3  14   6   2   5   4  40   2   1   2  10   0   2   0   6   2   0   0   1  0.61 0.34
  176 I     0  -3  -3  -3   1  -3  -2  -4  -3   3   0  -1   0  -2  -1  -2  -1  -5  -2   5    9   1   1   1   2   1   3   1   1  15   5   5   2   1   3   2   2   0   1  43  0.58 0.35
  177 Q    -2   0   0   3  -3   2   2  -1  -2  -4  -3   2  -3  -5   3   0  -1  -5  -3  -3    3   6   4  16   0   8  15   3   1   1   2  14   0   0  16   6   4   0   1   1  0.44 0.29
  178 F    -5  -4  -3  -3  -2  -5  -2  -6  -4   0  -1  -5  -1   7  -2  -5  -2  -2   6  -1    1   1   1   2   1   0   4   0   0   4   4   1   1  45   2   1   3   0  25   4  1.38 0.62
  179 S     1   0  -1   0  -3   0   1   2   1  -2  -3   1  -2  -2  -1   2  -1  -1  -1  -1   12   4   1   4   0   4  11  15   4   2   1  10   0   1   3  15   3   1   2   6  0.16 0.16
  180 S     1  -2  -1  -1  -2  -3  -2  -2   2  -4  -4  -3  -4   0  -3   4   4  -2   3  -2   11   2   2   4   1   0   1   2   5   1   0   1   0   3   1  27  26   1  10   2  0.59 0.43
  181 F    -2  -1  -1  -6  -1  -4  -5  -6   1   0  -2  -3  -2   7  -6  -4  -3  -3   3   3    3   3   3   0   1   0   0   0   4   5   3   1   1  44   0   1   1   0   9  19  1.10 0.53
  182 D    -3  -5   6   6  -7  -4  -2  -5  -1  -5  -3  -2  -6  -7  -6  -3  -5  -7  -6  -4    2   0  39  46   0   0   2   0   1   1   3   2   0   0   0   2   0   0   0   1  1.70 0.77
  183 I    -4  -6  -6  -6  -1  -6  -6  -4  -6   6  -2  -6  -2   0  -6  -5  -1  -6  -5   6    1   0   0   0   1   0   0   2   0  41   2   0   1   3   0   0   3   0   0  46  1.49 0.67
  184 F    -2  -5   1  -6  -5  -5  -5  -4  -5  -1   6  -4   0   2  -6  -3  -1  -2  -1  -2    4   0   7   0   0   0   0   1   0   2  66   1   1   8   0   2   3   0   2   2  1.09 0.56
  185 S     2  -2  -1   0  -2   1   3  -2  -3  -3  -2   0  -1  -4  -3   3   1  -5  -3  -3   18   2   2   5   1   6  21   2   0   2   4   5   2   0   1  20   8   0   1   1  0.37 0.31
  186 D    -2  -4   2   7  -6  -3  -1  -2   1  -6  -6  -4  -6  -4  -4  -1  -2  -6  -3  -6    3   1  10  65   0   1   4   3   3   0   0   0   0   1   1   4   2   0   1   0  1.56 0.70
  187 E    -1  -1   1   2  -5   1   4  -4  -3  -3  -4  -2  -3  -4   4   0  -1  -4  -2  -4    4   2   5  11   0   6  29   1   0   2   1   2   1   0  23   6   3   0   1   1  0.69 0.42
  188 E     0  -1   0   3  -5   0   4  -2  -1  -3  -3  -1  -1  -1  -3   0  -1  -5  -4  -2    9   3   4  18   0   2  34   3   1   2   3   3   1   3   1   6   4   0   0   3  0.50 0.34
  189 V    -2  -5  -2  -5  -4  -4  -5  -3  -3   4   3  -3   1   0  -5  -4  -2  -5  -2   4    3   0   2   0   0   0   0   2   1  19  26   2   2   3   0   0   1   0   1  35  0.78 0.41
  190 R    -2   8  -5  -5  -1  -2  -2  -6  -2  -6  -4   0  -3  -4  -3  -3  -1  -6  -6  -4    4  75   0   0   1   1   2   0   1   0   2   4   0   1   1   1   4   0   0   2  1.89 0.83
  191 Q    -1  -3   0   0  -6   6   4  -3   0  -4  -4  -1  -2  -6  -3   1  -2  -3  -5  -4    5   1   5   5   0  37  24   2   2   1   2   3   1   0   1   9   2   0   0   1  0.90 0.54
  192 G     1  -3   0  -1   0  -1   0   6  -3  -4  -4  -2  -4  -5  -5  -1  -2   1  -4  -3   11   1   4   3   2   3   7  53   1   1   2   2   0   0   0   4   2   2   1   1  0.90 0.47
  193 L     0   1  -2  -2  -2  -1  -2  -2  -1   1   1  -1   2   2  -2   0  -1  -1   2   1   11  11   0   1   0   0   1   1   0  11  11   1  10  10   1  11   1   0  10  11  0.10 0.09
  194 K    -1   1   0  -3  -4   1   0  -4  -1  -2  -2   6   2  -1   1  -1  -3  -4  -3  -3    3   4   4   0   0   4   4   0   2   3   4  52   6   2   6   4   0   0   0   0  0.68 0.42
  195 T     0   0   0   0  -3   1   2  -2   0   0  -1   1   1  -1  -2   0   0   0   0   0    6   4   5   3   0   7  18   2   2   4   5  10   6   1   0   8   5   1   3  10  0.10 0.12
  196 Y     0   0  -3  -3  -4  -3  -3  -4   3  -1  -1  -2  -1   4  -2  -2  -3   2   6   0    7   4   0   2   0   0   0   0   8   3   4   2   2  19   2   2   0   2  32   8  0.70 0.39
  197 S     1  -3   1  -2   0  -1  -2  -1  -1  -1  -2  -1  -3  -1  -3   5   1  -4  -1  -1    9   0   7   0   2   3   0   3   1   3   3   3   0   3   0  49   6   0   2   5  0.50 0.38
  198 N    -1   0   5   2  -3   1   0   1   0  -4  -3   0  -2  -4  -1   1   0  -4  -3  -3    4   4  30  14   0   5   6   9   2   1   3   5   1   0   2   9   4   0   0   1  0.41 0.25
  199 W    -1  -3  -4  -2  -4  -4  -4  -4  -1  -1  -1  -2  -3  -1  -2   0  -1  11  -2   0    6   2   0   2   0   0   1   1   2   3   6   2   0   1   2   9   4  49   0   8  1.61 0.60
  200 P    -2  -3  -2  -2   2   0  -3  -4   0  -4  -3  -1  -3  -4   7   0  -2  -5   0  -3    2   1   2   1   4   4   1   1   2   1   2   3   1   0  63   6   3   0   3   2  1.50 0.58
  201 T    -1   0   0  -3  -3  -3  -3  -3  -3  -2  -3   0  -2  -4  -2   2   6  -4  -2  -1    4   4   3   0   0   0   1   1   0   1   1   6   1   0   1  13  58   0   1   4  0.90 0.50
  202 Y    -2  -3  -3  -2  -3  -2  -2  -3  -2   2   1  -3   0   5  -4  -1  -1  -1   4   0    3   1   0   2   0   2   2   2   0  16  10   1   2  27   1   4   3   0  19   6  0.52 0.29
  203 P    -1  -4  -4  -4  -4  -3  -3  -2   0  -4  -4  -3  -4   0   8  -2  -2  -5  -4  -2    5   1   1   1   0   0   1   3   2   1   1   1   0   5  71   3   2   0   0   3  1.84 0.65
  204 Q    -1  -1  -1  -1   0   6  -1  -3  -2  -1   0  -1   0  -3  -1  -1  -2  -3   0  -1    3   1   2   2   2  51   1   1   0   4   9   2   2   0   4   4   1   0   4   4  0.74 0.44
  205 L    -1  -1  -3  -3  -1  -2  -1  -3  -3   2   3  -2   0   0  -2  -1  -1   0   0   2    6   3   1   1   1   1   5   1   0  11  39   1   1   4   2   4   4   1   3  13  0.27 0.19
  206 Y    -2  -1  -2  -4  -1   0  -3  -4   0   1  -2  -3  -2   4  -3   0  -1   3   6   0    2   3   2   0   1   4   1   1   2  10   2   0   0  17   1   6   4   4  33   7  0.67 0.36
  207 V    -1  -1  -2  -3   1  -2  -2  -4   1   3   1  -1  -1   0  -2  -1   0  -3   0   3    4   4   2   0   3   1   3   1   5  18  10   3   1   4   2   3   6   0   3  29  0.25 0.21
  208 S     0   0   4   2  -3   0   0   0   0  -4  -2   2  -2  -3  -1   1  -1  -4   0  -3    6   3  25  12   1   4   4   5   2   0   3  15   1   0   2   9   2   0   4   1  0.33 0.25
  209 G    -2  -1   0  -2  -4  -1  -3   6   0  -5  -5  -1  -4  -1  -1   0  -2  -4  -2  -3    2   3   4   2   0   3   1  62   2   0   1   3   0   2   4   6   3   0   2   2  0.98 0.47
  210 E    -1   0  -1   0  -4   1   4  -3   1   0  -2   1  -2  -4  -2   0  -1  -5  -4  -1    5   5   2   5   0   4  37   1   3   7   3   9   1   0   2   8   3   0   0   5  0.42 0.32
  211 L    -1   0  -3  -4  -3  -1  -3  -3  -1  -2   3  -2   2   5   0   0  -3  -3   0  -2    4   6   1   1   0   2   1   2   1   1  37   2   4  23   5   7   1   0   2   1  0.49 0.35
  212 I    -1   0  -3  -2  -1   0  -2  -3  -3   3   0  -1   0   0  -1   0   0  -4  -2   3    4   7   1   2   1   4   1   2   0  21   6   5   1   5   3   7   4   0   1  26  0.24 0.22
  213 G     0  -3  -1   1  -2  -4  -4   6  -4  -3  -4  -4  -4   1  -2   1  -3  -5  -3  -4    6   1   2   7   1   0   0  57   0   1   2   0   0   8   2  10   1   0   1   1  0.97 0.50
  214 G    -2   0   0  -3  -1  -2  -2   6  -4  -4  -4  -1  -4  -4  -3   1  -2  -1  -2  -4    2   6   4   1   1   1   2  57   0   1   2   4   0   1   1  11   2   1   2   1  0.94 0.48
  215 L     0  -2  -3  -2   5  -2  -3   0  -2   1   2  -2  -1  -1  -1   1  -1  -2  -2   0    9   2   1   2  13   1   1   6   1   7  28   2   0   2   3  11   3   0   1   6  0.24 0.21
  216 D    -1   0   0   6  -5  -1   0  -1   0  -4  -4  -1  -4  -2   0   0   0  -2  -3  -3    5   4   4  46   0   2   4   5   3   1   1   3   0   2   5   6   6   1   1   2  0.72 0.42
  217 I     0   0   0   0   2   0   0  -1   1   0  -1   0   1   0   0   0   0   3  -2   0    5   5   5   5   5   5   5   5   5   5   5   5   5   5   5   5   5   5   0   5  0.05 0.09
  218 I     0   0  -2   0   2   0   0   0  -2   0   0  -2   1   1   1   0   0   4   1   0    6   6   0   6   6   6   6   6   0   6   6   0   6   6   6   6   6   6   6   6  0.07 0.13
  219 K     0   0   0   0   2   0   0  -1   1   0  -1   0   1   0   0   0   0  -2   1   0    5   5   5   5   5   5   5   5   5   5   5   5   5   5   5   5   5   0   5   5  0.03 0.05
  220 E     0   0   0   1   1   1   3  -1   1  -1  -2   0  -3  -1   0   1  -1  -4   0  -1    6   5   5   7   3   6  23   5   3   3   3   4   0   3   4   9   4   0   4   4  0.18 0.21
  221 L    -1  -1  -1  -1   0  -1  -1  -1   1  -1   1  -1   6  -1   0  -1   0  -4   0  -1    5   4   2   3   2   3   4   5   3   3  12   4  26   2   5   5   6   0   3   3  0.37 0.35
  222 E     0  -1  -1   0   0   0   0  -3   5   0  -1   0   0   1  -2   0  -2   0   2  -1   10   3   3   5   2   4   5   2  17   5   7   5   2   7   2   7   2   1   7   5  0.23 0.22
  223 A    -1   0   0   0   2   0   0  -1   2   0  -1   0   2   1   0  -1   0   4   1  -1    5   5   5   5   5   5   5   5   5   5   5   5   5   5   5   5   5   5   5   5  0.09 0.08
  224 S     0   0   0   0   2   0   0  -1   1   0  -1   0   1   0   0   0   0  -2   1   0    5   5   5   5   5   5   5   5   5   5   5   5   5   5   5   5   5   0   5   5  0.03 0.05
  225 E    -1   0   0   0  -4   0   0   3   1  -1  -2   0   0  -1   0   0  -1  -4   0  -1    4   5   4   6   0   4   5  28   4   3   4   7   3   3   5   5   3   0   3   4  0.21 0.20
  226 E     0   0   0   0  -2   1   0   0   1   0  -1   0  -1   0   1   0   0  -2   1   0    6   6   6   6   0   6   6   6   6   6   6   6   0   6   6   6   6   0   6   6  0.04 0.06
  227 L    -1   0   0   0   2   0  -1  -1   2   0  -1   0   2   0   0  -1   0   3   1  -1    5   5   5   5   5   5   5   5   5   5   5   5   5   5   5   5   5   5   5   5  0.03 0.09
  228 D     0   0   0   0   2   0   0  -1   1   0  -1   0   1   0   0   0   0  -2   1   0    5   5   5   5   5   5   5   5   5   5   5   5   5   5   5   5   5   0   5   5  0.03 0.05
  229 T    -1   0   0   0   2   0   0  -1   2   0  -1   0   2   1   0  -1   0   4   1  -1    5   5   5   5   5   5   5   5   5   5   5   5   5   5   5   5   5   5   5   5  0.09 0.08
  230 I    -1   0   0   0   2   0   0  -1   2   0  -1   0   2   1   0  -1   0   4   1  -1    5   5   5   5   5   5   5   5   5   5   5   5   5   5   5   5   5   5   5   5  0.09 0.08
  231 C     0   0   0   0   2   0   0  -1   1   0  -1   0   1   0   0   0   0  -2   1   0    5   5   5   5   5   5   5   5   5   5   5   5   5   5   5   5   5   0   5   5  0.03 0.05
  232 P    -1   0   0   0   2   0   0  -1   2   0  -1   0   2   1   0  -1   0   4   1  -1    5   5   5   5   5   5   5   5   5   5   5   5   5   5   5   5   5   5   5   5  0.09 0.08
  233 K    -1   0   0   0   2   0   0  -1   2   0  -1   0   2   1   0  -1   0   4   1  -1    5   5   5   5   5   5   5   5   5   5   5   5   5   5   5   5   5   5   5   5  0.09 0.08
  234 A    -1   0   0   0   2   0   0  -1   2   0  -1   0   2   1   0  -1   0   4   1  -1    5   5   5   5   5   5   5   5   5   5   5   5   5   5   5   5   5   5   5   5  0.09 0.08
  235 P     0   0   0   0   2   0   0   0   1   0  -1   0   1   0   1   0   0  -3  -1   0    6   6   5   6   5   5   6   6   5   6   6   6   5   5   6   6   6   0   0   6  0.03 0.07
  236 K    -1   0   0   0   2   0   0  -1   2   0  -1   0   2   1   0  -1   0   4   1  -1    5   5   5   5   5   5   5   5   5   5   5   5   5   5   5   5   5   5   5   5  0.09 0.08
  237 L     0  -1   0  -1   0   0  -1  -2  -1   1   2   0   1  -1   1  -1   0   0  -2   1    6   4   5   2   3   3   3   2   2  10  21   5   5   2   6   5   7   1   0   8  0.08 0.12
  238 E    -1   2   1   0  -4   1   1  -2   1  -1  -1   2   0   0  -1   0   0   1   0  -2    5  10   9   5   0   8   8   2   4   3   5  13   3   4   2   7   4   2   4   2  0.13 0.15
  239 E     0   0   0   1   1   1   2  -1   1  -1  -1   1  -2   0   0   0   0  -4  -3  -1    8   5   4   8   3   6  13   4   3   3   6  11   0   4   5   6   5   0   0   5  0.10 0.13
  240 R    -1   0   0   0  -3   0   0  -1   2   0  -1   0   1   0   0   0   0   3   1   0    5   5   5   5   0   5   5   5   5   5   5   5   5   5   5   5   5   5   5   5  0.06 0.08
  241 L    -1  -1  -3  -1   1  -2  -1  -2  -3   3   2  -1   1   1  -1  -2  -1   2   0   1    4   4   0   3   4   0   4   4   0  22  22   3   4   5   3   0   3   3   3   6  0.18 0.19
  242 K     0   0   1   0  -2   1   0   0   2   0  -1   0  -1  -2   1   0   0  -2   1   0    6   6   6   6   0   6   6   6   6   6   6   6   0   0   6   6   6   0   6   6  0.06 0.07
  243 V     0   1   1   1  -2   1   1   0  -1  -1  -3   2  -1  -1  -1   1   0  -1  -1  -2    8   6   5   9   1   7   9   6   1   3   2  17   1   3   2   9   4   1   2   3  0.15 0.16
  244 L    -1  -1  -2   0   0   0  -1  -3   0   1   3  -2   1   1  -1  -2  -1   1   0   0    6   3   2   5   2   5   3   2   2   8  36   2   3   5   3   1   3   2   3   6  0.22 0.22
  245 T    -2  -1  -2  -1  -3  -1   0  -2  -4   4   0  -2   1  -3  -4  -2   0  -4  -3   4    3   3   2   4   0   2   6   3   0  26   5   2   4   0   0   3   7   0   0  30  0.44 0.34
  246 N    -1   0   4   0   1   2   0  -1   1  -2  -2   2   0  -1  -3   0   0  -4  -1  -3    6   4  20   4   3   8   5   4   3   2   3  17   2   3   0   6   6   0   2   0  0.26 0.26
  247 K     1   1   0   0  -3   1   0  -1   1  -3  -2   2   1  -1   0   1   0  -3   0  -1   11   7   4   4   0   7   6   4   3   0   4  12   6   3   5  13   5   0   3   3  0.12 0.16
  248 A     1  -1   3   1   1   0   0  -1   3  -1  -2   0  -2  -1  -1   1  -1  -3   0  -1   13   3  16   8   3   4   4   4   7   4   4   5   0   3   3   9   3   0   4   3  0.15 0.17
  249 S     0   0   1   0   2   1   0   0   2   0  -2   0  -2   0   1   0   0   3  -1   0    6   6   6   6   6   6   6   6   6   6   1   6   0   6   6   6   6   6   0   6  0.09 0.13
  250 V    -1  -3  -1  -1   2  -3  -3  -4  -4   3   1  -1  -1  -1  -3  -1   0  -4  -3   4    5   1   4   4   4   1   1   1   0  14   9   3   1   2   0   5   6   0   0  40  0.40 0.28
  251 M    -1  -1  -4  -2  -2  -1   0  -4  -2   1   2  -3   6  -1  -1  -3  -1  -4  -3   3    4   3   0   3   1   3   7   1   1   6  17   0  25   2   3   0   2   0   0  22  0.47 0.33
  252 L    -1  -2   0  -3  -2  -1  -3  -1  -3   2   3  -1   0  -2  -3  -1  -2   1  -3   2    6   1   6   1   1   3   0   5   0  10  40   4   1   0   0   3   1   2   0  14  0.32 0.25
  253 F    -4  -4  -4  -2  -4  -4  -4  -5  -3  -2   0  -4   1   7  -1   0  -2   2   4  -3    1   0   0   2   0   0   1   1   0   2   7   1   3  53   3   7   3   3  11   1  1.15 0.52
  254 M    -2  -2  -5  -5  -4  -4  -5  -5  -4   1   1  -3   9   0  -5  -2  -1  -4  -4   0    3   2   0   0   0   0   0   1   0   8   8   1  57   3   0   4   4   0   0   7  1.46 0.66
  255 K    -3   0   0  -1  -5  -1   0  -2  -4  -5  -1   7  -4  -5   0  -2  -1  -5  -4  -5    0   3   3   3   0   2   4   3   0   0   6  64   0   0   4   2   3   0   0   0  1.12 0.58
  256 G    -3  -5   1  -4  -5  -4  -2   7  -5  -5  -5  -4  -5   0   0  -2  -4  -5  -5  -2    0   0   6   0   0   0   3  73   0   0   1   0   0   5   4   2   0   0   0   3  1.51 0.66
  257 N    -2  -1   4  -1  -1  -1  -1  -3   2  -2  -3  -1  -2  -4  -3   2   4  -5  -2   0    1   2  19   3   2   2   3   1   5   2   1   3   1   0   1  16  29   0   1   7  0.48 0.37
  258 K     1   1   0  -3  -5  -2  -2  -2   1  -1  -4   3  -4  -5   6  -2  -3  -5  -1  -3   10   8   4   0   0   1   2   3   3   5   1  18   0   0  38   1   1   0   3   1  0.83 0.45
  259 Q    -2  -1   1   3  -4   3   3  -2   1  -3  -3   1  -2  -3  -3   1  -1  -4  -2  -1    2   2   6  16   0  13  18   2   4   1   2   9   1   1   0  13   4   0   1   6  0.34 0.26
  260 E     1  -1   2   0  -3   1   2  -1   0  -2  -2   0   0   0  -2   0   0   0   0   0   11   2  11   4   0   7  18   4   2   0   3   4   2   5   0   7   5   1   4   7  0.14 0.16
  261 A    -1  -1   0  -3   2  -1  -2  -4  -4   0  -4  -1  -3  -1   7   0  -3  -4  -4  -1    6   3   4   0   5   2   2   1   0   6   1   3   0   3  49   8   0   0   0   5  1.00 0.47
  262 K     0   2   1  -2   2   1   0  -3  -2  -2   0   2   0   0  -1   0  -1  -3   0  -1    6  14   9   0   6   8   4   0   0   0   9  16   3   5   3   9   2   0   2   4  0.16 0.18
  263 C    -1  -1  -1  -1   8   0  -1   0   2  -3   0  -1  -3   0  -4  -2   0   2   0  -1    3   3   4   3  32   4   4   7   6   0   9   3   0   5   0   0   5   3   3   4  0.58 0.37
  264 G     0   0  -2   0  -3   0   2   3   1  -1  -3   0  -3  -3   1  -1  -1  -3   1  -1    7   7   0   5   0   5  14  27   3   4   1   4   0   0   8   4   4   0   5   4  0.27 0.22
  265 F    -4  -6  -3  -6  -6  -2  -3  -5  -5  -3  -4  -5  -4   9  -3  -3  -3  -4   1  -5    1   0   1   0   0   2   2   1   0   1   0   1   0  80   2   2   2   0   4   0  2.36 0.92
  266 S    -3  -4  -2  -5   0  -2  -3  -4  -5  -7  -7  -5  -6  -7  -1   7  -1  -7  -6  -6    1   1   2   0   2   2   1   1   0   0   0   0   0   0   3  84   3   0   0   0  1.94 0.95
  267 K     1   5   2  -3  -5   0  -2  -1  -2  -4  -4   2  -1  -4  -4   1  -2  -3  -3  -1   15  31  10   1   0   4   1   4   1   0   1  13   2   1   0  11   1   0   1   4  0.56 0.38
  268 Q     1   3  -1  -3  -4   4   0  -2  -2  -3  -2   2   0  -1  -2  -1   1   1  -1  -3   14  14   3   0   0  19   5   2   1   1   3  15   3   3   2   3   9   2   2   1  0.37 0.30
  269 I     1  -4  -4  -5   2  -4  -4  -4  -5   2   1  -4   2   2  -4  -2   1  -4  -3   4   14   0   0   0   5   0   0   0   0  13  14   0   6   8   0   2   8   0   0  29  0.54 0.33
  270 L    -1  -3  -5  -6   2  -5  -5  -3  -6   3   1  -2   1  -3  -5  -2  -2  -5  -4   6    4   2   0   0   4   0   0   3   0  16  11   2   3   1   0   3   2   0   0  50  0.92 0.48
  271 E     0   0   1   1   0   4   3   0  -1  -2  -3   1  -2  -2  -4  -1  -2  -5  -4  -4    9   4   6   7   2  23  20   7   1   3   2   7   1   2   0   4   1   0   0   1  0.44 0.33
  272 I    -1  -2  -5  -3   2  -2  -5  -6  -5   6   2  -2   1  -3  -5  -3  -2  -5  -4   2    6   2   0   2   4   2   0   0   0  44  18   3   3   0   0   1   1   0   0  14  0.84 0.44
  273 L    -5  -4  -6  -7  -5  -2  -6  -7  -6  -1   6  -6   2   1  -6  -6  -5  -5  -4  -2    0   1   0   0   0   3   0   0   0   2  81   0   3   5   0   0   0   0   0   1  1.66 0.74
  274 N    -2   2   4   3  -2   3   0  -2   0  -3  -4   3  -1  -5  -4  -1  -2  -5  -3  -3    4   9  23  14   1  13   6   3   1   1   1  16   1   0   0   4   2   0   1   1  0.55 0.35
  275 S     0   0   0   1  -3   1   3   0   1  -2  -1   1   0  -1  -2   1  -1  -4  -2  -1    9   4   4   9   0   6  19   6   3   1   5   9   3   2   1  11   3   0   1   4  0.16 0.16
  276 T    -1  -2   1  -2   2   1   0  -3   5   0   0  -2   0   0  -3  -1   0  -1   2  -1    5   1   8   2   6   7   7   1  16   4  11   1   2   4   1   3   8   1   8   4  0.24 0.21
  277 G    -2  -1   3   0  -2  -1  -2   5  -1  -4  -2   1  -4  -2  -4  -1  -2  -5  -4  -4    2   4  16   5   1   3   3  43   1   1   4   7   0   2   0   5   1   0   0   1  0.70 0.39
  278 V     0  -4  -4  -3   1  -4  -3  -4  -3   4  -1  -3   1   0  -3  -3  -3  -5  -3   5    9   1   1   1   3   1   1   1   1  23   3   1   3   3   1   1   1   0   1  45  0.82 0.45
  279 E    -2   0  -1   4  -4   1   3  -3   1  -4  -4   2  -3  -5   3   0  -1  -5  -3  -4    3   5   2  22   0   5  17   1   3   1   1  13   0   0  16   6   3   0   1   1  0.58 0.36
  280 Y    -5  -3  -6  -7   0  -6  -6  -6  -4  -2  -3  -5  -2   7  -5  -3  -5  -1   7  -4    1   2   0   0   2   0   0   0   0   2   2   1   1  48   1   2   1   0  35   1  1.95 0.80
  281 E     1  -1  -1   1  -3   0   2   1   1  -2  -3   1  -2  -2  -1   1   0  -1  -2  -1   12   3   1   9   0   2  15  13   4   1   1  10   0   1   3  12   4   1   1   5  0.20 0.18
  282 T     1  -4  -3  -1  -1  -3  -3  -2   2  -1  -3  -3  -1   1  -3   3   4  -1   3  -1   11   0   0   4   1   0   1   2   5   3   2   0   1   5   1  21  27   1  10   4  0.50 0.39
  283 F    -4  -1  -5  -5  -1  -4  -4  -5   0   0  -1  -2  -1   7  -5  -4  -3   2   3   3    1   4   0   0   1   1   1   0   2   5   4   2   1  43   0   1   1   3   9  20  1.07 0.49
  284 D    -5  -5   6   7  -6  -4   0  -5  -4  -6  -6  -4  -6  -6  -5  -2  -4  -7  -2  -6    0   0  37  51   0   0   5   0   0   0   0   0   0   0   0   2   0   0   2   0  1.84 0.77
  285 I    -4  -6  -6  -6   0  -6  -6  -6  -6   6  -2  -6  -1  -1  -6  -5  -2  -6  -2   5    0   0   0   0   2   0   0   0   0  44   2   0   1   3   0   0   2   0   1  43  1.49 0.64
  286 L    -5  -5  -4  -4  -5  -5  -6  -6  -6   0   6  -5   0   0  -6  -3  -2  -2  -3  -3    0   0   1   1   0   0   0   0   0   3  79   0   2   4   0   2   2   1   1   0  1.45 0.67
  287 E     1   0  -1   1  -2   1   3  -2  -3  -2  -1   0  -2  -3  -2   2   1  -4  -3  -2   14   4   2   6   1   7  24   2   0   1   7   5   1   1   1  13  10   0   1   1  0.29 0.25
  288 D    -3  -2   2   7   2  -3  -1  -5   0  -6  -6  -3  -6  -6  -5  -1  -4  -7  -3  -6    2   2   9  70   4   1   2   0   2   0   0   1   0   0   0   4   0   0   1   0  1.78 0.75
  289 E    -1  -2   0   3  -5   1   5  -4  -3  -3  -3  -2  -2  -4   4  -1  -3  -4  -3  -3    4   2   4  13   0   6  34   1   0   1   3   1   1   1  21   4   1   0   1   2  0.77 0.44
  290 E     0  -1   0   3  -5   1   5  -2  -2  -3  -2  -1  -1  -3  -3   0  -2  -3  -4  -2    9   2   5  16   0   6  37   3   1   1   3   3   1   1   1   6   2   0   0   2  0.57 0.36
  291 V    -3  -5  -6  -6  -4  -5  -5  -6  -6   4   3  -5   0  -2  -5  -5  -2  -5  -4   5    1   0   0   0   0   0   0   0   0  22  25   0   2   1   0   0   1   0   0  44  1.16 0.53
  292 R    -3   8  -5  -5   0  -3  -4  -6  -4  -3  -4   0  -3  -4  -5  -3  -5  -6  -5  -4    2  81   0   0   2   1   0   0   0   2   2   4   1   1   1   1   0   0   0   1  2.16 0.87
  293 Q    -2  -2   0   0  -6   7   4  -3  -1  -4  -5  -1  -1  -6  -3  -1  -2  -5  -5  -2    3   1   4   5   0  45  24   2   1   1   1   2   1   0   1   4   2   0   0   3  1.09 0.59
  294 G     0  -2  -1  -2  -2  -2  -1   6   0  -4  -5  -1  -4  -6  -5  -2  -3  -5  -2  -3    8   2   3   1   1   2   5  62   2   1   1   3   0   0   0   2   2   0   1   2  1.14 0.54
  295 L    -3  -5  -6  -6  -4  -5  -6  -6  -6   4   5  -5   2  -2  -6  -5  -4  -5  -3   1    2   0   0   0   0   0   0   0   0  25  56   0   4   1   0   0   0   0   1  10  1.23 0.55
  296 K    -4  -1  -2  -5  -7  -1  -4  -5  -5  -6  -6   8  -3  -7   0  -3  -5  -7  -6  -6    1   1   2   0   0   2   0   0   0   0   0  83   1   0   5   2   0   0   0   0  2.12 0.87
  297 T     0   0  -1   0  -4   1   4  -3  -2  -1  -3   2  -2  -4  -3   0   2  -3  -4   0    9   4   2   4   0   4  29   1   1   3   2  15   1   0   0   5  12   0   0   8  0.39 0.30
  298 F    -6  -5  -6  -7  -6  -3  -6  -7   1  -2  -1  -5  -3   6  -7  -4  -4   0   8  -1    0   0   0   0   0   1   0   0   2   3   4   0   0  31   0   1   1   1  49   4  1.90 0.77
  299 S     1  -5   1  -4  -5  -4  -4  -1   0  -6  -5  -2  -5  -5  -5   6   0  -6  -2  -5    9   0   5   0   0   0   0   4   2   0   1   2   0   0   0  69   6   0   1   0  1.36 0.71
  300 N    -3  -1   6   4  -5   1   1   0  -1  -6  -5   0  -3  -6  -3   1  -3  -6  -5  -5    1   3  37  23   0   5   8   5   1   0   1   5   1   0   1   9   0   0   0   0  0.92 0.47
  301 W    -6  -4  -7  -7  -1  -6  -7  -6  -6  -4  -6  -7  -6  -1  -5  -3  -6  13  -3  -4    0   1   0   0   2   0   0   0   0   1   0   0   0   2   1   3   0  85   0   2  4.14 1.24
  302 P    -3  -5  -4  -5  -6  -3  -5  -6  -4  -6  -5  -3  -3  -7   8  -1  -3  -7  -6  -6    1   1   1   0   0   1   0   0   0   0   1   2   1   0  85   4   1   0   0   0  2.64 0.94
  303 T    -3  -5  -4  -5  -5  -5  -3  -6  -6  -5  -5  -5  -5  -6  -5   0   8  -6  -4  -4    1   0   0   0   0   0   1   0   0   0   0   0   0   0   0   5  90   0   1   0  2.35 0.95
  304 Y    -3  -5  -6  -6  -5  -5  -6  -4  -4   4  -2  -6  -1   6  -6  -5  -4  -3   7  -2    2   0   0   0   0   0   0   1   0  27   2   0   1  31   0   0   1   0  32   2  1.51 0.62
  305 P    -5  -6  -6  -5  -6  -5  -5  -6  -6  -6  -6  -5  -6  -7   9  -5  -5  -7  -6  -6    0   0   0   0   0   0   0   0   0   0   0   0   0   0  95   0   0   0   0   0  3.21 1.02
  306 Q    -5  -3  -4  -4  -6   9  -2  -6   0  -5  -4  -3  -1  -6  -5  -4  -5  -5   0  -4    0   0   0   0   0  87   0   0   2   1   1   0   1   0   0   0   0   0   3   1  2.52 0.95
  307 L    -4  -5  -6  -6  -3  -5  -6  -6  -6   2   5  -5  -1  -1  -5  -5  -4  -5  -4   3    1   0   0   0   0   0   0   0   0   9  62   0   1   2   0   0   0   0   0  22  1.21 0.51
  308 Y    -5  -6  -6  -7  -3  -5  -6  -6  -2  -1  -4  -6  -4   5  -6  -6  -5   4   9  -5    0   0   0   0   1   0   0   0   1   3   0   0   0  21   0   0   0   5  67   0  2.40 0.82
  309 V    -1  -5  -4  -5  -1  -5  -5  -4  -2   4   1  -5   0  -1  -5  -2  -3  -5  -2   5    6   0   1   0   1   0   0   1   1  24   9   0   1   2   0   3   0   0   1  49  0.92 0.43
  310 R    -2   0   5   3  -4   0  -1   0   0  -5  -5   4  -4  -5  -4  -2  -3  -6  -2  -5    2   3  29  16   0   4   3   6   2   0   1  32   0   0   0   1   0   0   1   0  0.85 0.43
  311 G    -3  -3  -3  -4  -6   0  -3   7  -5  -7  -6  -1  -6  -6  -5  -2  -5  -6  -6  -5    1   1   1   0   0   5   1  83   0   0   0   4   0   0   0   3   0   0   0   1  1.87 0.68
  312 D    -3  -2  -1   0  -7   2   7  -5  -4  -6  -6   2  -5  -6  -5  -3  -4  -6  -5  -5    2   1   2   3   0   6  71   0   0   0   0  11   0   0   0   1   0   0   0   0  1.58 0.66
  313 L    -5  -5  -6  -6  -1  -5  -6  -6  -5  -2   4  -6  -1   7  -3  -4  -5  -3   1  -3    0   0   0   0   1   0   0   0   0   0  48   0   1  41   2   1   0   0   4   1  1.41 0.57
  314 V    -3  -5  -6  -6  -3  -2  -5  -6  -5   5   1  -4  -1   0  -5  -5  -3  -5  -2   5    1   0   0   0   0   2   0   0   0  35  10   0   1   4   0   0   0   0   1  44  1.09 0.47
  315 G    -3  -4  -4  -5  -6  -5  -4   7  -6  -7  -7  -5  -6  -7  -6  -3  -5  -6  -6  -6    0   1   0   0   0   0   1  94   0   0   0   0   0   0   0   1   0   0   0   1  2.37 0.79
  316 G    -3  -6   0  -2  -6  -5  -5   7  -5  -7  -7  -5  -6  -7  -6  -2  -5  -6  -6  -7    0   0   4   2   0   0   0  90   0   0   0   0   0   0   0   2   0   0   0   0  2.19 0.74
  317 L    -1  -4  -4  -5   8  -4  -5  -3  -2  -1   3  -3  -2  -1  -5   1  -3  -4  -2   0    5   0   1   0  30   0   0   2   1   2  37   2   0   2   0  11   1   0   1   5  0.91 0.42
  318 D    -5  -5  -2   8  -7  -1   0  -5  -5  -6  -7  -3  -6  -7  -5  -3  -5  -7  -3  -4    0   0   1  86   0   2   4   0   0   0   0   2   0   0   0   1   0   0   1   2  2.25 0.77
  319 I    -3  -5  -3  -3  -4  -5  -4  -4  -6   7  -2  -2  -2  -3  -5  -3  -1  -5  -2   2    2   0   1   1   0   0   1   1   0  72   1   3   0   0   0   1   3   0   1  11  1.39 0.56
  320 V    -2  -5  -5  -5   0  -4  -4  -5  -5   3   2  -4   3  -1  -4  -4  -1  -4  -3   5    1   0   0   0   1   0   0   0   0  19  21   0   9   2   0   0   3   0   0  42  0.86 0.39
  321 K    -1   2  -1  -2  -2   1   0  -3  -2  -1   1   4   3  -2  -3  -1   0  -4  -2   0    3   9   3   1   1   7   4   1   0   4  14  29   8   1   0   4   7   0   1   5  0.30 0.23
  322 E    -2  -2   0   1  -6   3   6  -1  -2  -6  -5   0  -5  -6  -4  -1  -3  -6  -5  -4    2   1   3   8   0  11  61   5   0   0   0   4   0   0   0   4   1   0   0   1  1.19 0.54
  323 L    -2  -3  -5  -6  -4  -4  -2  -5  -3  -2   4  -3   8  -3  -6  -3  -4  -5  -4  -1    3   1   0   0   0   0   3   0   1   0  43   1  44   0   0   1   0   0   0   2  1.44 0.60
  324 K     0  -2  -1  -2  -3  -1   0  -4   6   1  -1   1  -1   1  -4  -2  -3  -2   3   0    9   1   2   2   0   2   5   0  26   8   5  11   2   7   0   2   0   0  12   6  0.48 0.29
  325 D     0   0   1   0  -4   4   4  -2  -1  -4  -4   2  -4  -5  -4   0  -2  -5  -4  -4    9   3   5   3   0  18  35   2   1   0   1  15   0   0   0   5   1   0   0   0  0.69 0.37
  326 N     0  -2   4   2  -2   0   2  -3  -3  -4  -4   0  -3  -5  -4   4   0  -5  -4  -4    5   1  20   9   1   4  11   1   0   0   1   5   0   0   0  38   4   0   0   0  0.68 0.39
  327 G    -3  -4   0  -1  -6  -2  -3   7  -4  -7  -7  -3  -6  -6  -2  -2  -5  -6  -6  -6    0   1   4   4   0   2   1  83   0   0   0   1   0   0   2   2   0   0   0   0  1.83 0.66
  328 E    -2  -2  -3   2  -6   1   6  -3  -3  -6  -6   1  -5  -6  -3   0  -2  -6  -5  -5    2   1   0   8   0   5  66   2   0   0   0   6   0   0   0   6   2   0   0   0  1.31 0.58
  329 L    -3  -5  -7  -7  -5  -5  -6  -7  -6   0   6  -6  -1   2  -6  -6  -4  -2  -3  -2    1   0   0   0   0   0   0   0   0   2  85   0   1   9   0   0   0   0   0   0  1.60 0.62
  330 L     0   0  -1   0  -2   2   2  -1   1  -1   0   2  -1  -3  -1  -1  -1  -4  -2   1   10   3   1   5   1  10  14   3   4   3  10  17   0   0   2   2   3   0   0  11  0.14 0.15
  331 P     0   0   0   2  -4   2   3  -2  -1  -4  -4   2  -3  -5   1   1   0  -5  -2  -4    7   3   4  12   0   7  24   2   1   0   0  15   0   0   8   9   7   0   1   0  0.44 0.26
  332 I     0  -3  -3  -2  -2  -1   0  -4  -3   2   2   0   3  -1  -4  -2   1  -4  -2   2    7   0   0   1   0   2   7   0   0  15  26   7   9   2   0   2   8   0   0  13  0.27 0.21
  333 L    -4  -5  -6  -6   1  -5  -6  -6  -5   3   5  -5   0   2  -6  -5  -4  -4  -1   1    1   0   0   0   3   0   0   0   0  16  61   0   1   8   0   0   0   0   2   8  1.07 0.45
  334 K    -1   1  -2  -1  -4   2   3  -2  -1  -4  -4   3  -3  -5   5  -2  -2  -5  -4  -3    6   8   1   2   0   7  21   2   1   1   0  20   0   0  26   1   1   0   0   1  0.70 0.35
  335 G     0  -1  -1  -1  -4  -1   2   3  -3  -3  -4   4  -4  -5  -2   0  -1  -5  -4  -2    6   1   2   3   0   1  12  26   0   1   0  35   0   0   1   7   3   0   0   3  0.56 0.31
  336 E     0   0  -1   0  -5   1   5  -2   3  -4  -4   4  -4  -5  -3  -1  -2  -5  -3  -4    7   2   2   2   0   4  45   2   7   1   0  25   0   0   0   1   1   0   0   0  0.78 0.34
  337 N    -2  -3   5   1  -4  -3  -3   5  -3  -5  -5  -3  -4  -5  -4   2  -2  -5  -4  -5    0   0  32   7   0   0   0  45   0   0   0   0   0   0   0  16   0   0   0   0  1.02 0.32

                      K         Lambda
Standard Ungapped    0.1332     0.3159
Standard Gapped      0.0402     0.2670
PSI Ungapped         0.1315     0.3177
PSI Gapped           0.0402     0.2670
