
Last position-specific scoring matrix computed, weighted observed percentages rounded down, information per position, and relative weight of gapless real matches to pseudocounts
            A   R   N   D   C   Q   E   G   H   I   L   K   M   F   P   S   T   W   Y   V   A   R   N   D   C   Q   E   G   H   I   L   K   M   F   P   S   T   W   Y   V
    1 M    -5  -6  -6  -7  -6  -5  -6  -7  -6  -3  -2  -6  11  -4  -7  -6  -5  -6  -5  -3    0   0   0   0   0   0   0   0   0   0   1   0  99   0   0   0   0   0   0   0  3.48 1.00
    2 L     0  -5  -4  -5  -3  -5  -5   6  -5  -4  -1  -4   3  -1  -5  -3  -4  -5  -5  -3    9   0   0   0   0   0   0  70   0   0   7   0   8   3   0   1   0   0   0   1  1.37 0.52
    3 A     2  -2   3  -2  -3   0  -2   2  -2  -1   1  -1  -1  -1  -3   2  -1  -2  -3  -1   18   0  16   1   0   5   1  15   1   3  15   4   1   2   0  15   1   0   0   3  0.22 0.20
    4 L     1  -3  -3  -4  -3  -2  -4  -3  -3   3   3  -3   1   2  -4   0   0   0   0   1   11   0   1   0   0   1   0   1   0  17  30   1   3  10   0   8   7   2   3   6  0.32 0.21
    5 I    -2  -5  -5  -6   0  -4  -5  -5  -4   4   1  -5   2   6  -5  -3  -2   2  -1   1    2   0   0   0   2   1   0   1   0  24  14   0   5  38   0   2   2   3   1   6  0.90 0.38
    6 S     1   0   0  -2  -2  -1  -1   1  -2  -5  -5  -2  -4  -4  -4   5   1  -5  -3  -4   10   6   5   1   0   2   2   9   1   0   0   2   0   0   0  52   8   0   1   0  0.72 0.40
    7 R    -1   4   2  -2  -5   1  -2   1  -2  -4  -4   4  -4  -5  -4   2  -1  -2  -4  -4    4  27  10   1   0   4   0  10   1   1   1  24   0   0   0  13   3   0   0   1  0.60 0.33
    8 L    -3  -5  -5  -6  -4  -5  -5  -6  -5   2   5  -5   2   2  -4  -4  -2  -4  -2   1    1   0   0   0   0   0   0   0   0  12  62   0   4   8   1   1   1   0   0   8  1.01 0.41
    9 L     0  -1  -2  -3  -1  -2  -2  -2  -1   0   3  -1   1   2  -2  -1  -1   4   1   0    6   3   1   1   1   1   2   3   1   3  34   3   3   9   1   4   4   6   6   7  0.23 0.13
   10 D     0  -1   2   3  -2   0   1   0  -1  -2  -2   0  -2  -2  -1   2   0  -2  -2  -2    6   2   8  21   1   4   7   6   1   2   3   5   1   2   2  20   4   0   1   2  0.24 0.12
   11 W    -1   0  -1  -2  -2  -1  -2  -2  -1   0   1  -1   1   1  -2   0  -1   8   1  -1    5   6   3   3   1   2   2   3   1   7  12   3   3   5   2   6   4  24   3   4  0.49 0.15
   12 F    -2  -3  -3  -3  -2  -3  -3  -3  -3   1   2  -3   0   7  -3  -3  -3   4   0  -1    2   1   1   1   1   1   2   2   0   7  22   1   2  44   1   2   1   5   1   3  0.84 0.30
   13 R    -1   3   0  -1  -2   1  -1  -1  -1  -1  -1   2   0  -2  -2   1   0  -2   0  -1    4  21   3   2   1   4   3   5   1   3   7  17   2   1   1  14   5   1   3   3  0.20 0.14
   14 S     0   3   0  -2  -2   0  -1   1  -2  -2  -1   2  -1  -3  -2   3  -1  -2  -2  -3    6  18   3   2   1   2   1  12   1   2   6  14   1   1   1  25   3   1   1   1  0.30 0.20
   15 L    -2  -1  -4  -4  -2  -3  -4  -4  -4   2   5  -3   2   0  -4  -3  -2  -2  -2  -1    2   4   1   1   1   1   1   1   0  10  61   1   5   4   1   1   2   0   0   2  0.76 0.33
   16 F    -3  -4  -5  -5  -4  -4  -5  -3  -4  -1   0  -1  -2   8  -3  -3  -3   1   0  -2    2   1   0   0   0   1   0   2   0   3   7   5   1  69   2   1   2   1   1   2  1.54 0.53
   17 W     0  -2  -2  -3  -3  -2  -3   5  -3  -4  -4  -1  -4   1   0   0  -2   7  -2  -4    7   2   1   1   0   2   1  45   0   1   0   4   0   7   5   5   1  14   1   1  0.83 0.36
   18 K    -1   1   2  -1  -5   0   1  -2   0  -5  -5   5  -2  -5  -2   1   0  -5  -1  -4    6   5   9   2   0   3   6   3   2   0   0  46   1   0   1   9   6   0   2   0  0.64 0.35
   19 E    -2   2  -1  -1  -3   2   2  -3  -3  -4  -4   5  -2  -3   0  -1   0  -5  -4  -4    1  10   2   2   0   7  13   1   0   1   0  47   1   1   5   2   5   0   0   1  0.76 0.39
   20 E    -3  -1  -2   1  -7   1   7  -5   1  -6  -6   0  -4  -6   0  -2  -2  -6  -5  -6    1   2   2   7   0   6  68   0   3   0   0   4   0   0   4   2   1   0   0   0  1.35 0.57
   21 M     0  -2  -3  -5  -1  -3  -5  -5   0   1   1  -4   8  -1  -4  -3  -1  -3   2   1    8   2   1   0   1   1   0   0   3   5  10   0  44   2   0   1   3   0   7  11  0.93 0.46
   22 E    -4   7  -2  -2  -2  -1   3  -5  -3  -6  -3   2  -4  -6  -5  -2  -4  -6  -5  -5    0  61   1   2   1   1  17   0   0   0   2  11   0   0   0   3   0   0   0   0  1.38 0.56
   23 L    -3  -6  -6  -6  -4  -5  -6  -6  -4   6   3  -5   0   0  -6  -4  -3  -5  -4   2    1   0   0   0   0   0   0   0   0  58  21   0   1   3   0   1   1   0   0  14  1.25 0.49
   24 T    -2  -5  -5  -5   0  -4  -5  -5  -5   1   5  -4   0  -3  -3  -1   2  -5  -4   1    2   0   0   0   2   0   0   0   0   4  59   0   2   0   1   4  15   0   0  11  0.85 0.41
   25 L    -4  -5  -5  -7  -3  -5  -6  -7  -5   3   2  -5   9  -2  -6  -5  -4  -5  -2   1    0   0   0   0   0   0   0   0   0  16  19   0  54   1   0   0   0   0   2   7  1.68 0.64
   26 V    -2  -5  -6  -6  -1  -5  -5  -6  -6   2   4  -5   0  -2  -3  -4  -3  -5  -4   5    2   0   0   0   1   0   0   0   0  11  35   0   1   1   1   0   0   0   0  46  1.02 0.44
   27 G    -3  -3  -4  -5  -6  -5  -6   7  -5  -7  -7  -5  -6  -6  -6  -3  -5  -6  -3  -7    0   1   0   0   0   0   0  95   0   0   0   0   0   0   0   1   0   0   1   0  2.38 0.76
   28 L    -5  -4  -6  -7  -5  -5  -6  -5  -6  -1   7  -6  -1  -2  -6  -6  -4  -5  -4  -2    0   1   0   0   0   0   0   1   0   2  92   0   0   1   0   0   0   0   0   1  1.77 0.65
   29 Q    -5  -4  -2   8  -7   4   0  -4  -4  -4  -5  -4  -6  -7  -5  -3  -4  -2  -4  -6    0   0   1  74   0  16   3   1   0   1   1   0   0   0   0   1   0   1   0   0  1.93 0.71
   30 Y     4  -4   5  -2  -2  -3  -3   1  -1  -5  -5  -3  -4  -3  -3  -1  -3  -5   2  -3   44   0  29   1   1   0   1   9   1   0   0   0   0   1   1   3   0   0   7   1  0.89 0.46
   31 S     6  -5  -4  -5  -2  -4  -4  -2  -5  -5  -5  -3  -3  -6  -3   3  -3  -6  -5  -1   73   0   0   0   0   0   0   1   0   0   0   1   1   0   1  19   0   0   0   3  1.41 0.62
   32 G    -4  -4  -3  -5  -3  -6  -6   8  -6  -7  -6  -5  -6  -7  -6  -3  -5  -6  -7  -7    0   1   1   0   1   0   0  95   0   0   1   0   0   0   0   1   0   0   0   0  2.42 0.79
   33 K    -4  -1  -2  -4  -7  -3  -3  -5  -4  -6  -4   8  -3  -7  -5  -4  -4  -7  -5  -6    0   2   1   0   0   0   0   0   0   0   2  93   1   0   0   0   0   0   0   0  2.28 0.82
   34 T    -4  -5  -4  -5  -5  -5  -5  -4  -6  -3  -5  -5  -3  -4  -5   0   8  -6  -5  -4    0   0   0   0   0   0   0   1   0   1   0   0   1   1   0   4  92   0   0   0  2.25 0.85
   35 T    -3  -4  -4  -5  -3  -3  -4  -5  -5  -4  -4  -4  -2  -6  -5   2   7  -6  -5  -3    1   1   0   0   0   1   0   0   0   0   1   0   1   0   0  14  80   0   0   1  1.86 0.75
   36 F    -3  -6  -6  -6  -4  -6  -6  -6  -6   7   2  -6   0   3  -6  -5  -1  -5  -2   1    1   0   0   0   0   0   0   0   0  58  17   0   1  13   0   0   4   0   1   4  1.28 0.52
   37 V    -4  -6  -7  -7  -2  -6  -6  -7  -6  -1   6  -6   0  -3  -6  -5  -4  -5  -4   2    0   0   0   0   1   0   0   0   0   1  81   0   1   0   0   0   0   0   0  15  1.57 0.62
   38 N    -5   0   3  -4  -4  -1  -5  -5   0  -5  -4   1  -5  -1  -6  -4  -4  -2   9  -5    0   5  16   0   0   2   0   0   1   0   2   8   0   1   0   0   1   0  63   0  1.80 0.71
   39 V    -2   3  -2  -4  -5   2  -2  -4  -2  -3  -4   6  -4  -5  -4  -2  -3  -2  -3   2    2  16   1   0   0   7   0   0   1   1   0  51   0   0   0   2   1   1   1  15  1.02 0.50
   40 I    -5  -5  -6  -7  -5  -5  -6  -7  -6   3   6  -5   2   1  -5  -6  -4  -5  -3  -1    0   0   0   0   0   0   0   0   0  15  73   0   4   5   0   0   0   0   0   2  1.40 0.56
   41 A     2  -1  -2  -3  -2   1  -2  -2   1  -3  -3   6  -2  -5  -4  -1  -1  -5  -4  -4   16   1   1   1   1   7   1   3   4   1   2  53   1   0   0   4   2   0   0   0  0.85 0.44
   42 S    -2  -3   0  -3  -2  -3  -2  -2  -4   0   4  -3   2  -1  -3   1  -1  -4  -3   0    1   1   5   1   0   1   3   3   0   4  52   0   4   2   1  13   3   0   0   4  0.52 0.33
   43 G    -3  -4   1  -1  -6  -4   0   7  -2  -7  -7  -2  -5  -6  -3  -2  -4  -6  -6  -6    1   1   7   3   0   0   6  74   1   0   0   2   0   0   1   3   0   0   0   0  1.55 0.59
   44 Q    -3  -2  -1   2  -6   4   6  -3  -2  -4  -4   0  -5  -6  -3  -2  -3  -6  -5  -5    1   1   2  10   0  15  58   2   0   1   1   5   0   0   1   2   1   0   0   1  1.23 0.56
   45 F    -2  -3  -3  -1  -3  -3  -3  -4  -2   4  -1  -3   0   3  -1  -2  -1   2   0   3    2   1   1   4   0   1   1   1   1  28   3   1   1  13   3   2   2   3   3  26  0.45 0.24
   46 S     0  -4  -3  -3  -3  -3  -3  -4  -3   2  -1  -3  -1  -4  -3   2   2  -5  -4   5    6   1   1   1   0   1   1   0   1  10   2   1   1   0   1  16  12   0   0  45  0.66 0.37
   47 E     0   0   0   0  -2   1   2  -1   1   0   0   0   0  -1   0   0   0  -2  -1   0    6   5   4   5   1   6  15   3   6   8   7   4   3   3   3   6   6   1   1   9  0.05 0.04
   48 D    -1  -3   0   3  -2  -1  -1  -2  -2  -2  -3  -1  -3  -4  -2   1   5  -4  -3  -2    3   1   4  18   1   2   3   3   1   1   1   2   0   1   1  11  44   0   1   2  0.66 0.33
   49 M    -3  -4  -3  -3  -3  -3  -4  -5  -3   1  -3  -4   4  -4  -4  -1   7  -5  -3   0    1   0   1   1   0   0   0   0   0   8   1   0  11   0   0   4  65   0   1   5  1.31 0.59
   50 I    -2  -5  -4  -4  -2  -3  -4  -5  -2   6  -1  -3  -1  -2  -3  -1   1  -5  -2   2    3   0   0   1   1   1   1   0   1  60   3   1   1   1   1   6   8   0   1  10  0.97 0.43
   51 P    -4  -6  -5  -6  -7  -4  -5  -6  -6  -7  -7  -5  -7  -4   9  -4  -5  -8  -7  -7    1   0   0   0   0   1   0   0   0   0   0   0   0   1  96   0   0   0   0   0  3.15 0.97
   52 T    -3  -5  -4  -5  -3  -5  -5  -6  -6  -4  -5  -5  -5  -6  -5  -2   8  -7  -6  -3    1   0   0   0   0   0   0   0   0   1   0   0   0   0   0   1  96   0   0   1  2.43 0.90
   53 V    -4  -5  -5  -6  -4   0  -5  -6  -6   6   0  -5  -1  -3  -5  -4  -2  -6  -4   4    0   0   0   0   0   4   0   0   0  56   7   0   1   0   0   1   1   0   0  29  1.32 0.53
   54 G    -1  -6  -4  -3  -6  -5  -6   7  -6  -7  -6  -5  -6  -7  -6  -4  -5  -6  -3  -4    4   0   0   1   0   0   0  92   0   0   1   0   0   0   0   0   0   0   1   1  2.24 0.76
   55 F    -5  -7  -7  -7  -4  -7  -7  -7  -5  -4  -3  -7  -2   9  -8  -1  -6  -3   0  -4    0   0   0   0   0   0   0   0   0   0   1   0   1  89   0   5   0   0   2   1  2.68 0.86
   56 N    -5  -5   9  -1  -7  -3  -3  -5   0  -5  -8  -4  -6  -7  -6  -1  -3  -8  -6  -7    0   0  91   1   0   1   1   0   2   1   0   0   0   0   0   3   1   0   0   0  2.61 0.90
   57 M    -3  -4  -6  -6  -4  -5  -6  -6  -6   3   0  -3   4  -2  -6  -4  -2  -6  -3   6    1   1   0   0   0   0   0   0   0  13   6   1  12   1   0   0   2   0   1  63  1.27 0.54
   58 R    -4   2  -4  -1  -7   0   7  -5  -3  -7  -5   2  -5  -7  -5  -4  -3  -3  -5  -6    0  11   0   1   0   2  70   0   0   0   1  12   0   0   0   0   1   0   0   0  1.59 0.66
   59 K    -1  -1  -2  -3  -3  -1   0  -4  -2  -3  -3   3  -2  -4  -4   1   6  -3  -4  -2    3   2   1   0   0   3   6   0   1   1   1  16   1   0   0   9  54   0   0   2  0.91 0.48
   60 V    -3  -5  -6  -6  -2  -5  -5  -5  -6   3   1  -5   0  -1  -5  -5  -3  -5  -2   6    0   0   0   0   1   0   0   1   0  16  12   0   2   3   0   0   0   0   1  63  1.25 0.51
   61 T    -2   0  -1  -1  -3   2   4  -3  -1  -2  -4   2  -2  -5  -3  -1   3  -5  -3  -1    2   4   3   2   1  11  35   1   1   2   1  11   1   0   0   2  19   0   1   5  0.56 0.34
   62 K    -4  -1  -4  -4  -2  -2  -4  -5   4  -2  -3   2  -4   2  -5  -2  -3  -1   8  -2    0   3   0   1   1   1   0   0  10   2   1  14   0   6   0   3   1   0  52   2  1.38 0.57
   63 G    -3   1   0   0  -6   0  -1   2  -1  -5  -5   6  -4  -6  -4  -3  -3  -6  -5  -3    0   5   5   4   0   3   3  18   1   0   0  56   0   0   0   1   0   0   0   2  1.03 0.48
   64 N    -4  -1   8  -2  -6  -2  -3   1   1  -6  -6   1  -5  -6  -5  -1  -3  -6  -3  -6    1   2  68   1   0   1   1   9   3   0   0   8   0   0   0   4   0   0   1   0  1.62 0.64
   65 V    -3  -5  -5  -5  -2  -5  -5  -5  -3   5   1  -3   0   1  -5  -4  -1  -3   0   4    1   0   0   0   1   0   0   1   1  39  12   1   2   5   0   0   4   0   3  30  0.86 0.38
   66 T    -2   0   1  -1   0  -1   0  -3   1  -3  -4   3  -3  -4  -3   4   3  -5  -4  -3    1   5   5   2   2   1   4   1   3   1   1  20   0   0   0  33  18   0   0   1  0.56 0.36
   67 I    -4  -6  -6  -7  -4  -6  -6  -6  -5   2   3  -6   2   8  -6  -5  -5  -3  -1  -2    1   0   0   0   0   0   0   0   0  11  22   0   4  59   0   0   0   0   1   1  1.62 0.59
   68 K    -2  -2   3  -2  -2   1  -1  -4  -2  -3  -3   3  -2  -5  -3  -1   5  -5  -4  -1    1   1  17   1   1   6   3   0   1   1   2  18   1   0   0   2  42   0   0   4  0.75 0.43
   69 I    -1  -5  -6  -6   2  -5  -5  -6  -6   4   0  -5   3  -1  -5  -4  -2  -5  -4   6    3   0   0   0   4   0   0   0   0  20   5   0   7   2   0   0   1   0   0  56  1.14 0.48
   70 W    -7  -7  -7  -8  -1  -6  -7  -7  -7  -7  -6  -7  -1  -2  -7  -7  -7  13  -2  -7    0   0   0   0   1   0   0   0   0   0   0   0   1   1   0   0   0  93   0   0  4.62 1.22
   71 D    -5  -5  -2   8  -7  -4  -2  -5  -5  -6  -7  -4  -6  -7  -5  -4  -5  -7  -6  -5    0   0   1  95   0   0   1   0   0   0   0   0   0   0   0   0   0   0   0   1  2.64 0.85
   72 I    -3  -5  -5  -6  -3  -5  -5  -6  -5   4   2  -5   1   0  -5  -4  -3  -5  -4   5    1   0   0   0   0   0   0   0   0  25  17   0   2   3   0   0   0   0   0  48  1.06 0.44
   73 G    -1  -5  -4  -5  -2  -5  -5   7  -3  -7  -6  -5  -6  -6  -4  -3  -5  -6  -6  -6    4   0   0   0   1   0   1  90   1   0   0   0   0   0   1   1   0   0   0   0  2.15 0.71
   74 G    -2  -6  -4  -5  -6  -5  -5   7  -5  -7  -7  -5  -2  -6  -5  -2  -5  -6  -6  -6    1   0   0   0   0   0   0  92   0   0   0   0   1   0   0   3   0   0   0   0  2.28 0.74
   75 Q    -4   0  -2  -3  -2   8  -2  -4  -1  -4  -4  -2  -4  -6  -4  -3  -3  -6  -3  -6    1   4   1   1   1  81   1   1   1   1   1   1   0   0   0   2   1   0   1   0  2.08 0.81
   76 P    -2   0   0   5  -2  -1   2  -3  -1  -5  -5   1  -3  -5   3  -1   0  -6  -3  -4    2   5   3  38   1   2  12   1   1   0   1   8   1   0  16   4   5   0   1   1  0.75 0.36
   77 R    -2   4  -2  -4  -2   0  -2  -4  -2  -4  -4   6  -2  -5  -4   2  -1  -5  -3  -3    2  23   1   0   1   3   0   1   1   1   1  46   1   0   0  14   3   0   1   1  0.95 0.46
   78 F    -4  -4  -5  -6  -4  -5  -5  -6  -5   6   2  -4   0   4  -5  -3  -2  -4   0   0    0   1   0   0   0   0   0   0   0  55  16   1   2  16   0   1   2   0   3   2  1.13 0.47
   79 R    -5   8  -4  -5  -5  -1  -4  -6  -2  -6  -5  -2  -5  -6  -6  -4  -5  -1  -5  -6    0  93   0   0   0   2   0   0   1   0   1   0   0   0   0   1   0   1   0   0  2.50 0.84
   80 S     0  -1  -2  -3  -2   0  -3  -3  -2  -4  -3  -1  -4  -2   6   3  -1  -5  -4  -3    9   3   1   1   1   3   1   1   1   1   2   3   0   2  46  21   4   0   0   2  1.04 0.45
   81 M    -3  -4  -5  -5  -4  -3  -4  -4  -2  -1   5  -4   5   0  -4  -2  -3  -1   4  -1    1   0   0   0   0   1   1   1   1   1  53   0  15   3   1   3   1   1  14   2  0.93 0.43
   82 W    -5  -3  -7  -8  -6  -6  -7  -7  -6  -5  -5  -7  -2  -3  -5  -7  -6  13  -1  -7    1   2   0   0   0   0   0   0   0   1   1   0   1   1   1   0   0  91   1   0  4.41 1.17
   83 E    -1   6  -1  -3  -2  -1   3  -4   1  -2  -4   2  -4  -5  -3  -1  -2  -5  -3  -3    4  49   2   0   1   2  17   1   4   2   1   9   0   0   1   4   1   0   1   2  0.90 0.42
   84 R    -3   3   2  -4   2   0  -3  -5   9  -5  -4  -1  -4  -2  -3  -2  -1  -5   2  -5    1  17   8   0   5   3   0   0  46   0   1   2   0   1   1   2   5   0   6   0  1.32 0.53
   85 Y    -6  -6  -6  -6  -1  -5  -6  -7  -1  -5  -4  -6  -3  -1  -7  -6  -5  -2  10  -5    0   0   0   0   1   0   0   0   1   0   1   0   1   1   0   0   0   0  92   0  3.07 0.96
   86 C    -4  -5  -5  -5   6  -5  -6  -5  -2  -2  -2  -5  -3   6  -6  -5  -3  -2   7  -3    1   0   0   1  18   0   0   1   0   2   4   0   0  38   0   0   2   0  32   1  1.66 0.60
   87 R    -1   3   0   0  -3   5   1  -3   0  -3  -3   0  -3  -4   1   0   0  -4  -2  -2    4  18   3   4   0  29  10   1   2   1   1   4   0   0   6   5   7   0   1   3  0.49 0.30
   88 G    -2  -2   6   1  -3  -1  -1   4   0  -5  -6  -1  -5  -4  -4   0  -2  -5  -3  -5    3   1  46   5   1   2   3  27   2   0   0   3   0   1   0   4   2   0   1   0  1.02 0.45
   89 V     0  -4  -3  -4  -1  -3  -4  -4  -2  -2  -3  -3   0  -4  -4   0   6  -5  -4   3    9   0   1   0   1   1   0   0   1   1   1   1   2   1   0   6  56   0   0  19  1.03 0.51
   90 N    -2  -1   3   4  -4   5   0  -4   2  -5  -3   0  -4  -3  -4   0  -1  -5  -2  -4    2   3  13  23   0  34   4   0   4   0   2   3   0   1   0   6   3   0   1   1  0.78 0.41
   91 A     4  -3  -4  -4   0  -4  -4   5  -4  -3  -3  -4  -3  -3  -4  -2  -3  -5  -3  -1   43   1   0   0   2   0   0  41   0   2   3   0   1   1   0   1   1   0   1   4  1.01 0.46
   92 I    -3  -5  -6  -6  -4  -5  -5  -6  -5   4   4  -5   0  -2  -5  -5  -3  -1  -4   3    1   0   0   0   0   0   0   0   0  27  48   0   1   1   0   0   0   1   0  19  1.05 0.44
   93 V    -4  -6  -6  -4  -4  -5  -6  -6  -6   7  -1  -5  -1  -3  -5  -4  -3  -6  -4   4    0   0   0   1   0   0   0   0   0  67   2   0   1   0   0   1   1   0   0  25  1.63 0.59
   94 Y    -4  -5  -6  -6  -2  -5  -5  -6  -3  -4  -1  -4  -1   8  -6  -5  -5   4   6  -3    1   0   0   0   1   0   0   0   0   0   4   1   1  56   0   0   0   5  27   2  1.87 0.63
   95 M    -3  -5  -6  -6  -2  -5  -5  -6  -6   1  -2  -5   4  -3  -5  -5  -3  -5  -2   7    0   0   0   0   1   0   0   0   0   4   2   0  10   1   0   0   0   0   1  79  1.65 0.63
   96 I    -2  -5  -6  -6  -4  -5  -5  -5  -6   4  -1  -5  -2  -3  -5  -5  -3  -6  -4   7    2   0   0   0   0   0   0   1   0  22   3   0   0   1   0   0   0   0   0  69  1.53 0.58
   97 D    -4  -5  -1   8  -7  -4  -2  -4  -3  -6  -7  -4  -6  -7  -5  -4  -5  -7  -6  -4    1   0   1  93   0   0   0   1   1   0   0   0   0   0   0   0   0   0   0   1  2.53 0.83
   98 A     2  -4  -2  -2   1  -3  -4  -3  -4  -2  -5  -4  -4  -5  -4   6  -2  -6  -5  -4   16   0   1   1   3   0   0   1   0   2   0   0   0   0   0  73   1   0   0   1  1.41 0.64
   99 A     3  -3   5  -1   1  -1  -3  -2  -1  -3  -4  -2  -3  -5  -4   2   2  -4  -4  -3   28   0  29   2   3   2   1   2   1   1   1   1   1   0   0  15  13   0   0   1  0.67 0.38
  100 D    -5  -5  -2   8  -7  -2  -1  -4  -5  -7  -7  -5  -7  -7  -5  -3  -5  -8  -7  -7    0   0   1  93   0   1   2   1   0   0   0   0   0   0   0   1   0   0   0   0  2.58 0.85
  101 R    -3   7  -2  -4  -2   0  -2  -4   1  -2  -3   2  -2  -4  -1  -2  -1  -3  -3  -2    2  58   1   0   1   4   2   1   3   3   2  10   1   0   3   2   3   0   1   3  1.05 0.47
  102 E    -1   0  -1   4  -3   0   5  -2  -2  -5  -4   0  -2  -5  -3  -2  -3  -5  -3  -4    6   4   2  26   1   3  43   2   0   0   2   6   1   0   1   2   1   0   1   1  0.88 0.42
  103 K    -4   8  -2  -5  -2  -2  -3  -5  -1  -6  -3   2  -2  -6  -4  -3  -4  -1  -5  -6    1  77   2   0   1   1   0   0   1   0   2  11   1   0   1   1   0   1   0   0  1.87 0.69
  104 I    -3  -3  -5  -5  -1  -4  -5  -6  -5   5   3  -5   3   2  -5  -4  -3  -4  -2   3    1   1   0   0   1   1   0   0   0  35  22   0   8   9   0   0   0   0   0  20  0.84 0.37
  105 E    -1  -1   2   3  -3   1   3   1  -1  -3  -4  -1  -3  -4   2   0  -2  -4  -2  -1    5   3  12  14   0   5  23   9   1   0   1   2   0   0   8   7   1   0   1   5  0.35 0.22
  106 A     0  -2  -2   2  -2   0   6  -4  -3   0  -1  -1  -2  -3  -3  -1   0  -5  -4  -2    7   1   1   9   1   2  51   0   0   6   5   2   1   1   0   3   7   0   0   3  0.72 0.39
  107 S     6  -4  -4  -4   2  -4  -4  -3  -4  -3  -4  -4  -2  -5  -4   3   0  -5  -3  -1   63   0   0   0   4   0   0   1   0   1   0   0   1   0   0  18   6   0   1   5  1.09 0.52
  108 R    -1   6  -2  -4  -1  -1  -2  -1  -1  -4  -4   4  -3  -5  -4  -1  -1  -5  -4  -4    5  47   1   0   2   2   2   5   1   1   1  24   0   0   0   3   4   0   0   0  0.98 0.45
  109 N    -1  -1   2   3  -4   2   4  -3   0  -4  -3  -1  -2  -1  -3  -1  -1  -3  -2  -3    4   3  11  17   0  11  33   1   2   0   2   3   1   3   0   4   2   0   1   2  0.54 0.31
  110 E    -3  -3  -4  -1  -7   0   7  -5  -4  -6  -5  -1  -4  -5  -5  -3  -4  -6  -5  -4    2   1   0   2   0   2  86   1   0   0   1   2   0   1   0   1   1   0   0   1  1.94 0.75
  111 L    -5  -5  -6  -7  -5  -5  -6  -5  -6   0   6  -6   1   1  -6  -4  -4  -5  -4  -2    0   0   0   0   0   0   0   1   0   3  87   0   2   4   0   1   0   0   0   0  1.63 0.62
  112 H    -2  -1   0  -1  -3   2  -2  -4   8  -3  -2  -1   4   1  -4  -1  -2   0   0  -3    4   3   5   4   1  11   2   1  36   1   2   3  12   5   0   5   2   1   3   1  0.84 0.42
  113 N    -1   5   3  -1  -4   1   0  -2  -1  -3  -3   2   0  -4  -4   0  -1  -3  -1  -3    6  34  13   3   0   4   6   3   1   1   2  11   2   0   0   7   2   0   2   1  0.48 0.28
  114 L    -3  -5  -5  -6  -4  -4  -4  -6  -5   3   4  -5   7  -2  -5  -5  -3  -5  -4   1    2   0   0   0   0   0   1   0   0  16  39   0  32   1   0   0   0   0   0   9  1.21 0.50
  115 L    -4  -4  -6  -6  -2  -5  -6  -5  -6   2   6  -5   3  -1  -6  -4  -3  -5  -4  -1    1   1   0   0   1   0   0   1   0  11  74   0   6   2   0   1   1   0   0   2  1.30 0.52
  116 D     2  -2   3   2  -3   1   2  -1  -2  -4  -3   0  -2  -4  -2   2  -1  -2  -4  -3   17   1  18  11   0   7  14   4   0   1   2   5   1   0   1  14   3   1   0   1  0.36 0.25
  117 K    -2  -2   0   3  -3   1   6  -4   2  -5  -4   2  -4  -4  -4  -1  -3  -3  -2  -5    3   1   3  13   1   4  49   0   5   0   1  12   0   0   0   3   1   0   2   0  0.91 0.45
  118 P    -3  -1   0   5  -3   0   4  -4   0  -5  -5  -2  -5  -5   4  -2  -3  -6  -4  -5    1   4   3  30   1   2  28   1   2   1   1   1   0   0  21   1   1   0   0   0  0.98 0.45
  119 Q    -2   0  -1   1  -5   2   6  -2  -1  -5  -4   1  -3  -3  -3   0  -2  -5  -3  -4    3   4   3   6   0   9  51   2   1   0   1   6   0   1   0   8   1   0   1   1  0.87 0.45
  120 L    -5  -5  -6  -7  -5  -5  -6  -7  -6  -1   6  -6   5  -2  -6  -3  -3  -5  -4  -1    0   0   0   0   0   0   0   0   0   1  80   0  12   1   0   2   1   0   0   3  1.61 0.64
  121 Q     0   5  -1  -2  -2   3  -1  -2   0  -3  -3   2  -2  -3  -4   1  -1  -2  -4  -3    9  35   2   1   1  13   3   3   2   1   1  13   1   1   0   9   2   0   0   2  0.58 0.34
  122 G    -3  -3   3   5  -5  -1   0   4   0  -6  -6  -1  -3  -4  -3  -1  -2  -6  -4  -5    1   1  14  34   0   2   5  29   2   0   0   3   1   1   1   4   1   0   0   0  0.89 0.42
  123 I     5  -4  -4  -5   2  -4  -4  -4  -5   3  -2  -3  -2  -3  -4   0   0  -5  -4   2   48   0   0   0   4   0   0   0   0  17   1   1   0   1   0   4   5   0   0  16  0.77 0.42
  124 P     0  -3  -4  -4  -2  -3  -4  -4  -4   1  -1  -2  -2  -2   6  -1   0  -5  -4   3    7   1   0   0   1   1   0   1   0   8   5   2   1   2  36   5   5   0   0  25  0.83 0.40
  125 V    -4  -5  -6  -6  -1  -5  -5  -6  -6   3   5  -5  -1   0  -6  -5  -3  -3  -4   3    0   0   0   0   1   0   0   0   0  12  62   0   0   3   0   0   1   0   0  18  1.15 0.49
  126 L    -4  -6  -7  -7  -2  -5  -6  -7  -6  -1   7  -6  -1  -3  -6  -4  -5  -5  -5  -1    1   0   0   0   1   0   0   0   0   1  90   0   1   0   0   1   0   0   0   4  1.77 0.67
  127 V    -3  -6  -6  -6  -3  -5  -4  -6  -5   4  -1  -6  -1  -3  -5  -5  -4  -6  -4   7    1   0   0   0   0   0   2   0   0  22   3   0   1   1   0   0   0   0   0  70  1.59 0.62
  128 L    -5  -6  -6  -6  -1  -6  -6  -6  -4  -1   3  -6   1   7  -6  -5  -5   1   3  -2    0   0   0   0   1   0   0   0   0   2  32   0   3  50   0   0   0   2   7   1  1.48 0.56
  129 G     6  -5  -5  -5   0  -4  -4   2  -3  -5  -4  -4  -2  -4  -3  -2  -4  -6  -5  -3   75   0   0   0   2   0   0  15   0   0   1   0   1   1   1   1   0   0   0   1  1.41 0.62
  130 N    -5  -3   9  -2  -6  -4  -4  -4  -3  -7  -7  -4  -6  -7  -6  -2  -3  -7  -6  -7    0   1  93   1   0   0   0   0   0   0   0   0   0   0   0   2   1   0   0   0  2.74 0.91
  131 K    -5  -1  -3  -5  -7  -2  -3  -4  -3  -6  -6   8  -5  -7  -5  -4  -5  -7  -6  -6    0   1   0   0   0   1   1   1   0   0   0  95   0   0   0   0   0   0   0   0  2.41 0.86
  132 R    -4   1   0  -4  -2   8  -2  -5  -1  -2  -5  -2  -1  -6  -5  -1  -4  -6  -5  -3    1   8   5   0   1  72   0   0   1   3   0   1   1   0   0   5   0   0   0   1  1.78 0.75
  133 D    -6  -6  -2   9  -8  -4  -2  -5  -5  -7  -7  -5  -4  -8  -6  -4  -5  -8  -7  -7    0   0   0  97   0   0   1   0   0   0   0   0   1   0   0   0   0   0   0   0  2.82 0.92
  134 L    -4  -3  -6  -6  -3  -2  -4  -6  -4   2   6  -2   2  -1  -5  -5  -4  -5  -4   0    0   1   0   0   0   2   1   0   0   8  74   2   5   2   0   0   0   0   0   4  1.21 0.51
  135 P    -2  -3  -3  -2  -4  -2  -1  -4  -2  -5  -3   1  -2  -6   8  -2  -4  -7  -3  -4    2   1   1   2   0   1   4   1   1   0   3   8   1   0  69   2   1   0   1   1  1.80 0.67
  136 N    -3  -2   6   2  -4   0   0   3   1  -5  -6  -1  -4  -6  -4  -1  -2  -6  -4  -5    1   1  42   9   0   4   5  25   3   1   0   3   0   0   0   2   2   0   1   1  0.95 0.45
  137 A     6  -4  -3  -5   1  -4  -4  -2   1  -5  -5  -1  -4  -6  -3   1  -3  -6  -5  -1   76   1   1   0   3   0   0   2   3   0   0   3   0   0   0   7   1   0   0   4  1.34 0.61
  138 L     0  -4  -6  -6  -4  -4  -4  -6  -5  -1   3  -4   9  -3  -5  -3  -3  -3  -5   0    7   0   0   0   0   0   1   0   0   2  29   1  50   1   0   2   1   0   0   5  1.50 0.63
  139 D    -1  -2   4   2  -4  -1  -2  -2  -2  -5  -3   1  -4  -5   1   4   3  -6  -5  -4    3   2  19  10   0   1   0   2   0   0   2   7   0   0   7  29  18   0   0   0  0.62 0.38
  140 E     3  -3  -4  -2  -2  -1   1  -3  -4  -1  -2  -1  -2  -4   4  -1   0  -5  -4   2   27   0   0   1   1   2  10   1   0   3   3   4   1   0  18   4   6   0   0  19  0.46 0.31
  141 K     3  -2   0   1  -3   0   1  -1   1  -4  -3   1  -1  -4  -1   1  -1  -5  -3  -2   34   1   3   9   0   4  10   3   3   0   2   8   1   0   2  12   3   0   0   2  0.35 0.26
  142 Q    -1  -3  -4   2  -7   2   7  -4  -3  -5  -5  -2  -5  -6  -5  -2  -3  -6  -3  -5    4   1   0   8   0   9  69   1   0   0   1   1   0   0   0   2   1   0   1   1  1.50 0.65
  143 L    -4  -6  -6  -6  -3  -5  -6  -7  -6   6   3  -6   2  -2  -5  -5  -3  -5  -4   3    0   0   0   0   0   0   0   0   0  47  26   0   4   1   0   0   1   0   0  20  1.24 0.51
  144 I     2  -2  -3  -4  -1   0  -2  -3  -2   3  -2  -2  -1  -3  -4   2   4  -5  -4  -1   14   1   0   0   1   4   1   1   1  20   1   2   1   0   0  13  33   0   0   3  0.55 0.37
  145 E    -2  -1   0   5  -5   1   5  -4  -2  -6  -5   1  -4  -6  -4  -1  -2  -6  -5  -5    2   3   4  34   0   5  36   1   1   0   0   8   0   0   0   4   3   0   0   0  1.03 0.48
  146 K     1   1  -2  -2  -4   1   1   0  -1  -3  -3   5  -2  -4  -4  -1  -2  -3  -3  -3   13   6   1   1   0   6   8   7   1   2   2  45   1   0   0   3   2   0   1   2  0.63 0.37
  147 M    -5  -6  -7  -7  -5  -5  -6  -6  -6  -1   6  -6   5  -2  -7  -6  -5  -1  -4  -3    0   0   0   0   0   0   0   0   0   1  80   0  15   1   0   0   0   1   0   0  1.77 0.69
  148 N    -1   0   3   1  -3   1   0   5   0  -6  -6   0  -4  -6  -4   0  -3  -5  -4  -5    3   5  16   9   1   5   7  42   2   0   0   5   0   0   0   5   0   0   1   0  0.76 0.37
  149 L    -5  -6  -6  -8  -5  -6  -7  -8  -5  -2   7  -6   0  -2  -4  -6  -5  -6  -5  -3    0   0   0   0   0   0   0   0   0   1  95   0   1   1   1   0   0   0   0   0  2.01 0.76
  150 S    -1   0   2   1  -4   1   0  -1   7  -4  -4   0  -3  -2  -1   1   0  -5   0  -4    3   4   9   7   0   6   5   4  30   0   1   5   1   2   3  10   7   0   2   1  0.59 0.34
  151 A     1   0   1   0  -3   1   0  -1  -1  -4  -3   1  -2  -3  -3   4   1  -3  -2  -3   13   6   5   6   0   5   6   3   1   0   1   8   1   1   1  35   7   0   1   1  0.40 0.29
  152 I    -4  -5  -5  -6  -3  -5  -6  -6  -3   5   4  -5   1  -1  -5  -4  -4  -5  -2   0    1   0   0   0   0   0   0   0   1  38  47   0   3   2   0   1   0   0   2   5  1.17 0.49
  153 Q    -3   5   0  -3   0   3  -2  -2   1  -4  -5   3  -4  -5  -2  -1   1  -5  -3  -3    1  37   4   1   2  12   1   3   3   0   0  19   0   0   2   3   8   0   0   2  0.79 0.41
  154 D    -3  -1   4   5  -4   1  -1   1   4  -4  -4  -1  -4  -5  -3  -1   0  -5  -3  -5    1   2  20  29   0   7   3  10  12   1   1   2   0   0   1   4   5   0   1   0  0.72 0.37
  155 R    -5   8  -2  -5  -6   0  -4  -6   4  -7  -6  -1  -4  -6  -4  -4  -5  -3  -3  -5    0  80   2   0   0   3   0   0   8   0   0   2   0   0   1   1   0   0   1   1  2.15 0.80
  156 E    -2   0   3   0  -2   1   2  -3   3  -3  -4   2  -3  -4   2  -1   1  -5  -3  -2    3   5  17   4   1   7  16   1   8   1   1  13   0   0  10   2   8   0   0   3  0.41 0.27
  157 I    -7  -6  -7  -9  -1  -6  -8  -8  -5   1  -4  -6  -6  -1  -8  -7  -5  12   0   1    0   0   0   0   2   0   0   0   0   8   1   1   0   2   0   0   1  74   2   9  3.48 1.08
  158 C    -2  -3  -3  -5   5   1  -3  -5   6  -4  -3  -3  -3   2  -6   0  -2  -2   6  -4    4   1   1   0  13   7   1   0  21   0   1   1   0   8   0   7   3   0  30   1  1.12 0.52
  159 C    -4  -6  -7  -7   6  -5  -7  -7  -7   7  -1  -6  -2  -3  -6  -5  -3  -6  -4   3    1   0   0   0  16   0   0   0   0  58   4   0   1   1   0   0   1   0   0  18  1.60 0.62
  160 Y    -4  -2  -4  -5  -2   8  -2  -6  -1  -2  -3  -2  -1   2  -5  -4  -5  -3   4  -2    1   1   0   0   1  62   1   0   1   2   3   1   1   7   0   0   0   0  14   3  1.57 0.73
  161 S     3  -2  -3  -4  -4  -2  -2   2  -4  -5  -4  -1   0  -5   3   3  -2  -6  -5  -3   29   2   0   0   0   1   1  18   0   0   0   4   2   0  17  23   2   0   0   1  0.70 0.41
  162 I     1  -5  -4  -5   8  -5  -5  -4  -6   2  -3  -5  -4  -5  -4   1   5  -6  -5  -1    9   0   0   0  29   0   0   1   0  14   1   0   0   0   1   9  33   0   0   3  1.23 0.56
  163 S    -3  -5  -3  -4   9  -5  -5  -5  -6  -2  -6  -5  -5  -6  -5   5  -2  -7  -6  -1    0   0   1   1  44   0   0   0   0   2   0   0   0   0   0  46   1   0   0   4  2.02 0.79
  164 C     7  -5  -5  -6   5  -4  -5  -2  -6  -5  -5  -5  -1  -6  -4  -3  -4  -6  -6  -3   83   0   0   0  10   0   0   2   0   0   0   0   2   0   1   0   0   0   0   1  1.83 0.76
  165 K    -2  -2  -2  -4  -2  -2  -2  -5  -2   2   1   3  -1  -3  -3  -2   5  -5  -1   1    3   1   1   0   1   1   1   0   1  11  13  20   1   1   1   1  35   0   2   8  0.54 0.36
  166 E    -2  -1   1   0  -3   0   1  -3  -1  -5  -5   0  -2  -5  -4   4   4  -6  -3  -4    1   4   6   4   0   4  10   1   1   0   0   5   1   0   0  31  31   0   0   0  0.72 0.44
  167 K    -3  -3  -2  -4  -5  -1  -1   7  -4  -7  -5   1  -4  -6  -4  -1  -5  -6  -6  -5    1   2   2   0   0   3   4  75   0   0   1   8   0   0   1   3   0   0   0   1  1.58 0.62
  168 D    -3  -2   0   5  -6   1   4  -3   1  -4  -4  -2  -4  -5  -4  -2   1  -6  -4  -3    2   1   3  37   0   5  29   1   3   1   1   2   0   0   0   2  11   0   0   2  0.94 0.47
  169 N    -4  -3   4  -3  -6  -5  -5   7  -3  -7  -7  -4  -6  -7  -6  -4  -4  -6  -7  -6    0   1  18   1   0   0   0  77   1   0   0   0   0   0   0   0   0   0   0   0  1.98 0.74
  170 I    -4  -6  -6  -7  -4  -5  -6  -7  -6   3   6  -6   0  -2  -5  -5  -3  -5  -4   1    1   0   0   0   0   0   0   0   0  18  70   0   1   0   0   0   1   0   0   8  1.38 0.56
  171 D    -4  -3  -1   3  -1   0   0  -4   1  -3  -1  -1  -3   1  -4  -2  -2   0   7  -3    0   1   2  17   2   4   5   1   2   1   5   4   0   5   1   2   2   1  43   1  0.94 0.47
  172 I    -1  -3  -2   1  -6   1   7  -5  -3   1  -5  -1  -5  -6  -4  -2  -3  -6  -4  -4    6   0   1   6   0   6  65   0   0   8   0   2   0   0   0   3   1   0   0   1  1.29 0.61
  173 T     0  -4  -4  -5  -5  -5  -6   7  -6  -4  -6  -5  -5  -6  -6  -2   1  -6  -6   0    7   1   0   0   0   0   0  73   0   1   0   0   0   0   0   1   9   0   0   8  1.60 0.64
  174 L    -5  -4  -7  -7  -5  -5  -6  -6  -6   1   6  -6   4   2  -5  -5  -4  -5  -4  -1    0   1   0   0   0   0   0   0   0   6  71   0  10   7   1   1   0   0   0   3  1.38 0.57
  175 Q    -3  -2   0   6  -6   3   2  -3  -1  -6  -6  -1  -3  -6  -5  -1  -1  -7  -4  -6    2   1   4  53   0  13  14   1   1   0   0   2   1   0   0   3   3   0   0   0  1.23 0.54
  176 W    -7  -5  -7  -9  -6  -7  -4  -8  -4  -7  -6  -8  -7  -1  -6  -8  -7  13  -2  -6    0   1   0   0   0   0   2   0   0   0   0   0   0   2   1   0   0  92   0   1  4.59 1.32
  177 L    -4  -6  -7  -7  -5  -6  -6  -7  -5   2   6  -6   1  -2  -6  -6  -5  -5  -4   0    1   0   0   0   0   0   0   0   0   9  81   0   3   1   0   0   0   0   0   5  1.58 0.62
  178 I     2  -3  -2  -4   2  -2  -3  -3  -3   2  -2  -3   0  -3  -4   4   1  -5  -3   2   18   1   1   0   4   1   0   1   1  12   3   1   2   0   0  34   7   0   0  14  0.47 0.33
  179 Q    -1   1   5   1  -2   2   1  -2   0  -5  -5   3  -3  -3  -4   1  -1  -5  -4  -4    5   6  26   7   1  11   7   2   2   0   0  16   0   1   0  12   3   0   0   0  0.55 0.32
  180 H     0   1   3   0  -2   3   0  -4   5  -4  -3  -1   1  -4  -4  -1   1  -1  -1  -3    6   7  18   5   1  17   6   0  15   0   2   2   3   0   0   4  10   1   2   1  0.47 0.31
  181 S    -1  -4  -3  -5  -1  -3  -4  -4  -1   3   4  -3   1  -2  -4   1  -2  -4  -1   2    5   0   1   0   1   0   0   1   1  18  39   1   3   1   0  13   1   0   2  13  0.53 0.31
  182 K     0   3  -1  -3  -3   2  -1  -3  -2  -4  -4   5  -3  -3  -2   1  -1  -1  -4  -3    8  13   3   0   1   7   2   1   0   1   0  46   0   1   2   9   2   1   0   2  0.74 0.40
  183 S     0  -1   4  -1  -4  -1   0  -1  -3  -4  -4   3  -3  -4  -1   4   0  -5  -4  -3    6   2  23   1   0   2   6   4   0   0   1  17   0   0   3  30   4   0   0   1  0.56 0.34
  184 R    -1   5  -1  -3  -5   3  -2  -4  -1  -4  -5   4  -1  -4  -3  -1  -3  -5  -3  -4    4  38   3   0   0  14   1   0   1   0   0  30   2   0   1   3   1   0   0   1  0.96 0.43
  185 R    -3   5  -1  -3  -6   2  -2  -4  -2  -5  -5   6  -4  -5  -3  -2  -3  -5  -4  -4    0  30   2   1   0   8   0   0   1   0   0  57   0   0   0   0   0   0   0   1  1.23 0.43
  186 S     2  -2   3  -1  -2  -1  -1  -2  -2  -3  -4  -1  -3  -4  -2   5   2  -4  -3  -3   14   0  15   0   0   0   0   0   0   0   0   0   0   0   0  58  13   0   0   0  0.67 0.22

                      K         Lambda
Standard Ungapped    0.1367     0.3218
Standard Gapped      0.0500     0.2670
PSI Ungapped         0.1634     0.3174
PSI Gapped           0.0500     0.2670
