
Last position-specific scoring matrix computed, weighted observed percentages rounded down, information per position, and relative weight of gapless real matches to pseudocounts
            A   R   N   D   C   Q   E   G   H   I   L   K   M   F   P   S   T   W   Y   V   A   R   N   D   C   Q   E   G   H   I   L   K   M   F   P   S   T   W   Y   V
    1 M    -3  -3  -4  -5  -3  -2  -4  -5  -4   1   1  -3   9  -2  -4  -3  -3  -3  -3  -1    0   0   0   0   0   0   0   0   0   7   6   0  88   0   0   0   0   0   0   0  1.69 0.44
    2 L    -2  -3  -1  -4  -3  -3  -2  -4  -1   0   4  -3   4   3  -4   1  -2  -2  -1  -1    0   0   3   0   0   0   3   0   2   0  45   0  15  18   0  13   0   0   0   2  0.48 0.24
    3 P    -1  -2  -2   0  -3   0  -2  -1  -3  -2   0   1  -2  -4   6   0   0  -4  -4  -1    2   0   0   5   0   6   0   6   0   0  13   9   0   0  42   8   5   0   0   5  0.71 0.25
    4 L    -3  -4  -4  -5   2  -3  -4  -5  -4   2   4  -4   3   1  -4  -1   1  -3  -1   0    0   0   0   0   5   0   0   0   0  12  53   0   8   4   0   4   9   0   2   2  0.61 0.29
    5 T    -1  -1   1   0  -3  -1  -1  -2  -2   0  -1   2   3  -3   0   1   3  -4  -3   0    3   2   5   4   0   2   2   2   0   5   2  17  10   0   4  11  25   0   0   6  0.24 0.21
    6 E     1  -3  -3   2  -6   1   6  -5  -2  -6  -5  -2  -2  -6  -4  -2  -3  -6  -5  -3   12   0   0   9   0   6  65   0   1   0   1   1   1   0   0   2   1   0   0   2  1.28 0.61
    7 E    -1  -1  -1   3  -3   1   3  -3  -3  -3  -2   4  -4  -5  -1   1  -1  -5  -4  -4    3   1   2  18   1   4  22   1   0   2   4  28   0   0   3   8   3   0   0   0  0.56 0.36
    8 N    -1  -1   3   3  -3  -1   2  -3   2   0  -2   1  -1  -1  -4  -1  -1  -5  -1  -1    3   2  19  16   0   2  14   1   7   6   3   9   1   3   0   4   2   0   1   6  0.32 0.25
    9 K     0   3  -2  -2  -3   2   1  -3  -3  -3  -2   4  -3  -5   1   1  -2  -5  -2  -2    8  13   1   2   0  11   7   1   0   1   3  30   0   0   6  12   1   0   1   3  0.49 0.36
   10 H     0   0   1   1  -5   2   2  -3   3  -3  -3   1  -2  -4   3   1   0  -5  -4  -3    7   4   6   7   0   9  15   1   8   2   2   9   1   1  14  10   5   0   0   1  0.38 0.31
   11 V     2  -6  -6  -7  -5  -6  -6  -6  -6   5   2  -6  -1  -1  -6  -3   0  -6  -5   4   15   0   0   0   0   0   0   0   0  36  15   0   1   2   0   1   5   0   0  25  1.03 0.55
   12 A     2  -4  -5  -6  -2  -4  -4  -4  -3   3   0  -3  -3   4  -4  -3   0  -4   2   4   15   1   0   0   1   1   0   1   1  16   7   2   0  15   1   2   6   0   6  28  0.60 0.40
   13 Q     0   1   2   1  -2   2   2  -2   1  -4  -2   3  -2  -5  -3   0   0  -5  -2  -4    8   7  11   8   1   9  13   3   3   1   4  18   1   0   1   7   4   0   1   0  0.35 0.29
   14 L     0  -1  -1   1   1  -1   0  -3   2   0   0   1   0   2  -3  -1   1  -3   2   0    8   3   2  11   3   1   6   1   5   4  10   8   3   9   0   3   9   0   9   6  0.11 0.15
   15 L    -5  -7  -8  -8   4  -7  -7  -8  -7  -1   6  -7   2  -2  -7  -5  -6  -6  -2  -3    1   0   0   0   7   0   0   0   0   3  80   0   4   2   0   1   0   0   1   1  1.85 0.87
   16 F    -2   3  -1  -4  -3   1  -1  -3   0   0   3   1  -1   0  -5  -3  -1  -1  -1   0    3  14   3   0   0   7   4   2   3   5  35   9   1   3   0   1   3   1   2   5  0.35 0.30
   17 S    -1   0   1   2  -3   1   3   0  -2  -6  -6   1  -3  -6  -5   4  -1  -6  -4  -5    5   4   6   9   0   6  20   6   1   0   0   7   1   0   0  32   3   0   1   0  0.64 0.48
   18 S     1  -1   0  -4   1  -2  -2  -3  -1   3   2  -2  -1   0  -3  -1  -1   2  -1   1   13   4   4   0   4   2   2   2   2  18  24   2   1   3   1   5   3   3   1   8  0.24 0.22
   19 G    -4  -2   1  -2  -2  -1  -2   6   1  -8  -8   0  -7  -3  -1  -2  -4  -7  -7  -7    0   2   7   2   1   4   2  65   3   0   0   6   0   1   3   3   1   0   0   0  1.41 0.73
   20 T    -2  -8  -7  -8  10  -7  -8  -5  -8  -1  -2  -7  -1  -1  -7  -2   0  -7  -2   4    4   0   0   0  50   0   0   1   0   3   4   0   1   3   0   3   5   0   1  24  2.00 0.90
   21 C    -7 -10 -10 -10  12 -10 -11  -9 -10  -8  -8 -10  -8  -9 -10  -8  -8  -9  -9  -8    0   0   0   0 100   0   0   0   0   0   0   0   0   0   0   0   0   0   0   0  4.96 1.80
   22 P     1   0  -1   1  -2   0   0  -2  -1   0  -1   0  -1  -2   4   0  -1   1  -1   0   13   5   3   9   1   4   5   2   1   5   4   5   1   2  18   6   2   2   3   8  0.21 0.20
   23 R    -1   7  -4  -6  -2  -2  -4  -3   0  -2  -1  -1   0  -1  -5  -3  -3   1   0  -2    5  61   1   0   1   2   1   2   2   2   5   2   2   3   1   2   1   2   3   3  1.34 0.75
   24 C    -7 -10 -10 -10  12 -10 -11  -9 -10  -8  -8 -10  -8  -9 -10  -8  -8  -9  -9  -8    0   0   0   0 100   0   0   0   0   0   0   0   0   0   0   0   0   0   0   0  4.96 1.80
   25 I     1  -5  -5  -7   6  -2  -4  -5  -7   5  -1  -6   0  -4  -6  -1  -1  -7  -6   2   12   0   0   0  17   2   1   1   0  37   4   0   2   0   0   5   4   0   0  14  1.07 0.59
   26 L    -5  -6  -5  -8  -4  -5  -5  -5  -3  -1   6  -6   2   4  -8  -7  -6  -6  -5  -2    0   0   1   0   0   0   1   1   1   2  72   0   4  14   0   0   0   0   0   3  1.66 0.83
   27 R    -7   9  -6  -7  -9  -5  -6  -5  -6  -2  -6  -2  -2  -8  -8  -5  -7  -8  -7  -5    0  92   0   0   0   0   0   1   0   2   1   2   1   0   0   1   0   0   0   1  2.93 1.30
   28 F    -5  -7  -7  -8  -2  -5  -7  -8   2  -2   2  -7   1   7  -8  -7  -4  -4   6  -3    1   0   0   0   1   1   0   0   5   2  17   0   3  47   0   0   1   0  22   1  1.77 0.89
   29 C    -1  -4  -4  -5   6  -5  -5  -5  -6   1   4  -5   2   3  -6  -1  -3  -5  -3  -1    5   1   1   0  15   0   1   1   0   6  43   0   5  13   0   5   2   0   0   3  0.93 0.57
   30 G    -2  -1   1  -2   4  -3  -5   6  -6  -4  -5  -1  -6  -5  -4  -1  -4  -6  -6  -6    3   4   6   3   8   1   1  62   0   1   1   5   0   0   1   5   0   0   0   0  1.36 0.75
   31 V    -1  -2  -2  -2   3  -2   1  -5  -4   2   0  -2   0   0  -3  -3  -2   1   0   4    5   2   2   2   6   1  12   0   0  13   9   2   2   3   1   1   2   2   3  32  0.43 0.34
   32 D    -3   4   0   1  -2   0  -1  -1   2  -4  -4   3  -3  -2  -1   0   0  -5  -2  -4    1  27   4   7   1   4   3   5   5   1   1  19   1   2   3   6   6   0   2   1  0.51 0.39
   33 L    -1  -1   2   3  -2   1   1   0   0  -1   0   0  -2  -2  -3   1  -1  -2  -1  -1    3   3  12  15   1   5  10   7   3   3   8   4   0   2   1  11   3   1   2   5  0.17 0.18
   34 P    -1  -1  -3   0   0   2  -2  -1   3   1  -1  -2  -3   1   4   0  -1  -2   1  -1    3   3   0   4   2  11   2   4   8   9   6   1   0   5  18   8   3   1   6   4  0.27 0.26
   35 A     2  -1   1   1  -2   0   1  -2   1   0  -2  -1  -2  -2  -1   2   0  -2  -1  -1   18   2   6   8   1   4  10   2   4   5   4   3   1   1   2  16   6   1   2   4  0.15 0.18
   36 P     1  -2  -1  -3   1  -1  -2  -3   0   1   1  -2   0   0   1   0   0  -3   2   2   13   1   3   1   3   2   1   1   2   9  11   2   2   5   6   7   5   0   8  17  0.14 0.16
   37 Y    -4  -5  -3  -3   0  -3  -5  -5   2  -4  -2  -5  -4   2  -3  -2  -2  -3   9  -3    2   1   1   2   2   1   1   1   4   1   4   1   0   6   2   4   3   0  63   2  1.92 0.88
   38 K     1   4  -1  -1   1   2   1  -1  -3  -2  -2   1  -2  -4  -3   1  -1  -1  -3  -2   11  25   3   3   3   8   9   4   0   2   4   8   1   1   1  10   4   1   1   2  0.33 0.27
   39 H    -1   0   3   0   1   1   1  -2   2  -1   0   1  -2  -2  -1   0  -1  -1  -1  -2    6   4  15   5   4   7   8   3   5   3  10   9   0   2   3   7   4   1   2   3  0.12 0.13
   40 P    -1  -3  -1   0  -1  -2  -2  -3  -3  -1  -2  -1  -1  -3   5   3   0   0  -2  -1    5   1   3   5   1   1   2   2   0   3   3   3   2   1  29  23   6   1   2   6  0.59 0.38
   41 S     0  -1   0   0   0   2   1  -2   2  -1  -1   0  -2   0   0   1   0   0   2  -1    7   2   5   4   2   9   9   2   5   3   6   6   0   4   5  12   5   1   7   5  0.09 0.11
   42 K     0   0   0   0   0   2   2  -1   0  -1   0   1   0  -2   0   0   0   0  -1  -2    7   4   4   4   2  11  12   4   2   4   9  11   2   1   5   7   5   1   1   2  0.11 0.12
   43 E     0  -2   0   2  -3   0   3  -3  -1  -1  -2  -1  -1   1  -1   0   0  -1   1   1    7   2   3  13   0   4  22   2   1   3   3   3   1   6   3   5   4   1   4  10  0.21 0.19
   44 L    -2  -3  -2  -3  -1  -3  -3  -3  -3   2   3  -2   1  -1  -1  -1   2  -3  -2   2    3   1   2   1   1   1   2   2   0  13  32   2   3   3   4   4  13   0   1  13  0.38 0.26
   45 L     0  -1  -1  -1   0   1   1  -2   0  -1   2   0   1   0  -2   0   1  -1   0   0    8   3   3   3   2   6  10   2   3   3  20   5   4   4   1   5  10   1   3   5  0.07 0.11
   46 N     0   0   2   1  -1   1   1  -1   1  -2  -1   2  -2  -2  -2   1   0  -3  -3  -2    9   6  10   9   1   5  11   3   3   2   5  13   1   1   1  12   4   0   1   2  0.18 0.16
   47 E     1   0  -1   0  -3   0   2  -2   1   0   0   0   0   0  -2  -1   0   1   1  -1   12   4   2   5   0   3  18   2   4   7   9   6   2   4   2   4   6   2   5   4  0.10 0.12
   48 L     0  -2  -2  -3  -1   0  -2  -3  -3   2   3  -2   1   0  -2  -1  -1   0   0   0   10   2   2   1   1   4   2   2   0  12  36   2   3   4   2   3   2   2   3   6  0.32 0.23
   49 Q     0   0   1   1  -1   2   1   0   1  -1  -1   1  -1  -2   0   0  -1  -2   0  -1    7   5   5   7   2  12   8   6   4   4   6   9   1   1   4   6   4   0   3   4  0.09 0.09
   50 K     0   1   0   1  -1   1   1  -1  -1  -2  -2   2  -1  -2  -1   1   0  -3  -1  -1    7   7   5   7   1   5  11   4   1   2   4  17   1   1   2  12   4   0   2   5  0.14 0.14
   51 F    -1  -2  -2  -2  -3  -2  -2  -2   1   1   2  -2  -1   4   0   0  -1   0   0   0    4   2   1   3   0   2   2   4   3  10  19   2   1  21   5   8   2   1   2   6  0.23 0.19
   52 L    -1  -1  -2  -2   1  -1  -1   0  -1   1   2   0   0   0  -2  -1  -1   1  -1   0    5   3   1   2   4   3   4   8   2  10  27   6   2   4   1   5   3   2   1   7  0.09 0.11
   53 E     0   0   1   1  -3   2   2   0   0  -2  -1   1   1  -2   0   1   0  -3  -1  -2    6   4   7   8   0   9  14   7   2   2   5   7   4   2   4  10   5   0   2   3  0.13 0.13
   54 P     0   0   1   1   1   0   1   1   0  -2  -2   0  -2  -1   2   1   1  -3  -1  -1    7   4   6   8   3   4  10  10   2   3   4   5   0   3   9  11   7   0   2   3  0.11 0.10
   55 E     0  -1   0   1   1   1   2   0   0   0  -1   1  -2  -2   0   0   1  -3  -2  -1    8   3   3   9   4   7  14   6   3   5   6   9   0   2   5   6   9   0   1   3  0.11 0.12
   56 K     0   0   1   1  -1   1   2   0   1  -1  -1   1  -2  -1  -1   1   0  -3  -1  -1    5   4   6   6   1   4  14   5   3   3   7  10   0   4   3  13   5   0   2   3  0.10 0.12
   57 P    -1  -1   0   1  -3   0   1  -1   1  -1  -1   1  -2   0   3   0   1  -3  -1  -1    6   3   5   9   0   4   8   4   4   3   5   9   0   4  15   6   8   0   2   5  0.16 0.15
   58 E     0   0   1   2  -1   0   3  -1  -2  -2  -1   0  -3  -3  -1   1   0  -4  -2  -2    9   4   8  12   1   3  18   4   0   2   8   5   0   1   2  11   7   0   1   2  0.21 0.21
   59 L     0  -1   0   0   1   0   1  -2  -1   0   1   1   0  -2   0   1   0  -3  -1  -1    7   3   4   6   4   3   8   2   1   6  16   8   2   1   5   9   7   0   1   4  0.06 0.09
   60 I     0  -2   0   0   1   0   0   0  -1   1   0  -1  -1  -1  -1   1   1   0  -2   0    6   1   5   6   4   5   7   8   1  12  12   3   0   2   3   9   8   1   0   7  0.06 0.10
   61 L     0  -1   0   0  -1   1   0   0   0   0   1  -1   0   0  -1   0   0  -2   0   0    6   3   4   6   1   8   6   7   2   6  15   3   3   5   2   6   6   0   2   8  0.02 0.05
   62 E    -1  -1   1   2  -4   1   4  -2   0  -4  -1   0  -1  -2   0   0  -1  -4  -2  -1    6   2   6  11   0   7  27   4   3   1   6   6   1   2   4   6   3   0   1   4  0.33 0.27
   63 A     0   0  -1  -1   1   1   1  -1   0  -2   0   0  -1  -1   1   2   1  -3  -2  -1    9   5   3   3   3   5  11   4   2   1   8   5   1   2   8  15   8   0   1   5  0.11 0.14
   64 P     0  -3   0   0   0   1   0  -1  -3  -2   0  -1  -2  -3   4   0   0   1   1  -1    9   1   5   5   2   8   5   4   0   2  11   3   1   0  18   5   7   2   6   5  0.23 0.23
   65 N     0  -1   3   2   2   0   1   1  -1  -2  -2  -1  -2  -1  -2   1   0   1  -2  -2    7   3  17  11   4   4   8   9   1   2   4   2   1   2   1  11   6   2   1   3  0.20 0.19
   66 P     1  -1  -2   1  -1   1   0  -1  -3  -1  -1   0  -3  -1   4   0   1  -4  -3  -1   11   3   2   7   1   6   7   6   0   3   5   5   0   3  21   5   8   0   0   4  0.27 0.23
   67 P    -1  -2   0  -1   0  -1   1  -1   1   0  -1   0  -2   1   3   1   0  -3   0   0    4   1   4   3   2   2  10   4   3   7   6   4   0   6  14  14   6   0   3   5  0.15 0.16
   68 L     0  -2  -1  -3   3   0  -1   0   0  -1   1  -2   0   1   0   0   1  -3   1  -1    7   2   3   1   7   5   4   6   2   3  17   2   2   8   4   8  10   0   4   3  0.11 0.15
   69 K    -1   0   1   0   0   1   2  -2   0  -2  -1   2   0  -2  -1   0   0   1   1  -2    6   5   6   5   2   7  14   3   2   2   6  14   3   2   3   7   4   2   5   3  0.13 0.14
   70 K     0   1   1   1   0   1   1  -1   1  -2  -3   2  -3  -1  -1   0  -1  -4  -3  -1    6   9   7   8   2   5  10   5   4   3   3  15   0   3   4   8   4   0   0   4  0.18 0.17
   71 I     0   1  -1  -1   1   0   0  -2   0   2   0   0   1   0  -1  -1   0   1   0   1    6   9   2   3   4   4   6   2   2  12   8   6   3   5   3   3   5   2   3  12  0.05 0.07
   72 R     0   1   1   0   0   0   0   0  -3   0   0   1   1  -3   1   0   0   2  -3  -1    6   8   7   6   2   5   6   6   0   7   9   7   5   0   6   5   6   4   0   5  0.07 0.10
   73 L     0   0   1   0   1   0   0   0  -1   0   0   0  -1   0  -1   0   0   2   0   0    6   4   7   6   5   3   7   8   1   5  10   4   0   4   2   7   6   3   4   8  0.02 0.04
   74 H     0   0   1   0   1   1   2   0   2   0  -1   0   0  -1  -1   0   0  -2   0  -1    6   5   8   6   4   6  13   6   6   6   4   6   3   3   3   4   6   0   2   3  0.08 0.08
   75 E     0   0   0   2  -3   1   3  -1  -2  -1  -1   0   0  -3  -1   1   0  -3  -1  -2    6   4   5  13   1   5  20   4   1   4   6   5   2   1   3   9   5   0   2   3  0.19 0.15
   76 D     0  -1   0   4  -3  -1   2   0   2  -1  -2   0  -2  -3   0   0   0  -3  -1  -2    6   3   4  22   1   2  11   8   5   3   5   5   1   1   5   6   6   0   2   3  0.23 0.17
   77 G     0  -1   0   1   2  -1   0   2  -1   0  -1  -1   0  -1   0   1  -1  -2  -1  -1    7   4   5   8   4   2   8  18   2   5   6   2   3   3   5   9   3   0   2   5  0.10 0.09
   78 I     0  -1   0   0   0   0   1  -1   1   1   0  -1   0   0   0   0   0  -2   0   1    6   3   5   4   2   4   9   3   5   9  10   3   3   3   4   6   6   0   3  11  0.02 0.04
   79 D     0  -1   0   4   0   0   1   0  -1  -2  -1   0  -3  -2  -1   0   1  -3  -3  -2    8   2   3  25   2   3   9   6   1   2   6   5   1   2   3   7   9   0   1   3  0.26 0.20
   80 N     0   0   3   2  -1   0  -1  -1   0   0  -2  -1  -1  -1  -1   1   0  -1  -1  -1    8   4  16  10   2   3   4   4   3   5   4   3   1   3   3  13   6   1   3   6  0.14 0.14
   81 L     0   0   0   0   0   0   0   0  -1   0   0   0   0   0   0   0   0  -2   0   0    7   3   4   3   3   5   6   8   2   6  12   5   2   4   4  10   5   0   2   8  0.01 0.01
   82 S     1   0   2   0   1  -1   0  -1  -1  -1  -1   0  -1  -2   1   2   0  -3  -1  -1   10   4  12   5   4   3   5   5   2   3   5   5   1   2   7  15   6   0   2   6  0.11 0.12
   83 E     0   0   0   0  -3   2   1  -1   1  -2  -1   1  -1  -1   0   1   0  -3  -1  -1    7   3   4   6   0   8  11   4   4   2   6   8   1   3   5  14   6   0   2   4  0.11 0.12
   84 D     0   0   2   1   0   0   0   0   1  -1  -1   0  -2   0   1   1   0  -2  -1  -1    6   4  10   6   3   4   7   9   4   4   7   5   0   4   7   9   7   0   2   4  0.06 0.07
   85 G     0  -1  -1   0   1  -1  -1   3   0  -1   0  -1   0  -1  -1  -1  -1  -1   0  -1   10   3   3   6   3   3   4  25   2   2  10   4   2   3   3   4   3   1   4   5  0.14 0.13
   86 K     0   0   1   0  -1   0   2  -1   0  -1  -1   2  -1  -1  -1   0   0  -3  -2  -1    8   5   7   5   1   4  14   4   2   4   5  15   1   2   3   7   5   0   1   5  0.10 0.11
   87 E     0   0   0   1   0   1   2   0   1  -2  -1   0  -1  -2  -1   1  -1  -3  -1  -1    5   5   5   7   3   8  18   7   4   2   5   5   1   1   3  11   3   0   2   4  0.15 0.15
   88 G     0   0   0   1  -1   1   0   1   1  -1  -1   0  -2  -1   1   1   0  -1  -2  -2    9   6   3   7   2   6   7  12   4   3   6   6   0   2   6  11   6   1   1   3  0.09 0.10
   89 V    -1  -1   0   1   1  -1   1  -1  -1   1   1  -1   0  -1   0   0   0  -3  -1   1    4   3   6   9   3   2   9   5   1  10  13   3   1   2   3   7   5   0   2  10  0.04 0.07
   90 S     0   0   1   1   0   0   0   0  -1  -1  -1   0  -1  -2   1   1   2  -3  -2  -1    7   4   8   6   2   4   7   5   2   3   7   5   2   1   7  11  12   0   1   5  0.09 0.10
   91 V     0  -1   1   1   0   0   0   0   1   0  -1   0  -1  -2   0   0   0   0  -1   1    6   2   8   7   2   4   8   6   3   8   7   4   1   1   5   8   6   2   2  10  0.04 0.06
   92 T     0  -1   0   1   0   0   0  -1  -1   0  -1  -1   0  -1   0   2   2  -3  -1  -2    8   4   5   8   2   3   5   4   1   6   7   4   2   2   5  19  11   0   2   2  0.12 0.15
   93 E     0  -2   1   2  -4   1   3  -1   0  -2  -2   0  -3   0  -1   0   0  -4  -1  -1    8   1   5  13   0   5  19   4   3   2   4   7   0   5   3   8   7   0   2   4  0.20 0.20
   94 D    -1  -1   1   4   0   1   2  -2   0  -1  -1   0  -1  -2   0   0  -1  -4  -1  -1    5   2   6  22   2   5  15   3   2   3   5   5   1   2   4   5   4   0   2   4  0.24 0.22
   95 E     0  -1   1   3   0   0   3   0   1  -1  -2  -1  -3  -2  -1  -1   0  -4   0  -1    6   3   7  14   2   4  20   7   4   5   3   4   0   2   4   5   4   0   3   4  0.21 0.20
   96 S     0  -1   2   1   0   0   2  -1   1  -2  -2  -1   0  -4   0   1   1  -4  -1  -1    6   3  10   9   2   5  14   5   3   2   4   4   3   0   4  12   8   0   2   4  0.16 0.19
   97 M    -1  -1   1   1   2   0  -1   0   1   0  -1  -1   0  -1   2   0   1  -3   0  -1    5   3   8   7   4   4   4   7   4   5   7   4   2   3  12   6   8   0   3   5  0.09 0.10
   98 A     1  -1   1   0   1   1   0  -1   1  -1  -2   0   1   0   1   1   0  -4   0  -1   10   4   7   5   3   5   7   5   3   4   4   7   3   4   7   9   5   0   3   5  0.07 0.08
   99 E    -1   0   0   0   2   0   0  -1   2   0  -1   0   2   1   0  -1   0   3   1  -1    5   5   5   5   5   5   5   5   5   5   5   5   5   5   5   5   5   5   5   5  0.08 0.08
  100 K     0  -1   0  -1  -4   0   2  -3  -2  -1  -2   4  -1  -4   2  -1   0  -4  -3  -1    7   3   5   3   0   3  12   2   1   3   4  30   2   1   9   5   5   0   1   5  0.38 0.25
  101 P     0   0   0  -1  -1   0   0  -1  -1  -1  -1   1  -1   0   2   1   0  -3  -1   0    8   6   4   4   1   3   7   3   2   3   6  12   1   4  10  12   4   0   1   9  0.10 0.09
  102 S     1   1   0   0   0   1   0  -1   1   0  -1   0   0  -1   1   1   0  -2  -1  -1   13   7   3   5   2   5   5   4   4   5   6   5   2   2   6  13   6   1   1   5  0.07 0.07
  103 K    -1   2   1   1  -1  -1   1  -2  -1  -2  -3   4  -2  -3   2  -1  -1  -4  -2  -2    5   9   8   8   2   2   9   2   1   3   3  24   1   1   9   4   4   0   1   3  0.31 0.21
  104 L    -1  -1   0   0   1  -1   0   0   1  -1  -1   0  -1  -1   2   1   1  -1   1  -1    4   3   3   5   3   2   8   7   4   5   6   7   1   3   9  12   7   1   5   5  0.07 0.07
  105 R     0  -1   3   0  -2   0   0   0   1  -3  -3   0  -3   0   2   2   1  -1  -1  -2    8   3  16   4   1   5   5   7   3   1   2   6   0   5   9  14   7   1   2   2  0.22 0.18
  106 V     0  -2  -2  -2   0  -2  -3  -2   1   2   0   0  -1  -1   3  -2  -1  -4  -1   3    7   2   1   3   2   1   1   3   4  14   9   6   1   3  14   2   4   0   2  21  0.28 0.20
  107 C    -7  -9  -8  -9  12  -8  -9  -4  -9  -8  -4  -3  -8  -8  -1  -7  -7  -8  -8  -7    0   0   0   0  89   0   0   2   0   0   2   2   0   0   4   0   0   0   0   0  4.21 1.43
  108 N    -1  -1   1  -1   1  -1  -3  -2  -1   2  -3  -1  -1  -1   3   1   1  -5  -2   2    3   4   6   4   3   3   1   4   2  10   2   3   1   2  13  13   7   0   1  17  0.26 0.23
  109 V     2  -3  -2  -3   2  -4  -4  -2   0   2   1  -4  -1  -2  -3   2   1  -5  -2   2   18   1   2   1   4   0   1   3   2  10  16   0   1   2   1  15   8   0   1  13  0.33 0.26
  110 C    -6  -7  -7  -7  12  -7  -7  -7  -7  -7  -7  -7  -7  -7  -7  -6  -6  -7  -7  -6    1   0   0   0  94   0   0   0   0   0   1   0   0   0   0   0   0   0   0   0  4.56 1.52
  111 L    -4  -3  -4  -4   0  -3  -5  -4   0  -1   6  -6  -1   3  -6  -5  -2  -5   0  -1    2   2   1   1   2   1   1   1   2   3  61   0   1  12   0   1   2   0   3   3  1.18 0.56
  112 G    -6  -7   2   2  -7  -7  -7   7  -7  -8  -8  -7  -7  -8  -7  -2  -7  -8  -8  -8    0   0   9   9   0   0   0  76   0   0   0   0   0   0   0   3   0   0   0   0  2.19 0.98
  113 I    -3  -2  -6  -6  -1  -6  -3  -7  -6   5   4  -6   2  -1  -6  -2  -1  -6  -5   3    3   3   0   0   1   0   2   0   0  26  33   0   4   3   0   3   5   0   0  16  0.93 0.50
  114 L    -4  -4  -4  -7  -1  -7  -7  -7  -7  -2   6  -7   2   3  -7  -3  -4  -6  -6  -1    2   1   1   0   1   0   0   0   0   2  71   0   4  10   0   2   1   0   0   3  1.63 0.84
  115 Q    -3  -2   0   0  -2   7   1  -4   2  -3  -3  -2  -7  -4  -3   0  -2  -7   0  -7    3   3   4   6   1  43   9   2   4   2   3   2   0   1   2   7   3   0   3   0  1.13 0.71
  116 E    -2  -1   0   3   0   1   2  -1   2  -4  -3   0  -2   1   1   0  -2  -1   1  -2    4   4   5  13   2   7  14   5   5   1   3   5   1   6   7   7   3   1   4   3  0.23 0.20
  117 F     0  -1   0   0   1  -1   1  -1   0  -1   0  -1  -1   1   0   1   1  -4   0  -1    9   3   4   6   4   3   9   5   2   4   8   3   1   7   5  10   9   0   3   5  0.06 0.08
  118 C    -1  -1   0   1   6  -1  -3  -4   1  -1  -1  -2   0   2  -2  -1   2   0   3  -2    5   4   5   9  14   3   2   2   3   3   7   2   2   9   2   6  10   1   9   3  0.41 0.27
  119 E     0  -1   1   2   0   0   0  -1   2   1   0  -2   0  -2  -3   1   0   4   0  -2    7   3   7  10   2   4   6   5   4   7  11   2   3   2   2  11   5   6   3   2  0.15 0.13
  120 K     0  -1   0   2  -1   1   3  -2   1  -2  -4   1  -1  -3   1   1   0  -7  -2  -4    8   3   5  13   1   6  18   3   3   3   2   8   2   2   6   9   5   0   2   2  0.30 0.26
  121 G     0  -2   0   3   1   2   3  -2   0  -3  -4   0  -1  -2  -1   0   0  -7  -2  -1    8   2   4  15   3   7  18   3   2   2   2   6   2   2   4   7   6   0   2   4  0.30 0.26
  122 F    -2  -1  -1  -2   4  -2  -2  -2   0   1   1  -2   1   4  -3   0  -1   0   1   1    3   3   3   2   7   2   3   3   2   9  11   3   3  16   2   7   4   1   5  10  0.29 0.18
  123 I     2  -1  -1  -3   1  -2  -3  -1  -6   3   1  -2   0   0  -2   0  -1   0  -1   2   15   4   4   2   3   2   2   4   0  14  14   2   3   3   2   7   4   1   2  12  0.22 0.16
  124 T    -1   0   0   0   2   0   0  -1   2   0  -1   0   2   1   0  -1   0   4   1  -1    5   5   5   5   5   5   5   5   5   5   5   5   5   5   5   5   5   5   5   5  0.09 0.08
  125 K     0   1   0   0  -1   2   2  -1   1  -1  -1   2   1  -2  -1   0   0  -1  -1  -2    7   6   3   4   1   9  11   4   3   4   6  16   4   1   3   6   5   1   2   2  0.14 0.15
  126 V     1  -2  -5  -5   0  -5  -2  -5  -5   5   1  -5   1   0  -5  -2  -1  -5  -4   3   10   2   0   0   2   0   3   0   0  33  14   0   3   4   0   3   3   0   0  21  0.76 0.43
  127 C     1   0  -1  -1   2   0  -1  -1   0   1   0   2   0  -1  -1   0   0   0  -1   0   10   4   2   3   6   4   3   3   2  11   7  14   2   3   2   8   4   1   2   8  0.07 0.11
  128 Q     0   0   0   2   0   2   3  -2   0  -2  -3   2  -1  -5  -1   0   0   0  -2  -3    6   5   4  10   2   9  20   2   2   2   3  14   1   0   2   8   5   2   1   2  0.30 0.28
  129 K     0   0  -1   0  -1   1   0  -1   2  -1  -1   2   0  -1  -2   0   0  -4  -1  -1    8   3   3   5   1   7   5   5   7   4   7  15   3   3   1   8   7   0   2   5  0.09 0.13
  130 V     0  -1  -1  -1  -3  -2  -1  -2   0   2   1  -1   1   1   0  -1   0   2   1   2    7   3   3   3   0   0   3   3   3  12  13   3   4   6   4   4   5   3   4  17  0.08 0.11
  131 E     0   1   1   1  -2   1   0   0   2   0   0   0   1  -2  -2   0   0  -3  -2   0    7   7   7   7   0   7   7   7   6   7   7   7   6   0   0   7   7   0   0   7  0.06 0.09
  132 A     0   0   0   1  -4   2   2  -2   0  -1  -1   2   0  -1  -3   0   0  -4  -1  -2    8   5   4   8   0  11  14   2   2   4   6  13   3   2   0   8   5   0   2   2  0.19 0.21
  133 S     0   0   1   0   1   1   2  -1   0  -2  -2   1  -1  -1  -1   2  -1   1  -3  -2    5   4   5   5   3   7  17   5   2   2   3   9   2   3   2  17   4   2   0   3  0.19 0.22
  134 G    -1   0   1   1  -1   1   1   3   1  -4  -2   1  -1  -2   0  -1  -1   0   0  -2    5   4   6   7   2   6   9  21   3   0   4   8   1   2   6   4   4   1   4   2  0.18 0.18
  135 F     0   0   0   0   2   1   0  -3   2   0   0  -2   1   1  -3   0   0   4   1   0    6   6   6   6   6   6   6   0   6   6   6   0   6   6   0   6   6   6   6   6  0.10 0.15
  136 E    -3  -2   0   4  -3   3   4  -3  -1  -3  -2   0  -1  -3  -4  -1  -1  -5  -4  -2    1   2   4  24   1  14  28   2   1   1   4   5   1   1   0   4   3   0   0   4  0.66 0.44
  137 F     1  -2  -2  -3   3  -1  -2  -2  -3   0   0  -3  -1   4  -2   1   0  -3   2   0   15   2   2   1   6   3   1   3   0   6   6   1   1  22   1  10   5   0   7   7  0.30 0.26
  138 T    -1   0   0   3  -3   0   1  -1  -1  -2  -3   2  -1  -3   0   0   1  -5  -4  -2    4   5   4  20   0   4  10   4   2   2   2  13   2   1   5   8  10   0   0   2  0.28 0.25
  139 S    -1  -1   2   2  -1   0   0  -1  -2  -4  -4  -1  -4  -4  -3   3   4  -5  -3  -2    5   3  11  11   1   3   5   3   1   1   1   4   0   1   1  22  25   0   1   2  0.49 0.41
  140 V    -3  -5  -6  -4   0  -5  -3  -3  -5  -1  -2  -1   1   7  -6  -3  -5  -1   4   0    2   0   0   1   2   0   2   2   0   3   4   4   3  53   0   3   0   1  12   7  1.38 0.68
  141 V     1  -1   1  -1   1   1  -2  -1  -1   0   0   0   1   0  -3   1   1  -1   0   0   10   3   7   2   4   7   1   3   1   4   8   5   4   4   0  14  11   1   3   8  0.09 0.14
  142 L    -2  -3  -4  -6   3  -5  -3  -6  -5   2   4  -5   2   1  -1  -2  -1  -4  -2   2    3   2   1   0   7   0   1   0   0  11  43   0   4   6   3   2   4   0   1  12  0.66 0.41
  143 S     3  -2   2  -1  -1   0   1   0   0  -3  -2  -1  -1  -2  -3   2   1  -4  -2  -2   24   2  11   3   1   4   9   5   2   1   4   2   1   2   0  17   8   0   1   2  0.28 0.28
  144 V    -2  -5  -5  -6   0  -3  -5  -6  -2   4   2  -3   0   1  -3  -4  -1  -5   0   4    3   0   0   0   2   1   0   0   1  23  22   2   2   5   1   1   3   0   3  29  0.70 0.42
  145 S    -1  -1   1  -1   0   0  -1  -2   1  -2  -3   0  -1  -2  -4   4   3  -1  -3  -2    5   2   8   3   2   4   4   2   3   3   2   7   2   2   0  32  17   1   1   2  0.42 0.38
  146 F    -1  -4  -1  -4  -4  -1   0  -5  -4   2   3  -2   1   1  -3  -2   0  -4  -1   2    4   0   3   0   0   3   7   0   0  12  36   2   3   6   1   3   5   0   2  13  0.41 0.31
  147 P    -2  -1  -1  -5  -6  -5  -3  -6  -6  -2  -3  -2  -6  -6   8   0  -3  -7  -6  -3    3   3   3   0   0   0   1   0   0   3   3   2   0   0  68   7   2   0   0   2  1.89 0.93
  148 P     0  -1  -1  -1  -3  -1  -1  -1  -2   1   0   0   0  -1   3   0   0  -4  -2   2    8   4   2   2   0   3   2   4   1  11  10   5   3   2  13   9   4   0   1  15  0.14 0.15
  149 Q     1  -2   0  -1   3   2  -1  -1  -1   1  -1  -3   0  -2  -2   3   0  -4  -2   0   10   1   4   2   6   9   4   4   1   8   4   0   2   2   1  27   5   0   1   8  0.24 0.29
  150 L    -1  -3  -2  -4   0  -2  -2  -3  -2   3   3  -3   2   1  -1  -2   0   0  -1   2    4   1   1   0   2   2   3   2   1  18  27   0   4   6   3   1   7   1   2  12  0.32 0.26
  151 S     0  -1   0   0   0   0  -1  -2   0   1   1  -1   2  -1   0   1   0  -3   0   0    7   1   4   5   2   6   3   2   2   9  15   4   8   2   5  11   5   0   4   5  0.06 0.11
  152 V    -1  -3  -2  -2  -3  -1   0  -2   0   2   2  -1   1   2  -1  -2  -1  -3   0   1    6   0   2   2   0   2   8   2   3  11  27   4   2   8   3   2   3   0   3  11  0.16 0.18
  153 R    -2   6   3  -1  -5   0  -3  -2   1  -2  -2   0   0  -1  -5  -1  -3   3  -1  -4    3  45  15   3   0   3   0   3   3   2   3   3   2   3   0   4   0   4   2   0  0.83 0.54
  154 E     0   0   0   0  -3   1   0   0   2   0  -1   0   1   1  -3   0   0   3   1   0    6   6   5   6   0   5   6   6   5   6   6   6   5   5   0   6   6   5   5   6  0.06 0.10
  155 H    -1   3   1  -1   1   1  -1  -3   6  -1  -1   0   0  -1  -2  -2  -1  -4   2  -2    6  14   6   4   3   5   4   2  18   3   6   6   2   2   2   3   3   0   8   2  0.39 0.30
  156 A     3  -2  -2  -2   1  -2  -2  -2  -4   1   0   0  -1   0  -4   3  -2   0   0  -1   23   2   2   2   3   2   2   3   0   9   9   5   2   3   0  21   2   2   4   4  0.29 0.29
  157 A    -1  -6  -1  -7   2   1  -1  -2  -6   3   2  -2   4   2  -7  -2  -1   3   1   1    5   0   3   0   3   6   4   3   0  13  17   3   8   7   0   4   4   3   5  11  0.39 0.23
  158 W    -2   0  -1  -1   1   1   1  -2   1   0   1  -1   1   1   0  -2  -1   6   1  -1    4   6   4   3   3   7   8   3   3   4  11   4   3   6   6   4   3  10   4   4  0.23 0.17
  159 L    -1   0   0   0   2   0   0  -1   2   0  -1   0   2   1   0  -1   0   4   1  -1    5   5   5   5   5   5   5   5   5   5   5   5   5   5   5   5   5   5   5   5  0.09 0.08
  160 L     0  -1  -1  -1   0   1  -1  -1   4  -1   0   1   1   1  -2  -2  -1   4   3  -2    8   3   4   3   2   6   5   5   9   4   8   7   3   5   2   4   4   4  10   3  0.21 0.16
  161 V     0   0   0  -2   2  -2   0   0   2   0   0  -2   1   1   1   0   0   3   1   0    6   6   6   0   6   0   6   6   6   6   6   0   6   6   6   6   6   6   6   6  0.08 0.14
  162 K     0   2   1   0  -1   2   1  -1   0  -2  -1   3  -1  -2  -1  -1  -1  -4  -1  -2    7  13   6   4   1   8   7   5   3   3   7  17   2   2   3   4   4   0   2   2  0.18 0.19
  163 Q    -1   1   1   2   0   2   2  -1   1  -3  -3   2  -1  -1  -2   0  -1  -4  -1  -2    3   7   7  10   2   9  14   6   4   2   2  12   2   3   2   8   4   0   2   2  0.22 0.22
  164 E    -1   1   1  -1   1   1   2  -2   1  -1  -2   3  -1   0  -1   0   0  -4  -1  -2    5   6   6   3   3   5  14   3   4   4   3  19   2   4   2   5   6   0   2   3  0.20 0.21
  165 M    -1   0   0   0   2   0   0  -1   2   0  -1   0   2   1   0  -1   0   4   1  -1    5   5   5   5   5   5   5   5   5   5   5   5   5   5   5   5   5   5   5   5  0.09 0.08
  166 G     0   0   0   0   2   0   0   0  -1   0  -1   0  -1   0   1   0   0  -2   1   0    6   6   6   6   6   6   6   6   0   6   6   6   0   6   6   6   6   0   6   6  0.03 0.06
  167 K     0   0   1   1   0   1   1  -1   0  -1  -2   1   0  -1   0   1  -1  -4  -1  -2    7   5   7   9   3   5  12   5   2   4   3  10   2   3   4  12   3   0   2   3  0.11 0.13
  168 Q     0   0   0   0   0   1   2  -1   1  -1  -1   1   0   0   0   0   0   1   1  -1    6   4   4   6   2   6  13   3   4   4   5   8   3   5   4   6   4   2   6   5  0.06 0.09
  169 S    -1  -1   1   0   1   0   0   0   0  -1  -1  -1   0   1   0   1   0  -3   3  -1    5   3   8   6   3   3   5   7   2   4   6   3   2   6   5  10   7   0  11   5  0.07 0.11
  170 L    -1  -1   0   0  -1   0   0  -1  -1   0   1   0   0   0  -1   0   0   5   1  -1    6   4   4   5   1   3   7   4   2   5  14   7   2   4   2   7   4   9   5   4  0.12 0.11
  171 S     0   0   1   0   1   0   1  -1   0  -2  -1   1  -3   1   0   1   0  -3  -1   0    6   4   7   5   3   4   8   4   2   2   5  11   0   7   5  12   6   0   2   6  0.09 0.11
  172 L    -1   0  -1   0   0   1   0  -1   0   1   0   1   0   1   0   0   0  -1   0   0    5   3   3   5   2   7   5   4   2   8  12   9   3   7   3   6   6   1   4   5  0.02 0.04
  173 G    -1   1   1   2   0  -1   1   0  -1  -1  -1   1  -1   0   0   1  -1   1  -2  -2    5   7   6  10   2   2  11   7   1   3   8   8   1   4   5   9   4   2   1   3  0.08 0.10
  174 R    -1   2   0   0   0   0   1  -1   1  -1   0   2  -1  -1   1  -1   0  -1   0  -2    4  10   4   6   3   3   7   4   3   4   8  15   1   3   8   4   5   1   4   3  0.12 0.13
  175 N     0  -1   1   1  -1   0   2   0  -1   0  -2   1  -1  -2   2   0   0   0  -1  -2    6   3   8   7   1   4  12   6   1   7   4   7   1   2  10   6   6   1   2   2  0.12 0.13
  176 D    -1  -2   1   3  -1   0   2  -1   2   0  -3   1   0  -3   1   0   0  -5  -2  -3    6   2   7  18   2   4  11   5   4   5   2   7   2   1   6   8   7   0   2   1  0.24 0.22
  177 V    -1  -1  -1  -1   2  -1  -3  -2  -1   2   1  -1   0   1   0  -1   0   0   0   2    4   3   3   3   4   2   1   3   2  17  12   3   2   6   5   5   8   2   4  14  0.12 0.13
  178 V    -1  -2  -2  -2   0  -1   0  -2  -1   2   0  -1   2   0   2  -2   0  -3   2   2    4   2   2   2   2   3   5   3   2  13   6   4   5   4   9   2   7   0   7  16  0.14 0.17
  179 Q    -1   0   0   2   1   0   0  -2   1  -1  -1  -1   0  -3   1   2   1   2  -1  -1    4   6   3  14   3   4   5   3   4   4   5   3   3   0   6  15  10   3   3   5  0.13 0.17
  180 L    -1  -1  -1  -4   2  -3  -1  -2   0   2   1  -3   1   0   0  -1  -1   2   0   3    5   3   4   0   5   0   5   3   3  11  16   0   3   4   4   4   3   3   3  20  0.19 0.20
  181 K    -3  -1  -1  -2  -6  -1  -2  -3  -1  -3  -4   7  -2  -6   0  -2  -3  -6  -1  -3    2   2   3   1   0   2   2   1   1   2   2  69   1   0   5   2   2   0   2   1  1.39 0.75
  182 E    -2  -1   1   3  -4   1   3  -2   1  -2  -2   0  -1   0  -2  -1  -1  -4  -1  -1    2   3   7  20   0   6  23   2   3   2   3   4   2   4   2   4   3   0   2   6  0.33 0.27
  183 A     1   1  -1  -1   3   0   0  -2  -3   1  -1   0   0  -1  -1  -1   0  -3  -1   1   16  11   3   3   8   3   6   2   0   8   6   4   2   3   3   2   4   0   2  14  0.11 0.15
  184 Y     0  -1   0  -3   2  -2  -3  -3  -2   1   1  -1   1   3  -3  -1  -1   6   2   0    6   4   7   0   6   0   0   0   0   8  15   4   4  15   0   4   4  12   6   5  0.29 0.22
  185 K     0   1   1   1  -2   1   1  -2  -1   0  -1   0  -1  -2   1   0   0  -2   1   0    7   7   7   7   0   7   7   0   0   7   7   7   0   0   7   7   7   0   7   7  0.08 0.09
  186 W    -1  -2   0  -3  -3  -1  -1  -2   1  -1   0  -4   0   2  -4  -1  -1   9   3  -2    5   3   6   1   1   3   4   3   4   4   8   1   2   7   1   6   4  24  11   3  0.79 0.49
  187 I    -1  -1  -3  -4   2  -1  -3  -3  -2   4   2  -2   2   0  -4   0  -1  -4   0   2    5   3   1   1   4   3   1   2   1  22  20   2   4   4   0   7   3   0   3  13  0.34 0.26
  188 T    -1  -5  -2  -2   4  -4  -3  -5  -1   3   3  -3   2   2  -5  -2  -2  -1   1   2    4   0   3   2   8   0   2   0   2  16  23   2   5   7   0   4   2   1   5  14  0.45 0.31
  189 H     0  -1   0  -1   1  -1   0   3   1   0  -1  -1   1  -2  -2   1   0  -4  -1  -1    7   2   5   2   3   3   6  21   3   5   7   4   5   2   2  11   7   0   2   4  0.13 0.15
  190 P    -1  -1   1   1  -2   1   0  -1   2  -3  -4   0  -2  -3   5   0  -1   2   0  -4    5   3   8   8   1   6   6   4   5   2   2   6   1   1  24   7   5   2   3   1  0.42 0.34
  191 L     0   1  -1  -1   0   2   1  -2   1  -1   0   1   0   0   0   0  -1   0   0   0    8   9   2   2   2   9   8   2   3   4  10  11   3   3   4   6   4   1   3   7  0.07 0.11
  192 F    -2  -5  -5  -1   0  -5  -3  -4  -1   3   4  -3   1   2  -5  -2  -3  -5  -1   1    2   0   0   4   2   0   2   2   2  19  40   2   3   9   0   3   2   0   2   7  0.67 0.43
  193 S     1   0   0   0   1   0   2   0  -1  -2  -3   0  -1  -2  -1   2   0  -4  -1  -1   15   5   4   4   3   4  15   5   2   3   2   6   2   2   2  17   4   0   2   4  0.17 0.21
  194 E     0   1   0   2  -1   1   2  -2  -1  -2  -2   3  -1  -2   0   1  -1  -4  -2  -2    6   6   4  10   2   7  15   2   1   2   4  17   2   2   4   9   3   0   2   3  0.22 0.24
  195 E     0   0   0  -1   0   0   0  -1   3   0   0   0   0   0   0   0   0  -3   0   0    7   5   5   3   3   5   7   4   9   6  10   8   3   4   4   4   4   0   3   6  0.03 0.06
  196 L    -1  -1  -3  -1   2  -3  -1  -1   0   1   2  -1   1   1  -1  -1   0   2   0   0    4   4   0   3   4   0   3   5   3   9  24   3   4   6   4   5   7   3   4   5  0.12 0.15
  197 G    -2   0   3   1   0  -1  -1   4   1  -3  -2   1  -4  -1  -2   0  -2  -5  -5  -2    2   4  15   9   2   3   4  27   3   2   5   8   0   2   2   6   2   0   0   3  0.39 0.32
  198 V     0   0  -1  -3   1  -2  -2  -2  -4   0   1   3   2  -1  -3   0  -1   1  -2   2    8   4   3   1   3   2   2   2   0   4  12  21   5   3   1   6   3   2   1  16  0.24 0.24
  199 P     0   2  -1  -1   0   0   0  -2  -4  -1  -3   3  -1  -1   2   0   1  -5  -1  -1    8   9   3   2   2   5   7   3   0   3   2  19   1   3  11   6   8   0   2   5  0.24 0.25
  200 T    -1  -2  -1  -2   2  -2  -2  -3   2   0   0  -2   0   4   0   0  -2   1   4   0    6   3   2   2   4   2   2   2   5   5   8   3   2  19   5   8   2   2  13   6  0.32 0.26
  201 D    -1  -1   1   3   0   0   1  -1   1  -1  -2   0  -1  -2  -1   1   1  -4   0  -1    4   3   8  19   2   4   7   4   3   4   3   6   2   2   3  10   9   0   3   5  0.18 0.20
  202 G     0  -1   0   0   0   0   0   0   1  -1  -1   0   0   0   2   1   0  -3   0   0    8   3   5   5   3   5   4   7   5   3   7   5   2   4  11  10   5   0   3   6  0.07 0.09
  203 K    -1   0   0   0   2   0   0  -1   2   0  -1   0   2   1   0  -1   0   4   1  -1    5   5   5   5   5   5   5   5   5   5   5   5   5   5   5   5   5   5   5   5  0.09 0.08
  204 S     0  -2   0  -1   1  -2   0   0  -2  -3  -3  -2  -5  -2  -2   5   0  -6  -2  -2    7   2   3   3   3   1   7   7   1   2   2   2   0   2   2  46   5   0   1   3  0.63 0.50
  205 L    -1  -1   0   2  -2  -1   1  -1   0  -1  -1   0  -1  -2   3   0   0  -4  -1   0    3   3   4  13   1   3  11   4   2   4   6   6   1   2  16   7   5   0   2   6  0.22 0.19
  206 F    -2  -5  -2  -6   0  -2  -6  -4  -2   0   3  -4   2   6  -6  -3  -5  -4   1   0    3   0   2   0   2   2   0   1   1   4  27   1   5  39   0   1   0   0   4   5  1.01 0.55
  207 E    -1   2  -1   1  -3   2   1  -1   1  -1   0   1   0  -1  -2   0   0  -1  -1  -1    5  12   2   7   0   9   9   3   3   4  11   7   2   3   2   7   7   1   2   5  0.09 0.11
  208 V    -1  -5  -3  -3   1  -3  -3  -3  -5   5   1  -5   2   0  -5  -2  -2  -5  -4   3    4   0   1   2   2   1   2   3   0  34  14   0   4   3   0   2   2   0   0  22  0.75 0.43
  209 S    -1   0   2   0   1   0   0   1   2  -2  -1  -1  -1   0   0   1   1   0  -2  -1    5   4   9   4   3   5   7  10   6   2   5   2   2   5   4  11  11   1   0   4  0.09 0.13
  210 V    -1  -4  -4  -4   0  -3  -1  -2  -4   3   2  -2   1   1  -1  -2   0   2   0   3    3   0   0   0   2   0   4   3   0  19  16   2   4   6   3   3   5   3   2  21  0.33 0.27
  211 V    -1  -1   1  -1   1   0   0  -1   2   0  -1   0   1   1  -1   0   2  -3   1   0    4   3   6   4   3   4   5   3   5   4   6   7   4   8   3   6  14   0   4   8  0.06 0.10
  212 F     0  -2  -2   0   2  -2   0   0   2   0   0   0   1   1   1   0   0   3   1   0    6   0   0   6   6   0   6   6   6   6   6   6   6   6   6   6   6   6   6   6  0.08 0.13
  213 A    -1   0   0   0   1   0   1  -2   1  -1  -2   0   0   1  -1   1   2   2   0   0    4   5   5   6   3   3   9   3   3   4   3   6   3   5   3  10  11   2   3   7  0.09 0.10
  214 H    -1   0   0   0   2   0   0  -1   2   0  -1   0   2   1   0  -1   0   4   1  -1    5   5   5   5   5   5   5   5   5   5   5   5   5   5   5   5   5   5   5   5  0.09 0.08
  215 P     0   0  -1   1   1   0   2  -2   0  -1  -1   0   0  -1   1   1   0   2  -5  -1    8   4   3   7   3   4  12   4   3   3   6   6   3   3   8  10   5   3   0   4  0.11 0.13
  216 E    -2  -1   1   2   1   0   3  -1   1  -1  -1   1   1  -1  -1  -1  -1   2  -1  -2    4   3   6  12   3   5  16   5   3   4   5   9   3   3   3   5   3   3   3   3  0.19 0.17
  217 T     0  -1   0   3   0   0   1  -2  -3  -1  -1  -1   0   0  -1   1   2  -4  -1  -1    7   2   4  16   2   3   9   2   0   3   5   2   3   5   2  11  14   0   2   5  0.15 0.20
  218 A     0   0   0   1  -3   0   2  -1   1  -1  -1   0   0  -1   0   0   0  -3   0  -1    8   5   5   9   0   4  17   4   3   4   5   4   3   3   5   8   4   0   3   6  0.10 0.13
  219 E     0   0   0   0   2   0   0  -1   1   0  -1   0   1   0   0   0   0  -2   1   0    5   5   5   5   5   5   5   5   5   5   5   5   5   5   5   5   5   0   5   5  0.03 0.05
  220 D    -2  -1   0   2  -5   0   4  -1   0  -1  -2   0   1  -1  -1  -1  -1   2   0  -2    3   3   4  12   0   3  31   4   3   4   3   5   3   3   3   4   3   3   3   3  0.35 0.33
  221 C     0  -1  -2  -1   6  -2   0  -3   2   1   1  -2   1   0  -2  -2  -1   1   0   1    7   3   2   3  17   2   6   3   5   6  12   3   3   3   2   3   3   2   3   8  0.39 0.24
  222 H    -1   0   1   1   1   2   2  -2   1  -1  -1   1   2  -1  -1   0  -1  -5   0  -2    6   4   5   7   3   9  11   4   4   4   6   8   5   3   4   8   4   0   3   3  0.11 0.12
  223 F    -1  -1   0  -1   1   1  -1  -2   1   0  -1   0   1   5   0  -1  -1   2   0  -1    6   3   5   4   3   5   5   4   3   5   6   5   3  19   5   4   3   3   3   5  0.24 0.17
  224 L    -2   0  -2  -4  -5  -2  -3  -3  -2   1   4  -1   2   0  -1  -2  -2   4  -2   0    3   6   2   1   0   2   1   3   1   6  42   3   4   4   3   3   3   5   2   6  0.55 0.39
  225 G     0   0   0  -1  -1   0   0  -2   0  -1   0   1   1   0   0   1   1  -1  -1  -1    7   6   4   3   1   4   7   3   2   3  11   8   4   4   5  10   8   1   2   5  0.04 0.06
  226 E    -1   1   0   2  -1   2   2  -2  -1  -2  -3   3  -3  -1  -1   1  -1  -7  -3  -3    6   7   5   9   1   7  14   3   1   2   3  16   1   3   4  10   5   0   1   2  0.29 0.26
  227 V    -1   0   0  -2  -1  -1  -1  -3   1   2   2   0   2   1  -2  -1   0  -5   0   0    6   5   5   2   1   2   4   2   3  12  19   6   4   5   2   6   5   0   3   7  0.14 0.11
  228 C    -1   1   0   0   4  -1  -1   1   1  -1  -2   1  -2   1   0   0  -1  -5   1  -2    4   8   4   6   8   3   4   9   3   4   4   9   1   6   6   9   4   0   4   3  0.14 0.12
  229 R    -2   2   0   0  -7   0   0  -1   1  -1  -1   1  -1  -1   3   1  -1   2  -2  -3    3   9   4   4   0   5   7   5   3   4   7  10   1   3  16   9   4   2   2   2  0.22 0.22
  230 D    -1   1   1   2   0   1   1   0   1  -2  -2   1   0  -1   0   0  -1   1  -1  -2    6   8   6  11   2   6  10   6   3   2   4   9   2   2   5   7   4   2   2   3  0.13 0.13
  231 C    -1   0   0   0   2   0  -1  -1   1   0  -1   0   0   1   0   0   0   2   1  -1    4   6   5   6   4   4   4   5   4   6   7   7   3   5   4   7   5   3   5   5  0.03 0.03
  232 F    -1   0   0   0   2   0   0  -1   2   0  -1   0   2   1   0  -1   0   4   1  -1    5   5   5   5   5   5   5   5   5   5   5   5   5   5   5   5   5   5   5   5  0.09 0.08
  233 K    -1   2   1  -1   0   1   1  -1   2  -2  -2   2   0  -2  -1   0  -1   1  -1  -2    5  13   7   2   2   7  10   4   5   3   3  15   2   2   3   5   4   2   2   2  0.20 0.22
  234 P    -1   1   1  -1  -3   1   0  -1   1  -1  -2   1   0  -1   2   1   0   2   0  -1    4   9   6   3   0   6   4   4   3   3   4   8   3   3  10  14   4   3   3   5  0.10 0.17
  235 A     0   0   0   0   2   0   0  -1   1   0  -1   0   1   0   0   0   0  -2   1   0    5   5   5   5   5   5   5   5   5   5   5   5   5   5   5   5   5   0   5   5  0.03 0.05
  236 K    -1   0   0   0  -3   0   0  -1   2   0  -1   0   1   0   0   0   0   3   1   0    5   5   5   5   0   5   5   5   5   5   5   5   5   5   5   5   5   5   5   5  0.06 0.08
  237 N    -2   2   3  -1   0   0  -1   1   0  -2  -3   2   0   0  -2  -1   1   1   1  -1    3  11  13   3   2   5   3   9   2   3   2  10   3   3   3   6   8   2   4   5  0.20 0.18
  238 K    -2   2   0  -1   1   1   1  -1   1  -1  -2   2   0   0   0   0  -1   2   0  -1    4  12   5   4   3   6  10   5   4   4   4  11   3   4   4   6   4   3   3   4  0.14 0.13
  239 Q    -1   0   0   0   2   0   0  -1   2   0  -1   0   2   1   0  -1   0   4   1  -1    5   5   5   5   5   5   5   5   5   5   5   5   5   5   5   5   5   5   5   5  0.09 0.08
  240 S    -1   1   2   0   1   0   1   0   1   0  -2   0   0   0  -1   1  -1  -5   0  -1    5   7  10   4   3   5   8   8   3   5   3   6   3   3   3  12   4   0   3   5  0.09 0.10
  241 V    -1   0   0   0   2   0   0  -1   2   0  -1   0   2   1   0  -1   0   4   1  -1    5   5   5   5   5   5   5   5   5   5   5   5   5   5   5   5   5   5   5   5  0.09 0.08
  242 F    -1   0   0   0   2   0   0  -1   2   0  -1   0   2   1   0  -1   0   4   1  -1    5   5   5   5   5   5   5   5   5   5   5   5   5   5   5   5   5   5   5   5  0.09 0.08
  243 T     0   0   0   0   2   0   0   0   1   0  -1   0  -1   0   1   0   0  -2   1   0    6   6   5   6   5   5   6   6   5   6   6   6   0   5   6   6   6   0   5   6  0.03 0.06
  244 R    -2   4   1  -1   1   0  -2  -1   1  -1  -2   2   1   0  -1   0  -1   2   0  -2    3  19   5   4   3   4   3   4   3   4   4  13   3   3   3   9   4   3   3   3  0.28 0.22
  245 M     0   0   0   0   2   0   0  -1   1   0  -1   0   1   0   0   0   0  -2   1   0    5   5   5   5   5   5   5   5   5   5   5   5   5   5   5   5   5   0   5   5  0.03 0.05
  246 A     1   1   1   0   1   0   0  -1   0   0   0   0   0   1  -1   0   0  -2   0   0   13   7   7   3   4   4   6   4   3   5   8   5   3   6   2   8   3   0   4   5  0.03 0.05
  247 V     0  -2  -1  -2  -3  -3  -2  -2  -4   3   1  -2   1   0  -4  -1  -1  -4  -3   4    6   3   3   3   0   0   3   4   0  20  11   3   3   4   0   4   4   0   0  29  0.39 0.29
  248 L     0   0   0   0   0   1   1  -1   0   0  -1   1   0   0   0   0   0  -3   0   0    7   4   5   6   3   7  10   4   3   6   6   8   4   3   3   4   5   0   3   8  0.03 0.05
  249 K     0   0   0   0   2   1   0   0   2   0  -1   0   1  -2   1   0   0  -3   1   0    6   6   5   6   5   5   6   6   5   6   6   6   5   0   6   6   6   0   5   6  0.04 0.08
  250 A     2   1  -2  -2   0   0  -1  -2   0   1   0   0   1   0  -2   0  -1  -4   0   0   22   8   2   1   2   3   5   2   3   7   9   6   3   4   2   6   4   0   4   6  0.12 0.16
  251 L    -1  -3  -3  -2   0  -2  -3  -3  -2   2   4  -3   1   2  -6  -2  -2  -5   0   1    5   2   1   2   2   2   2   2   1   9  42   2   3   8   0   3   3   0   3   8  0.56 0.38
  252 S     0   0   1   1   1   0   1   0   1  -1  -2   1   0  -1  -1   1   0   2  -1  -2    7   6   7   7   3   4   9   7   3   3   3   9   3   3   3   9   6   2   3   3  0.08 0.10
  253 K    -1   0   0   0   2   0  -1  -1   2   0  -1   0   2   0   0  -1   0   3   1  -1    5   5   5   5   5   5   5   5   5   5   5   5   5   5   5   5   5   5   5   5  0.03 0.09
  254 I     0   0   0   0   2   0   0  -1   1   0  -1   0   1   0   0   0   0  -2   1   0    5   5   5   5   5   5   5   5   5   5   5   5   5   5   5   5   5   0   5   5  0.03 0.05
  255 K    -1   0   0   1   0   0  -1  -1   0   0  -1   0   0  -1   0   1   2  -5  -1   0    5   4   5   6   2   3   5   6   2   5   7   6   2   3   5  12  12   0   2   6  0.07 0.09
  256 E     0   0   0   4   0   0   2  -2   0  -2  -2  -1   1  -1  -1   0   0   2   0  -2    7   5   4  20   2   4  12   4   2   3   4   4   3   2   3   6   5   3   3   3  0.23 0.20
  257 E    -1   0   0   0   2   0  -1  -1   2   0  -1   0   2   0   0  -1   0   3   1  -1    5   5   5   5   5   5   5   5   5   5   5   5   5   5   5   5   5   5   5   5  0.03 0.09
  258 D     0   0   1   2  -4   1   2  -1   1  -1  -1   1   0  -1  -1  -1   0  -4   0  -1    6   5   6  10   0   6  15   4   4   4   5   8   3   2   3   4   6   0   3   5  0.12 0.13
  259 F    -1   0   0  -1   1  -1  -2  -1   1   0   1  -1   2   4  -6  -2  -1   2   1   0    5   5   5   4   3   3   3   4   3   5  11   4   5  18   0   3   5   3   4   6  0.25 0.17
  260 L     0   0   0   0   1   0   0   0   0   0   0   1   0   0   0   0   0   1   0   0    6   6   5   4   3   4   5   6   3   6  10   8   3   4   5   7   4   3   3   5  0.02 0.01
  261 G     0   0   0   0   2   0   0  -1   1   0  -1   0   1   0   0   0   0  -2   1   0    5   5   5   5   5   5   5   5   5   5   5   5   5   5   5   5   5   0   5   5  0.03 0.05
  262 Q     0   0   0   0   2   1   0  -1   2  -1   0   1   0   1  -3   0  -1   0   2  -1    7   5   6   5   5   6   5   3   7   4   9   8   2   5   0   7   3   1   7   4  0.07 0.11
  263 F    -2  -3  -1  -2   2  -2  -3   1  -6  -1   0  -1   0   5  -2  -1  -1   1   3  -1    3   2   4   3   4   2   2  11   0   4  10   4   2  21   2   5   5   2   8   4  0.37 0.26
  264 P    -1  -1   1   1   0   1  -1  -1  -1  -1  -2   1   1  -1   3   1   0   3   0  -3    5   3   6   9   2   6   4   5   2   4   4   9   4   3  12   9   5   4   3   2  0.18 0.18
  265 C    -1  -1   0   0   4   0   1  -1   0   0   0  -1   0   0  -1   0  -1   3   0   1    4   4   4   5   8   4  11   5   3   6   8   3   2   4   3   6   4   4   3   8  0.12 0.10
  266 P     0   0   0   0   2   0   0  -1   1   0  -1   0   1   0   0   0   0  -2   1   0    5   5   5   5   5   5   5   5   5   5   5   5   5   5   5   5   5   0   5   5  0.03 0.05
  267 P    -2  -3  -4   3  -2  -3  -1  -5  -3  -3   0  -3  -1  -3   7  -3  -3  -6  -4  -3    4   2   1  15   1   1   5   1   1   2  10   2   2   1  46   2   2   0   1   2  1.16 0.71
  268 N     0   0   0   0  -1   0   1  -2  -2   1   0   0  -1  -2   1   1   0  -1  -3   1    7   4   5   6   1   3   9   2   1   9   7   6   1   2   8  10   6   1   1  11  0.09 0.11
  269 S     0   1   0  -2  -1   1   0  -3  -1   1  -1   0   0  -2   1   1   1  -4  -2   2    8   7   4   2   2   6   5   1   1   9   5   7   2   2   6  11   8   0   1  13  0.11 0.14
  270 P     0  -3  -3  -4  -3  -2  -2  -3  -3   1  -1  -2  -1  -1   5  -1  -2  -6  -4   3    7   2   1   1   1   2   3   2   1   8   6   3   2   3  31   4   3   0   1  19  0.71 0.47
  271 K     0  -1   1   1  -1  -1   1  -3  -1   1   0   1  -1  -1  -1   1   2  -1  -3   0    7   3   6   7   1   2   8   2   2   8   8   9   1   2   3   9  11   1   1   8  0.09 0.11
  272 T    -1  -1   1  -1  -2   0   2  -2   1   1  -1   0  -1  -1  -2   0   1   0  -1   2    5   2   8   3   1   3  14   3   3   8   6   5   1   3   2   7  11   1   3  13  0.12 0.15
  273 V    -1   1   0   3  -1  -1   0  -2   0  -2  -2  -1  -1   0   3   1  -1  -2   0   0    6   7   5  16   1   2   7   3   2   2   4   4   1   4  14   9   4   0   3   6  0.20 0.19
  274 C     1  -3  -2  -3   6  -3  -4  -2  -1   2   1  -3   0  -1   2  -1   0   1  -2   1   12   1   2   1  19   1   1   3   2  11  11   1   2   3   9   5   5   2   1   8  0.48 0.32
  275 T    -1   1   0  -1   1   0   1  -2   1   0  -1   1  -1   0  -1   0   2  -4  -1   1    5   6   3   3   3   3   8   3   3   6   5  10   1   4   2   8  14   0   2  10  0.08 0.12
  276 V    -1  -2  -1  -2   3  -1  -2  -2  -1   2   1   0   0   1  -2   0   0  -1   0   1    5   2   3   3   8   2   3   2   1  11  16   5   2   7   2   8   7   1   3   8  0.12 0.12
  277 L     0   0   0   1   0   0   0   0   0   0   0   0   0   0  -1  -1   0   0   1   1    5   4   6   9   2   4   5   6   2   4  13   4   3   5   2   3   4   1   5  12  0.01 0.04
  278 E    -1   0   1   2  -4   1   2  -3   1  -4  -3   1  -1  -3  -2   2   1  -1  -2  -2    5   6   6  10   0   6  14   2   4   0   2   9   2   1   2  18   9   1   2   3  0.28 0.27
  279 V    -1  -3  -3  -6   1  -5  -4  -4  -5   4   1  -5   0   1  -3  -3  -2  -5  -1   5    5   1   2   0   3   0   1   1   0  24  10   0   2   6   2   2   3   0   2  35  0.79 0.47
  280 E    -1   0   0   1   0   1   2  -3   1  -2  -2   1  -2  -1  -2   1   2  -1   0  -1    5   5   4   6   2   6  14   2   3   3   4   9   1   3   2  12  12   1   3   4  0.16 0.19
  281 C    -1  -2  -5  -5   6  -4  -5  -3  -1   2   2  -3   1   2  -2  -3  -1   1   2   2    5   2   0   0  16   0   0   2   1  14  18   2   3   9   3   2   4   2   6  12  0.52 0.35
  282 T    -1   0   0  -1   1   2   1  -2   0  -1  -1   1   0  -1  -1   1   1   1   1  -1    3   5   5   3   3   9  12   2   2   3   7   7   2   2   2  13   8   2   4   5  0.10 0.15
  283 H    -2   3   1  -3   0   0  -3  -1   5   0  -2   0   0  -1   0  -1  -1   1   0   0    3  18   6   0   2   3   0   5  15   7   3   6   3   3   4   4   3   2   4   7  0.26 0.29
  284 G     0   0   2   1   0   1   0   0   1  -1  -2   0   0  -1   2   0   0  -3  -1  -1   10   5  10   9   3   5   7   6   3   3   4   3   3   3   9   7   5   0   3   3  0.10 0.12
  285 A     0   0   0   0   2   0   0   0   1   0  -1   0  -1   0   1   0   0  -2   1   0    6   6   5   6   5   5   6   6   5   6   6   6   0   5   6   6   6   0   5   6  0.03 0.06
  286 V    -1  -1  -3  -3   1  -1  -1  -2   0   2   2  -1   1   0   0  -1   0  -3   0   1    3   3   0   0   3   3   3   3   3  17  21   3   3   4   4   3   6   0   4  12  0.13 0.14
  287 F     0  -2   0  -3   3  -2  -2  -3   2   0   0  -2   2   1   1   0   0   4   2   0    7   0   7   0   7   0   0   0   7   7   7   0   7   7   7   7   7   7   7   7  0.17 0.17
  288 V     0  -2  -2  -3   3  -2  -2  -2  -2   1   1  -2   2   2   2  -1   1  -1   2   1   10   0   0   0   9   0   1   1   0  10  10   1   9   9  10   1  10   0   9  10  0.17 0.11
  289 A     1   0  -1  -1   1   0   0  -1   0  -1  -1   1   0   0  -3   0   0   3   3  -1   15   4   3   3   3   3   7   4   3   3   7   9   3   4   0   8   7   4  10   3  0.11 0.13
  290 G     0   0  -1   1   3  -1  -1   0  -2   0  -1  -1  -1   1  -2   0   1  -2   2   0    9   9   0   9   8   0   1   9   0   9   1   0   0   9   0   9   9   0   9   9  0.07 0.10
  291 R    -1   0   0   0   2   0   0  -1   2   0  -1   0   2   1   0  -1   0   4   1  -1    5   5   5   5   5   5   5   5   5   5   5   5   5   5   5   5   5   5   5   5  0.09 0.08
  292 Y    -2  -3  -3  -3  -3  -3  -3   0   2   1   0  -3  -2   0  -3   1  -2  -1   7   0    1   1   0   1   0   0   1   7   6   9   9   1   0   0   1  12   1   0  47   5  0.75 0.35
  293 N     0   0   1  -1   3   2  -1  -3   0  -1   0   0   0   2  -3  -1   0   2  -1  -1    8   4   8   3   8  11   3   1   3   3   9   6   3  13   0   3   6   3   0   3  0.13 0.14
  294 K    -1   1  -1  -2   3   1  -1   1  -2   1  -1   1   2  -2  -2   0  -1  -3  -2   1    1  11   0   1  10  10   1  11   0  11   1  11  10   0   1  11   1   0   0  11  0.11 0.10
  295 Y    -1  -1  -1  -2   2  -1  -2  -5   1   0   0  -2   0   2  -1  -2  -1   5   5   0    5   3   3   3   5   3   3   0   3   5   8   3   3   9   3   3   3   8  23   5  0.45 0.26
  296 S     1   0  -1   0   1  -1   0  -1   0  -1  -2   0   0  -2  -1   3  -1   1  -4   0   13   5   3   4   3   3   7   5   2   4   4   6   3   2   4  23   3   2   0   7  0.16 0.19
  297 R    -2   7   0   0  -8  -7  -1  -2  -7  -1  -8   0  -8   0  -1  -1  -1  -8  -8  -2    4  50   4   5   0   0   4   4   0   4   0   5   0   4   4   4   4   0   0   4  1.23 0.60
  298 N    -2  -1   2   0   1  -1   0   4   0  -2  -3   1   2  -1  -2  -2  -2   2   0  -2    3   3   9   5   3   3   7  28   3   3   3   7   4   3   3   3   3   2   3   3  0.36 0.22
  299 L    -2   0  -3  -3   2  -2  -3  -4   0   3   2  -2   2   1  -3  -2  -1  -2   0   1    1   5   0   0   5   0   0   1   3  24  25   0   8   6   0   1   3   0   3  10  0.28 0.19
  300 P     0   0   0  -1   2   0  -1  -1   0  -3  -2  -1  -2  -1   4   3   0  -3  -1  -3    4   4   4   2   5   5   3   4   2   0   3   0   0   2  20  32   3   0   2   0  0.36 0.23
  301 Q    -1  -1   1  -2  -4   7   1  -3   2  -3  -2  -1  -2  -4  -3   0  -2  -4  -3  -1    4   0   5   0   0  62   5   1   5   0   5   1   0   0   0   4   1   0   0   5  0.96 0.47
  302 T     0   1   0  -1   2  -2  -2  -3   0  -2  -2   0   0  -4  -3   2   5  -4  -3  -1    5   8   4   2   4   0   0   0   2   2   2   6   2   0   0  14  42   0   0   4  0.52 0.35
  303 P     0   0   0   0   2   0   0  -1   2   0  -1   0   1  -2   0   0   0   3   1   0    5   5   5   5   5   5   5   5   5   5   5   5   5   0   5   5   5   5   5   5  0.07 0.11
  304 W    -5  -3  -5  -5  -2  -5  -6  -6  -3  -4  -4  -4   2   1  -9  -5  -4  12  -1  -6    1   2   1   1   1   1   1   1   1   1   2   2   4   5   0   1   1  71   2   1  3.56 1.56
  305 I    -2  -1  -2  -3  -3  -3  -2  -3   1   3   1  -2   0   3   2  -1   0  -1   1   1    3   3   2   1   1   1   2   2   3  18  12   3   2  11  11   5   5   1   4   8  0.29 0.22
  306 I    -2  -3  -3  -1   7  -3  -4  -3  -1   4   0  -1  -2  -1  -2  -2   0  -2  -3   2    3   1   1   3  22   1   1   2   2  20   7   5   1   2   2   3   5   1   1  13  0.74 0.39
  307 D    -2   1   3   4  -1   0   1   1   0  -2  -4   1  -4  -3   0  -1  -2  -5  -2  -3    3   8  14  23   1   4   8   9   2   2   2   7   0   1   6   4   3   0   1   2  0.44 0.31
  308 G    -1  -2   2   1  -2  -3  -1   5  -2  -3  -4   0  -1  -2  -2  -1  -1   0  -3  -3    6   2   9   7   1   1   4  41   1   2   2   5   1   2   3   4   5   1   1   2  0.64 0.40
  309 E    -1   1  -1   0   4   0   2   0  -1  -2  -2   2  -2  -2   0   0  -1  -4  -1   0    4   6   3   6  11   3  13   8   1   2   3  13   1   2   5   6   4   0   2   7  0.20 0.18
  310 R    -3   5  -1  -3  -6  -1   0   1  -2  -3  -1   3  -2  -3   0  -2  -2  -1  -2  -2    2  31   3   2   0   2   5  10   1   2   5  16   1   1   5   3   3   1   2   3  0.55 0.37
  311 K    -2   1   0  -1   0   0  -2  -1  -1   0  -1   4   4  -2  -2  -1  -2  -5  -2   0    3   8   4   3   2   5   2   6   2   6   6  27  10   1   2   4   2   0   1   6  0.36 0.28
  312 M    -1  -2  -1  -2   1   0  -3   2   0  -1  -2  -1   2   0  -1   0   0   0   5  -1    5   2   3   2   3   4   2  14   2   3   5   4   5   4   3   7   7   1  20   4  0.40 0.25
  313 E    -2  -2   0   0   0   0   4   0  -1  -1  -4   2  -1  -1   2  -2  -2   0   2  -2    3   3   4   6   2   5  22   9   2   4   2  10   2   3   9   3   2   1   6   3  0.31 0.23
  314 S    -2   0   1   1   1  -1   0  -1   3  -2  -1   0   0   0  -1   2   2  -6  -1  -3    3   4   7   7   3   3   7   5   7   2   5   6   2   3   4  15  12   0   2   2  0.20 0.17
  315 S    -2  -9   0  -2   1  -2  -8  -3  -9  -2  -9  -8  -9  -9  -9   7  -1  -9  -1  -9    4   0   4   3   3   2   0   3   0   2   0   0   0   0   0  71   4   0   3   0  1.99 1.02
  316 V     0  -3  -4  -4  -3  -3   0  -4  -4   2   2  -3   2  -2  -3   0  -2  -4  -3   4    7   0   0   0   0   0   7   1   0  11  15   0   6   0   0   7   1   0   0  41  0.54 0.28
  317 E    -1   0   0   1   1   2   3   1   1  -3  -2   0  -2  -1  -2   1  -1  -3   0  -1    5   4   3   7   3   9  25  10   3   0   4   3   0   4   0   9   4   0   3   4  0.20 0.15
  318 E    -2  -3  -2   3  -7   1   6  -2  -5  -7  -5  -1  -2  -7  -6  -1  -3  -7  -3  -4    3   1   1  15   0   5  55   4   0   0   1   4   1   0   0   4   2   0   1   1  1.30 0.73
  319 L     0  -2  -3  -3   2  -1   0  -3   0   3   3  -2   1   1  -4  -2  -1  -1   0   0    7   2   1   1   5   3   6   2   2  19  26   3   3   6   0   2   3   1   3   5  0.29 0.22
  320 I    -1  -6  -6  -6   0  -6  -6  -4  -1   6   1  -3   1   1  -2  -3  -1  -6  -2   1    5   0   0   0   2   0   0   2   2  48  13   2   3   5   2   2   4   0   2  10  1.01 0.51
  321 S     2  -1  -1  -2   3  -1   0   2  -1   0  -1  -1  -1   0  -3   1   1  -4  -1  -1   15   2   3   2   7   3   6  17   1   5   5   3   1   4   0  13   9   0   2   3  0.19 0.18
  322 D    -1   0   1   2   0   0   2   0   1  -2  -3   1  -1  -2   2  -1   0   1  -1  -3    6   5   8  10   2   5  11   6   3   2   3  10   2   2   9   5   6   2   2   2  0.18 0.15
  323 H    -2  -1   0  -2   0  -1   0  -2   3   0  -3   0  -1  -1   4   0  -2   4  -1   1    4   3   4   3   2   2   6   4   6   5   3   5   2   3  20   7   3   4   2  10  0.32 0.23
  324 L     0  -8  -1  -8   1  -8  -8  -8  -8   4   3  -8   2   2  -8  -2  -1   2  -7   3    7   0   4   0   3   0   0   0   0  19  25   0   5   8   0   3   4   3   0  18  0.87 0.42
  325 L     0   0   0  -1   1   1   0  -1   1   0   1   1   1   0  -2   0   0  -3   0   0    6   5   5   3   4   6   4   4   4   5  16  11   5   3   0   4   5   0   3   6  0.03 0.08
  326 A     0   0   0   1   1   1   1  -1   1  -1  -1   2  -2  -1   1   0   0   1  -2  -1    7   5   4   7   3   4  11   4   3   3   4  14   0   3   8   6   4   3   0   3  0.11 0.16
  327 V     1   0  -1  -1   1   0   0  -2   2   0   0   0   1   1  -1   0  -1   1   1   0   13   6   2   3   3   3   6   2   6   6   9   5   5   7   3   5   3   2   5   6  0.05 0.08
  328 F     0  -4  -1  -4   3  -3  -2  -1   1   1   0  -1   1   4  -1  -1   1   2   1   0    7   0   3   0   6   0   3   4   3   9   7   3   4  19   3   5   8   3   5   6  0.24 0.22
  329 R    -1   1   0   0   1   1   0   1   1  -1  -1   2   0  -1   0   0  -1  -3   0  -1    3  10   5   6   3   6   4  12   4   3   4  13   3   4   4   8   3   0   3   3  0.10 0.12
  330 A     4  -2  -1  -1   3  -1  -2   3  -4  -2  -3  -2  -1  -1  -1   0  -1  -5  -1  -2   32   2   2   3   5   2   3  23   0   2   2   2   2   3   3   8   3   0   2   2  0.47 0.39
  331 E     0   0   0   0   2   0   0  -1   1   0  -1   0   1   0   0   0   0  -2   1   0    5   5   5   5   5   5   5   5   5   5   5   5   5   5   5   5   5   0   5   5  0.03 0.05
  332 S    -1   0   1   2  -1   1   2   0  -1  -2  -2   1  -1  -4  -3   1  -1   0  -2  -2    5   6   6  13   2   6  14   8   2   2   5  11   2   0   0  12   3   2   2   2  0.21 0.19
  333 F     0  -2  -1  -1   1  -1  -1  -1   3   2  -1  -2   0   2  -2  -1   0   1   3   0   10   2   3   4   4   2   3   4   7  12   4   2   2  11   2   4   6   2  10   6  0.13 0.13
  334 N     0   1   0  -1   0   0   0  -1   1   0  -1   1   0   0  -2   1   0  -3   0   0    7  10   4   3   3   4   3   3   3   5   6  12   3   4   0  13   4   0   4   7  0.06 0.07
  335 F    -4  -5  -4   0  -4  -4  -4  -5  -4   2   2  -4   3   6   0  -4   0  -3  -2   0    1   0   0   6   0   0   0   1   0  10  17   0   8  36   6   1   6   0   0   7  0.83 0.38
  336 S    -1  -2  -1  -1  -2   0  -2  -3   7   0  -2  -1   1   1  -1   1   1  -3   0  -1    5   1   2   2   1   3   1   1  34   6   3   2   3   5   3  11   8   0   3   4  0.48 0.27
  337 S     3  -3  -2  -2  -1  -2  -2   2  -3  -1  -1  -2  -2   1  -1   1   0   5  -2   0   30   0   1   1   1   0   1  14   0   4   4   1   0   6   2  14   4   9   0   5  0.34 0.22
  338 S     3  -2  -2  -2   3  -2  -2   1  -3   0  -2  -2   0  -2  -2   3  -1  -3  -3   0   28   1   1   1   7   1   2  12   0   6   3   2   2   1   1  27   1   0   0   7  0.35 0.24
  339 G     0  -2  -2  -2  -4  -3  -3   6  -3  -4  -4  -3   0  -4  -3  -1   0  -4  -4  -4    7   2   1   2   0   1   1  70   0   1   1   1   3   0   1   3   5   0   0   1  1.19 0.42
  340 R    -2   6  -2   0  -4  -1  -1   1  -3  -3  -3   0  -3  -1  -2  -1  -2  -4  -3  -4    3  59   0   4   0   2   2  11   0   2   1   3   0   4   2   4   2   0   0   0  0.94 0.42
  341 E    -3   1  -2   3  -5  -1   6  -1  -3  -5  -4  -2  -4  -5  -3  -2  -3  -4  -4  -4    1   6   0  19   0   0  62   6   0   0   1   1   0   0   0   1   1   0   0   1  1.20 0.47
  342 D    -2  -3   0   6  -4  -2   0   1   2  -4  -1  -3  -3  -4   0  -1  -1  -4  -4  -4    3   0   2  56   0   0   3   9   6   0   7   1   0   0   4   4   3   0   0   1  0.89 0.37
  343 V     0   1  -2  -2   0   0  -1  -2  -2   2   0   0   1  -1  -1   0   0   0  -1   2    9   9   0   2   2   5   3   2   0  16   5   4   3   2   3   7   5   1   2  21  0.11 0.14
  344 D    -2   0   1   6  -5   0   0  -2  -3  -5  -5  -1  -4   1  -4  -1  -1  -5  -1  -4    3   5   6  55   0   3   5   3   0   0   1   2   0   7   0   5   3   0   2   0  0.96 0.47
  345 V     2  -3  -3  -1   2  -3  -3  -2  -3   0  -1  -3  -2  -3  -1   1   0  -4   1   4   20   0   0   3   4   0   0   3   0   3   3   0   0   0   3  13   3   0   5  37  0.43 0.33
  346 R     0   1   1  -2   2   1  -1   0   2   0   0   0   1   1  -2  -1   0  -2  -1   0    7   7   7   0   7   7   0   7   7   7   7   7   7   7   0   0   7   0   0   7  0.06 0.12
  347 T     0  -3   2  -3   3  -2  -3  -1  -3   1   0  -3   6  -3  -3   0   1  -4  -3   2    7   0  14   0   8   0   0   5   0   5   6   0  25   0   0   5   7   0   0  14  0.42 0.30
  348 L    -1   0   0   0   2   1   0   0  -2   0   0   0   1   0   1   0   0  -3  -2   0    0   6   6   6   6   6   6   6   0   6   6   6   6   6   6   6   6   0   0   6  0.05 0.10
  349 G     0  -1   0  -2   1  -2  -1   3   0  -1  -1   0   0  -1   0   0   0  -3   0  -2    5   3   6   0   4   0   3  29   3   4   6   7   3   3   5   6   4   0   3   0  0.17 0.20
  350 N     0   0   1   1   0   0   0   0   0  -1  -1   1  -2  -1   0   1   0   2   1  -1    9   4   7   7   3   3   4   6   3   3   4  10   0   3   3  12   6   3   5   3  0.07 0.07
  351 G    -1  -1   1   1   3   1  -1   1  -1  -2  -2  -1  -2  -1  -2  -1   1   5   2  -2    1   1  10  11  10  10   1  11   0   1   1   1   0   0   1   1  11  10  10   1  0.18 0.13
  352 R    -2   5   1  -2   4  -1   0   0  -2  -3  -3   1  -3  -4  -3  -2  -2  -4  -3   0    1  41   7   0   9   0   7   7   0   0   1   8   0   0   0   1   1   0   0  10  0.54 0.31
  353 P    -1   1  -2   0  -3   0   0  -1   1   0  -3   0  -2  -3   4   2   0   3  -2  -1    4   9   0   4   0   4   6   4   4   6   1   4   0   0  20  17   6   5   0   6  0.29 0.17
  354 F    -1  -4  -4  -5   0   0  -4  -4   0  -1  -1  -4   0   8  -5  -1  -2   1   1  -1    4   0   0   0   2   5   0   0   2   2   3   0   2  63   0   5   2   2   2   3  1.24 0.53
  355 A     1  -3  -2  -1   1  -1  -3  -2  -1   2   0  -3   0   1  -3  -1  -1  -2   2   3   12   0   2   4   3   2   0   2   2  11   8   0   2   5   0   2   2   0   9  31  0.24 0.21
  356 V     0  -1  -4  -4   1  -3  -3  -4  -3   2   3  -3   2   1  -3  -3  -2  -3   0   3    8   5   0   0   4   0   0   1   0  14  28   0   5   6   0   1   0   0   3  23  0.39 0.24
  357 E    -2  -1  -1   1  -1   1   5  -1   0  -4  -3   0  -3  -4  -3  -1  -1   0  -3  -1    2   3   2   7   2   6  51   5   2   0   3   5   0   0   0   2   2   2   0   4  0.67 0.38
  358 L    -2  -4  -5  -5   0  -4  -4  -5  -4   4   3  -4   1   1  -2  -4  -3  -4   0   3    3   0   0   0   2   0   0   1   0  24  35   0   3   4   2   1   0   0   3  19  0.68 0.34
  359 L    -1   0   0   0   2   0   0  -1   2   0  -1   0   2   1   0  -1   0   4   1  -1    5   5   5   5   5   5   5   5   5   5   5   5   5   5   5   5   5   5   5   5  0.09 0.08
  360 N    -2   0   5   3   1   0   1  -1   1  -7  -3   1   1  -1  -7  -1  -1  -7   0  -7    4   6  23  13   3   5   9   5   3   0   4   7   3   3   0   5   4   0   4   0  0.55 0.35
  361 P     1  -6  -6  -6   4  -6  -6  -3   0  -6  -3  -6   0  -1   7  -1  -2  -7   0  -2   12   0   0   0   7   0   0   2   2   0   3   0   2   3  53   5   3   0   3   3  1.47 0.77
  362 H    -2   4   1  -3   0  -1  -1  -3   4  -2  -2   4   0  -1  -2  -1  -1  -5  -1  -2    2  23   5   2   2   3   3   2   8   2   5  24   2   3   2   5   3   0   2   2  0.55 0.36
  363 R    -1   5   0  -3   1  -1  -2  -5   1   0  -3   4  -1  -1  -3  -1  -1  -1  -2   0    4  27   5   2   3   2   2   0   3   5   3  21   1   3   2   4   3   1   2   7  0.54 0.37
  364 V    -1   4  -1  -1   1  -2  -1  -1  -1   0  -2  -1  -1  -3   0   0   2   0  -2   0    5  25   2   3   3   2   4   4   1   6   5   3   2   1   5   7  14   1   1   6  0.30 0.26
  365 H    -1   0   1   0  -1   0  -1  -2   1  -1   0   1   0   0   1   0   1  -1   0  -1    5   6   6   6   1   3   3   3   4   3  11   9   3   4   7   7  10   1   4   3  0.07 0.10
  366 F    -3  -3  -3  -2  -1  -2  -4  -3  -2   3   2  -4  -1   3   2  -1  -2   0  -1   2    3   2   1   3   1   2   1   3   1  15  20   1   1  10  11   6   3   2   2  14  0.42 0.25
  367 T     0   0   0   0   2   0   0  -1   1   0  -1   0   1   0   0   0   0  -2   1   0    5   5   5   5   5   5   5   5   5   5   5   5   5   5   5   5   5   0   5   5  0.03 0.05
  368 S     0   0  -1   1  -2   2   1  -3   0  -1   1   0  -1   0   2   0   0  -1  -2  -1    8   4   3   7   1   9   7   2   2   4  13   6   1   4   9   8   6   1   1   4  0.11 0.13
  369 Q     0  -1   1   3  -6   0   4  -1   0  -2  -2  -1  -1  -2  -3   0  -1   1  -3  -1    7   4   5  15   0   4  23   4   2   3   4   4   2   2   2   8   3   2   1   5  0.35 0.28
  370 E    -1   0   0   1   0   1   2  -2   1   0   1   0   2   0  -2  -1  -1   1   0   0    5   4   4   8   2   7  12   3   3   5  11   5   5   4   2   4   4   2   3   6  0.08 0.09
  371 M     0  -1  -1  -2   2  -1  -1  -2   0   1   2  -1   3   1  -1  -1  -1   2   2   0    7   3   3   3   4   3   3   4   3   8  17   4   7   5   3   4   4   2   6   6  0.10 0.10
  372 K     1   1  -1   0  -5   1   1  -2   1  -1  -1   2   0   0  -1  -1  -1   2   0  -1   10   7   3   5   0   7   9   3   3   4   7  13   3   3   3   5   3   3   3   4  0.12 0.13
  373 E    -1   0   0   0   2   0   0  -1   2   0  -1   0   2   1   0  -1   0   4   1  -1    5   5   5   5   5   5   5   5   5   5   5   5   5   5   5   5   5   5   5   5  0.09 0.08
  374 L     0  -1  -1  -1   2  -1   0  -2   1   2   2  -2   3   0  -6  -2  -1   3   0   1    7   3   3   3   4   3   6   3   3  11  21   3   6   3   0   3   4   3   3   8  0.23 0.16
  375 Q    -1   0   0   0   2   0  -1  -1   2   0  -1   0   2   0   0  -1   0   3   1  -1    5   5   5   5   5   5   5   5   5   5   5   5   5   5   5   5   5   5   5   5  0.03 0.09
  376 Q    -1   0   0   0   2   0   0  -1   2   0  -1   0   2   1   0  -1   0   4   1  -1    5   5   5   5   5   5   5   5   5   5   5   5   5   5   5   5   5   5   5   5  0.09 0.08
  377 T     0   0   0   0   2   0   0  -1   1   0  -1   0   1   0   0   0   0  -2   1   0    5   5   5   5   5   5   5   5   5   5   5   5   5   5   5   5   5   0   5   5  0.03 0.05
  378 I    -1  -1   1  -1   1   0   0  -1   0   3   0  -1   1   0  -1  -1  -1  -3   0   1    4   4   7   3   3   3   5   5   3  21   7   4   4   3   3   5   4   0   4   9  0.07 0.12
  379 N    -1   0   5   0   1   0   0  -1   1   0  -2  -1   0  -1  -1  -1  -1  -4   0  -1    6   4  30   5   3   3   6   3   3   5   4   4   3   3   4   4   4   0   3   4  0.31 0.29
  380 K     0   0   0   0  -2   1   0   0   1   0  -1   0   1   0   1   0   0  -2   1   0    6   6   5   6   0   5   6   6   5   6   6   6   5   5   6   6   6   0   5   6  0.03 0.06
  381 S     0   0   1   0   1   1   0   0   1  -1  -1   0   0   0  -1   1   0   1   0  -1    8   4   8   4   3   6   6   6   4   3   5   5   3   4   3  13   6   2   4   3  0.06 0.09
  382 S     0   0   1   0   1   0   0   0   1  -1  -2   0   0   0   0   1   1  -3   0  -1    6   5   7   5   3   3   4   5   4   5   3   6   3   4   4  15   9   0   3   5  0.07 0.10
  383 D     0   0   0   0   2   0   0   0   1   0  -1   0  -1   0   1   0   0  -2   1   0    6   6   5   6   5   5   6   6   5   6   6   6   0   5   6   6   6   0   5   6  0.03 0.06
  384 K    -1   0   0   1   0   0   0   0   0   1   0   1   1   0  -1   0  -1   2  -1   1    5   4   4   8   2   3   5   6   2   8  11   9   4   4   3   6   3   3   2   9  0.02 0.03
  385 I    -1  -1  -2  -2   1  -2  -3  -3  -1   3   0  -2  -1   1  -3  -3  -1  -7  -1   5    5   3   2   2   3   2   2   3   1  15   8   3   2   5   2   3   4   0   2  32  0.57 0.33
  386 Q     0   2  -1  -1   1   1   2  -2  -1   0  -2   1  -1  -2  -3   0  -1   1  -1   0    8  10   3   3   3   6  15   4   2   5   5  10   1   2   2   8   3   2   2   8  0.16 0.15
  387 V     0  -2  -2  -2   2   1   0   0   2   0  -1   0  -1   1   1   0   0   4   1   0    6   0   0   0   6   6   6   6   6   6   6   6   0   6   6   6   6   6   6   6  0.10 0.14
  388 R    -1   2   1  -1   1   0  -1  -2   3  -1  -2   1   0  -1  -1   0   1   2   0  -1    5  12   6   3   3   4   4   3   7   3   4   8   2   3   4   6   7   2   4   5  0.12 0.13
  389 D    -1   0   2   2   0   0   0   1   1  -1   0   0   0   0  -1   0  -1  -3  -1  -1    4   5  10  12   2   4   6  11   4   3  11   4   2   4   2   4   3   0   2   5  0.05 0.10
  390 L    -2  -4  -2  -2   1  -1   0  -5   0   1   4  -2   2   0  -2  -4  -1  -4   0   0    3   0   2   3   3   2   6   0   2   6  46   3   5   4   2   0   3   0   3   6  0.49 0.38
  391 Q    -1   2  -1  -1   1   2   0   0   1  -2  -2   2   2  -1  -3   0   0  -4   0  -1    5  14   2   2   3  11   4   7   4   2   3  13   6   2   0   7   7   0   3   4  0.18 0.22
  392 L    -2   0  -1  -2   1   0  -2  -2   1   2   0  -1   1   3   0  -1  -2   3   1   1    4   4   3   3   3   4   3   3   3  12   8   4   3  12   5   4   3   4   5  11  0.21 0.12
  393 V     1  -7  -1  -1   4  -6  -6  -2   1   3  -2  -6   1   0  -1   1   1  -7  -6   3   10   0   4   4   6   0   0   4   4  13   5   0   4   4   4  10   9   0   0  20  0.49 0.28
  394 T    -1  -1   1   2   0   0   0   1   0  -1  -2   0  -3  -1   0   1   2  -4  -1  -1    3   3   8  11   2   3   5  11   3   3   3   4   0   3   5  12  14   0   3   3  0.15 0.17
  395 R    -1   4   1  -1   0  -2  -3  -4  -1  -2  -3   4  -3  -3   0   1  -3   0  -1  -3    6  21   6   4   2   2   2   2   2   3   3  23   1   1   5   9   2   1   2   3  0.56 0.39
  396 E     0   0   0   2  -7   0   4  -1   1  -3  -3   2  -2  -1  -4   1  -2  -1  -1  -4    7   5   5   9   0   4  21   6   3   2   3  13   1   2   1  11   3   1   2   1  0.37 0.30
  397 A     0   0  -2   3   0   0   2  -2   0   0  -2   1   0  -1  -2  -1  -1  -1   0   0    9   4   2  14   2   3  15   3   2   6   4   7   3   2   2   5   4   1   4   7  0.18 0.16
  398 I    -2  -3  -4  -7   0  -1  -4  -4  -7   2   1   0   2   1  -4  -3   2   4  -2   4    3   2   1   0   2   3   2   1   0  10  12   5   4   5   1   2  10   5   2  28  0.62 0.37
  399 G     0   2  -1   0   1   0   1  -2   0  -1   0   2   0  -2   0   1  -1   1  -1   0    8   9   3   6   3   5   8   4   2   3   8  12   2   2   5   9   4   2   2   6  0.08 0.09
  400 H    -1   2  -1  -2   0   1   0  -3   2   3   0   1   0   0  -2  -2  -2   1   0  -1    6   9   3   2   2   7   6   2   4  15  10  10   3   3   2   3   2   2   3   4  0.18 0.13
  401 M     0   0   0  -2   2   0   0   0  -2   0   0  -2   1   1   1   0   0   3   1   0    6   6   6   0   6   6   6   6   0   6   6   0   6   6   6   6   6   6   6   6  0.08 0.13
  402 K    -1   2  -1  -1   1   0  -2  -2   1  -1  -1   4   1   0   2   0  -1  -4   0  -2    3   9   3   3   3   3   0   3   4   3   6  26   4   4  10   6   3   0   3   3  0.24 0.26
  403 E     0   0   1   1   1   0   1   0   1  -1  -2   0   1   0  -4   1   0   2   0  -1    7   6   6   7   3   5  10   6   3   4   5   5   3   4   0   9   6   3   3   4  0.08 0.09
  404 G     0  -1   0  -1   1  -1   0   3   1  -1  -2  -1   1  -1  -1   1   0   2   0  -2    6   3   4   4   3   3   7  21   4   3   4   4   3   3   3   9   6   3   3   3  0.18 0.15
  405 E     0   0   0   0   2   1   0   0   2   0  -1   0   1  -2   1   0   0  -3   1   0    6   6   5   6   5   5   6   6   5   6   6   6   5   0   6   6   6   0   5   6  0.04 0.08
  406 E     0   0   0   0  -1   0   3  -1   2  -1  -2   0   0  -1   1   0  -1  -1   0   0    7   5   3   4   1   4  22   4   6   4   3   7   3   3   6   6   3   1   3   6  0.15 0.18
  407 E    -1   1   0   2  -4   1   2  -1   1  -1  -2   1   0  -1  -1   1   1  -4   0  -2    4   9   4  12   0   5  15   4   3   3   3   7   2   2   2  10   7   0   3   3  0.17 0.19
  408 K    -1   0  -2  -2  -1  -2  -4  -3   2  -3  -3   6   0   0  -2   0  -1  -6  -2  -3    6   3   2   2   1   2   0   2   4   2   2  53   2   4   2   6   4   0   2   2  0.94 0.65
  409 T     0   0   0   0   2   0   0  -1   1   0  -1   0   1   0   0   0   0  -2   1   0    5   5   5   5   5   5   5   5   5   5   5   5   5   5   5   5   5   0   5   5  0.03 0.05
  410 K    -1   1   1   0  -2   1   0  -2   2   0   0   0  -1   1  -2   0   0  -2   1   0    0   7   7   7   0   7   7   0   6   7   7   7   0   6   0   7   7   0   6   7  0.04 0.11
  411 T    -1   1  -1   0   2   0  -1  -2   0   0  -1   1   1   2  -3  -1   1   2   0   0    3   7   3   7   6   5   3   3   3   5   5  11   5   9   0   5   9   3   3   5  0.09 0.12
  412 Y    -2  -4  -4  -1   1  -4  -4  -5  -2   0  -2  -1   1   2  -5  -1  -1  -2   8  -1    4   0   0   3   3   0   0   0   0   5   3   4   3   6   0   5   3   0  53   5  1.23 0.64
  413 S     0   3  -1  -1   0   0   0   0   0  -1  -2   3  -1  -1  -3   0   0   2  -1  -2    6  21   2   2   2   2   7   6   2   4   4  19   2   3   0   6   5   3   2   3  0.21 0.20
  414 A     0   0   0  -2   2  -1   0   0  -1   0   0   0   1   1  -2   0   0  -2   1   0    6   6   6   0   6   0   6   6   0   6   6   6   6   6   0   6   6   0   6   6  0.00 0.10
  415 L    -1   0  -1  -1   1  -1  -1  -2   0   2   2   0   0  -1   0  -1  -1   2   0   1    5   5   3   3   3   3   5   3   3  13  17   5   3   3   5   4   4   3   3   8  0.11 0.08
  416 I    -1  -2  -1  -7   5  -7  -1  -2   1   3  -1  -2   1   0  -1  -2  -2  -7   0   4    5   3   3   0  10   0   5   3   3  13   6   3   3   4   3   3   3   0   3  27  0.56 0.32
  417 W    -1   0   0   0   2   0  -1  -1   2   0  -1   0   2   0   0  -1   0   3   1  -1    5   5   5   5   5   5   5   5   5   5   5   5   5   5   5   5   5   5   5   5  0.03 0.09
  418 T    -1  -2  -1  -5   4  -1   0  -2   1   0   0  -2   1   2  -2   1   1  -5   0   0    5   3   3   0   8   3   5   4   3   5   9   3   3   9   3  10   9   0   3   7  0.12 0.16
  419 N    -1  -1   1   2   0   0   2   0   0  -2  -3   1  -4  -1   1   1   0   1  -1  -2    5   3   6  13   2   4  14   6   3   3   3   7   0   2   8  11   5   2   2   2  0.19 0.21
  420 R     0   1   1   0   0   1   1   0   0  -1  -2   1   0  -1  -1   1   0  -3   0  -1    6  10   5   6   3   5   8   8   3   3   3  11   3   3   3  10   4   0   4   4  0.08 0.11
  421 A     0   0   0   0   2   0   0  -1   1   0  -1   0   1   0   0   0   0  -2   1   0    5   5   5   5   5   5   5   5   5   5   5   5   5   5   5   5   5   0   5   5  0.03 0.05
  422 I    -2  -3  -2  -1   0  -2  -2  -3  -5   4   2  -1   1   0  -1  -2   0  -5  -1   3    3   2   2   4   2   2   2   2   0  23  19   4   3   3   3   3   5   0   2  18  0.38 0.29
  423 Q    -2  -1   1   2   1   0   0  -1   0  -2  -1  -1   0  -1   1   1   2  -6   0  -2    4   4   6  10   3   4   7   4   3   3   7   4   3   3   6  10  14   0   3   3  0.15 0.16
  424 K    -1   0   0   0   2   0  -1  -1   2   0  -1   0   2   0   0  -1   0   3   1  -1    5   5   5   5   5   5   5   5   5   5   5   5   5   5   5   5   5   5   5   5  0.03 0.09
  425 K     0   0   0   0   2   0   0  -1   1   0  -1   0   1   0   0   0   0  -2   1   0    5   5   5   5   5   5   5   5   5   5   5   5   5   5   5   5   5   0   5   5  0.03 0.05
  426 D    -1  -1  -1   5   0   0   2  -3   0   0   0   0   2  -2  -3  -3  -2  -7  -7  -2    5   3   4  26   2   4  12   2   2   5  10   6   5   2   2   2   3   0   0   4  0.43 0.33
  427 I    -2  -2  -3  -2  -2  -2  -1  -5  -2   3   4  -1   1   1  -4  -3  -2  -2  -1   1    3   2   1   3   1   2   5   1   1  13  34   4   3   6   1   3   3   1   2   9  0.46 0.30
  428 G     0   0   1   1   0   1   2  -1   1  -2  -3   3  -1  -3  -3   0  -1  -1  -2  -1    8   5   6   8   2   7  14   5   3   3   2  15   1   1   1   7   3   1   1   4  0.25 0.22
  429 F     1   1   0   0  -1   0   0  -2  -1   0  -1   3   0   0  -1  -1   0   0  -1  -1   10   7   5   5   2   3   5   3   2   5   6  17   2   4   4   5   7   1   2   5  0.12 0.12
  430 L    -1  -2  -2  -5   1  -2  -2  -3  -1   2   4  -2   0  -1  -2  -2  -2   1  -1   0    5   3   2   0   3   2   2   2   2  13  40   2   2   3   2   3   2   2   2   7  0.45 0.37
  431 D     0   0   3   0   2   0   1  -2   1  -2  -2   1   0  -1   0   1   0  -6  -1  -1    7   4  12   6   3   5  10   4   3   3   4   7   3   3   4   9   6   0   3   4  0.13 0.14
  432 D    -1   0   0   0   2   0  -1  -1   2   0  -1   0   2   0   0  -1   0   3   1  -1    5   5   5   5   5   5   5   5   5   5   5   5   5   5   5   5   5   5   5   5  0.03 0.09
  433 L    -1  -1  -1  -1   0   0  -1  -2   0   1   2   0   1   1  -1   0  -1  -3   1  -1    4   3   3   3   2   4   3   3   2   7  23   7   4   8   3   7   4   0   5   4  0.08 0.14
  434 K    -1   1   0  -1   0   0   1   0   0  -1  -1   2   0   0  -1   0   0  -4   0  -1    5   6   4   3   2   4  10   6   3   3   5  16   3   6   3   8   7   0   2   5  0.08 0.13
  435 D     0   0   0   0   2   1   0   0   2   0  -1   0  -1  -2   1   0   0  -3   1   0    6   6   6   6   6   6   6   6   6   6   6   6   0   0   6   6   6   0   6   6  0.05 0.08
  436 L    -1   0   0   0   2   0  -1  -1   2   0  -1   0   2   0   0  -1   0   3   1  -1    5   5   5   5   5   5   5   5   5   5   5   5   5   5   5   5   5   5   5   5  0.03 0.09
  437 K     0   0   0   0   2   0   0  -1   1   0  -1   0   1   0   0   0   0  -2   1   0    5   5   5   5   5   5   5   5   5   5   5   5   5   5   5   5   5   0   5   5  0.03 0.05
  438 I     0  -2   0  -2   2   0  -2   0   2   0   0   0   1   0   1   0   0  -3  -1   0    6   0   6   0   6   6   0   6   6   6   6   6   6   6   6   6   6   0   0   6  0.02 0.12
  439 D    -1   0   1   0   1   3   1  -1   1   0  -1   1   2  -1  -3   0  -1   1  -1   0    4   3   7   5   3  14   7   4   4   5   7   9   5   3   0   5   3   2   2   6  0.11 0.13
  440 Q    -1  -7  -7   0  -7   7   0  -7  -7  -7  -2  -6  -7   1   0  -1   0  -7   2  -7    5   0   0   5   0  50   5   1   0   0   5   0   0   5   6   5   5   0   5   0  1.48 0.68
  441 K    -1   2  -1   0   1   2  -1  -2   0   1  -2   1   2   2  -1   1   1   2   0  -2    5  10   3   5   3   9   5   3   3   7   3   7   5   7   3   9   7   3   3   3  0.14 0.10
  442 T    -1   0   1  -2   2  -1   0   0  -1   0   0   0   1   1  -2   0   0  -2   1   0    1   7   7   0   7   0   7   7   0   7   7   7   7   7   0   7   7   0   7   7  0.05 0.11
  443 P    -1   0   0   0   1  -3  -1  -4  -4  -1  -4   2  -4  -5   6  -1  -3  -5  -4  -2    3   6   5   6   3   0   4   1   0   4   1  12   0   0  46   4   0   0   0   3  0.99 0.48
  444 L    -1   1   0  -2   0  -1  -1  -1   1   2   0  -1   1   0  -1   0   0   3  -2   1    4  12   6   0   2   2   2   4   4  16   7   3   4   3   2   6   6   5   0  12  0.08 0.12
  445 R    -2   7  -1   0  -1   0  -1  -1  -3  -5  -5   2  -4  -2  -4  -1  -2  -5  -4  -5    3  56   3   5   2   3   4   5   0   0   1  10   0   2   0   4   2   0   0   1  1.08 0.55
  446 V    -1   1  -1  -5  -4  -2  -3  -2   0   1  -1  -4   0  -1  -4  -3  -1  -5  -4   6    4   8   3   0   0   2   2   3   2   7   3   0   2   2   0   1   2   0   0  56  0.80 0.48
  447 L    -1   0  -1  -2  -1  -1  -2  -2  -1   1   3   0   2   1  -1   0  -1  -2   0   0    4   7   3   1   1   1   2   3   1   7  33   5   5   6   2   7   2   0   4   6  0.16 0.16
  448 H    -2   0   0  -3  -4   2   0   0   7  -2  -2   1  -1  -2   0  -2  -2  -1   2  -2    2   4   4   1   0  10   5   9  31   3   3   7   1   2   4   2   2   1   7   2  0.62 0.35
  449 R     0   1   1   1   2   1   1  -2   2   0  -1   0  -1  -2  -2   0   0  -2   1  -1    7   7   7   7   7   7   7   0   7   7   7   7   0   0   0   7   7   0   7   0  0.10 0.12
  450 R    -2   6  -1  -2  -5   0  -1  -2   1  -5  -2   1   0  -4  -4  -1  -1   1  -1  -4    2  56   3   2   0   3   3   2   3   0   4   7   2   0   0   4   3   2   2   0  0.99 0.55
  451 P     1   0  -1   0   0  -2  -1   0  -3  -2  -3   1  -3  -4   4   2   1  -4  -1  -1   15   6   3   4   2   0   3   5   0   2   1   9   0   0  23  14   7   0   2   3  0.38 0.27
  452 L     0   0   0   3  -3   0   0   0   0  -1   1   0   0   1   0  -1  -2   2   0  -1    8   4   4  20   0   5   4   8   3   4  15   4   2   6   4   2   1   3   2   2  0.10 0.13
  453 A     1   0  -1   0   0   1   0  -1   0   0   1   2   2  -2  -2   0  -1  -3  -1   0   12   5   2   4   3   5   4   5   2   4  14  19   6   0   0   6   2   0   2   4  0.09 0.14
  454 V    -1   1   0  -1   1  -1   0  -2  -1   1   0  -1   0  -1   1  -1   1  -3  -1   2    3   8   6   4   3   1   7   1   1  10   7   3   2   2   6   4  11   0   2  18  0.08 0.12
  455 R     1   1  -1  -2   3  -1  -1  -2  -2   1   0   1   0  -2  -2   1   1  -2  -2   0   12  12   0   1  11   0   1   1   0  12  12  12   0   0   1  12  12   0   0   1  0.11 0.07
  456 T    -1   1  -1  -1   0   0   0  -2   0   2   0   1   0   1   1   0  -1  -3   0  -1    3   8   3   3   3   3   7   3   3  14   7  11   3   6   7   7   3   0   3   3  0.07 0.10
  457 R    -4   5   0   0  -5   0  -1  -1   1  -1  -2   4  -4   0  -5  -1  -1  -5  -4  -5    0  31   4   5   0   4   4   4   4   4   4  22   0   4   0   4   4   0   0   0  0.66 0.41
  458 A    -2   2  -1   1   0   0  -1  -3   1   1  -2   2   1  -2  -4  -1   1   2   0   0    2  13   2   8   2   5   3   1   3   9   3  15   4   2   0   4  11   3   3   6  0.19 0.19
  459 I    -2  -5  -5  -6  -5  -5  -2  -3  -6   6   0  -3   2   1  -5  -2  -1  -5  -4   4    2   0   0   0   0   0   3   2   0  39   8   2   4   5   0   3   3   0   0  27  0.98 0.50
  460 H    -3  -1   0  -3   1   0   0  -1   5  -1   0   0  -1   2  -4  -2  -2   0   5   0    1   3   4   1   3   4   6   5  14   3   9   7   1   7   0   2   2   1  19   6  0.40 0.30
  461 S    -1  -1   0   1  -1  -1   2  -3  -1   0  -3   1  -2  -2  -4   4   0   3   0  -3    5   3   4   8   1   3  12   3   1   5   3   7   1   2   1  25   5   4   3   3  0.37 0.31
  462 M    -1  -3  -8  -8   2  -2  -3  -8  -7   3   3  -3   6   0  -2  -3  -2   1  -2   2    5   2   0   0   4   2   2   0   0  15  21   2  16   4   3   2   3   2   2  14  0.77 0.42
  463 K    -2   2   0   0  -1   0   1  -3   1  -3  -3   3   0  -2  -1   2   0   0  -1  -3    3  10   4   6   1   5  10   2   3   2   3  18   2   2   3  14   6   1   3   3  0.31 0.25
  464 T     2  -2  -1  -2   2  -5  -2  -1   0   2   0  -1   1   0  -1  -1   0   2   0   1   18   3   3   3   5   0   3   5   3   9   8   3   3   4   3   4   7   3   3   9  0.18 0.14
  465 H    -2   2  -1  -1   1   0   3  -2   1   0  -1   1   1  -1  -2  -1   0   2   0   1    3   9   3   3   3   4  16   3   3   6   6   8   3   3   3   4   6   3   3   9  0.15 0.14
  466 Y    -1   2  -2  -3  -1   0  -1  -1   0  -1   0   2   0  -1   2   0  -2   2   2  -1    5  12   2   2   1   3   5   5   2   3  10  12   2   3   9   7   2   3   7   5  0.17 0.16
  467 L    -2  -2  -3  -2  -1  -2  -2  -3   0   4   2  -1   0   0  -2  -3  -2   0  -1   3    3   2   2   3   1   2   3   2   2  22  18   3   2   5   3   2   3   1   2  19  0.46 0.26
  468 D    -2  -3   3   5  -1  -2   1  -1   1  -3  -7   1  -1  -8  -2   2  -1  -8  -2  -4    3   2  11  27   2   2  10   6   3   2   0   8   1   0   3  12   5   0   1   2  0.64 0.44
  469 E    -2  -3   1   3  -2  -1   2   2  -1  -4  -5   0  -2  -4   3   1  -2  -1  -7  -5    4   2   5  16   1   2  13  15   1   1   1   6   1   1  13  11   3   1   0   1  0.48 0.37
  470 H    -4   2   3   0   0   0  -1  -1   7  -3  -3   2  -2  -2  -3  -3  -1   1   0  -5    1  11  13   5   2   4   4   6  21   2   4  10   1   2   2   3   4   2   3   1  0.67 0.42
  471 H    -2   0  -1  -3   0  -1  -1  -3   5  -1   0   0   1   3  -1  -1   0   2   3  -1    4   5   3   2   2   2   5   2  13   4   9   6   3  10   3   5   7   3   8   4  0.29 0.19
  472 F     1  -7  -2  -4   1  -3  -7  -2  -1   1   1  -4   1   6  -3  -1  -3   2   1  -1   10   0   2   1   3   2   0   4   1   7  11   1   4  33   2   5   2   2   4   4  0.80 0.44
  473 R    -2   1  -2  -2   0   0   2  -3   1   1   0   0   0   1  -2  -1   0   1   0   1    4   7   2   2   2   3  16   2   3   8   8   6   2   6   2   4   6   2   4   9  0.13 0.12
  474 L    -1  -7  -7  -8   1  -7  -7  -3  -7   2   4  -2   2   2  -7  -2  -2   2  -1   1    6   0   0   0   3   0   0   3   0   9  41   3   4   7   0   4   3   3   3  10  0.83 0.43
  475 H    -3   2  -1   1   0   0   2  -3   3   0   0   0  -1   1  -2  -1   0   1   1  -1    2   9   3   7   2   4  14   2   7   5   9   5   2   6   3   5   5   2   4   4  0.17 0.13
  476 L     0  -2  -2  -2  -2   1  -1  -2  -1   1   1  -1   2   1  -2   0   1  -1   2   1    9   0   0   0   0   9   1   1   0   9   9   0   9   9   0   9   9   0   9   9  0.05 0.11
  477 K     0   2   0  -1   1   1   0  -2   1   0  -1   1   0  -1  -3  -1   0   1   0  -1    8  12   3   3   3   5   6   3   3   7   4  11   3   3   0   4   6   3   3   4  0.03 0.10
  478 T     2  -3   0  -1   5  -3  -3  -1  -4  -1  -2  -3   1   0  -3   0   4  -4  -3  -1   17   0   4   3  14   0   0   4   0   2   4   0   4   5   0   5  31   0   0   4  0.52 0.37
  479 Q    -1  -1  -1   2  -4   5   3  -2   0  -4  -4  -1   0  -4  -1   1   0  -4  -4  -2    3   2   2   9   0  29  20   2   2   0   1   2   3   0   3  12   6   0   0   2  0.55 0.39
  480 A     3   0   0  -1  -1  -2  -1   3   0  -1  -3  -1  -3  -4   0   1  -1  -4  -3  -1   36   4   3   3   1   0   4  20   2   4   1   2   0   0   5   8   3   0   0   3  0.34 0.25
  481 G    -2  -2  -1   0   2  -4  -2   6  -4  -5  -5  -3  -4  -4  -4  -1  -3  -4   0  -5    0   2   3   5   4   0   2  73   0   0   1   0   0   0   0   3   0   0   4   0  1.35 0.55
  482 T     0  -2  -3  -3   0  -3  -3  -4  -4   1   2  -3   0  -1  -3   1   5  -4  -1   0    5   2   0   0   2   0   0   0   0   9  18   0   2   2   0  10  43   0   2   4  0.54 0.37
  483 Y    -3  -4   0   1  -5  -2  -4  -5   0  -4  -4  -4  -4   2   0  -3  -3  -1   8  -4    2   0   4   9   0   2   0   0   2   0   0   0   0   6   5   2   1   0  67   0  1.66 0.67
  484 I    -1  -4  -4  -5  -3  -4  -4  -5  -4   5   1  -4   0   0  -2  -3  -1  -4  -3   4    4   0   0   0   0   0   0   0   0  45   9   0   1   3   2   0   2   0   0  31  0.81 0.38
  485 K    -2   2  -1  -2  -4  -1   1  -3  -2  -4  -4   6  -3  -5  -1  -1  -2  -4  -4  -4    3   8   1   1   0   0   9   0   0   0   1  70   0   0   3   2   0   0   0   0  1.09 0.45
  486 E    -1   0   0  -1  -4   2   6  -2   1  -4  -4   0  -3  -4  -3   0  -2  -4  -3  -4    6   5   3   0   0   7  65   2   3   0   1   3   0   0   0   4   0   0   0   0  0.95 0.42
  487 F    -2  -4  -4  -4  -3  -4  -4  -4  -3   0   2  -4   0   6  -3  -3  -2   3   1  -1    4   0   0   0   0   0   0   0   0   4  26   0   2  51   1   0   1   4   1   2  0.91 0.36
  488 V     0  -4  -4  -5   2  -4  -4  -4  -4   4   0  -3   0  -1  -4  -3  -2  -4  -3   5    8   0   0   0   5   0   0   0   0  28   3   1   2   2   0   0   0   0   0  51  0.76 0.35
  489 H    -2  -2   2  -1  -4  -1  -1  -1   8  -4  -4  -2  -2  -3  -3   2   2  -4  -1  -4    1   0   9   2   0   2   2   4  42   0   0   1   1   1   0  16  17   0   1   0  0.96 0.42
  490 G    -2  -2  -3  -2  -2  -4  -4   7  -4  -6  -5  -3  -5  -5  -4   0  -3  -5  -5  -5    1   3   0   2   1   0   0  85   0   0   0   0   0   0   0   6   0   0   0   0  1.68 0.54
  491 D    -4  -3   1   7  -5  -2   2  -1  -3  -5  -5  -1  -5  -5  -3  -2  -3  -5  -5  -5    0   0   4  73   0   0  10   4   0   0   1   4   0   0   0   2   0   0   0   0  1.50 0.51
  492 F    -2  -1   2   1  -1  -1   0   1  -2  -2   1  -1   0   4  -3  -1  -2  -1  -1  -2    1   2  13  10   1   2   8  11   0   1  17   2   1  23   0   4   1   0   0   1  0.20 0.18
  493 G    -1  -1  -1  -2  -2   0  -1   6  -2  -4  -4  -2  -2  -4  -3   0  -2  -3  -4  -4    2   3   2   2   1   5   4  67   1   1   2   1   1   0   1   6   1   0   0   1  1.00 0.35
  494 R    -3   7  -1  -1  -3  -1   0  -3  -1  -4  -4   0  -3  -3  -3  -1  -2   2   0  -4    1  70   2   3   1   0   5   1   1   1   1   1   0   1   1   3   2   3   3   1  1.20 0.45
  495 T    -2  -4  -2  -4   0  -4  -4  -4  -5   0  -3  -4   1  -1  -4   0   7  -5  -4   0    1   0   1   0   2   0   0   0   0   6   0   0   4   2   0   4  75   0   0   5  1.33 0.58
  496 K    -1   2   1   0  -2   2   1  -3   0  -2  -3   2  -2  -1  -3   0   2  -2  -1  -1    2  13   6   4   0   8  11   0   2   1   1  17   1   2   0   7  15   1   1   4  0.24 0.18
  497 P    -4  -5  -5  -2  -6  -5  -4  -4  -6  -6  -6  -4  -6  -7   9  -3  -2  -7  -6  -6    0   0   0   2   0   0   0   1   0   0   0   0   0   0  93   1   2   0   0   0  2.88 0.82
  498 N    -1  -2   5  -2   1  -3  -3  -2  -2  -5  -5  -3  -4  -5  -4   5  -1  -6  -3  -4    1   1  32   0   3   0   0   2   1   0   0   0   0   0   0  59   1   0   0   0  1.19 0.54
  499 L    -2  -4  -5  -5  -2  -4  -5  -5  -5   3   4  -4   1   2  -5  -4  -3  -3  -2   3    1   0   0   0   1   0   0   0   0  21  45   0   2   9   0   0   0   0   0  20  0.78 0.33
  500 G     3   0   0  -3   2  -2  -2   1  -1  -3  -4  -1  -3  -3  -2   4   0  -4  -1  -3   24   4   3   0   5   1   0  12   1   1   0   3   0   0   1  42   2   0   2   0  0.55 0.32
  501 S    -1  -2  -1   2  -3   2   3   0  -1  -4  -4   0  -1  -4  -3   3   0  -4  -2  -3    4   0   2  14   0   7  27   7   1   0   1   4   1   0   0  24   6   0   1   1  0.45 0.27
  502 L    -1  -2  -5  -5  -3  -4  -4  -5  -4   4   4  -3   2  -1  -4  -3  -1  -2  -1   1    4   2   0   0   0   0   1   0   0  28  46   1   4   2   0   0   2   0   2   7  0.69 0.32
  503 M    -2  -4  -4  -5  -2  -4  -5  -5  -5   2   5  -4   3   0  -5  -4   0  -2  -1   0    2   0   0   0   0   0   0   0   0   9  66   0   6   4   0   0   5   0   1   4  0.92 0.39
  504 N    -2   0   2   1  -1  -1   1   5  -2  -5  -5   1  -4  -5  -4  -1  -2  -5  -4  -5    1   4   9  10   1   2   9  51   1   0   0   9   0   0   0   3   1   0   0   0  0.79 0.35
  505 V     1   0   1  -2   4  -1  -2  -2  -2   0  -1   0  -1   0  -3   0   2  -3  -1   1   11   6  10   1  12   1   1   2   1   6   3   7   1   5   0   4  14   0   2  13  0.15 0.15
  506 T    -2   1   1   2  -3   1   2  -1  -1  -4  -4   2  -3  -3   3   0  -1  -3  -2  -3    2   9   6  12   0   6  15   3   1   1   1  17   0   1  15   5   4   0   2   0  0.39 0.22
  507 A     3  -4  -4  -4   6  -4  -4  -3  -4   1   0  -4  -1  -3  -1  -1   1  -4  -3   2   26   0   0   0  21   0   0   1   0   8   8   0   1   0   2   3  11   0   0  18  0.62 0.34
  508 D    -3   2   0   5  -4  -1   2  -3  -1  -1  -3   2  -3  -3  -4  -1   0  -2  -1  -2    1  11   2  36   0   2  13   1   1   4   1  13   1   1   0   3   5   0   2   4  0.57 0.32
  509 I    -3  -4  -3  -4   7  -5  -5  -6  -5   5   0  -2  -2  -3   0  -3  -3  -4  -2   3    0   0   1   1  22   0   0   0   0  33   8   2   0   0   5   1   0   0   1  23  0.96 0.44
  510 L    -1  -1  -3  -2  -3  -2   0  -4  -3   2   3   0   2  -1  -2  -2   0  -4  -2   1    5   3   1   1   0   1   7   0   0  15  35   5   4   1   1   2   6   0   0  11  0.30 0.21
  511 E     2  -1  -1  -1  -3   3   4  -3  -1  -4  -2   1  -3  -2  -3   1  -1   1  -2  -2   18   2   2   1   0  12  34   0   1   0   4   6   0   1   0   8   3   2   1   3  0.48 0.32
  512 L    -5  -4  -6  -7  -5  -3  -6  -7  -5   1   6  -4   0   3  -6  -5  -4  -4  -2  -1    0   1   0   0   0   1   0   0   0   6  74   1   2  13   0   0   0   0   1   2  1.35 0.55
  513 D    -3  -5  -1   8  -7  -3  -1  -5  -5  -5  -7  -2  -7  -3  -5  -4  -3  -8  -7  -6    2   0   2  88   0   0   2   0   0   1   0   2   0   2   0   0   1   0   0   0  2.30 0.81
  514 V    -3  -3  -6  -6   0  -5  -6  -6  -6   2  -1  -5  -2   1  -6  -5  -3  -6  -4   7    0   2   0   0   2   0   0   0   0  11   4   0   0   5   0   0   0   0   0  75  1.51 0.61
  515 E    -1  -3  -3  -2  -1  -2   0  -4  -1   3   2  -2   2  -2  -3  -1   1  -4  -2   2    5   0   1   1   1   1   9   0   2  18  27   2   4   0   0   4  11   0   1  12  0.28 0.21
  516 S     1  -1   3   3  -2  -1   2   1   0  -4  -4   1  -3  -3  -3   1  -2  -1  -1  -3   11   2  13  20   1   2  12  10   2   0   1  11   0   1   0  11   1   1   2   1  0.36 0.23
  517 V    -4  -6  -6  -6  -4  -6  -6  -7  -6   6  -1  -6  -1  -2  -6  -5  -3  -6  -4   6    0   0   0   0   0   0   0   0   0  40   2   0   1   1   0   0   1   0   0  54  1.59 0.60
  518 D    -1  -2   0   4  -4  -1   4  -3   5  -2  -3   0  -3  -3  -4  -2  -2   0  -2  -3    4   1   4  25   0   1  29   1  15   3   3   5   0   1   0   2   1   1   1   1  0.67 0.35
  519 V    -2  -3  -3  -1  -1  -3  -3   0  -2   2   3  -4   4   0  -2  -2  -2  -3  -1   1    2   1   0   5   1   0   1   7   1  13  36   0  11   4   1   2   2   0   2  11  0.38 0.23
  520 D    -1  -2  -1   6  -5  -1   4  -3  -2  -4  -5  -1  -4  -4  -1  -2  -1  -6  -5  -1    5   2   2  44   0   1  27   1   0   0   0   2   0   1   3   1   4   0   0   6  0.93 0.40
  521 W    -3  -5  -4  -3  -5  -5  -1  -2  -5  -2  -2  -4  -4   4  -6  -3  -1  11   0  -5    3   0   1   2   0   0   5   3   0   2   3   1   0  17   0   1   4  58   1   0  2.29 0.62
  522 P    -4  -5  -3  -3  -6  -1   1  -5  -5  -6  -5  -3  -5  -7   8  -3  -4  -7  -6  -5    0   0   1   0   0   3  10   0   0   0   1   1   0   0  82   1   0   0   0   0  2.41 0.64
  523 P    -3  -3  -4  -3   1  -2  -1  -5   1  -5  -4   2  -5  -6   8  -1  -3  -6  -5  -5    1   0   0   1   3   1   3   0   4   0   1  13   0   0  69   3   1   0   0   0  1.81 0.49
  524 A     3   2  -1  -1  -1   1   2  -2  -1  -2  -2   1  -1  -2   0   1  -1  -4  -2  -1   28  10   1   1   1   5  14   0   1   1   2  10   1   1   4  14   1   0   0   3  0.26 0.16
  525 L    -1  -1  -3  -3  -1  -3  -2  -4  -4   3   3   0   0  -2  -3  -3  -1   0  -3   2    4   3   1   1   1   0   1   1   0  23  35   8   1   0   0   0   2   1   0  16  0.39 0.18
  526 D    -1  -2   2   4  -4   0   3  -2  -2  -4  -2   0  -3  -4   2   1  -1  -5  -3  -3    4   0  11  24   0   2  26   1   0   0   5   3   0   0   9  12   3   0   0   1  0.49 0.20
  527 D    -3  -2   4   6  -5  -1   4  -3  -2  -5  -5  -2  -4  -5  -3  -2  -2  -5  -4  -5    0   0  24  46   0   0  30   0   0   0   0   0   0   0   0   0   0   0   0   0  1.17 0.29

                      K         Lambda
Standard Ungapped    0.1353     0.3183
Standard Gapped      0.0353     0.2670
PSI Ungapped         0.1154     0.3174
PSI Gapped           0.0353     0.2670
