
Last position-specific scoring matrix computed, weighted observed percentages rounded down, information per position, and relative weight of gapless real matches to pseudocounts
            A   R   N   D   C   Q   E   G   H   I   L   K   M   F   P   S   T   W   Y   V   A   R   N   D   C   Q   E   G   H   I   L   K   M   F   P   S   T   W   Y   V
    1 M    -3  -5  -5  -6  -4  -4  -5  -6  -5   3   1  -5   8  -3  -5  -4  -3  -5  -4   4    0   0   0   0   0   0   0   0   0  13  11   0  47   0   0   0   0   0   0  28  1.40 0.52
    2 Q    -2   4  -1  -4  -5   5  -2  -3   3  -5  -1   2  -2  -5   1  -1  -2  -5  -3  -3    2  26   2   0   0  27   1   2   8   0   7  10   0   0   8   3   2   0   1   1  0.70 0.42
    3 P    -3  -5  -2  -5  -4  -3  -5  -5   9  -3  -6  -4  -5  -5   4  -2   3  -7  -2  -2    2   0   1   0   0   1   0   1  45   1   0   1   0   0  22   2  21   0   1   3  1.73 0.79
    4 A     2  -7  -7  -7  -4  -7  -7  -7  -8  -6  -5  -6  -4  -9   8  -6  -4  -9  -8  -4   16   0   0   0   0   0   0   0   0   0   1   0   1   0  79   0   1   0   0   2  2.65 1.13
    5 S    -2  -1   0   0  -4   1   3  -3   1  -1  -2   0  -2   2   3   1   1  -3  -3  -3    2   2   4   4   0   6  20   1   3   3   3   5   1  11  13  10  10   0   0   1  0.33 0.29
    6 A     0  -6  -7  -7  -1  -6  -6  -6  -7   3   0  -6   0  -1  -5  -4   1  -6  -4   6    7   0   0   0   1   0   0   0   0  17   7   0   2   3   0   1   7   0   0  55  1.24 0.63
    7 K    -3   0  -4  -5  -3  -1  -2  -6   1  -1   3   4   1  -1  -5  -3  -1  -4   3  -1    2   5   1   0   1   2   2   0   3   2  33  25   3   2   0   2   4   0  11   3  0.58 0.42
    8 W    -9  -3  -9 -10  -8  -8  -6  -9  -8  -9  -5  -9  -8  -5  -9  -9  -8  13  -2  -9    0   2   0   0   0   0   1   0   0   0   1   0   0   0   0   0   0  95   1   0  5.10 1.77
    9 Y     6  -2  -5  -6   0  -5  -5   0   0  -4  -6  -5  -5  -1  -5   0  -3  -1   3  -4   65   2   0   0   2   0   0   7   2   1   0   0   0   2   0   6   1   1   9   1  1.33 0.75
   10 D    -6  -3  -5   1  -8   9   0  -7  -5  -5  -8  -4  -6  -9  -5  -6  -6  -8  -7  -8    0   1   0   9   0  83   6   0   0   1   0   0   0   0   1   0   0   0   0   0  2.75 1.28
   11 R    -5   7   2   0  -8  -3  -3  -5  -2  -7  -5   0  -3  -7  -7  -1   1  -8  -6  -6    1  64   8   6   0   1   1   1   1   0   1   4   1   0   0   4   8   0   0   0  1.69 0.88
   12 R    -1   2   0   0  -4   0   1  -3   0  -3  -3   4  -4  -4   1   2  -1  -6  -4  -4    5  11   3   6   0   3  10   1   2   1   2  28   0   1   6  17   3   0   0   1  0.52 0.42
   13 D    -2  -1   4   5  -4  -1   2  -2  -1  -6  -6   1  -4  -2  -3  -1  -1  -1  -3  -6    2   3  17  38   0   2  11   4   1   0   0   8   0   2   1   5   3   1   1   0  0.87 0.53
   14 Y    -2   1   0  -1   1   0   0  -3   2   0   0   2  -1   0  -4   0   0  -2   3   0    2   9   4   3   3   4   4   1   5   7   8  15   1   4   0   6   6   0  12   6  0.16 0.19
   15 V    -4  -3  -7  -7  -5  -6  -7  -7  -4   5   3  -6  -3  -4  -6  -5  -4  -6  -5   5    1   1   0   0   0   0   0   0   1  28  22   0   0   0   0   1   1   0   0  44  1.42 0.71
   16 F    -5  -4  -4  -7  -2  -6  -6  -6  -2  -2   1  -4  -2   6  -7  -1   0   2   7  -2    1   1   1   0   1   0   0   0   1   2  13   1   1  28   0   4   5   3  34   3  1.31 0.70
   17 I    -4  -6  -7  -7  -5  -6  -7  -7  -7   3   5  -6   2  -1  -7  -4  -3  -6  -2   2    1   0   0   0   0   0   0   0   0  17  56   0   4   2   0   2   1   0   2  15  1.29 0.68
   18 E    -3   1   0  -4  -2  -3   0  -5  -4  -3  -6   2  -3  -5  -5   0   6  -7  -1  -4    2   7   4   1   1   0   7   0   0   1   0  11   1   0   0   5  57   0   2   1  1.23 0.77
   19 F    -4  -7  -7  -8  -3  -7  -7  -6  -7   6  -2  -7  -2   3  -7  -5  -4  -1  -1   5    1   0   0   0   1   0   0   1   0  40   2   0   1  10   0   1   1   1   2  40  1.55 0.79
   20 C     0  -2   2   3   4   1   3  -3   0  -3  -2   0  -1  -4  -2   0  -2  -6  -5  -2    7   2  10  17   8   7  21   1   2   1   4   6   1   1   2   6   2   0   0   3  0.44 0.36
   21 V    -1  -6  -7  -5  -2  -4  -6  -5  -7   3   4  -4   1  -4  -6  -4  -3  -6  -3   4    4   0   0   1   1   1   0   1   0  12  44   1   2   0   0   1   1   0   1  30  1.11 0.63
   22 E     0   1  -2  -1  -2   2   2  -3   0  -4  -3   0  -1  -5   5   0   0  -3  -4  -2    7   8   1   4   1   7  14   2   2   1   2   6   2   0  26   7   6   0   0   2  0.50 0.41
   23 D    -3  -3   2   7  -2  -2   0   0  -2  -7  -6  -2  -4  -7  -6  -2  -3  -8  -7  -7    2   1  10  65   1   2   5   6   1   0   1   2   1   0   0   2   2   0   0   0  1.68 0.90
   24 S     3  -5  -4  -5   4  -3  -4  -3  -5   1  -1  -4   0  -2   0   1  -1  -6  -4   4   26   0   1   0   8   1   0   2   0   9   5   1   2   1   4  12   3   0   0  25  0.59 0.48
   25 K    -2   0   0  -2  -4   2   1  -4  -1  -2  -4   5  -3  -6  -1   0   1  -3  -4  -1    3   4   4   2   0   8   9   1   1   2   1  40   0   0   3   7   9   0   1   5  0.66 0.52
   26 D    -2  -2   3   5  -3  -1   1  -3   0  -2  -5   1  -5  -6  -3   0  -2  -2  -3  -1    3   2  12  38   0   2   9   2   2   3   1   8   0   0   1   7   2   1   1   5  0.71 0.50
   27 V    -1  -3  -2  -1   0  -2   1  -5   1   0  -1  -2  -2  -1   4  -1  -1  -5   1   4    5   1   1   4   2   1   9   0   3   5   5   2   1   3  18   4   3   0   4  28  0.40 0.36
   28 N    -1   0   2   2  -5   1   1  -3   1  -2  -4   4  -2  -3  -3   1   1  -6  -3  -1    4   3   8  10   0   6   9   1   4   2   1  26   1   1   1  11   7   0   1   5  0.39 0.36
   29 V    -3  -6  -6  -5   0  -4  -4  -4  -3   4   2  -5   0  -1  -4  -4  -3  -2  -1   5    2   0   0   1   2   1   1   2   1  23  22   1   2   3   1   1   1   1   2  36  0.90 0.54
   30 N    -3  -1   3   3  -2   0   1  -3  -1  -3  -3   4  -2  -5  -4  -1   2  -6  -3  -1    2   2  14  15   1   5  10   2   2   1   3  24   1   0   0   4  11   0   1   4  0.51 0.42
   31 F    -3  -3  -5  -6   3  -3  -3  -4  -3   3   3  -4   0   3  -2  -2  -3   1   1   1    2   2   0   0   7   1   2   1   1  19  29   1   2  14   2   3   1   2   4  10  0.60 0.40
   32 E    -3  -3   0   2  -6   2   4  -3  -1  -4  -4   2   0  -3  -3  -1   3  -6  -3  -4    2   1   4  12   0   7  32   2   2   1   2  10   3   1   1   5  16   0   1   1  0.65 0.51
   33 K    -2  -3  -1   3  -2  -2   3  -1  -1  -3  -2   1  -2  -1   5  -1  -2  -6  -2  -3    4   1   3  14   1   2  17   4   1   2   5   8   1   2  26   4   2   0   1   2  0.54 0.42
   34 S    -2  -1   2   3  -5   1   2   0   1  -4  -2   1  -4  -3  -3   1   2  -6  -2  -4    2   2   9  15   0   7  13   8   4   1   3   8   0   1   1   9  15   0   1   1  0.36 0.33
   35 K    -2   1  -1  -2   1   0   0   3   1  -2  -4   3  -2  -3  -2   1   0  -1  -1  -2    2   8   3   2   3   3   5  21   3   2   1  21   1   1   2  11   5   1   2   3  0.35 0.32
   36 L    -2  -2  -2  -3   0  -2  -3  -5   0   2   4  -3   1   3  -1  -3  -2   1  -3   1    3   2   2   2   2   2   2   0   2   9  35   2   4  12   3   2   2   2   0  11  0.43 0.32
   37 T    -1  -1  -1   0   1   0   0  -2   2   0  -2   1   0   3  -4   0   1  -3   1   0    3   4   3   6   3   4   5   2   5   6   3   8   3  16   0   8   9   0   5   6  0.16 0.19
   38 F    -2  -1  -1  -8   2  -8  -8  -2  -8  -1   0  -2   1   7  -1  -2  -1   3   1  -1    3   3   3   0   4   0   0   3   0   4   8   3   4  41   3   4   4   3   4   4  1.09 0.55
   39 S    -1   0   0   0   2   0   0  -1   2   0  -1   0   2   1   0  -1   0   4   1  -1    5   5   5   5   5   5   5   5   5   5   5   5   5   5   5   5   5   5   5   5  0.09 0.08
   40 C     3  -5  -3  -4   6  -3  -3   4  -1  -3  -3  -4  -3   0  -3   1   0  -1  -2  -3   24   0   1   1  14   1   2  26   1   1   3   0   1   4   1   8   6   1   1   2  0.70 0.44
   41 L     0   0  -1  -1   0   0  -1  -2   0   0  -1   2   0  -1  -2   0   2  -2   0   1    6   5   2   3   2   4   3   2   3   6   7  17   2   2   1   8  13   1   4  10  0.12 0.15
   42 G     2  -2   0  -1  -1  -3  -3   5  -3  -3  -3  -2  -3  -2  -2   2  -2  -5  -2  -2   16   2   4   4   1   1   2  37   1   2   2   2   1   2   2  14   3   0   1   3  0.59 0.38
   43 G    -1  -2   0   0  -4  -2  -1   4   0  -2  -3  -1  -3  -2  -2   0   2  -2  -2   0    5   2   4   5   0   1   3  37   3   2   2   4   1   2   2   6  11   1   2   8  0.45 0.32
   44 S     1  -1  -1   1  -3  -1   0   2   0  -2  -1   0  -1  -3   0   2   1  -2  -3   0    9   2   1   7   0   2   4  15   2   2   6   6   2   1   5  17  11   1   1   6  0.16 0.18
   45 D     1  -2   2   4  -2   2   2   1   0  -4  -4   0  -3  -5  -2   0  -1  -5  -3  -3   10   1   8  26   1   8  12  10   2   1   2   5   1   0   2   5   3   0   1   2  0.46 0.33
   46 N    -3   0   4   2  -3   1   0   3   2  -4  -4   2  -2  -5  -2  -1  -1  -5  -1  -4    2   4  17   9   1   6   6  20   4   1   1  13   1   0   2   5   4   0   2   1  0.45 0.33
   47 F    -1   0   1  -2  -2   1   0   0   2   0  -1   3  -2   1  -2  -1   0  -3   0   0    6   4   8   2   1   6   5   7   6   5   6  19   1   5   1   4   5   0   3   6  0.12 0.15
   48 K    -2   1  -1   1  -2   1   2  -3   1  -2   0   2  -1   0   1  -1   0  -2  -1  -1    2   8   2   9   1   5  14   1   3   2   8  15   1   4   6   5   6   1   2   3  0.18 0.18
   49 H    -2  -6  -6  -6  -1  -1  -2  -7   5  -4  -3  -3  -2   1  -6  -2  -6   0   9  -4    3   0   0   0   2   3   3   0  13   1   3   2   1   6   0   3   0   1  58   1  1.94 0.91
   50 L     1   1  -2   0  -1   0   3  -1   1  -2  -1   1  -2  -1  -1   0  -1  -4   0  -2   11   8   1   4   1   3  25   5   3   2   7   7   1   3   2   6   3   0   3   2  0.22 0.22
   51 N     0  -3   2  -3   2  -2  -1  -4  -1  -1   2  -4   0   4  -2  -2  -2  -4   1   2    7   2  10   1   4   2   4   1   2   3  18   0   2  20   2   2   2   0   3  14  0.35 0.28
   52 E    -2   0   1   3   1  -1   3  -3   1  -4  -3   1  -2  -3  -4   2   1  -5  -2  -2    2   5   6  16   3   2  20   1   3   1   3   7   1   1   0  15  10   0   1   2  0.39 0.34
   53 I    -2  -5  -6  -6  -2  -5  -2  -6  -5   4   4  -5   2   2  -6  -3  -3  -5  -1   1    3   0   0   0   1   0   3   0   0  24  42   0   4   9   0   2   2   0   2   7  0.92 0.50
   54 D    -2   0   1   4  -3   0   4  -3   0  -3  -3   1  -4  -1  -1  -1  -1  -2  -3  -3    3   5   6  21   1   4  27   2   2   1   3   8   0   3   4   4   3   1   1   2  0.49 0.36
   55 L    -5  -2  -2  -6   1  -6  -6  -2  -5  -1   4  -6   0   6  -2  -5  -2   2  -1  -2    0   3   2   0   3   0   0   4   0   2  39   0   2  31   2   0   3   2   2   2  1.06 0.57
   56 F    -2  -2   0  -3  -1  -2  -2  -4   3  -2   0  -2  -1   5  -1  -1  -4   0   5  -3    4   2   5   1   1   2   2   1   6   2  10   2   2  25   3   4   0   1  23   2  0.72 0.43
   57 H     0   0   1   2  -1   0   1   1   4  -1  -1   1  -3  -1  -2  -1  -2  -4   2  -3    6   4   6  14   1   4   9  10  11   4   7   8   0   2   2   3   2   0   7   1  0.20 0.19
   58 C     1  -1  -1   0   3  -1   2  -2   2  -3  -3   1  -2   1   2  -1  -1  -1   0  -2   11   3   3   5   6   2  17   3   5   1   1   9   1   6  11   5   2   1   3   3  0.23 0.22
   59 I    -2  -5  -5  -2   0  -5  -1  -3   0   5   0  -1  -3  -1   0  -4  -2  -5  -4   4    3   0   0   3   2   0   5   3   3  38   6   4   0   3   5   0   2   0   0  23  0.77 0.44
   60 D    -2  -1   3   4   0   1   0  -3   0   0  -2   0   0  -1  -2  -2  -2   1  -1   1    3   3  13  23   2   6   5   2   2   5   4   7   3   2   2   3   2   2   2   9  0.30 0.28
   61 P     0  -1   0  -1   1   0   0  -1   2   0  -1   1  -2  -1   3   0  -1   2   0   0    6   3   4   3   3   5   5   4   5   7   4   9   0   3  17   5   4   3   3   8  0.16 0.17
   62 N    -1   0   0   0   2   0   0  -1   2  -2  -1   0   1   0   0   0   0   3   1  -1    5   5   5   5   5   5   5   5   5   0   5   5   5   5   5   5   5   5   5   5  0.08 0.12
   63 D     0   0   1   0  -3   1   0   0   2   0  -1   0   1  -2   1   0   0  -2   1   0    6   6   6   6   0   6   6   6   6   6   6   6   6   0   6   6   6   0   6   6  0.05 0.08
   64 S    -1  -1  -1  -2   5  -1  -2  -3   0   0  -2  -1   0  -1  -2   4   0   1   0   0    4   4   2   2  10   2   3   2   2   6   3   3   2   3   2  32   6   2   4   6  0.40 0.36
   65 K    -1   0   0   0   2   0   0  -1   2   0  -1   0   1   0  -3   0   0   3   1   0    5   5   5   5   5   5   5   5   5   5   5   5   5   5   0   5   5   5   5   5  0.06 0.10
   66 H    -1   0   0   0   2   0   0  -3   2   0  -1   0   1   1   0   0   0   3   1   0    5   5   5   5   5   5   5   0   5   5   5   5   5   5   5   5   5   5   5   5  0.08 0.12
   67 K    -1   1   2  -1   1   0  -1  -2   1   0  -2   3  -1   0  -1   1   0   0  -1   0    5   7  10   3   3   3   3   3   4   6   3  18   2   5   3  10   5   2   2   6  0.14 0.17
   68 R    -1   0   0  -2  -1  -1  -1  -2   1   2  -1   0   0  -1   0   0   0  -4  -1   3    5   5   5   2   2   3   3   3   3  14   5   5   2   3   4   6   6   0   2  22  0.15 0.17
   69 T    -1   0   2  -2   0  -1  -2   2   0  -2  -2   1  -1  -1  -4   1   3  -5  -1  -2    3   5   9   2   2   3   2  17   3   3   5   7   2   2   0  11  22   0   2   2  0.31 0.29
   70 D     0  -1  -1   3  -5   0   0   3  -4  -4  -2  -1   0  -2   1   1  -1   0  -2  -1    6   3   3  18   0   4   5  21   0   0   4   4   2   2   7   9   4   2   2   5  0.30 0.27
   71 R    -1   0   0   0   2   0   0  -1   2  -2  -1   0   1   0   0   0   0   3   1  -1    5   5   5   5   5   5   5   5   5   0   5   5   5   5   5   5   5   5   5   5  0.08 0.12
   72 S    -1  -1   3  -1   2   1   1  -1   3  -3  -2  -1  -4  -2  -2   3  -1  -5   1  -1    4   3  15   2   5   6   9   5   6   1   4   4   0   2   2  20   4   0   5   4  0.30 0.28
   73 I    -2  -5  -3  -6   0  -5  -4  -6  -1   5   1  -4   0   1  -2  -3  -1   0  -2   4    2   0   1   0   2   0   1   0   2  33  12   1   1   7   2   2   3   1   1  25  0.79 0.45
   74 L    -2  -1  -1  -1   0   1   2  -3   0   0   1  -1   0   2  -2  -1   0   1   1   0    2   4   3   3   2   7  16   1   2   4  14   3   2  11   2   3   7   2   4   7  0.14 0.17
   75 C    -2  -2  -5  -6   5  -3  -2  -6  -2   3   2  -3   3   4  -5  -3  -3  -4   2   1    2   2   0   0  13   1   3   0   1  13  18   2   7  18   0   1   1   0   5   8  0.69 0.40
   76 C    -2  -1  -1  -1   1  -1  -2  -3   0   2   1   0   0   1  -4  -1   0  -4   0   3    2   3   3   3   4   3   2   1   3  12  13   7   2   5   0   5   7   0   4  22  0.20 0.19
   77 L    -1  -1  -7  -7   2  -7  -7  -7  -7   4   4  -1   2   2  -7  -1  -1  -7   1   1    5   4   0   0   4   0   0   0   0  18  30   4   4   7   0   4   4   0   4   9  0.72 0.32
   78 R    -2   3  -1  -2   1   0   0  -2   0   0  -3   3   1  -1  -1  -2  -1   2   0   1    4  13   3   3   3   5   7   3   3   6   3  16   4   3   4   3   4   2   3   8  0.24 0.15
   79 K    -3   1  -3   0   4   1   0  -4  -3  -4  -4   6  -4   0  -4  -3  -1  -5  -4  -4    1   7   0   4   8   6   6   1   0   0   1  56   0   4   0   1   4   0   0   0  1.00 0.50
   80 G     1  -2  -2   0   3  -1   1  -2  -1  -3  -3   5  -1  -3  -2  -2  -2   2  -2  -1   12   2   2   6   5   2   8   4   2   2   3  30   2   2   3   4   3   3   2   4  0.50 0.26
   81 E    -2  -1   0   0   1   0   4  -1   1  -1  -3   2   1  -1  -2  -1  -1   2   0  -2    4   4   4   5   3   5  26   5   3   3   3  10   3   3   3   5   4   3   3   3  0.32 0.28
   82 S    -1  -1   2   0   1   0   1  -2   1  -1  -2   1   1   0   1   0   0   2   1  -1    5   3   8   6   3   4  10   4   3   4   4   8   4   4   8   8   6   2   4   4  0.10 0.12
   83 G     0  -1   0   1   0  -1   0   3   1  -2  -4   3  -6  -2  -2   0  -1   4  -1  -3    9   3   4   7   2   2   6  20   3   3   2  15   0   2   2   7   4   5   2   2  0.32 0.25
   84 Q    -1   0   0   0   2   0   0  -1   2   0  -1   0   2   1   0  -1   0   4   1  -1    5   5   5   5   5   5   5   5   5   5   5   5   5   5   5   5   5   5   5   5  0.09 0.08
   85 S     0  -1  -1   0   1  -1  -2  -3   1  -2  -3  -1   0   3  -2   0  -2   8   4  -2    7   3   3   5   3   3   3   3   3   3   3   4   3  10   3   7   3  16  12   3  0.60 0.40
   86 W    -2  -5  -2  -2  -5  -5  -5  -3   1  -5  -1   1  -5   0  -1  -2  -1  11  -3  -2    3   0   3   2   0   0   0   3   3   0   6   8   0   4   3   4   4  52   0   4  1.99 0.84
   87 P    -1   2   0   1   2  -1  -2  -2  -3  -2  -3   1  -1  -1   4  -1  -1   6  -1  -2    5  11   4   8   5   2   2   3   0   2   2  10   2   3  18   4   4  11   2   2  0.42 0.29
   88 R    -1   3  -3  -2  -1   0  -2  -2   1  -1   1   1   0  -1   0  -1   1  -4  -1   1    3  21   0   3   2   3   0   2   4   2  18  11   2   2   4   2   8   0   2  10  0.23 0.23
   89 L    -4  -4  -1  -2   0   0  -4  -1  -5   0   5  -2   1  -1   0  -1   0  -4  -4   0    0   0   3   2   2   4   0   5   0   4  52   3   3   3   4   5   5   0   0   5  0.56 0.39
   90 T    -2   1  -2  -4   0  -1  -1  -3   1   0   2   2   0   1  -3  -2   3   1  -2   0    2   6   2   0   2   2   3   1   3   4  25  12   2   5   1   2  19   2   1   6  0.28 0.27
   91 K    -1   0   1   1   2   1   0   0  -1  -2  -2   4  -2  -3  -1   0   0  -5  -2  -2    5   3   7   6   4   6   4   8   1   3   4  28   1   1   2   6   5   0   1   3  0.27 0.25
   92 E     0   0   1   0   2   1   0   0   2  -2  -1   0   1  -3   1   0   0   3  -2  -1    6   6   6   6   6   6   6   6   6   0   6   6   6   0   6   6   6   6   0   6  0.10 0.14
   93 R     0   0   0   0   2   1   0   0   2   0  -1   0   1  -2   1   0   0  -3   1   0    6   6   5   6   5   5   6   6   5   6   6   6   5   0   6   6   6   0   5   6  0.04 0.08
   94 A     0   0   0  -1  -3   1   0   0   1  -1  -1   3   0  -3   0  -1   0   2   0   0    9   4   4   4   0   5   6   8   3   4   4  22   3   0   3   4   5   3   3   6  0.12 0.17
   95 K     0   0   0  -2  -2   1   0   0   2   0   0   0   1   1   1   0   0  -2   1   0    6   6   6   0   0   6   6   6   6   6   6   6   6   6   6   6   6   0   6   6  0.04 0.08
   96 L    -2   0  -1  -2   1   1  -2  -2   2  -1  -1   2   1   0   4  -2  -2   2   0  -2    4   5   3   3   3   6   3   3   5   3   8  12   3   4  20   3   3   2   3   4  0.33 0.26
   97 N     0   0   0   0   2   0   0  -1   1   0  -1   0   1   0   0   0   0   3  -2   0    5   5   5   5   5   5   5   5   5   5   5   5   5   5   5   5   5   5   0   5  0.05 0.09
   98 W    -2  -1   1  -2  -5   0  -2  -2   3  -1  -2   0  -4   3  -1  -1  -1   8   2  -2    3   3   6   3   0   4   3   3   8   3   3   6   0  12   3   4   3  23   7   3  0.75 0.49
   99 L     0  -5  -5  -5   4  -4  -5  -1  -5   4   3  -4   3   1  -5  -1  -3  -4  -3   2    7   0   0   0   7   0   0   4   0  20  26   0   8   5   0   6   0   0   0  14  0.59 0.34
  100 S    -1   1  -1  -1  -1   1  -2  -1   1  -2  -3   5  -1  -2  -4   1  -1  -5  -2  -3    3   6   3   3   1   6   2   4   3   2   3  38   1   2   0  12   4   0   1   2  0.50 0.40
  101 V    -2  -2  -2  -4   0  -2  -1  -5   0   2  -1  -2   1  -1   0  -1   2  -4  -2   4    3   3   1   0   2   2   3   0   2  12   5   2   3   2   4   4  14   0   1  34  0.42 0.33
  102 D    -2  -5   0   8  -6  -5  -3  -5  -5  -1  -6  -5  -6  -6  -5   0  -1  -7  -6  -6    3   0   5  74   0   0   0   0   0   4   0   0   0   0   0   7   3   0   0   0  2.00 0.83
  103 F    -4  -5  -5  -1  -2  -5  -1  -3  -1  -4  -1  -3  -2   7   0  -4  -3   9   0  -3    1   0   0   4   1   0   5   3   2   0   6   2   1  41   5   1   1  25   1   1  1.49 0.65
  104 N    -1  -2   3   5  -2  -1   1  -2  -2  -2  -3  -1   0  -5  -3   1  -1  -5  -4  -1    6   2  12  38   1   2   7   3   1   2   2   3   3   0   1  10   3   0   0   4  0.61 0.38
  105 N    -3   4   2   0  -5  -1  -2  -3   2  -4  -1   5  -1  -4  -4  -1  -1  -1  -2  -4    1  21  11   5   0   1   0   1   6   0   6  35   1   0   0   4   3   1   2   0  0.71 0.42
  106 W    -3  -6  -6  -4  -5  -5  -6  -6  -5  -1  -1  -6  -1   2  -3  -6  -5  11   3  -2    2   0   0   2   0   0   0   1   0   4   6   0   2   6   1   1   0  60   9   4  2.66 0.93
  107 K    -1   2  -1   0   0   1   0  -3  -2   0  -1   3   0  -3  -2  -1   0  -4  -2   2    5   9   3   5   2   5   5   1   1   4   4  21   2   0   1   4   5   0   1  22  0.23 0.22
  108 D    -3  -3  -1   7   0  -2   0  -2  -2  -3  -3  -1  -3  -1  -3  -2  -2   3  -1  -4    3   1   3  56   2   1   4   3   1   2   3   4   1   2   2   3   2   4   2   1  1.09 0.54
  109 W    -3  -1  -2   1  -2  -1   5  -2   0  -4  -1  -1  -2   0  -1   1  -2   4  -1  -3    1   2   2   6   1   2  43   3   2   1   6   2   1   4   3  10   2   6   2   1  0.64 0.40
  110 E    -3  -1  -1   6  -5  -1   4   0   1  -4  -4  -2  -5  -3  -3   0  -3  -5  -3  -4    2   3   2  40   0   3  23   7   3   1   2   1   0   2   1   8   1   0   1   1  0.87 0.47
  111 D    -2  -3  -1   6  -1  -2   4  -2  -2  -5  -5  -1  -3  -3  -3   0  -1  -5  -4  -5    3   1   1  44   2   1  24   4   1   0   1   3   1   2   1   8   3   0   1   0  1.00 0.53
  112 D    -2  -1  -1   4  -5   2   4  -3  -3  -3  -3  -2   1  -4  -1   2  -2   0  -3  -3    3   3   2  20   0   9  30   2   0   2   2   1   4   1   2  14   2   1   1   2  0.58 0.39
  113 S    -1  -3   0   4  -3   0   3   0  -1  -4  -2  -1  -1  -5  -2   2   0  -5  -2  -3    4   1   3  20   1   3  23   6   2   1   4   3   1   0   1  19   5   0   1   1  0.46 0.34
  114 D    -1  -3   0   5  -2   0   3   1   0  -3  -4   0  -2  -5   1   0  -2  -5  -3  -3    5   1   3  29   1   3  21  10   2   2   1   5   1   0   6   5   2   0   1   1  0.55 0.36
  115 E    -1  -3  -1   2  -5  -1   5  -1  -2  -2  -3  -1   1  -3   2   0  -2  -5  -3  -2    6   1   2  13   0   2  35   5   1   2   3   4   4   1  10   6   1   0   1   4  0.52 0.37
  116 D    -1  -1   0   4  -5   0   3   1  -2  -1  -3   0  -2  -2   0  -1  -2  -5  -4  -2    5   3   4  28   0   3  22  10   1   4   2   5   1   2   4   2   2   0   0   3  0.48 0.33
  117 M     0   0   0   1  -3   1   1   1  -1  -1  -1   0   1  -1   1   0   0   0  -1  -1    5   6   5  10   0   6   8  10   1   4   6   5   7   3   6   3   6   1   1   5  0.06 0.08
  118 S     1  -1   0   1  -3   0   1   2  -2  -1  -1   0   2  -1   0   1  -1   0  -2  -1   12   3   5   9   0   3  10  14   0   4   5   4   6   3   3  12   1   2   1   3  0.11 0.14
  119 N    -1  -1   4   3  -2  -1   0   2  -1  -2  -2  -1   0  -3   1   0  -1  -4  -2  -2    4   3  19  18   1   2   6  14   1   3   4   3   3   1   7   5   2   0   1   3  0.31 0.24
  120 F    -1  -2   0   1  -1   0  -1   1  -3  -1   0  -2   3   4   0  -2  -2   0   1  -1    4   1   4   9   1   4   3  11   0   4   8   2   9  21   5   2   1   1   5   3  0.24 0.22
  121 D    -1  -1   0   4  -3   0   2   1  -2  -2  -3  -1   3  -1  -1   0  -1  -2  -2  -2    4   3   4  29   1   5  13   9   1   2   2   2   8   3   4   5   3   1   1   2  0.41 0.31
  122 R    -2   0   1   4  -4   1   1   0   1  -3  -3   0   1  -1   0  -1  -2  -4  -1  -3    3   6   8  28   0   8   7   9   4   1   3   4   4   2   4   4   1   0   3   1  0.36 0.27
  123 F    -2  -3   0  -1  -4  -3  -1  -1  -3  -1   1  -2   3   5  -3  -2  -3  -1   4  -2    2   1   5   5   0   1   5   6   0   3  12   2   9  29   2   3   1   1  13   2  0.55 0.36
  124 S     0  -1   0   2  -2   0   1   0  -3  -3  -1  -1   2  -1   1   2  -1  -4  -3  -1    9   3   4  11   1   3   9   7   0   1   6   4   5   3   8  19   2   0   1   4  0.17 0.19
  125 E    -1  -1   2   3  -4   0   3   0  -2  -4  -3   2   0   0  -1   1  -3  -4  -3  -3    4   2   9  16   0   4  20   7   1   1   2  11   3   5   3   9   0   0   0   2  0.34 0.28
  126 M     0  -2   0   1  -2   0  -1   0  -2  -1   1  -1   5   1  -2   0   0  -1   0  -1    6   2   5   8   1   4   3   8   0   3  11   4  19   5   2   7   4   1   4   4  0.17 0.21
  127 M    -1  -3  -2  -1  -1  -1  -3   0  -3   1   2   0   6   1  -2  -1  -1  -4   0  -1    4   1   1   3   1   3   1   8   0   8  16   5  23   7   2   5   4   0   4   3  0.35 0.30
  128 D     0   1   2   2  -4   0   1   2  -1  -3  -2   1  -1  -3  -1   1  -2  -3  -3  -3    9   6  12  12   0   4   8  14   1   1   5  10   2   1   3   9   1   0   1   2  0.22 0.20
  129 H    -2  -1   2   1  -3   2   0   2  -1  -2  -2   2   2  -1   0  -1  -1  -4  -2  -3    3   3  12   9   0  10   4  14   1   2   3  15   6   3   5   4   3   0   1   1  0.26 0.24
  130 M    -2  -2  -3  -2  -5  -1  -3   0  -5  -1   2  -2   8   1  -2  -3  -1  -5  -2   0    4   2   1   3   0   3   2   6   0   3  18   2  36   5   2   2   4   0   1   6  0.80 0.51
  131 G    -1  -2  -1  -1  -2   0   0   5   1  -4  -4   1   2  -4   0   0  -1  -2  -3  -3    4   2   3   3   1   4   5  43   3   1   1   8   5   1   5   7   3   1   1   1  0.58 0.38
  132 G    -1  -2   1   0  -2  -1   0   4  -2  -3  -3   0   1  -3  -1   0  -1  -2  -2  -2    4   2   6   5   1   3   7  37   1   1   2   7   4   1   3   7   4   0   2   3  0.42 0.30
  133 D    -1  -2   1   3  -3   0   2   2  -3  -3  -2   0   3  -1  -2   0  -1  -4  -2  -2    5   1   7  16   0   4  14  14   0   1   4   7   8   3   2   7   2   0   1   2  0.26 0.24
  134 E    -1  -1   0   2  -4  -1   3   2  -1  -4  -1   1   0  -1   0   0  -2  -3  -1  -3    4   3   5  11   0   2  19  18   1   0   6   7   3   3   5   7   1   0   2   1  0.27 0.24
  135 D     0  -1   1   4  -3  -1   0   3   0  -3  -2   1   0  -2  -1  -1  -3  -2  -4  -4    6   3   8  24   0   2   5  22   2   1   5   9   3   1   2   4   1   1   0   1  0.41 0.30
  136 V    -1  -2   0   0  -1  -1   0   2  -1   0   0  -1   3   1   1  -1  -1  -3  -1   1    5   1   4   7   1   2   7  16   2   5   9   3   9   7   6   2   2   0   2  11  0.10 0.14
  137 D    -1  -3   2   5  -1   0   1   0  -1  -2  -2  -2  -1  -2   2   0  -2  -5  -2  -3    5   1   8  30   1   3   9   8   2   2   3   2   2   2  10   6   2   0   2   2  0.44 0.32
  138 L     0  -1   0   1  -2   1   1   0  -2   0   1  -1   2   1   1   0   0  -1  -1   0    7   3   4   7   0   6   9   6   0   4  16   3   6   7   6   5   4   1   2   5  0.05 0.09
  139 P    -1  -3  -1   2  -5  -3   1   1  -3  -4  -1  -2   1  -2   5   0  -2  -3  -3  -4    4   1   3  10   0   1   8  13   1   1   5   3   3   2  33   8   2   0   1   1  0.65 0.43
  140 E     0  -3   0   4  -5   1   3   1  -1  -3  -4  -1  -2  -3  -2   0  -1  -2  -1  -3    7   1   4  25   0   7  20  11   2   1   2   4   1   1   1   5   3   1   2   2  0.47 0.35
  141 V    -1  -3  -2   2  -3  -3  -1   0  -1  -1   1  -1   5   1   0  -1  -2  -2  -3   1    4   1   2  14   1   1   4   8   1   3  13   5  18   7   4   3   2   1   0  10  0.27 0.26
  142 D    -2  -3   1   5  -5  -1   2   2  -3  -3  -3  -1   2  -1  -1   0  -2  -5  -3  -3    2   1   6  33   0   2  13  14   0   1   2   3   5   3   3   7   2   0   1   1  0.60 0.40
  143 G     0  -3  -1   4  -3  -2   0   3  -3  -3  -3  -2   1  -2   0   1  -2  -5  -3  -3    9   1   3  25   1   1   6  23   0   2   3   2   3   2   4  11   2   0   1   1  0.48 0.35
  144 A     1  -2  -1   2   0  -1   1   1  -3  -1   1  -2   1  -2  -1   1  -1  -4  -1  -1   14   1   3  13   2   1   9  10   0   4  14   1   4   2   2   9   3   0   2   5  0.12 0.15
  145 D    -2  -3   1   5  -3   0   3   1  -1  -2  -3  -2   0  -2  -2   0  -1  -5  -4  -2    3   1   5  30   0   4  20   9   1   2   3   2   2   2   2   7   3   0   0   2  0.53 0.37
  146 D    -1  -4  -1   5  -3   0   2   0  -1  -3  -4   0  -1  -2   0   0  -1  -5  -3  -1    5   0   2  32   1   4  14   8   1   1   2   5   2   2   5   8   4   0   1   4  0.48 0.35
  147 D    -1  -3   0   5  -6  -1   3   1  -4  -4  -4  -1  -1  -6  -5   1  -1  -6  -2  -2    4   1   4  37   0   2  16  10   0   1   2   3   2   0   0  12   3   0   1   3  0.74 0.48
  148 S     0  -3  -1   3  -2  -1   3   1   0  -4  -2  -1  -2   1  -3   3  -1  -5  -4  -4    6   1   3  14   1   2  22  10   3   1   3   2   1   6   1  21   3   0   0   1  0.42 0.35
  149 Q     0  -2  -1   2  -4   0   3   1  -1  -1  -4  -2  -2  -3   0   2   0  -5  -1  -2    8   1   2  12   0   4  20  10   1   4   1   2   1   1   4  18   7   0   3   2  0.31 0.29
  150 D    -4  -4   2   7  -6  -3   2  -4  -5  -6  -5  -3  -3  -3  -4   1  -1  -7  -4  -6    1   1   7  54   0   1  13   1   0   0   1   1   1   1   1  11   5   0   1   0  1.32 0.70
  151 S    -1  -4   1   1  -5  -3   1  -3  -2  -2  -3  -1  -3  -2  -2   6  -1  -5  -2  -5    4   0   5   8   0   0   7   1   1   3   3   3   1   2   2  55   3   0   1   0  0.87 0.58
  152 D    -4  -5  -2   8  -7  -3   2  -3  -5  -6  -7  -2  -6  -7  -3  -1  -5  -7  -6  -6    1   0   1  74   0   1  11   2   0   0   0   2   0   0   1   4   0   0   0   0  2.03 0.90
  153 D    -4  -3   0   8  -7  -4   2  -2  -2  -5  -6  -3  -4  -5  -3  -3  -3  -7  -4  -6    1   1   3  71   0   0  10   3   1   1   1   1   0   1   1   1   1   0   1   0  1.80 0.83
  154 E    -3  -4  -3   2  -6  -3   7  -1  -4  -3  -5  -2  -3  -6  -5  -1  -4  -6  -6  -6    2   0   1  12   0   0  70   4   0   2   1   2   1   0   0   5   0   0   0   0  1.64 0.80
  155 K    -3  -3   0   4  -4  -2   4   1  -4  -6  -6   2  -5  -6   1  -1  -1  -6  -2  -5    1   0   4  20   0   0  33  10   0   0   0  14   0   0   8   4   4   0   2   0  0.77 0.48
  156 M    -3  -1  -6  -6  -5  -4  -3  -6  -5   2   4  -2   8  -3  -1  -5  -4  -5  -2  -1    2   3   0   0   0   0   2   0   0  11  33   2  40   0   3   0   0   0   1   2  1.28 0.62
  157 P    -4  -4  -4  -3  -7  -5   0  -6  -6  -7  -7  -1  -6  -7   8  -5  -3  -8  -7  -6    1   1   1   1   0   0   5   0   0   0   0   3   0   0  86   0   1   0   0   0  2.70 1.00
  158 D    -4  -5  -3   7  -7  -3   2  -1  -1  -7  -7  -1  -6  -7   3  -4  -4  -7  -6  -6    1   0   0  61   0   0  14   4   1   0   0   3   0   0  15   0   0   0   0   0  1.58 0.68
  159 L    -5  -4  -7  -7  -5  -5  -6  -7  -6  -2   6  -2  -1  -3  -6  -6  -5  -5  -4  -1    0   1   0   0   0   0   0   0   0   0  95   3   0   0   0   0   0   0   0   2  1.85 0.72
  160 E    -4  -4  -4   2  -7  -1   7  -6  -4  -7  -7  -3  -6  -7  -5  -4  -4  -7  -6  -6    0   0   0   9   0   1  90   0   0   0   0   0   0   0   0   0   0   0   0   0  2.18 0.78

                      K         Lambda
Standard Ungapped    0.1347     0.3158
Standard Gapped      0.0409     0.2670
PSI Ungapped         0.1337     0.3176
PSI Gapped           0.0409     0.2670
