
Last position-specific scoring matrix computed, weighted observed percentages rounded down, information per position, and relative weight of gapless real matches to pseudocounts
            A   R   N   D   C   Q   E   G   H   I   L   K   M   F   P   S   T   W   Y   V   A   R   N   D   C   Q   E   G   H   I   L   K   M   F   P   S   T   W   Y   V
    1 M    -5  -6  -6  -7  -6  -5  -6  -7  -6  -3  -2  -6  11  -4  -7  -6  -5  -6  -5  -3    0   0   0   0   0   0   0   0   0   0   0   0 100   0   0   0   0   0   0   0  3.51 1.11
    2 T     1  -3  -2  -1  -4  -1  -2   0  -4  -4  -5  -2  -4  -3  -4   5   4  -5  -4  -3    9   0   1   3   0   2   1   7   0   0   0   1   0   1   0  49  25   0   0   1  0.85 0.49
    3 L    -3  -5  -5  -6  -4  -4  -5  -6  -5   3   5  -5   1   1  -1  -4  -1  -4  -1   1    1   0   0   0   0   0   0   0   0  21  55   0   2   6   4   1   4   0   1   5  0.86 0.41
    4 Q    -3  -3  -3  -4  -5   6  -1  -1   3  -1  -1  -2  -2   1  -2  -3  -2   0   5   0    0   0   0   0   0  40   1   5   7   4   6   1   1   5   2   0   2   1  19   6  0.76 0.46
    5 W    -6  -6   0  -7  -6  -5  -6  -6  -1  -3  -2  -6   2   1  -7  -5  -2  11   6  -3    0   0   4   0   0   0   0   0   2   1   3   0   6   5   0   0   2  49  25   1  2.36 0.81
    6 A     0  -2   0  -1  -3   2  -2  -1  -1  -3  -1  -2   0  -3  -3   2   5  -1  -2  -2    7   1   5   2   0  11   1   3   2   1   5   1   2   0   1  15  40   1   1   2  0.51 0.37
    7 A     1  -4  -4  -5  -3  -4  -2  -2  -4   3   4  -4   2   1  -2  -1  -2  -4  -3   1   11   0   0   0   0   0   3   3   0  15  44   0   4   6   2   5   1   0   0   7  0.49 0.31
    8 V     0  -4  -2  -5   0  -4  -3  -5  -5   3   1  -4   1  -3  -2  -2   0  -5  -2   5    7   0   2   0   2   0   2   0   0  16  14   0   3   0   2   1   5   0   1  44  0.64 0.37
    9 A     3  -5  -3  -4  -1  -3  -4  -4  -4  -1  -2  -5  -3   7  -4  -1  -3  -3   2  -3   31   0   1   1   1   1   1   1   0   2   2   0   0  46   0   4   1   0   7   1  1.09 0.55
   10 T     1  -1  -2  -3   1  -2  -3   2  -3   0   1  -2   0   1  -3   0   1   2   1   1   12   3   0   0   3   0   0  16   0   3  12   1   2   7   0   9  13   3   6   9  0.17 0.18
   11 F    -2  -5  -5  -6   1  -5  -5  -5  -4   2   3  -3   1   5  -5  -3  -2  -3   0   1    3   0   0   0   4   0   0   0   0  14  32   2   4  27   0   1   2   0   1  10  0.74 0.39
   12 L    -2  -5  -6  -7  -1  -5  -6  -5  -1   0   6  -5   4   0  -6  -5  -3  -5  -4  -1    3   0   0   0   1   0   0   1   2   3  75   0   8   4   0   0   1   0   0   2  1.30 0.61
   13 Y    -1  -4  -4  -5   2  -4  -4  -3  -2   1   0  -3   1   2  -3  -1  -2  -2   6   2    4   0   0   0   5   0   0   2   1   9   9   1   4   7   1   5   2   0  32  18  0.68 0.40
   14 A     2  -4  -3  -3   0  -3  -3   0  -4   2   1  -3   0   2  -1  -1   2  -3  -2   2   24   0   0   1   1   0   0   6   0  11  12   0   2  12   3   3  12   0   0  14  0.29 0.26
   15 E    -3  -4  -4  -1  -7   2   7  -4  -4  -6  -5  -3  -6  -7  -4  -4  -1  -7  -6  -3    2   0   0   2   0   8  79   1   0   0   1   0   0   0   1   0   3   0   0   2  1.86 0.85
   16 I     0  -4  -1  -5   1  -4  -4  -2  -4   4   1  -4   6  -3  -3  -2  -1   0  -4   2    8   0   3   0   3   0   0   4   0  29   9   0  25   0   1   2   2   1   0  11  0.72 0.42
   17 G     2  -4  -2  -4   0  -3  -2   1  -4   1   0  -3  -1   2  -4   0   0  -4  -2   2   24   0   1   0   2   0   2  11   0   9   9   0   1  12   0   7   5   0   0  16  0.29 0.24
   18 L     0  -4  -4  -4  -2  -4  -4  -2  -4   3   2  -2   2   2  -1  -2   0  -4  -2   3    7   0   0   0   1   0   0   3   0  17  24   3   5   7   3   2   5   0   1  21  0.41 0.27
   19 I    -1  -4  -2  -4   4  -3  -3  -2  -4   3   1  -4   0   4  -3  -2   0  -3   0   2    5   0   2   0   9   1   2   3   0  16  15   0   2  21   1   2   6   0   2  13  0.45 0.29
   20 L    -1  -4  -2  -4   0  -4  -4  -2  -4   2   3  -4   3   2  -4   0   0  -4   0   1    6   0   1   0   2   0   0   4   0   9  34   0   8   9   0   6   7   0   2  10  0.42 0.29
   21 I    -1  -4  -5  -5  -1  -4  -5  -4  -5   3   4  -3   0   3  -5  -2  -1  -4  -2   2    5   0   0   0   1   0   0   1   0  19  38   2   1  12   0   4   3   0   1  11  0.64 0.36
   22 F    -2  -6  -7  -7  -5  -6  -6  -7  -6   1   6  -6   3   2  -6  -4  -3  -5  -1  -1    3   0   0   0   0   0   0   0   0   5  69   0   7   8   0   1   1   0   2   3  1.38 0.67
   23 C    -2  -5  -6  -6   6  -3  -4  -4  -6   2   3  -5   4  -4  -2  -2  -2  -5  -2   3    2   0   0   0  15   1   1   1   0  12  29   0   9   0   2   4   2   0   1  20  0.81 0.46
   24 L    -1  -5  -3  -6   0  -5  -5  -4  -5   3   4  -5   3   2  -3  -1  -3  -5  -4   1    6   0   1   0   2   0   0   2   0  13  42   0   7   8   1   5   1   0   0  10  0.70 0.43
   25 P    -4   0  -6  -3  -7  -3  -3  -4  -6  -7  -2  -2  -6  -7   8  -2  -3  -7  -7  -2    2   5   0   1   0   1   2   1   0   0   5   3   0   0  69   3   2   0   0   3  1.99 1.00
   26 F    -2  -2  -2  -4   0  -3  -4  -1   1   1   1  -2   0   5   0  -1  -1   5   0   0    3   3   2   1   2   1   1   4   3   9  14   2   2  24   5   4   4   7   2   5  0.47 0.26
   27 I    -2  -1  -3  -2  -5  -1  -5   1  -5   4   2  -3   2   0   2  -1  -1  -5  -1  -1    3   4   2   3   0   3   1   9   0  21  20   2   4   4   9   5   4   0   2   5  0.41 0.24
   28 P    -3   1  -1  -3   0  -1  -3  -3   1  -2  -1  -1   0   0   5   3  -3   0  -2  -2    2   6   3   2   2   3   2   3   3   2   6   4   2   4  27  20   2   2   1   4  0.60 0.42
   29 P    -1  -1   0  -6   0  -1  -3  -4   3  -2  -1   1   0   3   5  -1   0   0   0  -3    5   4   5   0   2   3   2   2   6   3   7   7   3   9  25   5   5   1   3   2  0.48 0.34
   30 Q     0   2  -1   0   1   1  -2  -1   1  -1  -2   1   2   0   0   1   1   1  -1  -2    7   9   3   6   3   5   2   5   3   4   4   8   5   4   4  10  10   2   3   3  0.10 0.11
   31 R    -1   3  -1  -2   2   0  -1  -2   1   1  -1   0   1   0   1   0  -1   4   0  -1    5  15   3   3   4   4   4   3   3   7   5   6   3   4   7   6   5   5   3   5  0.17 0.13
   32 W     0   0   0  -2   2   0  -2   0  -2   0   0   0   1   1  -3   0   0   4   1   0    6   6   6   0   6   6   0   6   0   6   6   6   6   6   0   6   6   6   6   6  0.09 0.13
   33 Q     0   3   0  -1   1   2  -1  -1   3  -1  -1   2   0  -1  -3   0  -1  -4  -3  -1    6  20   4   3   3   8   3   5   7   3   6  13   2   3   0   6   3   0   0   4  0.22 0.23
   34 K     0   2   0  -1  -3   0   0  -1   0   0  -1   2   1  -1  -1   0  -1   1   0   0    7  14   3   3   0   3   4   4   2   6   6  18   5   3   3   7   3   2   3   5  0.11 0.15
   35 I    -2  -3  -3  -3   0  -3  -4  -3  -5   4   2  -2   1   1  -1  -2  -2  -5  -2   3    4   1   2   1   2   1   1   3   0  25  21   3   3   6   4   3   2   0   1  17  0.49 0.33
   36 F    -1  -1  -3  -4  -1  -3  -3  -4  -2   1   2  -5   1   6  -3  -2  -2  -4   0   1    4   3   1   1   1   1   2   2   1   7  17   0   3  36   2   4   2   0   2  10  0.78 0.48
   37 S    -1   2   2   0  -1   0  -1  -2   1   0  -1   2   2  -1  -2   1   0  -4  -1  -1    4  10   9   4   1   4   2   3   3   5   6  16   6   3   2  10   6   0   2   5  0.14 0.17
   38 F    -1   0  -2  -3   1  -1  -3  -2  -7   0   0  -1   2   5  -7   2   0   4  -1  -2    5   5   3   2   2   3   2   3   0   5  10   4   5  18   0  17   5   6   2   3  0.47 0.32
   39 N     0   2   0  -2   1  -1  -2  -1   1   2   1  -1   0   0  -1  -1  -1   1   2   0    8  11   5   3   3   2   3   5   3  11  11   4   2   3   3   6   3   2   6   6  0.09 0.07
   40 V     1   0  -2  -2   0  -1  -3  -3   0   1   2  -2   0   1  -2   2  -2   2  -1   0   11   5   2   2   2   3   2   2   2   8  19   3   2   7   2  14   3   3   2   7  0.20 0.16
   41 W    -1   0   0   0  -3   0   0  -1   2   0  -1   0   1   0   0   0   0   3   1   0    5   5   5   5   0   5   5   5   5   5   5   5   5   5   5   5   5   5   5   5  0.06 0.08
   42 G    -1   2   1  -1  -4   2  -2   0   1  -1  -1   1  -2  -1  -1   3   0  -1  -4  -2    4  10   7   2   0   8   2   7   3   3   7   8   1   3   3  20   6   1   0   3  0.20 0.23
   43 K     1   0  -1  -3  -1  -1  -2  -1  -2  -2   0   2   0   1   2   0   0   4  -1   0   10   6   3   1   1   2   2   4   1   1  11  12   3   7  10   8   5   5   2   6  0.15 0.17
   44 I    -1  -1  -2  -2  -2   0  -3  -2  -1   3   2   0   1   1  -3  -1  -1  -1  -1   1    4   3   2   2   1   4   1   4   2  20  17   7   4   7   1   4   4   1   2  11  0.21 0.18
   45 A     0   0   0  -1  -2   0  -1   0  -1   0  -1   1   0  -1  -1   1   0  -4  -1   1    9   6   6   2   1   3   3   8   1   6   6   8   2   2   3  15   4   0   1  13  0.07 0.11
   46 T     2   1   0  -1  -3   0  -1   0   0  -2  -1   1  -3  -2   1   1   1  -1  -1  -1   17   9   5   3   0   4   4   7   3   2   5   8   0   2   7  11   7   1   2   5  0.12 0.16
   47 F    -3   1   0  -4  -1   2  -2  -2   2  -1  -2   3   1   2  -2  -2  -1   0   4  -1    2   7   5   0   1  11   3   3   5   4   4  16   3   7   2   2   4   1  14   4  0.35 0.29
   48 W     1  -1  -1  -4   0  -2  -1   1  -3   2   1  -1   0   0  -2   0  -1   4   0   0   16   3   2   0   2   1   3  11   0  12  12   5   2   4   2   7   2   6   3   7  0.16 0.17
   49 N    -2   1   3  -1   0   3  -2  -1   1  -1  -1   1  -1  -2   0   0  -1   1   1  -1    3   7  15   4   2  12   2   4   3   3   5   9   2   2   4   6   4   2   5   4  0.24 0.20
   50 K    -1   0  -1  -2   0  -1  -2  -2   0   2   0   1   0   0  -1  -2   1   2   3   2    3   5   2   2   2   3   2   3   3  12   6   8   2   4   3   2  10   2  11  15  0.14 0.17
   51 A     0  -2  -1  -3   1  -1  -2   0   0   2  -1  -3   1   0  -1  -1   0   2   3   2   10   2   2   0   4   4   2   8   2  13   5   0   3   4   3   5   5   3  10  14  0.14 0.16
   52 F     0   0  -2  -3   2   1  -2   0   2   0   0  -2   2   1  -3   0   0   4   1   0    7   7   0   0   6   7   0   7   6   7   7   0   6   6   0   7   7   6   6   7  0.12 0.16
   53 L     0   0   0  -2   2   0  -2   0   2   0   0   0   1   1  -3   0   0   4   1   0    6   6   6   0   6   6   0   6   6   6   6   6   6   6   0   6   6   6   6   6  0.09 0.14
   54 T     0   0  -2  -3   2  -2  -2   0  -2   0   0   0   1   1   1   0   0   4   1   0    7   7   0   0   6   0   0   7   0   7   7   7   6   6   7   7   7   6   6   7  0.11 0.14
   55 I     0  -2  -1  -2   2  -1  -3  -2  -3   2   1  -2   1   1   0  -1   0   0  -1   1    6   2   3   2   6   3   0   3   0  11  17   2   5   8   5   5   7   1   2  13  0.12 0.14
   56 I     0  -2  -2  -2   0  -2  -3   0  -1   2   2  -2   1   3   0  -1  -1  -2   1   1    6   2   2   3   2   2   0   6   1  14  19   1   3  13   5   5   3   0   5   9  0.14 0.15
   57 I     0  -1  -2  -1   2  -2  -1   0  -3   1   1  -1   1   1  -3   0   0  -3   0   2    6   3   0   3   4   0   3   9   0  10  12   3   5   8   0   7   8   0   3  17  0.09 0.13
   58 L    -1  -3  -3  -4   1  -3  -1  -1   1   1   2  -3   2   3   0  -1  -1  -3   1   1    6   0   0   0   4   0   4   4   5  10  18   0   6  16   5   5   4   0   4   9  0.24 0.22
   59 L    -1  -2   0   0   2   0   0  -1   2   0  -1  -2   1   1   0   0   0   3   1   0    5   0   5   5   5   5   5   5   5   5   5   0   5   5   5   5   5   5   5   5  0.04 0.14
   60 I     0  -4  -1  -2   0  -3  -2   0  -4   2   2  -3   2   1  -4   0   0   1  -3   2    9   0   4   2   2   0   2   9   0  12  17   0   7   6   0   6   5   2   0  15  0.21 0.20
   61 V     0  -2  -1   0   1  -3  -1  -2  -1   2   2  -3   1   0  -1  -1  -1   2   0   2    7   2   3   6   4   0   3   2   2  10  21   0   4   4   3   3   3   4   3  16  0.15 0.16
   62 L    -1  -1   0  -1   1  -1  -1  -1   0   0   1  -1   1   1   1   0   1  -3   0   0    5   3   4   4   3   3   4   4   3   7  12   3   5   7   6   8  12   0   3   7  0.04 0.08
   63 F    -2   0  -2   0   2  -2  -2   0  -2   0   0   0   1   1   1   0   0   4   1   0    0   7   0   7   6   0   0   7   0   7   7   7   6   6   7   7   7   6   6   7  0.10 0.14
   64 L    -1  -1  -1  -2   0  -1  -3  -1   0   1   1  -2   1   2  -1   0  -1   2   3   0    5   2   3   2   3   3   0   5   3   8  15   2   4  10   2   7   3   2  11   8  0.11 0.14
   65 D    -1   0   0   2   0   0   1   0   1  -1  -1  -1  -2   0  -3   1   0   2   2  -1    5   4   4  15   3   3   7   6   4   5   7   3   0   3   0  11   5   3   8   3  0.10 0.14
   66 A     0   0   1   0   2  -1   0   0   2   0  -1   0  -1   1  -2   0   0  -2   1   0    6   6   6   6   6   0   6   6   6   6   6   6   0   6   0   6   6   0   6   6  0.03 0.08
   67 V    -1  -2  -2  -4   1  -2  -3  -3  -4   3   2  -4   2   1  -4  -2  -1   2   1   3    4   2   2   0   3   2   2   2   0  19  17   0   5   5   0   3   4   3   6  22  0.38 0.29
   68 R    -2   5   2  -1  -5   2  -3  -2   0  -2  -2   0  -1  -1  -2  -1  -1   2   2  -1    3  30  11   4   0   8   0   3   2   2   4   4   2   2   2   4   3   3   9   5  0.43 0.37
   69 E    -1   3   1   0  -4   0   2  -1   0  -2  -2   1  -1  -2  -2   0   0  -4  -1  -2    4  19   6   5   0   3  17   5   2   3   4   7   2   2   2   8   6   0   2   3  0.23 0.23
   70 V     0  -1  -1  -4   1  -1  -1  -1   1   1   0  -3   5   0  -1  -1   0  -4   0   2    8   3   3   0   3   3   3   4   4   9   9   0  15   3   3   4   5   0   4  15  0.22 0.23
   71 R    -1   0   0   0  -3   0   0  -1   2   0  -1   0   1   0   0   0   0   3   1   0    5   5   5   5   0   5   5   5   5   5   5   5   5   5   5   5   5   5   5   5  0.06 0.08
   72 K    -1   2   0  -3  -5   0   0  -1   1  -1  -2   4   0  -4  -1   0   0   2   0  -1    5  12   4   0   0   3   5   4   3   3   4  27   3   0   3   6   5   3   3   4  0.32 0.30
   73 Y    -1   0  -5  -1   1   0  -1  -2   2   1   0  -1   1   0  -1  -2   0   3   4   1    4   6   0   4   3   4   5   3   5   8   9   4   3   4   4   4   5   4  13   9  0.21 0.16
   74 S    -1   0   0   0   2   0   0  -1   2   0  -1   0   2   1   0  -1   0   4   1  -1    5   5   5   5   5   5   5   5   5   5   5   5   5   5   5   5   5   5   5   5  0.09 0.08
   75 S     0   0   1   0  -3   1   0   1   2  -1  -1   0   0  -3   0   1   0  -3   0   0    8   4   6   6   0   7   6  10   6   4   6   6   3   0   4  10   5   0   3   6  0.07 0.10
   76 V    -1   0   0   0  -3   0   0  -1   2   0  -1   0   1   0   0   0   0   3   1   0    5   5   5   5   0   5   5   5   5   5   5   5   5   5   5   5   5   5   5   5  0.06 0.08
   77 H    -1   0  -1   2  -4   0   2  -1   2  -1   0   0   0   0  -1   0  -1   1   1  -1    5   5   3  10   0   4  13   5   6   4   9   4   3   4   3   6   4   2   6   5  0.09 0.12
   78 T     0   0   1   0   0   1   1  -1   1  -1  -1   0   0  -1   1   1   1   1  -1   0    6   4   7   5   2   5  12   4   3   3   5   7   2   2   6   9   7   2   3   7  0.06 0.09
   79 I     0  -1   0   0  -2   0   1  -1   0   0   0  -1   0  -1   0   0   1  -1  -1   0    9   2   6   6   0   4   9   4   2   7   9   4   3   2   4   8   9   1   1   8  0.04 0.07
   80 E     1  -1   0   2  -1   1   2  -1   2  -1  -1   0   0  -1  -1   0  -1  -3   0  -2   12   3   4  10   1   5  16   5   5   4   6   6   2   2   3   6   2   0   4   3  0.13 0.14
   81 K    -1   0   0   1  -4   1   1   0   2  -2  -1   3   0  -2  -1   0  -1  -4   0  -1    6   5   5   8   0   7   9   7   5   2   5  18   2   2   3   7   3   0   3   5  0.15 0.17
   82 S     0  -1   1   2  -2   1   0   1   1  -1  -1  -1  -1  -3   0   2   0  -4  -2  -1    8   3   8  11   1   6   7  11   4   3   5   2   2   1   4  14   5   0   1   4  0.13 0.16
   83 S     1   0   0   0  -4   0  -1   2   4  -2  -1  -1   0  -3  -1   1  -1  -5  -2  -1   12   5   5   6   0   4   3  15  11   2   7   4   2   1   4  11   4   0   1   5  0.19 0.20
   84 T     0   0   1   0  -2   0  -1   1   2   0  -1   1  -1  -1   1   1   1  -4  -1  -1    7   4   6   4   1   5   3  10   6   5   5   8   1   3   8   9   8   0   2   5  0.08 0.10
   85 S     0  -1   3   0  -2  -1  -2   2   4  -1  -1  -2   1  -2  -1   0   0   0  -2   1   10   2  13   4   1   3   2  14   9   3   6   2   3   1   2   7   5   1   1  10  0.18 0.19
   86 R    -1   1   3   2  -2  -1  -2  -1   4  -2  -1  -1   2  -1   0  -1   1  -1  -1  -1    6   7  12  13   1   2   2   5   9   2   5   4   5   3   5   4   7   1   2   4  0.19 0.20
   87 P     0  -2  -1  -1  -5   0   0  -1   2  -1   0  -2   0  -1   4  -1   0  -1  -1   0    9   2   3   3   0   4   5   5   4   4   8   2   2   3  24   4   5   1   2   8  0.31 0.27
   88 D    -1   0   2   3  -4   1   0   1   3  -1  -2  -1  -1  -2  -2   1   0   0  -1  -2    5   4  10  16   0   6   6  10   7   4   3   2   2   1   2  11   5   1   2   3  0.22 0.22
   89 A     2  -2   0   0  -3  -1  -1   0   1  -1   0  -1   1  -1   0   0   1  -4  -1   0   21   1   4   5   0   3   4   6   3   3   8   3   3   3   4   8   9   0   2   8  0.11 0.15
   90 Y    -1   1  -1   2   0   0   3  -1   1  -1  -1  -1   1   1  -2  -1   0  -4   1  -1    4   7   2  10   2   4  20   5   3   3   6   3   4   5   2   4   5   0   4   5  0.16 0.18
   91 E     0  -3   0   0   1   1   0  -2   1  -1   0  -2   4  -2   0   0   1   1   2  -1    9   2   5   6   2   5   6   3   3   3   9   2   9   2   5   7  10   2   6   5  0.15 0.15
   92 H    -2  -1   2   1  -5   2   1  -2   4  -1   0  -1   1  -1  -1   0  -1  -5   0  -2    3   2   8   9   0  11   9   3  12   3  10   3   3   2   3   7   4   0   3   3  0.24 0.25
   93 T     0  -1   0  -1   1   0  -1  -1   2   0  -1  -1   2   2   1  -1   1   2   1   0    9   3   4   3   3   4   4   4   4   6   7   3   5   8   6   5   8   3   4   5  0.08 0.08
   94 Q    -1   0   0   0  -3   0   0  -1   2   0  -1   0   1   0   0   0   0   3   1   0    5   5   5   5   0   5   5   5   5   5   5   5   5   5   5   5   5   5   5   5  0.06 0.08
   95 M     1  -1  -1  -2  -3   0  -1  -3   1   2   0  -1   4   0  -1   0   0   1   0   1   14   2   4   2   0   4   2   0   4  15   6   4  14   4   3   6   4   2   3   7  0.14 0.19
   96 K    -1   3   0   0  -4   1   1  -3   1  -3  -1   3   0   0  -3   0  -1   1  -1  -2    4  19   4   4   0   4   8   0   4   0   6  19   3   5   0   9   3   2   2   2  0.25 0.23
   97 L    -1   1  -2  -1  -3   0  -1  -3   1   0   2   2   2   1  -3  -1  -1   1   0   0    4   9   0   4   0   3   3   0   3   4  23  14   5   8   0   4   3   2   3   6  0.13 0.17
   98 F     0  -3   0  -3   1   0  -2  -2   1  -1   1  -3  -1   5  -4  -1  -1   2   3  -1    7   0   5   0   3   5   3   3   3   2  16   0   0  29   0   4   4   2   9   3  0.37 0.29
   99 R     0   0   0  -2   2   0   0   0   2   0  -1   0   1   0   0   0   0  -2   1   0    6   6   5   0   5   5   6   6   5   6   6   6   5   5   6   6   6   0   5   6  0.04 0.08
  100 S     2  -1   0   1  -1   0   1  -1   2  -2  -1  -1  -1  -2   1   1   0  -1  -1  -2   28   4   3   8   1   5   7   3   7   1   5   1   1   1   6  14   4   1   2   1  0.19 0.18
  101 Q     0   0   0   0  -3   5   2  -2   2  -3  -1   1  -2  -3  -2   0  -2  -3  -1  -3    7   4   4   4   0  36  11   2   4   1   7   8   0   1   1   5   1   0   2   1  0.43 0.28
  102 R    -1   4   0  -2  -3  -1  -2   0   1  -1   0   1  -1  -2   0  -1   0  -3   0   0    4  37   3   1   0   1   1   6   4   3  13   5   0   1   5   3   4   0   3   6  0.28 0.21
  103 N    -1  -2   5   1  -3   2   0  -1   0  -2  -2   0   1  -1  -3   0  -2   0  -3  -1    3   0  39   6   0   9   5   3   2   2   3   6   4   3   0   7   0   2   0   4  0.44 0.30
  104 L     0  -2  -2  -1   1  -1   1  -2  -2   1   1  -2   2   1  -2   0  -1   2   0   0   10   0   0   3   4   0  11   1   0   8  20   0   7   8   0  10   3   3   3   4  0.09 0.14
  105 Y     0  -2  -2   0  -3  -2   0  -3   2   0  -1  -2   1   3  -3   0   0   3   5  -1    9   0   0   5   0   0   8   1   6   4   4   0   4  16   0   5   5   4  23   4  0.32 0.22
  106 I     0   1  -2  -2  -2   1   0  -2   2   1   0  -1   2   1  -2   0  -1  -2   2   0    8   8   0   0   0   8   8   1   8   8   8   0   8   8   0   8   0   0   8   8  0.09 0.12
  107 S     1   0  -1  -2   4  -2  -1  -1  -1  -1  -2   0   2  -1  -2   2   2  -4  -1  -1   10   6   2   2   9   0   3   4   2   4   3   7   6   3   2  20  14   0   2   3  0.19 0.22
  108 G     0  -1   0  -3  -4  -2  -1   5   1  -1  -2  -1   0   0   0  -1  -1  -4  -3  -3    9   3   5   0   0   0   3  46   4   4   5   5   3   4   4   4   3   0   0   0  0.50 0.32
  109 F     0  -3  -3  -4   2  -3  -3  -1  -3   0   1  -1   1   4   0  -1  -1  -2   2   0    9   0   0   0   4   0   0   5   0   6  14   5   4  23   5   5   4   0   8   7  0.28 0.23
  110 S     0   0   0   0   2   0  -1   0   1   0   0   0   1   0   1   0   0  -3  -1   0    6   6   6   6   6   6   0   6   6   6   6   6   6   6   6   6   6   0   0   6  0.04 0.09
  111 L    -1  -2   0  -2  -3   0   1  -2   1   1   3  -1   1   1  -3  -2  -1  -2   0   0    3   0   4   0   0   3  12   3   4   8  35   5   3   6   0   1   3   0   3   6  0.17 0.19
  112 F     0  -1   0  -2   1   1   0  -1  -2   0   0  -2   1   4  -3   0   0  -2   2   0    7   4   4   0   3   7   5   4   0   6   8   0   3  24   0   8   5   0   5   6  0.15 0.17
  113 F    -1   0  -2  -3   3   1  -2  -3   2   1   0  -1   2   1   1   0   0  -2   2   0    1   8   0   0   7   7   0   1   7   8   8   0   7   7   8   8   8   0   7   8  0.12 0.15
  114 W     1  -3  -1  -1   1  -1   0   0   0  -1   0   0   1   0   0   0  -1   5   0  -1   13   0   3   3   3   3   5   7   3   3  11   5   5   5   5   6   3   8   3   5  0.11 0.12
  115 L     0  -1   0  -1  -3  -1  -1  -3  -3   1   2  -2   1   3  -1   0  -2   2   0   0    8   3   6   3   0   3   4   0   0   8  24   0   3  15   3   6   0   3   3   6  0.16 0.20
  116 V     0  -3  -1  -3   1  -2  -1  -2  -3   1   1  -1   2   1   1  -1   0  -3   0   2    6   0   3   0   4   0   3   3   0   8  15   5   6   6   6   4   4   0   4  17  0.10 0.16
  117 L     0   0   0   0   2   1   0  -2   2   0   0   0   1   0  -2   0   0  -2   1   0    6   6   5   6   5   5   6   0   5   6   6   6   5   5   0   6   6   0   5   6  0.02 0.11
  118 R    -2   2   1  -1   1   0  -1  -1   1  -1  -2   2   0  -1   1  -1  -2   3   2  -2    4  11   7   3   3   5   4   4   3   5   5  10   3   3   8   6   3   4   6   3  0.16 0.14
  119 R    -2   6  -1  -1   1   0  -6  -2   1  -2  -3   0   1   0  -7  -1   1   2   0  -2    4  33   3   3   3   5   0   3   3   3   3   5   3   3   0   5   9   3   3   4  0.65 0.42
  120 L     0   0   1   0   2   0  -1   0   2   0   0  -1   1   1  -3   0   0  -2   1   0    6   6   6   6   6   6   0   6   6   6   6   0   6   6   0   6   6   0   6   6  0.05 0.11
  121 V    -1   0   0  -2   2   0   0  -1   2   0  -1   0   1   1   0   0   0   3   1   0    5   5   5   0   5   5   5   5   5   5   5   5   5   5   5   5   5   5   5   5  0.07 0.11
  122 T     0   0   0   0  -3   0   0   0   3   0  -1   0   1   0  -2   1   0  -3   0  -1   10   5   5   5   0   4   7   7   9   5   4   7   5   4   0   9   7   0   4   4  0.07 0.10
  123 L     0   0   0   0   2   1   0  -2   2   0   0   0   1   1  -2   0   0  -2   1   0    6   6   6   6   6   6   6   0   6   6   6   6   6   6   0   6   6   0   6   6  0.06 0.10
  124 I    -1  -1  -1  -1   1   0  -1  -1   0   2   2  -1   1   1  -3  -1   0  -3   0   1    4   3   3   3   3   4   3   4   3  18  19   4   4   5   0   3   5   0   3  10  0.11 0.14
  125 T     0   1   0  -1   1   0  -1  -1   0   0   1   0   0  -1  -3   2   0   1   0  -1    7   8   5   3   3   4   3   4   2   4  13   7   3   2   0  17   6   2   3   4  0.07 0.13
  126 Q    -1   2   0   2  -4   2   2  -1   1  -1  -2   0   0  -1  -1  -1   0   2   0  -2    4  10   4  11   0  12  12   4   3   3   3   6   3   3   3   5   5   3   3   3  0.17 0.20
  127 L    -1   0   0   0   2   0   0  -1   2   0  -1   0   1   0  -3   0   0   3   1   0    5   5   5   5   5   5   5   5   5   5   5   5   5   5   0   5   5   5   5   5  0.06 0.10
  128 A     3   0  -1  -2  -4  -1   0  -2   1   1  -1  -1   1  -1  -2   0  -1   0  -1   1   29   5   3   3   0   2   5   3   3  10   6   3   4   2   2   7   3   2   2   9  0.22 0.24
  129 K    -1   0   0   0  -6   1   0  -2   2   0  -1   3   1   0  -1  -1   1  -6   0  -1    6   5   4   6   0   5   7   3   5   5   7  17   3   3   3   4   8   0   3   5  0.16 0.14
  130 E     0   0  -1  -2   1  -1  -1  -2   0  -1   3  -1   2  -1  -2  -1   0   2   0  -1    7   4   3   3   3   3   5   3   3   3  30   3   4   3   3   4   7   3   3   4  0.24 0.18
  131 L     0   0   0   0   2   0   0  -1   1   0  -1   0   1   0   0   0   0  -2   1   0    5   5   5   5   5   5   5   5   5   5   5   5   5   5   5   5   5   0   5   5  0.03 0.05
  132 S     1   0   0   0   1   0   1   0   2  -1  -1   0   1  -1  -3   0  -1  -3   0   0   16   3   4   6   3   3  12   6   6   3   5   7   4   3   0   6   4   0   3   7  0.08 0.13
  133 N     0   1   1   0   0   1   2  -1   0  -1  -2   1  -3  -4  -3   2   1  -4  -1  -2    6   7   7   5   2   5  13   4   2   3   4   9   0   0   0  16   9   0   2   3  0.17 0.22
  134 K     0   0   1  -1   0   0   0   0   2   0   1   0   2  -1  -3   0   0  -3   0   0    6   5  10   2   2   3   6   6   5   6  12   5   6   2   0   9   4   0   4   6  0.05 0.10
  135 G     1   1   0   1  -1   0   4   0  -1  -2  -3   0  -3  -2  -3   0  -1  -5  -4  -1   13   8   4   9   1   4  28   7   2   2   2   5   0   2   0   5   4   0   0   4  0.33 0.31
  136 V     4   0  -2  -1  -1  -1   0  -1  -3  -2  -2   0  -1  -2  -2   0   0  -4  -2   0   37   4   1   3   1   3   7   5   0   2   4   6   2   2   1   5   7   0   1   8  0.30 0.31
  137 L     0   0   0   0  -3   0   0   0  -2   0  -1   0   1   1   0   0   0   3   1   0    6   6   5   6   0   5   6   6   0   6   6   6   5   5   6   6   6   5   5   6  0.06 0.08
  138 K     0   0   0   0   2   0   0  -1   1   0  -1   0   1   0   0   0   0  -2   1   0    5   5   5   5   5   5   5   5   5   5   5   5   5   5   5   5   5   0   5   5  0.03 0.05
  139 T     0   2   0   0   1   0   0  -1   1  -1  -1   3   1  -4   1   0   0  -4  -3  -1    7  12   4   5   3   3   5   4   3   4   5  19   4   0   6   5   7   0   0   3  0.18 0.19
  140 Q    -1   0  -1   0  -5   6   1  -1   1  -2  -2   0  -3  -5   0   0   0  -5  -4  -1    4   4   3   4   0  38   9   4   3   3   3   5   0   0   4   6   5   0   0   5  0.59 0.46
  141 A     3  -1   0  -1  -3  -1  -1  -1   0   0   0  -1   1  -3  -1   0   0  -4  -1   0   31   4   5   3   0   3   3   3   2   4   8   4   3   0   3   7   6   0   2   7  0.18 0.21
  142 E     0   1   0   1  -4   2   3  -1   0  -2  -2   1  -1  -4   0   0   0  -4  -1  -2    7   7   4   7   0   8  23   4   2   2   5   9   2   0   4   7   4   0   2   3  0.22 0.21
  143 N     1  -1   3   1  -1  -1   0   1   0  -2  -4   1  -1  -2  -1   2   0  -4  -3  -2   13   2  16   6   1   2   5  11   2   1   1   8   2   1   2  19   4   0   0   3  0.26 0.26
  144 T     3  -1   0   0   0   0  -1  -1  -1  -1   0   0  -1  -1  -1   1   2  -4  -2  -1   25   3   4   4   2   4   4   3   2   2  11   6   2   2   2   8  12   0   1   4  0.14 0.19
  145 N    -1   0   2   0  -1   0   1   0   0  -2  -2   1  -2  -2  -2   2   1  -4  -2  -1    4   3  10   5   1   4  10   7   3   1   5   9   1   1   2  18   9   0   1   5  0.15 0.18
  146 K     0   1   1   1  -4   2   3  -1   0  -3  -3   4  -1  -4  -1   0   0  -4  -4  -2    6   6   6   7   0   7  17   4   2   1   2  25   1   0   2   5   5   0   0   3  0.37 0.30
  147 A     2  -1  -1  -1  -1   2   2  -1   1  -2  -2   0  -1  -3   0   0   1  -4  -2  -1   21   3   2   3   1   9  14   4   3   2   4   6   1   1   4   5  11   0   1   4  0.19 0.21
  148 A     2  -1   0   0  -1   0   0  -2   0  -1  -1   0   0  -1   0   0   0  -3   2   0   23   3   5   4   1   4   4   2   2   4   5   7   2   2   4   7   5   0   8   7  0.10 0.15
  149 K     0   0   0   0   2   1   0   0  -2   0   0   0   1   0   1   0   0  -3  -2   0    6   6   6   6   6   6   6   6   0   6   6   6   6   6   6   6   6   0   0   6  0.04 0.07
  150 K     0   0   0   0  -2   1   0   0   1   0   0   0   1   0   1   0   0  -3  -1   0    6   6   6   6   0   6   6   6   6   6   6   6   6   6   6   6   6   0   0   6  0.04 0.07
  151 F     0  -1  -1  -1   1   0  -1  -1   1   0   1  -1   1   1  -1   0   0  -2   1   0    7   4   3   3   3   3   3   4   4   5  20   4   4   6   3   8   4   0   5   6  0.04 0.08
  152 M     1   0  -1  -1  -3   1   0  -1   0   0   1   0   3   0   0  -1   0  -3   0   0   12   4   3   4   0   7   5   4   3   5  14   5  10   3   5   4   6   0   3   4  0.06 0.11
  153 E     0   0   1   1  -4   1   4  -1  -3  -3  -1   1  -3  -4   0   0   0  -4  -4  -1    9   5   5   7   0   6  27   5   0   0   5   8   0   0   4   7   6   0   0   5  0.30 0.25
  154 E     0   0   1   0  -3   1   0   0   2   0  -1   0   1  -2   1   0   0  -2   1   0    6   6   6   6   0   6   6   6   6   6   6   6   6   0   6   6   6   0   6   6  0.05 0.08
  155 N    -1   0   3   0  -1   1   1   0   0   0  -1   1   0  -3  -1   0  -1  -3  -1  -1    5   5  17   6   2   5   9   7   2   6   6  10   3   0   3   7   3   0   2   3  0.12 0.14
  156 E    -1  -1   1   3  -4   1   3  -1   0  -2  -2   1  -1  -4   0   0   0  -4  -4  -2    4   3   5  20   0   5  20   4   2   3   4   9   2   0   4   6   6   0   0   3  0.32 0.27
  157 K     0   1   1   0  -1   1   1  -1   0  -2  -1   2   0  -3  -1   0   0  -3  -1  -1    9   7   6   6   2   7  10   5   2   2   5  16   3   0   3   7   5   0   3   3  0.12 0.13
  158 L     0  -1  -1  -1  -1   0  -1  -1  -3   0   3   0   1  -1   0   0   0  -3   0   0   10   2   3   3   1   5   5   3   0   5  32   7   3   2   4   5   4   0   3   4  0.13 0.17
  159 K    -1   1  -1   0  -4   2   1  -1   0  -2  -2   4   0  -2  -1   0   0   0  -1  -2    5   8   2   4   0   8   8   4   2   2   4  29   3   2   2   7   4   1   2   3  0.27 0.25
  160 R     0   0   0   0  -3   1   0   0   2   0  -1   0   1  -2   0   0   0   3   1   0    6   6   5   6   0   5   6   6   5   6   6   6   5   0   6   6   6   5   5   6  0.07 0.10
  161 I     0   0   0   0  -2   1   0   0  -1   0   0   0   1   0   1   0   0  -2   1   0    6   6   6   6   0   6   6   6   0   6   6   6   6   6   6   6   6   0   6   6  0.03 0.06
  162 L     0   0   0   0  -2   0   0   0   0   0   0   0   0   0   1   0   0   1   0   0    5   4   5   4   0   4   6   6   3   6  11   6   4   3   8   6   6   3   4   6  0.03 0.04
  163 K     0   0   0   0  -4   0   1  -1   0  -2  -2   3   0  -2   0   0   0   1   0  -2    6   4   5   5   0   4  10   5   3   2   4  24   3   2   4   7   4   2   3   3  0.19 0.21
  164 S     0  -1   1   2  -1   0   2   0   0  -1  -1   0   0  -2  -1   1   0   0  -1   0    8   2   8  13   1   3  12   5   3   3   5   6   2   2   2  10   5   2   2   6  0.11 0.12
  165 H     0   0   0   1   0   0   1   1   1  -1  -1   1  -1  -2   0   0   0  -3  -1  -1    8   3   5   7   2   5   9  13   4   4   8   8   2   2   3   5   5   0   3   3  0.06 0.07
  166 G     0   0   0   1  -1   0   0   1  -1  -1   0   1   0  -1  -1   0   0  -3  -1   0    7   4   4   7   1   4   7  13   2   3   8   9   2   3   3   8   5   0   1   7  0.05 0.05
  167 K     0   1   0   0   0   0   1   1   0  -1  -2   3  -2  -3  -2   1   0   1  -2  -1    9   6   4   6   3   4   7   9   2   3   4  18   0   0   2  10   4   2   1   5  0.13 0.15
  168 D    -1  -1   1   3  -1   1   3   0  -1  -2  -2   1  -3  -4  -1   0  -1  -4  -4  -1    6   2   7  17   1   5  17   8   1   3   4   8   0   0   3   8   4   0   0   5  0.26 0.23
  169 E     0   0   0   2   0   1   3   0  -1  -2  -2   1   0  -2  -1   0  -1   1  -1  -1    6   4   4  10   2   6  19   8   1   3   3   8   3   2   2   7   3   2   2   4  0.17 0.17
  170 E     0   0   1   0  -3   1   0   0   2   0  -1   0   1  -2   1   0   0  -2   1   0    6   6   6   6   0   6   6   6   6   6   6   6   6   0   6   6   6   0   6   6  0.05 0.08
  171 C     1  -1   0   0   1   0   0  -1   1  -1  -2   2   0  -1  -1   0   0   2   0  -1   11   4   4   5   3   5   7   5   3   3   4  12   3   3   4   7   6   3   3   5  0.08 0.08
  172 V    -1   0   0   0   2   0   0  -1   2   0  -1   0   2   1   0  -1   0   4   1  -1    5   5   5   5   5   5   5   5   5   5   5   5   5   5   5   5   5   5   5   5  0.09 0.08
  173 L    -1  -1  -1  -1   1   0  -1  -1   0   0   1   0   1   0   1  -1   0   2   0  -1    6   3   4   4   3   5   5   5   3   5  17   6   3   4   7   5   6   3   4   4  0.05 0.06
  174 E    -1   0   0   2   2   1   2   0   1  -2  -2   1   0  -1   0   0  -2  -6  -5   0    6   4   5  10   3   6  14   6   3   3   4   8   2   3   5   8   3   0   0   6  0.15 0.15
  175 A     2  -1   0   2   1  -1   3  -1   1  -1  -2   1  -1  -2  -1   0  -1  -6  -1  -1   14   3   4   9   3   2  15   4   3   4   4  10   2   2   3   7   4   0   2   5  0.19 0.17
  176 E    -1  -1   0   1  -5   0   5  -2  -1  -3  -1   0  -2  -5  -1  -1   0  -5   0  -1    5   3   4   7   0   3  40   3   1   2   6   5   1   0   3   4   5   0   3   5  0.56 0.44
  177 N    -1   0   4   0   1  -1  -1  -1  -1   1  -1   0   0  -2  -2   0  -1  -4   0   0    5   5  21   5   3   2   4   3   1   9   7   6   3   2   2   9   2   0   3   7  0.17 0.19
  178 K     1   0   0   2   0   1   3  -2  -1  -3  -3   2  -2  -3  -1   0  -1  -5  -2  -2   11   5   4   9   2   7  21   3   1   1   3  14   1   1   3   7   3   0   2   3  0.29 0.27
  179 K     0   1   0  -1   0   1   1  -2  -1  -2  -2   3  -1  -4   1   0   1  -1  -2  -2    8   6   5   3   2   5  11   3   2   3   3  18   1   0   6   8  11   1   1   2  0.21 0.21
  180 L     0   0   0   0  -2   1   0   0   1   0  -1   0   1   0   1   0   0  -2   1   0    6   6   5   6   0   5   6   6   5   6   6   6   5   5   6   6   6   0   5   6  0.03 0.06
  181 V     0   0   0   1   0   0   1  -1   1  -1  -1   1   0  -2   1   0   0  -3   0  -1    8   5   4   7   3   4  11   4   3   4   6  11   4   0   6   6   6   0   4   3  0.07 0.10
  182 E     0   0   0   0   0   1   3  -1  -3  -1  -2   3  -3  -4  -1  -1  -1  -4  -3   0    8   5   4   5   2   5  20   5   0   5   4  18   0   0   3   4   4   0   0   6  0.21 0.23
  183 D    -2   0  -1   3   1   1   4  -3   0  -2  -2   2  -4  -2  -2  -1  -1  -5  -4  -2    3   5   3  14   3   5  30   2   2   2   3  13   0   2   2   3   3   0   0   3  0.44 0.37
  184 Q    -1  -1   0  -1  -1   0  -1  -3  -1   2   1  -1   1   0   0  -1  -1  -3   0   2    4   2   6   3   1   4   3   1   1  17  16   4   3   3   4   5   3   0   3  16  0.12 0.15
  185 E     1   0   1   1   1   1   3  -1   0  -2  -3   3  -1  -3  -3   0   0  -4  -3  -3   12   3   6   7   3   5  19   5   2   2   2  18   2   1   0   7   5   0   0   1  0.27 0.26
  186 K     0   1   0   0  -4   1   2  -1   0  -2  -2   4  -1  -2  -3  -1  -1  -1  -2  -2    6   7   5   5   0   7  11   4   2   2   3  30   1   2   0   4   4   1   1   3  0.32 0.29
  187 L    -1  -2  -1  -2  -4  -1  -2  -5   1  -1   5  -1   1  -1  -2  -2  -1  -4   0   0    5   2   3   2   0   3   2   0   4   3  51   4   3   2   2   3   3   0   3   4  0.53 0.40
  188 K    -1   0   0   1  -2   2   3  -3  -1   0  -3   5  -2  -5  -4  -1  -1  -5  -3  -3    5   5   4   6   1   9  16   2   1   6   2  34   1   0   0   4   3   0   1   1  0.54 0.41
  189 T     1  -1   1   2  -3   0   2   0  -1  -2  -2   1  -1  -3  -1   1   1  -4  -2  -2   16   3   5  11   0   3  14   5   1   1   3  11   2   1   2  10   8   0   1   2  0.20 0.21
  190 E    -2   0  -1   1  -6   3   5  -3  -1  -4  -2   1  -4  -3  -3  -2  -1  -5  -5  -5    2   5   2   6   0  13  46   2   1   1   4   9   0   1   1   3   3   0   0   0  0.84 0.57
  191 L    -2  -2  -2  -4   1  -4  -2  -4  -2   2   4  -2   0  -1  -2  -1  -2  -4   1   1    3   3   2   0   3   0   2   1   1  12  42   2   2   1   2   5   2   0   5  11  0.45 0.35
  192 R     1   1   0   1  -4   1   3  -2  -1  -2  -2   3  -1  -4  -1  -1  -1  -5  -4  -2   10   6   4   6   0   5  24   3   1   2   4  20   1   0   2   3   3   0   0   3  0.35 0.31
  193 K     0   1  -1  -1  -2   1   3  -2  -3  -2  -2   3  -1  -3  -3   0   1  -4  -4  -1    8   9   2   2   1   5  22   2   0   2   3  20   1   1   0   7   8   0   0   5  0.34 0.31
  194 T     1   0  -1  -2  -2  -1   0  -2   0  -1   2   2   0  -1  -3   0   1  -1  -2  -1   10   4   3   1   1   2   6   3   3   2  22  18   2   2   0   5  10   1   1   4  0.15 0.21
  195 S     0   0   0   0   2   1   0   0  -2   0  -1   0  -1   0  -2   0   0   3  -1   0    6   6   6   6   6   6   6   6   0   6   6   6   0   6   0   6   6   6   0   6  0.06 0.10
  196 D     0   1   1   1  -3   2   2  -1   1  -2  -1   2   0  -3  -2   0   0  -4  -3   0    8   5   5   7   0   8  14   5   4   0   4  16   3   0   0   5   6   0   0   7  0.18 0.17
  197 A     0   0   1   0  -2   1   0   0   2   0  -1   0   1  -2   1   0   0  -3  -2   0    6   6   6   6   0   6   6   6   6   6   6   6   6   0   6   6   6   0   0   6  0.06 0.08
  198 L    -1  -1  -1  -3   1  -1  -1  -2   1   1   3  -1   1   0  -1  -1  -1   2   0   1    5   4   3   0   3   3   3   3   4   6  30   4   3   4   3   6   4   3   3   8  0.15 0.17
  199 S     0   1   0   1  -3   0   2  -1   1  -1  -2   2   0  -3  -3   0   0  -4  -1  -1    7   9   5   6   0   4  16   5   4   3   4  15   2   0   0   8   4   0   2   5  0.16 0.17
  200 K     1   2   0   0  -1   1  -1  -2   0  -2  -2   4  -3  -4  -3   0   0   0   0  -2   10   8   4   5   2   6   3   2   2   2   3  30   0   0   0   8   6   1   3   3  0.33 0.30
  201 A     3  -1  -1  -3   0   0   1  -2  -1  -1   0   2   0  -4  -3   1   0  -4  -3  -1   34   3   3   0   2   3   8   2   1   2   9  12   2   0   0  10   5   0   0   3  0.30 0.31
  202 Q    -1   1   0   1  -1   2   4  -2   0  -2  -2   3  -3  -4  -3  -1  -1  -4  -2  -2    4   6   4   7   1  11  30   2   2   2   4  17   0   0   0   3   4   0   1   2  0.46 0.36
  203 N     1   1   1   0  -3   1   0  -1  -1  -2  -1   2  -1  -3  -3   1   1  -1  -3  -1   16   9   9   4   0   4   4   3   1   2   5  17   1   0   0  10   7   1   0   5  0.18 0.20
  204 D    -3  -3   2   5  -2   0   4  -3   0  -5  -3  -1  -4  -5  -2  -1  -2  -5  -5  -4    2   0  11  39   1   2  24   1   2   0   3   3   0   0   2   4   2   0   0   1  0.88 0.53
  205 V     1   0  -1  -3  -3  -2  -2  -3  -1   1   2  -1   2   1  -3  -1   0  -3   0   2   12   6   3   0   0   0   2   1   2   7  19   4   5   7   0   4   4   0   3  22  0.18 0.20
  206 M     0  -1   0   2  -4   1   4  -2  -1  -2  -1   0   0  -4  -3   0   0  -5  -4  -1    7   3   4  14   0   5  32   1   1   2   5   6   3   0   0   6   7   0   0   5  0.38 0.32
  207 E     4  -3   0  -2   0   0  -2  -2  -1  -1  -3  -2  -1  -3  -3  -1   2  -4   0   0   46   1   5   2   1   4   2   1   2   4   1   2   1   1   0   3  13   0   3   6  0.50 0.42
  208 M    -2  -2  -5  -5  -4  -3  -5  -5  -2   1   4  -3   6  -1  -5  -3  -3  -4  -4   2    2   2   0   0   0   1   0   0   1   8  46   1  21   2   0   1   1   0   0  11  0.93 0.52
  209 K    -3   4  -2  -4  -5   1  -1  -5  -1  -3  -3   6  -4  -3  -4  -2  -3  -5  -4  -3    1  18   1   0   0   6   3   0   1   2   3  55   0   1   0   2   1   0   0   2  1.13 0.63
  210 M    -2   2  -1  -1  -3   0   1  -3  -1  -4  -4   5   0  -5  -1   1  -1  -5  -4  -4    1  10   2   2   1   4  10   1   2   1   1  46   2   0   2  10   4   0   0   0  0.76 0.49
  211 Q    -3   0  -4  -2  -6   8   0  -5   0  -6  -4   1  -4  -6  -5  -3  -3  -6  -5  -6    2   5   0   1   0  73   5   0   2   0   1   6   0   0   0   2   1   0   0   0  1.89 0.92
  212 S     4  -2  -1  -4   0  -3  -3  -2   0  -2  -1  -2  -1  -3  -4   3   0   0   1  -1   40   1   3   0   2   0   0   1   2   2   5   2   2   0   0  25   5   1   6   4  0.54 0.43
  213 E     0  -2  -2   2  -5   1   5  -3  -3  -4  -4   2  -1  -3  -4   0  -2  -5  -2  -2    8   1   1  10   0   4  46   1   0   1   1  12   2   1   0   5   1   0   1   3  0.75 0.48
  214 R    -1  -1   3   0  -4   3   0   4  -2  -4  -4  -1  -3  -5  -4   1  -2  -5  -4  -4    5   3  13   5   0  16   5  32   1   1   2   3   1   0   0  11   1   0   0   0  0.58 0.39
  215 L    -2  -3   0  -4  -2   1  -1  -3  -1   0   4  -2   0   1  -4  -2   0  -4  -3   1    1   0   5   0   1   8   4   1   1   3  47   1   1   7   0   3   7   0   0   8  0.46 0.36
  216 S     1   0   2  -2  -1   2   0  -1   1  -1   0   0  -1  -2  -3   2   1  -4  -1  -1   11   4  13   1   1  11   3   3   3   3  11   4   1   1   0  16   9   0   1   2  0.17 0.20
  217 K     0   3   0   1  -3   1   1  -3  -1  -2   0   4   0  -4  -3  -1   0  -4  -3  -2    7  14   4   7   1   6   7   1   1   1  10  28   2   0   0   3   5   0   0   2  0.33 0.28
  218 E    -1  -3  -2   0  -7   0   7  -4  -2  -7  -7  -1  -6  -7  -5  -2  -3  -7  -6  -6    6   1   2   3   0   3  77   1   1   0   0   3   0   0   0   3   1   0   0   0  1.72 0.86
  219 Y    -5  -3  -2  -4   0  -4  -6  -7   0  -2  -3  -3  -5   2  -7  -6  -5  -2   9  -5    1   1   2   1   2   1   0   0   1   2   3   1   0   7   0   0   0   0  77   0  2.38 1.00
  220 D    -3  -3   1   7  -6  -1   2  -3   1  -2  -2  -1   1  -3  -5  -3  -2  -6  -5  -4    1   1   5  58   0   1  11   1   3   2   5   3   5   1   0   1   2   0   0   1  1.15 0.61
  221 Q    -2   6  -1  -1  -6   0   2  -4   0  -3  -4   2  -4  -6  -5   0  -1  -6  -5  -5    2  54   3   3   0   3  11   1   2   1   1  12   0   0   0   5   3   0   0   0  1.08 0.58
  222 L    -5  -5  -6  -7  -5  -5  -4  -7  -3   0   6  -4   1  -3  -6  -4  -2  -5  -4   0    0   0   0   0   0   0   1   0   1   3  83   1   2   0   0   1   2   0   0   6  1.50 0.71
  223 L     1  -2  -1  -3   0  -1  -3  -2  -4   0   3  -2   3   0  -4   1   0  -4  -3  -1   12   1   2   1   2   2   1   2   0   4  39   2   7   3   0  14   6   0   0   2  0.33 0.30
  224 K     0   1  -2   4  -4   0   4  -2  -2  -5  -5   3  -4  -5  -2  -1   0  -5  -4  -3    8   6   1  23   0   3  28   2   0   0   0  20   0   0   1   2   5   0   0   1  0.68 0.43
  225 E    -3   0  -3   1  -6   2   6  -4  -2  -5  -4   2  -4  -5  -4  -3  -4  -5  -2  -3    2   4   0   7   0   7  62   1   0   0   2  12   0   0   0   0   0   0   2   1  1.22 0.63
  226 H    -1  -1   4  -3   2  -2  -3  -4   7  -1  -1  -1  -2   0  -5  -3  -3  -3   4  -3    5   3  19   0   4   1   1   1  28   5   7   4   0   3   0   0   0   0  18   1  0.81 0.47
  227 S     0   0   3   2  -2   3   2  -2   1  -3  -4   0  -2  -4  -3   2   0  -4  -2  -3    8   5  14   9   1  16  16   2   3   1   0   4   0   0   0  14   4   0   1   1  0.40 0.30
  228 E     1   1   2   0  -4   2   2  -2   0  -2  -2   3  -3  -4  -3   0  -1  -4  -3  -2   12   5  10   3   0  12  14   1   1   3   3  26   0   0   0   5   3   0   0   1  0.36 0.29
  229 L    -1  -4  -5  -4  -4  -4  -3  -5  -5   0   6  -4   1  -1  -5  -3  -1  -4  -1  -1    4   0   0   1   0   0   1   1   0   3  75   1   2   2   0   1   4   0   3   2  1.08 0.55
  230 Q    -2   2  -1   0  -5   6   2  -4   0  -3  -3   2  -3  -5  -4  -1  -1  -5  -4  -4    2  12   2   5   0  41  14   1   1   1   3   9   0   0   0   4   3   0   0   1  0.83 0.49
  231 D     1   1   2   1  -3   1   1  -1  -1  -2  -2   3  -2  -3  -2   0   0  -4  -2  -2   13   6  13   6   0   4  10   4   0   2   4  20   1   1   1   7   5   0   1   2  0.22 0.19
  232 R    -1   2  -1  -1  -4   4   2  -2  -1  -4  -3   4  -3  -3  -1   0   0  -4  -3  -3    3   9   2   2   0  23  11   2   1   0   3  27   0   1   2   8   6   0   1   1  0.54 0.36
  233 L    -1  -1  -2  -2  -2  -1  -2  -2  -1   1   3  -1   1   0  -2  -1  -1  -3  -1   2    3   4   2   1   0   2   2   3   1   8  36   4   3   3   2   4   3   0   2  14  0.19 0.18
  234 E     1   0   0   2  -4   2   3   0   0  -4  -3   1  -3  -4  -1   1  -1  -4  -3  -2   11   3   2  14   0  12  23   7   2   0   1   8   0   0   2   9   3   0   0   2  0.37 0.27
  235 R     0   2   0   0  -1   1   1   1  -2  -2  -3   1  -1  -4   0   2   0  -4  -3  -2    5  11   3   4   1   6  10  13   0   2   2  11   1   0   3  19   5   0   0   3  0.21 0.18
  236 G     1   0   0   0  -3   0   1   2  -2   0   0  -1  -1  -1  -1   1   0  -3  -2  -1   11   5   3   4   0   3   9  19   0   5  10   2   0   2   3  14   5   0   0   5  0.11 0.12
  237 N    -2  -1   2   5  -5   0   2  -1  -2  -5  -4   0  -3  -3  -2   1  -1  -5  -3  -4    3   2  10  39   0   3  15   5   1   0   1   5   1   1   1  11   3   0   1   0  0.70 0.40
  238 K    -2   2   0   3  -2  -1   1  -4  -3  -5  -4   6  -4  -6  -2  -1  -3  -3  -5  -4    1  10   3  15   1   1   6   1   0   0   1  54   0   0   1   5   0   0   0   0  0.99 0.52
  239 K    -3   0  -3   0  -6  -1  -2  -5  -4  -6  -6   8  -2  -6  -4  -2  -2  -6  -4  -6    1   2   1   4   0   1   1   0   0   0   0  87   1   0   0   1   2   0   0   0  1.89 0.79
  240 R    -3   4  -2  -3  -5  -1   0  -2   1  -5  -5   6  -4  -5  -4  -2  -3  -5  -4  -5    0  20   0   0   0   0   4   3   3   0   0  68   0   0   0   2   0   0   0   0  1.29 0.49
  241 L    -1  -3  -4  -4  -1  -3  -3  -4  -3   3   4  -3   1   0  -3  -3  -1  -2  -1   2    0   0   0   0   0   0   0   0   0  21  58   0   0   0   0   0   0   0   0  21  0.43 0.06

                      K         Lambda
Standard Ungapped    0.1328     0.3200
Standard Gapped      0.0345     0.2670
PSI Ungapped         0.1126     0.3172
PSI Gapped           0.0345     0.2670
