
Last position-specific scoring matrix computed, weighted observed percentages rounded down, information per position, and relative weight of gapless real matches to pseudocounts
            A   R   N   D   C   Q   E   G   H   I   L   K   M   F   P   S   T   W   Y   V   A   R   N   D   C   Q   E   G   H   I   L   K   M   F   P   S   T   W   Y   V
    1 M    -2  -3  -4  -4  -2  -2  -3  -4  -3   1   3  -3   7  -1  -4  -3  -2  -3  -2   0    0   0   0   0   0   0   0   0   0   5  34   0  62   0   0   0   0   0   0   0  0.91 0.19
    2 L    -1   1  -2  -3  -2  -1  -2  -3   3   0   2  -1   1   3  -3   0  -1  -1   2   0    3  12   0   0   0   0   0   0  10   0  31   0   3  17   0   9   3   0   7   4  0.20 0.08
    3 A     3   1  -2  -2  -2   0  -1   0  -2  -1   0   0  -1  -2  -2   1   0  -3  -2   0   36   9   0   0   0   3   0   6   0   0  15   6   0   0   0  13   5   0   0   7  0.17 0.08
    4 R    -2   6  -2  -3  -4   1  -1  -4   3  -4  -1   1  -2  -4  -3  -1  -1  -4  -3  -3    2  68   0   0   0   4   2   0   8   0   6   4   0   0   0   2   4   0   0   0  0.95 0.25
    5 A     3   0  -2  -1   2   0  -2   1  -1  -2  -1  -1  -2  -3  -2   2   1  -3  -3   0   33   6   0   3   4   4   0   8   2   0   6   0   0   0   0  17   9   0   0   8  0.23 0.13
    6 A     3   1  -2  -3   0  -2  -2   0   1   0   1  -2  -1  -1  -1   0  -1  -3  -2   1   35   9   1   0   2   0   0   7   5   4  18   0   0   2   2   3   2   0   0   9  0.16 0.12
    7 R     0   4   2  -2  -3   0  -1  -2  -2  -3  -1   1   0  -2  -1   2   2  -4  -3  -2    8  29   9   0   0   2   0   1   0   0   4   5   3   1   2  20  15   0   0   0  0.35 0.16
    8 G     2   0   1  -2  -3  -2  -2   4  -1  -3  -3  -2  -3  -4   1   1   1   0  -3  -3   21   6   8   0   0   0   1  32   1   1   1   0   0   0   8   9  11   2   0   0  0.41 0.16
    9 T     1  -1  -2  -2   1  -2  -2   0   2   0   0  -2  -1  -3   2   2   2  -3  -2   0   10   2   0   0   4   0   0   8   6   4  13   0   0   0  11  21  17   0   0   4  0.22 0.13
   10 G     2   2   0  -2  -3   1  -2   3   1  -3  -3  -1  -3  -4   0   2   1  -4  -3  -2   20  14   4   0   0   5   0  24   4   0   0   1   0   0   4  15   8   0   0   1  0.36 0.16
   11 A     3   0  -2  -3  -1   0  -2   0  -2  -2  -1  -2   1  -2   2   1   0  -3   1   0   34   5   0   0   1   4   1   6   1   0   4   0   4   0   9  13   3   0   5  10  0.24 0.15
   12 L     0   2  -2  -3   4   0  -2  -2  -3   1   2  -2   0   1  -2  -1  -2  -3  -2   1   11  18   1   0  10   4   0   2   0   6  23   0   2   7   2   3   0   0   0  10  0.21 0.14
   13 L    -1   0  -3  -3  -3  -1  -3   0  -2  -1   3  -2   1  -1   1   1  -1  -3   1   0    4   6   0   0   0   3   0   8   1   1  43   0   3   1   7  12   1   0   6   4  0.25 0.17
   14 L     1   0  -3  -3  -2   0  -2  -2  -2   1   2  -1   0   0   1  -1   0  -3   0   1   14   7   0   0   0   7   0   1   0   8  25   2   1   2   8   4   4   0   4  12  0.14 0.10
   15 R    -2   5  -1  -3   0  -1  -1  -2   1  -1  -2   0  -2   1  -2   0  -1   3  -2   0    2  49   2   0   2   2   2   2   4   3   4   1   0   6   2   6   2   4   0   7  0.53 0.25
   16 G     1   2   2  -1  -3  -1  -1   3   2  -3  -2  -1  -2  -1  -3   0   0  -2  -1  -2   14  15  14   1   0   1   2  24   8   0   4   0   0   2   0   7   5   0   1   1  0.29 0.16
   17 S     1   0  -1  -2  -2  -1  -2   1  -1  -1   1  -2  -1   1  -1   2   0  -1  -1   0   13   5   1   0   0   2   0  14   1   2  14   1   0   9   2  25   4   1   1   6  0.15 0.13
   18 L    -1   0  -1  -3   0   0  -2   0   0   0   2  -1   1   1  -1   1   0   1  -1   0    0   7   1   0   2   3   0   6   3   1  23   2   5   6   2  19   7   2   1   9  0.10 0.12
   19 L     0   0   0  -2  -2  -1  -2  -1  -1   0   1  -2   1   2   0   1   0   0   0   0    9   8   6   1   0   1   0   3   2   7  15   0   4  12   5  13   5   1   2   6  0.07 0.08
   20 A     2   1  -1  -2   0   0   0   0   0  -1  -1  -1   0  -2   1   2   0  -3  -2  -1   20  10   0   0   2   4   6   5   3   5   6   1   2   1   6  23   5   0   0   2  0.16 0.13
   21 S     1   0   0  -1  -3   0  -1   1   0  -2   0  -2  -2  -2   1   3   1  -3   1  -2   12   5   4   1   0   3   1  10   2   1  10   0   0   1   6  29   7   0   6   2  0.19 0.16
   22 G     0   1   0  -2  -3  -1  -2   3  -1  -2  -2  -1  -2  -1   0   0   0   0   1   1    8  11   4   0   0   3   0  29   1   1   2   1   0   2   4   9   5   1   8  12  0.22 0.15
   23 R     0   2   0   1  -2   0   0  -1   1   0  -1   0   0   0  -1   0   0  -2   0   0   11  17   4   9   0   4   2   3   5   6   6   3   1   6   2   7   6   0   4   6  0.06 0.06
   24 A     1   0   0   0  -2   1   0   1   0  -1  -1  -1  -1   0   1   1   0   1  -1  -1   11   7   2   7   0   8   4   9   2   2   4   0   1   4   9  16   5   3   2   6  0.10 0.08
   25 P     0  -1  -1  -1  -2   2  -2   0   0  -2  -2  -1  -1   1   5   1  -1  -3  -1  -1    5   3   3   3   0  10   0   6   2   2   2   2   1   7  31  12   1   0   2   6  0.45 0.19
   26 R     0   3   0  -1  -2   0  -1  -2  -1   0   0   0   0   0  -2   1   0  -1  -1   0   10  22   6   2   0   4   1   0   1   6  10   5   2   4   1  10   6   1   1   6  0.11 0.10
   27 R    -1   5   0  -1  -1  -1  -2  -2  -1  -1  -1   0   0  -2  -3   0   1   2   2  -1    3  38   4   2   1   1   0   2   1   3   6   3   2   1   0   8   9   3   7   4  0.35 0.21
   28 A     1  -1  -2  -2  -1  -2  -1   0   2  -1   0  -2  -1   2  -1  -1   0   3   4  -1   16   2   1   2   1   1   3   8   5   2   8   1   1  10   3   4   6   3  23   2  0.23 0.16
   29 S     0   2  -1   0  -3   0   1  -2  -1   0  -1   1  -1  -1   2   1   0  -3  -1   0    8  17   2   5   0   2   9   2   1   7   5   8   1   3   9  10   5   0   1   7  0.12 0.08
   30 S     1   1  -2  -2  -2   0  -1  -2   1   2   0   0  -1   0   1   1   0  -3  -1   0   15   9   0   1   0   5   3   1   4  17   6   3   1   4   5  15   5   0   1   4  0.10 0.11
   31 G     0   1   0  -1  -3   0  -1   3  -2  -1  -2   0  -2  -1   1   2   1  -2  -2  -1    7   9   5   2   0   3   1  26   1   3   2   3   0   3   7  16   8   0   0   5  0.23 0.14
   32 L    -1  -2  -3  -3  -3  -3  -3  -3  -3   2   3  -3   1   0   3  -2   0  -2  -1   1    4   2   1   1   0   0   0   1   0  15  35   0   3   4  14   1   7   0   1  11  0.38 0.22
   33 P     1  -2  -4  -4  -4  -3  -3   0  -3   1  -1  -2  -3  -2   6  -2  -1   3  -3   0   11   2   0   0   0   0   0   7   1  10   5   2   0   2  46   1   3   5   0   5  0.91 0.37
   34 R     0   0  -2  -2  -2  -2  -3  -2  -1   2   2  -1   2   0  -3  -1   0   0  -2   2   10   7   1   1   0   1   0   2   1  10  25   2   7   5   1   3   5   1   1  19  0.19 0.16
   35 N     1   1   6  -2  -2  -2  -3  -1   2  -3  -1  -2  -3  -3  -4   1  -1  -5  -4  -3   14   7  45   0   1   0   0   4   5   1   8   1   0   1   0  10   2   0   0   1  0.71 0.40
   36 T    -1  -2  -2  -4  -4  -3  -3  -1  -3  -2   0  -1  -1   2  -4   3   3   6  -1  -1    3   1   1   0   0   1   0   4   0   2   9   3   1   8   0  26  24  13   1   3  0.59 0.39
   37 V    -1  -5  -3  -4   3  -4  -4   5  -5   1  -1  -4   1   0  -4   1  -1  -5  -4   0    4   0   0   0   7   0   0  44   0   7   4   0   4   5   0  12   3   0   0   8  0.70 0.40
   38 V    -3  -5  -7  -7  -2  -6  -6  -7  -6   6   1  -6  -1   3  -6  -6  -3  -5  -4   4    1   0   0   0   1   0   0   0   0  42  11   0   1  13   0   0   1   0   0  31  1.29 0.60
   39 L    -2   5   1  -4   0  -1  -3  -5  -1  -1  -2   4  -1  -2  -5  -3  -2  -1  -1   1    2  36   6   0   2   1   1   0   2   3   4  26   1   2   0   1   2   1   2   9  0.78 0.48
   40 F    -4  -3  -5  -7  -4  -3  -6  -7  -6   6  -1  -4  -1   2  -5  -5  -1  -6  -4   4    1   2   0   0   0   1   0   0   0  51   4   1   1   9   0   0   3   0   0  26  1.31 0.63
   41 V    -3  -7  -7  -5  -2  -7  -6  -8  -7   4  -1  -5  -2  -4  -7  -5  -4  -7  -6   7    1   0   0   1   1   0   0   0   0  18   4   0   0   0   0   1   0   0   0  72  1.82 0.83
   42 P    -3   2   1  -2  -7   2  -3  -4   1  -7  -5   1  -6  -5   7  -1  -3  -4  -3  -5    1  11   6   2   0   8   1   1   3   0   1  10   0   0  49   4   1   0   1   0  1.30 0.68
   43 Q    -3  -4  -3  -2  -7   8   4  -4   0  -7  -5  -3  -4  -8   0  -3  -2  -7  -6  -7    2   0   1   2   0  59  24   1   2   0   1   0   0   0   4   1   2   0   0   0  1.78 0.91
   44 Q     0  -1   0  -4  -5   3  -3   3  -1  -4  -5   1  -3  -1  -4   1  -1   1   5  -4    9   2   4   0   0  13   1  20   1   1   0   8   0   2   0   9   3   1  25   1  0.63 0.45
   45 E    -4  -1   1  -1  -4   2   5  -5   3  -5  -5   1  -2  -2  -5   0   0  -3   1  -5    0   3   5   3   0   8  44   0   6   0   0   9   1   2   0   5   6   0   5   0  0.84 0.53
   46 A     3   4  -2  -4   0   1   0  -3  -3  -2  -3   0  -3  -2  -4  -2  -2  -5  -4   2   29  27   1   0   2   6   7   1   0   2   1   5   0   1   0   1   1   0   0  13  0.58 0.43
   47 W     1  -2  -4  -4   1  -4  -4   3  -2  -1  -2  -2   1   1  -5  -3  -4   6   4   0   14   2   0   0   3   0   1  26   1   3   4   3   4   6   0   1   0  13  14   6  0.68 0.42
   48 V    -2  -4  -3  -6  -3  -5  -6  -6  -6   4   1  -6   0  -4  -6  -4  -1  -2  -3   6    2   1   2   0   0   0   0   0   0  23  13   0   2   0   0   0   3   1   1  52  1.21 0.60
   49 V    -4  -2  -6  -7  -5  -5  -6  -7  -3   5   0  -3  -2  -4  -6  -5  -3  -6  -4   6    1   2   0   0   0   0   0   0   1  29   7   2   1   0   0   0   1   0   0  57  1.48 0.70
   50 E    -5  -5  -5  -3  -7  -1   7  -6  -3  -3  -2  -3  -3   5  -6  -4  -1  -6  -3  -4    0   0   0   0   0   2  64   0   1   1   4   1   0  21   0   0   3   0   1   1  1.62 0.83
   51 R    -5   8  -5  -6  -8  -3  -5  -7  -3  -5  -5  -2  -1  -2  -7  -4  -2  -3  -4  -4    1  86   0   0   0   1   0   0   0   1   1   1   2   2   0   1   3   0   0   1  2.43 1.04
   52 M    -5  -4  -7  -7  -4  -6  -6  -5  -6  -2   5  -6   3   6  -7  -5  -5   1  -2  -3    0   1   0   0   0   0   0   1   0   1  51   0   6  35   0   1   0   2   0   1  1.56 0.72
   53 G    -5  -7  -4  -6  -7  -5  -5   7  -4  -8  -6  -4  -7  -7  -7  -4  -6  -7  -7  -7    0   0   0   0   0   1   1  94   0   0   1   1   0   0   0   1   0   0   0   0  2.60 1.04
   54 R    -3   6  -3  -4  -7   0  -3  -5  -2  -6  -6   6  -3  -7  -5  -2  -4  -7  -5  -5    2  38   1   0   0   3   1   0   1   0   0  48   1   0   0   3   1   0   0   1  1.61 0.77
   55 F    -5  -4  -5  -5  -3  -6  -6  -7  -2  -2   0  -5  -4   6  -6  -4  -4  -2   8  -1    1   1   0   1   1   0   0   0   0   2  10   0   0  28   0   1   1   0  48   5  1.80 0.80
   56 H    -1   2   1  -1  -3   1  -2  -3   6   0  -2   1  -2  -3  -1   1   0  -2  -1  -1    5  10   7   3   0   6   2   1  22   5   4   7   1   0   3  10   6   1   2   6  0.37 0.29
   57 R    -1   6  -3  -2  -4  -1  -1   2  -1  -5  -5   4  -4  -6  -3  -1  -1  -6  -5  -4    4  39   1   2   0   2   3  14   2   0   0  22   0   0   1   4   4   0   0   1  0.90 0.52
   58 I    -1  -3  -3  -3  -2  -1  -3  -4  -4   2  -2  -1   0  -3  -3  -2   5  -6  -3   3    4   1   1   1   1   2   1   1   0  12   3   4   3   1   1   1  42   0   1  19  0.76 0.50
   59 L    -1   2  -5  -5   0  -2  -3  -5  -2   0   5   1   1  -3  -3  -4  -4   1  -3  -1    5  11   0   0   2   2   1   0   1   4  53   9   2   0   1   0   0   2   1   4  0.73 0.45
   60 E    -2  -1   2   1  -5   1   3   3   1  -4  -4   0  -3  -4  -1   0   1  -5  -4  -4    3   3  10   9   0   6  20  22   3   1   2   6   1   0   2   5   9   0   0   0  0.41 0.30
   61 P     1  -4  -4  -4  -6  -2  -3  -2  -6  -6  -6  -3  -6  -7   7   1  -2  -7  -6  -5   11   1   1   1   0   2   1   4   0   0   0   1   0   0  63  12   2   0   0   1  1.79 0.82
   62 G    -4  -6  -5  -6  -3  -4  -6   8  -6  -7  -7  -5  -7  -7  -6  -4  -6  -7  -7  -7    1   0   0   0   1   1   0  95   0   0   0   1   0   0   0   1   0   0   0   0  2.62 1.03
   63 L    -4  -5  -6  -6  -4  -5  -6  -5  -5   3   5  -5   1   2  -3  -4  -2   2  -3   1    1   0   0   0   0   0   0   1   0  18  53   0   3   9   2   1   2   3   0   7  1.03 0.52
   64 N    -2   1   5  -4  -1  -1  -3  -4   7  -1  -5  -3  -3   0  -4  -1   1  -1  -1  -1    3   8  25   0   1   2   1   1  28   4   0   1   0   4   0   4   9   1   2   5  0.90 0.52
   65 I    -4  -5  -6  -6  -3  -5  -6  -6  -5   3   2  -5   2   7  -5  -5  -3   4   0   0    1   1   0   0   0   0   0   0   0  16  16   0   4  42   1   0   1   6   2   6  1.20 0.58
   66 L    -3  -2  -4  -6   0  -4  -5  -6  -5   4   4  -1   1  -2  -5  -5  -2  -5  -2   3    2   3   1   0   2   0   0   0   0  28  35   4   2   1   0   0   1   0   1  20  0.87 0.47
   67 I    -2  -4  -4  -6  -5  -5  -6  -6  -4   6   1  -5   1   1  -2  -5  -2   2  -3   3    3   1   1   0   0   0   0   0   0  45  13   1   3   4   2   0   2   3   0  21  1.05 0.53
   68 P    -5  -5  -7  -6  -7  -6  -6  -7  -3  -7  -6  -6  -7  -8   9  -6  -4  -2  -7  -5    1   1   0   0   0   0   0   0   1   0   1   0   0   0  92   0   1   1   0   1  3.17 1.28
   69 V    -3  -5  -6  -6   1  -4  -6  -1  -5   3   1  -5  -1   6  -3  -4  -4  -1   1   2    2   0   0   0   2   1   0   6   0  16  12   1   1  39   2   1   1   1   3  13  0.98 0.51
   70 L    -2  -4  -6  -6  -4  -5  -5  -5  -5   5   2  -5   1   1  -5  -4  -3  -5  -2   4    3   1   0   0   0   0   0   1   0  33  17   0   3   6   0   1   1   0   1  31  1.00 0.51
   71 D    -5  -5  -2   7  -7   1   3  -4   1  -5  -6  -4  -4  -6  -5  -4  -4  -7  -2  -6    1   0   1  64   0   6  17   1   3   1   0   0   1   0   0   1   1   0   2   0  1.78 0.83
   72 R    -2   6  -1  -3  -5   2  -1  -4   0  -4  -5   3  -3  -4  -5   1   0  -2  -2  -3    2  40   3   1   0   8   2   1   3   1   0  16   0   1   0  11   7   1   1   2  0.88 0.53
   73 I    -2  -4  -4  -4  -3  -3  -4  -3  -5   5   1  -3   3  -3   0  -4  -2  -3  -3   4    3   1   1   1   0   1   1   2   0  35  10   2   7   1   4   1   2   0   1  26  0.81 0.46
   74 R     3   3  -2  -2  -3   1  -1  -1   1  -1  -3   1  -2  -3  -3   0  -1  -2  -2   1   23  21   1   1   0   5   3   3   3   3   2  10   1   1   1   6   3   0   1  11  0.33 0.28
   75 Y    -1   2  -2  -3  -3  -2  -2  -4   2  -2  -2   3  -1   1  -2  -2  -2   1   6  -2    5  11   2   1   1   1   2   1   5   3   4  16   1   5   2   3   2   1  31   3  0.67 0.43
   76 V    -2   2  -2  -3  -1  -1   0  -3  -3   1  -1   2  -2  -2  -3  -3  -1  -4  -2   5    3  11   2   1   1   2   5   1   1   7   4  13   1   1   1   1   4   0   1  41  0.50 0.36
   77 Q    -1  -1  -1   0  -1   2   0  -1   4   1   0  -1   0  -1  -1  -1  -1   0   0   2    5   2   2   5   1  10   4   4  15  10   7   3   3   2   3   3   3   2   3  15  0.16 0.15
   78 S    -3  -3   2   5   0  -3  -1  -3  -1  -3  -4  -3  -4  -3  -3   4   2  -5  -4  -3    1   1  10  31   2   0   2   1   1   1   2   0   0   1   1  31  10   0   0   1  0.83 0.51
   79 L    -3  -2  -4  -4  -4  -2  -3  -5  -4   2   4  -3   5  -2  -4  -3   1  -4  -3   1    1   2   1   1   0   1   1   1   0   8  49   1  15   1   0   1   7   0   1   7  0.80 0.44
   80 K    -1   6  -2  -4  -5   1  -2  -4  -2  -4  -2   4  -1  -5  -3  -2  -1  -5  -2  -3    4  42   1   0   0   7   1   1   1   0   4  27   1   0   1   3   4   0   1   1  1.01 0.53
   81 E    -3  -4  -4   0  -5  -1   6  -5  -4   0  -4  -1  -1  -5  -4  -3   1  -5  -5   0    1   0   0   4   0   2  62   1   0   6   1   2   2   0   0   1   8   0   0   6  1.21 0.65
   82 I    -2   2  -2  -2  -2   4   2  -3   1   2  -1   0   0  -2  -3  -1   0  -4  -3   1    3  11   2   1   1  25  11   1   3  12   4   3   3   1   0   3   5   0   0  11  0.36 0.31
   83 V     2  -1  -2  -3  -1   0  -3  -2  -1   0  -1  -2   1  -1   1  -1   2  -2  -2   3   17   3   1   1   1   5   1   2   1   5   3   1   3   2   6   3  16   1   1  27  0.31 0.28
   84 I    -2  -2  -4  -2  -2  -1  -3  -3  -2   4   2  -2   3   1  -4  -2  -1  -1   0   2    2   2   0   2   1   2   1   1   1  25  24   2   8   5   0   2   3   1   3  15  0.41 0.26
   85 N    -2  -1   2   5  -5   0   1  -3  -1  -3  -4  -2  -2  -5   3   0  -1  -5  -4  -3    3   4   9  37   0   3  10   2   1   1   1   2   1   0  13   8   2   0   0   2  0.69 0.41
   86 V    -2  -1  -3  -3  -3  -2  -3  -3  -4   4   0  -3  -1   2  -2  -2   0  -4  -1   4    2   3   1   1   0   1   2   1   0  29   5   1   1  11   3   2   5   0   2  30  0.56 0.35
   87 P    -1   0  -2  -1  -5  -1   0  -3  -2  -5  -4  -1  -2  -3   7  -1  -2  -5  -3  -3    4   5   1   3   0   3   5   2   1   0   2   4   1   1  57   5   2   0   1   2  1.31 0.59
   88 E     0   1   0   0  -4   0   1  -2  -1  -2  -2   0  -3  -4   4   1  -1   0  -3  -2    9   9   5   4   0   4  10   3   2   2   3   5   0   0  26  11   3   1   0   2  0.41 0.25
   89 Q    -3   2  -1  -4  -1   8  -1  -5   0  -3  -3  -1  -1  -1  -4  -2  -2  -5  -2  -3    2  11   2   0   1  63   2   1   2   2   2   2   1   3   0   2   2   0   1   2  1.42 0.67
   90 S    -1  -1   0   2  -3   1   2  -2   1  -2  -3  -1  -1   0   2   2   0  -4  -2  -1    3   2   5  10   0   5  17   2   4   2   2   2   1   4  11  15   7   0   1   4  0.23 0.20
   91 A     2  -1  -1  -3   4  -2  -3   0  -3   1  -1  -2   0  -2  -3  -1  -1  -3   0   3   26   4   2   0  11   0   1   5   0   6   4   0   3   0   0   4   3   0   3  26  0.29 0.22
   92 V    -1  -1  -3  -4  -3  -1  -3  -4   0   5   0  -3   2   0  -3  -2  -1  -3   0   2    3   3   0   0   0   3   1   1   3  45   6   0   5   4   0   3   4   0   3  13  0.48 0.28
   93 T     0  -4  -3  -4   4  -3  -4   0  -4   1  -4  -3  -3  -4  -4   2   6  -4  -4  -3    8   0   0   0   7   0   1   9   0   9   1   1   0   0   0  12  49   0   0   1  0.92 0.41
   94 L     0   0   0  -2   2   1   0   0   2   0   0   0   1   1  -2   0   0  -2   1   0    6   6   6   0   6   6   6   6   6   6   6   6   6   6   0   6   6   0   6   6  0.04 0.09
   95 D    -5  -2  -1   8  -7  -4  -1  -5  -5  -6  -7  -4  -6  -7  -5  -4  -5  -7  -6  -6    0   2   1  91   0   0   2   0   0   0   0   0   0   0   0   0   0   0   0   0  2.58 0.97
   96 N    -4  -3   8  -3  -5  -3  -2  -2  -2  -6  -3  -3  -5  -6  -5  -1  -1  -6  -5  -5    1   1  79   0   0   1   2   2   1   0   3   1   0   0   0   4   3   0   0   1  2.01 0.83
   97 V     1  -3  -5  -5  -4  -3  -5  -4  -5   1   0  -3  -2  -4  -5  -2  -2  -5  -4   6   13   1   0   0   0   1   0   1   0   7   6   1   1   0   0   3   2   0   0  62  1.07 0.56
   98 T    -1  -2   1  -2  -3   1   0  -3  -2  -1  -2  -1   0  -4   2   2   4  -4  -2   0    4   2   6   1   0   7   4   1   1   3   4   2   3   0  11  18  26   0   1   6  0.35 0.31
   99 L    -1  -3  -5  -5  -1  -3  -5  -5  -5   4   2  -4   1  -2  -3  -4  -2  -5  -4   5    4   1   0   0   1   1   0   0   0  22  18   0   4   1   1   0   2   0   0  43  0.87 0.45
  100 Q     0   2   1   0  -2   2   1  -2   0  -2  -1   2  -1  -3  -3   1   1  -2  -2  -1    5  13   6   5   1  13   7   2   2   2   5  11   1   1   0  11  10   0   1   4  0.20 0.18
  101 I     0  -4  -5  -5  -2  -4  -5  -5  -5   5   0  -4   0  -2  -3  -3  -2  -5  -4   5    8   1   0   0   1   0   0   0   0  32   7   0   1   1   1   1   2   0   0  44  1.01 0.51
  102 D    -2  -2   3   7  -6  -3  -1  -2   0  -6  -5  -3  -5  -6  -4   0  -2  -6  -5  -4    3   2  11  66   0   1   2   2   2   0   1   1   0   0   0   5   2   0   0   1  1.51 0.69
  103 G     4  -3  -3  -4  -1  -3  -2   3  -4  -3  -2  -3  -3  -1  -1   0   0  -4  -3  -2   44   1   1   0   1   0   2  23   0   1   4   0   0   3   4   5   7   0   1   2  0.65 0.42
  104 V    -1  -5  -2  -5  -2  -1  -4  -5  -5   2   0  -4   1  -2  -5  -2  -2  -5  -2   6    4   0   2   0   1   3   1   1   0  10   6   1   3   2   0   2   2   0   1  61  1.03 0.55
  105 L    -1  -5  -5  -5   1  -4  -5  -5  -5   3   3  -5   1  -1  -5  -2  -2  -4  -2   5    3   0   0   0   3   0   0   0   0  14  28   0   2   2   0   3   1   0   1  38  0.82 0.44
  106 Y    -5  -4  -3  -6  -2  -5  -5  -6   0  -3  -2  -3  -1   5  -6  -4  -3   2   8  -3    0   1   1   0   1   0   0   0   2   1   3   2   1  19   0   1   2   2  60   2  1.95 0.83
  107 L    -3  -5  -4  -4  -1  -4  -4  -5  -1   1   0  -5   0   6  -5  -3  -3   5   5   1    2   0   1   1   1   0   1   0   1   7   9   0   2  30   0   1   2   7  23  11  0.99 0.49
  108 R    -3   5  -2  -2  -5   4  -1  -5   1  -4  -4   4  -2  -5  -4  -3  -2  -5  -2  -3    1  34   2   2   0  18   3   0   3   1   1  25   1   0   0   1   2   0   1   2  1.02 0.56
  109 I    -3  -4  -6  -4  -1  -5  -6  -6  -6   5  -2  -4  -1  -2  -2  -5  -3  -6  -2   6    1   1   0   1   1   0   0   0   0  33   2   1   1   2   2   0   1   0   1  50  1.39 0.65
  110 M    -1  -3  -2  -2  -1  -1  -1  -4  -1   2  -1  -1   2   1  -3  -1   3  -4  -2   4    3   1   2   2   1   3   4   1   2  11   5   4   5   5   1   3  18   0   1  29  0.37 0.30
  111 D    -4  -3   3   7  -2  -2   0  -4  -2  -6  -7  -3  -6  -3  -5  -2  -3  -7  -6  -5    1   1  11  68   1   1   5   1   1   0   0   1   0   1   0   3   1   0   0   1  1.78 0.81
  112 P     3  -5  -5  -2  -5  -5  -5  -4  -2  -2  -2  -5  -1  -3   7  -1  -2  -6  -6  -2   22   0   0   2   0   0   0   1   1   2   5   0   1   1  53   4   2   0   0   3  1.43 0.71
  113 Y     0   0  -1  -2  -2   0   1  -2   0   0  -2   2   1   0  -3  -1   0  -1   4   1    8   5   3   1   1   4  11   2   2   6   2  12   4   3   1   3   4   1  16   9  0.21 0.21
  114 K     0   3   0  -1  -2   1  -1  -3  -1  -2   0   5   0  -3  -2  -1  -2  -5  -2  -2    7  14   4   4   1   5   3   1   1   2  10  36   2   1   2   3   1   0   1   2  0.44 0.34
  115 A     5  -4  -2  -4   0  -4  -4  -2  -1  -2  -3  -2  -3   0  -4   0   0  -4   1   1   58   0   2   0   2   0   0   2   2   2   2   2   0   3   0   6   5   0   4   9  0.82 0.50
  116 S     0  -2  -2  -2   0  -1  -2  -3   0   2   0  -2   0   0  -1   1   1   0   0   3    8   2   1   1   2   2   2   0   3  11   6   1   2   3   3  15   7   1   4  26  0.20 0.20
  117 Y    -1  -4  -2  -5   0  -2  -4  -5  -2   1  -1  -4   1   1  -5  -2  -1  -2   7   1    5   0   3   0   2   2   0   0   0   9   5   0   4   5   0   3   3   0  47  10  1.01 0.51
  118 G    -1   0   2   0  -1   1   3   3   0  -4  -4   1  -1  -4  -3  -1  -1  -4  -1  -1    4   5  11   3   2   7  21  23   2   0   1   7   2   0   0   4   2   0   2   4  0.34 0.25
  119 V    -1  -4  -1  -4   0  -4  -2  -2  -4   3  -1  -4   0  -3  -4  -2  -1   1  -3   5    4   0   3   0   2   0   3   3   0  17   3   0   2   0   0   3   3   2   0  53  0.80 0.44
  120 E    -1   0   0   1  -1   3   4  -1   0  -2  -2   0  -1  -2  -3   1  -1  -4  -1  -2    5   4   4   7   1  13  30   4   2   2   2   4   2   2   0   9   3   0   2   3  0.34 0.26
  121 D    -4  -2   6   6  -3  -3  -1  -3  -1  -5  -6  -2  -4  -5  -5  -2  -3  -6  -4  -5    1   2  44  39   1   1   2   1   1   1   0   2   0   0   0   2   1   0   0   1  1.51 0.67
  122 P    -1  -3  -5  -5  -2  -4  -4  -5   0  -1   1  -4  -2   2   4  -2  -3  -1   6   0    6   1   0   0   1   0   0   0   2   3  17   0   1   8  21   2   1   1  28   8  0.78 0.44
  123 E    -1   1  -1   0  -2   0   2  -2   1   2   0   0   0  -1   0  -1  -1  -2   0   0    3   9   3   4   1   4  19   2   3  16   7   5   3   2   5   2   3   0   4   6  0.13 0.15
  124 Y    -1   0  -1   0  -1   2   0  -1   1  -2  -1  -1   0   3  -2  -1  -1   1   4  -1    6   4   2   5   1  10   6   5   3   1   6   3   2  13   1   4   3   2  18   4  0.19 0.18
  125 A     6  -2  -2  -4  -2  -1  -3   0  -4  -4  -3  -4  -4  -5  -3   2  -2  -5  -3  -3   68   2   1   0   1   2   1   6   0   0   2   0   0   0   1  13   1   0   1   1  1.17 0.61
  126 V    -1  -4  -4  -5  -3  -4  -4  -4  -5   5   1  -4   2  -1  -4  -2   1  -4  -3   4    5   0   0   0   0   0   0   1   0  34  13   0   5   2   0   2   9   0   0  28  0.73 0.39
  127 T     0   1  -1  -1  -3   1   2  -1  -1   1  -1   0   0  -2  -3   1   1  -1  -1   1    6   7   1   2   0   5  17   3   1  12   4   4   2   1   0  12  11   1   2   9  0.13 0.16
  128 Q    -2  -2   3  -1  -1   6   0  -3  -1  -2  -1   0  -2  -4  -4   0   0  -5  -2  -3    2   1  16   2   1  44   3   2   1   3   6   6   1   1   0   5   5   0   1   1  0.79 0.48
  129 L    -3  -3  -5  -4  -4  -3  -4  -5   0   2   5  -3   1   0  -1  -2  -2  -4  -1   0    1   1   0   1   0   1   1   0   2   8  63   2   2   2   3   3   2   0   2   5  0.77 0.41
  130 A     5  -1  -4  -4   0  -3  -3  -1  -4   0  -1  -3  -3  -2  -4   0   1  -5  -4   2   49   3   0   0   2   0   0   3   0   4   5   0   0   1   0   4   9   0   0  17  0.62 0.41
  131 Q    -1   0  -2  -3  -1   6   0  -3   2  -1  -1   0   2  -3  -4   0   0  -1  -3  -2    6   3   1   0   1  45   3   1   5   3   6   5   5   1   0   5   5   1   0   2  0.69 0.45
  132 T     1  -4  -2  -1  -2  -4  -4  -1  -4  -3  -4  -4  -4  -5  -1   1   6  -5  -5  -1    9   0   1   3   1   0   0   4   0   1   0   0   0   0   3  11  62   0   0   4  1.10 0.59
  133 T     0   0   0  -3  -3   0  -2  -3   1  -1  -3  -2  -1  -3  -3   1   5  -5  -3   0    9   5   5   0   0   4   2   1   3   3   2   1   1   1   0  11  46   0   1   6  0.61 0.41
  134 M    -2  -4  -5  -3   1  -4  -4  -5  -5   2   4  -4   6  -1  -5  -3  -2  -4  -3   0    2   0   0   2   3   0   0   0   0  10  47   0  25   1   0   1   2   0   0   6  0.96 0.47
  135 R    -2   8  -2  -2  -3   0  -3  -4  -1  -6  -4   0  -2  -6  -2  -4  -4  -6  -5  -4    3  78   1   2   1   3   0   1   1   0   1   4   1   0   2   0   0   0   0   1  1.75 0.73
  136 S     1  -1   3   1  -1   0   0  -2  -1  -3  -4  -1  -3  -4  -3   4   1  -5  -4  -3    9   3  17   9   1   4   4   2   1   1   1   3   0   0   0  36   7   0   0   1  0.51 0.36
  137 E     0  -2  -1  -1  -2   1   4  -3  -3   2  -1  -2  -1  -2  -3  -1  -1  -4  -3   3    6   1   2   3   1   7  29   1   0  13   3   1   1   1   0   2   3   0   0  26  0.41 0.32
  138 L    -2  -4  -4  -4   0  -4  -4  -3  -4   5   2  -4   2   1  -4  -2  -2  -4  -1   3    2   0   0   0   2   0   0   2   0  43  16   0   4   5   0   2   2   0   1  18  0.72 0.37
  139 G     0  -4  -1  -4   0  -4  -3   7  -4  -5  -5  -4  -5  -5  -4  -1  -1  -5  -5  -5    6   0   2   0   2   0   2  76   0   0   1   0   0   0   0   4   3   0   0   0  1.55 0.61
  140 K    -1   2   1   0  -4   3   1  -1   0  -2  -3   4  -1  -4  -2   0   0  -4  -3  -3    4   9   6   5   0  13   7   5   2   2   2  32   1   0   1   5   6   0   0   0  0.41 0.28
  141 L    -1   0  -1  -2  -1  -1  -2  -4   0   2   2  -1   5   0  -4   0  -1  -3   2  -1    3   5   2   2   2   2   2   0   3  13  18   5  21   4   0   7   3   0   7   2  0.32 0.27
  142 S    -2  -1   0   3  -4   0   2  -2   0  -2  -3  -1  -1  -1  -1   1   3  -4  -3  -1    2   2   5  17   0   3  15   2   2   2   2   3   2   3   3  11  22   0   0   4  0.32 0.27
  143 L    -2  -4  -5  -5  -4  -4  -5  -3   0   0   5  -2   2   3  -5  -2  -4  -3   0  -1    3   0   0   0   0   0   0   3   2   3  59   3   4  13   0   3   0   0   3   3  0.87 0.47
  144 D    -2  -2   0   6  -5  -1   2  -2   0  -5  -5  -1  -1  -1  -4   0  -1  -5  -4  -3    3   2   3  54   0   3  10   2   2   0   1   3   2   3   0   6   3   0   0   2  1.00 0.51
  145 K    -1   1   0   3  -4   2   4  -3   0  -2  -3   1  -2  -2  -3  -1   0  -4  -2  -1    3   8   3  17   0  11  25   1   2   2   1   9   1   1   0   3   6   0   1   4  0.42 0.29
  146 V     0  -3  -3  -3   1  -3  -3  -2  -3   1   1  -3   1  -1   0   0   3  -3  -3   3    7   1   0   1   3   0   1   3   0   8  14   1   3   2   4   5  24   0   0  23  0.34 0.27
  147 F    -2  -2  -1  -5  -4  -1  -4  -5   1   1   3  -4   1   5  -5  -1  -3  -3   2  -1    3   2   3   0   0   2   0   0   4   6  34   0   3  27   0   4   0   0   6   3  0.67 0.39
  148 R     1   0  -1  -1  -1   0   1  -1   0  -1  -2   0  -1  -2   0   3   2   0  -1  -2   11   5   2   2   1   3  11   3   2   4   2   4   2   2   5  24  12   1   2   2  0.20 0.21
  149 E     0   0   2   0  -4   0   4   0   1  -4  -3   0  -1  -4  -3   2  -1  -4  -4  -2    9   5   8   4   0   4  29   6   3   0   2   5   2   0   0  17   2   0   0   3  0.40 0.31
  150 R     0   1   1  -2   2   1   0   0   2   0   0   0   1  -2  -2   0   0  -3  -2   0    7   7   7   0   6   7   7   7   6   7   7   7   6   0   0   7   7   0   0   7  0.07 0.11
  151 E     0  -1   1   2  -3   0   2   0   1  -1  -2   0   0  -1   0   0   0  -3  -2  -1    8   0   7  12   0   3  16   8   4   3   3   7   3   3   3   6   7   0   0   4  0.13 0.14
  152 S     0   1   0  -1  -4   2   3  -2   1  -2  -2   1  -1  -2  -2   1   1  -4  -1  -1    6   9   4   2   0   9  22   2   3   2   4   8   1   1   1  10  10   0   2   3  0.24 0.22
  153 L    -3  -4  -2  -5  -4  -4  -5  -5  -5   5   4  -3   2  -1  -5  -2  -2   2  -4   0    2   0   2   0   0   0   0   0   0  34  40   2   4   1   0   3   2   2   0   4  0.91 0.49
  154 N    -1  -1   7  -1  -5  -1  -2  -1   1  -2  -5  -1   0  -5  -5   0  -1  -6  -5  -2    4   3  55   3   0   3   3   4   3   3   1   3   2   0   0   7   3   0   0   3  1.15 0.65
  155 A     1   1   0   1  -3   2   1  -1   0  -1  -1   1   0  -1  -3   0   0  -3  -1   0   14   7   4   8   0  11   8   3   3   4   4   9   3   2   0   6   6   0   2   6  0.12 0.15
  156 S     0   1   2   0   0   1   0   0   0  -1  -1   1   0  -1  -1   0   0  -3  -1  -1    9   9  11   4   2   8   7   8   3   4   5   9   2   2   2   5   7   0   2   3  0.08 0.09
  157 I    -1   1  -2  -3   3  -2  -2  -3  -1   1   1  -1   2   2  -3  -2  -1  -1   2   1    1  12   0   1  11   0   1   1   0  12  12   1  11  12   1   1   1   0  11  12  0.18 0.09
  158 V    -2   2  -2  -2   2   1   0  -1  -1  -1   1   0   1  -2  -4  -2  -1   2  -2   2    2  12   1   1   4   8   8   6   1   2  12   6   4   1   0   2   3   3   1  20  0.18 0.18
  159 D     0   1   1   0   2   1   2  -1   0  -1  -1   1   0  -1  -1   0   0  -3  -1  -1    9   6   9   5   5   5  16   5   2   3   6   7   2   2   2   4   5   0   2   3  0.10 0.11
  160 A     1   0   0   1   1   0   1  -1   0   0  -1   0   1  -1  -2   0   0  -3   0   0   13   3   3   8   4   5  10   3   3   6   6   5   5   3   0   9   4   0   3   6  0.05 0.07
  161 I    -1  -4  -4  -4   2  -4  -4  -4   2   4   3  -4   2   1  -4   0   0  -4  -3   1    5   0   0   0   5   0   0   1   5  23  24   0   6   5   0   8   5   0   0  10  0.48 0.28
  162 N    -1  -1   3   4  -4   0   1  -1   0  -2  -1   0   0  -4  -3   0   0  -4  -2  -2    4   2  18  27   0   4   9   4   2   3   6   4   2   0   0   5   5   0   2   2  0.40 0.29
  163 Q     0   1   0   1  -1   1   2   0   0  -1  -2   1  -1  -3  -1   0   0  -4  -3  -1    7   9   4   7   2   4  17   7   3   6   4  10   2   0   3   7   5   0   0   3  0.14 0.13
  164 A     3   0  -3  -1  -3   0   1  -2   0   0  -2  -2  -2  -2   1   1   0  -1  -3   0   33   6   0   4   0   4   8   1   3   5   2   1   1   2   8   9   4   1   0   6  0.29 0.26
  165 A     3  -3  -1  -3   1   0  -2   0  -3  -2  -2  -3  -1  -1   1   1   3  -4  -3  -1   29   0   2   0   4   5   2   8   0   2   2   0   2   2   6  11  20   0   0   3  0.38 0.29
  166 D     1  -1   0   3  -1   0   2  -1   0   0  -1  -1  -1  -2  -3   1  -1   0  -1  -1   14   2   4  17   1   4  15   3   2   6   6   4   2   2   0  10   3   1   2   4  0.17 0.14
  167 C     1   2   1   1  -1  -1   1   0   0  -2  -2   0   1  -4   3   0  -1  -4  -2  -2   11  11   6   8   2   2  10   8   2   2   2   4   4   0  15   7   3   0   2   2  0.22 0.15
  168 W     0  -6   0  -6   2  -5  -6  -1  -5   0  -5  -6  -5   0  -6  -2  -5  11   1  -5    7   0   4   0   4   0   1   6   0   7   1   0   0   3   0   3   1  57   4   1  2.51 0.80
  169 G     1   1  -1  -1  -2   0   1   1  -1   0   0   0   0  -2  -2  -1  -1  -2  -2   1   15  15   1   1   0   1  15  15   0   1  16   1   0   1   1   1   1   0   0  15  0.08 0.04
  170 I    -1  -3  -3  -3   1  -3  -1  -2  -3   3   1  -3   1   0  -3  -1   0   2   0   3    4   0   0   0   3   0   4   3   0  25  10   0   4   3   0   4   4   3   3  29  0.35 0.24
  171 R    -1   2   0   0   0   1   1  -1   1  -1  -1   3   0  -3  -2   0   0  -3  -1  -1    3  10   2   3   2   5  11   4   5   3   6  25   2   0   0   4   7   0   2   5  0.18 0.17
  172 C     0  -2  -2  -2   3   1  -1  -2  -2   1   1  -1   2   1  -2   0   1  -2  -1   1   10   0   0   0   9   9   1   1   0  10  10   1   9   9   0  10  10   0   0  10  0.11 0.11
  173 L    -1   0   0   0   0   0   0  -1   0   0   1   0   1   0  -2   0   1  -2   0   0    3   5   5   6   3   4   5   5   3   7  14   4   5   5   0   8  11   0   3   4  0.03 0.06
  174 R     0   6  -1  -2   0   1  -1  -2   0  -1  -2   1   0  -2  -2  -1  -1  -5  -4  -2    6  43   3   2   2   6   2   3   2   4   4   5   2   2   2   4   3   0   0   2  0.61 0.38
  175 Y    -1  -4  -4  -4   2  -3  -4  -4  -1   2  -1  -4   0   0  -4  -2   0  -3   4   5    3   0   0   0   4   0   0   1   2  10   3   0   2   4   0   3   5   0  16  44  0.67 0.36
  176 E    -1   1  -1   0  -5   0   6  -2  -3  -4  -4   1  -4  -5  -3  -1  -1  -5  -4  -2    5   6   2   3   0   2  59   3   0   0   1   8   0   0   0   4   3   0   0   2  0.95 0.47
  177 I    -3  -2  -4  -4  -3  -4  -4  -5  -4   5   2  -4   1  -1  -4  -2  -1  -4  -3   2    1   3   0   0   0   0   0   1   0  47  20   0   3   2   0   3   3   0   0  14  0.77 0.37
  178 K    -2   3  -1  -1  -4   3   0  -1  -2  -3  -2   4  -2  -3  -3  -1   0   2  -3  -3    2  17   2   2   0  17   5   5   0   1   4  30   1   1   0   3   5   4   0   2  0.51 0.32
  179 D    -1   0   1   3  -3   0   1  -1   1  -1   0   0  -2  -3  -3   0   1   2   0  -1    4   4   5  23   0   4   6   5   4   4   9   7   0   0   0   4  12   3   3   3  0.18 0.15
  180 I     0  -2   1  -2  -2  -2  -2   1  -2   1   1  -2   2   1  -2  -1   1  -2  -1   1   11   1  10   1   0   0   1  11   0  11  11   1  10  10   1   1  11   0   0  11  0.08 0.08
  181 H    -1   0   1   1  -3   1   1  -2   2   0  -1   1   1  -2  -1   0   1   2  -1  -1    4   4   6   8   0   6   9   2   6   6   5   8   4   1   2   8  12   3   2   3  0.09 0.11
  182 V    -1   0  -4  -4  -4  -4  -4  -5  -4   0   2  -4   3  -1   6  -3  -1  -4  -1   1    5   5   0   0   0   0   0   0   0   5  21   0   7   3  37   0   3   0   3  10  0.83 0.41
  183 P    -2  -2   0   1  -5  -1  -2  -2  -4  -4  -3  -2  -1   0   6   1  -1  -5  -4  -1    3   2   5   7   0   2   2   3   0   0   2   2   2   4  47  10   3   0   0   5  0.95 0.45
  184 P     0   0  -1   1  -4   2   3  -1   1  -2  -2   1  -2  -1   2   0  -1  -4  -2  -2    9   5   2   6   0   8  19   4   3   1   3   9   1   3  11   5   3   0   1   2  0.22 0.20
  185 R     0   1   1   2  -2   1   3   0  -1  -3  -3   0  -2  -3  -1   1   0  -4  -3  -3    7   8   7  11   1   7  20   6   1   1   2   4   1   1   2  13   7   0   0   1  0.27 0.21
  186 V    -2  -4  -4  -5  -4  -4  -4  -5  -1   4   1  -1   5  -1  -4  -4   0  -4  -2   4    2   0   0   0   0   0   0   1   2  26   8   3  15   2   0   1   5   0   1  29  0.74 0.41
  187 K     0   2  -2  -2  -4   4   0  -2  -1  -1  -1   3   1  -3  -3  -1  -1  -4  -3   0    7  12   1   2   0  23   6   2   1   3   6  18   4   1   0   4   3   0   0   7  0.38 0.30
  188 E     0   3   1   2  -4   1   3  -2   0  -3  -3   1  -2  -5  -3  -1  -2  -5  -4  -2    9  20   6  10   0   6  25   3   2   1   2   8   1   0   1   2   1   0   0   3  0.46 0.32
  189 S     5  -2  -3  -3  -3  -2  -3  -2  -3  -2  -4  -3  -2  -5  -1   2   0  -5  -4  -2   60   1   1   1   0   1   1   1   1   2   1   1   1   0   2  17   5   0   0   2  0.95 0.57
  190 M    -2  -2  -2  -5   0  -1  -4  -2  -4   0   1  -1   9  -1  -5  -3  -2  -4  -4  -1    2   2   2   0   2   2   0   4   0   5   8   5  59   2   0   2   2   0   0   2  1.39 0.69
  191 Q     1   0   1   0  -4   2   4  -2   2  -2  -3   0  -1  -4  -3   0  -1  -4  -2  -2   15   5   6   2   0   8  33   3   5   2   2   4   1   0   0   6   3   0   1   2  0.38 0.30
  192 M    -1   3  -1  -1  -4   2   0  -2  -1  -2   0   3   4  -2  -3  -1  -1  -4  -3  -1    4  16   2   4   0  11   5   3   1   2  10  20  13   1   0   3   3   0   0   2  0.29 0.26
  193 Q    -2   0  -3  -3  -4   7   2  -1   1   0  -1   0   0  -4  -4  -3  -3  -4  -4  -1    3   3   0   0   0  52  12   4   3   5   6   3   2   0   0   1   0   0   0   4  0.91 0.55
  194 V     2   1  -1  -2  -2   0  -1  -2  -3   1   0  -1   4  -2  -1  -1   0  -3  -3   1   25   7   3   2   0   4   2   2   0   8   9   2  14   0   2   2   4   0   0  12  0.20 0.22
  195 E     1   1   0  -1  -1   0   4  -2  -2  -1  -2   1  -1  -2  -3   0   1  -4  -3  -1   11   9   4   2   1   3  32   2   0   3   3   7   1   2   0   8   9   0   0   4  0.31 0.27
  196 A     6  -4  -1  -4  -3  -3  -2  -1  -4  -4  -2  -2  -3  -4  -3   0  -1  -5  -4  -2   72   0   4   0   0   0   3   4   0   0   3   2   0   0   0   5   4   0   0   2  1.07 0.58
  197 E    -2  -2  -1   1  -5   1   6  -2  -3  -3  -3  -1  -1  -4  -4  -1  -1  -5   0  -3    3   2   2   7   0   4  62   3   0   1   2   3   2   0   0   3   3   0   3   1  0.99 0.54
  198 R    -2   7   0  -1  -1  -1  -2  -2   0  -2  -1  -1  -3  -5  -4  -1  -3  -5  -2  -4    3  63   4   3   2   2   2   3   2   3   6   2   0   0   0   3   1   0   1   0  1.12 0.58
  199 R    -2   2   1   1   0   2   3  -3   0  -2  -2   2  -2  -4  -3  -1   0  -2  -2  -3    2  10   8   8   3   7  25   1   2   2   3  16   1   0   0   3   5   1   1   1  0.36 0.27
  200 K    -2   5  -1  -4  -5   0  -2  -1   0  -5  -2   5  -1  -5  -4  -2  -3  -5  -4  -4    3  31   2   0   0   2   0   4   2   0   3  45   1   0   0   3   1   0   0   0  1.03 0.54
  201 R    -3   7  -1  -3  -1   0  -1  -5  -3  -4  -3   0  -1  -3  -1  -1  -1  -5  -2  -3    1  62   2   1   1   3   4   0   0   1   2   4   1   1   4   4   3   0   1   1  1.16 0.59
  202 A     6  -2  -4  -1  -3  -1  -1  -2  -4  -4  -4  -2  -1  -5  -2   0   0  -5  -4  -1   66   1   0   4   0   2   4   2   0   0   0   1   2   0   2   6   5   0   0   4  0.95 0.55
  203 T     1   1   0  -1  -3   2   1  -2  -1   0  -1   1   1  -2  -2   0   1  -3  -1   0   15   9   4   3   0  10   9   0   1   6   6   9   4   1   1   6  10   0   1   5  0.12 0.14
  204 V    -2  -2  -2  -4  -3  -4  -1  -5  -4   5   0  -2   0   0  -4  -4  -2  -4  -2   4    3   3   2   0   0   0   4   0   0  42   6   2   2   3   0   0   2   0   1  28  0.78 0.42
  205 L    -1  -3  -2  -3  -3  -2  -2  -4  -1   2   4  -2   2  -1  -4  -2   1  -3  -2   0    5   1   2   2   0   1   3   0   1  14  45   2   5   1   0   2  11   0   1   4  0.45 0.31
  206 E     0   1   0   1  -4   2   4  -3  -1   0  -2   1   0  -2  -3  -1   0  -4  -2  -1    7   9   4   6   0   8  31   0   1   5   3   8   2   1   0   3   7   0   1   3  0.33 0.26
  207 S     5  -3  -2  -4   0   0  -3  -2  -4  -3  -4  -3  -4  -2  -3   4  -1  -5  -4  -3   50   1   1   0   1   3   0   1   0   1   1   0   0   2   0  33   2   0   0   1  0.97 0.57
  208 E    -2  -2  -2   1  -5   2   6  -4  -1  -4  -3   1  -3  -5  -2  -2  -2  -5  -4  -4    3   1   1   8   0   7  60   1   1   1   2   9   1   0   1   1   2   0   0   1  1.09 0.54
  209 G     3  -2  -3  -2  -4  -2  -3   6  -4  -3  -4  -3  -4  -5  -4  -2  -3  -4  -4  -3   22   2   0   2   0   2   1  62   0   2   1   1   0   0   0   1   1   0   0   1  1.22 0.54
  210 T    -1   1  -1   1  -2   2   4  -2  -1   0  -1   1  -1  -2  -3  -1   0  -3   0  -1    4   6   2   8   1   8  31   3   1   5   7   7   1   1   0   2   5   0   3   5  0.26 0.21
  211 R    -1   5  -2  -1  -2   0  -1  -3  -1  -2  -1   3   1  -1  -3  -1  -2  -4  -1  -2    5  36   0   4   1   4   1   1   1   2   7  23   4   3   0   3   1   0   2   3  0.57 0.35
  212 E    -1   1  -1   0  -3   6   4  -3  -2  -1  -3   0  -1  -4  -3  -2  -1  -4  -3  -3    4   7   2   4   1  36  25   1   1   4   1   5   1   1   0   1   4   0   0   1  0.76 0.46
  213 S     5  -2  -3  -2  -1  -2  -1  -2  -3  -3  -4  -1  -3  -4  -2   3  -1  -5  -2  -1   55   1   0   2   1   1   4   1   1   1   1   4   0   0   2  20   2   0   1   3  0.78 0.48
  214 A     3  -1  -1  -1  -2   1   2  -2   0  -2  -1   0   2  -2  -3   1   0  -4  -2  -1   32   2   2   3   0   8  13   1   3   2   4   4   6   2   0  10   5   0   1   3  0.28 0.25
  215 I    -2  -1  -3  -3  -2  -1   1  -3  -3   6   0   1   0  -3  -4  -3  -2  -4  -3   1    3   4   1   1   1   3   9   2   1  48   4   9   2   0   0   1   1   0   1   8  0.62 0.38
  216 N    -1   0   5  -1  -4  -1  -1  -3  -2   0   2   2   0  -2  -3  -1  -1  -4  -2  -2    4   5  33   2   0   1   4   1   0   5  19  13   3   1   0   3   4   0   1   2  0.45 0.32
  217 V    -1   2  -1  -2  -2   0   1  -3  -1   1   1   1   0  -2  -2  -1   0  -3  -2   1    4  11   2   1   1   4  11   1   1  11  19  11   2   1   1   2   7   0   1  11  0.15 0.16
  218 A     6  -3  -4  -4  -3  -3  -1  -1  -4  -4  -4  -3  -3  -4  -3   1  -1  -5  -4  -1   70   1   0   1   0   0   4   3   0   1   1   1   1   1   1  10   2   0   0   3  1.15 0.60
  219 E    -2  -1  -1   2  -5   1   6  -3  -2  -4  -3   0  -3  -4  -4  -2  -2  -5  -3  -4    2   3   3  10   0   6  58   2   0   1   2   6   1   1   0   1   2   0   1   1  1.05 0.54
  220 G     3  -3  -2  -2  -4  -2  -2   6  -4  -4  -4  -3  -4  -4  -1  -1  -2  -4  -4  -3   25   1   1   2   0   1   2  54   0   1   1   1   0   0   3   4   2   0   0   1  1.02 0.48
  221 K     1   1  -1   1  -3   1   3  -1   1  -1  -2   2  -1  -2  -2  -1  -1  -3  -2  -1   14   9   2   7   0   7  19   3   3   3   4  15   2   1   1   3   3   0   1   3  0.22 0.18
  222 K     0   3   0  -2  -2   0  -1  -3  -2  -3  -2   5   1  -2  -3  -1  -2  -4  -2  -3    9  13   4   2   1   3   2   1   1   1   3  45   4   1   1   2   2   0   1   2  0.66 0.38
  223 Q     0   1  -1   0  -3   5   2  -3  -1  -2  -2   0   2  -3  -3   0   0  -3  -1  -2    9   7   3   4   0  29  15   2   1   3   2   4   7   1   1   6   5   0   2   2  0.43 0.30
  224 A     4  -1  -2  -2  -2  -1   0  -1  -3  -2  -2   0   1  -3  -2   2  -1  -4  -3  -1   41   2   1   1   1   3   7   4   0   2   3   4   5   1   1  19   2   0   1   3  0.46 0.33
  225 Q     2   1  -1  -1  -3   3   0  -2   0  -1  -1   0   1  -3  -2   0   1  -3  -2   0   21   7   2   3   0  16   6   1   2   3   6   5   4   1   1   6   7   0   1   9  0.18 0.19
  226 I    -3  -1  -3  -2  -3  -2  -2  -2  -4   5   0  -1   1  -1   1  -3  -1  -3  -2   2    1   3   1   2   0   2   2   4   0  43   6   4   3   2   8   2   2   0   1  13  0.55 0.34
  227 L     1  -2   1  -3  -2  -1  -2  -3  -3   0   4  -1   1  -1  -2  -2  -1  -3  -2  -1   11   2   8   1   1   2   2   1   1   5  49   5   2   1   2   2   3   0   1   2  0.45 0.31
  228 A     2   2   0   0  -3   1   2  -2   0   0  -1   1   0  -3  -1   0  -1  -3  -2  -1   22  10   4   3   0   6  14   1   2   5   7   9   3   1   2   4   3   0   1   3  0.16 0.16
  229 S     5  -3  -2  -3  -3  -2  -2  -2  -3  -3   0  -3  -1  -4  -3   4   0  -4  -4  -3   44   1   1   1   0   1   1   2   0   1   9   1   1   0   1  29   4   0   0   1  0.74 0.46
  230 E    -2  -1  -2   0  -4   4   6  -4  -3  -3  -3  -1  -2  -4  -1  -2  -2  -4  -4  -2    4   3   1   5   0  18  51   1   0   1   2   3   1   0   3   2   2   0   0   3  0.97 0.52
  231 A     4  -3  -3  -2  -3  -2  -3   4  -3  -3   1  -2  -3  -4  -2  -1  -2  -4  -4  -2   36   1   1   2   0   1   1  33   1   1  13   2   0   0   2   2   2   0   0   2  0.68 0.40
  232 E     1   2   1   1  -4   2   4  -2  -1  -3  -2   0  -1  -2  -1  -1  -2  -2  -2  -2   11  14   5   7   0   9  28   2   1   1   3   5   2   1   2   2   2   0   1   2  0.38 0.27
  233 K     0   3  -1  -2  -3   1   0  -2  -1  -2   0   3   2  -2  -1  -1  -1  -1   0  -2    9  15   2   1   0   7   4   2   1   2  12  23   5   2   2   4   2   1   4   2  0.24 0.19
  234 A     1   0  -1  -1  -3   3   2  -2  -1   0   1   0   2  -2  -2  -1  -1  -3  -1  -1   11   6   2   3   0  19  14   2   1   6  14   4   5   1   1   2   4   0   2   3  0.19 0.18
  235 E     2   0  -1   0  -2   2   2  -2  -2  -2  -1   0  -2  -3  -2   1  -1  -3  -2  -1   23   5   2   5   1   9  17   2   1   1   8   4   1   1   1  11   3   0   1   5  0.22 0.20
  236 Q     1   2  -1  -1  -3   3   1  -2  -1   0  -1   0   2  -2  -2  -1   2  -3  -2  -1   10  11   2   3   0  19   7   2   1   6   5   4   6   1   1   3  14   0   1   4  0.22 0.20
  237 I    -1   0  -2  -3  -2  -1  -2  -3  -3   4   2   0   0  -2  -3  -2  -1  -3  -2   2    3   5   2   1   1   2   2   2   0  32  16   5   2   1   1   2   4   0   1  17  0.37 0.23
  238 N    -1   0   4  -1  -1  -1  -1  -2  -2   0   2   0   0  -2  -2  -1  -1  -3  -1   0    5   4  24   2   1   3   4   2   0   6  24   4   2   1   1   4   3   0   2   8  0.21 0.18
  239 Q     0   2   0  -1  -3   2   2  -2  -1  -1  -1   1   0  -1  -2   0   0  -1  -1  -1    8  15   4   3   0  12  16   2   1   3   4   8   2   2   2   5   6   1   1   4  0.19 0.15
  240 A     5  -3  -3  -3  -2  -2  -2  -2  -3   0  -2  -2  -1  -3  -2   1   1  -3  -3   0   55   1   1   1   0   1   1   2   0   6   4   1   1   1   1   8   7   0   1   7  0.69 0.38
  241 A     1   0  -1   0  -2   2   3  -1   0  -1  -1   1  -1  -1  -1   0   0  -2  -1   0   11   5   2   5   0   8  24   3   2   3   5   8   2   2   2   5   4   0   2   6  0.16 0.14
  242 G     3  -1  -1  -2  -2  -1  -1   4  -2  -2  -2  -2  -3  -2  -2  -1  -1  -3  -3  -1   26   3   2   1   1   2   4  37   1   2   3   2   0   1   2   3   4   0   1   5  0.51 0.28
  243 E     0   0  -1   2  -3   1   4  -2  -1  -2  -1   1   0  -3  -2  -1  -1  -3  -2  -2    7   5   3  10   0   7  34   2   1   3   5   8   3   1   1   3   4   0   1   2  0.37 0.24
  244 A     5   0  -3  -3  -3  -1  -1  -2  -3  -2  -2   2  -3  -2  -2  -1  -2  -4  -1  -1   52   6   1   1   0   3   4   1   0   2   4  13   0   2   1   3   2   0   2   3  0.61 0.39
  245 S     0   0   2   0  -3   2   3  -1   0  -2  -2   1  -1  -1  -2   0  -1  -3  -1  -2    7   4   9   4   0  10  26   4   1   2   4   9   1   2   1   6   4   0   2   2  0.28 0.21
  246 A     5  -1  -1  -3  -3  -1   0  -2  -3  -2  -3  -1  -3  -4  -2   2  -1  -4  -3  -1   52   3   3   1   0   2   6   2   0   2   2   4   0   1   1  14   3   0   1   3  0.66 0.41
  247 V     0   1  -2  -3  -2   0  -1  -3  -2   4   0   0   0  -1  -3  -1   2  -3  -2   1    6   8   1   1   0   6   3   1   1  27   8   6   2   2   1   4  13   0   1   8  0.23 0.21
  248 L    -1   1  -2  -2  -2   0   1  -2  -2   2   2   0   0  -1  -3  -1   0  -2  -1   1    4   9   2   1   0   3  12   2   1  13  23   6   2   2   1   2   5   0   1  11  0.14 0.15
  249 A     2   1  -1  -2  -2  -1   0  -3  -2   1   2  -1   1  -2  -3  -1   0  -3  -2   1   18   8   3   1   0   2   7   1   0   8  24   4   4   1   0   3   4   0   1  10  0.17 0.18
  250 K    -1   3  -1  -2  -2   0   2  -3  -1   0   1   2  -1  -3  -3  -1   0  -4  -3   1    4  19   3   1   0   3  14   1   1   6  13  13   1   0   0   3   5   0   0  11  0.22 0.21
  251 A     6  -3  -4  -4  -3  -2  -3  -1  -3  -3  -2  -2  -1  -3  -3   1  -2  -3  -3  -2   70   1   1   1   0   1   1   3   0   1   4   2   1   1   1   7   1   0   1   1  1.12 0.60
  252 K    -2   1  -1   1  -2   3   4  -3  -2  -2  -3   2  -3  -3   1  -1  -1  -4  -4  -3    3   6   3   9   1  17  28   2   0   2   2  12   0   1   6   2   4   0   0   2  0.48 0.34
  253 A     5  -4  -4  -4  -4  -4  -3   3  -4  -3  -3  -2  -4   1  -4  -1  -2  -5  -4  -3   59   1   1   0   0   0   1  21   0   1   1   2   0   7   0   2   2   0   0   1  1.05 0.59
  254 K    -1   0  -1   0  -4   2   3  -3  -1  -1  -2   1  -2  -2   1   0   3  -4  -2  -2    3   5   2   4   0   9  22   1   1   3   3   8   1   1   7   5  21   0   1   2  0.34 0.29
  255 A     5   0  -3  -4  -2  -3  -3  -2  -4  -3  -3   0  -4  -5  -2   1  -2  -5  -3   1   61   5   1   0   1   1   1   2   0   1   2   5   0   0   2   8   1   0   1   9  0.90 0.54
  256 E    -1   1   0   1  -5   3   4  -3   0  -2  -3   3  -1  -4  -3  -1  -2  -4   0  -3    5   8   3   6   0  12  30   2   2   2   2  17   1   0   0   2   2   0   3   1  0.51 0.35
  257 A     4  -1  -3  -3  -3  -2  -2   2  -4  -3  -1  -2  -3  -3  -2   2  -2  -4  -1  -2   40   3   1   0   0   1   2  18   0   1   7   2   0   1   2  17   1   0   2   2  0.55 0.40
  258 I    -2  -4  -2  -5  -4  -4  -4  -5  -5   6   3  -5   2  -1  -4  -3   0  -4  -3   1    3   0   2   0   0   0   1   1   0  43  30   0   4   2   0   2   5   0   1   6  0.89 0.47
  259 R     0   4   0   1  -4   3   3  -1  -1  -3  -3   2  -2  -5  -3  -1   0  -4  -3  -3    7  22   3   6   0  12  21   4   1   1   2  10   1   0   1   2   5   0   0   1  0.47 0.33
  260 I     0   1  -2  -2  -3   0   0  -2  -2   1   1   1   2   1  -1   0   0  -2  -1   0    7   7   1   2   0   3   5   2   1   8  17   9   9   6   2   5   8   0   1   8  0.08 0.12
  261 L    -2  -4  -4  -5  -4  -4  -3  -5  -4   4   2  -3   0  -2  -3  -4  -2  -4  -2   4    3   1   1   0   0   0   2   1   0  27  21   1   2   1   1   0   2   0   1  36  0.84 0.45
  262 A     3  -1   1  -2  -3   0   0   0  -1  -3  -2  -2  -2   0  -3   3   0  -4  -2  -2   31   3   5   1   0   4   7   6   1   1   3   1   1   5   0  23   4   0   1   1  0.37 0.32
  263 A     1   1   1   1  -4   2   3  -1  -1  -4  -3   2  -2  -4  -2   0   0  -4  -2  -3   12   7   6   8   0   9  22   3   1   1   1  14   1   0   1   7   5   0   1   1  0.35 0.27
  264 A     5  -3  -4  -3  -4  -2  -2  -1  -4  -3  -3  -2  -3  -2  -3   2   0  -5  -4   0   60   1   0   1   0   2   2   4   0   1   2   1   0   2   1  12   5   0   0   6  0.91 0.55
  265 L     0  -3  -3  -4  -3  -1  -3  -4  -3   4   3  -3   3   0  -4  -3  -1  -4  -2   1    8   1   1   0   0   3   2   1   0  26  35   1   7   3   0   1   3   0   1   6  0.57 0.35
  266 T     1   0   1  -1  -2   1   1   0   1  -2  -2   2  -1  -3   0   1   0  -4  -3  -2   14   5   9   2   1   8   8   7   3   2   3  17   1   1   3  12   4   0   0   2  0.20 0.18
  267 Q     0   1   0   0  -3   2   3  -1   0  -2  -3   2  -1  -4  -1   0   1  -4  -3  -2    8   5   4   4   0  12  22   5   2   2   2  13   1   0   2   6   7   0   0   2  0.27 0.21
  268 H     1  -1   1   0  -3   1   1   0   2  -2  -2   0  -1  -2   2   1   0  -3  -1  -1   10   2   6   5   0   8   8   8   7   2   3   5   2   1  10   9   6   0   3   4  0.14 0.12
  269 N    -1  -1   3   2  -2  -1   0   4   1  -4  -3  -1  -3  -1  -2   0  -2  -4  -3  -2    5   3  17  11   1   1   5  30   4   1   2   4   0   3   2   7   2   0   0   2  0.43 0.28
  270 G     1  -2   0   0  -4  -2  -2   5  -2  -3  -3  -1  -3  -3   0   1  -1  -4  -3  -2   12   2   3   5   0   1   3  43   1   1   2   3   0   1   5  10   3   0   1   3  0.57 0.34
  271 D     0   1   0   2  -2   2   1  -2   0  -1  -2   1   0  -3   0   1   0  -4  -3   0    7   8   5  13   0   9  10   2   2   4   3   8   3   1   4  10   5   0   0   7  0.15 0.14
  272 A     0   0   2   2  -4   1   3  -2   0  -3  -2   0  -2  -4   1   0  -1  -4  -2  -3    9   4   9  14   0   7  23   2   2   1   4   6   1   0   6   7   4   0   1   1  0.32 0.25
  273 A     6  -3  -4  -1  -4  -1  -1  -2  -4   0  -3  -2  -2  -2   0  -1  -2  -5  -3   0   62   1   0   3   0   3   3   2   0   5   2   2   1   1   4   3   2   0   0   5  0.87 0.53
  274 A     3  -3  -2  -3  -1  -1  -2  -2  -3   1   1  -2   2  -2   0   0   1  -2  -2   2   28   0   1   1   1   3   1   3   0   7  11   2   5   1   4   4   8   0   1  19  0.26 0.24
  275 S     0   1   2   0  -3   3   1  -1  -1  -3  -2   1  -1  -3  -2   3   0  -4  -2  -3    6   7  10   4   0  14   8   4   1   1   3   9   1   1   2  22   3   0   1   1  0.30 0.25
  276 L    -3  -3  -3  -4  -4  -1  -2  -3  -3  -1   4  -3   2   3  -4  -3  -3  -2   5  -1    2   1   1   1   0   2   3   2   0   2  41   1   4  14   1   1   1   0  20   3  0.74 0.41
  277 T    -1   2  -1  -2  -3   2  -1  -3  -1   0   2   0   1   0  -3   0   0  -2  -1   0    4  15   3   1   0  10   3   1   1   5  22   6   3   4   0   7   5   0   2   6  0.15 0.16
  278 V    -2  -4  -5  -5  -4  -4  -4  -5  -5   4   4  -3   1  -3  -3  -3  -1  -5  -3   4    2   0   0   1   0   0   0   0   0  22  38   1   2   0   1   1   3   0   0  25  0.86 0.46
  279 A     5  -2  -3  -4  -3   0  -3   0  -3  -2  -2  -2  -1  -3  -3   0   0  -3  -4  -2   61   2   1   1   0   4   1   6   1   2   4   2   1   1   1   7   4   0   0   2  0.84 0.51
  280 E    -3   0  -2  -1  -5   3   5  -4  -2  -1   1   1   0  -3  -4  -2  -2  -3   1  -2    1   4   1   3   0  16  36   0   0   4  13   6   2   1   0   2   1   0   5   3  0.56 0.40
  281 Q    -2   3   0   0  -6   6   1  -4  -1  -4  -4   4  -3  -6  -4  -2  -3  -3  -5  -4    3  13   4   4   0  34   7   0   1   1   2  26   0   0   0   3   1   0   0   1  0.93 0.55
  282 Y    -1  -2  -4  -6  -6   0  -5  -4  -1  -4  -5  -4  -5   1  -5  -1  -4   1   9  -4    5   2   1   0   0   5   0   1   1   1   0   1   0   3   1   6   1   1  70   1  2.04 0.92
  283 V    -3  -4  -6  -6  -4  -4  -5  -6  -5   5   3  -5   3  -1  -5  -4  -2  -3  -2   4    1   1   0   0   0   1   0   0   0  30  27   0   6   2   0   1   2   0   1  28  0.96 0.49
  284 S     0  -1   1   3  -5   3   4  -2   0  -5  -4   1  -4  -6  -3   0  -1  -6  -5  -4    9   3   6  18   0  13  32   2   2   0   1   7   0   0   0   5   3   0   0   0  0.67 0.44
  285 A     5  -3  -1  -3  -4  -1  -2  -2  -3  -3  -4  -2   2  -5  -4   1   2  -5  -5  -1   54   1   2   1   0   3   2   2   0   1   1   2   5   0   0   8  15   0   0   5  0.83 0.54
  286 F    -3  -4  -1  -5  -5  -1  -5  -3  -3  -1   3  -4   2   6  -6  -2  -3   1   1  -2    1   0   4   0   0   3   0   2   0   2  35   1   5  34   0   2   1   2   4   2  0.88 0.49
  287 S     0   0   0  -1  -3   1   1   3  -2  -3  -3   2  -1  -3   1   2  -1  -4  -3  -3    8   5   3   2   0   7  11  21   1   2   1  12   1   1   6  16   3   0   1   1  0.29 0.24
  288 K     0   1   3   1  -3   2   2  -2   0  -4  -4   4  -3  -5  -3   0   0  -5  -4  -3    8   5  13   6   0   7  16   3   2   0   1  26   0   0   0   6   4   0   0   2  0.47 0.34
  289 L    -2  -5  -4  -6  -4  -5  -5  -5  -5   5   4  -5   4  -1  -5  -3  -3  -5  -4   1    2   0   1   0   0   0   0   1   0  31  41   0   9   2   0   1   1   0   0   9  0.99 0.50
  290 A     5  -4  -3  -4  -2  -4  -4   2  -5  -4  -2  -4  -2  -4  -2   1  -1  -5  -5  -3   60   0   1   0   1   0   0  17   0   0   3   0   1   1   1  10   3   0   0   1  1.04 0.59
  291 K    -1   1   1   1  -5   2   2  -1  -1  -5  -4   5  -4  -5  -4   0  -1  -5  -3  -4    4   5   6   6   0  11  12   3   1   0   1  40   0   0   0   5   3   0   0   1  0.68 0.44
  292 D    -1  -2   1   1  -4   0   3   2  -3  -5  -5   1  -4  -4  -4   3   0  -5  -4  -3    4   1   6   6   0   4  20  16   0   0   0   7   0   0   0  29   5   0   0   1  0.53 0.40
  293 S     1  -2   3   0  -4   0  -1   2  -2  -5  -5  -1  -4  -5   1   3   0  -5  -5  -4   10   1  18   5   0   4   2  18   0   0   0   3   0   0   8  24   5   0   0   0  0.53 0.38
  294 N    -1  -3   6  -2  -5  -1  -3  -3  -2  -6  -6   1  -5  -6  -5   1   4  -7  -5  -5    6   1  46   1   0   2   1   1   0   0   0  10   0   0   0   9  22   0   0   0  1.18 0.66
  295 T     0  -2  -2  -4  -4  -3  -3  -4  -4  -3  -3   2   0  -3  -4   2   5  -6  -5   1    7   1   1   0   0   0   0   1   0   1   2  15   2   1   0  13  46   0   0   9  0.82 0.55
  296 I    -3  -3  -5  -5  -4  -4  -4  -5  -5   3   2   2   2   0  -4  -3   0   3  -2   4    0   0   0   0   0   0   0   0   0  19  16  16   6   3   1   1   4   4   1  28  0.62 0.40
  297 L    -4  -5  -6  -6  -4  -5  -6  -5  -5   4   2  -5   2   3  -4  -5  -3  -2   1   4    0   0   0   0   0   0   0   0   0  28  20   0   4  12   1   0   0   0   4  30  0.96 0.49
  298 L    -3  -5  -6  -6  -2  -5  -6  -5  -6   3   4  -5   3   1  -6  -4  -3  -5  -4   4    1   0   0   0   1   0   0   1   0  18  40   0   6   5   0   0   1   0   0  26  0.96 0.49
  299 P    -5  -6  -4  -4  -6  -4  -5  -4  -6  -6  -6  -5  -2   3   8  -2  -4  -6  -5  -3    0   0   1   1   0   1   0   1   0   0   0   0   1  12  77   3   1   0   0   2  2.35 0.96
  300 S     2  -3   0  -2  -3  -1  -1   0  -2  -2  -1  -2   3  -2   0   2   1  -2   2  -2   18   0   4   1   0   2   4   5   0   2   6   1  10   1   5  21   8   0  10   2  0.25 0.27
  301 N    -2  -2   4   4  -5   0   3  -2  -1  -4  -3  -1  -3  -5  -2   0  -2  -5  -4  -4    2   1  24  28   0   3  20   2   1   0   3   2   1   0   2   7   1   0   0   0  0.77 0.44
  302 P     2  -3  -3  -3  -3  -2  -3  -2  -2   1   1  -2   0   0   4   0   1  -3  -3   1   18   0   0   1   0   1   1   2   1   7  13   2   3   4  19   7  11   0   0  10  0.32 0.25
  303 G     1  -1   1   0  -3   0  -2   3  -2  -2  -2   0   1  -3  -3   2   1  -4  -4  -2   14   2   7   4   0   5   1  20   0   3   3   6   4   1   0  19   9   0   0   1  0.28 0.25
  304 D    -1  -2   3   5  -5  -1   1   1  -2  -5  -5  -1  -2  -5  -4   1  -2  -6  -3  -4    5   2  14  38   0   3   6  11   0   0   1   3   1   0   0  12   1   0   1   1  0.75 0.44
  305 V     0  -4  -4  -5  -3  -3  -4  -4  -4   2   3  -4   2   0   3  -1  -1  -4  -2   3    9   0   1   0   0   0   0   1   0  13  27   0   4   3  14   3   4   0   1  19  0.49 0.32
  306 T     2  -2   0  -3  -2  -1  -2   1  -3   0   1  -2   2  -1  -1   2   2  -4  -3  -1   20   1   3   0   0   2   1   9   0   4  14   1   5   3   2  18  12   0   0   4  0.21 0.23
  307 S     0  -2   2   0  -4   0   1   4  -1  -4  -4  -1  -4  -5  -4   3   0  -5  -4  -4    6   2   9   3   0   4   9  30   1   0   1   3   0   0   0  27   4   0   0   0  0.59 0.39
  308 M     1  -3  -2  -3  -3  -1  -3  -1  -3   0   1  -2   6   0  -2   1   0  -1  -2   0   13   0   2   1   0   2   0   4   0   4  14   2  26   3   2  12   6   1   1   7  0.40 0.33
  309 V    -1  -5  -5  -4  -4  -4  -5  -4  -5   4   2  -5   3   1  -4  -3  -2  -3  -3   4    4   0   0   1   0   0   0   1   0  30  19   0   8   5   0   2   2   0   0  28  0.78 0.42
  310 A     4  -3  -1  -3  -3  -1  -2   2  -2  -2  -3  -1  -3  -4  -2   2   2  -5  -4  -2   39   1   3   0   0   3   1  17   1   2   1   4   0   0   1  13  11   0   0   3  0.53 0.38
  311 Q     0   0   0   0  -4   5   1   1  -2  -3  -3   0  -1  -4  -2   1   1  -5  -4  -3    8   4   4   5   0  30   9  10   0   1   1   5   2   0   1  11   7   0   0   1  0.44 0.34
  312 A     5  -4  -4  -5  -3  -3  -3  -2  -4   2   2  -3   2   0  -4  -1  -2  -5  -3   0   50   0   1   0   0   0   1   2   0  10  17   1   4   4   0   4   1   0   1   4  0.66 0.44
  313 M     0  -1  -4  -4  -4  -1  -4  -1  -3   1   3   0   5   1  -3  -1  -2  -4  -2   0    6   3   0   0   0   2   0   6   0   7  30   7  21   6   1   5   2   0   1   4  0.41 0.32
  314 G     2  -2   0   0  -4  -1   2   3  -2  -4  -4  -1  -3  -4  -3   2   2  -5  -4  -3   17   1   3   3   0   2  17  23   0   0   0   2   0   0   0  17  12   0   0   1  0.46 0.33
  315 V     0  -3  -3  -4  -2  -3  -4  -2  -4   4   2  -3   3  -1  -4  -2  -1  -4  -1   3    7   1   1   0   0   1   0   3   0  27  17   1   7   2   0   2   4   0   2  24  0.49 0.30
  316 Y    -2  -3  -3  -3  -3  -3  -3  -3  -1   0   2  -2   1   4  -3  -2  -2  -2   6   0    3   1   1   1   0   1   1   2   1   3  20   2   3  21   1   2   2   0  29   5  0.68 0.37
  317 G    -1   1   2   1  -4   1   0   3  -3  -5  -4   4  -4  -3  -3   0  -1  -4  -4  -4    4   5  12   6   0   6   4  22   0   0   0  27   0   1   0   8   4   0   0   0  0.50 0.32
  318 A     1   0   2   0  -3   1   0   0   0  -3  -3   2  -2  -2  -3   2   2  -2  -1  -3   15   4   9   5   0   8   4   6   2   0   1  12   1   1   0  18  12   0   2   1  0.25 0.21
  319 L     0  -2  -2  -1  -2  -1  -1  -1  -3   2   2  -1   2  -1  -1  -1   0  -2  -1   2    8   1   1   3   0   2   4   5   0  11  26   3   7   2   2   2   4   0   1  17  0.16 0.14
  320 T     1   0   3   0  -2   0  -1   1  -1  -2  -2   1   0  -2   0   2   1  -3  -2  -1   10   3  15   5   0   3   2  11   1   1   2  13   2   1   3  15   8   0   1   3  0.18 0.15
  321 K     0   0   1   1  -4   1   1   0   0  -3  -3   4  -3  -3   0   1  -1  -4  -2  -2    5   3   5   7   0   7   9   7   2   1   2  33   0   1   3  11   3   0   1   2  0.34 0.24
  322 A     1  -1   1  -1  -3   1  -1   1  -2  -3  -3   1  -2  -4   2   2   1  -4  -3  -1   14   2   8   2   0   5   3   9   1   0   1   8   0   0  12  18  12   0   0   4  0.28 0.21
  323 P     0  -1   0   0  -2   2   0  -1  -2  -3  -3   1  -2  -3   5   0  -1  -4  -3  -1    9   2   5   4   1  11   4   3   1   1   2   8   1   1  31   8   2   0   1   5  0.50 0.27
  324 V     1  -1   0   1  -2   0   1  -1  -2  -1  -1   1  -1  -2   2   1   1  -3  -2   0   14   2   2   8   0   4   7   3   0   4   7   8   1   2   9  10   9   0   0   9  0.11 0.09
  325 P     0   0   0   0  -1   0   0   1  -1  -2  -2   1  -2  -2   3   0   0  -3  -2  -1    7   6   5   6   1   5   6   9   1   2   4   8   0   2  16   8   6   0   0   7  0.18 0.11
  326 G     0   0   1   0  -3   1   0   2  -1  -2  -1   2  -1  -3   0   1   0  -3  -2  -1    7   4   5   6   0   6   5  22   1   1   5  14   1   0   4   8   5   0   1   3  0.18 0.12
  327 T     1  -1   0  -1  -1   0   1  -1  -1  -1  -2   0  -1  -3   2   2   2  -4  -3  -1   12   2   4   2   1   5  11   4   2   2   2   5   1   0   9  16  17   0   0   5  0.21 0.17
  328 P     0   0   0  -1  -4   1   0   1  -1  -2  -3   1  -3  -4   5   1   0  -4  -3  -1    6   4   4   3   0   7   4  11   2   2   1   7   0   0  29  10   6   0   0   4  0.46 0.23
  329 D     0  -1   1   2  -3   1   2   0  -1  -3  -2   1  -3  -3   2   1   1  -1  -3  -2    5   1   7  12   0   5  14   5   1   1   4   7   0   1  12  14   7   1   0   1  0.26 0.17
  330 S     0   0   1   0  -3   1   1   0   0  -2  -2   0  -1  -3   1   2   1  -4  -2  -1    8   5   8   3   0   5   9   7   2   1   2   5   1   0   8  24   7   0   1   5  0.20 0.16
  331 L     1   0   0   0  -1   0   1  -1  -1   0   0   0   0  -2   1   1   0  -3  -2   0   11   4   5   4   1   5   9   4   1   6  12   5   2   1   8  12   4   0   0   6  0.07 0.06
  332 S     0  -1   1   1  -3   0   1   0   0  -2  -2  -1  -2  -4   3   2   1  -4  -3  -1    9   1   7   8   0   5   7   5   2   2   3   3   0   0  15  21   7   0   0   4  0.27 0.18
  333 S     0   0   1   0  -3   0   1   1  -2  -3  -2  -1   0  -2   2   2   1  -4  -2   0    3   4   7   5   0   3   9  12   0   0   1   3   3   2  11  21   9   0   1   7  0.21 0.17
  334 G     0   0   1   2  -3  -1   0   3  -2  -2  -3   1  -3  -4   0   0   0  -4  -2  -2    7   4   8  12   0   1   5  31   1   2   2   8   0   0   5   7   4   0   1   4  0.30 0.17
  335 S     1   0   1   1  -2   0   0   0  -2  -3  -3   0  -2  -3   0   3   1  -4  -3  -1   14   3   6  10   0   3   4   7   0   0   2   7   0   0   5  24   9   0   0   3  0.24 0.17
  336 S     1   0   0   1  -1   0   0   0  -2  -1  -2   0  -2  -2  -1   2   2  -3  -2  -1   15   4   2  10   1   5   5   6   0   3   2   6   0   2   2  19  13   0   1   4  0.16 0.14
  337 R     0   2   0   1  -3   1   2   1   0  -2  -3   1  -2  -2  -2   1   0  -4  -2  -2    9  16   2   6   0   7  13  10   3   2   1   6   0   2   1  15   6   0   1   1  0.23 0.16
  338 D    -1   0   2   4  -4  -1   2  -2  -1  -1  -3   0  -2  -3   3   0  -2  -5  -3  -2    3   5  12  27   0   1  13   2   1   5   2   7   1   1  13   4   1   0   0   2  0.41 0.22
  339 V     1  -1  -2  -2  -2   0   1  -1  -2   0   0   0   0  -1   2   0  -1   3  -1   1   14   3   1   1   0   4  13   4   0   6  10   4   2   2  12   4   3   5   1  11  0.14 0.11
  340 Q     0  -1   1   3  -1   1   2   0   0  -3  -2   0  -2   0  -1   1   0  -3  -2  -3    8   2   7  17   2   5  16   7   2   0   2   4   0   6   2  12   7   0   0   0  0.23 0.15
  341 G     0  -1   0  -1  -1   0   1   3   0  -1  -1  -1  -1  -2   0   1  -1   2  -2  -1    9   2   4   2   1   3  10  24   2   5   5   2   2   1   3  13   2   3   0   5  0.14 0.10
  342 T     0  -1   0  -1  -3  -1   2   1  -1  -1  -1   0   1   0  -1   2   2  -3   0  -1    3   2   3   2   0   0  14   9   1   2   7   3   5   3   2  22  14   0   3   4  0.13 0.14
  343 D    -1  -1   2   4  -1   1   2  -1   0  -3  -3   0  -1  -2   1  -1  -1  -4  -1  -3    5   1  13  30   2   5  14   2   2   2   2   5   2   1   5   3   2   0   2   0  0.39 0.21
  344 A     3  -1   0   0  -3   1   0   0  -1  -3  -2   0  -1  -3   2   2   0  -4  -2  -2   28   1   5   3   0   7   5   5   1   0   5   4   1   1  11  17   6   0   0   0  0.28 0.18
  345 S     1   0   0   1  -2   2   0  -1  -1  -3  -2   2  -2  -4   0   3   0  -4  -2  -3   10   3   4   9   1  10   4   4   1   1   3  13   1   0   3  28   5   0   1   1  0.27 0.18
  346 L    -1  -2  -2  -2  -2  -1  -2  -2  -2   2   2  -1  -1  -2   3  -1   1  -3  -1   2    5   0   1   2   0   3   2   2   0  12  24   5   0   0  15   4   8   0   2  16  0.23 0.15
  347 D     0  -1   1   3  -4  -1   1   0  -2  -2  -3  -1  -3  -3   3   1   0  -4  -3  -3    5   3   8  24   0   1  11   7   0   3   1   2   0   1  16  12   5   0   0   0  0.41 0.19
  348 E    -1  -1   0   3  -4   1   4  -3  -2  -4  -3   0  -3  -4   3   1  -1  -5  -4  -3    4   3   3  18   0   4  32   0   0   0   2   3   0   0  13  13   3   0   0   0  0.55 0.23
  349 E     0   0  -1   2  -4   2   4  -3  -1  -1  -2   2  -2  -3  -2   0   0   0  -1  -2   10   3   1   9   0   7  36   0   1   5   1  13   1   0   0   3   5   1   1   1  0.38 0.18
  350 L     0   0   0   0  -2   0   0   0  -2   1   1   0   1  -1  -2   0   1  -3  -2   0    4   5   4   4   0   3   8   7   0  15  14   5   6   2   0  10   8   0   0   3  0.04 0.06
  351 D     0  -1   1   6  -4   0   1  -3  -1  -4  -4  -1  -4  -5  -1   0   0  -5  -4  -4    9   3   5  54   0   2   8   0   1   0   0   1   0   0   2   7   6   0   0   0  0.80 0.26
  352 R     1   3  -1   0  -3   0   1  -2  -2  -2  -3   1  -2  -4  -1   2   3  -4  -3  -2   15  21   0   6   0   1  10   0   0   1   0   7   0   0   1  14  22   0   0   1  0.33 0.16
  353 V     0  -3  -3  -4  -2  -3  -3  -4  -3   2   2  -2   0   1  -3  -1   0  -3   0   4    4   0   0   0   0   0   0   0   0   5  27   2   0   7   0   7   2   0   2  42  0.34 0.13
  354 K     1   2   1  -1  -3   2   1   1  -1  -3  -3   3  -2  -4  -2   0  -1  -3  -3  -3   16   9   9   0   0  11   7   9   0   0   0  35   0   0   0   3   0   0   0   0  0.36 0.11
  355 M     0  -2  -2  -3  -2  -1  -1  -3  -2   2   2   0   4  -1  -3  -1  -1  -2  -2   2    7   0   0   0   0   0   5   0   0  10  24   6  26   0   0   6   0   0   0  16  0.20 0.06
  356 S     0  -1   4   1  -2  -1  -1  -1  -1  -3  -3  -1  -2  -3  -2   4   0  -4  -3  -3    0   0  29   7   0   0   0   0   0   0   0   0   0   0   0  64   0   0   0   0  0.59 0.11

                      K         Lambda
Standard Ungapped    0.1286     0.3143
Standard Gapped      0.0408     0.2670
PSI Ungapped         0.1332     0.3174
PSI Gapped           0.0408     0.2670
