
Last position-specific scoring matrix computed, weighted observed percentages rounded down, information per position, and relative weight of gapless real matches to pseudocounts
            A   R   N   D   C   Q   E   G   H   I   L   K   M   F   P   S   T   W   Y   V   A   R   N   D   C   Q   E   G   H   I   L   K   M   F   P   S   T   W   Y   V
    1 M    -5  -6  -6  -7  -6  -5  -6  -7  -6  -1  -2  -6  11  -4  -7  -6  -5  -6  -5  -3    0   0   0   0   0   0   0   0   0   2   0   0  98   0   0   0   0   0   0   0  3.47 1.10
    2 S     3  -4  -1  -3  -4  -3  -3  -3  -4  -5  -4  -3  -4  -5   2   5  -1   0  -5  -4   30   0   3   1   0   0   0   0   0   0   1   0   0   0  12  49   3   1   0   0  1.01 0.55
    3 F    -4   0  -4  -5  -4  -3  -4  -2  -3  -3  -2  -3   6   4   2  -1  -4   9   0  -4    1   5   1   0   0   0   0   3   0   1   2   2  21  16   9   6   0  28   2   1  1.29 0.55
    4 R    -1   6  -2  -4  -1  -1  -3  -3  -1  -5  -4   3  -4  -1  -3   2  -3  -5  -4  -4    4  49   1   0   1   2   0   1   1   0   1  15   0   4   1  18   0   0   0   1  1.04 0.51
    5 K    -2   5  -1  -2  -3   1  -2  -1  -1  -3  -2   3  -2   0   1   0  -1  -3  -2  -3    2  32   2   1   0   6   1   4   1   2   4  19   1   5   7   6   2   0   1   2  0.51 0.26
    6 V    -1  -3  -2  -3  -3  -2  -3   0  -3   2   0  -3   2   5  -1  -1  -2  -2  -1   2    5   1   2   1   0   2   1   7   0  14   6   1   5  32   3   4   2   0   1  14  0.50 0.28
    7 V     1  -4  -5  -5  -2  -2  -5  -1  -5   1  -2  -4   1   4  -3  -2  -3  -4   1   5   10   1   0   0   1   2   0   4   0   7   2   1   3  17   1   3   1   0   4  43  0.74 0.43
    8 R    -3   7  -1  -4  -6   2  -3  -3   1  -6  -6   3  -5  -6  -1  -2  -1  -6  -3  -6    2  52   3   0   0   8   1   2   4   0   0  18   0   0   4   2   3   0   1   0  1.31 0.64
    9 Q     2  -3  -2  -2  -2   3  -2  -2   2  -2  -3  -1  -3  -3   0   2   1  -1  -1   1   21   0   1   1   1  14   2   2   6   1   2   3   0   1   4  16  10   1   2  12  0.34 0.32
   10 S    -2  -6   0  -5  -3  -5  -5  -5  -6  -5  -5  -5  -6  -5  -6   7  -1  -8  -4  -6    2   0   4   0   0   0   0   0   0   1   1   0   0   1   0  87   3   0   1   0  2.19 1.05
   11 K    -4   2  -4  -5  -8  -3  -4  -6  -1  -5  -5   7  -6  -8   0  -2  -4  -8  -6  -5    1  10   0   0   0   1   0   0   2   1   1  76   0   0   4   2   1   0   0   1  2.01 0.93
   12 F    -7  -7  -7  -8  -2  -7  -7  -8  -3  -4  -2  -7  -5   8  -8  -7  -7   2   7  -3    0   0   0   0   1   0   0   0   0   1   4   0   0  55   0   0   0   2  34   2  2.46 1.01
   13 R    -5   8  -4  -6  -8  -3  -5  -7  -3  -8  -5   4  -6  -8  -7  -6  -6  -8  -3  -7    1  69   1   0   0   1   0   0   1   0   1  26   0   0   0   0   0   0   1   0  2.31 1.04
   14 H    -7  -6   6  -6  -8  -4  -5  -7   9  -8  -8  -6  -7   1  -6  -4  -5  -2   2  -8    0   0  31   0   0   1   0   0  53   0   0   0   0   5   0   1   0   1   7   0  2.55 1.10
   15 V     1  -6  -6  -6  -2  -6  -6  -6  -6   3   2  -6   0  -3  -6  -2   0  -3  -4   5   13   0   0   0   1   0   0   0   0  14  18   0   1   1   0   2   7   0   0  42  0.95 0.54
   16 F    -1  -4   0  -3  -5   1   0  -4  -2  -2  -1   0  -4   5  -5  -1   1  -2   4   0    4   0   4   1   0   8   5   1   1   2   4   7   0  28   0   4   9   0  16   5  0.63 0.43
   17 G     1  -6  -5  -6   2  -6  -5   6  -6  -5  -2  -6  -3  -4   2  -1  -1  -3  -4  -3   12   0   0   0   5   0   1  57   0   0   4   0   1   1   9   4   4   0   0   2  1.24 0.67
   18 Q    -1   0  -1  -1  -4   4   1  -3   0  -1  -3   4  -3  -3  -3  -1   3  -5  -3  -1    5   5   2   3   0  16   8   1   2   4   2  23   0   1   1   4  16   0   1   5  0.45 0.37
   19 P     1  -3  -2  -3  -2  -1   0  -2  -3   0  -2  -4  -2  -3   5   0   1  -6  -4   2   13   1   2   1   1   3   6   2   1   5   3   0   1   1  30   7  10   0   0  14  0.59 0.41
   20 V     2  -3  -2  -1  -1  -2  -3   0   0  -2   0  -2  -1   0   3   1   0   2   0   0   20   0   1   3   1   1   1   6   2   1  12   1   2   5  13  11   7   3   4   7  0.21 0.23
   21 K    -3   1   0  -4  -6   0  -3  -2   4  -6  -5   6  -5  -6   2   0  -1  -3  -5  -5    2   8   4   0   0   3   1   4  10   0   1  47   0   0   9   7   3   0   0   0  1.03 0.61
   22 N    -1   4   0  -2  -5   0  -2  -4  -1  -4  -4   5  -3  -4   2  -1  -2  -5  -4  -3    6  25   5   2   0   3   1   1   1   1   2  34   1   1  10   5   2   0   0   2  0.81 0.49
   23 D    -2  -1   1   4  -5   0   5  -3  -2  -5  -4   0  -2  -3  -2   1  -2  -5  -3  -4    3   3   6  21   0   4  35   2   1   0   1   6   1   1   2  10   2   0   1   1  0.72 0.44
   24 Q     0  -1   1   1  -1   3   2  -1   2  -3  -1   0  -1  -1  -3   0   1  -2  -1  -1    8   3   6   8   1  14  14   5   4   1   6   4   1   2   1   5  11   1   2   3  0.19 0.20
   25 C    -2  -1  -1  -4   7   0  -4  -2   5  -3  -2  -3  -3  -1  -3   0   0   7   1  -2    2   3   3   1  24   5   0   3  12   2   4   2   0   2   1   8   5  15   4   2  0.96 0.51
   26 Y    -6  -6  -6  -7  -6  -6  -6  -7  -1   4  -2  -6  -1   5  -3  -6  -5   3   8  -1    0   0   0   0   0   0   0   0   1  20   4   0   2  19   2   0   1   4  43   3  1.70 0.78
   27 E    -2  -1  -1   4  -3   0   3  -3  -1  -2  -3  -3  -2  -1  -2   1   3  -5  -2  -3    2   4   3  21   0   5  17   2   1   2   3   1   1   3   2  10  22   0   1   1  0.49 0.38
   28 D    -3  -4   5   5  -1  -1   0   2   0  -5  -6  -3  -5  -6  -4   0  -4  -6  -2  -6    2   0  31  29   1   2   6  15   2   1   0   1   0   0   1   7   0   0   1   0  1.05 0.57
   29 I    -3  -5  -5  -6  -2  -4  -6  -5  -6   5   4  -4   0   0  -6  -5  -3  -5  -4   3    1   0   1   0   1   1   0   1   0  29  37   1   2   4   0   0   1   0   0  20  1.03 0.52
   30 R    -3   5   0  -3  -2   1  -2  -3   1  -5  -4   3  -4  -5   3   1  -2  -6  -5  -4    1  30   3   1   1   7   2   2   3   1   1  19   0   0  16   9   2   0   0   1  0.82 0.51
   31 V    -1  -4   1  -4  -2  -3  -4  -1  -5   4   0  -3  -1  -3   1  -2   0  -5  -3   4    5   1   7   0   1   1   0   6   0  25   7   2   1   1   8   3   5   0   0  28  0.52 0.36
   32 S     0  -3   0  -2  -1  -1  -2   2  -1  -3   0  -3  -3  -4  -1   3   3  -5  -4  -2    6   1   5   2   1   2   2  13   2   1  12   1   0   0   3  28  20   0   0   2  0.44 0.37
   33 R    -1   3   3  -1  -1   0  -1  -2   0  -3  -3   2  -3  -3  -2   2   2   0  -3  -3    5  14  12   3   1   3   3   3   2   2   2  13   0   1   1  18  13   1   1   1  0.35 0.30
   34 V     0  -2   2  -2  -2  -1  -3   0  -2   0   0   0   0   0   0   2   1  -4  -1   1    6   2  13   1   0   2   0   8   0   4  12   5   2   4   4  16   9   0   2  10  0.14 0.19
   35 T     2  -2  -1  -4  -2   1  -3  -1  -1  -1  -3  -3  -2  -3   3   3   3  -5  -4  -1   20   2   3   0   1   6   1   3   1   4   2   1   1   1  14  19  18   0   0   3  0.46 0.39
   36 W    -1  -3   1  -3   1  -1  -4   1   3  -3  -2  -3   1  -1  -1   1   2   7  -2  -1    4   1   6   1   3   3   0  11   8   1   4   1   4   2   3  13  13  18   0   4  0.59 0.40
   37 D    -3  -3  -1   6   1   0   3  -3   2  -6  -4  -4  -3  -2  -1  -1  -2  -6  -1  -5    1   1   2  42   3   3  22   2   4   0   2   0   1   2   4   5   3   0   3   0  0.97 0.55
   38 S     0  -4   1  -3   3  -1  -2   3   0  -4  -5  -3  -5  -3  -4   4   0   0  -5  -3    6   1   6   1   7   2   3  22   2   1   0   1   0   1   0  38   6   1   0   1  0.75 0.50
   39 T    -2  -2   6   2   0   0  -1  -3   1  -4  -2  -2  -3  -4  -1   0   1  -6  -2  -4    3   2  41  11   2   4   4   1   4   1   5   2   1   1   3   5   8   0   1   1  0.75 0.47
   40 F    -1  -4  -1  -3  -1  -2  -2   2   2   0   1  -2   1   4  -1  -1  -2  -2   2   0    4   0   3   1   1   1   2  19   6   6  15   2   4  18   3   4   2   0   6   5  0.26 0.22
   41 C    -2  -6  -6  -6   7  -6  -6  -5  -6   5   2  -6   0   3  -6  -3  -4  -5  -4   2    2   0   0   0  20   0   0   1   0  33  17   0   2  11   0   3   0   0   0  11  1.16 0.56
   42 A     4   0  -2  -1   3   1  -2  -3   0  -3  -3   3  -4  -5  -3   1   0  -5  -3  -1   34   4   1   3   6   8   2   1   2   1   2  19   0   0   1   8   4   0   1   3  0.52 0.40
   43 V     4  -5  -5  -6   5  -5  -5  -2  -5  -1  -3  -5  -1  -3  -5   1   0  -6  -2   4   37   0   0   0  10   0   0   2   0   3   2   0   2   1   0  10   5   0   1  27  0.89 0.55
   44 N    -3  -5   7  -2  -6  -5  -5  -1  -2  -7  -7  -5  -6  -7  -3   4   0   1  -3  -6    2   0  49   2   0   0   0   4   1   0   0   0   0   0   1  32   5   2   1   0  1.55 0.83
   45 P     0   1  -2  -1   2  -1  -1   1   0  -4  -3  -2  -4  -2   4   2   0  -5  -2  -3    9   7   1   3   4   2   5  11   3   1   3   2   0   1  24  15   7   0   2   2  0.43 0.33
   46 K    -1   1  -1   0  -2   0   1  -3   1  -3  -1   5  -2  -2  -3   1   0  -5  -3  -3    4   8   3   6   1   3   7   1   3   2   6  37   1   2   1   9   6   0   1   1  0.50 0.38
   47 F    -3   1  -1  -6  -2  -2  -4  -4   2  -3   0  -3   0   6  -6  -4  -2   3   5  -3    2   7   3   0   1   2   1   1   5   1   9   1   2  37   0   1   3   4  19   1  1.05 0.57
   48 L    -1  -5  -5  -5   0  -3  -5  -4  -1   4   2  -3   2   3  -4  -3  -1   2   0   3    4   0   0   0   2   1   0   1   2  21  19   1   5  14   1   1   3   3   3  18  0.55 0.34
   49 A     6  -5  -5  -5   0  -4  -4   0  -5  -4  -3  -4  -4  -2  -4   0  -1  -5  -2   0   67   0   0   0   2   0   0   5   0   0   2   0   0   2   0   7   3   0   2   7  1.24 0.68
   50 V    -2  -3  -5  -6   0  -5  -5  -6  -5   3   0  -5   1   5  -5  -3  -2   0   1   4    4   2   0   0   2   0   0   0   0  16   8   0   3  24   0   1   2   1   4  32  0.91 0.51
   51 I     0  -2   2  -4   0  -2  -3  -2   0   2  -1  -1  -3  -2   5  -1  -1  -5  -2   1    7   2  13   0   2   2   1   3   3  11   5   4   0   2  26   4   3   0   1  11  0.43 0.34
   52 V    -1  -3  -2  -3  -1  -1  -4  -3   1   1   2  -3   0   0  -2  -2   2   8  -1   1    6   2   2   1   2   3   0   2   4   7  18   1   2   4   2   3  12  19   1   9  0.56 0.39
   53 E     0  -1   1   3  -1   2   2   0  -1  -2  -2   1  -1  -2  -2   0  -1  -4  -2  -2    8   3   6  18   2   9  16   7   1   2   4   8   2   1   2   6   3   0   1   3  0.23 0.20
   54 A     2  -2  -1  -2   0   0  -2   1   1  -2  -2  -2  -1  -2  -2   3   1  -4  -3  -1   20   2   3   2   2   3   2  12   4   2   3   2   2   2   2  22  10   0   0   5  0.28 0.29
   55 S     2  -1   1  -2  -1  -2  -2   3  -2  -2  -3  -2  -1  -1   1   2   1  -4  -2  -2   15   3   7   2   1   2   2  20   1   2   2   1   2   3   8  17   8   0   1   3  0.29 0.29
   56 G     0  -3   0  -2  -2  -2  -3   6  -5  -3  -6  -2  -2  -5   0   0  -2  -5  -2  -3    6   1   4   2   1   2   2  59   0   1   1   3   1   0   5   6   3   0   2   2  1.08 0.62
   57 G    -2  -2  -2  -3  -1  -2  -2   6  -1  -3  -4  -4  -5  -2  -1   1  -2  -5  -1  -2    3   3   2   1   1   2   3  58   2   2   2   1   0   2   3   9   3   0   2   3  1.03 0.59
   58 G    -2  -2   0  -2  -1  -1  -3   6  -4  -2  -3  -2  -4  -2  -2  -1  -1  -4  -4  -2    3   2   5   2   1   3   2  56   0   3   3   3   0   2   2   5   4   0   1   3  0.92 0.49
   59 A     2   1  -1  -3   2   0  -1  -2  -1   1  -1  -1   0  -3   0   1  -1  -5  -3   1   21   7   3   1   5   4   4   3   2   7   7   4   2   1   5  11   3   0   1   9  0.17 0.17
   60 F    -2  -5  -5  -6   1  -5  -5   0  -1   2   2  -5   1   6  -6  -3  -2   1  -1   2    3   0   0   0   3   0   0   7   2  12  21   0   3  28   0   2   2   2   2  11  0.76 0.41
   61 M     2  -3  -3  -6   2  -1  -4   2  -2   0   2  -6   2   0  -3  -1  -2   1   0   1   19   1   1   0   4   3   1  12   1   6  16   0   5   3   2   5   3   2   3  11  0.34 0.23
   62 V    -3  -8  -2  -8   0  -8  -2  -3  -8   3   0  -8  -6   1  -2  -4  -2   2  -1   6    3   0   3   0   2   0   3   3   0  14   8   0   0   5   3   2   3   3   2  46  1.14 0.56
   63 L    -1  -3  -2  -2  -1  -3  -4  -2   1   3   4  -1   1   0   0  -3  -1   1  -1   0    5   2   2   3   1   1   2   4   4  13  32   4   3   4   5   2   3   2   2   5  0.42 0.24
   64 P    -1   0   0   1   2   0   0  -2  -7  -1  -2  -1  -7  -1   6  -1  -2  -8  -7  -2    5   5   4   7   3   5   6   3   0   4   4   5   0   3  35   5   2   0   0   3  0.70 0.48
   65 L    -1  -1  -1  -2   1  -1  -2  -2   2   2   3  -1   1   0  -1  -2  -1   3   0   1    4   4   3   3   3   3   3   3   4   9  23   3   4   4   3   4   4   3   3  10  0.19 0.14
   66 N    -1   0   0   0   2   0   0  -1   2   0  -1   0   2   1   0  -1   0   4   1  -1    5   5   5   5   5   5   5   5   5   5   5   5   5   5   5   5   5   5   5   5  0.09 0.08
   67 K    -2   1   1   1   0   2   0  -2   1  -3  -4   4  -1  -2   0   0  -1   0  -3  -3    3   8   6   9   2   9   7   3   4   2   1  25   1   2   4   6   3   1   1   1  0.40 0.33
   68 T    -1   0  -2  -4   1  -1  -3   0   0  -1  -3   0   0  -1   4  -1   3  -5   1   1    6   5   1   1   3   2   2   6   2   3   2   6   2   3  20   4  16   0   4  11  0.35 0.32
   69 G    -4  -2  -2  -3  -2  -2  -2   6  -3  -4  -5  -2  -2  -3  -2  -2  -2  -7  -2  -2    1   2   2   2   1   2   3  65   1   1   1   3   1   1   2   4   2   0   2   3  1.37 0.77
   70 R    -4   7  -4  -2  -1  -2  -3  -4  -1  -5  -5   5  -3  -8  -2  -3  -4  -8  -7  -4    1  51   1   3   1   1   2   2   1   1   1  27   1   0   2   2   1   0   0   1  1.61 0.88
   71 I    -1  -1  -1  -3  -2   0  -3  -1  -2   3   3  -1   0   0  -3  -2  -2  -1  -1   2    5   3   3   1   1   4   2   5   1  17  27   4   2   3   1   3   1   1   2  13  0.31 0.24
   72 D    -1  -2  -1   4  -3  -1   0  -1   0  -3  -5  -1  -3  -4   5   0  -2  -7  -2  -5    6   3   3  22   1   3   6   5   2   2   1   4   1   1  29   7   2   0   1   1  0.74 0.52
   73 K     0   1   0   3  -2  -1   0  -1   0  -2  -3   1   0  -1   2   0   0   0  -2  -1    8   6   4  19   1   2   5   4   2   2   3   8   3   2  10   7   7   1   1   4  0.21 0.20
   74 A    -1  -2   3   2  -1   1  -1   2   2  -2  -2   0  -2  -3  -1   0   1  -5  -3   0    5   2  12  10   1   5   3  15   5   3   3   5   1   1   3   7  10   0   1   7  0.21 0.21
   75 Y     0  -2  -2  -2   1   0  -2  -1   2   1   0  -3   1   1   1  -1   0  -2   2   2    7   2   1   2   3   6   1   6   5   7   7   1   3   6   8   4   6   1   9  16  0.16 0.18
   76 P    -1  -3  -2  -4   2  -3  -4  -1  -2   1  -1  -3   1  -3   6  -1  -1  -7  -3   0    5   1   2   1   4   1   1   5   1   7   8   2   3   1  42   5   3   0   1   6  0.87 0.57
   77 T    -1   0  -2   0   1   0  -2  -2   0   1   2   0   1   0   2   0   0  -1  -1   0    3   4   1   6   4   4   2   2   2   7  19   6   4   3  11   7   6   1   2   5  0.10 0.13
   78 V    -1  -4  -3  -3   2  -2  -2  -1   0   2   2  -2   0   1  -4  -1   0  -4   0   3    4   0   1   2   4   2   2   4   2  14  18   2   2   6   0   5   6   0   3  21  0.27 0.23
   79 C    -1   0  -1  -1   3   0  -1  -2   1   1   1   0   0   0  -1   0   0   1   0   1    3   6   3   3   7   5   3   2   5  11  14   5   1   4   2   8   4   2   3   9  0.05 0.09
   80 G     1  -2   0   1   2   1   0   2   0  -1  -2  -1  -2  -1   0   0  -1  -3  -1   0   14   0   5   7   5   8   4  21   3   3   3   2   0   2   4   5   3   0   2   8  0.15 0.17
   81 H    -2  -1   3  -1   2   0  -1   0   8  -2  -3  -3  -4  -1  -4  -1  -1   1   0  -2    3   2  17   2   5   3   3   6  36   2   3   0   0   2   0   4   3   2   2   3  0.83 0.53
   82 T     0   0   0  -1   0   0   0   3   0  -2  -2   1  -3  -3   0   1   1  -4  -1  -2    4   5   3   3   2   4   6  21   2   2   2  12   0   0   4  12  12   0   2   2  0.21 0.21
   83 G     2   0   0   1   0   1   0   3   0  -3  -3  -1  -3  -1  -2   1   0  -4  -2  -1   17   5   5   8   2   6   4  21   2   0   2   3   0   3   1   9   6   0   1   4  0.21 0.22
   84 P    -1   0   0   0   2   0   0  -1   2   0  -1   0   2   1   0  -1   0   4   1  -1    5   5   5   5   5   5   5   5   5   5   5   5   5   5   5   5   5   5   5   5  0.09 0.08
   85 V    -2  -5  -5  -5   1  -2  -5  -5  -5   4   1  -4  -1  -1  -3  -4  -2  -5  -4   5    2   0   0   0   3   2   1   1   0  27  10   0   1   2   1   1   2   0   0  47  1.02 0.49
   86 L    -1  -2   0  -2  -1   0  -3  -2   0  -1   3  -2   2  -2  -3   1   3  -1  -2   0    5   1   4   1   1   4   1   3   2   3  28   1   5   1   0   9  21   1   1   6  0.27 0.25
   87 D    -3  -3  -2   8   0  -4  -1  -3  -4  -5  -5  -3  -5  -5  -4  -1  -2  -6  -3  -4    2   1   1  74   2   0   3   2   0   0   1   1   0   0   0   5   2   0   1   2  1.78 0.75
   88 I    -3  -4  -4  -4  -2  -4  -4  -4  -2   2   2  -4   2   5  -4  -2   1   3   1   0    2   0   0   0   1   0   1   1   1  14  19   1   5  29   0   3   9   3   4   6  0.65 0.35
   89 D     1  -1  -1   3   2   2   1  -1  -1  -2  -3   1  -1  -4  -3   1  -1  -4  -3  -1   16   2   2  19   5  11   9   3   2   1   1  10   1   0   0  10   4   0   0   5  0.31 0.24
   90 W    -2  -5  -5  -5  -5  -5  -5  -5  -2   0  -1  -5  -2   6  -2  -3  -2   9   0  -1    3   0   0   0   0   0   1   1   1   6   5   0   1  37   2   2   2  32   2   4  1.71 0.69
   91 C     0  -3   3   4   3  -1  -1  -2   0  -4  -3  -2  -2  -3  -3   3  -1   1  -1  -3    6   0  16  21   6   3   2   2   2   0   3   1   1   1   0  27   3   2   2   1  0.57 0.38
   92 P    -3  -1  -3  -3   1  -3  -2  -4  -3  -4  -4  -2  -5  -4   8  -2  -1  -1  -4  -3    1   3   2   1   3   1   2   2   1   1   1   2   0   1  69   3   4   1   1   2  1.80 0.76
   93 H    -4  -1  -3  -5   1  -3  -5  -4   4  -1  -1  -3  -2   8  -5  -3  -3   0   1  -3    1   3   1   0   3   1   0   1   9   3   5   1   1  58   0   2   1   1   4   1  1.42 0.62
   94 N    -2  -2   5   5  -1  -2  -1  -1   2  -3  -2  -1  -3  -3  -3  -1  -1  -5  -1  -3    2   2  26  32   2   1   3   4   5   1   4   3   1   1   1   4   4   0   2   2  0.67 0.39
   95 D    -2  -1   0   5  -5  -1   2  -1   1  -5  -4  -1  -2  -2   2   1  -2   1  -2  -3    2   2   4  38   0   3  11   4   3   0   1   2   1   2  10  10   2   2   1   1  0.63 0.39
   96 E    -1   2   4   1   0   1   0  -1   2  -3  -3   0  -3  -2  -2   1   0  -2   1  -3    3  14  20   8   2   5   5   5   6   1   2   4   0   2   1   9   5   1   4   1  0.28 0.23
   97 V    -2   2  -2  -2   1   1  -1  -4  -1   2   2  -1   1  -1   1  -2  -1  -3  -1   2    1  15   1   1   3   6   3   1   2  12  22   2   4   1   9   1   2   0   1  14  0.21 0.18
   98 I    -1  -4  -4  -4   0  -4  -4  -4  -4   3   4  -4   1  -1  -2  -3  -1  -4  -3   2    5   0   0   0   2   0   0   1   0  22  45   0   2   2   2   1   4   0   0  13  0.63 0.33
   99 A     4  -2  -3  -3   0  -1  -1   0  -3   0   0  -2  -1  -1  -3  -1  -1   1  -1   1   49   2   0   0   1   2   4   5   0   4   7   0   1   2   0   3   2   2   2  11  0.41 0.31
  100 S     0  -1  -2  -3   2  -2  -1  -1  -3   0  -1  -2  -2  -3  -3   3   3  -4  -3   2    6   3   0   0   5   0   3   4   0   5   4   0   0   0   0  22  26   0   0  19  0.35 0.29
  101 G     2  -1  -2  -3   4  -3  -3   4  -3  -1  -2  -3  -3  -3  -1   1   0   1  -3   0   16   4   0   0  12   0   0  31   0   2   3   0   0   0   3  12   5   2   0   7  0.46 0.30
  102 S     0  -1   0   1   4   0  -1   1   1  -3  -2  -1  -3  -3  -3   3   1  -4  -1  -3    5   3   4  10   9   3   3   9   4   0   5   3   0   0   0  27  11   0   2   0  0.28 0.26
  103 E     0   0   0   4  -3   1   2  -1   1  -1  -2   0  -2  -1  -3   0  -1  -3   0  -1    7   5   3  27   0   5  15   4   3   3   3   3   0   3   0   6   3   0   3   5  0.27 0.22
  104 D    -1  -1   1   6   1   0   0  -1   1  -4  -2  -1  -4  -4  -3  -1   0  -5  -4  -2    4   4   4  47   4   4   4   4   4   0   4   4   0   0   0   4   5   0   0   4  0.67 0.40
  105 C     1  -2  -1  -1   6  -1  -1   4   0  -4  -2  -2   0  -5  -4   0   0  -5  -4  -4   11   2   3   4  17   2   3  32   3   0   4   2   2   0   0   7   6   0   0   0  0.64 0.39
  106 T    -1   0   0  -1   0   0   0  -1   2  -1  -1   1   0  -1   0   1   2  -3   0  -1    4   4   4   3   2   3   4   4   7   2   5  12   2   3   5   8  18   0   4   5  0.12 0.15
  107 V     0  -4  -4  -4   2  -1  -3  -1  -3   3   0  -3   1   0   0  -1   0  -3   1   3    6   0   0   0   4   4   0   4   0  20   6   0   4   4   4   4   5   0   4  28  0.34 0.26
  108 M     0   0   0  -2   2   1   0   0   2   0   0   0   1   1  -3   0  -2   3   1   0    6   6   6   0   6   6   6   6   6   6   6   6   6   6   0   6   0   6   6   6  0.09 0.14
  109 V     0  -2  -2  -2   3  -1   0   0   2   1   0  -2   2   1  -2   0   1  -2  -1   0    8   0   0   0   8   0   8   8   8   8   8   0   8   8   0   8   8   0   0   8  0.07 0.11
  110 W    -2  -2  -5  -6   2  -5  -5  -2   0  -2  -1  -5  -4   2  -5  -3  -1  11   1  -2    3   3   0   0   4   0   0   3   2   3   5   0   0   7   0   2   4  57   3   3  2.17 0.81
  111 Q     0   1   0   1   0   2   1   0   1  -1  -1   1  -1  -1  -2   0   0   1  -1  -1    6   9   5   9   2  11   7   5   4   3   6  10   1   2   0   3   6   2   2   6  0.08 0.09
  112 I     0   0   1  -2   3  -2  -2   0  -2   0   0  -2   2   1  -3   0   0   4  -1   0    8   8   7   0   7   0   0   8   0   8   8   0   7   7   0   8   8   7   0   8  0.11 0.13
  113 P    -2  -2   0   0   1  -1  -1  -1  -1  -6  -6  -1  -1  -6   6   1  -1  -6  -6  -1    3   2   4   5   3   3   5   5   2   0   1   3   2   0  45   9   3   0   0   5  1.00 0.57
  114 E     0  -1   1   3   0   0   4  -2  -1  -2  -2   0   0  -2   0   0  -2  -5  -2  -2    7   3   6  18   2   3  24   3   2   2   4   5   2   2   5   6   2   0   2   2  0.36 0.28
  115 N    -1   0   2   3   1   0   2   1   1  -3  -3  -2  -1  -2   0   1  -1   0  -1  -2    4   4  11  17   3   3  14   9   3   1   2   2   2   2   5  10   3   1   2   2  0.28 0.23
  116 G    -2  -4  -1   0  -1  -3   0   6  -1  -3  -2  -4  -1   1  -2  -2  -1  -1   0  -4    4   1   3   5   2   1   6  47   1   2   5   2   1   5   2   4   4   1   3   2  0.83 0.50
  117 L    -2  -3  -2  -2  -6  -2  -1  -2  -3   0   4  -1   0   0   0  -1   0   3  -2  -1    4   2   2   2   0   2   5   4   1   5  34   4   2   4   6   6   6   4   2   5  0.38 0.27
  118 T    -1  -1  -1  -1  -1   0   2  -2   0  -2  -1   1  -1  -2   0   1   3  -1  -1   1    5   3   3   3   1   5  14   3   2   3   6   8   2   2   4  11  15   1   2   9  0.19 0.20
  119 S    -1   2  -1   1   0   2   3  -1   1  -2  -2  -1   2  -3   1  -1   0  -7  -1  -3    4  11   3   7   2   7  17   6   3   2   4   4   4   1   7   6   6   0   2   2  0.24 0.23
  120 P    -2  -2   5   1  -1  -1  -1  -4   1  -3  -4  -2  -1  -2   3   1   1   1  -2  -3    3   2  21   8   2   3   5   2   3   2   2   3   2   2  15  10  10   2   1   2  0.51 0.39
  121 L    -2  -1  -1   2   0  -1  -1  -2   0   2   2  -2   2  -1  -1  -1  -1   1  -1   0    3   3   3  11   2   3   3   3   2  11  24   2   5   3   3   5   4   2   2   5  0.15 0.16
  122 T    -1  -1   0   1   0   0   0  -1   0  -1  -2  -1   1   0   0   1   3  -4   0   0    5   3   5   7   2   4   5   5   3   3   4   4   3   5   5   8  19   0   3   6  0.12 0.17
  123 E     0   0   0   0   2   0   0   0   1   0  -1   0  -1   0   1   0   0  -2   1   0    6   6   5   6   5   5   6   6   5   6   6   6   0   5   6   6   6   0   5   6  0.03 0.06
  124 P     1  -3  -1  -2   2  -3  -1  -4  -1  -3  -3  -8  -8  -2   7  -2  -3   2   0  -4   10   2   3   3   3   2   5   2   2   2   4   0   0   2  47   4   2   3   3   2  1.18 0.75
  125 V    -1  -1  -1   0  -5   0   2  -2   1   0   1  -1   0  -2  -2  -1   0   0  -1   3    4   3   3   5   0   5  12   3   3   5  12   4   2   2   3   5   6   2   2  19  0.18 0.16
  126 V     0  -1  -1  -1   2   0  -1   0   1   0  -1   1   1   1  -1  -1  -1   2   0   2    9   3   3   3   5   4   4   7   3   5   7   8   3   5   3   5   4   3   3  14  0.07 0.07
  127 V    -1   0   0   0   2   0   0  -1   2   0  -1   0   2   1   0  -1   0   4   1  -1    5   5   5   5   5   5   5   5   5   5   5   5   5   5   5   5   5   5   5   5  0.09 0.08
  128 L     0   0  -2   0   2   0  -2  -1   2   0  -1  -2   1   1   0   0   0   3   1   0    6   6   0   6   5   5   0   6   5   6   6   0   5   5   6   6   6   5   5   6  0.04 0.15
  129 E     0   0   0   0  -1   1   1   0   2  -1  -2   1  -1  -3   1   1   1  -4  -2  -1    5   5   4   6   1   6   9   8   5   3   3   9   1   1   7  12   8   0   1   5  0.12 0.13
  130 G     1  -3  -3  -1  -1  -1  -2   5   0  -3  -2  -2  -3  -2   1   0  -2  -2  -2  -2   13   1   1   3   2   2   2  43   2   1   4   2   1   2   6   7   2   1   1   4  0.63 0.40
  131 H    -2  -3  -1  -2  -2  -1  -1  -1   9  -6  -5  -1  -2   0  -2   0  -2  -2  -2  -3    4   1   3   3   1   3   4   5  49   0   1   4   1   3   2   8   3   1   1   2  1.45 0.72
  132 T     0   0   0   1  -2   2   0   1  -1  -3  -3   0  -1  -4   0   2   1  -2  -2  -2    7   6   3   8   1  11   7  10   1   1   2   5   2   0   6  16  10   1   2   3  0.20 0.21
  133 K    -2   4   0   0  -1  -1   0   0   0  -4  -3   4  -2  -2  -2  -1   1   1  -4  -2    2  22   4   6   1   2   7   7   2   0   2  23   1   1   2   4   8   2   0   3  0.41 0.30
  134 R    -1   5  -2  -2  -1  -1  -3  -2  -1  -2  -1   4  -1   0  -1  -2  -2  -5  -2  -2    5  30   2   2   1   2   0   3   2   2   6  29   1   3   3   3   2   0   2   2  0.66 0.40
  135 V    -1  -5  -5  -5   2  -5  -5  -5  -6   4   1  -5  -3  -4  -1  -1   0  -5  -5   5    5   0   0   0   4   0   0   0   0  19  10   0   0   0   4   5   5   0   0  44  0.94 0.48
  136 G    -1  -1   1   0   0  -1   1   2   0  -1   0  -1   0  -1  -1   0   1  -3   1  -1    4   3   6   6   3   2  10  17   3   2   8   3   3   2   2   5  10   0   5   4  0.08 0.10
  137 I     0  -1   0  -1   3   0  -1  -2   1   1   0  -1   0   1  -3   1   0   0   0   0    9   3   4   3   7   6   3   2   4   9  11   3   2   6   0  12   6   1   4   5  0.05 0.08
  138 I    -1  -2  -2  -4   1  -4  -4  -2  -4   3   3  -4   2   0  -4   0   0  -4  -3   3    4   2   2   0   3   0   0   3   0  17  26   0   4   3   0   7   4   0   0  22  0.49 0.29
  139 T     1   1  -1   0   1   2   2  -2   0  -2   0   1  -1  -2  -1   0   0  -4  -1  -1   12   9   2   4   3  10  12   2   2   2   8  10   2   2   2   5   7   0   2   4  0.13 0.14
  140 W    -3  -6  -6  -6   0  -6  -6  -4   0  -3  -2  -6  -1   7   0  -4  -3   9   2  -2    2   0   0   0   2   0   0   2   3   1   3   0   1  40   5   2   2  27   5   4  1.78 0.76
  141 H     0   1   1  -2   3   1  -1   0   2  -2  -1  -1  -1  -2   1   0  -1  -2   2  -2    9   9   9   0   8   9   1   9   9   0   9   0   0   0   9   9   0   0   9   1  0.15 0.13
  142 P    -1  -2  -2   0  -1  -2  -2  -3   0  -1  -3  -2  -4  -5   7  -1  -2  -5  -2  -4    4   2   2   5   2   2   2   2   3   4   3   2   0   0  58   4   2   0   2   0  1.33 0.60
  143 T    -1   0  -1  -3   1  -1  -2  -2   1   0   0   0   1   1  -1   0   2   2   0   0    5   5   3   0   3   3   0   3   4   4  11   7   4   8   3   5  20   3   3   5  0.12 0.15
  144 A     4  -4   0  -1   2  -3  -3  -1   2   0  -1  -3  -3   0  -4   0   0  -4  -3   1   39   0   6   4   5   0   0   5   5   7   4   0   0   5   0   6   5   0   0  10  0.42 0.32
  145 R     0   1   1   2  -3   0   1  -2   0  -2  -1   1  -1  -2   0   1  -1  -3  -1  -1    7   6   6  16   0   4  11   2   3   0   8  11   1   1   3  11   2   0   3   5  0.16 0.15
  146 N    -1  -2   4   3   0  -1  -1   2   0  -3  -3  -1  -1  -1  -2   0  -1   0   0  -1    4   0  28  17   2   2   3  14   2   0   2   3   1   3   2   4   3   2   3   5  0.35 0.25
  147 V     0  -3  -3  -3   3  -2  -3  -3   0   3   1  -3   1   1  -3  -1   0  -2   1   3    5   0   0   0   9   0   0   1   3  21  14   0   4   4   0   4   4   0   5  25  0.27 0.18
  148 L    -1   0  -1  -3   2  -2  -3  -3  -3   2   3  -2   2   1   0  -2   0  -3  -2   1    5   8   5   0   4   0   0   0   0  10  35   0   6   5   5   0   5   0   0  10  0.23 0.18
  149 L     0   0  -2  -3   3  -2  -2   0   2   0   0  -2   2   1  -2   0   0  -2   2   0    8   8   0   0   7   0   0   8   7   8   8   0   7   7   0   8   8   0   7   8  0.08 0.12
  150 S     0  -1   0  -2   1   0  -1  -1  -2  -1  -3  -1  -2   0  -3   3   2   4   0   0    6   4   4   0   3   4   4   4   0   4   0   4   0   4   0  29  12   7   3   9  0.24 0.25
  151 A     3  -1  -1   0   1  -1  -1   0  -4  -1  -1  -2   0  -1  -1   1   0  -4  -1   0   26   3   2   4   3   3   3   8   0   4   5   2   2   3   2  12   6   0   3   7  0.19 0.22
  152 G     1  -2  -1   0   2  -1  -2   2   1  -1  -2  -1   0  -1  -1   3   0  -4  -1  -1   11   2   3   5   4   2   3  18   3   3   3   3   2   3   4  21   5   0   3   5  0.22 0.23
  153 C    -1   0   0   0   2   0   0  -1   2   0  -1   0   2   1   0  -1   0   4   1  -1    5   5   5   5   5   5   5   5   5   5   5   5   5   5   5   5   5   5   5   5  0.09 0.08
  154 D     0   0   1   0  -3   1   0   0   2  -2  -1   0  -2   1  -2   0   0   4   1  -1    6   6   6   6   0   6   6   6   6   0   6   6   0   6   0   6   6   6   6   6  0.10 0.12
  155 N    -2   0   3  -1   2  -1  -1   1   2  -2  -2   0   0  -1   2   0   0   1   1  -2    3   4  14   3   4   3   3  10   4   2   5   7   2   3   9   8   6   2   5   2  0.16 0.18
  156 V     0   0   0   0   2   0   0  -1   1   0  -1   0   1   0   0   0   0  -2   1   0    5   5   5   5   5   5   5   5   5   5   5   5   5   5   5   5   5   0   5   5  0.03 0.05
  157 V    -1  -1  -1  -4   2  -1  -2  -2   0   3   0  -1   2   0  -1  -1  -1   2   0   3    4   3   3   0   4   3   3   4   3  16   9   3   5   3   4   3   3   3   3  20  0.17 0.19
  158 L    -1   0   0   0   2   0   0  -1   2   0  -1   0   1   0  -3   0   0   3   1   0    5   5   5   5   5   5   5   5   5   5   5   5   5   5   0   5   5   5   5   5  0.06 0.10
  159 I     0   0  -2   0   2  -2  -2   0   2   0   0  -2   1   1  -3   0   0   4   1   0    7   7   0   7   6   0   0   7   6   7   7   0   6   6   0   7   7   6   6   7  0.10 0.15
  160 W    -3  -4  -4   1   0  -2  -4  -2   1   1  -1  -2   0   1  -5  -4  -2  10   1  -1    2   0   0   8   2   2   0   4   3   9   5   2   3   5   0   0   2  42   3   5  1.36 0.62
  161 N    -1  -1   3   4  -4  -1  -1  -3   0  -1  -2  -1  -3   1  -1   0  -1  -4   0  -1    5   4  17  30   0   3   2   0   2   5   4   2   0   7   2   8   2   0   3   4  0.36 0.29
  162 V     0  -1  -1  -3   1  -2  -1  -1  -3   2   1  -2   0   0   0  -1   1  -3  -1   2    7   3   4   0   4   0   4   4   0  13  14   0   2   5   6   4   8   0   2  19  0.11 0.14
  163 G     0  -1   1   2   0   0   3   2  -1  -3  -3   0  -2  -3   0   1   0  -4  -1  -2    7   4   5  11   3   4  21  14   1   1   2   4   1   1   5   8   5   0   3   2  0.24 0.22
  164 T     0   1   2   0  -1   0   0  -1   1  -2  -2   1  -1  -4  -1   1   3  -4  -2  -1    8   6   9   4   1   5   5   3   3   2   3   9   1   0   3  13  19   0   1   5  0.20 0.22
  165 A     1   0  -1   0  -1   2   0   4  -1  -3  -3  -1   0  -2   0   0   0  -4  -2  -3   11   5   2   5   1  12   5  29   1   2   2   4   3   2   4   7   5   0   1   1  0.31 0.27
  166 E     0   0  -1   1   0   2   3  -1  -1  -2  -2   1  -1  -2  -2   0   1  -4  -3  -1    9   3   2   7   2  12  20   4   1   1   4   8   1   2   1   7  10   0   0   5  0.22 0.23
  167 E     0   0   0   0   2   0   0   0   1   0  -1   0   1   0   1   0   0  -3  -1   0    6   6   5   6   5   5   6   6   5   6   6   6   5   5   6   6   6   0   0   6  0.03 0.07
  168 L     0   0  -2  -3   0   0  -2  -2   0   2   2   0   1  -1  -1  -2  -1   1  -1   2    7   6   2   2   2   4   3   3   2   9  17   7   3   3   4   3   4   2   2  16  0.16 0.12
  169 Y    -1   0   0   0   2   0   0  -1   2   0  -1   0   2   1   0  -1   0   4   1  -1    5   5   5   5   5   5   5   5   5   5   5   5   5   5   5   5   5   5   5   5  0.09 0.08
  170 R     0   1   0  -1   2   0   1  -1   1  -1  -2  -1   1  -1  -1   1   2  -5   0   0    8   7   4   4   4   4   8   4   3   4   4   4   4   3   4  10  12   0   3   7  0.10 0.11
  171 L    -3  -2  -7  -3   1  -2  -7  -8  -1   4   3  -3   1   0  -2  -2  -1   1  -2   2    2   2   0   2   3   2   0   0   2  21  28   2   3   4   2   3   5   2   2  14  0.69 0.38
  172 D    -1  -1   1   3   0   1   1  -2   1   0  -1  -1  -1   0  -1   0   1   0  -2   0    6   3   6  14   2   5   9   3   4   6   5   4   2   4   3   8   7   1   2   7  0.12 0.11
  173 S     0   0   0   0   2   0   0  -1   1   0  -1   0   1   0   0   0   0  -2   1   0    5   5   5   5   5   5   5   5   5   5   5   5   5   5   5   5   5   0   5   5  0.03 0.05
  174 L     0   0   0   0   3   0  -1   1   1   0  -1   0   1   0   1   0   0  -3   0   0    6   5   5   7   8   4   4  11   4   6   5   4   4   4   6   5   4   0   3   7  0.05 0.08
  175 H    -3  -3   2   0   0  -2  -3  -2   8  -2  -1  -2   1   0  -1  -1  -2   0  -1  -2    3   2   9   5   2   2   2   4  31   3   6   3   3   4   4   6   3   1   3   3  0.87 0.42
  176 P    -1  -1   0  -1  -1   0   2   0   1  -2  -3   1  -2  -3   4   0   1   0  -1  -3    6   3   4   4   1   4  11   8   3   3   3   9   1   1  19   6   7   1   2   2  0.28 0.23
  177 D    -1   0  -1   6   0  -1   2   0  -7  -2  -4  -3  -8  -8  -3   0  -1  -8  -8  -3    5   5   3  40   2   3  12   7   0   3   2   2   0   0   2   7   3   0   0   2  0.94 0.54
  178 L    -1  -1  -1  -2   1   2  -1   0   1   1  -1   1   1  -1   1   0  -1   4   0   0    4   3   3   3   3   9   3   8   3   7   7   7   4   3   8   6   4   6   3   5  0.12 0.11
  179 I     0   0  -2  -2   2   0  -2   0   2   0   0  -1   1   1   1   0   0  -2   1   0    7   7   0   0   6   7   0   7   6   7   7   0   6   6   7   7   7   0   6   7  0.07 0.13
  180 Y    -1  -1  -1  -2   0   3   0  -2   1  -1   0  -1   0   2  -2  -1  -1   4   2  -2    3   2   3   2   2  17   5   2   4   3  10   2   3  11   2   5   4   6   9   2  0.18 0.23
  181 N     0  -1   1   1   3  -1  -1  -1   2  -4  -4  -1  -4  -4  -3   4   1  -5  -4  -4    6   3   6   8   6   3   3   5   4   0   0   3   0   0   0  38   9   0   0   0  0.49 0.43
  182 V     0   0  -2  -3   2   1  -2   0  -2   0   0  -2   2   1   1   0   0   4  -1   0    7   7   0   0   7   7   0   7   0   7   7   0   7   7   7   7   7   7   0   7  0.12 0.14
  183 S     1  -1   0   0   3   0   0  -1   0  -1  -3  -1   0   1   0   2   1  -3   0  -1   12   3   4   6   8   3   4   4   3   3   0   4   3   6   5  18   8   0   3   3  0.15 0.18
  184 W    -5  -1  -6  -6   0  -5  -6  -6  -5  -2  -2  -6  -5   4  -6  -2  -5  11  -1  -4    1   4   0   0   2   0   0   1   0   3   4   0   0  17   0   4   0  59   2   2  2.73 0.99
  185 N    -1  -1   6   1   0  -3  -2  -2   0  -5  -4   0  -4  -5  -3   4  -2  -5  -2  -5    4   3  35   7   2   0   2   2   2   0   2   5   0   0   1  30   2   0   1   0  0.87 0.51
  186 H    -1   1  -2  -1  -2   0   0  -1   2  -2  -1  -2   0   0   4   0  -1   4   3  -2    6   8   1   2   1   4   5   5   5   2   6   2   2   4  18   7   3   5  13   2  0.30 0.24
  187 N    -2  -2   4   5   3  -2  -1  -3   0  -3  -2  -1  -4   1  -2  -1  -1  -2   0  -3    3   2  18  33   6   1   3   2   3   2   4   3   0   5   2   5   4   1   3   1  0.58 0.37
  188 G    -1  -5  -1  -2   1  -4  -4   6  -5  -2  -3  -4  -5  -5  -5   0  -2  -5  -5  -3    3   0   2   2   3   0   0  72   0   2   3   0   0   0   0   6   3   0   0   2  1.42 0.61
  189 S     1   0   1   1  -1   0   0  -2   0  -2  -3   0  -3  -4   0   4   1  -4  -2  -2    9   4   7   7   1   3   5   2   2   2   2   5   0   0   3  34  10   0   1   2  0.34 0.28
  190 L    -1   1   0  -3   0   1  -1  -3   0   0   2   0   2   0  -1  -1   1   0   1   0    3   8   4   0   2   8   4   0   2   2  29   4   5   3   3   2   8   1   5   7  0.14 0.17
  191 F    -1  -3  -3  -3   1  -3  -3  -2  -3   2   2  -3   2   3  -3  -1   0  -2   1   1    4   0   0   0   4   0   0   3   0  13  27   0   6  13   0   5   6   0   4  11  0.28 0.20
  192 C     3  -1  -1  -3   3  -2  -2  -1  -3   0   0  -2   0   0   0   0   0  -3   0   1   36   3   3   0   6   0   0   4   0   4   7   0   2   4   5   4   6   0   3  12  0.23 0.22
  193 S     0   0  -2  -3   1  -1  -2  -1  -3   0  -1  -1   0  -1   0   1   4  -3   0   0    9   4   0   0   3   2   0   3   0   4   4   3   3   3   3  10  37   0   4   7  0.29 0.26
  194 A     1  -3  -1  -2   0  -2  -3   0  -1   0  -2  -2   0  -1  -1   3   3  -4   0   0   13   0   1   1   2   1   0   6   2   6   3   0   3   2   3  22  24   0   3   7  0.29 0.29
  195 C    -1  -2  -1   0   7  -1  -2   1  -1  -3  -2  -2   0  -1  -3   2   2   0  -1  -1    4   1   2   6  25   3   1  10   2   0   3   2   2   2   0  19  12   2   2   3  0.50 0.35
  196 K    -1   2   0  -2  -3   0   0  -1   1  -1  -2   4   0  -3   1   1   0  -4  -3  -1    4   9   4   0   0   4   4   4   3   3   4  34   3   0   7   9   4   0   0   4  0.30 0.26
  197 D    -1  -2   1   4  -3   0   0   2   1  -1  -2  -1  -3  -4   0   0   0  -4  -3  -1    4   0   7  31   0   4   4  14   3   4   4   4   0   0   5   6   5   0   0   4  0.33 0.24
  198 K     0   1   1  -2   2   1  -1   0   2  -2   0   0   1   1   1   0   0  -3  -1  -2    7   7   7   0   7   7   0   7   7   0   7   7   7   7   7   7   7   0   0   0  0.10 0.14
  199 S     0   0   0  -2   2   1   0   0   2   0   0   0   1   1  -2   0   0  -2   1   0    6   6   6   0   6   6   6   6   6   6   6   6   6   6   0   6   6   0   6   6  0.04 0.09
  200 V    -1  -4  -2  -4   0  -4  -4  -2  -4   3   3  -4   1   0  -1  -2  -1  -4  -1   3    4   0   2   0   2   0   0   3   0  20  28   0   3   3   4   3   3   0   2  22  0.45 0.30
  201 R    -1   6  -1  -3   0  -1  -1  -3   2  -2  -1   0  -1  -2  -2  -1  -2  -4  -1  -2    5  48   3   1   2   2   3   2   5   3   6   2   1   1   2   5   2   0   3   3  0.70 0.45
  202 I     0  -1  -1  -3   1  -1  -2  -2   0   2   1  -1   1   1  -3  -1   0  -3   0   2    6   4   3   0   3   3   0   3   3  17   9   3   3   7   0   4   4   0   4  22  0.14 0.15
  203 I    -1  -3  -3  -4   1  -3  -3  -1   2   1   0  -3   1   4   0  -1  -2   4   3   1    4   0   0   0   4   0   0   4   5  11   7   0   4  18   5   6   0   7  11  12  0.35 0.25
  204 D    -2   0   2   6  -5  -1   1  -3   0  -4  -3  -1  -1  -5  -1   0  -3  -5  -4  -2    2   5   7  53   0   3   6   1   2   0   3   3   2   0   3   5   0   0   0   3  0.89 0.47
  205 P     0  -4  -2  -2   0  -1  -2  -1  -1  -1  -2  -3  -1  -2   6  -1  -1  -5  -4  -1    7   0   2   2   2   3   2   5   2   3   3   0   2   2  50   4   4   0   0   5  0.97 0.47
  206 R    -2   7  -3  -2  -5   0  -1  -2   2  -3  -2   0   0  -4  -1  -1  -3  -4  -1  -4    3  60   0   2   0   4   3   3   4   2   4   2   2   0   4   5   0   0   2   0  1.00 0.53
  207 R     1  -1   0  -1   0   1   0  -1  -2  -2  -1   1  -1  -3   0   2   2  -4  -3  -2   10   2   5   3   2   9   4   5   0   1   6  10   1   0   4  19  16   0   0   2  0.20 0.21
  208 G     0  -2   0  -1  -1   0   0   4  -1  -3  -2  -1  -2  -4   1   1  -2  -4  -4  -2    5   2   4   3   1   3   8  40   1   1   4   2   1   0   6  13   2   0   0   3  0.46 0.31
  209 T     0   0   0   0   2   0   0  -1   1   0  -1   0   1   0   0   0   0  -2   1   0    5   5   5   5   5   5   5   5   5   5   5   5   5   5   5   5   5   0   5   5  0.03 0.05
  210 L    -1  -1  -1  -1   1   0   0  -2   0   1   0   0   0  -1   1  -1   0   2  -2   2    5   2   3   4   3   4   7   3   3  10   8   4   3   2   7   4   6   3   0  17  0.08 0.12
  211 V     1  -3  -1  -2   0  -1  -1  -2  -4   2   0  -1   0  -1   2  -1   0   0  -1   2   13   0   3   2   2   3   4   2   0  11   9   3   2   2  13   4   4   1   2  17  0.19 0.21
  212 A     0   0   0   0   2   0   0  -1   1   0  -1   0   1   0   0   0   0  -2   1   0    5   5   5   5   5   5   5   5   5   5   5   5   5   5   5   5   5   0   5   5  0.03 0.05
  213 E    -1   0   0  -1   1   2   3  -2   1  -1  -2   0   1  -1  -1   1  -1   2  -3  -1    5   4   3   3   3  10  23   3   4   3   3   4   4   3   3  12   4   3   0   4  0.23 0.27
  214 R     0   0  -1   0   1   1   1   0   0  -1  -1   0   0   0   0   0   1   1  -1   0    8   5   2   4   3   5  11   6   2   4   3   5   2   4   4   9   8   2   2   8  0.04 0.07
  215 E    -1   0   0   0   2   0   0  -1   2   0  -1   0   2   1   0  -1   0   4   1  -1    5   5   5   5   5   5   5   5   5   5   5   5   5   5   5   5   5   5   5   5  0.09 0.08
  216 K     1   0   0   0   1   0   0  -1   0  -1  -1   1   0  -1   1   1   0  -3   0   0   12   4   5   5   3   4   4   4   3   3   6  10   3   3   7   9   5   0   3   5  0.05 0.07
  217 A     1  -1  -1  -1   3  -1  -1   2   1  -1  -2  -1   0   1   0   0  -1  -3   0   0   13   3   3   3   7   3   3  16   4   4   3   3   3   6   6   7   3   0   3   7  0.11 0.14
  218 H    -3  -2   0  -2   3  -1  -2  -3   8  -2  -2  -2  -1   0   0  -1  -2  -6   0  -3    2   2   4   3   5   3   3   2  42   2   5   2   2   4   5   5   3   0   3   2  1.08 0.67
  219 E     0   0   0   0  -2   1   0   0   1   0  -1   0   1   0   1   0   0  -2   1   0    6   6   5   6   0   5   6   6   5   6   6   6   5   5   6   6   6   0   5   6  0.03 0.06
  220 G    -1  -1   1  -1  -4  -2  -2   5   1  -2  -2  -1  -4  -1  -1   1  -2  -4  -4  -2    4   4   6   4   0   2   2  42   3   2   5   3   0   4   3  13   2   0   0   3  0.54 0.38
  221 A     1   0   0  -1   0   0  -1   0   1   0  -1   0   1   0   1   1   1  -3  -1   0   13   5   5   2   2   3   2   6   5   6   6   5   4   4   7  11   8   0   2   5  0.06 0.09
  222 R    -1   4  -1  -3  -4   0  -1   0   1  -1  -1   4   1  -4  -1  -1  -1  -5  -4  -4    3  23   3   0   0   3   3   7   3   4   5  30   4   0   3   5   4   0   0   0  0.51 0.39
  223 P     0   0   0  -1   1  -1  -1   1   1  -2  -2  -1  -2  -1   3   1  -1   1   0  -1    7   6   5   4   3   3   3  13   4   2   3   2   0   2  17  11   2   2   3   5  0.17 0.18
  224 M     0   0   0  -2   2   1   0   0  -2   0   0  -1   1   1   1   0   0   4  -1   0    6   6   6   0   6   6   6   6   0   6   6   0   6   6   6   6   6   6   0   6  0.08 0.13
  225 R     0   0   0  -2   2   1   0  -1   2  -2  -1   0   1   1   0   0   0   3   1  -1    6   6   5   0   5   5   6   6   5   0   6   6   5   5   6   6   6   5   5   6  0.09 0.14
  226 A     0   0   0  -2   2  -1   0   0  -2   0   0   0   1   0   1   0   0  -2  -2   0    6   6   6   0   6   0   6   6   0   6   6   6   6   6   6   6   6   0   0   6  0.01 0.09
  227 I    -1  -2  -2  -2   1  -1  -1  -2   0   2   1  -1   0  -1  -3  -1   0   2  -2   2    5   2   2   2   3   2   5   2   3  15  17   3   2   3   0   4   7   3   0  20  0.17 0.19
  228 F    -2  -1   0  -2   1   1  -4  -2   1  -1  -1  -4   0   4   0  -2  -1   8   2  -1    3   3   5   3   3   6   0   3   3   3   6   0   3  16   4   3   3  20   6   5  0.60 0.40
  229 L     0  -3  -1  -1   2  -3  -3  -1   1   0   2  -3   1   2   0  -1   0   3   1   0    7   0   3   3   5   0   0   4   3   5  28   0   4   9   5   5   5   5   5   4  0.20 0.21
  230 A    -1   0   1   1   0  -1  -1   4  -1  -2  -1   1  -1  -2   0   0  -1   1  -4  -3    4   5   6   9   2   3   3  31   2   2   6   8   1   1   5   5   3   2   0   2  0.29 0.25
  231 D     0   0   1   0   2   1   0   0   2   0  -2   0   1  -2   1   0   0  -3   1   0    6   6   6   6   6   6   6   6   6   6   1   6   6   0   6   6   6   0   6   6  0.07 0.12
  232 G    -2   0   2   2   0   1   0   1   3  -2  -2   0   0  -1  -1   0   1   1   0  -2    4   5   8  10   2   5   5  11   6   2   4   6   3   3   4   6   9   2   3   2  0.14 0.13
  233 K    -1   0   0   0   2   0   0  -1   2   0  -1   0   2   1   0  -1   0   4   1  -1    5   5   5   5   5   5   5   5   5   5   5   5   5   5   5   5   5   5   5   5  0.09 0.08
  234 V    -1  -1  -1   0   1  -1  -2  -2   0   2   1   0   2   0   0  -1  -1   2   0   1    3   3   3   6   4   3   0   3   3  13  16   6   7   3   4   5   3   3   3  10  0.09 0.12
  235 F    -1  -4  -4  -4   2  -3  -1  -2  -4   1   2  -4   1   4   0   0   0   3   1   0    5   0   0   0   4   0   4   4   0   9  18   0   4  19   5   6   6   4   4   6  0.33 0.24
  236 T     0  -3  -2  -3   0  -1  -3  -1  -3   0   0  -2   1   1  -3   2   3  -3  -2   2    6   0   0   0   2   2   0   3   0   5   8   0   4   7   0  18  27   0   0  14  0.30 0.27
  237 T     0   0  -2  -3   2  -1  -3  -3  -3   0  -1  -2  -2   0  -1   1   4  -3   1   1    7   4   0   0   4   2   0   0   0   4   4   0   0   4   2   9  37   0   5  14  0.38 0.30
  238 G    -1  -2   0  -3   1  -3  -1   6   0  -2  -4  -3  -4  -1   0  -1  -2  -4  -4  -2    3   2   4   0   3   0   5  59   2   3   1   0   0   3   4   3   2   0   0   3  0.85 0.41
  239 F    -1  -2   0  -3   0  -1  -3  -1   4  -2  -1  -1   0   5  -2  -1  -1   1   2  -1    5   2   4   1   2   2   1   6  11   1   3   4   3  36   2   4   3   2   7   3  0.48 0.29
  240 S    -2  -2   1   2  -4  -2  -2   1   0  -3  -1  -1  -1  -2  -2   4   2  -5  -4  -2    2   1   7  12   0   1   2  10   2   1   6   3   1   2   1  34  12   0   0   2  0.43 0.34
  241 R    -1   0   0   0   2   0   0  -1   2   0  -1   0   2   1   0  -1   0   4   1  -1    5   5   5   5   5   5   5   5   5   5   5   5   5   5   5   5   5   5   5   5  0.09 0.08
  242 M    -1   0   0   0   2   0   0  -1   2   0  -1   0   2   1   0  -1   0   4   1  -1    5   5   5   5   5   5   5   5   5   5   5   5   5   5   5   5   5   5   5   5  0.09 0.08
  243 S    -1   3   1  -1   0   0  -2   1   0  -4  -1  -1   0  -2  -2   3  -1  -4   0  -3    4  21   7   3   2   4   2   9   2   0   6   2   3   1   2  25   2   0   3   2  0.31 0.29
  244 E    -1   1   0   2   1   1   3  -2   1  -2  -2   0   1  -1  -3   0   0   0  -1  -1    3  10   3  12   3   6  22   3   3   2   3   4   4   2   0   6   5   1   2   5  0.23 0.22
  245 R    -3   6  -3  -4  -5   0  -2  -2   1  -4  -2   0  -3  -4   0  -1  -1  -4   0  -1    1  59   0   0   0   4   0   3   3   0   3   3   0   0   6   3   3   0   3   5  0.97 0.51
  246 Q    -2   2  -1  -1   3   3   3  -1   0  -2  -2   1   0  -3  -1  -1  -1  -3  -1  -2    1  11   2   2   7  19  25   3   2   2   4   8   2   0   2   3   3   0   2   3  0.35 0.27
  247 L     0  -2  -2  -3   3   1  -2   0  -2   1   0  -2   2   1  -3   0   0   4   2   0    8   0   0   0   7   7   0   8   0   8   8   0   7   7   0   8   8   7   7   8  0.15 0.15
  248 A     2  -1  -1  -2   0  -1  -1   1   0   0  -1   0   0   0  -3   1   0   4   0  -1   20   3   2   0   2   3   2  12   2   7   5   6   3   4   0   9   4   6   4   3  0.12 0.15
  249 L     0  -2   1   0   2   1   0   0  -2   0   0  -1   1   1  -2   0   0  -2   1   0    7   0   7   7   6   7   7   7   0   7   7   0   6   6   0   7   7   0   6   7  0.05 0.11
  250 W    -4   1  -4  -5   0   0  -4  -2   2  -1  -1  -1   1   1  -5  -2  -3   8   4   0    0   9   0   0   2   4   0   4   6   3   6   5   3   5   0   3   0  25  17   8  0.87 0.48
  251 D     0  -1   1   5   0  -1   1  -1   1  -1  -3   0  -1  -2  -1   0  -1  -4  -3  -2    6   3   5  36   2   2   6   5   4   4   2   4   2   2   3   7   2   0   0   2  0.37 0.28
  252 P     0   0   0   0   2   0   0  -1   1   0  -1   0   1   0   0   0   0  -2   1   0    5   5   5   5   5   5   5   5   5   5   5   5   5   5   5   5   5   0   5   5  0.03 0.05
  253 E     0   0   0   0   2   0   0   0   1   0  -1   0   1   0   1   0   0  -3  -1   0    6   6   5   6   5   5   6   6   5   6   6   6   5   5   6   6   6   0   0   6  0.03 0.07
  254 N    -1   0   3   3   2   0  -1  -1   1  -4  -2   0   0  -1  -1   0  -1   2   0  -2    4   5  17  18   5   3   3   4   3   0   4   4   3   3   3   7   4   3   3   3  0.27 0.25
  255 L    -1   0   0   0   2   0   0  -1   2   0  -1   0   2   1   0  -1   0   4   1  -1    5   5   5   5   5   5   5   5   5   5   5   5   5   5   5   5   5   5   5   5  0.09 0.08
  256 E    -1  -1   0   1   1   1   1   1   1  -1  -2   0   0  -5  -1   1   0   2   0  -1    5   3   5   8   3   6  10  10   3   3   4   6   3   0   4  11   6   3   3   5  0.12 0.14
  257 E    -1   0   2   1   0   1   2  -1   0  -1  -2   2   0  -5   1   0   1  -5  -4  -2    4   3   9   6   2   5  15   5   2   3   3  15   2   0   6   8   7   0   0   3  0.22 0.23
  258 P     0  -1  -3  -4   0  -2  -2  -4  -1   1  -2  -2  -2  -2   7   0  -3  -7  -6  -2    7   3   2   1   2   2   2   2   1   9   5   3   1   2  47   7   2   0   0   3  1.07 0.68
  259 M    -3  -2  -2  -2   1  -2  -3  -2  -1   3   4  -2   2  -2  -7  -2  -2   0  -1   2    3   3   2   2   3   2   2   4   2  15  30   2   5   2   0   3   3   1   2  14  0.51 0.30
  260 A     1  -1  -2  -1   1  -1  -1   2   2  -1  -2   2   0  -1  -1   0   1   0   0  -1   12   3   2   3   3   3   3  14   4   3   4  11   3   2   3   6  10   1   4   5  0.14 0.14
  261 L    -2   1   0  -1   1   0   0  -2   1  -1  -1   0   2   2  -1   1   1  -5   0   0    4   6   4   3   3   4   7   3   3   4   6   5   5   8   3  11  10   0   3   7  0.10 0.11
  262 Q    -1   0   0   0   2   0   0  -1   2   0  -1   0   2   1   0  -1   0   4   1  -1    5   5   5   5   5   5   5   5   5   5   5   5   5   5   5   5   5   5   5   5  0.09 0.08
  263 E    -2   0   1   1   1   0   2  -1   0  -2  -2  -1   1  -1   0   1   1   2   0   0    3   4   6   7   3   4  11   5   2   3   4   4   4   3   6  10   8   3   3   7  0.10 0.12
  264 L    -2  -2  -4  -2   2  -3  -4  -2  -4   3   3  -4   2   2  -2  -2  -1  -3   0   2    2   2   0   3   4   0   0   4   0  17  29   0   4   9   2   2   3   0   4  15  0.37 0.27
  265 D    -2  -4   0   7  -5  -1  -1  -1   0  -2  -5  -4  -1  -5   0  -1   0  -6  -5  -2    4   0   4  56   0   3   3   4   2   2   1   0   2   0   6   4   5   0   0   3  1.11 0.60
  266 S     0   1   1  -1   0   1  -1   0   2  -1  -2   0   0  -1  -1   2   1  -3  -1  -1    5   7   6   2   3   8   3   7   7   5   2   4   2   2   3  18  11   0   2   4  0.13 0.19
  267 S     1  -2   0   0   1   0   0   0   0  -1  -2  -1   0  -1   1   2   1  -3   0  -2   10   0   3   6   4   4   4   7   3   4   4   4   3   3   6  23   9   0   3   0  0.14 0.20
  268 N     0   0   1  -1   1   0  -2  -1   2   0  -1  -2   0   0   2   2   1  -3   0   0    7   6   6   3   3   4   0   3   6   6   4   0   3   4   9  20   7   0   3   5  0.13 0.19
  269 G     0   0  -1  -3  -4   0  -1   4  -3  -4  -2  -1   0  -4   1   2   0  -4  -4  -1    7   5   3   0   0   4   3  34   0   0   3   3   3   0   7  17   4   0   0   5  0.43 0.32
  270 A     0  -2   0   0   2   0   0   0   2   0   0  -2   1   1   1   0   0  -2   1   0    6   0   6   6   6   6   6   6   6   6   6   0   6   6   6   6   6   0   6   6  0.05 0.11
  271 L    -2  -2  -1  -4   1  -1  -3  -2  -3   1   3  -3   3   2   0  -2   0   1   0   0    2   2   3   0   3   2   0   3   0   5  35   0  10   9   4   3   5   2   3   6  0.31 0.25
  272 L    -1  -1   1  -1   1   2  -1  -3   1   0   1  -1   3   2  -3   0  -1  -2   1   0    3   3   7   3   3  11   4   0   3   6  14   4   9   9   0   8   4   0   4   4  0.11 0.14
  273 P    -1  -4  -4  -4   2  -4  -4  -4   2   1  -1  -4   2   0   6  -1   0  -5  -4   0    6   0   0   0   4   0   0   1   5   7   6   0   5   5  43   5   5   0   0   7  0.89 0.44
  274 F    -2  -3  -1  -4  -1  -2  -4  -4   3  -1   1  -3   1   6  -4  -2  -2   2   4  -1    2   1   3   1   1   1   1   1   8   3  13   1   3  37   1   3   3   2  13   3  0.75 0.40
  275 Y    -1  -4  -2  -5  -1  -4  -3  -5   1  -1  -2  -4  -2   4  -2  -4  -4   7   7  -1    4   0   2   1   1   0   1   1   3   3   3   1   1  15   3   1   1  15  40   4  1.31 0.61
  276 D    -3  -2  -1   7  -1  -1  -1  -1  -4  -3  -5  -3  -5  -5  -4   0  -2  -5   0  -3    2   2   2  65   1   3   3   4   0   2   1   1   0   0   1   6   2   0   3   2  1.40 0.68
  277 P     0  -1   0   1  -2   1   2  -2   1  -3  -3  -1  -2  -1   3   0   1  -4  -1  -2    7   3   5  10   1   7  16   1   4   1   2   2   1   3  18   6   8   0   3   2  0.31 0.25
  278 D    -1  -2   1   6  -1  -1   0   1  -3  -2  -4  -1  -2  -3  -4   0  -1  -5  -2  -3    5   2   6  44   1   2   6  13   0   2   2   3   1   1   0   5   3   0   1   1  0.70 0.44
  279 T    -1   0   1  -3   0  -2  -2  -2  -1  -1   0  -2  -1  -1   0   1   4  -3   0  -1    5   6   8   0   2   0   2   3   1   3   8   2   2   3   5  12  32   0   4   3  0.29 0.30
  280 S    -1   1   3   0   3   0   0   1   2  -2  -3   0  -1  -3  -1   1  -1  -4  -3  -1    3   9  16   3   7   5   4  13   6   2   2   6   1   0   3  13   3   0   0   4  0.21 0.21
  281 V    -1  -1  -3  -3   1  -1  -1  -1   0   2   1  -1   2  -1   1  -1  -1  -3  -2   2    2   2   0   0   3   2   5   5   2  11  17   2   8   2   9   5   4   0   0  18  0.16 0.18
  282 V    -1  -1  -3  -3   1  -3  -3  -1   0   1   3  -2   1   0   0  -1  -1   2  -2   1    4   3   0   0   4   0   0   5   4   9  31   3   3   4   5   4   4   4   0  13  0.20 0.20
  283 Y    -2  -1  -1  -4   0  -1  -3  -4   1   0  -1  -3   2   4   0  -1  -1   2   5   0    3   3   4   0   2   3   0   0   3   5   5   0   5  21   5   5   3   2  22   7  0.43 0.32
  284 V    -1  -1  -1  -4   2  -3  -1  -2  -4   1   3  -3   1   1   1  -1  -1   3   0   1    4   3   3   0   5   0   4   3   0   7  30   0   3   5   7   6   4   4   3   8  0.26 0.24
  285 C    -1  -2   0   0   2   0   0  -1   1   0  -1   0   1   0   0   0   0   3   1   0    5   0   5   5   5   5   5   5   5   5   5   5   5   5   5   5   5   5   5   5  0.03 0.11
  286 G     0  -2  -1   0   1  -1   0   2  -2   0   0   0  -1   0   0   0   1   2   1   0    6   0   0   7   3   0   5  18   0   6   8   6   0   4   5   6  10   4   5   5  0.08 0.10
  287 K     0   1   1   0   2   1  -1   0  -1   0  -1   0   1  -2  -2   0   0  -2   1   0    7   7   7   7   7   7   0   7   0   7   1   7   7   0   0   7   7   0   7   7  0.07 0.12
  288 G     0  -1   1   1  -2   0   1   1   2  -2  -2   1  -2  -3   2   1   1  -3  -2   0    9   0   9   9   0   0   9   9   9   0   1   9   0   0   9   9   9   0   0   9  0.16 0.10
  289 D    -1   0   0   4   1   0   1  -1   1  -1  -3  -2  -2   0  -3   1   0  -3   0  -1    5   4   3  27   4   3  11   5   4   6   1   0   0   4   0  10   5   0   4   4  0.24 0.19
  290 S    -1   0   0  -2   0   1  -2   2  -1  -2  -2  -1  -3   0   1   2   2  -4  -2  -2    3   6   4   2   2   7   1  19   1   2   4   3   0   4   6  19  12   0   1   2  0.22 0.23
  291 S     0   0   2   0  -1   1  -1  -1  -1  -1  -2   0  -1  -1   0   1   3  -3  -1  -1    8   4  13   4   1   6   3   3   1   4   3   6   2   2   3  12  19   0   1   3  0.16 0.17
  292 I    -1  -4  -2  -1   0  -4  -4  -4  -4   5   1  -4   1   0  -4  -1  -1   1   1   1    5   0   2   4   2   0   1   1   0  44  10   0   4   3   0   5   3   2   4   9  0.61 0.36
  293 R    -1   3   1  -1  -4   0  -3  -1   2   0   0   0   1   1  -1  -1  -1   2   2  -1    4  20   6   3   0   4   0   6   5   6   7   5   3   6   3   4   4   3   7   3  0.18 0.21
  294 Y     0  -1  -1  -3   3  -1  -1  -2   1   0  -1  -1   1   2  -1   0   0   2   4   0    8   3   3   0   6   3   3   3   4   6   6   3   5   9   3   7   5   3  15   5  0.19 0.20
  295 F    -2  -5  -1  -5   0  -5  -3  -3   0  -1   0  -5   1   5  -5  -2  -2   3   6   0    3   0   3   0   2   0   2   2   2   3   7   0   3  26   0   3   3   4  30   6  0.99 0.55
  296 E    -3  -2  -2   0  -6   1   6  -3   1  -6  -4  -1   0  -2  -5  -2  -2  -6  -2  -3    2   2   2   4   0   6  60   3   4   0   2   3   2   2   0   2   2   0   2   2  1.19 0.70
  297 I    -1  -2  -4  -3   0  -1  -4  -3  -1   4   1  -3   0   2  -3  -2  -2   1   2   3    4   3   0   2   2   4   0   2   2  24  13   1   2   9   1   2   2   2   6  20  0.41 0.30
  298 T     0   0   1   1   1   1   0  -2  -1   0  -1  -1   0  -1  -3   1   2   1  -1   0    6   4   7   8   4   6   6   3   1   4   6   2   2   2   0  11  16   2   2   9  0.10 0.15
  299 D    -1  -2   2   4  -4  -2   1  -1  -1  -3  -2  -1  -1  -3   2   1   0  -5  -1  -2    4   2  11  26   0   1   8   5   1   2   5   2   2   1   9   9   5   0   2   2  0.35 0.32
  300 E    -1   0   0   3   0   0   3  -1  -1  -3  -2   1  -2  -2  -1   1  -1  -4  -4  -2    4   5   3  16   2   4  20   5   1   1   3   9   1   1   3  11   4   0   0   4  0.26 0.26
  301 P     2  -2   1   2  -1   0   1  -1   0  -3  -3   1  -2  -3   1   1   0  -4  -2  -2   16   1   5  12   1   3  11   5   2   1   2  11   1   1   8   8   6   0   1   3  0.20 0.23
  302 P     0  -1  -2  -2  -4  -2  -1   0  -2  -2  -2  -1  -2  -2   6  -2  -2  -1  -4  -2    8   4   2   3   0   2   4   8   1   2   4   3   1   2  46   3   2   1   0   2  0.92 0.55
  303 Y    -1  -2  -1  -3  -1  -1  -3  -2   2  -1  -2  -2  -2   3  -1   0   0   3   5  -1    4   2   3   1   1   3   2   3   5   4   4   3   1  12   3   9   7   4  23   5  0.39 0.31
  304 I    -2  -5  -4  -3   1  -3  -4  -6  -2   3   4  -5   1   2  -2  -3  -1  -5  -2   2    3   0   1   1   3   1   1   0   1  18  37   0   2  10   3   2   3   0   1  13  0.65 0.43
  305 H     0   0  -1  -2  -1   1   0  -4   5  -1  -1  -1  -1   2  -2   1   1  -4   2   0    7   4   2   1   1   5   6   0  17   4   6   3   1   8   1  12   9   0   6   6  0.28 0.28
  306 F    -1   0   0   0   2   0   0  -1   2   0  -1   0   2   1   0  -1   0   4   1  -1    5   5   5   5   5   5   5   5   5   5   5   5   5   5   5   5   5   5   5   5  0.09 0.08
  307 L    -2  -3  -2  -4   2  -3  -3  -1  -1   1   5  -3   0  -1  -2  -3  -3   0  -4   2    4   1   2   1   5   1   1   4   1   6  48   1   2   2   3   2   1   1   0  11  0.63 0.44
  308 N     0  -3   3  -1   0  -1  -2   1   0  -3  -2  -2  -1  -2  -1   3   2  -5  -1  -3    6   1  16   3   2   2   2  11   2   1   4   2   2   2   4  23  15   0   2   1  0.39 0.38
  309 T     0  -1   0   0  -1   3   3  -2   2  -2  -2   0  -1  -3   0   0   1  -5  -4  -2    8   3   3   4   1  12  21   2   5   2   4   6   2   1   6   8   9   0   0   3  0.27 0.29
  310 F    -2  -2  -2  -5   3  -2  -3  -4   3   0  -1  -3   1   5  -3  -2  -1   0   6  -2    3   3   2   0   6   2   2   2   7   5   4   2   3  24   2   3   4   1  24   3  0.80 0.52
  311 T    -1   2   1  -1  -1   2  -1  -1   1  -1  -1   1   1  -1  -1   1   1  -4  -2  -1    3  13   7   2   1   9   3   4   3   3   7  11   3   2   3  11   9   0   1   4  0.13 0.17
  312 S    -1  -2  -1  -3   2  -1  -3   0   0  -2  -1  -4  -1   0  -1   4   1  -5  -2  -1    5   2   2   1   4   3   1   8   2   2   6   0   2   5   3  38   9   0   1   4  0.42 0.43
  313 K     0  -1   1   1  -1   0   0   2   0  -2  -3   0  -2  -3   2   2   1  -4  -2  -2    7   2   6   6   1   4   7  14   3   2   3   7   1   1  12  14   8   0   1   2  0.21 0.22
  314 E    -1  -1   1   2  -1   0   3  -1   1  -2  -1   0   0  -2  -1   1   0   0  -3  -1    5   3   6  13   1   4  19   5   3   2   6   5   2   2   2  10   6   1   0   6  0.17 0.20
  315 P    -1  -3  -3  -3  -1   3  -3  -1  -1  -3  -2  -4  -1  -6   6   0  -1  -6  -6  -2    6   1   1   1   1  15   1   5   2   2   4   0   2   0  44   8   3   0   0   3  1.06 0.70
  316 Q    -1  -3  -2  -2   1   5  -2  -2   5   1  -1  -4  -1  -1  -2  -2   1  -1  -2  -1    5   1   2   2   3  31   2   4  15   7   5   0   1   3   2   2   9   1   1   4  0.66 0.53
  317 R    -1   4  -1  -4  -2   2  -2  -3  -2  -1  -1   4  -2  -2  -2  -2   1  -5  -2  -2    4  26   2   0   1  10   1   2   1   3   6  23   1   2   2   3   7   0   2   3  0.55 0.44
  318 G     2  -3  -3  -1   0  -5  -5   6  -6  -6  -6  -2  -6  -6  -6   0  -3  -6  -2  -4   18   2   1   4   2   0   0  58   0   0   0   3   0   0   0   6   1   0   1   1  1.32 0.73
  319 M     0  -2   0  -2   2   0  -2   0   2   0   0   0   1   1   1   0   0   4   1   0    6   0   6   0   6   6   0   6   6   6   6   6   6   6   6   6   6   6   6   6  0.10 0.15
  320 G     1  -1   0   0   3   0   0   2   1  -1  -1  -2  -2  -1  -3   0   0   2   0   0   14   3   4   4   9   4   6  15   3   3   4   0   0   3   0   6   5   3   3   9  0.11 0.15
  321 S    -2  -2  -4  -4  -1  -2  -2  -3  -1   0   2  -2   2   5   0  -1  -2   3   2   0    3   2   0   0   1   2   2   2   1   5  18   2   6  28   6   6   2   4   6   5  0.43 0.33
  322 M     0  -4  -2  -2   0  -1  -4  -2   1   0   3  -3   5   1  -4  -2  -1   2  -1   1    6   0   2   2   2   3   0   3   3   4  30   0  19   5   0   3   3   3   1  10  0.43 0.34
  323 P    -1  -2  -1  -1   2  -2  -4  -3   2  -5  -4  -2  -5  -2   7   0  -2  -5  -2  -1    4   2   3   3   4   2   0   2   4   0   2   2   0   2  54   7   2   0   1   4  1.23 0.67
  324 K    -2   2  -2  -2   1   0  -2  -3   0  -5  -3   7  -2  -6  -1  -2  -3  -6  -5  -3    3  10   1   2   3   3   1   1   2   0   2  62   1   0   4   2   1   0   0   2  1.25 0.71
  325 R    -1   4   0  -1   0   0  -1  -2   0  -1  -2   1  -1  -1   0   0   0   1  -1  -2    5  26   5   4   2   4   2   2   2   3   5   9   2   3   4   9   7   2   2   2  0.26 0.25
  326 G     0   0   0  -1   1   0   0   1   0   0   0  -1   1   0  -3   1   0  -3   1   0    8   4   3   2   4   3   5  12   3   6   9   3   5   3   0  12   7   0   5   6  0.05 0.10
  327 L    -2  -2  -1  -6   8  -5  -2  -2   0  -1   2  -5   1  -1  -6  -4  -2   1  -1   2    3   2   3   0  30   0   3   3   2   3  21   0   4   3   0   0   3   2   3  13  0.94 0.53
  328 E    -3  -1   4   6  -1  -1  -1  -5  -1  -4  -4  -1  -2  -3  -5  -1  -2  -7  -6  -4    3   3  19  47   1   2   4   0   1   1   2   3   1   2   0   5   3   0   0   2  1.18 0.66
  329 V    -1  -3  -6  -6  -1  -1  -5  -4  -2   1  -1  -3  -1  -2  -1  -2   1  -1  -2   6    6   2   0   0   1   2   0   1   1   7   4   2   1   2   4   3   7   1   1  52  0.91 0.55
  330 S    -1   0   0   0   2   0   0  -1   2   0  -1   0   2   1   0  -1   0   4   1  -1    5   5   5   5   5   5   5   5   5   5   5   5   5   5   5   5   5   5   5   5  0.09 0.08
  331 K     0   1   1   1  -4   1   2  -2   0  -2  -2   3   0  -4  -1   1   0  -4  -3  -2    7   6   6   6   0   6  15   2   2   2   2  19   3   0   3  11   6   0   0   3  0.24 0.20
  332 C     1  -2   2  -4   8  -4  -4   0   2  -1  -2  -2  -3   0  -2  -1   0   1  -4   1   10   2   9   0  30   0   0   7   5   3   2   3   0   4   2   4   6   2   0  12  0.73 0.40
  333 E    -2  -1  -1  -3  -6   0   7  -5  -4  -5  -5  -3   0  -6   0  -1  -4  -6  -5  -2    3   3   3   0   0   4  67   1   0   0   1   0   3   0   5   5   0   0   0   3  1.42 0.71
  334 I    -2  -5  -5  -5   0  -5  -5  -5  -5   5   2  -5   1   2  -5  -4  -1  -4  -3   4    2   0   0   0   2   0   0   0   0  35  16   0   2   8   0   0   3   0   0  29  0.91 0.44
  335 A     3  -3   0  -1   0   0  -1   0  -1  -1  -1  -1   2   1   0   0   0  -1  -1   0   30   0   4   3   2   5   2   6   1   2   5   2   7   7   3   6   5   1   1   6  0.17 0.19
  336 R     0   0   1   0   2   1  -1   0   2   0   0   0   1  -2  -2   0   0  -3  -2   0    6   6   6   6   6   6   0   6   6   6   6   6   6   0   0   6   6   0   0   6  0.02 0.11
  337 F     0  -2  -2  -2   3  -2   0   0  -2   1   0  -2   2   1  -3   0   0   4   2   0    8   0   0   0   7   0   8   8   0   8   8   0   7   7   0   8   8   7   7   8  0.13 0.14
  338 Y    -2  -4  -4  -5  -1  -2  -4  -3   1   0   2  -3   1   2  -5  -4  -2   4   6   0    3   0   0   0   1   2   0   3   4   3  24   2   3   9   0   0   2   6  31   5  0.76 0.44
  339 K    -2   4  -1  -3   0   1  -1  -2  -1  -2  -1   4  -1  -2  -4  -1  -2  -4   1  -2    3  24   2   0   2   6   2   2   1   2   5  33   2   1   0   4   2   0   5   3  0.56 0.39
  340 L    -2  -4  -2  -4   0  -2  -4  -2  -1   0   4  -4   1   0  -2  -2  -1  -4  -1   2    3   0   2   0   2   2   0   3   2   3  50   0   2   3   2   2   4   0   2  16  0.55 0.37
  341 H    -1  -1   2   0   2   0   0   0   3  -2  -2  -1  -1  -2  -3   1   3  -1  -1  -2    3   3   9   4   5   3   6   9   7   1   3   2   1   2   0  13  25   1   1   3  0.26 0.26
  342 E     0   0   2   2  -1   1   1   0  -1  -3  -3   2  -2  -4   0   1   1  -4  -2  -3    5   4  10  13   1   8   8   7   1   1   2  14   1   0   4  11   8   0   1   1  0.24 0.21
  343 R    -1   1   3   1  -4  -1   0   0   1  -4  -3   1  -3  -3  -1   2   2  -4  -3  -3    2   6  14   8   0   2   4   7   3   0   3  10   0   1   2  21  13   0   0   1  0.32 0.29
  344 K     0  -1   0  -1   1   0  -1  -1   1  -1  -1   1   0  -1  -2   2   2  -1   1  -1    9   3   5   3   3   3   4   4   3   2   7   9   3   2   1  16  14   1   5   4  0.10 0.15
  345 C    -2  -5  -2  -5   5  -5  -5  -6  -5   5   1  -3   1  -2  -5  -3  -2   2  -4   4    2   0   2   0  13   0   0   0   0  29  13   2   4   2   0   2   2   3   0  24  0.92 0.48
  346 E    -2  -2   0   0  -2   3   4  -3   0   0  -3  -1  -2  -2  -2   0  -2   2   0   0    3   2   4   4   1  12  33   2   2   5   2   3   1   2   2   6   2   2   3   8  0.45 0.36
  347 P    -2  -2  -2  -3  -5  -1  -1  -3   1  -2  -2  -2   1  -2   7  -2  -1  -5   0   0    3   2   2   2   0   2   4   2   3   2   4   2   3   2  50   3   4   0   4   6  1.08 0.61
  348 I    -1  -2  -2  -5  -1  -4  -5  -3  -1   4   2  -4   1   0  -5  -2  -1   0  -1   4    4   2   2   0   1   0   0   2   2  27  15   0   3   3   0   2   4   1   2  28  0.65 0.40
  349 V    -1  -1  -2  -2   0   1  -2  -1   0  -1  -2  -1   0  -2   0   5   0   0  -2  -1    3   4   2   1   2   8   2   4   2   3   5   3   2   1   5  41   5   1   1   4  0.43 0.40
  350 M    -1  -4  -4  -5   2  -4  -4  -2   1   0   0  -4   3   5  -1  -1  -1   4   3   0    4   0   0   0   4   0   0   4   4   6   6   0   8  30   4   4   4   5   9   7  0.60 0.37
  351 T     0   0   0  -1   1   0   0  -1   2   1  -1   0   0   0  -3   0   1  -3   0   0    7   5   4   3   3   5   4   3   7  12   5   4   3   3   0   8  12   0   4   7  0.06 0.11
  352 V    -1  -4  -4  -4   2  -1  -4   0  -4   2   0  -4   1   0   0  -3  -1  -4   0   5    4   0   0   0   4   3   0   8   0   8   9   0   3   3   5   0   3   0   3  45  0.48 0.35
  353 P    -1  -2  -2  -4  -5  -2  -2  -1  -4  -3  -2  -2  -1  -2   7   0  -2   3  -4  -2    4   2   2   0   0   1   2   5   0   2   4   1   1   2  59   6   2   4   0   2  1.37 0.60
  354 R    -2   5  -2   0  -4   1   0  -1   2  -3  -1   2   1  -3  -3   0   0  -4  -3  -3    1  40   0   5   0   7   5   5   4   0   5  10   4   0   0   6   5   0   0   0  0.49 0.29
  355 K     0   1   1   1  -3   1   1   0  -2   0  -2   0  -2  -2   1   0   0   4  -2   0    7   7   7   7   0   7   7   7   0   7   1   7   0   0   7   7   7   7   0   7  0.13 0.12
  356 S     0   0   0   2   0   0   1  -1   1  -1  -2   0   1  -1   1   1   0  -3   0  -1    8   4   4  11   3   5   7   4   4   5   3   7   4   3   5  11   5   0   3   4  0.08 0.09
  357 D    -1   0   0   3  -4   0   3  -1   1  -2  -4   1  -1  -1  -1   0   0  -4   0  -2    3   4   4  16   0   4  22   5   3   2   1  10   2   2   2   8   4   0   4   2  0.30 0.26
  358 L    -1  -1  -1  -1  -1   0   0   0   0   0   1  -1   0   2  -2   0   1  -2   2   0    5   3   3   3   1   3   8   6   2   5  14   3   3  10   2   6   8   0   8   6  0.05 0.09
  359 F    -3  -6  -2  -3  -5  -5  -3  -2  -5   0  -2  -6  -4   8  -6  -3  -2   1   2  -2    2   0   2   2   0   0   2   4   0   4   4   0   0  63   0   2   2   2   7   2  1.67 0.76
  360 Q    -3  -2  -1  -2  -2   7  -2  -4   5  -1  -3  -1   2  -6  -3  -2  -3  -6  -1  -2    2   1   3   2   1  47   1   1  15   4   2   3   5   0   2   3   2   0   2   3  1.19 0.71
  361 D     0  -1  -1   4  -2  -1   2  -2  -1  -3  -4   0  -4   0   1   2   0  -5  -2  -3    6   3   2  27   1   2  14   2   1   1   1   5   0   4   7  13   7   0   1   1  0.44 0.32
  362 D    -3  -5   1   7  -6  -4   2  -3  -5  -6  -6  -1  -2  -2  -2  -2  -5  -6   0  -6    3   0   6  64   0   0  10   1   0   0   0   3   1   2   2   3   0   0   3   0  1.56 0.74
  363 L    -4  -5  -5  -6   0  -1  -3  -6   0   4   5  -2  -2   0  -5  -5  -4  -5   0   1    0   0   0   0   2   3   2   0   2  24  49   3   0   3   0   0   0   0   3   7  0.95 0.50
  364 Y    -5  -2  -2  -6  -6  -1  -2  -6  -3  -3  -3  -5  -2   5  -2  -5  -3  -3   8  -5    0   2   2   0   0   3   2   0   0   1   2   0   1  25   2   0   2   0  56   0  1.92 0.82
  365 P    -4  -2  -5  -2  -3  -3  -2   0  -5  -4  -1   0  -5  -6   7  -2  -2  -6  -6  -4    0   2   0   2   1   1   3   8   0   1   6   5   0   0  64   3   3   0   0   1  1.67 0.76
  366 D    -2  -2   0   4  -5   0   0  -3  -1  -4  -1  -1   1  -5   4   0   0  -5  -4  -1    3   2   4  28   0   5   6   2   1   0   5   3   5   0  18   7   5   0   0   5  0.51 0.35
  367 T     0   0  -4  -3   3  -3  -1  -4  -3  -1  -3  -1  -4  -1  -1  -1   5  -5   0   1    6   5   0   1   7   1   3   1   1   4   1   3   0   2   2   3  46   0   4  10  0.70 0.48
  368 A    -1   0   0   0   2   0   0  -1   2   0  -1   0   2   1   0  -1   0   4   1  -1    5   5   5   5   5   5   5   5   5   5   5   5   5   5   5   5   5   5   5   5  0.09 0.08
  369 G     2  -3  -2   0   0  -2  -3   4  -7  -3  -4  -2   0  -7  -2   3   0   2  -7   0   13   2   2   6   2   2   2  26   0   2   2   3   3   0   2  18   5   3   0   8  0.54 0.40
  370 P    -1  -1  -1   1   0  -1  -1   1   1  -2  -2  -3  -1  -2   3   0   1   6  -1  -2    6   4   4   8   2   3   4  12   3   3   4   2   2   2  12   6   8  10   3   4  0.31 0.26
  371 E    -3  -1   0   1  -1   1   4  -4   1  -1  -3   2   0  -2  -3  -1   1   0  -2   1    3   4   5   7   1   6  24   2   3   4   3  11   2   2   1   4   7   1   2   8  0.36 0.29
  372 A     1  -3  -3  -4  -1  -4  -4  -8  -2  -4  -6  -3  -8  -1   7   1  -1  -1  -1  -4   13   2   1   1   1   1   2   0   1   1   1   2   0   3  52   9   4   1   2   1  1.46 0.87
  373 A     4  -2  -2  -3   2  -3  -3   0  -7  -3  -3  -3  -2  -8  -1   2   2  -1  -2  -1   34   2   2   2   3   1   2   8   0   2   4   2   1   0   4  16  10   1   2   5  0.61 0.44
  374 L    -2  -3  -2  -6   2   1  -4  -4  -1   2   4  -3   5  -2  -6  -3  -1  -5   0   1    3   1   2   0   4   5   1   1   2  10  38   1  12   1   0   2   3   0   3   8  0.68 0.45
  375 E    -2  -3   0   0  -5  -2   1  -2  -2  -3  -4  -3  -5  -6  -3   4   5  -6  -3  -4    2   1   4   6   0   2   7   3   1   1   2   1   0   0   2  30  34   0   1   1  0.89 0.63
  376 A     5  -5  -2  -1   0  -3  -3   0  -5  -1  -3  -3  -3  -2  -1   1  -2  -5  -5  -1   54   0   1   4   2   1   1   5   0   4   2   1   1   2   3  11   2   0   0   5  0.82 0.55
  377 E     1   0   0   3  -1   1   3  -2  -1  -3  -3   0  -2  -5   0   1   0  -5  -3  -3   11   4   3  18   1   6  20   3   1   2   2   6   1   0   5  10   6   0   1   2  0.35 0.30
  378 D     0  -3  -2   3  -6   2   6  -2  -2  -6  -4  -2  -2  -6  -2   0  -3  -6  -3  -4    8   1   1  15   0   9  45   3   1   0   2   1   1   0   2   7   1   0   1   1  0.94 0.60
  379 W    -7  -4  -7  -8  -7  -4  -4  -7  -7  -7  -6  -3  -6   2  -8  -7  -4  12   1  -4    0   1   0   0   0   1   1   0   0   0   0   2   0   7   0   0   1  77   4   1  3.90 1.53
  380 V     0  -2  -4  -5  -2  -2  -2  -5  -2   2   3  -2   2   5  -5  -3  -2   2  -1   0    7   2   1   0   1   2   3   0   1  10  26   3   4  27   0   1   2   3   1   5  0.62 0.39
  381 S     2   0   3   2  -2   0   1  -1  -1  -5  -4   0  -2  -5  -4   2  -1  -5  -2  -3   19   5  12  11   1   4  11   5   1   0   1   6   1   0   0  18   3   0   2   1  0.38 0.33
  382 G    -3  -3  -1  -2  -3  -3  -5   7  -3  -7  -5  -1  -6  -4  -6  -4  -3  -6  -6  -4    2   1   2   2   1   1   1  78   1   0   2   4   0   1   0   1   2   0   0   2  1.82 0.87
  383 Q     0   0   1  -1  -1   2   1  -1   0   0  -2   3   0  -4  -1   1   0  -4  -3  -1    7   4   6   3   1   9   7   5   2   5   2  23   2   0   2   9   4   0   0   5  0.21 0.22
  384 D    -4  -3   6   4  -6   0   1  -4  -4  -4  -4  -2  -2  -6  -2   1   1  -6  -5  -2    1   1  35  24   0   4   7   1   0   1   1   2   1   0   2   9   7   0   0   3  0.95 0.59
  385 A     3   2  -1  -2   1  -1  -1   0   0  -2  -2   2  -2  -4  -1   0  -1  -5  -3   0   25  10   3   2   3   2   3   8   2   2   4  16   1   0   3   6   3   0   1   7  0.24 0.25
  386 N     0  -1   1   2  -3   2   2  -1  -1  -2  -2   0  -1  -3   3  -1   0  -5  -3  -2    9   3   6  10   0   8  14   5   1   2   4   5   1   1  17   4   6   0   0   2  0.29 0.25
  387 P    -1  -1  -4  -5  -4  -2  -5  -4   0  -1  -1  -3  -2  -2   7  -4  -2  -6  -4   2    5   4   1   0   0   2   0   1   2   4   6   1   1   2  53   1   2   0   1  12  1.31 0.71
  388 I    -1   0   1  -1  -3   0  -1  -2  -1   2   0   1   0  -2   2  -1   0  -1  -2   1    4   6   8   2   0   3   3   2   2  12   9  11   2   1  11   3   5   1   1  13  0.12 0.15
  389 L    -2   3  -3  -4  -4  -1  -2  -3  -3  -1   3   3   2  -1  -3  -1   0  -1   0  -1    2  14   1   1   0   2   2   2   0   2  31  16   5   3   1   4   7   1   3   4  0.39 0.32
  390 I    -2  -2  -5  -4  -1  -3  -2  -5  -1   4   0  -2   5   0  -3  -4   0  -5  -2   3    4   3   0   1   1   1   2   0   2  26   8   3  13   3   1   1   6   0   1  24  0.64 0.41
  391 S    -3  -4   1   3  -3  -2  -2  -5  -3  -4  -4  -4  -5  -6  -1   6  -3  -6  -4  -6    1   1   5  16   1   1   3   0   0   1   2   1   0   0   4  61   1   0   1   0  1.35 0.81
  392 L    -3  -4  -3  -4  -5  -3  -5  -6  -2   0   5  -5   5   1  -4  -5  -3  -2  -1  -1    2   1   1   1   0   1   1   0   1   4  60   0  14   5   1   0   1   1   2   3  1.21 0.65
  393 R    -1   3   1   2   0   2   1  -4   1  -5  -4   4  -3  -4  -3  -2  -2  -5  -2  -4    4  17   7  12   2  10  10   1   3   0   2  24   0   1   1   2   2   0   1   1  0.56 0.40
  394 E     0  -3  -1   1  -1  -3   0  -3  -1  -4  -5  -1  -5  -6   7  -1  -1  -6  -4  -4    7   1   3   9   1   1   7   2   2   1   1   4   0   0  49   5   4   0   0   1  1.15 0.65
  395 A     1  -2  -1   0  -1  -2   1   3  -1  -1   0   0  -2  -2   1   1   0  -4  -3  -1   13   1   3   5   1   1   8  22   1   3   9   6   1   1   6   9   4   0   1   4  0.17 0.17
  396 Y     0  -1   0   0   0   0  -1   2   0  -1  -1   0   0   1  -3   0  -1  -2   4  -1    7   4   4   6   2   3   3  15   2   3   5   6   3   7   1   6   3   0  17   3  0.17 0.17
  397 V     0   0  -1   0  -3   0   0  -2  -1   0  -1  -1   5  -1  -1   0   0  -4  -3   2    8   7   3   5   0   4   6   2   1   5   5   3  16   2   4   6   6   0   0  16  0.19 0.21
  398 P     0  -1  -2  -1  -3  -1   0   0  -2  -1  -3  -1  -2  -1   5   1   0  -4  -3  -1    7   3   2   3   1   3   5   8   1   3   3   4   1   3  32  10   6   0   1   4  0.51 0.33
  399 S     1  -2  -1  -1  -1   0   0   0  -1  -1  -1   1  -2  -3   1   2   1   1  -2  -1   11   1   3   3   1   5   5   6   2   3   8  10   1   1   7  16  11   2   1   5  0.12 0.15
  400 K     1   1   0  -1  -2   0   0   0  -1  -1   0   2   0  -2   0   1   1  -3  -1  -1   10   6   4   3   1   3   5   6   1   5   9  17   2   1   4   9   9   0   2   2  0.09 0.12
  401 Q     0   0   1  -1  -3   1   1  -1   1  -2  -2   1   0  -3   2   2   0  -4  -2  -1    7   4   8   2   0   8   7   4   3   2   4  10   3   1  12  15   5   0   1   4  0.19 0.19
  402 R     0   2   0  -1  -1   0   1  -1   0  -3  -1   2  -1  -2   1   0   0  -2  -2  -1    9  13   3   2   1   4  10   4   2   1   5  16   1   2   7   8   4   0   1   5  0.17 0.17
  403 D     1  -2   0   1  -2   0   2  -2  -2  -1  -2  -1  -2  -2   3   1   0  -3  -3   0   11   2   5   9   1   4  14   3   1   3   4   3   1   1  17   9   5   0   0   7  0.27 0.23
  404 L     0  -1  -1  -2  -2   1  -1  -1  -2   0   1   0   0   0   1   0   1  -2  -2   2    9   3   3   1   1   6   4   3   0   5  17   5   1   3   7   6  10   0   0  15  0.10 0.14
  405 K     0   1   0  -2  -1   0   0  -2   1  -2  -2   2  -2  -2   2   1   1  -4  -2   0    7   6   4   2   1   5   6   3   4   1   5  16   1   2  11  12   7   0   1   8  0.19 0.19
  406 V     0   0  -1  -1  -2   0   0  -1   0   0  -1   0   0   0   1   0   1  -3   0   1    9   5   3   4   0   6   5   4   2   6   6   4   2   5   7   7   9   0   3  16  0.05 0.08
  407 S     1   0   0  -1  -3   1   0  -1   2  -1  -2   1  -1  -2   1   2   1  -3  -2   0   10   6   4   3   0   5   6   4   5   3   3   8   2   2   6  15   9   0   1   8  0.11 0.14
  408 R     0   2   0  -1  -3   1   0  -1   0  -2  -2   3  -1  -2   2   0   0  -4  -1  -1    9  12   3   2   1   5   6   5   2   2   3  18   1   1   9   5   6   0   2   6  0.19 0.18
  409 R     0   2  -1  -1  -2   1   0   0  -1  -2  -3   3  -1  -2   2   0   0  -1  -3  -1    6  11   3   2   1   5   5   7   2   2   2  21   2   2  10   8   5   1   1   4  0.24 0.22
  410 N     0  -1   4   0  -2   1   1  -1  -2  -3  -3   1  -3  -3   2   1   0  -4  -2  -1    8   4  18   4   1   6   7   5   1   2   2   8   1   1  12  10   6   0   1   4  0.28 0.25
  411 V     0   0   0  -1  -1   0   0  -1  -1   1   0   0  -1  -2   2   0   0  -2  -1   1    8   5   5   2   1   4   6   4   1  10   8   5   1   1  10   8   6   0   1  11  0.07 0.09
  412 L     0   0  -2  -2  -1   0  -1  -1  -2   0   1   0   0  -1   0   1   1  -3  -1   1    7   6   1   2   1   5   4   4   1   5  17   6   2   2   5  10  11   0   2  10  0.08 0.12
  413 S     1  -1   0   0  -3   0   1  -1   1  -2  -1   1   0  -3   1   2   1  -4  -2  -1   11   2   4   4   0   4   7   4   4   2   5   8   3   1   8  18  10   0   1   3  0.17 0.19
  414 D     0  -1   0   2  -3   1   1   0  -1  -2  -2   0  -1   1   0   1   1  -2  -2  -1    7   3   5  13   0   6   7   6   1   2   3   5   1   6   5  12   8   0   1   5  0.11 0.14
  415 S     0   0   0  -1  -3   1   0  -1  -2  -3  -2   2   0  -3   2   2   0  -3  -2  -1    9   5   5   3   0   6   6   4   1   1   5  15   3   1   9  16   6   0   1   5  0.19 0.21
  416 R     1   2   0  -1  -4   1   1  -2   0  -3  -1   3  -1  -2   2   0   1  -4  -3  -2   12  10   4   3   0   5   7   3   3   1   5  18   1   1   9   6   8   0   1   2  0.22 0.22
  417 P     0  -2  -1  -1  -5   0  -1  -2  -3  -1  -2   0  -1  -3   6   1   0  -5  -2  -2    8   2   3   4   0   4   4   4   1   4   5   5   1   1  35   9   5   0   1   3  0.60 0.43
  418 A     2   0  -1  -1  -3   0   0   0  -1   0  -2   1   0  -3   1   1   1  -4  -2   0   19   5   2   2   0   4   6   6   1   5   4   9   2   1   6   9  10   0   1   7  0.14 0.17
  419 S     1  -1   0  -1  -2   0   1  -1  -2  -2  -1   1  -2  -1   2   2   1  -4  -2  -1   10   3   4   3   1   5   9   4   1   2   5  11   1   3  11  15   8   0   1   5  0.17 0.20
  420 Y     0   0   0  -1  -3  -1   1  -1   0  -1  -1   1  -1  -1   1   1   1  -3  -1   1    8   4   5   2   0   2  10   3   3   2   6  10   1   3   8   9  10   0   2  10  0.09 0.13
  421 S     0  -1   0   0  -2   1   1  -1  -2  -3  -2   1  -1  -3   2   2   1  -2  -3  -1    9   3   5   4   1   7  10   3   1   1   4   9   2   1  10  15  10   1   1   5  0.19 0.21
  422 R     1   2   0  -1  -3   2   1  -2   0  -3  -3   2  -1  -4   2   1   0  -4  -3  -1   10  11   5   2   0   8   9   3   2   1   3  14   2   0   8   9   7   0   1   5  0.23 0.23
  423 S     1   0   1   0  -2   0   1  -1   0  -2  -3   0  -2  -3   1   2   1  -5  -3  -2   11   6   7   5   1   3   9   5   2   2   2   6   1   1   7  18  10   0   1   2  0.21 0.23
  424 G     0   0   1  -1  -2  -1   0   1  -2  -2  -2   2  -2  -3   2   1   1  -2  -3   0    7   4   6   4   1   3   6  11   1   2   4  12   1   1  11  12   8   1   1   7  0.16 0.17
  425 A     2  -1  -1   0  -3   1   0  -1   1  -1  -2   1  -1  -3   2   2   0  -4  -1   0   16   2   2   4   0   6   6   5   3   4   4   8   1   1   9  14   6   0   2   7  0.15 0.18
  426 S     1   0  -1  -3  -3   0   1  -2  -1  -3  -3   1   0  -2   2   3   1  -1  -2  -1   10   5   2   1   1   5   8   3   1   1   3   9   2   2  10  24   8   1   1   5  0.27 0.29
  427 T     1   0   1  -1  -4   1   0  -1  -2  -2  -3   0   0  -3   1   2   3  -5  -2   0   10   4   6   4   0   6   6   4   1   2   2   5   2   1   8  13  19   0   1   6  0.23 0.25
  428 A     1  -1   1   0  -2   0   0   0   0  -2  -2   1  -1  -1   3   1   0  -3  -1  -1   12   3   6   5   0   5   6   6   2   2   4   9   1   4  13  12   6   0   2   4  0.14 0.16
  429 T     0  -1   0   0  -2   1   1  -2  -3  -1  -1   2  -1  -3   2   1   2  -2  -3   0    9   3   3   6   1   5   8   2   0   4   6  11   1   1   9  11  12   1   1   6  0.15 0.18
  430 A     1   1   0   0  -3   0   1  -1   0  -2  -2   1  -1  -2   2   2   0  -4  -2  -1   14   7   4   5   0   4  10   4   2   2   3   8   2   2  11  14   4   0   1   5  0.17 0.18
  431 V     1  -1   0  -1  -3   0   0  -1  -1   0   0   0   1  -2   2   0   1  -4  -2   1   14   3   4   3   0   4   5   4   1   4   9   6   3   1   9   8   7   0   1  13  0.09 0.12
  432 T     1   0   0  -1  -2   0   0  -1   0  -1  -1   1  -1  -1   0   2   1  -3  -1  -1   10   5   4   3   1   4   6   4   2   4   6   7   1   3   5  17  11   0   2   5  0.10 0.13
  433 D     0   0   1   2  -2   1   1  -1   1  -2  -2   1  -1  -4   3   1   0  -3  -3  -1    8   4   6  10   1   6  10   4   3   2   4   7   1   1  13  10   6   0   1   4  0.21 0.20
  434 V     1   0  -1  -1  -3   1   0  -1   0  -1  -1   0  -1  -1   1   1   2  -2  -2   1   10   5   2   2   0   7   7   4   3   3   6   7   1   2   6   9  13   1   1  11  0.09 0.13
  435 P     0  -2  -1   0  -5   0  -1  -2  -1  -2  -2   0   1  -2   6   0  -1  -2  -4  -2    7   2   3   5   0   4   5   3   2   2   5   6   3   2  35   9   3   1   1   3  0.60 0.42
  436 S     1  -1  -1  -1  -2   1   1  -1  -2  -2  -2   1  -1  -2  -1   3   1  -2  -3  -1   12   2   3   4   1   5  10   5   1   2   4  10   2   1   4  22   8   1   1   5  0.22 0.24
  437 G     0  -1   1   0  -3   1   0   1  -1  -1  -2   0  -1  -1   2   1   0   0  -1   0    8   2   6   5   0   6   7  10   1   4   3   7   2   3   9  13   6   1   1   7  0.11 0.12
  438 N     0   0   2   1  -2   0   0  -1  -1  -3  -2   1  -3  -2   2   1   0  -2   0  -1    7   5  10   8   1   4   7   3   1   1   4  11   0   2   9  12   7   0   3   4  0.16 0.17
  439 L     0  -1  -1  -1  -1   1   0   0  -1   0   0   0   0  -1   2   0   0  -3  -1   1    6   3   3   3   1   6   7   6   1   5  11   8   2   2   9   8   7   0   2  10  0.06 0.07
  440 A     1   1   0   0  -3   0   1  -1  -1   0  -1   1  -1  -1   2   1   0  -4  -3   0   11   7   5   4   0   3   8   4   2   7   4   7   1   2   9  14   5   0   1   7  0.11 0.13
  441 G     1  -1   1   1  -3   0   1   0  -1  -1  -1   0  -3  -2   2   1   1  -3  -1  -1   10   3   8   7   0   5   9   6   1   3   6   5   0   2   9  13   7   0   2   4  0.12 0.14
  442 A     1   0   0   0  -4   0  -1  -1   0   0  -1   2  -1  -3   2   2   0  -1  -2  -1   12   4   3   4   0   5   3   5   2   6   5  13   2   1  10  14   5   1   1   5  0.14 0.17
  443 G     0   0   0   1  -3   1   0  -1  -2  -1  -2   1  -1  -2   2   2   1  -4  -2  -1    9   4   4   8   0   6   7   3   1   3   4  10   2   2  11  15   7   0   1   3  0.18 0.19
  444 E     0  -1   1   2  -5  -1   3  -3   1  -2  -2   0   0  -3   1   2   0  -4  -3  -1    7   2   6   9   0   2  22   1   3   3   4   5   3   1   6  15   6   0   1   4  0.29 0.28
  445 A     1   0   1   1  -3   1   2  -1  -1  -1  -2   1  -1  -3   0   1  -1  -3  -2  -1   10   5   6   7   0   7  16   5   1   5   2   8   1   1   4  10   3   0   1   5  0.16 0.18
  446 G     1   0   1   1  -4   1   1   0   0  -2  -3   1  -1  -2   1   1   0  -2   0  -2   13   4   6   8   0   7   9   7   3   2   2   9   2   2   6  10   4   1   3   3  0.15 0.16
  447 K    -1   2  -1   1  -4   1   2  -3  -2  -3  -1   5  -2  -2   0  -1  -1  -5  -3  -4    4  11   2   9   0   5  11   1   1   2   6  31   1   2   5   5   4   0   1   1  0.50 0.38
  448 L    -1   0   0   0   2   0   0  -1   2   0  -1   0   2   1   0  -1   0   4   1  -1    5   5   5   5   5   5   5   5   5   5   5   5   5   5   5   5   5   5   5   5  0.09 0.08
  449 E    -1   0   1   1  -7   1   3  -2   2  -1  -2   0  -6   0   1  -1  -1  -7  -6  -2    5   5   7   8   0   7  20   4   5   4   5   6   0   3   6   5   5   0   0   4  0.29 0.24
  450 E     0   0   0   2  -4   2   3  -1   1  -2  -2   0   1  -2   1   0  -1  -4  -3  -2    7   3   5  10   0  11  22   4   4   2   3   6   4   2   6   6   4   0   0   3  0.26 0.26
  451 V    -1  -1  -1  -1   0   1   0  -3  -1   1   2  -1   2   0  -1  -1   0  -4  -3   1    3   3   2   4   2   6   7   2   2   9  25   4   6   4   3   5   4   0   0   9  0.14 0.17
  452 M     0   0   0  -1  -1   1   0  -2   0   0   1   1   1   1   0   0  -1  -3  -2   1    7   4   4   3   2   9   5   2   2   5  16   9   5   7   4   7   3   0   0   9  0.06 0.11
  453 Q     0   2   0   1  -2   2   3  -2   0  -3  -4   2   0  -3  -2  -1  -1   0  -2  -2    9  10   4   8   1   8  21   2   2   1   0  14   2   1   2   4   3   1   1   2  0.34 0.31
  454 E    -2  -1  -1   1  -6   0   6  -3  -1  -3  -3   0   1  -3  -2   0  -2  -6  -5  -3    4   2   2   8   0   4  52   2   1   1   3   5   3   1   2   6   2   0   0   2  0.92 0.61
  455 L    -1  -1   1  -2  -1  -2  -2  -3  -4   4   1  -2   2   0  -2  -1  -2  -4  -2   2    4   3   9   2   1   2   3   1   0  24  14   2   6   4   2   4   1   0   1  16  0.30 0.26
  456 R     0   4   1   0  -4   1   1  -2   0  -4  -3   3  -2  -4  -2   0  -1  -5  -3  -2    7  20   8   4   0   6   9   3   2   0   2  22   1   0   1   7   3   0   1   3  0.44 0.34
  457 A     1   1  -1  -1  -4   1   1  -2   0  -1  -1   2  -2  -4  -1   3   0  -4  -2  -3    9   8   3   3   0   6   9   3   2   4   5  16   1   0   2  23   5   0   2   0  0.28 0.29
  458 L    -2  -4  -5  -3  -4   1  -2  -3  -2   1   5  -1   3  -3  -3  -3  -1  -5  -4   0    4   0   0   1   0   7   3   2   1   8  51   4   7   0   1   2   3   0   0   5  0.69 0.47
  459 R    -2   3  -1  -3  -2   1   1  -4  -2  -3  -3   5  -2  -3  -3   0  -1  -6  -5  -2    2  18   3   1   1   7   7   1   1   1   2  42   1   1   1   6   3   0   0   2  0.82 0.54
  460 M     2  -1   0   2  -3   0   2  -1  -1  -2  -2   0   0  -4  -2   1   0  -4  -2  -2   23   2   5  12   0   5  14   4   1   2   4   6   2   0   1   8   6   0   2   2  0.23 0.24
  461 L    -1   0  -2   0  -3   1   2  -2   0   1   0   1   2  -3  -1  -1   2  -4  -2   0    5   5   1   4   0   6  15   2   2   7  10   9   6   0   2   4  15   0   1   6  0.15 0.19
  462 V    -1  -4  -1  -2  -3  -2  -2  -3  -2   2   2  -3   0  -2  -4  -2  -1  -2  -1   4    5   0   4   3   0   2   2   2   1  12  21   2   2   1   0   2   3   1   2  36  0.50 0.36
  463 K     1   1   1   0  -1   1   1  -2  -1  -2   0   2  -1  -3  -2   1   0  -4  -3  -1   12   8   5   5   1   8   7   2   1   1   9  15   2   0   2  10   6   0   1   5  0.15 0.18
  464 E     0  -1   1   1  -3   2   2  -1  -1  -3  -2   3  -3  -3  -3   1   0  -2  -2  -3   10   2   5   7   1  10  16   5   2   1   3  19   0   1   1  11   4   1   1   1  0.32 0.30
  465 Q    -1   2  -2  -1  -5   5  -1  -5   2  -3   2   2   0  -3  -2  -3  -3  -5  -2  -2    4   9   2   4   0  30   2   0   6   1  18  14   2   1   1   1   1   0   1   2  0.62 0.48
  466 G    -1   0   1   4  -5   1   4   0  -3  -5  -5   0  -2  -5  -2   0  -2  -2  -3  -4    4   6   7  27   0   5  29   7   0   0   0   4   1   0   1   6   1   1   1   1  0.69 0.47
  467 E     0   1   2   1  -3   1   2  -3   0  -2  -3   3  -2  -4  -3   0   0  -5  -3  -1    8   8   8   8   0   6  17   1   2   3   1  18   1   0   0   6   6   0   0   6  0.31 0.28
  468 R    -3   6  -2  -1  -3   1   1  -3   0  -4  -3   3  -1  -5  -4  -1  -2  -3  -4  -3    2  48   1   3   1   5   8   2   2   1   2  16   2   0   0   3   2   0   0   2  0.97 0.58
  469 I    -3  -5  -2  -1  -4  -5  -2  -6  -6   7   0  -5  -1   0  -3  -4  -3  -5  -4   2    1   0   2   3   0   0   3   0   0  62   9   0   1   3   2   1   1   0   0  10  1.25 0.65
  470 S     1   3   0   2  -1   1   1  -1   0  -3  -3   2  -1  -4  -3   1   0  -2  -3  -2   14  16   4  13   1   7   6   3   2   1   2  11   1   0   0   9   7   1   0   2  0.27 0.25
  471 R     0   1   1   0  -3   3   2  -3   0  -4  -3   3  -1  -3   0   0  -1  -4  -2  -1    8   6   7   4   1  17  12   0   3   0   1  23   2   1   3   4   3   0   2   4  0.38 0.33
  472 L    -3  -5  -4  -4  -5  -3  -5  -6  -6   0   6  -2   1  -2  -6  -4  -3  -5  -4  -1    2   0   1   1   0   1   0   0   0   4  79   3   3   1   0   1   1   0   0   2  1.38 0.71
  473 E    -3  -1  -3  -1  -7   2   7  -6  -4  -6  -2   0  -2  -6  -2  -2  -2  -6  -5  -4    1   3   1   2   0   7  70   0   0   0   4   6   1   0   2   2   2   0   0   1  1.46 0.80
  474 E     0   0   1   2  -4   2   3  -2   0  -2   0   1  -2  -4  -2   0  -1  -4  -3  -3   10   5   5  10   0  10  22   1   2   1  11   8   0   0   1   8   4   0   0   1  0.28 0.26
  475 Q    -2   1  -1  -1  -5   5   4  -4  -2  -2  -3   4   0  -4  -4  -2  -1  -5  -4  -4    2   6   2   2   0  27  25   0   1   2   2  23   3   1   0   2   3   0   0   0  0.82 0.52
  476 L    -1  -2  -2  -4  -3  -3  -4  -4  -4   2   4  -1   3   1  -3  -2  -2  -4  -3   2    3   1   2   1   0   0   0   0   0  11  38   5   8   6   1   2   2   0   0  18  0.51 0.33
  477 G     2   0   0  -1   1   0   1   0  -3  -3  -3   1  -2  -4  -1   2   1  -4  -3  -2   22   5   5   2   3   3   9   8   0   0   1  11   0   0   3  17   8   0   0   2  0.26 0.25
  478 R    -1   2   3   1  -4   2   1  -3  -2  -4  -3   4  -3  -3  -3   1  -1  -5  -4  -4    3  12  15   8   0  10   9   0   0   0   3  26   0   1   0   9   3   0   0   0  0.50 0.35
  479 M    -1  -2  -2  -4  -3  -2  -2  -4  -2   3   3   0   2   0  -4  -2  -1  -3   1   1    4   2   2   0   0   1   2   0   1  18  39   6   7   3   0   3   3   0   5   6  0.40 0.28
  480 E    -2   1   0   2  -5   2   4  -3  -2  -4  -4   3  -3  -5  -3  -1   2  -5  -4  -2    1   7   3  14   0   7  27   1   0   0   1  18   0   0   0   2  16   0   0   2  0.58 0.39
  481 N    -2  -2   7   4  -5  -2  -2  -2  -2  -4  -5  -1  -1  -5  -4   0  -1  -6  -5  -4    2   1  53  27   0   1   0   2   0   1   0   3   2   0   0   4   3   0   0   1  1.19 0.56
  482 G    -1  -3   2   0  -4  -2  -1   6  -3  -5  -5  -1  -4  -5  -4   2  -3  -5  -5  -5    2   0   9   6   0   1   4  61   0   0   0   3   0   0   0  14   0   0   0   0  1.07 0.46
  483 D    -3  -3   4   6  -5   1   2  -3  -2  -5  -5  -2  -4  -5  -3   1  -2  -6  -4  -5    0   0  18  53   0   8  10   0   0   0   0   0   0   0   0  11   0   0   0   0  1.11 0.40
  484 T     2  -2  -1  -2  -2  -1  -2  -2  -2  -3  -3  -1  -2  -3  -2   4   4  -4  -3  -2   24   0   0   0   0   0   0   0   0   0   0   0   0   0   0  45  30   0   0   0  0.63 0.22

                      K         Lambda
Standard Ungapped    0.1346     0.3178
Standard Gapped      0.0377     0.2670
PSI Ungapped         0.1233     0.3176
PSI Gapped           0.0377     0.2670
