
Last position-specific scoring matrix computed, weighted observed percentages rounded down, information per position, and relative weight of gapless real matches to pseudocounts
            A   R   N   D   C   Q   E   G   H   I   L   K   M   F   P   S   T   W   Y   V   A   R   N   D   C   Q   E   G   H   I   L   K   M   F   P   S   T   W   Y   V
    1 M    -6  -6  -7  -8  -6  -6  -7  -8  -7   1   6  -6   7  -4  -7  -6  -5  -6  -5  -1    0   0   0   0   0   0   0   0   0   5  66   0  26   0   0   0   0   0   0   2  1.87 0.75
    2 A     2  -2  -2  -1  -5   0   4  -4   1  -4  -4   0  -4  -4  -3   3   2  -6  -4  -2   20   1   1   2   0   3  24   0   3   1   1   4   0   0   1  21  14   0   0   2  0.56 0.39
    3 Y    -2  -2  -4  -5  -3  -5  -3   6  -4  -2   1  -4  -4  -3  -2  -3  -1  -4  -1   1    2   2   0   0   0   0   2  56   0   2  14   1   0   1   2   1   4   0   2  11  0.98 0.50
    4 H    -7  -6  -2  -7  -5  -3  -5  -7  11  -5  -2  -6  -7   0  -4  -6  -7  -7   2  -7    0   0   2   0   0   1   0   0  80   1   4   0   0   4   1   0   0   0   6   0  3.18 1.13
    5 S    -3  -2   0  -2  -3   5  -1  -3   2  -5  -5  -1  -5  -5  -3   4   3   0  -4  -5    1   1   4   2   0  24   4   2   4   0   1   3   0   0   1  36  16   1   0   0  0.91 0.57
    6 F    -2  -1   1   1  -3  -2  -1   3   3  -2   0  -2  -2   4  -3  -1  -2  -1   0  -2    2   3   6  10   0   1   3  25   7   1  10   2   1  18   1   4   1   1   3   2  0.36 0.22
    7 L    -3  -3  -1  -3  -4  -2  -3   1   9  -3   1  -3  -2   1  -4  -2  -3   5  -1  -2    2   1   2   1   0   1   1   9  43   2  15   1   1   5   1   2   2   7   1   2  1.22 0.50
    8 V     0  -2  -1  -1  -1  -1  -1  -2   0   0   1  -2  -1  -2  -1   1   4  -3  -2   1    8   1   2   3   1   2   3   3   3   4  12   2   1   2   3  10  28   0   1  11  0.25 0.19
    9 E    -1   0   2   5  -4   0   2   1  -1  -4  -4  -1  -4  -5  -3   0  -2  -5  -4  -3    5   4   9  31   0   4  15  11   2   1   2   4   0   0   1   7   2   0   0   2  0.57 0.32
   10 P     1   0  -1  -2   2  -2  -1  -1  -3  -3  -4  -2  -4  -4   5   3   0  -1  -3  -1    9   5   3   2   5   2   3   5   1   1   1   1   0   0  25  26   5   1   1   4  0.58 0.37
   11 I    -5  -8  -8  -8  -4  -6  -8  -8  -8   5  -2  -7  -3  -5  -7  -6  -5  -8  -6   7    0   0   0   0   0   0   0   0   0  30   3   0   0   0   0   0   0   0   0  65  2.04 0.85
   12 S    -2   3   2  -4  -1  -1  -2  -4  -1  -2  -2  -1  -2  -1  -2   1   4   5   2  -2    2  14  11   0   1   2   1   1   1   2   4   2   1   2   2  11  24   9   6   2  0.51 0.37
   13 C     1  -4  -4  -1   7  -5  -5  -2  -6  -6  -5  -5  -6  -6  -5   6  -1  -7  -5  -4   12   1   0   4  19   0   0   3   0   0   1   0   0   0   0  56   2   0   0   1  1.51 0.76
   14 H    -2  -6  -6  -7  -1  -6  -6  -6   7   1  -2  -6  -2  -2  -5  -5  -5  -7  -3   6    3   0   0   0   1   0   0   0  23   6   3   0   1   1   0   0   0   0   0  58  1.68 0.75
   15 A     6  -6  -5  -5   2  -4  -5  -3  -5  -4  -6  -5  -4  -7  -6   1  -2  -7  -6   0   71   0   0   0   3   0   0   1   0   1   0   0   0   0   0  11   3   0   0   7  1.56 0.78
   16 W    -8  -8  -9 -10  -5  -8  -9  -9  -7  -3  -5  -9  -6   8  -9  -7  -8   9   3  -5    0   0   0   0   0   0   0   0   0   1   0   0   0  63   0   0   0  27   7   1  3.05 1.14
   17 N    -4  -5   5  -5  -7  -5  -6  -5  -3  -8  -7  -5  -7  -5  -6   7  -3  -8  -7  -7    0   0  21   0   0   0   0   0   0   0   0   0   0   0   0  75   1   0   0   0  2.15 1.04
   18 K    -1   1  -4  -6  -6  -2  -3  -2   0  -7  -5   0  -7  -7   8  -2  -5  -8  -6  -7    6   7   1   0   0   2   1   3   2   0   1   5   0   0  66   3   0   0   0   0  1.87 0.87
   19 D    -6  -6   0   8  -9  -4  -3  -6  -6  -8  -8  -3  -8  -8  -6  -2  -5 -10  -8  -9    0   0   4  87   0   1   1   0   0   0   0   2   0   0   0   3   0   0   0   0  2.69 1.09
   20 R    -3   3  -3  -5  -4  -2  -5   7  -1  -8  -5  -1  -5  -6  -7   0  -5  -7  -6  -6    2  14   1   0   0   2   0  67   1   0   1   3   0   0   0   6   0   0   0   0  1.59 0.74
   21 T    -2   2   0  -1  -5   3  -2  -4  -1  -4  -4   3  -3  -6  -5   2   4  -6  -5  -5    3  11   4   3   0  12   2   0   2   1   1  20   1   0   0  16  25   0   0   0  0.70 0.47
   22 Q    -4   4  -4  -5  -1   5  -2  -6   2  -1   0   0   3  -3  -5  -3   3   1  -1  -4    0  21   0   0   1  23   2   0   5   3   8   6   7   1   0   1  16   2   2   1  0.71 0.48
   23 I    -5  -7  -8  -8  -2  -7  -7  -8  -7   6   5  -7  -2  -2  -7  -7  -5  -7  -5   3    1   0   0   0   1   0   0   0   0  36  44   0   0   1   0   0   0   0   0  17  1.50 0.67
   24 A     7  -7  -6  -7  -4  -6  -6  -5  -7  -3  -4  -6  -6  -7  -6  -3  -4  -8  -7   3   77   0   0   0   0   0   0   0   0   1   2   0   0   0   0   1   1   0   0  17  1.90 0.90
   25 I    -3  -6  -5  -6  -4  -5  -5  -5  -6   0   0  -5  -3  -3  -6   6   1  -7  -4   1    1   0   0   0   0   0   0   1   0   5  11   0   1   1   0  63   8   0   1   9  1.32 0.76
   26 C     3  -6  -5  -5   5  -6  -6   6  -6  -6  -7  -6  -6  -7  -6   2  -2  -7  -7  -4   21   0   0   0  10   0   0  48   0   0   0   0   0   0   0  16   3   0   0   1  1.41 0.70
   27 P    -2  -4  -3  -3  -2  -3  -5  -1  -1  -7  -3  -4  -5  -6   3   6  -3  -7  -5  -5    2   1   1   1   1   1   0   4   1   0   3   1   0   0  16  65   1   0   0   1  1.46 0.80
   28 N    -1   0   5   3  -3  -2   0   0   2  -5  -3  -2  -2  -2  -4   0  -2   4   1  -3    5   4  26  17   1   1   6   8   4   0   3   1   1   1   0   7   2   5   6   2  0.53 0.36
   29 N    -6  -6   3   8  -8  -5  -3  -4  -4  -8  -7  -4  -7  -8  -6  -1  -2  -8  -6  -7    0   0  15  72   0   0   1   1   0   0   1   1   0   0   0   5   3   0   0   0  2.17 0.93
   30 H    -3   1   5  -1  -1   2   0   0   4  -6  -6   3  -2  -4  -3   0  -1  -3  -2  -6    1   7  25   2   1   8   5   6   9   0   0  20   1   1   1   6   3   0   1   0  0.66 0.42
   31 E    -3  -4  -2  -1  -4  -3   2  -6  -5  -3  -5  -2  -2  -5  -5   0   7  -7  -6  -3    2   1   1   3   0   1  15   0   0   1   1   2   1   0   0   6  63   0   0   2  1.48 0.77
   32 V    -2  -7  -7  -8  -3  -7  -7  -8  -8   5  -1  -7  -3  -5  -7  -6  -4  -7  -6   6    4   0   0   0   0   0   0   0   0  29   5   0   0   0   0   0   1   0   0  59  1.76 0.77
   33 H    -5   6  -2  -5  -1   0  -2  -6   5  -3  -4   4  -4  -4  -6  -4  -4  -1  -1  -5    0  47   1   0   2   3   2   0  13   2   2  22   0   1   0   1   1   1   2   1  1.40 0.68
   34 I    -5  -7  -7  -8  -6  -6  -7  -8  -7   6   4  -7  -2  -3  -7  -6  -5  -7  -6   3    0   0   0   0   0   0   0   0   0  43  39   0   1   1   0   0   0   0   0  15  1.56 0.69
   35 Y    -6  -7  -9  -5  -4  -7  -9  -9  -5  -7  -5  -9  -6   0  -9  -8  -8  12   5  -8    1   0   0   1   0   0   0   0   0   0   1   0   0   3   0   0   0  74  19   0  4.06 1.45
   36 E    -3  -2   2   7  -5   0   1  -4  -2  -7  -8   1  -7  -8  -6  -1  -4  -8  -7  -6    3   2   9  59   0   3   6   1   1   0   0   9   0   0   0   4   1   0   0   0  1.53 0.72
   37 K     3  -1  -3  -5  -3  -3  -4  -3  -4   1  -1   1  -2  -2   0  -2   1  -1  -4   3   30   4   1   0   0   1   0   1   0   6   6  10   1   2   5   2   9   1   0  22  0.44 0.34
   38 S     2  -1   1   1  -2   1   2  -1   0  -3  -3   1  -2  -3  -2   1   1  -5  -2  -1   17   3   5   8   1   7  12   4   3   1   1   7   1   1   1  12  11   0   1   4  0.22 0.21
   39 G    -2  -4  -1  -2  -3  -3  -2   2  -6  -4  -6  -4  -4  -5  -4   2   6  -7  -6  -3    3   1   3   2   0   1   2  15   0   1   0   1   0   0   1  16  51   0   0   2  1.16 0.66
   40 A    -1  -2   0  -2  -5  -3  -4   7  -4  -6  -6  -1  -6  -6  -4   1  -3  -6  -5  -6    4   2   5   3   0   1   1  67   0   0   1   3   0   0   1  10   1   0   0   0  1.47 0.67
   41 K     0   1  -1  -1  -2   4   2  -1  -1  -3  -3   3  -2  -3  -2   0   0  -3  -2  -3    8   6   2   3   1  22  14   5   1   1   2  17   1   1   2   5   5   0   1   2  0.42 0.26
   42 W    -1  -1  -1  -2   5  -1  -1  -1   0  -1   0  -2  -1   1   0  -1  -1   8   1  -1    5   3   3   3  11   3   4   5   2   4   9   3   2   5   6   4   3  19   4   4  0.47 0.16
   43 N     1   1   0   0  -2   2   1  -1   0  -1  -1   1  -1  -2  -1   0   1  -2  -2   1   13   7   4   3   1   8  10   3   3   3   4   8   1   1   2   7   8   0   1  11  0.10 0.09
   44 K     0   1  -2  -2   5   1   2  -3   0  -1   1   2  -1  -3   0  -1  -1  -4  -3   0    6   6   2   1  11   8  12   2   2   4  16  13   1   1   4   3   2   0   0   6  0.23 0.19
   45 V     0  -3  -3  -4  -2  -1  -1   0  -4   3   3  -1   0  -2  -3  -2   0  -4  -3   2    7   1   1   1   1   3   4   7   0  15  34   3   2   1   1   2   5   0   0  13  0.36 0.23
   46 H     0   2  -1   0  -2   3   0  -2   6  -3  -2   1  -2  -2  -3   0  -1  -3   0  -3    9   9   2   5   1  14   5   4  21   1   5   9   1   1   1   6   3   0   2   1  0.46 0.29
   47 E    -2  -2  -3  -4  -4  -1   1  -4  -5  -1  -4  -1  -3  -5   2  -1   6  -6  -5   1    3   2   1   0   0   2  10   1   0   3   1   4   1   0  10   5  47   0   0  10  0.87 0.53
   48 L    -6  -6  -8  -8  -6  -6  -8  -8  -7  -1   7  -7   0   2  -5  -4  -6  -4  -4  -4    0   0   0   0   0   0   0   0   0   3  83   0   2   9   1   1   0   0   0   0  1.93 0.84
   49 K    -2   0  -1  -1  -2   3   3  -4   0  -4  -4   4  -4  -4  -4   1   2  -4  -3  -3    3   5   2   2   1  14  22   1   3   1   2  22   0   1   0  10  11   0   1   1  0.58 0.40
   50 E    -4  -5  -4  -1  -4  -1   2   7  -5  -7  -8  -2  -6  -7  -7  -2  -6  -8  -8  -6    1   0   0   4   0   2  15  71   0   0   0   2   0   0   0   2   0   0   0   0  1.77 0.81
   51 H    -8  -6  -4  -6  -6  -4  -6  -8  11  -9  -9  -7  -8  -6  -7  -7  -8  -8  -2  -9    0   0   1   0   0   1   0   0  96   0   0   0   0   0   0   0   0   0   1   0  4.29 1.50
   52 N    -2  -2   2   3  -3  -1  -1  -2  -2  -3  -3  -2  -4  -5  -4   3   4  -4  -5  -4    3   3   8  17   1   3   3   3   1   1   2   1   0   0   1  23  29   0   0   1  0.70 0.47
   53 G    -1   0   2   4  -3   1  -1   3   1  -5  -2   0  -1  -4  -5   1  -3  -6  -4  -5    4   4  11  22   0   5   2  21   4   0   5   4   2   1   0  12   0   0   0   0  0.49 0.34
   54 Q    -1   2  -2  -2  -2   0  -1  -1   2  -2  -1  -2  -3  -1   0   2  -1   8   1  -2    4  11   2   2   1   3   3   5   5   2   7   1   0   2   6  15   4  19   4   3  0.50 0.34
   55 V    -4  -8  -4  -8  -5  -7  -8  -7  -8   4  -4  -7  -2  -5  -7  -7  -5  -8  -6   7    1   0   1   0   0   0   0   0   0  18   1   0   1   0   0   0   0   0   0  78  2.20 0.92
   56 T    -3   2   2  -3   0  -1  -2  -4  -1  -2  -2  -2  -1  -1  -5   1   4   5   1  -3    1  12  10   1   2   3   2   1   1   2   5   2   2   3   0  10  30   9   5   1  0.59 0.42
   57 G     1  -4  -4  -3   1  -4  -5   3  -6  -7  -6  -5  -6  -6  -6   6  -1  -7  -6  -6    8   1   0   2   3   0   0  17   0   0   1   0   0   0   0  64   3   0   0   0  1.46 0.78
   58 I    -3  -7  -7  -8  -4  -7  -7  -7  -3   4  -1  -7   0  -3  -7  -6  -4  -7  -6   7    2   0   0   0   0   0   0   0   1  20   6   0   2   1   0   0   0   0   0  68  1.79 0.78
   59 D     5  -5  -3   4   0  -4  -4  -3  -4  -3  -5  -4  -4  -6  -2   0  -1  -7  -4   1   51   0   1  20   2   0   0   1   0   1   0   0   0   0   2   7   3   0   1   9  1.01 0.59
   60 W    -7  -8  -7  -9  -1  -8  -8  -4  -4  -2  -5  -8  -6   8  -7  -8  -7   9   2  -5    0   0   0   0   1   0   0   2   0   2   1   0   0  58   0   0   0  29   6   1  2.80 1.06
   61 A     2  -3  -1  -4   0  -5  -5  -3   0  -7  -5  -4  -6  -5  -3   7  -3  -7  -5  -5   13   1   3   1   2   0   0   1   2   0   1   1   0   0   2  72   1   0   0   0  1.61 0.83
   62 P    -1  -3  -5  -6  -7  -3  -6  -6   0  -6  -5  -3  -7  -6   8  -2  -4  -5  -3  -6    4   1   0   0   0   1   0   1   3   0   1   1   0   0  80   3   1   0   1   0  2.49 1.04
   63 E    -5  -3   3   7  -5  -3  -1  -4  -1  -5  -7   1  -7  -7  -6  -1  -3  -8  -4  -4    0   1  11  64   0   1   4   1   1   1   0   8   0   0   0   4   2   0   1   1  1.66 0.76
   64 S    -4  -3  -2  -5  -4  -5  -5   7   0  -7  -6  -4  -5  -7  -6   2   1  -3  -7  -7    0   2   1   0   0   0   1  67   2   0   1   1   0   0   0  16   8   0   0   0  1.62 0.75
   65 N    -2   2   4   1  -4   3  -2  -2   0  -4  -4   3  -3  -5  -4   0   2  -5  -4  -4    4   9  19   7   0  12   2   2   2   0   2  19   1   0   0   8  12   0   0   0  0.56 0.38
   66 R    -3   6  -3  -5  -1   3  -3  -6   2  -1  -1   1   1  -3  -6  -3   3   1  -2  -3    2  36   0   0   1  13   0   0   4   3   6   8   3   1   0   1  16   2   1   1  0.81 0.50
   67 I    -5  -7  -8  -8  -6  -7  -7  -8  -7   6   4  -7  -1  -4  -7  -7  -5  -7  -2   2    0   0   0   0   0   0   0   0   0  46  38   0   1   0   0   0   0   0   2  13  1.59 0.70
   68 V     5  -7  -7  -7  -4  -6  -6  -5  -7  -1  -1  -6  -4  -5  -6  -4  -4  -7  -6   5   51   0   0   0   0   0   0   0   0   2   5   0   0   0   0   0   1   0   0  40  1.54 0.77
   69 T    -3  -6  -5  -5  -4  -5  -5  -6  -6  -7  -6  -5  -6  -7  -5   7   4  -8  -7  -4    1   0   0   0   0   0   0   0   0   0   1   0   0   0   0  72  24   0   0   1  2.02 0.98
   70 C     3  -5  -5  -6   7  -6  -6   6  -6  -6  -6  -6  -6  -7  -6  -1  -3  -7  -7  -2   20   0   0   0  18   0   0  51   0   0   0   0   0   0   0   5   1   0   0   3  1.57 0.71
   71 G    -1  -6  -4  -5  -3  -5  -5   2  -6  -7  -7  -5  -7  -7  -6   7  -4  -8  -7  -7    4   0   0   0   1   0   0  13   0   0   0   0   0   0   0  81   0   0   0   0  2.04 0.98
   72 T     0   0   1   3  -2   1   1   0   3  -3  -2  -1  -3  -1  -4   0  -1   2   2  -2    9   5   5  17   1   7   8   7   9   1   3   2   0   3   0   8   2   3   6   3  0.24 0.21
   73 D    -5  -7  -2   9  -9  -6  -4  -6  -5  -9  -9  -6  -9  -9  -7  -4  -7 -10  -7  -6    1   0   2  94   0   0   0   0   0   0   0   0   0   0   0   1   0   0   0   1  3.08 1.24
   74 R    -3   5   2  -2   1   1  -1   0   2  -6  -5   4  -2  -6  -4  -1  -2  -4  -2  -5    1  28  10   2   3   6   4   6   5   0   1  24   1   0   0   4   2   0   1   0  0.75 0.45
   75 N    -3  -5   4  -2  -6  -4  -4  -6  -5  -3  -5  -4  -3  -7  -5   0   7  -7  -6  -5    1   0  19   2   0   1   1   0   0   1   1   1   1   0   0   5  65   0   0   1  1.78 0.88
   76 A     3  -5  -6  -6  -3  -6  -6  -5  -6   4  -1  -6  -2  -4  -5  -3  -3  -6  -5   5   22   1   0   0   1   0   0   1   0  24   4   0   1   0   0   2   1   0   0  42  1.20 0.60
   77 Y    -5   6  -3  -6   1  -1  -4  -6   1  -3  -5   4  -3   0  -6  -5  -4   0   4  -5    0  46   1   0   3   2   0   0   3   2   1  20   1   5   0   0   1   1  13   1  1.35 0.68
   78 V    -5  -7  -7  -8  -5  -5  -7  -8  -7   5   4  -7  -1  -1  -7  -5  -5  -6  -5   4    0   0   0   0   0   0   0   0   0  26  38   0   1   2   0   1   0   0   0  31  1.38 0.65
   79 W    -9  -5 -10 -11  -3  -6 -10  -7  -9  -9  -7  -5  -8  -3 -10  -9  -9  13  -1 -10    0   1   0   0   1   0   0   0   0   0   0   1   0   1   0   0   0  94   1   0  5.07 1.76
   80 T    -2  -2   3   5  -2  -1   0  -3   0  -2  -3  -2  -3  -3  -2   1   2  -4  -3  -3    3   2  14  34   1   2   6   2   2   3   3   2   1   1   1   9  11   0   1   2  0.62 0.31
   81 L     1  -1  -2  -2  -1   1  -1  -2  -1   0   1  -1  -1   1   0  -1   0   3   0   2   13   3   2   1   1   8   3   2   1   5  11   2   1   6   5   3   6   4   3  20  0.13 0.12
   82 K     0  -1  -1   5  -5   0   2  -3  -1  -3  -4   2  -3  -4  -3   0   0  -5  -3  -2    9   2   2  34   0   3  14   1   1   2   1  11   0   1   1   7   6   0   1   2  0.62 0.37
   83 G     3  -2   1   2  -3  -2  -1   1  -2  -2  -3  -2  -2  -3   1   1   3  -3  -3  -2   25   1   5  10   0   1   3   9   1   2   2   2   1   1   6  10  17   0   1   2  0.33 0.23
   84 R     1   0   1   0  -2   0  -1   4   1  -3  -3   0  -2  -3  -2   0   0  -3  -3  -2   10   6   7   5   1   5   5  32   3   1   2   4   1   1   1   6   7   0   1   3  0.36 0.22
   85 T    -1  -3  -3  -2  -4   1   1  -3  -3  -1  -3   0  -4  -5  -4   1   6  -5  -5   0    4   1   1   2   0   5   8   2   1   3   2   5   0   0   1  11  45   0   0   7  0.79 0.50
   86 W    -3  -3  -2  -3   0  -3  -4   6  -3  -4  -2  -4  -4  -2  -5  -3  -3   8  -2  -4    2   1   2   2   2   2   1  50   1   1   5   1   0   1   1   2   2  22   1   1  1.46 0.64
   87 K     0   0  -1  -1  -3   3   2  -3   0  -2  -2   4  -2  -4  -3  -1  -1  -4  -3  -1    9   5   3   2   0  16  11   2   2   3   4  27   1   1   1   4   4   0   1   6  0.41 0.31
   88 P    -1  -3  -3  -4   6   1   1  -2   0  -2  -1  -1  -3  -3   5  -2  -2  -6  -2  -1    6   1   1   0  18   7  11   3   2   2   7   4   0   1  26   2   2   0   1   4  0.71 0.43
   89 T    -1  -1  -3  -2  -2   0  -1  -1  -2   2   3  -1   0  -2  -3  -1   3  -5  -4   1    4   3   1   2   1   4   3   4   1  12  28   3   1   1   1   4  20   0   0   7  0.32 0.27
   90 L     0   1  -1  -2  -3   3  -1  -1   3  -2   2   1   0  -1  -1  -2  -2  -1  -2  -2    7   9   2   2   0  13   2   4   7   2  26   8   2   2   3   3   2   1   1   1  0.23 0.23
   91 V    -2  -2  -3  -4  -2  -1  -3  -3  -4   0  -3   0  -1  -5   1  -1   5  -6  -5   4    3   3   1   1   1   2   1   2   0   5   1   5   2   0   8   4  36   0   0  25  0.73 0.48
   92 I    -4  -6  -5  -7  -4  -6  -4  -6  -4   2   6  -6   0   2  -2  -4  -4  -2  -3  -1    1   0   1   0   0   0   1   1   1  10  68   0   2   7   2   1   1   0   1   3  1.31 0.63
   93 L    -2   0  -1  -1  -5   2   3  -4   1  -2   2   2  -2  -3  -4  -1   1  -4  -2  -2    3   4   2   3   0  11  20   1   4   2  21  11   0   1   0   4   9   0   1   3  0.34 0.30
   94 R    -3   4  -4  -2  -7  -3  -2   6  -3  -6  -7  -2  -3  -7  -5  -3  -2  -3  -4  -4    1  19   0   2   0   1   2  62   1   0   0   2   1   0   0   2   2   0   1   1  1.49 0.70
   95 I    -5  -5  -4  -3  -3  -3  -6  -4  10   2  -2  -6  -2  -4  -4  -4  -3  -7   0  -4    1   0   1   2   1   1   0   1  67  13   4   0   1   1   1   1   1   0   3   1  2.46 0.99
   96 N    -2  -2   4   0  -3   0  -2  -1  -2  -3  -4  -2  -2  -5  -3   3   5   0  -4  -4    2   1  17   5   0   4   2   4   1   1   2   3   1   0   1  22  31   2   0   1  0.70 0.48
   97 R    -2   4   3   3  -3  -2  -1   2   1  -5  -3  -2  -3  -4  -5   1  -3  -2  -2  -4    3  22  14  18   1   1   2  14   3   0   3   2   0   1   0  11   1   1   1   1  0.56 0.38
   98 A     3   0  -2  -3  -1  -2  -1   0  -2  -3  -2  -3  -2  -1   0   2  -2   7   0  -2   25   5   1   1   1   1   4   7   1   1   3   1   1   2   4  17   2  16   3   2  0.58 0.39
   99 A     2  -7  -7  -6  -2  -6  -6  -6  -7   2  -3  -6  -3  -3  -5  -4  -3   1  -5   7   19   0   0   0   1   0   0   1   0   9   1   0   0   1   1   1   1   2   0  64  1.54 0.72
  100 R    -3   3   2  -4   0  -2  -3  -3   0   0   0  -1   0  -1  -4  -1   4   5   1  -2    1  15  10   0   2   1   1   1   2   5  10   3   2   2   1   4  24   8   5   3  0.44 0.33
  101 C     0  -3  -2  -2   5  -3  -4  -2  -2  -5  -5  -5  -4   0  -5   6  -1  -4  -3  -3    7   1   1   3  12   1   0   4   1   1   1   0   0   4   0  58   2   0   1   2  1.23 0.68
  102 V    -2  -7  -6  -7   1  -7  -7  -6  -7   1  -2  -7  -3  -3  -7  -6  -4  -7  -6   7    4   0   0   0   3   0   0   1   0   7   3   0   0   1   0   0   1   0   0  79  1.99 0.85
  103 R     5   1  -3  -4   0  -1  -4  -3  -2  -3  -4   2  -3  -5  -5   1   0  -6  -5   0   51   6   1   1   2   2   1   1   1   2   1  11   1   0   0   8   5   0   0   8  0.81 0.50
  104 W    -7  -7  -8  -8  -3  -7  -8  -8  -6  -4  -4  -8  -6   8  -8  -7  -7  10   2  -5    0   0   0   0   1   0   0   0   0   1   1   0   0  56   0   0   0  33   7   1  2.94 1.09
  105 A    -2  -4  -2  -4  -4  -5  -5  -5  -1  -7  -6  -5  -6  -7  -5   7  -3  -7  -5  -7    3   1   2   1   0   0   0   1   1   0   1   0   0   0   1  88   1   0   0   0  2.24 1.04
  106 P    -3  -3  -5  -6  -5  -2  -6  -6   0  -6  -3  -6  -7  -6   8  -2  -4  -8  -5  -6    2   1   0   0   0   2   0   1   2   0   3   0   0   0  81   4   1   0   0   0  2.54 1.07
  107 N    -5  -3   3   7  -2  -2  -3  -4  -2  -7  -1  -1  -4  -7  -6  -1  -3  -8  -6  -6    1   2  13  61   1   2   1   1   1   0   7   4   0   0   0   5   1   0   0   0  1.53 0.73
  108 E    -3  -5  -3  -3  -3  -5   3   7  -6  -8  -7  -5  -7  -8  -7   0  -4  -7  -7  -7    1   1   1   2   1   0  18  69   0   0   0   0   0   0   0   7   1   0   0   0  1.76 0.80
  109 N    -2   2   4   0  -4   3  -1  -3  -1  -4  -4   3  -2  -5  -4   0   2  -6  -4  -4    3  10  17   5   0  14   3   2   2   1   1  18   1   0   0   7  15   0   0   0  0.57 0.39
  110 K    -4   4  -4  -4  -2   3  -3  -5   1  -1  -1   4   0  -3  -5  -3   2   1  -2  -3    1  23   0   0   1  11   0   1   4   4   7  26   2   1   0   1  13   2   2   2  0.71 0.45
  111 F    -5  -7  -7  -7  -6  -5  -7  -7  -4   5   4  -7  -2   5  -7  -6  -5  -5  -4   1    1   0   0   0   0   0   0   0   0  31  35   0   1  24   0   0   0   0   0   8  1.37 0.62
  112 A     6  -7  -7  -7  -5  -6  -6  -5  -7  -3  -2  -6  -3  -7  -6  -4  -3  -8  -7   3   72   0   0   0   0   0   0   0   0   1   4   0   1   0   0   0   1   0   0  20  1.75 0.85
  113 V    -3  -6  -5  -6  -3  -6  -6  -5  -7  -2  -4  -6  -6  -5  -6   7   0  -8  -7   3    1   0   0   0   1   0   0   0   0   2   1   0   0   0   0  68   6   0   0  20  1.70 0.89
  114 G     3  -5  -5  -6   0  -6  -7   7  -4  -8  -8  -6  -7  -8  -5   0  -3  -8  -8  -4   21   0   0   0   2   0   0  67   0   0   0   0   0   0   0   7   1   0   0   1  1.78 0.81
  115 S    -3  -5  -1  -5   0  -5  -6   0  -3  -6  -5  -6  -7  -8  -6   7  -1  -8  -5  -6    1   0   2   0   2   0   0   7   1   0   1   0   0   0   0  81   3   0   0   0  1.96 0.97
  116 G     0  -1   1   3  -2  -2  -1   4   1  -4  -3  -2  -3  -2  -5   1  -3   4   2  -4    7   4   5  15   1   1   4  29   3   1   2   1   1   2   0  10   1   5   6   1  0.48 0.34
  117 S     2  -7  -2   8  -3  -3  -2  -3  -6  -8  -6  -6  -8  -8  -7  -1  -4  -9  -5  -8   14   0   1  71   1   1   2   2   0   0   1   0   0   0   0   6   1   0   1   0  2.01 0.95
  118 R    -3   4   3  -2  -1   1  -1  -1   2  -7  -5   5  -3  -5  -3  -2  -3  -3  -3  -5    1  21  12   2   2   6   3   5   5   0   1  34   1   0   1   2   2   0   1   0  0.85 0.52
  119 V    -2  -4  -1  -6   1  -4  -4  -7  -7  -1   0  -2   0  -7  -6   0   7  -7  -7  -2    3   1   2   0   3   1   1   0   0   3   9   2   2   0   0   5  64   0   0   3  1.45 0.80
  120 I    -1  -4  -7  -7  -2  -6  -5  -5  -7   6  -1  -6   1  -2  -7  -6  -3  -7  -4   6    5   1   0   0   1   0   1   1   0  35   5   0   3   1   0   0   1   0   1  45  1.41 0.67
  121 S     0   6  -3  -5   2  -1  -4  -2   0  -3  -5   3  -2  -5  -3   1  -4  -2  -4  -5    8  41   1   0   4   3   1   3   2   2   1  18   1   1   1  12   1   1   0   1  0.96 0.57
  122 I    -4  -5  -7  -7  -5  -6  -7  -7  -7   5   4  -6   0  -2  -5  -6  -3  -2  -5   4    1   1   0   0   0   0   0   0   0  34  31   0   2   1   1   0   1   1   0  28  1.33 0.63
  123 C    -4  -8  -9  -9   7  -4  -8  -4  -3  -8  -7  -8  -7  -6  -9  -5  -4  12  -3  -8    2   0   0   0  19   1   0   2   1   0   0   0   0   0   0   1   1  72   1   0  4.04 1.50
  124 Y    -4  -3   3   6  -6  -2  -1  -4   1  -6  -4  -4  -6  -2  -3  -2  -2  -2   4  -2    1   2  11  49   0   1   3   1   3   0   2   1   0   2   1   3   2   1  14   3  1.21 0.63
  125 F     3  -3  -3  -5  -4  -2  -4  -3  -2   0  -1  -4  -1   3   0  -2   0   2   3   2   28   1   1   0   0   2   1   1   1   4   6   1   1  12   5   2   7   2   9  14  0.42 0.32
  126 E     1  -1  -1   2  -3   1   4  -2   0  -3  -3   0  -2  -2  -3   0   1  -2  -3  -2   13   3   3  12   0   6  28   2   2   1   2   6   1   2   1   7   8   1   1   3  0.39 0.31
  127 Q    -1  -2  -2  -2  -5   0   1  -1  -3  -4  -5   0  -3  -4  -3   3   6  -6  -5  -2    5   2   2   2   0   4   8   4   1   1   0   5   1   1   1  18  44   0   0   2  0.84 0.54
  128 E    -2  -3  -1   1  -6   0   2   6  -2  -3  -5  -3  -6  -6  -5  -1  -4  -6  -6  -4    3   2   2   7   0   4  15  56   1   2   1   1   0   0   0   4   1   0   0   1  1.16 0.60
  129 N     0   0   3  -1  -2   3   2  -2   1  -3  -3   2  -1  -4  -2   0   0  -4  -2  -3    9   4  17   3   1  15  13   3   4   2   3  11   2   0   1   6   5   0   1   1  0.35 0.26
  130 D    -1   0   2   2  -1   2   2  -1   0  -2  -1   0  -1  -2   0   0  -1  -2  -1  -1    5   5  10  14   2   9  13   5   2   3   8   4   1   2   4   6   3   0   2   3  0.14 0.10
  131 W    -2  -1  -2  -2  -1  -1  -1  -2  -2   0   2  -1   0   0  -2  -1  -1   8   0   0    4   4   2   2   1   3   4   4   1   5  22   4   2   3   2   5   4  21   2   6  0.54 0.22
  132 W    -2   1   1  -1   1   0  -2   1   1  -1  -1  -1   2  -1  -1  -1  -1   6   0  -1    4   7   6   3   3   4   3  12   3   4   7   5   5   3   4   4   4  11   3   5  0.27 0.17
  133 V    -1  -1   0  -1   1   1   0  -2   1   1  -1   0   1  -6   1  -1   3  -6  -6   2    5   3   4   4   3   7   6   3   3   7   5   5   3   0   6   4  17   0   0  11  0.23 0.20
  134 C     0  -3  -3  -3   6  -2  -3  -2  -2  -2   2  -3  -1  -1   0   3  -1   0  -2  -1    6   1   1   1  19   1   2   3   1   2  21   1   1   3   4  22   3   1   1   4  0.53 0.30
  135 K    -1   1  -2  -2   0   1   0   0  -1   1   1   3   0  -1  -1  -1   0  -2  -2   0    3   9   1   1   2   7   5   7   1   9  13  19   2   2   2   5   4   0   1   8  0.11 0.11
  136 H     0   1   0  -1  -3   4  -1   0   6  -4  -2   1   0  -3  -2  -1  -1  -4  -2  -2    7   8   3   3   0  17   2   7  22   1   5   8   3   1   2   4   4   0   1   2  0.51 0.32
  137 I    -1  -1  -3  -3  -4  -2  -2  -4   1   4  -1  -1  -2  -3   1  -2   5  -4  -2   0    4   3   1   1   0   2   2   1   4  23   6   4   1   1   7   2  33   0   1   4  0.59 0.37
  138 K    -3  -1  -2  -3  -4  -3  -4  -2  -4  -1   5   3   0   1  -2  -2  -2  -4  -3  -2    1   4   2   1   0   1   1   4   0   2  50  16   2   6   2   3   2   0   1   2  0.67 0.39
  139 K    -2   1  -1   0  -5   2   3  -3   1  -3  -3   4  -3  -4  -1   0   1  -2   0  -3    3   6   2   4   0   9  19   2   4   1   2  26   0   1   3   6   8   1   3   2  0.45 0.33
  140 P    -3  -3  -2  -1  -6  -4  -3   6  -3  -6  -6  -1  -6  -5   3  -2  -5  -1  -6  -5    2   1   2   3   0   1   1  65   1   0   1   4   0   1  13   3   1   1   0   1  1.47 0.69
  141 I    -6  -5  -4  -5  -5  -2  -5  -7  10   2  -2  -6  -5  -1  -5  -5  -4  -3  -1  -2    1   1   0   0   0   2   0   0  69  11   4   0   0   3   1   1   1   0   2   3  2.59 1.04
  142 R    -1   3  -1  -1  -2   0  -1  -2  -2  -4  -4   1  -2  -4  -4   3   4  -3  -4  -4    3  14   2   3   1   5   4   3   1   1   1   8   1   1   0  23  27   0   0   1  0.59 0.42
  143 S    -1  -2   2   3  -2  -2  -1   2   1  -3  -5  -2  -3  -4  -2   4  -2  -3  -1  -4    4   2  11  18   1   2   3  14   4   2   1   2   0   1   2  31   1   0   2   1  0.59 0.41
  144 T    -1   0  -2  -1   0  -1  -1   0  -2  -2  -1  -3  -1  -1  -1   2   3   6   1   0    4   5   1   3   2   2   3   6   1   2   7   1   1   2   3  16  18  13   4   6  0.37 0.30
  145 V    -3  -6  -6  -7  -5  -6  -3  -4  -7   3  -2  -6  -2  -2  -6  -6  -4  -6  -5   7    2   0   0   0   0   0   2   2   0  14   3   0   1   2   0   0   1   0   0  72  1.77 0.79
  146 L    -3   2   2  -2   0   0  -3  -3  -1  -2   1  -1   0   1  -3   0   2   5   2  -1    1  10  10   2   2   4   1   2   2   2  13   3   2   6   1   6  17   8   6   4  0.28 0.25
  147 S     1  -5  -3  -2   3  -4  -4  -1  -6  -5  -5  -4  -6  -5  -5   7  -1  -7  -5  -4   10   0   1   2   6   0   1   4   0   1   1   1   0   1   0  68   3   0   0   2  1.51 0.82
  148 L    -2  -5  -5  -6   2  -5  -5  -3   1   2   1  -5  -1  -4  -4  -5  -3  -2  -4   6    3   0   0   0   4   0   0   2   3  11  11   0   1   0   1   0   1   1   0  59  1.18 0.57
  149 D     5  -3  -3   3   3  -1  -2  -3   0  -3  -4  -3  -3  -4  -4   1  -1  -5  -5   0   46   1   1  15   5   2   2   1   2   1   1   1   0   0   0   8   4   0   0   8  0.70 0.45
  150 W    -6  -6  -7  -7  -4  -6  -3  -7  -5  -4  -1  -6  -5   8  -7  -4  -6   9   2  -4    0   0   0   0   0   0   2   0   0   1   5   0   0  51   0   1   0  30   6   1  2.38 0.91
  151 H    -2  -2  -2  -2  -3  -2  -4  -3   7  -5  -5  -2  -2  -4  -5   6  -3  -6  -4  -6    2   2   1   2   1   2   1   2  22   1   1   2   1   1   0  59   1   0   0   0  1.50 0.76
  152 P    -3  -1  -4  -6  -4  -3  -4  -5   0  -7  -6  -5  -6  -5   8  -2  -2  -7  -5  -6    2   3   1   0   0   1   1   1   2   0   1   0   0   1  79   3   3   0   0   0  2.39 0.98
  153 N    -3  -4   5   7  -4  -3  -2  -3  -2  -6  -5  -3  -6  -6  -5  -1  -2  -7  -6  -6    2   1  25  55   0   1   2   2   1   0   1   2   0   0   0   4   2   0   0   0  1.58 0.72
  154 N    -3  -4   3  -3  -4  -3  -5   6   1  -5  -3  -4  -6  -6  -3   1  -4  -6  -6  -6    1   1  15   1   0   1   0  60   3   1   3   1   0   0   1  10   1   0   0   0  1.38 0.67
  155 V    -1   1  -1  -2  -2   3  -1  -3  -1  -1  -1   3   0  -3  -2   0   1  -3  -3   1    3   8   3   1   1  13   3   1   1   3   6  19   2   1   2   7  11   0   1  13  0.26 0.25
  156 L    -3   3  -3  -4  -2   2  -3  -5   2   0   3  -1   1  -2  -3  -3   2   0   0   0    1  15   1   0   1  10   0   1   6   5  27   3   3   1   1   1  14   2   3   5  0.39 0.32
  157 L    -4  -6  -3  -6  -2  -6  -6  -4  -6   4   5  -6  -1   0  -6  -3  -4  -5  -5   2    1   0   2   0   1   0   0   1   0  24  52   0   1   3   0   2   0   0   0  12  1.16 0.56
  158 A     6  -6  -3  -6   0  -5  -5  -3  -6  -1  -2  -5  -3  -6  -5  -2  -2  -6  -6   3   66   0   2   0   2   0   0   1   0   2   4   0   1   0   0   2   2   0   0  17  1.35 0.71
  159 A     2  -3  -4  -5   1  -5  -5  -4  -5  -4  -5  -5  -5  -5  -3   6   2   0  -6   0   13   1   0   0   2   0   0   1   0   1   1   0   0   1   1  60  11   1   0   6  1.26 0.72
  160 G     2  -5  -4  -5  -1  -2  -6   6  -6  -5  -4  -5  -6  -3  -6  -1  -2  -6  -6  -3   18   1   1   0   2   2   0  64   0   1   2   0   0   1   0   5   2   0   0   2  1.43 0.68
  161 S    -2  -5  -1  -3   0  -4  -4   0  -1  -5  -5  -5  -5  -5  -2   7  -2  -6  -3  -5    3   0   3   1   2   0   0   7   1   1   1   0   0   1   2  75   2   0   1   1  1.61 0.82
  162 C     0  -1  -1   2   5  -1  -1   0   1  -2  -2  -2  -1  -1  -3   1   1   4   1  -2    7   4   3  13  12   2   4   6   4   2   4   2   1   2   1  10  10   6   6   1  0.26 0.22
  163 D    -6  -6  -1   8  -7  -5  -2  -4  -5  -5  -4  -5  -6  -7  -6  -1  -5  -7  -3  -4    0   0   3  83   0   0   1   1   0   1   2   0   0   0   0   4   0   0   1   2  2.34 0.95
  164 F    -1   1   2  -2  -1   1  -1   1   0  -3  -2   2   0   2  -4   0  -2  -2   0  -2    4   9  11   2   1   7   3  11   3   0   4  17   3  12   0   6   2   1   3   2  0.23 0.21
  165 K    -2  -1  -2  -2  -2  -2  -4  -5   1  -3  -5   3  -2  -4  -5   0   6  -6  -3  -4    2   2   2   2   1   1   0   0   3   1   1  18   1   1   0   7  55   0   1   1  1.20 0.66
  166 C     1  -4  -3  -5   5  -5  -4  -5  -4   3   0  -5   0  -2  -3  -3  -1  -5  -4   5   10   1   2   0  10   0   1   1   0  17   9   0   2   1   1   1   4   0   0  38  0.79 0.43
  167 R    -4   7  -4  -6   1  -2  -4  -6  -1  -2  -4   3  -3  -4  -6  -3  -2   2  -1  -5    1  61   1   0   3   2   1   0   2   2   2  16   1   1   0   1   2   2   2   1  1.57 0.74
  168 I    -5  -6  -7  -7  -2  -6  -6  -7  -6   4   4  -6  -1  -1  -6  -6  -2   1  -3   4    0   0   0   0   1   0   0   0   0  25  33   0   1   3   0   0   3   2   1  31  1.15 0.56
  169 F    -4  -4  -2  -9  -4  -7  -5  -8  -3  -5  -4  -8  -6   6  -8  -8  -7  12  -1  -4    2   1   2   0   1   0   1   0   1   1   2   0   0  25   0   0   0  61   1   2  3.24 1.21
  170 S    -2  -3   2   6  -3  -4  -2  -2  -3  -5  -5  -3  -6  -4  -5   4  -2  -7  -5  -4    3   1   9  48   1   0   2   3   0   1   1   1   0   1   0  27   1   0   0   1  1.25 0.66
  171 A     5  -3  -3  -4  -1  -3  -3  -2  -2  -1  -1  -2  -1  -3   0  -1   2  -2  -4   1   48   1   1   1   1   0   1   3   1   3   6   3   2   1   4   3  11   1   0  10  0.63 0.39
  172 Y     0   0   0   0  -2   1   1  -2   1  -1  -2   0   0   1  -2  -1   0   0   4  -1    8   5   5   5   1   6   8   2   3   2   4   4   3   7   2   4   6   1  18   5  0.17 0.15
  173 I    -1  -1  -1  -2  -1  -1  -1  -1   0   3  -1  -1   1  -1  -2   1   3  -1  -1   0    4   3   2   2   1   2   3   5   2  23   4   4   4   2   2   9  20   1   2   6  0.22 0.17
  174 K    -1   1   0   0  -2   0   0   3   0  -2  -2   4  -2  -3  -1   0  -1  -1  -2  -2    3   6   4   5   1   4   4  22   2   2   4  26   1   1   3   6   2   1   1   2  0.33 0.19
  175 E     0  -1  -1   1  -1   2   4   1  -1  -2  -2   0  -1  -3  -1  -1   0  -1  -3  -1    8   3   3   8   1   9  26   9   1   2   4   6   1   1   4   4   6   1   1   4  0.30 0.21
  176 V     0  -2  -1  -2   4   0  -1  -2  -2   1   0  -2   0  -2   0  -1  -1  -1  -1   3    8   2   3   3   9   5   4   3   1   8  10   2   2   2   6   5   4   1   2  21  0.22 0.15
  177 E    -1  -1  -1   4  -2   0   1  -2  -1   1   0   0  -1  -1  -1  -1  -1  -3  -2   0    5   4   2  21   1   4  10   4   1   7  11   5   1   2   3   4   4   0   1   8  0.18 0.13
  178 E     0   0  -1   0  -2   2   2   2   0  -2  -2   1  -1  -1  -2   0   1  -1  -2  -2    7   5   3   5   1  11  14  13   2   3   4   7   2   3   2   7   8   1   1   3  0.15 0.12
  179 R    -1   1  -1   0  -3   0   0  -1   1  -1  -1   3  -1  -2  -2   1   2  -3  -2  -2    5   8   2   5   1   4   5   4   4   4   7  20   1   2   2   9  12   0   1   3  0.19 0.14
  180 P    -1  -2  -1   0  -2  -2  -1  -2   0  -2   1  -2  -1  -2   5  -1  -1   1  -2  -1    5   3   3   6   1   1   3   4   2   2  13   3   2   2  32   6   4   2   1   4  0.52 0.28
  181 A     1  -1   0   2   0   0   1   1  -1  -2  -1   0  -1  -2   0   1  -1  -2  -1  -1   12   4   3  11   2   4   8  12   2   2   6   6   2   2   4  10   4   1   2   4  0.09 0.07
  182 P     0  -2   0  -1  -2   0   0   2   4  -2  -2   0  -2  -2   3   1  -1   1  -1  -2    6   2   4   3   1   4   6  14   9   3   4   5   1   2  15  10   5   2   2   3  0.24 0.15
  183 T    -1  -1   1  -2  -2  -1  -1   0   4  -1  -2  -1   0  -1  -1   2   3  -1  -1   0    5   3   5   2   1   3   3   8  11   4   4   3   3   2   3  13  16   1   2   7  0.21 0.14
  184 P     0  -1   0   0   1  -1  -1  -1   2  -1  -1  -1  -1  -1   3   0   0   0   0   0    7   3   5   4   3   3   4   5   5   4   5   4   2   3  17   9   6   2   3   8  0.15 0.09
  185 W    -2  -1  -1  -1   0  -1  -2  -2   0  -1  -2  -1  -3   1  -2   2  -1   9   0  -2    4   4   3   4   2   2   3   4   2   4   4   4   1   5   3  15   3  26   3   3  0.79 0.32
  186 G     0  -2  -2  -1  -3  -2  -2   4  -3   0  -1  -1  -1  -2  -2   0  -2   1  -1   2    6   2   2   4   1   2   3  30   1   5   5   3   1   2   3   7   2   2   2  16  0.34 0.18
  187 S     1  -2   0   0  -2  -1  -1  -1  -2  -2  -2  -1  -1   0  -1   3   1   5  -2   1   11   2   4   6   1   3   4   4   1   2   4   4   2   3   3  20   8   7   1  12  0.23 0.16
  188 K    -1   1  -1   3  -2  -1  -1  -2  -2  -1  -2   4  -1   2  -2   1  -1   1  -2  -2    4   6   3  18   1   2   3   4   1   3   3  22   1   7   2   9   3   2   1   3  0.33 0.19
  189 M     0  -2  -2  -1  -1  -2  -1  -3  -2   0   0  -1   4  -1  -2   2   1  -1  -2   2    9   2   2   3   1   1   4   2   1   5  10   3  11   2   2  13   9   1   1  16  0.21 0.17
  190 P     2  -3  -2  -2  -4  -1  -1  -2  -3  -3  -3   2  -3  -4   5   1   0  -4  -3  -3   16   2   2   3   0   3   4   4   1   2   3  11   1   1  30  10   6   0   1   2  0.62 0.37
  191 F    -3  -4  -1   1  -3  -4  -4  -3  -5  -2  -2  -3  -1   6  -4   0   5  -2  -3  -3    2   1   3   8   1   1   1   2   0   2   4   2   2  29   1   8  30   0   1   2  0.96 0.51
  192 G    -3  -3  -1  -4  -2  -3  -4   7  -4  -4  -5  -4  -4  -3  -6  -2  -3  -2  -4  -5    2   2   4   1   1   2   1  73   0   1   2   1   0   1   1   3   2   1   1   1  1.74 0.78
  193 E     0   0   0   0  -3   4   3  -3   0  -4  -4   2  -3  -4  -2  -1   2  -3  -4  -2    8   5   5   5   1  16  17   2   2   1   1  14   1   1   2   3  12   0   1   3  0.43 0.32
  194 L    -1  -1  -3  -3   6   2   1  -4   0  -1   2  -2   2  -3  -1  -3  -2  -1  -2   1    4   3   1   1  17   8   9   2   2   4  22   3   4   1   4   2   2   1   2   8  0.46 0.29
  195 M    -3  -1  -4  -4   2  -1  -3  -4  -1   3   4  -1   4  -3  -5  -4  -1  -1  -1   1    2   4   1   1   4   3   1   2   1  15  36   3  10   1   1   1   3   1   2   8  0.63 0.35
  196 F     2   1  -2  -3  -3   3  -1  -1   4  -2   0   0  -1   2  -3  -1  -2  -4  -1   0   16   7   2   1   1  13   3   6   9   2   9   6   1   9   2   4   2   0   2   6  0.25 0.22
  197 E    -2  -3  -3  -2  -1   0   3  -2  -3   0  -3  -1  -1  -5  -1   0   5   0  -2   0    4   2   1   2   1   4  17   4   0   5   2   4   2   0   3   8  31   1   2   7  0.49 0.38
  198 S    -5  -4  -3  -3  -4  -5  -4   0  -3  -3   5  -7  -1   4  -5  -3  -2  -2   0  -4    1   1   1   2   0   1   2   8   1   1  56   0   1  16   1   3   2   0   3   1  1.11 0.61
  199 S    -3   0   0   1  -5   2   3  -3   0  -2  -4   2  -4  -5  -1   3   1  -1  -2  -3    1   4   4   7   0   8  18   2   2   3   1  11   0   0   3  19  10   1   2   2  0.42 0.36
  200 S    -3  -5  -1   0  -1  -5  -4   7  -5  -3  -4  -6  -7  -8  -2  -1  -1  -8  -8  -5    2   1   3   5   1   0   1  69   0   2   2   0   0   0   3   5   4   0   0   1  1.62 0.82
  201 S    -2  -3  -3  -3   0  -5  -3  -3  10  -8  -8  -7  -5  -7  -7   1   0  -8  -2  -6    3   1   1   2   2   1   2   2  65   0   0   0   0   0   0  12   6   0   1   1  2.56 1.11
  202 C    -1  -2   0  -1   0   0  -2   2  -2  -3  -4  -1  -4  -2  -4   3   4  -7  -4  -4    4   2   5   4   2   4   2  17   1   1   1   3   0   2   1  24  26   0   0   1  0.62 0.46
  203 G    -1  -2   3   4  -3  -4  -2   4   2  -5  -5  -3  -4  -2  -6   2  -3  -4  -3  -6    4   2  12  22   1   0   3  30   4   1   1   1   0   2   0  12   2   0   1   1  0.80 0.48
  204 W    -3  -1  -4  -5  -2  -2  -2  -3  -3  -4  -3  -6  -5  -2  -2   0  -3  11   1  -4    3   4   1   1   1   2   3   3   1   1   4   1   0   2   3   8   2  56   4   2  2.38 1.07
  205 V    -3  -8  -9  -9  -7  -8  -8  -9  -9   2  -4  -8  -6  -7  -8  -6  -4  -9  -7   8    3   0   0   0   0   0   0   0   0  11   1   0   0   0   0   1   1   0   0  82  2.48 1.09
  206 H    -4   2   3  -4  -3   0  -2  -4   7  -4  -2  -2  -1   0  -5  -1   1   5   1  -5    1  12  14   1   1   4   3   1  21   1   5   3   2   4   0   4   9   7   5   1  0.79 0.48
  207 G     1  -5  -4   0   1  -5  -6   2  -2  -7  -6  -4  -7  -6  -7   6  -2  -6  -5  -6    9   1   1   5   3   0   0  13   1   0   1   1   0   0   0  62   2   0   0   0  1.50 0.86
  208 V    -2  -9  -9  -9   0  -9  -9  -9  -9   2  -3  -9  -3  -7  -9  -7  -5  -9  -8   8    4   0   0   0   2   0   0   0   0   9   3   0   1   0   0   0   1   0   0  81  2.38 1.06
  209 C     6  -2  -4  -4   2  -3  -5  -3  -6  -4  -6  -1  -5  -7  -7   2  -1  -8  -5   0   57   2   1   1   4   1   1   2   0   1   0   3   0   0   0  14   4   0   0   7  1.21 0.70
  210 F    -9  -9 -10 -10  -9 -10 -10 -10  -8  -5  -6 -10  -7   9 -10  -8  -9   8   2  -4    0   0   0   0   0   0   0   0   0   1   1   0   0  73   0   0   0  17   6   1  3.24 1.32
  211 S    -5  -5  -3  -6  -8  -7  -7  -6  -4  -9  -8  -7  -8  -9  -6   8  -4  -9  -8  -8    1   1   1   0   0   0   0   0   1   0   0   0   0   0   0  94   1   0   0   0  2.83 1.35
  212 A    -1  -5  -5  -4  -8  -4  -6  -4   1  -7  -5  -6  -7  -6   8  -2  -5  -8  -5  -6    5   1   1   1   0   1   0   1   3   0   1   0   0   0  78   3   1   0   0   1  2.48 1.11
  213 S    -4  -5   1   7  -4  -4  -3  -5  -5  -8  -6  -3  -7  -8  -7   4  -3  -8  -5  -7    1   0   6  58   0   1   1   1   0   0   1   1   0   0   0  26   1   0   0   0  1.80 0.87
  214 G    -5  -5  -3  -5  -4  -7  -3   8  -7  -9  -8  -7  -4  -6  -7  -1  -6  -8  -8  -8    0   1   1   1   0   0   2  87   0   0   0   0   1   0   0   5   0   0   0   0  2.47 1.05
  215 S    -1   1   3   1   0   3  -1  -4  -1  -5  -4   3  -2  -5  -5   2   2  -6  -4  -5    5   7  14   6   2  11   4   0   2   0   1  19   1   0   0  13  13   0   0   0  0.56 0.40
  216 R    -2   5  -3  -5   0   2  -3  -6   1  -1  -1   0   0  -3  -4  -1   3   2  -1  -2    3  30   1   0   2  10   1   0   4   3   7   6   2   1   1   3  16   3   2   3  0.61 0.42
  217 V    -5  -7  -8  -8  -4  -7  -8  -8  -8   5   5  -7   0  -3  -7  -7  -4  -7  -6   2    1   0   0   0   0   0   0   0   0  27  55   0   2   1   0   0   1   0   0  12  1.57 0.71
  218 A     7  -7  -7  -7   0  -6  -6  -4  -7  -2  -3  -6  -3  -7  -4  -4  -4  -8  -7   3   71   0   0   0   2   0   0   1   0   2   3   0   1   0   1   1   1   0   0  17  1.75 0.87
  219 W    -3  -6  -4  -6  -2  -6  -6  -6  -6  -3  -5  -6  -6   3  -7   6   1   7   2  -5    2   0   0   0   1   0   0   0   0   2   1   0   0   9   0  57   7  13   6   1  1.62 0.86
  220 V     3  -7  -6  -6   0  -6  -6   5  -7  -2  -6  -6  -6  -7  -6  -1   0  -7  -7   3   24   0   0   0   2   0   0  43   0   2   0   0   0   0   0   5   5   0   0  19  1.21 0.65
  221 S     0  -6  -3  -4   0  -6  -6   1  -5  -8  -6  -4  -7  -6  -7   7  -1  -8  -7  -7    7   0   1   1   2   0   0  12   0   0   1   1   0   0   0  71   4   0   0   0  1.76 0.93
  222 H    -1  -1   0   3  -3   0  -1  -1   8  -6  -3  -3  -4  -2  -4  -1  -3   4   2  -3    5   4   5  13   1   4   5   5  30   0   2   1   0   2   1   4   2   6   7   2  0.89 0.50
  223 D    -5  -6   1   8  -9  -6  -3  -4  -7  -9  -9  -5  -9  -5  -8  -4  -7 -10  -9  -7    1   0   6  86   0   0   1   1   0   0   0   0   0   1   0   1   0   0   0   1  2.79 1.18
  224 S    -1   1   2  -2   1   1  -1   0   1  -6  -6   3  -3  -6  -5   4  -2  -5  -2  -6    5   8  11   2   3   6   4   6   4   0   0  17   1   0   0  31   2   0   1   0  0.66 0.46
  225 T    -3  -4  -3  -4  -1  -6  -6  -6  -6  -2  -6  -3   1  -7  -6   2   7  -8  -4  -4    2   1   1   1   1   0   0   1   0   2   1   1   3   0   0  15  68   0   1   1  1.81 0.93
  226 V    -2  -8  -8  -8  -2  -7  -5  -7  -8   6   0  -7  -2  -3  -5  -7  -4  -8  -6   6    3   0   0   0   1   0   1   0   0  34   7   0   1   1   1   0   1   0   0  51  1.71 0.77
  227 C    -3   6  -2  -6   3  -1  -4  -5   2  -3  -6   3  -2  -2  -6   1  -1  -2   0  -6    3  42   2   0   6   2   0   1   5   1   0  17   1   2   0   9   4   1   3   0  1.09 0.60
  228 L    -4  -7  -7  -5  -4  -6  -7  -8  -7   4   4  -7  -1   3  -7  -5  -4  -6  -2   4    1   0   0   1   0   0   0   0   0  25  36   0   1  11   0   1   1   0   1  23  1.21 0.58
  229 V     0  -5  -9  -9  -3  -6  -9  -8  -9  -2  -3  -7  -7  -3  -9  -7  -6  12  -4   3    9   1   0   0   1   0   0   0   0   2   3   0   0   1   0   0   1  65   0  17  3.26 1.30
  230 D    -6  -4   3   8  -3  -2  -1  -5  -3  -8  -6  -4  -8  -8  -7  -1  -4  -2   1  -7    1   1  12  66   1   2   4   1   1   0   1   1   0   0   0   4   1   1   4   0  1.92 0.90
  231 A     4  -2  -5  -5  -1  -4  -5  -1  -4   0  -1  -3  -3  -2   1  -1   0  -4  -1   3   37   2   0   0   1   0   0   4   0   5   6   1   0   2   8   3   6   0   2  20  0.58 0.40
  232 D     2  -1   1   1  -3   2   2   0   0  -3  -3   1  -2  -5  -3   1   1  -5  -4  -2   15   3   6   8   0   9  12   8   2   1   2   8   1   0   1  12  10   0   0   3  0.27 0.24
  233 K    -2  -1  -1   0  -5   0  -2  -1  -3  -3  -4   1  -2  -5   0   2   6  -6  -5  -4    4   3   3   4   0   3   3   4   1   1   1   9   1   0   4  16  42   0   0   1  0.80 0.52
  234 K    -3  -2  -1  -2  -5  -2  -4   6  -2  -6  -5  -2  -6  -6   0   1  -3  -3  -7  -5    1   2   3   2   0   2   1  63   1   1   1   3   0   0   6   9   2   0   0   1  1.38 0.69
  235 M     1   0   0  -1  -2   3   2  -2   0  -2  -3   2   0  -4   0   0   0  -5  -3  -1   14   4   5   3   1  15  12   2   2   2   2  10   3   0   5   7   5   0   1   5  0.24 0.23
  236 A     1  -2  -2  -2   6   3   2  -3   0  -2   0  -2  -2  -4   1  -1   0  -4  -3   0   12   2   2   2  18  13  12   1   2   2   8   3   1   0   7   5   5   0   1   6  0.46 0.33
  237 V    -1   0  -3  -4  -1   0  -2  -2  -1   2   2  -1   1  -1  -1  -2  -1  -1  -2   3    6   5   1   1   1   4   3   3   2  12  23   3   3   2   4   2   3   1   1  19  0.24 0.20
  238 A     0   1  -1  -2  -3   4  -1  -2   4  -1  -1   1   0  -1  -2   0   1   0  -1  -1    7   8   2   2   1  20   4   3   9   3   5   9   3   3   2   6   7   1   2   4  0.27 0.25
  239 T    -3  -2   0  -3   0  -1  -3  -5  -4   0  -5  -1  -1  -6   2   0   6  -4  -4   0    2   2   4   1   2   3   1   1   0   5   1   4   1   0   9   7  48   0   0   7  0.93 0.59
  240 L    -5  -5  -7  -7  -5  -5  -5  -7  -4   1   6  -7  -2   1  -6  -5  -4  -2  -3   1    1   1   0   0   0   1   1   0   0   7  68   0   1   6   0   1   1   1   1   9  1.44 0.68
  241 A    -1   3  -1  -1  -3   2   3  -4   0  -2  -4   3  -3  -5  -2   0   1  -6  -2  -3    5  14   3   4   1  10  18   1   3   3   2  17   0   0   2   6  10   0   1   2  0.44 0.33
  242 S    -4  -4  -3  -4  -1  -4  -4   6  -1  -4  -2  -5  -4  -2  -5  -1   2  -1  -4  -4    1   1   1   1   2   1   1  60   1   1   5   0   1   2   1   5  13   1   1   2  1.29 0.66
  243 E    -5   0  -1  -3  -8  -2   0  -4  10  -5  -7  -3  -5  -7   1  -2  -3  -5  -1  -7    1   5   3   2   0   2   7   1  62   1   1   2   0   0   6   4   2   0   2   0  2.29 1.00
  244 T    -2  -1   0   0  -1   0  -2   0   0  -4  -3  -2  -3   0  -3   3   4  -4   0  -5    2   3   4   5   1   4   2   7   2   1   3   3   1   5   1  23  28   0   3   0  0.51 0.40
  245 L    -2  -3   3   3  -2  -3  -1   2   0  -4   3  -2  -3  -4  -5   1  -4  -4  -2  -4    3   2  12  18   1   1   3  13   2   0  29   2   0   0   0  10   0   0   2   1  0.52 0.38
  246 P    -2  -1  -3  -3  -2  -3  -2  -1  -1  -4  -3  -4  -4  -3   6   1  -2   8   0  -4    4   4   1   2   1   1   3   4   2   1   3   1   1   1  34  12   2  19   4   1  1.16 0.65
  247 L    -4  -7  -6  -7  -4  -3  -7  -7  -4   2   1  -5   0   3  -6  -5  -5  -6   0   6    1   0   0   0   0   1   0   0   1   8  12   1   2  13   0   1   0   0   3  55  1.39 0.68
  248 L    -3   3   2  -4   1  -1  -3  -4  -1  -3   2  -1   1  -2  -4  -1   2   5   2  -2    1  17  10   0   3   2   2   1   1   1  18   3   3   2   1   5  13   7   6   3  0.41 0.32
  249 A     0  -2  -3   0   3  -3  -4  -3  -3  -7  -6  -5  -7  -6  -4   7   0  -6  -6  -5    7   2   1   5   5   1   1   2   1   0   1   0   0   0   1  66   6   0   0   1  1.52 0.85
  250 V    -1  -7  -7  -5   2  -5  -7  -5  -5   2   1  -7   0  -5  -7  -6  -4  -7  -6   7    4   0   0   1   3   1   0   1   0  10  13   0   2   0   0   0   1   0   0  62  1.56 0.75
  251 T     5  -4  -4  -4   0  -2  -3  -4  -4   0   0  -3  -1  -2  -5   1   1  -3  -4   2   45   1   1   1   2   2   2   1   0   5   9   1   2   2   0   8   7   0   0  12  0.69 0.46
  252 F    -8  -6  -8  -8  -2  -8  -8  -6  -2  -5  -5  -8  -6   9  -8  -8  -5   8   3  -6    0   0   0   0   1   0   0   1   1   1   1   0   0  67   0   0   1  19   7   0  2.87 1.15
  253 I    -1  -5  -3  -5  -1  -5  -6  -5   0   1   0  -6  -2  -5  -4   6  -1  -7  -6   0    4   0   1   1   1   0   0   0   2   7   9   0   1   0   1  61   3   0   0   7  1.25 0.74
  254 T    -3  -3   0  -1  -7  -3  -5  -2   1  -7  -5  -5  -7  -8   7   3   0  -8  -5  -7    2   1   4   3   0   1   0   3   3   0   1   1   0   0  53  20   5   0   0   0  1.60 0.84
  255 E    -5  -6   2   7  -8  -3   4  -5  -5  -8  -7  -3  -7  -8  -1  -3  -4  -3  -7  -8    1   0   8  58   0   1  21   1   0   0   1   2   0   0   3   2   1   1   0   0  1.81 0.87
  256 N    -4  -2   3   0  -6  -4  -3   6  -1  -7  -7  -2  -3  -7  -6   1   0  -7  -6  -6    1   3  12   5   0   1   1  54   1   0   0   3   1   0   0  10   6   0   0   1  1.24 0.65
  257 S    -1   1  -1  -1   0   3   0  -4  -1  -4  -3   3  -1  -5  -5   2   2  -2  -4  -2    5   8   2   3   2  13   6   1   2   1   2  16   2   0   0  17  15   1   0   3  0.46 0.37
  258 L    -3   3  -4  -5  -2   2  -4  -4   1   3   2  -1   1   0  -5  -3   2   0  -2   1    2  14   0   0   1   9   0   1   4  16  18   3   3   4   0   1  11   1   1  10  0.41 0.31
  259 V    -3  -7  -7  -7  -4  -7  -7  -6  -7   5   4  -7  -3  -4  -5  -6  -5  -7  -6   5    2   0   0   0   0   0   0   1   0  31  32   0   0   0   1   0   0   0   0  31  1.42 0.67
  260 A     6  -6  -6  -7   0  -4  -6  -1  -7  -3  -4  -6  -1  -5  -5   0  -2  -7  -6   2   63   0   0   0   2   1   0   5   0   2   2   0   1   0   1   8   3   0   0  13  1.36 0.74
  261 A     3  -6  -4  -6  -2  -5  -6   2  -6  -5  -6  -4  -6  -5  -6   6   0  -7  -7  -2   26   0   1   0   1   0   0  12   0   1   1   1   0   0   0  48   5   0   0   4  1.25 0.73
  262 G     1  -6  -4  -6  -1  -6  -7   7  -7  -5  -7  -6  -7  -7  -7   2  -2  -7  -7  -6   11   0   1   0   1   0   0  68   0   1   0   0   0   0   0  12   2   0   0   1  1.80 0.85
  263 H    -5  -4  -2  -4  -7  -4  -4  -3   7  -6  -6  -6  -6   2  -6   5  -4   4   4  -6    1   1   2   1   0   1   1   2  23   0   0   0   0   7   0  45   1   4  11   0  1.56 0.82
  264 D    -5  -5  -1   8  -9  -5  -1  -3  -3  -9  -8  -6  -9  -6  -7  -2  -5  -5  -2  -8    1   1   3  82   0   0   4   2   1   0   0   0   0   0   0   3   1   0   1   0  2.49 1.10
  265 C    -3   0   1   4   8   0  -2  -1  -1  -6  -6   2  -1   0  -6  -1  -3  -4  -2  -6    2   5   7  24  25   4   3   5   2   0   0  10   2   4   0   4   1   0   2   0  0.98 0.55
  266 F    -2  -3   3  -4   4  -1  -3  -4   0  -3  -5   0  -1  -2  -6   0   6  -4   0  -2    3   2  12   1   7   3   2   1   2   1   1   6   1   2   0   7  44   0   3   2  0.92 0.58
  267 P    -2  -6  -5  -6  -4  -6  -4  -7  -7   3  -2  -5  -3  -6   5  -3   2  -7  -6   5    3   0   0   0   0   0   1   0   0  12   3   0   1   0  30   2  14   0   0  32  1.19 0.66
  268 V    -2   5  -4  -5   1  -1  -2  -5  -2   1  -1   3   4  -2  -6  -4  -3  -4  -1   2    3  33   1   0   3   2   2   1   1   7   5  14   9   2   0   1   1   0   3  13  0.75 0.46
  269 L    -4   1  -7  -7  -1  -2  -6  -7  -7   4   5  -2  -1  -3  -7  -5  -4   1  -5   2    1   8   0   0   1   2   0   0   0  19  47   3   1   1   0   1   1   2   0  14  1.05 0.56
  270 F    -8  -6  -9  -4  -8  -8  -9  -7  -8  -1  -2  -9  -7   6  -5  -8  -7  11   2  -3    0   0   0   1   0   0   0   0   0   4   4   0   0  26   1   0   0  52   7   2  2.95 1.19
  271 T     0  -1   3   6  -5  -2  -1  -4  -3  -4  -6  -2  -3  -6  -6   0   0   5  -3  -2    7   3  11  40   0   2   4   1   1   1   1   3   1   0   0   7   5   9   1   3  0.96 0.55
  272 Y     3  -1   0  -1  -2  -3  -3  -1  -1   0   0  -3  -1   0   0  -2   0  -2   2   2   24   3   4   5   1   1   1   4   1   4   7   1   1   3   5   2   6   0   8  18  0.24 0.23
  273 D     2  -1   1   3  -3   1   1  -1   0  -3  -3   1  -1  -4  -2   1   1  -3  -2  -1   16   3   5  16   0   6   8   3   2   1   2   7   2   1   1   9  10   0   1   4  0.26 0.23
  274 N    -1  -2   1   1  -5  -1   1   1  -2  -4  -5  -2  -3  -6  -2   2   5  -6  -5  -4    5   2   7   8   0   3   8  12   1   1   1   3   1   0   2  15  32   0   0   1  0.61 0.44
  275 A    -1   0   0   0  -4  -2  -1   6  -2  -6  -6  -2  -6  -6  -2   0   0   1  -5  -6    5   6   4   5   0   2   4  53   1   0   0   2   0   0   2   6   6   2   0   0  1.01 0.56
  276 A     1  -1   1  -1  -5   4   1   3  -2  -5  -5   2  -4  -6  -3  -1   0  -2  -5  -3   12   3   7   3   0  16  10  20   1   1   0  11   0   0   1   5   7   1   0   2  0.46 0.35
  277 V     0  -3  -3  -2   6   0   1   0  -1   1   0  -2  -2  -2  -1  -1  -1   5  -2   0    6   1   1   2  15   5  11   8   1   7  11   2   1   2   3   5   3   9   1   5  0.35 0.26
  278 T    -1  -1  -2  -3   2   1  -1   0  -2   1   2   1   0  -1  -3  -1   0   0  -2   1    4   4   1   1   5   8   3   8   1   8  23   8   2   2   1   4   6   1   1   9  0.13 0.15
  279 L    -1   1  -1  -1  -4   3   0  -2   3  -1   1   1   0   0  -2  -1  -2   5  -2  -2    6   8   2   4   0  15   5   3   6   3  15   8   3   3   2   4   3   8   1   2  0.27 0.24
  280 S    -1  -2  -3  -2  -4  -1  -1  -3  -2  -1  -3   1  -2  -5   2   1   5  -6  -3   0    5   2   1   2   0   3   4   2   1   4   2   7   1   0   9  11  39   0   1   5  0.66 0.47
  281 F    -4  -3  -5  -6  -5  -5  -4  -4  -3  -2   5  -4   0   5  -2  -4  -3  -5  -1  -2    2   2   1   0   0   1   1   2   1   2  52   1   2  24   2   1   2   0   2   3  1.18 0.60
  282 G    -1   0  -1  -1  -3   2   3  -1  -1  -1   0   1  -1  -4  -3   0   1  -3  -3   2    4   4   2   3   0   9  18   6   1   3   8  10   2   0   1   7   9   0   1  14  0.21 0.22
  283 G    -2   0  -5  -1   0  -3   0   6  -3  -7  -4   0  -7  -8  -7   0  -4  -8  -7  -6    3   5   0   3   2   1   6  63   1   0   2   5   0   0   0   6   1   0   0   1  1.37 0.71
  284 R    -6  -2  -2  -3  -4  -2  -2  -1  10  -8  -4   3  -7  -3  -5  -2  -4  -8   1  -7    0   2   2   2   0   1   3   4  54   0   2  17   0   1   1   3   1   0   4   0  2.04 0.94
  285 L    -2  -1  -1  -1  -3  -1  -2  -2   1  -1   3  -2  -1  -3  -4   2   3  -3  -3  -1    2   3   2   4   0   3   2   4   4   3  24   3   1   1   1  18  20   0   1   4  0.37 0.32
  286 D    -2  -3   2   6  -6  -4   0   2  -1  -5  -7  -2  -5  -5  -4   1  -3  -3  -4  -4    4   2  10  45   0   1   5  14   1   1   0   3   0   1   1  10   1   0   1   1  1.06 0.59
  287 V    -1   0  -1  -1  -1   0   0  -1  -2   0  -1  -1   0  -1  -2   2   0   6   1   0    6   6   2   4   1   4   7   5   1   6   5   4   2   3   2  14   5  12   5   6  0.22 0.20
  288 P    -1  -1  -4  -5  -5  -2  -3  -2  -5   1  -2  -1  -3  -2   2   0  -2  -5  -6   5    4   3   1   1   0   2   2   4   0   7   3   4   0   1  12   8   3   0   0  45  0.76 0.49
  289 K    -1   2   1  -1  -2   1   0  -2  -1  -2  -2   3  -2  -3  -2   1   1   2   0   1    4  10   8   3   1   6   5   3   1   2   4  16   1   1   2   9   9   3   3   9  0.18 0.18
  290 Q     1  -1  -1  -4  -3   2  -2   0  -5  -5  -3   0  -5  -2  -4   5   1   1  -2  -4   10   4   3   0   1   9   2   6   0   1   2   6   0   2   1  42   6   2   2   1  0.70 0.51
  291 S     0  -2  -2  -5  -5  -2  -4  -2  -5   0  -3   0  -3  -5  -4   3  -1  -7  -5   5    9   3   2   0   0   2   1   4   0   5   2   7   1   0   1  23   3   0   0  39  0.77 0.51
  292 S     4  -4  -4  -4  -1  -2  -1   0  -5   0  -4  -2  -3  -6  -1   2   0  -7  -6   3   34   1   1   1   1   2   5   7   0   5   1   2   0   0   3  15   6   0   0  17  0.59 0.44
  293 Q     1  -3  -3  -1  -3   0  -3  -1  -2  -2  -3  -2  -2   6  -3   1  -1   3   1  -2   13   1   1   4   1   5   2   4   1   2   2   2   1  35   1  11   3   4   5   3  0.68 0.44
  294 R    -1   1  -1  -2  -1  -1  -3   1  -3  -4  -4  -1  -6   2  -6   5  -2   3  -1  -4    4   7   3   2   1   2   2   9   1   1   1   4   0   8   0  45   2   4   2   1  0.79 0.55
  295 G    -2  -2   1  -3  -7  -2  -2   1   0  -5  -4  -2  -5  -4   6   3  -2  -7  -5  -3    4   2   6   1   0   2   2  12   2   1   2   3   0   1  35  22   2   0   0   2  0.89 0.58
  296 M    -1  -1   1   6  -4  -1  -2  -2  -2  -2  -3  -2   2  -4   3   0  -2   1  -5  -3    4   3   7  37   0   2   2   4   1   2   3   3   4   1  13   6   3   2   0   2  0.67 0.45
  297 T    -2  -4  -1   2  -4  -4  -3   5  -5  -3  -5  -4  -6  -6  -5   3   0  -7  -1  -2    3   1   3  12   0   1   2  40   0   2   1   1   0   0   0  24   5   0   2   3  0.94 0.58
  298 A     3   0  -1  -1  -3   2  -3   2  -1  -4  -4   2  -2  -3  -2   0   1  -3  -4  -3   28   5   3   3   0   9   1  15   1   1   1  11   1   1   2   8   8   0   0   1  0.41 0.34
  299 R    -3   4  -3  -3  -3   1  -2  -3   1  -2  -1   1   5   2  -6   0   1  -2  -2  -3    2  25   1   1   1   7   2   3   3   2   6   6  12   9   0   7  10   1   1   1  0.54 0.40
  300 E    -1  -1   0  -2  -3   1   1  -2  -2   3   2  -1  -1  -3  -5  -1  -1  -1  -3   1    5   3   5   2   0   7   8   3   1  19  21   4   1   1   0   5   3   1   1  10  0.24 0.22
  301 R     4   0  -4  -5  -1  -3  -3  -3   0   0   0   1   2  -3  -3   0  -2  -6  -5   2   34   6   1   0   1   1   2   1   2   6  10   7   5   1   1   6   2   0   0  14  0.46 0.36
  302 F     2  -3  -5  -5  -5  -5  -6  -5  -4  -4  -3  -4  -4   5  -7   5   0  -1  -2  -2   17   1   0   0   0   0   0   1   0   1   3   1   0  25   0  40   5   1   1   3  1.13 0.69
  303 Q     1   2  -4  -1  -2   1  -3   4  -3  -5  -3  -1  -3  -2  -4   3  -2  -5  -1  -5   11  13   0   3   1   7   1  31   0   1   3   3   1   2   1  19   2   0   2   1  0.60 0.43
  304 N     1  -2   4  -2  -5  -1  -4   2  -3  -7  -4  -2  -5  -6  -3   5  -2  -7  -5  -6    9   2  15   2   0   3   0  16   1   0   2   2   0   0   1  44   2   0   0   0  1.00 0.65
  305 L    -1  -2  -1   1  -2   0  -1   0   0  -1   1  -1   3   0  -4   2   0   4   1  -2    5   2   2   8   1   3   3   6   2   3  13   4   9   4   0  17   5   6   5   2  0.20 0.21
  306 D    -4  -4  -2   8  -8  -2  -2  -1  -2  -3  -5  -5  -7   1  -7  -1  -5   1  -4  -4    1   1   2  67   0   2   2   4   1   2   2   1   0   6   0   5   1   2   1   2  1.76 0.89
  307 K    -3   3   1   3  -1   1  -2  -2  -3  -6  -4   5  -2  -6  -4   0  -2  -3  -5  -4    2  16   5  18   1   5   3   3   1   0   2  31   1   0   1   6   3   0   0   1  0.77 0.48
  308 K    -3   3   1  -5  -4   2  -3  -2   1  -2  -2   1   1  -3  -5   0   5  -5  -3  -3    2  13   5   0   0   8   1   3   4   2   4   9   3   1   0   5  37   0   1   1  0.72 0.51
  309 A     2  -4  -5  -4  -3  -4  -4   0  -6   2  -2  -3   0  -3  -6  -1   3   5  -4   3   18   1   0   1   0   1   1   8   0  12   3   2   2   1   0   4  16   7   0  23  0.60 0.41
  310 S    -1   4  -2   1  -2   0  -3  -3  -3   1  -2   2  -1  -5  -4  -1   1  -3  -4   1    6  23   2   8   1   4   1   2   0   8   4  13   1   0   0   4  10   0   0  12  0.39 0.31
  311 S     0   2   0  -2  -2  -1  -2  -2  -3   3   2   0   0  -3  -3   0   1  -1  -4   1    7  12   4   2   1   2   2   3   1  15  19   5   1   0   1   8   8   1   0   8  0.21 0.20
  312 E    -2  -2  -1  -1  -6  -1   1  -3  -3   0   1  -1  -2  -2  -5  -1  -2  10  -4  -2    4   2   3   4   0   3  10   3   1   5  14   4   1   2   1   4   2  33   0   3  1.14 0.59
  313 G    -3  -4   0   6  -4  -4  -2   1  -4  -5  -6  -3  -2  -6  -3   0   0   9  -4  -5    2   1   5  35   0   1   3  11   0   1   1   1   1   0   2   6   5  23   0   1  1.36 0.70
  314 G     1   0   2   3  -2   1  -1   1  -1  -3  -2   0  -2  -3  -1   0   0  -3  -2  -2   11   5   9  17   1   6   4  12   1   2   4   5   1   1   3   7   6   0   1   3  0.21 0.16
  315 A     3  -2  -1   0  -3   0   0  -1  -2   0  -2  -1  -2  -4  -2   0   2  -4  -4   2   21   2   3   6   0   4   5   4   1   5   3   5   1   1   2   6  15   0   0  18  0.28 0.25
  316 A     2  -2   0   0  -2   2   1   0   0  -3  -3   0  -1  -4  -2   1   2  -4  -4  -2   17   2   5   4   1   8  10   8   2   1   2   6   1   0   2  12  14   0   0   3  0.26 0.25
  317 T    -2  -1   0  -1  -4  -3  -2   0  -2  -1  -3  -1  -4  -6  -3   2   5  -6  -5  -1    3   3   4   3   0   1   3   9   1   3   2   3   0   0   1  16  40   0   0   5  0.71 0.50
  318 G    -1  -2   1   2  -4  -1   0   5  -3  -4  -4  -2  -5  -7  -3   0  -2  -3  -5  -3    4   2   6  12   0   3   5  48   1   1   2   2   0   0   2   7   2   0   0   2  0.88 0.52
  319 A     1   1  -1  -1  -1   3   2  -1  -2  -2  -2   2  -3  -5  -3   0   2  -5  -3  -1   12   6   3   4   1  12  13   4   1   2   5  10   0   0   1   6  14   0   1   5  0.25 0.24
  320 G     1  -2  -2  -3   6   1   0  -1   1  -2   0   0  -2  -3   2   0   0  -1  -3  -1   13   2   2   1  16   6   8   5   3   3   9   5   1   1  11   5   5   1   1   4  0.32 0.26
  321 L    -2   1  -6  -6  -3   0  -3  -3  -5   2   5  -3   0  -3  -2  -3  -1  -2  -4   1    4   7   0   0   0   4   1   2   0   9  49   2   2   1   3   2   4   1   0   8  0.73 0.45
  322 D    -1   1   0   1  -4   4   1   0   3  -4   0   2  -2  -1  -1  -1  -1   1  -2  -4    4   6   5   7   0  16   9   7   6   1   8  14   1   3   3   4   4   2   1   1  0.28 0.26
  323 S    -3  -4  -5  -2  -2  -1  -1  -1  -3  -2  -4  -1  -3  -7  -3   1   7  -8  -4  -2    2   1   0   2   1   2   4   6   1   3   1   3   1   0   2  11  57   0   1   2  1.25 0.76
  324 L    -2  -2  -5  -5  -3  -4  -5   2  -3   0   4  -2  -1   0  -2  -3  -1  -2  -4   1    4   3   0   0   0   1   1  15   1   4  44   3   1   4   2   1   4   1   0  10  0.63 0.39
  325 H    -5  -3  -4  -6  -7  -2  -3  -7  11  -9  -5  -2  -8  -6  -6  -4  -3  -3  -2  -8    1   1   1   1   0   2   2   0  81   0   2   3   0   0   1   1   2   1   1   0  3.40 1.40
  326 K    -3  -1  -2   0  -6   5   0   2  -1  -4  -5   0  -3  -6  -4   2   3  -7  -5  -5    2   3   2   5   0  23   7  15   1   1   1   5   1   0   1  14  18   0   0   1  0.67 0.50
  327 N    -3  -2   6   3  -6  -4  -3   1   6  -6  -7  -2  -7  -5  -7   1  -5  -8  -4  -7    2   2  39  13   0   1   2  11  15   1   0   3   0   1   0   9   0   0   1   0  1.32 0.73
  328 S     0  -1  -3  -3   4  -2  -3  -1   0  -3  -4  -3  -1  -3  -2   3   3   6  -1  -2    8   4   1   2   8   2   2   4   3   1   2   1   2   1   2  24  19  10   2   3  0.64 0.47
  329 V    -4  -6  -2  -1  -3  -5  -6  -1  -4   6  -3  -5  -2  -4  -6  -3  -4  -5  -4   6    1   0   2   4   1   0   0   5   1  34   1   1   1   0   0   3   1   0   1  44  1.36 0.70
  330 S    -1   1   3  -3  -1  -1  -2  -2   1  -3  -2  -1   0  -2  -3   1   4   3   1  -2    4   9  13   1   2   3   2   3   3   1   5   3   2   2   1  10  25   3   5   2  0.38 0.34
  331 Q    -1  -5  -3  -2   4   2  -1  -1  -3  -3  -5  -5  -6  -4  -4   5  -1  -4  -5   2    5   0   1   3   7  10   4   5   1   2   1   0   0   1   1  44   4   0   0  13  0.87 0.61
  332 I    -4  -2  -6  -6  -2  -4  -6  -7  -8   4   1  -7  -2  -3  -7  -4  -3   4  -2   6    1   2   0   0   1   1   0   0   0  22  11   0   1   1   0   1   1   6   1  49  1.37 0.69
  333 S     4   2  -3  -6   2  -1  -3  -4  -3  -3  -2  -3  -2  -6  -5   3  -1  -7  -5   1   34  12   1   0   4   3   1   1   1   1   4   2   1   0   0  21   3   0   0  10  0.69 0.50
  334 V    -2  -4  -5  -7  -3  -5  -5  -5  -4   1  -2  -5  -3   7   2  -2  -4   3   1   3    4   1   1   0   1   1   1   1   0   7   4   1   0  39  11   3   1   4   3  17  1.10 0.58
  335 L    -1  -4  -3  -4  -2  -3  -4  -4   2  -3   0  -4   0   0  -4   5  -2  -3   3   0    4   1   1   1   1   1   1   1   4   2  10   1   2   4   1  47   2   0  10   7  0.87 0.54
  336 S    -1  -2  -3  -2  -4  -1   1  -1  -2  -3  -3  -1  -4   0   6   1  -2  -2  -2  -1    6   2   1   2   0   3   8   5   1   1   3   4   0   4  40   9   3   1   2   5  0.78 0.46
  337 G     2  -4   1   6  -6  -2  -1   2  -5  -5  -6  -3  -6  -6  -3   1  -4  -4  -5  -1   14   1   5  38   0   1   4  14   0   1   1   2   0   0   1  11   1   0   0   5  0.89 0.54
  338 G    -2  -4  -1   0  -6  -4  -3   5   0  -5  -6  -4  -4   2  -1   0  -1   4   0  -5    3   1   3   6   0   1   2  47   2   1   1   1   0   8   4   7   4   6   3   1  0.95 0.54
  339 K    -2   2   1  -1  -4   2  -1   0   0  -4  -4   4  -3  -4  -2   3  -2  -3  -3  -4    3  11   6   3   0   8   3   8   2   1   2  25   1   1   2  19   2   0   1   1  0.52 0.34
  340 A     0  -2  -1  -1  -2   0  -2   1   0  -1  -1  -1  -2  -2   4   0   2   0   0  -2    7   2   3   4   1   5   3  13   2   4   7   4   1   2  18   7  12   1   3   3  0.22 0.15
  341 K    -1  -1   2   4  -1   0  -1  -1   0  -1  -1   1   0  -2  -1   0  -1  -1  -2  -1    5   4   9  23   1   5   4   5   3   4   5   9   3   2   3   5   3   1   2   4  0.22 0.11
  342 C     0  -2  -1  -1   3  -1  -2   3  -2   1  -1  -1  -1  -2  -1   0  -1  -1  -2   2    7   3   3   3   6   2   3  21   1   7   6   3   1   2   3   7   3   1   1  17  0.19 0.10
  343 S     0   2   0   0  -1   1   0  -2   0  -1  -1   0  -1  -2  -2   2   3  -1  -2  -1    7  10   4   5   1   5   5   3   2   3   5   6   2   2   2  15  19   1   1   4  0.18 0.13
  344 Q    -2   4  -3  -2  -2   3  -1  -3   2  -2  -2   3   0  -3  -3  -1   0  -1  -2  -2    3  24   1   2   1  15   4   2   5   2   4  19   3   1   1   3   5   1   1   3  0.58 0.34
  345 F    -6  -7  -8  -8  -4  -7  -7  -8  -7   5   4  -7  -3   5  -7  -6  -6  -4  -1   2    0   0   0   0   0   0   0   0   0  28  33   0   0  21   0   0   0   0   2  13  1.39 0.67
  346 C     5  -6  -6  -6   3  -6  -5  -5  -7  -3  -4  -6  -5  -5  -6   3   0  -7  -7   2   49   0   0   0   5   0   0   0   0   1   1   0   0   1   0  21   5   0   0  15  1.27 0.74
  347 T    -5  -7  -6  -7  -7  -7  -7  -7  -5  -7  -8  -7  -8  -9  -7   7   5  -9  -6  -6    0   0   0   0   0   0   0   0   0   0   0   0   0   0   0  66  32   0   0   0  2.28 1.20
  348 T     3  -6  -6  -6   3  -6  -6   5  -7  -6  -7  -6  -7  -8  -7   3   1  -6  -7  -1   19   0   0   0   5   0   0  43   0   0   0   0   0   0   0  17   9   0   0   5  1.22 0.70
  349 G    -2  -7  -5  -4  -4  -7  -7   4  -7  -9  -7  -7  -8  -9  -7   6  -5  -9  -8  -8    4   0   0   1   0   0   0  32   0   0   0   0   0   0   0  62   0   0   0   0  1.97 1.05
  350 M    -1   0   0   3  -2  -2  -1  -1   1   0   1  -2   1  -1  -4   0  -1   3   1   0    6   4   5  16   1   1   4   6   4   5  15   1   4   2   0   6   2   5   6   7  0.15 0.17
  351 D    -9  -8  -4   9  -5  -7  -4  -8  -8 -10 -10  -8 -10  -5  -8  -6  -6 -11  -6 -10    0   0   1  96   0   0   0   0   0   0   0   0   0   1   0   0   0   0   0   0  3.38 1.45
  352 G    -3   1   3  -3  -2   1  -1   5   1  -7  -7   3  -3  -7  -6  -2  -3  -4  -4  -7    1   7  11   1   1   7   5  40   3   0   0  18   1   0   0   3   2   0   1   0  0.96 0.57
  353 G    -1   1  -2  -6  -3   0  -5  -3  -7  -4  -3   1  -2  -7  -7   0   7  -8  -7  -4    5   8   2   0   0   4   0   2   0   1   3   7   1   0   0   6  58   0   0   1  1.35 0.80
  354 M    -3  -8  -8  -9  -4  -8  -8  -8  -4   6   1  -8   4  -5  -7  -7  -6  -8  -7   6    3   0   0   0   0   0   0   0   1  33  12   0   8   0   0   0   0   0   0  42  1.65 0.79
  355 S    -2   6  -4  -7   1  -2  -5  -4  -2  -1  -3   3  -3  -5  -7  -4  -1  -1  -3   3    4  42   1   0   2   1   0   1   1   4   2  18   0   1   0   1   4   1   1  16  1.09 0.64
  356 I    -6  -7  -6  -7  -7  -4  -7  -9  -6   6   4  -8  -2  -1  -8  -8  -5  -7  -6   3    0   0   0   0   0   1   0   0   0  38  39   0   1   3   0   0   0   0   0  17  1.56 0.75
  357 W   -10  -8 -11 -12 -10 -10 -11 -10 -10 -10  -9 -11  -9  -3 -11 -11 -10  13  -4 -11    0   0   0   0   0   0   0   0   0   0   0   0   0   1   0   0   0  98   1   0  5.58 2.08
  358 D    -7  -2   3   8  -9  -3   0  -6  -2  -7  -8  -3  -8  -9  -2  -2  -2 -10  -8  -9    0   2  12  67   0   1   5   1   1   0   0   1   0   0   3   3   2   0   0   0  2.00 0.97
  359 V     3  -5  -6  -5  -3  -4  -6  -5  -6   2   1  -5   0   1  -1  -2   1  -4  -4   4   24   1   0   0   0   0   0   0   0  10  15   0   2   6   3   2   9   0   0  26  0.65 0.43
  360 K     1   0   0   1  -6   2   3  -2   0  -4  -5   3  -3  -6  -2   1   0  -6  -5  -3   14   4   5   6   0   9  17   3   2   1   1  18   0   0   2  10   7   0   0   2  0.42 0.35
  361 S     0  -4   1  -3  -4  -4  -4  -3  -7  -5  -6  -3  -5  -8  -5   3   7  -8  -6  -5    7   1   6   2   0   1   1   2   0   1   1   2   0   0   0  20  55   0   0   1  1.43 0.82
  362 L    -3  -5  -4  -6  -4  -3  -3   7  -7   0   1  -6  -2  -5  -7  -5  -4  -5  -5  -3    2   1   1   0   0   1   2  67   0   5  15   0   1   0   0   1   1   0   0   2  1.53 0.78
  363 E     0  -1  -2   0  -4   5   4  -2  -4  -4  -3   2  -5  -6  -4   0  -1  -5  -4  -5    9   2   1   4   0  21  30   3   0   1   2  14   0   0   0   5   4   0   1   1  0.77 0.52
  364 S     1  -2  -2  -1  -1   3   3  -2  -3  -2  -2   1  -3  -3   1   2  -1  -5  -4  -3   14   1   2   3   2  13  19   3   0   2   3   7   0   1   8  16   4   0   0   2  0.36 0.32
  365 A     1  -2  -1  -3   0  -1  -2  -2  -1   1   3   0  -1  -3  -3   1   1  -4  -1   1   12   1   3   1   2   2   2   2   2   7  28   5   1   0   1  13   8   0   2   8  0.19 0.20
  366 L    -2  -2  -3  -6   0  -2  -4   0  -4   3   4  -3   4   2  -5  -3  -2  -5  -2   1    3   2   1   0   2   2   1   9   0  14  38   1   9   9   0   1   2   0   1   7  0.58 0.36
  367 K     2   0  -2   0  -6   5   2  -1  -4  -6  -4   3  -5  -6  -2   1  -3  -6  -5  -5   14   5   1   5   0  24  14   6   0   0   1  18   0   0   2  10   0   0   0   0  0.66 0.46
  368 D     0  -2   1   1  -5  -2  -3   3  -4  -4  -3  -1  -3  -5   4   0   2  -4  -3  -2    9   2   6   8   0   1   1  20   0   0   2   3   0   0  23   5  16   0   1   2  0.54 0.37
  369 L    -6  -6  -7  -8  -3  -5  -7  -6  -7   1   6  -4   3   0  -7  -7  -3  -6  -4  -3    0   0   0   0   0   0   0   1   0   7  79   1   6   3   0   0   1   0   0   1  1.68 0.75
  370 K    -2   4   0  -4  -7   3  -2  -4   1  -5  -4   6  -5  -6  -5  -2  -3   0  -5  -5    3  23   4   0   0  15   1   1   3   1   1  45   0   0   0   2   1   1   0   0  1.19 0.61
  371 I    -4  -5  -6  -6  -4  -5  -6  -6  -6   6   3  -5  -1  -2  -5  -5  -3  -5  -4   3    0   0   0   0   0   0   0   0   0  57  26   0   0   1   0   0   0   0   0  16  1.28 0.49
  372 K    -2   4   2  -1  -4   3   2  -3  -1  -4  -4   4  -3  -4  -3  -1  -2  -4  -3  -4    0  27  11   0   0  17  16   0   0   0   0  29   0   0   0   0   0   0   0   0  0.68 0.20

                      K         Lambda
Standard Ungapped    0.1316     0.3189
Standard Gapped      0.0331     0.2670
PSI Ungapped         0.1082     0.3175
PSI Gapped           0.0331     0.2670
