
Last position-specific scoring matrix computed, weighted observed percentages rounded down, information per position, and relative weight of gapless real matches to pseudocounts
            A   R   N   D   C   Q   E   G   H   I   L   K   M   F   P   S   T   W   Y   V   A   R   N   D   C   Q   E   G   H   I   L   K   M   F   P   S   T   W   Y   V
    1 M    -5  -6  -7  -8  -6  -5  -6  -7  -6  -3  -2  -6  11  -4  -7  -6  -5  -6  -5  -4    0   0   0   0   0   0   0   0   0   0   0   0 100   0   0   0   0   0   0   0  3.63 1.17
    2 S     2  -4   1  -3  -4  -3  -2  -1  -2  -3  -4  -2  -4  -5  -4   6   1  -6  -4  -4   20   0   6   0   0   0   2   4   1   1   1   1   0   0   0  59   6   0   0   0  0.97 0.53
    3 G     1  -2  -2   0  -3   0  -2   4  -3  -1  -3  -1  -3   0  -3   2   1  -4  -3  -2   10   2   0   5   0   4   2  37   0   4   2   2   0   4   0  19   8   0   0   1  0.46 0.29
    4 K     2   2  -1   1  -3   1   1  -1   0  -2  -2   2  -1  -2  -1   0   0  -3  -2   0   18  10   2   8   0   8   7   2   2   1   4  14   1   1   2   7   4   0   0   8  0.16 0.14
    5 D     0  -1   2   4  -3   1   1   0  -2  -1  -3  -1  -1  -4  -1   1   0  -4  -3  -1    6   3  11  27   0   5  11   6   0   5   1   2   2   0   2   9   5   0   0   3  0.32 0.20
    6 R    -3   7  -3  -4  -5  -2  -2  -3   0   1  -2   3  -2  -4  -4  -3  -3  -5  -4  -1    1  56   0   0   0   0   1   2   2   8   4  15   1   0   0   1   0   0   0   5  1.12 0.52
    7 I    -2  -2  -3  -3  -3  -2   0  -3  -2   2   3  -2   3   0  -3  -2   0  -3   3  -1    2   2   1   1   0   1   6   2   1  14  33   2   7   3   1   3   5   0  12   3  0.37 0.26
    8 E     0   2   4   1  -4   1   1  -2  -1  -3  -4   1  -3  -4   3  -1  -2  -5  -4  -3    9  13  19   7   0   7   9   3   1   1   1  10   0   0  13   3   2   0   0   1  0.42 0.29
    9 I    -3  -4  -6  -6   2  -5  -6  -5  -6   4  -1  -5  -1  -2  -3  -4  -2  -6  -4   6    2   1   0   0   4   0   0   1   0  25   5   0   1   2   1   1   2   0   0  55  1.27 0.60
   10 F     0   0   2  -3  -3  -1  -3  -4   1  -2  -1   0   2   4   2   1   1  -3  -1  -1    8   6  10   0   0   2   0   0   3   2   4   6   5  19  11  10   8   0   1   4  0.28 0.26
   11 P     2  -6  -6  -6  -7  -6  -6  -6  -5  -5  -6  -4  -6  -6   8  -3  -5  -8  -5  -3   15   0   0   0   0   0   0   0   0   1   1   1   0   0  76   2   0   0   0   2  2.42 1.03
   12 S    -4  -6   2  -5  -6  -5  -4  -2  -6  -5  -6  -5  -6  -7  -6   3   7  -7  -6  -5    1   0   9   0   0   0   1   3   0   1   0   0   0   0   0  20  65   0   0   0  1.77 0.92
   13 R    -5   7  -4  -6  -8  -3  -4  -7  -3  -6  -1   4  -5  -7  -5  -3  -5  -7  -3  -3    1  66   0   0   0   0   1   0   1   0   6  20   0   0   0   1   0   0   1   2  1.87 0.89
   14 M     0  -4  -3  -3  -3   1  -2   0  -3   1  -1  -3   7  -3  -4   1   1  -5  -3   0    8   0   1   1   0   5   2   7   1   6   5   1  31   1   1  13  10   0   1   5  0.64 0.47
   15 A     1  -2   4  -1  -3   0   4  -1  -2  -4  -4  -3   0  -3  -4   1   0  -6  -4  -1   14   1  23   1   0   4  28   5   1   1   1   0   2   1   0   8   5   0   0   4  0.58 0.44
   16 Q    -4  -1  -6  -7  -4   1  -5  -7  -3  -3   6  -4   0  -2  -7  -5  -5  -6  -1  -2    1   4   0   0   0   6   1   0   1   0  79   1   1   1   0   1   0   0   2   1  1.54 0.77
   17 T    -3  -2  -2  -4  -4   2  -4  -1  -3   3   4  -2   3  -2  -4  -2   1  -5  -4   0    2   2   2   0   0  11   0   5   0  15  38   1   6   1   0   2   9   0   0   4  0.53 0.39
   18 I     0   4   1  -1  -4   2   1  -3  -2   0  -1   2   0  -3  -3  -1  -1   1  -3  -1    7  22   7   2   0   9   8   2   0   7   7  14   2   0   0   3   3   2   1   4  0.30 0.26
   19 M    -2  -2  -5  -6  -4  -1  -5  -6  -4   1   4  -4   6   0  -6  -4   0  -3   0   0    4   2   0   0   0   3   0   0   0   7  47   1  19   3   0   1   5   0   3   5  0.90 0.52
   20 K    -4   5  -2  -3  -7   0  -1  -3  -3  -7  -6   6  -4  -7  -6  -3  -3  -7  -6  -5    1  31   1   1   0   4   3   2   0   0   0  52   0   0   0   1   1   0   0   1  1.55 0.78
   21 A     1   4   2   0  -2   1   1   0   1  -3  -4   3  -4  -5  -4   0  -1  -5  -4  -4   13  22  10   5   1   6   8   6   3   1   1  15   0   0   0   5   4   0   0   0  0.43 0.33
   22 R    -3   6  -3  -2  -5   3   1  -3  -2  -5  -5   3  -2  -5  -5  -1  -2  -7  -6  -6    1  48   1   2   0  11   7   2   1   1   1  17   1   1   0   5   2   0   0   0  1.19 0.65
   23 L    -3   0  -5  -6  -5  -1  -3  -5  -1   2   5  -1   0  -3  -6  -4  -3  -5  -2  -1    2   6   0   0   0   3   2   1   2  11  60   4   1   1   0   1   1   0   1   3  0.89 0.51
   24 K     1   1  -1   0  -4   1   1  -2   2  -1  -2   3  -2  -4  -3   1   0  -5  -3   0   12   7   2   4   0   5  11   2   6   3   3  21   0   0   0  10   4   0   0   9  0.25 0.25
   25 G    -1  -3  -3  -3  -2  -1  -4   1  -3   1   3  -3   2   2  -4  -1   0  -4  -1   1    5   1   1   1   1   2   0  12   0   7  31   1   4   9   0   6   7   0   1   9  0.31 0.26
   26 A     6  -4  -5  -6  -3  -5  -5  -3  -6  -1  -2  -5   1  -2  -5  -1  -1  -6  -2   1   67   1   0   0   0   0   0   1   0   4   3   0   3   2   0   4   4   0   2   9  1.22 0.68
   27 Q    -2   3   0  -1  -3   3   3  -4   0  -3  -2   3  -4  -2  -4  -1  -1  -5   0  -1    2  18   4   2   0  15  18   0   3   2   3  16   0   2   0   4   4   0   3   4  0.48 0.36
   28 T    -3   5   0  -2  -6   1   1  -3  -1  -2  -1   3  -2  -3  -5  -1   0  -6  -3  -3    1  35   4   2   0   6   7   2   1   3   7  20   1   1   0   4   5   0   1   1  0.67 0.43
   29 G     0  -6  -5  -6  -3  -6  -6   7  -6  -1  -5  -6  -6  -4  -6  -2  -5  -6  -3  -2    6   0   0   0   1   0   0  77   0   5   1   0   0   1   0   4   0   0   1   3  1.84 0.81
   30 R    -1   2  -3  -4  -1  -1  -3  -5   8  -3  -1   1  -2  -1  -5  -3  -3  -2   4  -2    6  11   0   1   1   3   1   1  33   1   7  10   1   2   0   1   1   1  15   3  1.01 0.55
   31 N    -1   1   0   3  -5  -1   3  -2  -1  -4  -5   4  -2  -6  -3   1  -2  -6  -5  -4    4   8   5  19   0   2  18   3   1   1   1  25   1   0   1  10   2   0   0   1  0.60 0.40
   32 L    -4  -6  -6  -6  -5  -3  -6  -6  -6   2   6  -6   1   0  -6  -4  -2  -5  -4   0    1   0   0   0   0   1   0   0   0  12  69   0   3   4   0   1   2   0   0   4  1.36 0.64
   33 L    -5  -6  -7  -7  -5  -6  -7  -7  -7  -2   6  -6   4  -2  -7  -6  -5  -6  -5  -2    0   0   0   0   0   0   0   0   0   2  83   0   9   1   0   0   0   0   0   2  1.94 0.87
   34 K    -3   1  -2   2  -6   1   3  -4  -3  -6  -5   6  -5  -6  -5  -2  -3  -6  -6  -4    1   5   1  12   0   5  19   1   1   0   1  48   0   0   0   2   2   0   0   2  1.17 0.67
   35 K    -2   3  -2   3  -3   2   2  -4  -2  -3  -3   3   2  -3  -4  -2  -3   5  -2  -5    2  17   1  18   1   8  13   1   1   2   2  15   5   1   0   2   1   7   1   0  0.61 0.43
   36 K    -4   2  -3  -3  -7  -2  -3  -6  -5  -4  -6   7  -5  -7  -5  -3   0  -7  -6  -6    1   8   1   1   0   1   1   0   0   1   0  76   0   0   0   1   6   0   0   0  1.97 0.96
   37 S     1   6  -3  -5  -2   2  -2  -4  -2  -4   1  -1   0  -4  -5   0  -3  -5  -2  -2   11  44   1   0   1   8   1   1   1   1  13   3   2   1   0   7   1   0   2   2  0.85 0.56
   38 D    -4   0   0   6  -6  -1   3  -4  -1  -3  -2  -2   0  -6  -5  -2  -1  -6  -4  -3    1   6   3  43   0   3  20   1   1   1   5   2   3   0   0   3   4   0   1   2  0.94 0.58
   39 A     4  -3  -3  -3  -4   0   1   0  -2   2  -1  -2  -1  -3  -4  -1  -2  -5  -3   1   41   1   1   1   0   5   9   6   1  11   4   2   1   1   0   3   1   0   1  10  0.52 0.42
   40 L    -4  -6  -7  -7  -5  -6  -5  -7  -6   0   6  -6   1  -1  -4  -4  -1  -6  -5  -2    1   0   0   0   0   0   1   0   0   4  80   0   3   2   1   1   4   0   0   1  1.64 0.83
   41 T     0   0  -1  -3  -4   0  -2  -2  -1   3   1  -1   4  -1  -4  -1   1  -4  -3   2    7   5   3   1   0   4   2   3   1  16  14   4  11   2   0   4   9   0   0  15  0.26 0.25
   42 L     0   3  -1  -2  -4   1  -1  -2   1   1   0   2   3   0  -3  -1  -1  -4  -2  -1    7  19   2   1   0   7   3   3   3   7   7  14   9   3   1   5   3   0   1   3  0.24 0.26
   43 R    -1   3  -1  -2  -6   2   5  -4   2  -2  -4   0  -1  -3  -5  -2  -3  -6  -2  -3    5  17   3   2   0   7  42   1   4   3   2   6   1   1   0   2   1   0   2   2  0.83 0.59
   44 F    -3  -2  -3  -6  -5  -2  -4  -4   1   2   3  -5   2   7  -6  -4  -3  -1   0  -1    2   2   1   0   0   2   1   2   3   9  23   0   4  41   0   1   1   1   2   3  1.06 0.60
   45 R    -3   4  -1  -2  -5   0  -1  -4   1  -1   1   0   5   2  -5  -2  -2  -1  -1  -1    2  23   3   2   0   3   5   1   3   4  15   4  13  10   0   2   3   1   2   4  0.45 0.36
   46 Q     0   2   0   1  -4   1   2  -1   1  -2  -2   1  -1  -3  -2   1   0  -5  -2  -2    8  14   5   6   0   6  15   4   3   2   3   9   2   1   2  10   6   0   1   3  0.23 0.24
   47 I    -1  -1  -1  -2  -1  -1  -2  -3   0   4   3  -1   2  -1  -2  -2  -1  -4   1   1    4   4   3   2   1   2   3   2   2  21  25   4   4   2   2   3   3   0   4   7  0.29 0.25
   48 L     1  -1  -2  -2   0  -1  -2  -2   1   2   1  -1   2  -1  -4  -1   0   1  -1   2   15   3   2   2   2   3   2   3   3  12  17   3   5   2   0   5   5   2   2  12  0.16 0.17
   49 K     0   3   0   1   0   0   1  -1   0  -2  -2   3  -1  -1  -1  -1  -1   0  -1  -2    7  16   4   9   2   4   8   4   2   2   4  16   2   2   2   4   4   2   2   3  0.20 0.21
   50 K    -1   1   1   2  -5   2   3  -2   0  -1  -2   2  -1  -2  -1  -1  -1  -5  -1  -2    4   8   7   9   0   9  20   2   2   3   3  14   2   2   2   4   3   0   2   3  0.31 0.29
   51 I     2  -2  -2  -4  -2  -2  -3  -4  -1   3   2  -4   2   1  -5  -2  -2  -1   3   2   17   2   2   1   1   1   2   1   1  19  16   1   4   5   0   3   3   1  10  11  0.41 0.33
   52 I    -1   2   0   1  -4   1   1  -2   0   0   0   2   0  -1  -3  -1  -1   0  -1   0    5  12   4   7   0   5   8   2   2   6   9  15   3   3   1   4   4   1   2   9  0.13 0.16
   53 E     0   1   0   1   0   1   3  -1   0  -1  -2   1  -1  -4  -1   0   0  -4  -1  -1    8   9   4   9   2   5  20   5   3   4   3   8   2   0   2   5   5   0   2   5  0.19 0.21
   54 T     1  -1   0  -1   1   0   1  -1   1   0   1  -1   1  -1  -1  -1   1   2   0   0   13   4   4   3   2   4   8   4   3   6  14   4   4   3   3   3   7   2   4   6  0.06 0.07
   55 K    -2   5  -1  -2   1   1  -1  -3   1  -1  -2   3   0  -1  -7  -1  -2  -8   1  -2    3  24   3   3   3   6   5   3   4   4   4  17   3   3   0   4   3   0   5   3  0.48 0.36
   56 M    -1   0   0   0   2   0   0  -1   2   0  -1   0   2   1   0  -1   0   4   1  -1    5   5   5   5   5   5   5   5   5   5   5   5   5   5   5   5   5   5   5   5  0.09 0.08
   57 L     0   2   0   0  -3   2   4  -1   0  -2  -2   2  -1  -3  -4   0  -1  -5  -2  -2    8   9   5   5   1   7  25   4   2   2   5  12   1   1   0   6   3   0   1   3  0.33 0.30
   58 M    -1  -3  -6  -6  -1  -3  -4  -5  -6   2   3  -5   5   2  -6  -3  -2   3  -1   3    5   1   0   0   1   1   1   1   0  12  26   0  13   8   0   1   3   4   2  21  0.74 0.45
   59 G     0   0   1   2  -2   0   3   1   0  -2  -2   0  -1  -1  -3   0  -1   0  -1  -2    6   4   6  12   1   5  22  12   2   2   3   4   1   3   1   5   4   1   2   2  0.23 0.23
   60 E     0   1   0   2  -5   1   3  -2  -1  -2  -3   2  -2  -3  -2   0  -1  -6  -2  -2    9   7   3  11   0   6  24   2   2   2   2  13   1   1   2   7   3   0   1   2  0.36 0.32
   61 V     1   1  -1   1  -1   1   1  -2   0  -1   0   1   1  -2  -2   0   0  -4  -1   1   13   7   2   7   1   5  12   2   2   3  10   9   3   1   1   5   4   0   2  10  0.08 0.13
   62 M    -1  -2  -6  -6   0  -2  -4  -4  -1   1   4  -5   5   3  -6  -3  -1   1   2  -1    5   2   0   0   2   1   1   1   1   7  36   0  15  10   0   2   4   2   6   4  0.69 0.46
   63 R     1   2   0  -1  -1   1   1  -1   1  -1  -2   2   0  -2  -1   0  -1  -4  -2  -1   10  14   3   4   1   7   7   4   3   3   4  15   2   1   3   8   3   0   1   5  0.16 0.17
   64 E    -1   1   1   2  -1   1   3  -2   1  -2  -2   1  -2  -3  -2   0  -1  -5  -2  -2    6   9   6  12   1   7  21   3   3   3   3  10   1   1   1   6   4   0   1   3  0.27 0.25
   65 A     4  -4  -1  -4   2   0  -1  -1   1   0  -1  -4   1   0  -4   0  -1  -5   0   0   37   0   3   0   4   4   3   4   3   5   5   0   3   4   0   6   4   0   3   7  0.40 0.34
   66 A    -1   0  -1  -1   1   0  -1  -2   1  -1   0  -1   3   1  -4  -1  -1   2   5  -1    5   5   3   3   3   4   3   3   3   3   9   4   8   6   0   5   3   3  21   5  0.28 0.24
   67 F     0   1   0   0  -5   1   1   0   1   0  -2   1   1   1  -1   0   0   2   0  -1    7   9   4   5   0   5  10   6   3   5   4   7   3   6   3   7   6   3   3   4  0.08 0.09
   68 S     1  -1   0  -1   1  -1  -1  -2   1  -1   0   0   1   0  -1   2   0   3   0  -1   12   4   5   4   2   3   5   4   3   4  10   5   3   4   3  14   5   4   3   4  0.09 0.11
   69 L    -2  -3  -3  -5   0  -2  -3  -3  -1   1   4  -4   2   3  -5  -3  -2   2   2  -1    3   1   2   0   2   2   2   2   2   5  46   0   4  13   0   2   2   2   7   3  0.63 0.42
   70 A     2   1   0  -1  -1   0  -1  -1  -1   0   0   0   0  -1  -2   0   1   0   0   0   21   7   5   3   1   5   3   4   2   6   9   5   2   3   0   7   9   1   3   7  0.06 0.12
   71 E     0   2  -1   0  -3   1   1  -2   0   0   1   1   2   0  -3  -1  -1  -3  -1  -1    7  10   2   4   0   6  11   2   3   7  14  12   6   3   0   4   2   0   2   4  0.11 0.16
   72 A     4  -1  -3  -1   2  -1  -3  -1  -3   0  -1  -3   1   0  -1   0   0  -4   0   1   35   4   0   3   4   3   0   5   0   4   5   0   4   4   3   6   6   0   3   9  0.29 0.29
   73 K     0   0   0   0   2   0   0   0   1   0  -1   0   1   0  -2   0   0  -2   1   0    6   6   5   6   5   5   6   6   5   6   6   6   5   5   0   6   6   0   5   6  0.03 0.07
   74 F     0   0   0   0  -3   1   0   0   2   0  -1   0   1   1  -3   0   0   3   1   0    6   6   5   6   0   5   6   6   5   6   6   6   5   5   0   6   6   5   5   6  0.06 0.10
   75 T    -1   0   0   0   2   0   0  -1   2   0  -1   0   1   0  -3   0   0   3   1   0    5   5   5   5   5   5   5   5   5   5   5   5   5   5   0   5   5   5   5   5  0.06 0.10
   76 A     0  -1   0   0   0   0   1  -1   2   0   0  -1   2   0  -1   0   0  -3   1   0    8   3   4   7   3   3   8   4   5   5   8   3   9   3   3   8   5   0   5   5  0.02 0.09
   77 G    -1  -2   0  -1  -5  -1  -2   5   0  -2  -3  -2   0  -1   1   0  -1  -5   0  -3    5   2   3   4   0   2   2  42   3   2   3   2   2   3   7   8   3   0   3   2  0.56 0.43
   78 D    -1   0   0   0  -3   0   0  -1   2   0  -1   0   1   0   0   0   0   3   1   0    5   5   5   5   0   5   5   5   5   5   5   5   5   5   5   5   5   5   5   5  0.06 0.08
   79 F    -1   0   0   0  -3   0   0  -1   1   0  -1   0   1   0   0   0   0   3   1  -1    5   5   5   5   0   5   5   5   5   5   5   5   5   5   5   5   5   5   5   5  0.02 0.09
   80 S     1   0   2   0   0   0   0   0   0   0  -2   0   1   0  -1   0   0   1   0  -1   10   6  11   4   2   3   6   6   2   7   4   7   3   4   3   8   5   2   3   5  0.06 0.07
   81 T    -1   0   0   0   2   0   0  -1   2   0  -1   0   2   1   0  -1   0   4   1  -1    5   5   5   5   5   5   5   5   5   5   5   5   5   5   5   5   5   5   5   5  0.09 0.08
   82 T    -1   0   0   0   2   0   0  -1   2   0  -1   0   2   1   0  -1   0   4   1  -1    5   5   5   5   5   5   5   5   5   5   5   5   5   5   5   5   5   5   5   5  0.09 0.08
   83 V    -1   0   0   0   1   0   1  -1   0   1  -1  -1   1   0  -1   0  -1   2   0   2    5   4   4   4   3   5   9   4   3   7   6   3   3   3   3   8   4   3   3  14  0.07 0.08
   84 I     1  -1  -1  -2   1  -1  -2  -2   1   2   1  -2   2   1  -2   0  -1   2   1   0   11   3   3   3   3   3   3   3   3  12  15   3   5   5   3   6   4   2   5   5  0.13 0.10
   85 Q    -1   0   0   0   2   0   0  -1   2   0  -1   0   2   1   0  -1   0   4   1  -1    5   5   5   5   5   5   5   5   5   5   5   5   5   5   5   5   5   5   5   5  0.09 0.08
   86 N     0   0   2   0   0   0  -1  -1  -1  -1   1  -1   2   0   0   1  -1   0   0  -2    7   5  11   4   2   3   5   3   2   3  14   3   6   4   5  13   3   1   4   3  0.10 0.14
   87 V     2  -3  -1  -2   0  -2  -2   0  -1   1  -1  -2   0  -1  -1   1   0  -1  -1   2   19   1   3   2   2   2   2   6   1   8   7   2   2   3   3  12   6   1   2  15  0.18 0.19
   88 N     0   0   0  -1   0  -1  -1  -1  -2   0  -2   0   0  -3   3   1   1  -5  -2   1    8   6   5   4   2   3   3   4   1   6   4   6   2   1  13  11   9   0   1  11  0.14 0.17
   89 K    -1   2   1  -1  -2   1   0  -1   0  -2  -2   2  -1  -3   3   0   0  -5  -3  -1    5  11   6   4   1   7   5   4   2   2   4  15   1   1  13   7   7   0   1   4  0.23 0.24
   90 A     3   0  -1  -1  -2   0   1  -1  -1  -1  -2   0  -1  -2   2   0   0  -5  -1  -1   25   5   2   4   1   5   8   5   1   3   4   7   2   2   9   8   5   0   2   4  0.18 0.21
   91 Q    -1   1  -1   1   0   1   2  -2   0   0  -2   1   0  -1   0   1   1   0  -2  -1    6   9   3   8   2   6  12   4   2   5   4   7   2   2   6   9   8   1   1   4  0.11 0.12
   92 V     0  -2  -1  -1   0  -1   0  -1  -1   2   0  -1   0   0   1  -1   0   0   0   2    6   2   2   3   2   1   6   4   2  13  10   4   3   5   7   3   6   1   4  15  0.08 0.10
   93 K    -1   2   0   1   0   0   2  -1   0  -1  -1   1   0  -1  -1   0   0  -4  -1   0    3  11   4   8   2   4  14   4   2   2   7  11   3   3   2   7   7   0   2   6  0.12 0.14
   94 I    -1  -2  -5  -2   0  -4  -2  -3  -5   3   1  -2   1   0  -1  -2  -1   1  -1   4    4   3   0   2   2   0   3   3   0  14  14   2   3   4   4   3   4   2   2  30  0.42 0.31
   95 R    -1   1   0   1   1   1   2  -1   1  -1  -2   1   1  -1  -1   0   0  -5   0   0    4   9   4   7   3   7  11   5   4   3   5   8   3   3   3   6   7   0   3   6  0.10 0.10
   96 A    -1   0   0   0   2   0   0  -1   2   0  -1   0   2   1   0  -1   0   4   1  -1    5   5   5   5   5   5   5   5   5   5   5   5   5   5   5   5   5   5   5   5  0.09 0.08
   97 K    -1   2  -1   0  -4   1   2  -1   1  -1  -2   2  -1  -2  -2   1   1  -5  -1  -1    4  11   3   6   0   6  11   5   4   3   3  14   2   2   2  13   8   0   2   4  0.19 0.22
   98 K    -1   0  -1  -1  -1   1   1  -2   1   0  -1   1   0   0   0   0   1   2   1   0    4   6   2   2   1   7   8   3   4   5   4   7   2   4   5   8  10   3   5   6  0.07 0.14
   99 D    -1   3   0   0   0   1   1  -1   1  -1  -2   1   0  -1  -3   0   1   2   0  -1    4  17   3   4   3   5   9   4   3   3   4  10   3   3   0   7   7   3   4   4  0.14 0.18
  100 N    -1   1   4  -1  -4   0  -1  -2   1  -1  -2   0   0  -1  -1   1   0   2   0  -1    4   6  23   3   0   4   3   3   3   3   4   5   3   3   3  12   6   3   3   4  0.22 0.28
  101 V     0   0  -2   0  -3   1   0   0   2   0  -1   0   1   1  -2   0   0   3   1   0    6   6   0   6   0   5   6   6   5   6   6   6   5   5   0   6   6   5   5   6  0.03 0.12
  102 A     0   0  -1  -3  -1   0  -2   0   1   0   0  -2   5   1   1  -1   0   1  -1   0    9   4   2   0   2   4   2   7   3   6   8   2  21   5   6   5   5   2   2   5  0.20 0.25
  103 G    -1   0   0  -1   1  -1   0   5  -4  -2  -2   0  -3  -2  -1   0  -1  -4  -4   0    3   5   5   3   3   2   5  40   0   2   5   5   0   2   2   6   4   0   0   8  0.42 0.33
  104 V    -1  -1  -1  -2   0  -3  -4  -2  -4   2   0  -1   3   1  -1  -2  -1  -4   0   4    3   4   3   3   2   0   0   3   0   9   7   3   9   6   3   2   4   0   3  35  0.37 0.32
  105 T    -1   2   0  -1  -1   0   0   1   0  -2  -2   2  -1  -1   0   0   1   1  -1   0    4  13   5   2   1   4   6  12   2   2   3  12   2   3   4   6  10   3   2   6  0.11 0.14
  106 L    -1  -7  -6   0  -6   0  -6  -2   1   2   2  -6   2   2  -1  -2   1  -6   3   3    5   0   0   5   0   4   0   4   3  11  17   0   4   7   4   4   7   0   8  16  0.43 0.25
  107 P    -2  -1  -1  -2   1   1  -2   0   1  -2  -2  -1   1  -1   5  -1  -2   2   0   1    3   3   3   3   3   6   3   6   3   3   5   3   3   3  27   4   3   3   3  10  0.44 0.30
  108 V     0   0  -1   0  -1   1   1  -2   2   1  -1   0  -1  -1  -2   0   1   0  -1   1    7   5   3   5   1   6  10   3   4   7   7   5   2   3   2   7   9   1   2  11  0.07 0.07
  109 F    -2  -1  -3  -3  -1   0  -3  -4  -1   2   2  -3   0   5  -2  -3  -2   0   2   0    4   4   2   2   2   4   2   2   1  11  18   2   3  21   3   3   2   1   7   7  0.51 0.28
  110 E     1   1  -1   1   1   1   3  -3   1  -2  -3   1  -2  -2  -1   0   0  -7  -3   0   10   6   3   8   3   5  21   2   3   3   3   7   1   2   3   7   5   0   1   7  0.25 0.22
  111 H     0  -1  -2  -1   0  -1  -1  -1   1   1   1  -2   1   1   0  -1  -1   1   0   1    8   4   2   4   2   2   5   4   4   9  14   2   3   5   5   5   4   2   4  11  0.07 0.05
  112 Y    -1   0   0   0   2   0  -1  -1   2   0  -1   0   2   0   0  -1   0   3   1  -1    5   5   5   5   5   5   5   5   5   5   5   5   5   5   5   5   5   5   5   5  0.03 0.09
  113 H    -1   0   0   0   2   0   0  -1   2   0  -1   0   2   1   0  -1   0   4   1  -1    5   5   5   5   5   5   5   5   5   5   5   5   5   5   5   5   5   5   5   5  0.09 0.08
  114 E    -2   0   0   1   1   0   2  -1   2  -1  -1   0   0  -1   0   0   0   2   0   0    4   4   4   9   3   4  16   4   4   4   5   6   3   3   4   6   5   3   3   6  0.12 0.12
  115 G    -1   1   0   0   0   0   1   2   0  -1  -2   1   0  -2   1   0   0  -6  -1  -1    5   7   5   4   2   3   9  17   2   4   3   8   2   2   7   7   6   0   2   4  0.13 0.13
  116 T     0   1   0  -1   0   0   1  -1   0  -1  -2   1  -1  -2   1   1   1   1  -1   0    7   8   4   4   2   4   9   5   2   4   4   8   2   2   6   9   8   2   2   7  0.07 0.09
  117 D    -1   0   1   3  -2  -1   2  -1   0  -1  -3   1  -2  -2   3  -1   0  -7  -3  -2    5   5   6  16   1   3  12   5   2   3   4   8   1   2  12   5   5   0   1   3  0.27 0.24
  118 S    -1   0   0   0   2   0   0  -1   2   0  -1   0   2   1   0  -1   0   4   1  -1    5   5   5   5   5   5   5   5   5   5   5   5   5   5   5   5   5   5   5   5  0.09 0.08
  119 Y    -1   0   0  -1   1   0   0   0   1   0  -1   0   2   2   0   0   0   2   3  -1    4   4   5   4   3   4   5   6   4   5   6   5   6   7   6   6   5   3   9   4  0.10 0.10
  120 E    -1   0   0   0   2   0   0  -1   2   0  -1   0   2   1   0  -1   0   4   1  -1    5   5   5   5   5   5   5   5   5   5   5   5   5   5   5   5   5   5   5   5  0.09 0.08
  121 L    -1   0   0   0   2   0   0  -1   2   0  -1   0   2   1   0  -1   0   4   1  -1    5   5   5   5   5   5   5   5   5   5   5   5   5   5   5   5   5   5   5   5  0.09 0.08
  122 T    -2  -2  -2  -3  -7  -3  -3  -2  -1  -1   1  -3  -1   1   0   0   1   2   6   0    5   3   2   2   0   2   2   4   2   4  12   2   2   5   5   7   8   3  26   6  0.57 0.38
  123 G    -1  -1  -1   0   0  -2   0   4   0  -2  -3  -2  -1  -2   0   2  -2   1  -1  -2    6   3   3   6   2   2   6  26   2   2   3   2   2   2   5  16   3   2   2   3  0.36 0.29
  124 L    -1  -1  -1  -1   1  -1  -2  -2  -5   1   2  -5   2   3   1  -2   0  -5   1   0    5   3   3   3   3   3   3   4   0   8  22   0   4  12   6   4   5   0   5   6  0.27 0.18
  125 A    -1   0   0   0   2   0  -1  -1   2   0  -1   0   2   0   0  -1   0   3   1  -1    5   5   5   5   5   5   5   5   5   5   5   5   5   5   5   5   5   5   5   5  0.03 0.09
  126 R     0   0   0   0   1   0   0   1   1   0  -1  -1   0   0   0   1   0   2   0  -1    9   6   5   6   3   3   6   9   4   5   5   4   3   4   5  11   4   2   3   4  0.04 0.05
  127 G    -1  -1  -1  -6   1  -1  -2   2   1  -1  -2  -2   1  -1   0   1   4  -7   0  -1    5   4   3   0   3   3   4  14   3   3   4   3   3   3   4   9  24   0   3   4  0.35 0.29
  128 G    -1   0   0   0   2   0   0  -1   2   0  -1   0   2   1   0  -1   0   4   1  -1    5   5   5   5   5   5   5   5   5   5   5   5   5   5   5   5   5   5   5   5  0.09 0.08
  129 E     1  -1  -1  -1  -5   1   0  -1   2   0  -1  -1   2   0   1   1  -1   3   0  -1   12   3   3   4   0   7   6   6   4   5   5   3   5   4   7   9   4   4   3   5  0.11 0.12
  130 Q    -1   0   0   0   2   0   0  -1   2   0  -1   0   2   1   0  -1   0   4   1  -1    5   5   5   5   5   5   5   5   5   5   5   5   5   5   5   5   5   5   5   5  0.09 0.08
  131 L    -1  -3  -7  -3   0  -2  -3  -4  -1   4   3  -3   1   0  -3  -3  -1   1  -1   2    5   2   0   2   2   2   2   2   2  21  24   2   4   4   2   2   4   2   2  11  0.49 0.31
  132 A    -1   0   0   0   2   0   0  -1   2   0  -1   0   2   1   0  -1   0   4   1  -1    5   5   5   5   5   5   5   5   5   5   5   5   5   5   5   5   5   5   5   5  0.09 0.08
  133 K     0   1   0   1   1   0   3  -2   0  -1  -1   1   0  -1  -1  -1  -1   2   0  -1    8   7   4   7   3   4  16   3   3   4   7   9   3   3   3   5   3   2   3   5  0.13 0.11
  134 L     0   0   0  -2   2  -1   0   0  -1   0   0   0   1   1  -2   0   0  -2   1   0    7   7   7   0   6   0   7   7   0   7   7   7   6   6   0   7   7   0   6   7  0.04 0.09
  135 K     0   1   0  -1   0   0  -1  -1   1   1   0   1   1   0  -2   0   0  -2   1   0   10   9   3   3   3   3   3   3   3   8   8  10   6   4   0   5   4   0   5   8  0.04 0.08
  136 R     0   0   0   0  -2   1   0   0   1   0  -1   0   1   0   1   0   0  -2   1   0    6   6   5   6   0   5   6   6   5   6   6   6   5   5   6   6   6   0   5   6  0.03 0.06
  137 N     1   1   1   0   0   1   0  -1   0  -1  -1   2   0  -1  -3   0   0  -4  -1  -1   15   7   8   5   2   6   7   3   2   3   8  12   2   2   0   7   5   0   2   3  0.11 0.14
  138 Y    -2  -1  -1  -7   1  -1  -7  -2   2   0   1  -2   2   5  -7  -2  -2   5   4  -1    4   3   3   0   3   3   0   4   4   4  12   3   4  22   0   3   3   6  12   4  0.68 0.38
  139 A     0   1  -1   1   1   0   2  -1   1  -1  -1   1   0  -1  -1  -1  -1   2   0  -1    7   8   3   7   3   4  14   4   4   3   6   8   3   3   3   5   3   3   3   5  0.10 0.10
  140 K    -1   0   0   0   2   0   0  -1   2   0  -1   0   1  -2   0   0   0   3   1   0    5   5   5   5   5   5   5   5   5   5   5   5   5   0   5   5   5   5   5   5  0.07 0.11
  141 A     2  -2  -1  -2   0  -1  -2  -2   0   1   3  -3   1   0  -4  -1  -1  -4   0   1   17   2   3   2   2   3   3   2   2   8  27   0   3   4   0   4   3   0   3  11  0.23 0.23
  142 V    -1   0  -2   0   2   0   0  -1   2   0  -1   0   1   0   0   0   0   3   1   0    5   5   0   5   5   5   5   5   5   5   5   5   5   5   5   5   5   5   5   5  0.06 0.10
  143 E    -1   0  -1   2  -2  -1   3  -2   0  -2  -3   2  -1  -3   1  -1  -1   0  -2  -1    6   5   3   9   1   3  21   4   2   2   2  13   2   1   8   5   4   1   1   5  0.26 0.24
  144 L     0   0  -1  -1   0   0  -1  -1   0   0   2   0   1  -1  -1   0   0   1   0   0    6   5   2   4   2   3   4   3   2   5  25   7   5   2   2   5   4   2   4   8  0.06 0.10
  145 L     0  -3  -1  -1   1  -1  -1  -2   0   2   2  -3   2   0  -1  -1  -1  -3   0   1    6   0   3   3   3   3   3   4   3  12  27   0   6   4   3   4   4   0   3   9  0.13 0.17
  146 V     0  -1  -1  -1   1  -3  -3  -1  -3   2   1  -3   2   1  -1  -1  -1   2   0   2    8   3   3   3   3   0   0   4   0  14  12   0   6   6   3   4   3   3   4  19  0.15 0.18
  147 E    -1   2  -1   1  -4   1   3  -2   0  -2  -2   2   0  -2  -2  -1   0  -4  -1  -2    6  12   2   6   0   7  21   2   2   2   5  15   2   2   2   4   5   0   2   3  0.27 0.25
  148 L    -1  -1  -3  -4   0  -1  -3  -3  -1   2   3  -2   3   0  -4  -2  -1   0   1   1    5   3   1   0   2   3   1   1   2  11  37   1   9   4   0   2   4   1   5   7  0.38 0.30
  149 A     0  -2   0  -2   2   1   0   0  -2   0   0  -2   1   1   1   0   0  -2   1   0    7   0   7   0   6   7   7   7   0   7   7   0   6   6   7   7   7   0   6   7  0.06 0.12
  150 S     0   0   1   0  -3   1   0   0   2   0  -1   0   1  -2   1   0   0   3  -2   0    6   6   6   6   0   6   6   6   6   6   6   6   6   0   6   6   6   6   0   6  0.08 0.11
  151 L     0   0   0   0   2   0   0   0   1   0  -1   0   1   0  -2   0   0  -2   1   0    6   6   5   6   5   5   6   6   5   6   6   6   5   5   0   6   6   0   5   6  0.03 0.07
  152 Q    -1   0   0   0   2   0   0  -1   2   0  -1   0   1   0  -3   0   0   3   1   0    5   5   5   5   5   5   5   5   5   5   5   5   5   5   0   5   5   5   5   5  0.06 0.10
  153 T     1  -1   2  -2  -1   0  -2  -1   1  -1  -2   2   0  -2  -3   0   3   0   0  -1   11   4   9   2   1   4   3   5   3   4   5  13   2   2   2   6  18   1   3   5  0.23 0.20
  154 S     1  -1   1  -2   1  -1  -2  -2   0   0  -3   1   0  -1  -2   2   2   2   0  -2   11   4   7   3   3   3   3   3   3   6   3   7   3   3   3  17  12   2   3   3  0.20 0.17
  155 F     0  -2  -2  -2   2  -2   0   0   2   0   0  -2   2   1  -3   0   0   4   2   0    7   0   0   0   7   0   7   7   7   7   7   0   7   7   0   7   7   7   7   7  0.13 0.15
  156 V    -1   0   0   0  -3   0   0  -1   2   0  -1   0   1   0   0   0   0   3   1   0    5   5   5   5   0   5   5   5   5   5   5   5   5   5   5   5   5   5   5   5  0.06 0.08
  157 T    -1   1   0   0   0   0  -1  -2   1   0   0   1   1  -1   1   0   1  -3   0  -1    4  10   5   4   3   3   3   3   4   5  11   9   5   3   6   4  11   0   3   3  0.05 0.10
  158 L    -1  -4  -1  -1  -4  -4  -4  -2  -4   1   4  -1   3   1  -5  -1  -1  -4   1   0    4   0   4   4   0   0   0   4   0   7  39   5   6   5   0   5   4   0   4   7  0.42 0.30
  159 D     2  -1  -1   1   0  -1   1   0   0   0  -1  -1   0  -1  -1   1  -1  -4   0  -1   21   2   3   9   2   2  11   7   2   5   6   2   2   2   3   9   3   0   4   4  0.11 0.15
  160 E     0   1   0   0  -1   1   3  -2   1  -1  -1   1   1   0   1  -1  -1   1   0  -2   10   6   3   5   1   6  18   2   3   4   5   8   4   4   6   3   3   2   3   3  0.13 0.15
  161 A     2  -2   0  -1  -5   0   5  -3  -1  -3  -3  -2  -1  -5  -5   1  -2  -6  -1   0   16   2   5   3   0   4  38   2   2   2   3   2   2   0   0   9   2   0   2   6  0.63 0.47
  162 I    -3  -4  -1  -5  -5  -2  -2  -6   1   6   2  -5   0   0  -5  -3  -1  -5   2   1    1   1   3   0   0   2   3   0   4  41  16   0   2   3   0   2   3   0   7   9  0.80 0.47
  163 K     0   3   0  -1  -5   1   2  -3  -1  -2  -2   4   0  -3  -1  -1  -2  -2  -2  -2    7  16   4   2   0   6  13   2   1   3   3  26   2   1   3   4   2   1   1   2  0.42 0.32
  164 I     0   2   1  -2   0   0   0  -2  -2   0  -2   4  -1  -1  -4   0   0  -4  -1  -1    8  12   5   1   2   4   6   2   1   5   4  26   2   2   0   8   4   0   2   5  0.27 0.25
  165 T     1  -2  -1  -3  -1  -4  -2  -4  -5   0  -1  -1  -1  -5  -5  -2   6  -5   0   0   10   2   3   1   1   0   2   1   0   5   6   4   1   0   0   2  50   0   3   6  0.90 0.59
  166 N     0   0   1   0  -2   1   0   0   2   0   0   0   1   0  -2   0   0  -3  -1   0    6   6   6   6   0   6   6   6   6   6   6   6   6   6   0   6   6   0   0   6  0.04 0.07
  167 R    -1   5  -3  -3   1   0  -2  -2   1  -1  -2   2   1  -4  -1  -1  -1   2  -3  -1    4  39   0   0   3   4   0   4   4   4   4  11   4   0   4   4   4   3   0   4  0.49 0.37
  168 R    -3   6  -1  -2   0   0  -1  -2   0  -1  -2   3   0   0  -4  -1  -2  -4  -3  -2    0  44   2   2   2   4   2   2   2   3   4  16   2   4   0   4   2   0   0   3  0.65 0.44
  169 V     0   0  -2   0   2   0   0  -1   2   0  -1   0   1   1  -3   0   0   3   1   0    6   6   0   6   5   5   6   6   5   6   6   6   5   5   0   6   6   5   5   6  0.07 0.12
  170 N    -1   2   5   0  -4   0  -1  -1   2  -1  -2   0   0   0  -4   0  -1  -4  -3  -4    4  12  31   3   0   3   4   4   5   3   4   6   3   4   0   5   3   0   0   1  0.42 0.36
  171 A     4  -2  -1  -3  -3  -2  -1  -1  -3   0  -1  -1   0  -2   1   0  -1  -4  -1   1   40   2   3   0   0   0   3   4   0   5   5   3   3   2   6   6   3   0   2  13  0.30 0.28
  172 I    -1   0  -3  -4  -3   0  -1  -4  -3   2   4  -3   2   1  -3  -3   0  -3   1   0    5   5   0   0   0   4   5   0   0  12  43   0   5   5   0   0   5   0   4   5  0.36 0.25
  173 E     0   0   1   0   2   1   0   0  -1   0  -2   0   1  -2  -2   0   0  -2   1   0    7   7   7   7   6   7   7   7   0   7   1   7   6   0   0   7   7   0   6   7  0.07 0.12
  174 H    -1   1   2   0   1   0   0  -1   4  -3  -2   3   0   0  -3  -1  -1  -3   2  -2    3   5  12   5   3   4   4   3  11   0   4  20   3   4   0   3   4   0   8   3  0.24 0.24
  175 V    -1   1  -1  -3   0  -1  -1  -2   0   3   0  -1   1   0  -3  -1   0  -3   0   3    3   8   3   0   2   2   4   3   3  23   6   4   3   3   0   3   5   0   3  21  0.19 0.21
  176 I     0   0   0  -2  -3   1   0  -3   2   0   0   0   1   1  -3   0   0   4   1   0    6   6   6   0   0   6   6   0   6   6   6   6   6   6   0   6   6   6   6   6  0.11 0.14
  177 I    -1   0  -3  -1  -3   0  -1  -2  -3   5   1   0   1  -2  -3   0  -1  -4  -3   1    4   4   0   3   0   4   3   3   0  44  11   6   3   0   0   7   3   0   0   4  0.35 0.27
  178 P    -1  -4  -3  -1  -4  -3  -1  -4  -4   0  -2  -1  -3  -4   7  -1  -1  -5  -4  -1    4   0   0   3   0   0   4   1   0   7   4   4   0   0  60   4   4   0   0   4  1.32 0.52
  179 R     0   3   1   1  -1   2   2  -2   1  -2  -2   1  -1  -1   0  -1   0   0   0  -3    6  20   8   6   1   9  12   2   3   2   2   8   2   3   4   4   5   1   3   0  0.23 0.19
  180 I    -2  -2  -2  -3  -1  -2  -4  -5   0   3   4  -4   1   1  -4  -2   0   0   3   0    2   2   2   2   1   2   0   0   2  17  39   0   3   5   0   2   6   1  11   4  0.49 0.32
  181 E    -1   2  -1  -1  -2   2   4  -3   0  -1  -2   2  -1  -3  -1  -1  -1  -4   0  -2    3   9   2   3   1   9  30   2   3   4   4  13   2   1   2   5   3   0   3   2  0.37 0.29
  182 R     1   1   2   0   0   0   3  -1   0  -2  -2   0  -2  -3  -1   0  -1  -4  -2  -2   13   9  12   5   2   4  21   4   2   2   4   6   1   1   3   6   3   0   1   2  0.23 0.22
  183 T     0   0   0   1   1   0   1  -1   0   0  -1   0   0  -1  -3   0   3  -3   0  -1    8   4   4   7   3   5  11   3   3   5   4   4   3   3   0   5  21   0   3   4  0.13 0.18
  184 L     0   0  -1  -3   1   0  -1  -4   1   4   0  -1   1   0  -4  -1  -1  -4   0   1    7   5   3   0   4   4   5   0   3  30   8   4   4   3   0   4   4   0   3   7  0.24 0.24
  185 A     0   2   0   0   1   0   0  -1   2  -2  -2   3   0  -2  -3   0   0  -4  -1  -2   10  14   4   5   3   4   4   5   5   2   3  22   2   2   0   6   5   0   2   3  0.22 0.23
  186 Y    -1   0   0   0   2   0   0  -1   2   0  -1   0   2   1   0  -1   0   4   1  -1    5   5   5   5   5   5   5   5   5   5   5   5   5   5   5   5   5   5   5   5  0.09 0.08
  187 I     0   1  -1  -2  -2   1  -1   0  -2   1   0  -1   2   1  -2   0   1  -2  -1   1    9   9   0   0   0   9   1   9   0   9   9   0   9   9   0   9   9   0   0   9  0.06 0.09
  188 I    -1   0   0   1  -1   1   3  -1  -1  -1  -2   1  -1  -2   0   1   1  -4  -2  -1    4   5   5   6   1   5  24   5   1   5   3   7   2   1   4   9   8   0   1   4  0.17 0.17
  189 T     0   0  -1   0  -1   1   1   0  -1  -1   1  -1   4  -1  -3   1   1  -3  -1  -1    6   5   3   6   1   6   8   7   1   2  13   2  13   3   0  10   9   0   2   2  0.12 0.16
  190 E     0   1  -1  -1  -4   1   3  -3   0   0  -2   2   0   0  -3  -1   0  -4   0   0    9   9   2   2   0   4  26   2   2   6   2  12   3   4   0   4   5   0   4   6  0.27 0.23
  191 L    -5   0  -6  -6  -5  -5  -5  -6   0   1   6  -5   2   0  -6  -2  -4  -5  -4  -1    0   5   0   0   0   0   0   0   2   8  68   0   5   4   0   4   0   0   0   3  1.22 0.59
  192 D    -1  -4  -1   5  -6  -1   5  -1  -1  -6  -6  -2  -2  -3  -4  -1  -3  -6  -2  -4    5   0   2  35   0   2  36   5   1   0   0   2   1   1   0   4   2   0   1   1  1.03 0.54
  193 E    -2  -4  -4   1  -6   1   7  -5  -4  -6  -4  -2  -1  -6  -5  -2  -4  -6  -5  -3    4   0   0   5   0   4  74   0   0   0   2   2   2   0   0   2   0   0   0   2  1.68 0.75
  194 R    -1   4   0  -1  -4   1   0  -2  -1  -1   1   0   3  -1  -3  -1  -1  -4  -1  -1    5  25   4   2   0   7   6   3   1   4  15   5  10   3   0   4   2   0   2   3  0.27 0.22
  195 E     0  -2  -2   2  -5  -1   6  -3  -3  -5  -4  -2   1  -5  -4  -1  -2  -5  -2  -4    6   1   1  11   0   2  60   2   0   0   2   1   3   0   0   4   3   0   1   1  1.11 0.55
  196 R    -4   7  -2  -4  -5   1  -3  -5   1  -2   0  -1  -1  -4  -4  -1  -3  -5  -4  -4    1  65   2   0   0   5   1   1   3   2  11   2   2   0   0   4   1   0   0   1  1.34 0.58
  197 E    -1  -3  -2   1  -5   0   6  -1  -1  -4  -3  -2  -2  -3  -3   0  -2  -4  -2  -4    5   0   1   5   0   4  62   4   1   0   3   1   1   1   0   7   1   0   1   1  1.03 0.51
  198 E    -1  -2   2   4  -5   0   5  -3  -2  -4  -4  -2  -2  -3  -3   0   0  -5  -2  -3    4   2  11  19   0   3  40   2   1   1   1   1   1   1   0   5   5   0   1   1  0.73 0.40
  199 F     0  -1  -3  -4  -4  -1  -3  -3   1   1   1  -1   0   6  -4  -2   0  -2   1   0    7   3   1   0   0   2   0   2   3   9  11   4   2  37   0   2   7   0   3   5  0.51 0.31
  200 Y    -1  -4  -3  -4   1  -3  -4  -3  -1   2  -1  -2   0   5  -4   0   1  -2   2   2    4   0   1   0   3   1   0   1   1  12   3   2   2  26   0   7   8   0   8  18  0.45 0.29
  201 R    -2   7  -2  -4  -2   1  -2  -5  -1  -2  -3   0  -2  -5  -5  -1  -1  -5  -4  -2    3  66   1   0   1   5   1   0   1   2   3   2   1   0   0   5   4   0   0   4  1.30 0.62
  202 L    -2  -2  -4  -5  -4  -2  -2  -5  -2   2   5  -3   3  -2  -4  -3  -1  -2  -2   1    3   2   1   0   0   2   2   0   1   8  56   1   7   1   1   2   3   1   1   7  0.71 0.40
  203 K    -4   1  -4  -4  -5  -1  -1  -4  -2  -2  -2   6   5  -1  -2  -3  -3  -5  -4  -4    0   7   0   0   0   1   2   1   1   2   4  61  14   2   2   1   1   0   0   1  1.20 0.62
  204 K    -2   4  -2  -2  -3  -1  -1  -3   1  -1  -1   4   1  -1  -4  -2  -1   1  -1  -1    2  24   0   2   0   1   3   1   3   4   7  33   4   3   0   1   3   2   2   3  0.51 0.35
  205 I     0  -4  -4  -5  -2  -3  -4  -4  -4   5   1  -3   1   1  -4  -2  -1  -2  -2   4    7   1   1   0   1   1   1   1   0  32  10   1   4   6   0   3   3   1   1  28  0.62 0.35
  206 Q    -1   2  -3  -4  -5   3  -2  -3  -4  -3  -3   6  -2  -5  -3  -2  -3  -5  -5  -3    5   8   1   0   0  15   1   2   0   2   3  57   1   0   1   1   1   0   0   2  1.13 0.59
  207 E     1   2   1   2  -4   1   3   0  -1  -3  -3   2  -2  -4  -3   0  -1  -4  -2  -3   12  11   6  12   0   6  19   8   1   1   1  13   1   0   0   4   3   0   1   1  0.33 0.23
  208 K    -2   3   0  -3  -4   1  -2  -3  -2   0  -1   5   1  -2  -3  -2  -1  -2   0  -2    2  19   3   1   0   5   1   1   1   5   4  38   4   1   0   2   4   1   4   3  0.55 0.35
  209 K    -2   3  -1  -1  -4   1  -1  -2  -1  -1   0   5   0  -4  -3  -1  -1  -1  -3  -2    2  16   2   3   0   6   2   2   1   3  12  36   2   0   0   4   2   1   0   2  0.45 0.31
  210 K    -1   3  -2   0  -4   2   3  -1  -2  -3  -3   4  -2  -3  -3  -2  -2  -4  -3  -3    5  17   1   3   0  10  21   5   0   1   3  26   1   1   0   1   2   0   1   2  0.53 0.32
  211 I     0   3  -2  -2  -4   1   2  -1  -1   1  -1   3  -1  -2  -2  -1  -1  -4  -2  -1    6  21   1   1   0   6  14   4   1   9   4  20   1   1   1   3   2   0   1   5  0.30 0.22
  212 L     0   2  -1   0  -1   1   1  -2   0   0   1   1   0  -2  -1  -1   0  -1  -2   0    9  15   2   5   1   5  11   2   2   6  14   8   2   0   2   3   6   1   1   5  0.09 0.10
  213 K     2   3  -1  -1  -4   1   2  -2  -2  -1  -2   3   0  -3  -2   0  -1  -4  -3  -2   17  17   3   1   0   5  13   2   0   3   2  20   3   1   1   7   2   0   1   2  0.32 0.24
  214 E     2   2  -1   0  -4   1   4  -2  -1  -4  -3   2  -1  -5  -1   0  -2  -5  -4  -3   17  10   2   4   0   6  32   2   1   0   1  13   1   0   3   5   1   0   0   1  0.49 0.32
  215 K     0   3  -1  -2  -4   1   2  -1  -1  -3  -3   4  -1  -3  -3  -1  -2  -4  -3  -2    8  18   2   1   0   4  16   5   1   2   2  31   2   1   0   4   2   0   0   3  0.48 0.31
  216 S     1   1   1   0  -3   1   2   0   1  -2  -2   2  -2  -2  -2   1   0  -4  -2  -2   13   6   7   4   0   6  15   7   5   2   3  12   1   1   1  11   4   0   0   2  0.18 0.15
  217 E     1   1   0   2  -4   1   4  -1   0  -3  -4  -1  -3  -5  -2   0  -2  -5  -3  -3   13   9   3  11   0   6  37   4   2   1   1   2   0   0   1   5   1   0   0   2  0.54 0.33
  218 K     1   1   0   0  -4   3   2  -1   1  -2  -2   3  -1  -4   0  -1  -1  -4  -3  -2   13   7   4   4   0  13  12   4   3   2   4  20   1   0   4   1   4   0   0   1  0.28 0.21
  219 D     0   0   1   3  -4   1   3  -1  -1  -2  -2   0  -1  -2   0   0  -1  -4  -3  -3   10   5   5  17   0   4  27   4   1   2   4   6   2   1   4   4   2   0   1   1  0.32 0.21
  220 L     0   2  -1  -1  -3  -1   0  -2   0   0   1   1   2  -1  -1  -1  -1  -3  -1   1    9  12   2   2   0   2   6   1   3   5  20   9   6   1   3   2   3   0   1  12  0.10 0.12
  221 E     1   0   0   1  -4   2   3  -2  -1  -2  -2   2  -2  -2  -2   0  -1  -4  -3  -1   15   5   3   5   0   9  27   1   1   2   4  14   1   2   1   5   2   0   0   3  0.31 0.23
  222 Q     1   2   0  -1  -4   2   3   0   0  -4  -3   1  -2  -4   0   1  -1  -4  -1  -3   16  12   5   1   0  11  20   5   2   0   2   7   0   0   4   9   2   0   3   1  0.32 0.23
  223 R     0   3  -1   0  -3   0   0   1  -2  -2  -1   2   1  -3  -1  -1   0   1  -2  -2    9  22   2   6   0   3   6  10   0   1   7  11   4   0   3   3   7   3   0   2  0.19 0.16
  224 R    -1   3   0   0  -4   2   1   1  -1  -1  -2   3  -1  -3  -1   0  -2  -4  -3  -2    5  18   4   4   0   8  11  10   1   4   4  19   1   1   3   4   1   0   0   2  0.27 0.19
  225 A     2   0  -1  -1   0   1   0   1  -2  -2  -1   1  -1  -2   2  -1   0  -3  -2  -1   24   4   1   3   2   6   6   9   0   1   4   9   1   2  12   3   4   0   1   5  0.17 0.15
  226 A     3  -1  -1   0  -3   2   1   0  -1  -2  -3   0  -2   0   0   0   0  -3  -1  -1   30   3   3   5   0   9  10   7   1   1   2   4   0   5   3   7   4   0   2   3  0.22 0.19
  227 G     1  -2   1   1   0  -1   0   4  -1  -1  -3  -1  -2  -3   0   0  -1  -4  -2  -1   12   1   6   7   2   3   8  31   2   3   2   2   1   0   5   6   3   0   1   6  0.29 0.18
  228 E     0  -2  -1   2   0   1   4   0  -2  -2  -2   0  -2  -2   0   0  -1  -4  -3  -1    6   0   2  13   2   5  35   6   0   3   4   3   1   1   5   7   3   0   1   4  0.38 0.24
  229 V     1  -2  -1   1  -1   0   1   1  -1   1  -1   0  -1  -2  -1   0   0  -3  -2   1   13   1   2   8   1   2  13  11   1   8   5   4   1   2   2   8   4   0   1  15  0.08 0.10
  230 L     0   0   0   0  -2   1   0  -1   0   1   0  -1   2  -1  -1   0   1  -3  -2   0    8   4   6   3   0   7   8   3   2   8  12   3   7   3   3   8   8   0   0   7  0.05 0.07
  231 E     1   0   0   3   1   0   4   0  -1  -4  -4   0  -4  -5  -2   1  -2  -5  -4  -3   15   4   3  14   3   2  32   7   1   0   1   5   0   0   2   8   1   0   0   1  0.48 0.30
  232 P     1  -2  -3  -1  -4  -1   0  -1  -1  -2  -3   0  -3  -1   6   0   0  -5  -4   0   10   2   1   3   0   2   6   3   1   2   1   5   0   3  39   8   7   0   0   6  0.71 0.34
  233 A     2   0  -1  -2  -3   0  -1   1   1  -1  -2   1  -2  -2   2   1   1  -3  -1   0   17   5   2   0   0   4   3  12   4   3   1   8   0   1  10  10  10   0   1   7  0.18 0.15
  234 N    -3  -2   6   4   0  -2  -1  -3   0  -4  -5  -3  -3  -5  -2   2   0  -5  -3  -5    1   1  36  26   2   1   3   1   2   1   0   0   1   0   2  17   5   0   1   0  0.92 0.44
  235 L    -2  -4  -2  -1  -2  -2  -4  -3  -4   3   3  -4   5   0  -4  -2  -2  -4  -3   2    2   0   2   4   1   1   0   2   0  18  32   0  16   3   0   3   1   0   0  13  0.55 0.29
  236 L    -3  -3  -3  -5  -4  -4  -2  -5  -3   1   5  -4   1   2  -3  -2  -1  -4  -3   0    1   2   1   0   0   0   3   0   1   6  64   0   3   7   1   3   3   0   0   4  0.85 0.41
  237 A     3  -2   0   2  -3  -1   1   2  -1   0  -1  -2  -1  -2  -1   1  -1  -4  -2  -1   28   0   3  11   0   2  10  15   1   6   4   1   1   1   2   8   3   0   2   3  0.22 0.18
  238 E     1  -3  -1   3  -4   1   5   0  -2  -4  -4   0  -3  -5  -3   0  -1  -5  -3  -1   11   0   1  14   0   6  38   9   1   0   1   4   0   0   0   7   2   0   1   5  0.56 0.33
  239 E    -2  -2   1   2  -2   2   4  -1  -2  -4  -4   1  -4  -3  -2   0  -1  -1  -4  -2    2   0   8  12   1  11  36   6   0   0   1   7   0   1   1   6   2   1   0   3  0.56 0.33
  240 K    -1   0  -1   2  -5   2   2   0   0  -3  -4   4  -3  -2  -2  -2  -1  -5  -2  -2    5   3   2  14   0   8  17   7   2   2   1  28   0   2   1   1   4   0   1   2  0.41 0.26
  241 D    -4  -3  -1   8  -7  -3   2  -1   0  -7  -7  -4  -6  -7  -5  -2  -3  -7  -6  -6    1   1   2  75   0   0  12   4   2   0   0   0   0   0   0   1   1   0   0   0  1.89 0.69
  242 E    -1  -2  -1   4  -6  -1   5  -2  -3  -4  -4   1  -4  -6   0  -1  -2  -6  -5  -4    4   2   2  22   0   1  47   2   0   1   1   8   0   0   5   3   2   0   0   1  0.90 0.43
  243 D    -5  -5  -1   8  -7  -1   0  -2  -5  -7  -7  -4  -6  -7  -1  -4  -5   0  -6  -5    0   0   2  83   0   2   5   3   0   0   0   0   0   0   3   0   0   2   0   1  2.07 0.72
  244 L    -3  -5  -2  -6  -4  -5  -5  -6  -5   4   3  -5   1  -3  -5  -5  -3  -5  -4   5    0   0   2   0   0   0   0   0   0  28  29   0   3   0   0   0   0   0   0  38  1.03 0.42
  245 L    -4  -5  -4  -6  -4  -5  -5  -6  -5   5   4  -5   2   0  -5  -5  -3  -4  -3   2    0   0   1   0   0   0   0   0   0  45  34   0   5   4   0   0   0   0   0  11  1.06 0.41
  246 F    -6  -6  -7  -7  -6  -7  -7  -7  -5  -4  -3  -7  -3   9  -4  -6  -6  -2   2  -4    0   0   0   0   0   0   0   0   0   0   0   0   0  95   1   0   0   0   4   0  2.80 0.77
  247 E    -1  -1   0   2  -4   2   6  -3  -1  -4  -3   0  -3  -4  -2   0  -1  -3  -3  -3    0   0   0   6   0   0  94   0   0   0   0   0   0   0   0   0   0   0   0   0  0.87 0.06

                      K         Lambda
Standard Ungapped    0.1324     0.3163
Standard Gapped      0.0359     0.2670
PSI Ungapped         0.1174     0.3176
PSI Gapped           0.0359     0.2670
