
Last position-specific scoring matrix computed, weighted observed percentages rounded down, information per position, and relative weight of gapless real matches to pseudocounts
            A   R   N   D   C   Q   E   G   H   I   L   K   M   F   P   S   T   W   Y   V   A   R   N   D   C   Q   E   G   H   I   L   K   M   F   P   S   T   W   Y   V
    1 M    -1  -1  -2  -3  -2   0  -2  -3  -2   1   2  -1   6   0  -3  -2  -1  -2  -1   1    0   0   0   0   0   0   0   0   0   0   0   0 100   0   0   0   0   0   0   0  0.36 0.01
    2 D     0  -1   1   4  -2   0   1  -1  -1  -3  -3   0  -2  -3  -1   3   0  -4  -2  -2    0   0   0  50   0   0   0   0   0   0   0   0   0   0   0  50   0   0   0   0  0.49 0.00
    3 A     3  -1  -1   0  -2   1   4  -1  -1  -2  -2   0  -2  -3  -1   1   0  -3  -2  -1   50   0   0   0   0   0  50   0   0   0   0   0   0   0   0   0   0   0   0   0  0.36 0.00
    4 S     1  -1   1   0  -1   0   0   0  -1  -3  -3   0  -2  -3  -1   4   1  -3  -2  -2    0   0   0   0   0   0   0   0   0   0   0   0   0   0   0 100   0   0   0   0  0.46 0.00
    5 F    -2  -2  -3  -4  -3  -2  -3  -3   1  -1   0  -3   0   5  -3  -2  -2   2   6  -1    0   0   0   0   0   0   0   0   0   0   0   0   0  50   0   0   0   0  50   0  0.69 0.00
    6 K    -1   2   0  -1  -3   1   1  -2  -1  -3  -3   5  -1  -3  -1   0  -1  -3  -2  -2    0   0   0   0   0   0   0   0   0   0   0 100   0   0   0   0   0   0   0   0  0.52 0.00
    7 T     1  -1   0  -1  -1   0  -1  -1  -1  -2  -2   0  -1  -2  -1   3   4  -3  -2  -1    0   0   0   0   0   0   0   0   0   0   0   0   0   0   0  50  50   0   0   0  0.39 0.00
    8 K    -1   1   0   0  -3   1   2  -1  -1  -2  -2   4  -1  -3  -1   0  -1  -2  -2  -2    1   1   1   1   0   1  21   1   0   1   2  64   0   1   1   1   1   0   1   1  0.38 0.02
    9 E    -1   0  -1   2  -4   2   5  -2  -1  -3  -3   1  -2  -3  -1  -1  -1  -3  -2  -3    1   0   0   6   0   8  72   1   0   0   1   9   0   0   0   0   0   0   0   0  0.71 0.09
   10 K     1   0  -1   0  -2   2   0  -2   4  -2  -1   2  -1  -1  -2  -1  -1  -2   2  -2   17   0   0   6   0  14   0   1  21   0   9  18   0   0   0   0   0   0  11   0  0.20 0.05
   11 S    -2  -1   2  -2  -3  -1  -2  -2   0  -2  -2   0  -2   3  -3   0  -1   0   6  -2    0   0  19   0   0   0   0   0   0   0   1  10   0  13   0   8   0   0  46   0  0.49 0.10
   12 K    -1   1  -1  -1  -4   0   0  -2  -2  -3  -3   6  -2  -4  -2   0  -1  -4  -3  -3    0   0   0   0   0   0   0   0   0   0   0  88   0   0   0   8   0   0   0   0  0.84 0.18
   13 L    -1  -2  -1  -2  -2  -1  -2  -2  -1   0   1  -2   1   2  -2   2   2  -1   2   0    0   0   0   0   0   0   0   0   0   6  12   0   6  13   0  34  14   0  10   5  0.19 0.08
   14 F    -3  -3  -4  -4  -3  -3  -4  -4  -2  -1   2  -2   0   7  -4  -3  -3   0   3  -1    0   0   0   0   0   0   0   0   0   0  21   4   0  69   0   0   0   0   5   0  0.89 0.17
   15 F    -2  -1  -1  -3  -3  -1  -2  -3  -2   1   0   2  -1   4  -3  -2  -2  -1   2   0    0   0   4   0   0   0   0   0   0  12   7  28   0  33   0   0   0   0   8   9  0.29 0.11
   16 F    -2   0  -3  -3  -2  -2  -3  -4  -3   3   2  -2   0   1  -3  -2   1  -2  -1   2    0   9   0   0   0   0   0   0   0  36  18   0   0   9   0   0   9   0   0  19  0.29 0.09
   17 F    -2  -3  -2  -3  -2  -3  -3  -3  -2   2   1  -3   0   4  -3  -1   3  -1   1   0    0   0   0   0   0   0   0   0   0  20  12   0   0  28   0   0  36   0   5   0  0.40 0.14
   18 E    -2  -1   0  -1  -3   3   3  -3   1   1  -1   1  -1   0   0  -1  -1  -3  -2   0    0   0   4   0   0  26  22   0   4  15   3   6   0   5   5   0   3   0   0   7  0.23 0.10
   19 V     1  -1  -1  -2  -2   1   0   0   5   1  -1   0  -1  -2   0  -1  -1  -3  -1   2   13   0   0   0   0   8   4   6  25   6   0   5   0   0   4   0   0   0   0  30  0.24 0.12
   20 G    -1  -3  -2   0  -2  -3  -3   1  -3   3   0  -3   0  -2  -3  -1   1  -4  -2   4    0   0   0   6   0   0   0  13   0  28   0   0   0   0   0   3  10   0   0  41  0.32 0.14
   21 Y    -2  -1   0   4  -4  -1   3  -1  -2   0  -3  -1  -3  -2   3  -1  -2   4   0  -2    0   4   4  31   0   0  23   3   0  10   0   0   0   0  13   0   0   9   4   0  0.48 0.14
   22 E    -2   0  -1   1  -4   0   2  -3   1  -3  -3   4  -3  -4   3  -1   2  -4  -3  -3    0   0   0   6   0   0  15   0   3   0   0  44   0   0  16   0  16   0   0   0  0.57 0.20
   23 N    -2  -1   4   3  -4   0   1  -2   2  -4  -4   3  -3  -4  -1   0   0  -4  -3  -3    0   0  24  20   0   2  10   0   7   0   0  24   0   0   2   4   6   0   0   0  0.51 0.19
   24 G     0  -3  -1  -1  -4  -2   1   6  -1  -4  -4  -1  -1  -4  -3   0  -2  -4  -4  -2    6   0   1   2   0   0  13  63   1   0   0   2   2   0   0   8   0   0   0   3  0.88 0.29
   25 A     0  -2  -1   3  -4   0   3   3   3  -4  -4   1  -3  -4  -3  -1  -2  -4  -3  -4    7   0   0  18   0   2  24  30   9   0   0   7   0   0   0   2   0   0   0   0  0.53 0.21
   26 H    -1  -3   0  -1   0  -3  -1   6   1  -4  -5  -1  -4  -4  -3   0  -1  -4  -4  -3    0   0   4   2   2   0   3  68   4   0   0   3   0   0   0   5   5   0   0   2  0.97 0.31
   27 S     1  -3   1  -2   4  -1  -2  -2   1  -4  -4  -2  -3  -1  -3   5   1  -4  -3  -3    8   0   6   0  11   3   0   0   4   0   0   0   0   3   0  57   7   0   0   0  0.69 0.32
   28 V    -2  -4  -4  -4  -2  -3  -4  -5   1   4   3  -4   2   1  -4  -3  -1  -3  -2   2    2   0   0   0   0   0   0   0   5  33  33   0   4   4   0   0   3   0   0  16  0.55 0.22
   29 I     1  -3  -4  -4  -2  -3  -3  -4  -4   2   0  -1  -1   0  -3  -2   1  -4  -2   5   16   0   0   0   0   0   0   0   0   8   3   3   0   4   0   0   8   0   0  57  0.58 0.28
   30 S    -2   1  -2  -3  -4  -1  -1  -3   5  -1  -3   4  -1  -4  -3  -1   3  -4  -2   0    0   7   0   0   0   0   0   0  17   4   0  37   1   0   0   2  23   0   0   7  0.57 0.29
   31 W    -4  -5  -5  -5  -4  -4  -5  -4  -4  -4  -2  -5   0   0  -5  -5  -4  12   0  -4    1   0   0   0   0   0   0   1   0   0   4   0   3   3   0   1   0  84   0   0  3.34 0.66
   32 V     0  -2  -1   0  -2  -1  -1  -2  -2   2  -1  -1  -1  -2  -1   0   5  -2  -2   0    5   2   1   5   1   1   2   2   1  15   3   2   1   1   2   5  46   0   1   6  0.36 0.16
   33 E     0   0   0   0   1   0   0   0   0  -1   0   0   0   0   0   0   0   3   1   0   10   3   3   4   5   3   6   5   1   3   8   7   2   3   4   7   6   5   9   6  0.04 0.01
   34 L     0   0   1   0  -1   0   0   0   3   0  -1   0  -1   0  -1   1   1  -1   0   0    4   4   7   3   1   2   5   6  12   6   7   3   1   6   3  10  12   1   2   5  0.05 0.03
   35 V    -1  -3  -4  -4  -2  -3  -3  -4  -3   4   2  -3   1   3  -3  -3  -2  -2  -1   3    5   0   0   0   0   0   1   1   0  29  18   1   3  18   0   1   1   0   0  20  0.46 0.19
   36 N    -3  -3  -1   3  -6  -1   6  -2   0  -5  -5  -2  -4  -5  -3  -2  -2  -5  -1  -3    0   0   2  13   0   0  75   3   1   0   0   0   0   0   0   0   2   0   2   2  1.30 0.47
   37 Y    -4  -5  -5  -6  -5  -4  -5  -3  -1  -4  -3  -5  -3   5  -6  -4  -2   2   9  -4    0   0   0   0   0   0   0   2   0   0   0   0   0  19   0   0   2   2  74   0  2.07 0.62
   38 V    -3  -2  -2   2  -6  -1   7  -3  -2  -5  -5   0  -4  -5  -4  -1  -3  -5  -1  -2    0   0   0   8   0   0  78   2   0   0   0   4   0   0   0   4   0   0   2   3  1.35 0.50
   39 L    -3   1  -2  -3  -5  -1   0  -4  -3  -4  -1   7  -3  -5   0  -2  -3  -5  -4  -4    0   5   0   0   0   0   3   0   0   0   6  79   0   0   4   0   0   0   0   0  1.26 0.47
   40 Y     0  -1  -3  -3  -2  -1  -3  -4   2   1   3   0   3  -1  -3  -2  -2  -3   1   2    7   2   0   0   0   2   0   0   6   7  30   8   8   0   0   0   0   0   4  22  0.28 0.18
   41 K    -2   0   5  -2  -4  -1  -2  -3   6  -5  -5   3  -3  -4  -3   1   0  -5  -2  -4    2   3  33   0   0   0   0   0  25   0   0  22   0   0   0  10   6   0   0   0  0.90 0.39
   42 R    -1  -1  -2   2  -5   2   5  -1   2  -5  -4   1  -3  -5   0  -1  -2  -5  -3  -4    4   1   0  11   0  10  48   4   5   0   1   9   0   0   3   4   0   0   0   0  0.72 0.33
   43 D    -2  -1   3   5  -5   1   3  -1   1  -5  -5  -2  -4  -5  -3   0  -2  -5  -4  -5    1   3  13  41   0   4  24   3   3   0   0   0   0   0   0   8   0   0   0   0  0.86 0.35
   44 M     0  -3  -3  -4  -2  -2  -2  -3  -3   4   0  -3   0  -2  -2   0   1  -3   0   3    5   0   0   0   0   2   2   2   0  30   6   0   1   0   2   6   8   0   4  31  0.39 0.23
   45 V     0  -3  -3   2  -5  -1   0  -4  -1  -3  -4   0  -4  -5   7  -2   0  -6  -5  -1    7   0   0  13   0   2   4   0   1   1   0   7   0   0  54   0   5   0   0   4  1.23 0.42
   46 E    -2  -3   0   5  -4  -1   2  -3   2  -2  -3  -1  -4  -4   4  -1  -2  -5  -2  -2    2   0   3  41   0   2  11   0   5   3   1   3   0   0  20   5   0   0   2   3  0.74 0.32
   47 I    -1  -2   1  -3  -4  -3  -3  -4  -4   0  -3  -3  -4  -4   7  -2  -3  -5  -1  -2    6   2   7   0   0   0   0   0   0   5   3   0   0   0  69   2   0   0   3   2  1.67 0.50
   48 L     0  -2  -1   0   0  -1   2  -2   5   1   0  -1   0  -1   0  -1   1  -3   1   0    6   0   2   3   2   0  15   2  21   8  10   3   3   2   4   0   9   0   4   5  0.20 0.17
   49 F    -1  -1   0  -1   0   1   0  -1   2  -2  -2   0   0   0  -3   3   2  -2   3  -2    2   2   3   1   2   6   5   3   6   1   2   4   2   5   0  27  13   0  13   2  0.23 0.19
   50 I    -3  -2  -4  -4  -3  -3  -4  -4   0   2   3  -2   2   2  -4  -2  -2  -2   4   1    0   1   0   0   0   0   0   0   2  11  37   2   5   9   0   2   0   0  20   7  0.53 0.25
   51 I     0  -2  -3  -2  -2   1  -1  -3   0   2   2  -1   5  -1  -2  -1  -1  -3  -2   1   10   0   0   2   0   6   2   1   2  11  24   2  22   2   1   2   2   0   0   8  0.28 0.19
   52 I    -1  -2   0   3  -1   2   2  -2  -2   0  -1   0   0   0  -1  -1   0  -3  -2   0    4   0   3  23   1   9  17   3   0   5   6   4   2   5   3   3   4   0   0   6  0.19 0.13
   53 I    -1  -1  -2  -3  -2  -2  -1  -3  -2   2   1  -2  -1   4  -3   0  -1  -1   2   0    6   4   2   1   0   0   5   1   0  15  16   1   0  28   1   8   2   0   5   5  0.28 0.17
   54 S     2  -2   0  -1   3  -1   0  -2   0   0   0  -1  -1  -2  -1   2   0  -3  -2   0   18   1   6   2   8   2   4   1   3   5   8   2   0   0   3  24   4   0   0   9  0.17 0.14
   55 I    -1  -1  -1  -3  -1  -2  -2  -3  -3   2   2   0   1  -1   0  -1   1  -3  -2   2    3   3   3   1   1   0   2   1   0  18  24   7   4   0   4   3  11   0   0  15  0.19 0.14
   56 F    -1  -1   0   1  -1   0   0  -1   1   0   1   1  -1   2  -1  -1   0   1   0  -1    5   1   5   8   2   4   6   3   3   4  15  14   0  12   2   1   5   2   1   4  0.05 0.08
   57 V    -1  -2  -2  -2  -2  -2  -2  -1  -1   2   2  -1   2  -1  -2   0   1  -3  -2   2    3   1   1   2   0   1   1   5   2  16  19   5   5   1   1   8   8   0   0  23  0.18 0.13
   58 P     0  -2   1   1  -2  -1   0   0  -2   0  -2  -1  -2  -3   3   1   1   0  -2  -1    9   1   7   7   0   2   6   5   0   5   3   3   0   1  19  15  11   1   0   5  0.25 0.13
   59 F    -1   1  -1  -1  -2  -1   0   0  -1  -1   0   2   0   3  -1   0  -1   1   1  -2    5   6   1   3   0   1   6   8   1   2  13  19   1  16   2   5   3   2   4   1  0.10 0.10
   60 F    -1  -2  -1   2  -2  -1   1  -2   1   0   1  -1   0   2  -1   0  -1   0   0   0    3   1   1  13   0   2   9   2   5   6  13   2   3  15   2  11   3   1   2   7  0.09 0.09
   61 L    -1  -2   0   0   0  -1  -1  -1  -1   2   2  -1   1   0  -1  -1   0  -2   0   1    3   1   7   6   2   4   2   3   1  19  20   2   4   2   2   2   5   0   4  11  0.08 0.08
   62 L    -1  -2  -1   1  -1  -1  -1   0  -2   1   1   0   0   0  -2   0   0  -2  -1   0    3   1   2  11   1   1   2  10   0  10  20   6   2   4   1   8   8   0   2   8  0.05 0.07
   63 L     0  -1   0  -1   1   0  -1  -2   1   1   1   0   1   1  -1   0   0   0   2   0    5   2   4   2   4   5   1   3   5   8  16   6   3   5   2   5   7   1  10   5  0.04 0.06
   64 L     0  -1  -2  -3  -1  -1  -1  -2   0   1   2  -1   2   1  -2   0  -1   2  -1   0    8   4   0   0   1   1   3   2   3   6  29   4   9   6   2   8   3   4   0   7  0.13 0.12
   65 A     1   0   0  -1  -2   0   0   1   1   0   0   1   0  -2   0   0   0  -2   0   0   15   3   4   3   0   4   6  10   5   5   8   9   2   0   3   6   7   0   4   5  0.05 0.04
   66 S     0   1   0   0  -3   1   1  -1   2  -1  -2   2  -1  -3   0   2   0  -1  -1  -2    9   5   4   3   0   6   7   4   8   3   2  15   1   0   3  19   7   1   2   0  0.18 0.14
   67 F     0   0   0   0   0   0   0  -1   1  -1   0   0   0   1  -2   0   0   1   1   0    5   5   6   5   2   4   8   5   4   2   9   6   2   7   1   6   4   2   7  10  0.02 0.03
   68 F     0  -2  -1  -1   0   0   0  -1   3   1   0   0   3   1  -1   0  -1  -2   1   0    6   0   2   4   2   2   5   3  10  12   5   5  12   9   3   6   2   0   4   6  0.07 0.11
   69 I     0  -1  -1  -1  -2   0   2   0   0   0   0   1   3  -1   1   0   1  -3  -2   0   10   2   2   1   1   2  16   6   3   8   5   8  13   2   5   5   9   0   0   3  0.11 0.14
   70 T     0   0   1   0  -2   1   1  -2  -1   0  -2   1  -2  -2  -1   2   2  -3  -3   0    5   3   7   4   1   6  12   2   1   7   1  10   0   1   2  21  13   0   0   5  0.18 0.16
   71 M    -5  -6  -7  -7  -2  -3  -5  -7  -4  -3  -3  -5  11  -5  -6   0  -5  -7  -6  -4    0   0   0   0   1   1   1   0   0   1   1   0  85   0   0   7   0   0   0   0  3.25 1.37
   72 T     5  -5  -2  -2  -2  -3  -4   3  -3  -5  -5  -2  -5  -6  -2   3   0  -6  -4  -2   45   0   1   2   1   1   0  18   0   0   1   2   0   0   2  19   5   0   1   3  0.89 0.59
   73 L    -4  -3  -3  -5  -3   4  -4  -4  -3  -1   5  -3   2  -2  -5  -2  -1  -1  -5  -1    1   1   1   0   0  19   0   2   1   3  53   1   5   1   0   2   4   1   0   4  0.92 0.58
   74 S    -1  -1  -1  -3   0  -2  -2  -3   0   2   0   2   0   0  -2   2   1  -3  -2   1    3   3   3   1   2   1   1   1   2  14   7  13   2   4   1  18  10   0   1  13  0.20 0.24
   75 G    -1  -1  -3  -3   1   1  -2   6   0  -6  -6  -3  -6  -6  -5  -2  -4  -6  -5  -4    6   4   1   2   2   6   3  66   2   0   0   1   0   0   0   3   1   0   0   1  1.39 0.71
   76 K    -3   1  -1  -4  -4   0  -1  -5  -5  -4  -6   7  -3  -6  -4  -2   1  -7  -4  -3    2   6   2   1   0   4   3   1   0   1   0  65   1   0   1   3   8   0   1   2  1.42 0.79
   77 I    -3  -3  -6  -7  -3  -3  -5  -6  -4   3   5  -4   4  -2  -6  -3  -4  -5   0   2    1   2   0   0   0   1   0   0   0  15  50   1   8   1   0   2   1   0   3  14  1.00 0.57
   78 S    -3  -3  -3   0  -3  -1   5  -3  -1   1  -4  -1   0  -3  -5   2   0  -2  -4   2    2   1   0   4   1   2  39   2   1   9   1   4   2   1   0  14   5   1   0  13  0.65 0.50
   79 T     2  -2  -3  -2   0  -2  -2   0  -1   0  -2  -2   0  -1  -4   1   3  -3  -3   2   17   2   1   2   2   1   2   8   2   6   3   2   3   3   0   8  21   0   1  17  0.28 0.29
   80 E    -2  -3  -2   2  -4   4   5  -4   0  -4  -5   0  -5  -5  -3   0  -2  -6  -2  -2    3   0   2  12   0  16  43   1   2   1   0   5   0   0   1   6   3   0   2   3  0.93 0.62
   81 I    -2  -5  -6  -5  -4  -3  -4  -6  -2   4   1  -3   1   1  -5  -2   0  -5  -2   5    3   0   0   0   0   1   1   0   1  19  12   2   4   5   0   2   7   0   1  41  0.83 0.50
   82 G    -3  -3  -2   1  -4   0   6  -1   1  -6  -5  -1  -2  -7   0  -3  -3  -7  -4  -2    2   1   2   6   0   3  60   5   3   0   1   4   1   0   5   2   1   0   1   3  1.22 0.74
   83 V    -2  -6  -6  -7  -2  -6  -5  -6  -7   6   2  -5   1  -2  -6  -4  -1  -4  -2   4    3   0   0   0   1   0   1   1   0  41  20   0   3   1   0   1   3   0   1  24  1.13 0.61
   84 H    -4   0   3  -2  -7   1  -2  -5   1  -5  -6   7  -3  -7  -3  -1  -4  -7  -5  -6    1   4  12   2   0   5   3   0   3   1   1  60   1   0   1   5   1   0   0   0  1.44 0.81
   85 A     3  -4  -5  -4   6  -5  -4  -1  -4  -2  -4  -3  -2  -4  -4   4   0  -2  -2   1   21   0   0   0  17   0   1   4   0   2   1   1   1   1   1  33   6   0   1   8  0.89 0.60
   86 T    -2  -3   1   1  -1  -4  -2  -1   0  -5  -5  -3  -3  -6   5   4   0  -3  -6  -6    3   1   5   9   1   0   2   5   2   0   1   1   1   0  27  34   6   1   0   0  0.92 0.63
   87 A     6  -4  -5  -5  -3  -4  -5   2  -4  -4  -6  -4  -6  -7   2  -2  -3  -7  -6  -2   62   1   0   0   1   1   0  15   1   1   0   1   0   0  11   2   1   0   0   2  1.35 0.79
   88 A    -1  -2   0   6  -7   0   4  -2   3  -5  -6  -1  -3  -5  -4  -1  -2  -7  -2  -5    6   2   4  39   0   3  22   3   6   1   1   3   1   0   1   5   2   0   1   1  0.94 0.58
   89 K    -2   1  -2  -3  -4   1   0  -4  -1  -3  -2   6   0  -4  -4  -2  -2  -2  -4   0    2   7   2   1   0   6   6   1   1   1   5  52   2   1   1   3   2   1   0   6  0.95 0.61
   90 W    -2  -7  -7  -7  -6  -6  -7  -7   1   0   0  -7   0   8  -7  -6  -6   2   3   1    4   0   0   0   0   0   0   0   4   5   9   0   2  54   0   0   0   3   8  10  1.61 0.77
   91 F    -6  -4  -5  -7  -7  -4  -6  -7   6  -6  -3  -5  -3   5  -5  -6  -4   8   7  -5    0   1   1   0   0   1   0   0  19   0   3   1   0  23   1   0   1  17  31   1  2.03 0.94
   92 N    -2  -1   3   3  -3   1   3   0   3  -6  -5   2  -3  -6  -3  -1  -2  -6  -4  -4    3   3  13  15   1   5  22   8   6   0   1  15   0   0   1   3   2   0   0   1  0.57 0.42
   93 L     1  -2  -3  -4  -1  -4  -4  -3  -1   3   1  -4   5   2  -4  -1  -1  -2  -2   1   13   2   1   1   1   0   1   1   1  18  15   1  14  10   0   4   4   1   1  10  0.46 0.34
   94 L    -5  -6  -3  -7   1  -5  -6  -5  -5   2   1  -6   0   7  -7  -4  -5   5   4  -1    1   0   2   0   3   1   0   1   0   9  13   0   2  39   0   1   0   7  14   5  1.33 0.69
   95 A     0   4  -2  -3   2  -2  -3  -1   1  -1  -3   4   0  -2  -3   0   0  -3  -3  -1    8  20   1   1   4   1   1   5   3   3   2  26   2   2   1   8   7   0   1   4  0.46 0.37
   96 T    -1   0   3   2   0  -1   0  -1   3  -3  -4   1  -2  -3  -3   2   1  -4   1  -3    6   4  14  11   2   2   4   4   8   1   1  10   1   1   1  13  10   0   6   2  0.29 0.28
   97 K    -2   2   2   0  -3   2   1  -2   1  -3  -2   3  -1  -1  -2   0  -1   0  -3  -3    3  11  11   6   0  10   7   2   4   1   3  22   1   4   2   7   4   1   1   2  0.34 0.30
   98 L     1  -3   0  -2  -2   0   0  -2  -1   0   1  -2   2  -2   4   0   1  -4  -3  -1   11   0   4   1   1   4   5   2   2   5  14   2   6   2  20   6  10   0   1   4  0.29 0.27
   99 H    -3  -1   1   0  -2   0  -1  -2   8  -3  -3   0  -2  -1  -2   0   0  -5   3  -4    2   3   7   6   1   4   3   3  36   1   3   5   1   3   2   6   7   0   8   1  0.89 0.54
  100 H    -3  -1  -1   1  -3   1   0  -4   6   0   2  -1  -1  -2  -3  -2  -2  -2  -1  -1    1   3   3   8   0   7   7   1  24   6  20   4   1   2   1   3   2   0   1   4  0.49 0.37
  101 L    -2  -3  -5  -4  -4  -4  -5  -5  -5   4   3  -3   2   3  -1  -3  -2  -2  -1   3    3   1   0   1   0   1   0   0   0  22  27   2   4  12   3   2   2   1   1  18  0.64 0.40
  102 Q     0  -3  -2  -3  -1   1  -3  -4   0  -3  -4  -1  -2  -3   6   2  -1  -6  -4  -1    7   1   1   1   2   7   1   1   2   2   2   4   1   1  45  14   3   0   1   4  1.03 0.64
  103 N    -1  -1   5   0  -5   1  -1  -3   1  -2  -4   4  -1  -4  -3  -1   1  -5  -2  -3    6   2  25   4   0   5   2   1   4   3   2  29   1   1   1   4   8   0   1   1  0.62 0.46
  104 I     1  -3  -5  -5   0  -3  -3  -3  -1   5   0  -3   4  -1  -5  -2  -1  -5  -2   2   14   1   0   0   2   1   2   2   1  34   8   1  11   2   0   3   4   0   1  14  0.63 0.42
  105 S    -1  -4  -2  -4   5  -3  -3  -2  -3  -3  -1  -3  -1   2   3   3   2  -5  -2  -2    5   0   1   0  13   1   1   3   1   1   5   1   1  10  17  24  12   0   1   2  0.60 0.47
  106 D    -4  -3   0   3  -2   0   0  -2   3  -6  -6  -2  -6  -3   6  -1  -3  -7  -6  -3    1   1   4  14   1   4   7   3   6   0   0   3   0   1  46   5   1   0   0   2  1.19 0.70
  107 R    -1   1   3  -1  -4   2   1  -2   4  -1  -2   3   0  -2  -3  -1  -1  -4  -1  -2    4   5  13   3   0   8   9   2  12   4   4  18   2   2   1   3   4   0   2   3  0.31 0.29
  108 I    -3  -3  -3  -3  -1  -2  -4  -4  -2   5   0  -4   1   2  -5  -3  -1  -5   1   4    1   1   1   1   1   2   1   1   1  31   6   1   3   7   0   1   4   0   4  29  0.75 0.46
  109 H    -2  -1   0  -2  -2   4   0  -3   5  -1  -2   2  -1   0   0  -1  -1  -4   1  -2    2   3   5   2   1  18   6   1  14   4   4  13   1   5   5   4   4   0   6   2  0.36 0.32
  110 G     0   0   1   0   0  -1   1   2   1  -3  -5   3  -4  -2  -1   2  -1  -5  -1  -4    6   4   8   5   2   2   8  15   3   2   0  17   0   2   2  20   2   0   2   0  0.33 0.30
  111 T     0  -4   0   0   5  -4  -3  -2   0   2  -2  -4   0   0  -4   1   0  -5  -2   4    8   0   4   5  11   0   2   3   2  11   2   0   2   4   0   9   5   0   1  31  0.46 0.37
  112 K    -2  -1  -1   2  -1   1   3  -2   1   0  -1   1  -1  -1  -2  -1  -1   2  -1  -1    3   2   3  11   2   6  24   3   4   7   5   9   1   2   2   3   4   3   2   5  0.24 0.25
  113 L    -2  -1  -1  -2   0   0   0  -4  -1   2   2   0   0   1  -4  -2  -1   2   0   1    3   2   2   2   2   6   6   0   2  13  26   5   2   5   0   2   4   3   2  11  0.19 0.20
  114 H    -1  -2  -1  -2   3   1  -2  -4   5   2   1  -2   0  -1  -1  -2  -1  -4  -1   2    3   2   3   3   7   6   2   0  16  14  13   2   2   2   2   2   4   0   2  14  0.28 0.27
  115 H     0   0   0   0   2   0   0   0   1   0  -1   0   1   0   1   0   0  -3  -1   0    6   6   5   6   5   5   6   6   5   6   6   6   5   5   6   6   6   0   0   6  0.03 0.07
  116 G    -1  -1   1   0  -4   0  -1   4  -3  -1  -2   0  -3   0  -4   0  -1   2  -3  -1    4   3   6   5   0   4   4  39   0   4   4   7   0   4   0   5   4   4   0   4  0.40 0.30
  117 Q     0   0   0   0   2   1   0   0   1   0  -1   0   1  -2   1   0   0  -3  -2   0    6   6   6   6   6   6   6   6   6   6   6   6   6   0   6   6   6   0   0   6  0.06 0.09
  118 D    -1   0   1   5   0   0   0   0   0  -2  -2   0  -3  -1  -1  -1  -1   0  -3  -2    4   4   7  31   2   4   6   8   2   3   4   6   0   3   3   5   3   2   1   4  0.35 0.25
  119 W    -2  -2  -2  -2   0  -2  -1   3  -1  -1  -2  -2   0   0  -2  -2   0   9  -1  -2    3   2   2   2   2   2   4  18   2   4   5   3   2   4   3   3   5  28   2   2  0.91 0.55
  120 H    -1   0   0   0  -4   0   0   3   3  -1  -1   1  -3  -1  -1  -1   0  -4   0  -1    4   4   5   5   0   4   5  24   7   4   5   9   0   3   3   4   5   0   3   5  0.17 0.18
  121 H     0   0   0   0   2   0   0  -1   2   0  -1   0   1  -2   0   0   0   3   1   0    5   5   5   5   5   5   5   5   5   5   5   5   5   0   5   5   5   5   5   5  0.07 0.11
  122 S     0   0   0   0   2   0   0   0   1   0  -1   0   1   0   1   0   0  -3  -1   0    6   6   5   6   5   5   6   6   5   6   6   6   5   5   6   6   6   0   0   6  0.03 0.07
  123 E    -1  -1  -1   0   2  -3  -1   5   0  -2  -1  -2  -3  -1  -1   0  -1  -4   1  -2    2   4   3   5   5   0   3  42   2   2   7   2   0   2   3   6   2   0   5   3  0.46 0.35
  124 S     0  -1   0   0   2  -2  -1   0   0   0  -2   0  -2   0   0   3   0  -3   0  -1    8   3   4   6   6   0   3   6   3   5   4   6   0   4   4  24   6   0   3   3  0.14 0.20
  125 I     0   0   0   0   2   0   0   0  -1   0  -1   0   1   0   1   0   0  -2   1   0    6   6   5   6   5   5   6   6   0   6   6   6   5   5   6   6   6   0   5   6  0.03 0.06
  126 K    -2   2  -1  -6   1  -1  -2  -2   1   3  -1   2   1   0  -2  -2  -1   3   0   1    4  10   3   0   3   3   3   3   3  14   7  13   3   4   3   4   4   3   4   8  0.21 0.18
  127 H    -1   0   0   0   2   0   0  -1   2   0  -1   0   2   1   0  -1   0   4   1  -1    5   5   5   5   5   5   5   5   5   5   5   5   5   5   5   5   5   5   5   5  0.09 0.08
  128 W    -2  -1  -1  -2   2  -4  -1  -2   1   0  -1  -1   2   2  -5  -1  -1   9   1   0    3   3   3   3   4   0   4   3   4   6   6   3   5   8   0   5   4  26   4   6  0.75 0.48
  129 T     0   0   0   0   2   0   0  -1   1   0  -1   0   1   0   0   0   0  -2   1   0    5   5   5   5   5   5   5   5   5   5   5   5   5   5   5   5   5   0   5   5  0.03 0.05
  130 Y     0   0   0  -2   2   1   0  -3   2   0  -1   0   1   1   0   0   0   3   1   0    6   6   5   0   5   5   6   0   5   6   6   6   5   5   6   6   6   5   5   6  0.10 0.14
  131 T     0   0   0   0   2   0   0  -1   1   0  -1   0   1   0   0   0   0  -2   1   0    5   5   5   5   5   5   5   5   5   5   5   5   5   5   5   5   5   0   5   5  0.03 0.05
  132 I    -1   0   0   0   2   0   0  -1   2   0  -1   0   2   1   0  -1   0   4   1  -1    5   5   5   5   5   5   5   5   5   5   5   5   5   5   5   5   5   5   5   5  0.09 0.08
  133 D     0   0   0   0   2   0   0  -1   1   0  -1   0   1   0   0   0   0  -2   1   0    5   5   5   5   5   5   5   5   5   5   5   5   5   5   5   5   5   0   5   5  0.03 0.05
  134 G     0  -1   0   1  -3   0   0   4   0  -1  -2   0   0  -1   0   0   0  -4  -3  -1    5   3   4   7   0   3   5  31   3   3   4   4   3   4   4   6   5   0   0   4  0.22 0.20
  135 K     0   0   0   0  -3   1   0   0   2   0  -1   0  -1  -2   1   0   0   3   1   0    6   6   6   6   0   6   6   6   6   6   6   6   0   0   6   6   6   6   6   6  0.08 0.10
  136 V     0   0   0   0   2   0   0  -1   1   0  -1   0   1   0   0   0   0  -2   1   0    5   5   5   5   5   5   5   5   5   5   5   5   5   5   5   5   5   0   5   5  0.03 0.05
  137 T    -1   0  -1  -1   2   1   2  -2   1   0  -1   2   2   0  -1  -1   0  -6   0   0    5   6   3   3   4   6  15   4   3   4   6  11   5   3   4   5   5   0   3   6  0.15 0.14
  138 T    -1   0   0   0   2   0   0  -1   2   0  -1   0   2   1   0  -1   0   4   1  -1    5   5   5   5   5   5   5   5   5   5   5   5   5   5   5   5   5   5   5   5  0.09 0.08
  139 C    -1   0   0   0   2   0   0  -1   2   0  -1   0   1   0  -3   0   0   3   1   0    5   5   5   5   5   5   5   5   5   5   5   5   5   5   0   5   5   5   5   5  0.06 0.10
  140 Q     0   0   1   0  -3   1   0   0   2   0  -1   0   1  -2   1   0   0  -2   1   0    6   6   6   6   0   6   6   6   6   6   6   6   6   0   6   6   6   0   6   6  0.05 0.08
  141 E    -1  -1  -1   0   1   1   4  -2   2  -1  -1   0   0   1  -3  -1   0   2   0  -1    4   3   3   5   3   6  26   3   6   3   5   4   3   6   0   4   5   3   3   5  0.24 0.24
  142 S     0   0   0   0   2   1   0  -3   2   0   0   0   1   0  -3   0   0   3  -1   0    6   6   6   6   6   6   6   0   6   6   6   6   6   6   0   6   6   6   0   6  0.09 0.13
  143 I     0   0   0  -2  -2  -1   0   0  -2   0   0   0   1   1  -2  -1   0   4   1   0    7   7   7   0   0   0   7   7   0   7   7   7   7   7   0   0   7   7   7   7  0.08 0.12
  144 E    -2  -1  -1   1  -7   0   5  -1   1  -1  -3  -1   1  -6  -1  -1   1  -7   0  -1    4   3   3   7   0   4  31   5   3   3   3   4   4   0   3   4   8   0   3   5  0.49 0.35
  145 S    -1   0   0   0   2   0   0  -1   2   0  -1   0   2   1   0  -1   0   4   1  -1    5   5   5   5   5   5   5   5   5   5   5   5   5   5   5   5   5   5   5   5  0.09 0.08
  146 V    -1  -3  -1  -1   0  -1  -1  -2  -1   3   1  -1   1   0  -1  -2   0   1  -2   2    4   0   3   5   2   2   5   3   2  22  11   4   4   3   2   0   6   2   0  19  0.20 0.20
  147 D    -1  -4   2   5  -5  -3   1  -1   2  -1  -2  -1   1  -4  -4  -1  -3  -5   0  -1    5   0   8  40   0   0   8   5   5   4   4   4   4   0   0   4   0   0   4   4  0.64 0.41
  148 E     0   0   0   0  -3   1   0   0   2  -2  -1   0   1   1   0   0   0   3   1  -1    6   6   5   6   0   5   6   6   5   0   6   6   5   5   6   6   6   5   5   6  0.08 0.12
  149 A     0  -1   0   1  -4   1   4  -1   1  -1  -2   1   0  -1  -1  -1  -1   2   0  -1    6   3   4   6   0   4  27   4   3   3   4   7   3   3   3   4   4   3   3   5  0.22 0.24
  150 N    -1  -1   5   0  -5   1  -1  -2   0  -5  -3   4  -4  -1  -1   0   0  -5  -1  -4    4   3  29   4   0   5   4   3   2   0   3  24   0   3   2   5   6   0   2   0  0.59 0.43
  151 K     0   0   0   0   2   1   0   0   2   0  -1   0   1   1  -3   0   0   3   1  -2    6   6   5   6   5   5   6   6   5   6   6   6   5   5   0   6   6   5   5   0  0.08 0.13
  152 T    -1  -1  -1  -1   1   0  -1  -2   1   1   0  -1   1  -1  -3   1   1   3   0   1    4   3   3   3   3   3   4   3   3   9   9   4   4   3   0  15  11   4   3   9  0.09 0.15
  153 I    -1   0   0   0   2   0   0  -1   2   0  -1   0   1   0  -3   0   0   3   1   0    5   5   5   5   5   5   5   5   5   5   5   5   5   5   0   5   5   5   5   5  0.06 0.10
  154 I    -1   1  -1  -1   2  -1   0  -1   1   0  -2   1  -1  -1  -1   1   3  -4   0   0    4   6   3   2   5   2   5   5   4   5   3   8   2   3   2  10  21   0   3   8  0.15 0.20
  155 Y    -1  -2  -2  -5   1  -1  -4  -3   3   0   0  -1   0   4  -5  -2   0   4   5  -1    5   3   2   0   3   3   0   2   7   4   9   3   3  18   0   2   5   6  19   4  0.56 0.39
  156 K     0   0   0   0   2   0   0  -1   1   0  -1   0   1   0   0   0   0  -2   1   0    5   5   5   5   5   5   5   5   5   5   5   5   5   5   5   5   5   0   5   5  0.03 0.05
  157 L     0  -1  -3  -1   1  -1  -1   0   0   1   0  -1   1   2  -1  -1  -1   2   1   2    7   3   0   4   3   3   3   8   3   7   6   3   4  10   3   3   3   3   6  19  0.09 0.14
  158 F    -1   0   0   0   2  -2   0  -1   1   0  -1   0   1   0   0   0   0   3   1   0    5   5   5   5   5   0   5   5   5   5   5   5   5   5   5   5   5   5   5   5  0.05 0.09
  159 D    -1   0   0   3  -5   0   4   2   2  -5  -5   0  -5  -5  -4  -1  -1   4  -4  -5    4   6   4  13   0   4  25  15   4   0   1   6   0   0   0   5   4   6   0   0  0.58 0.37
  160 G     0   1   1   1   2  -1   0   0   2  -2  -1   0  -1  -2  -2   0   0  -3  -2   0    8   8   7   8   7   0   8   8   7   0   8   8   0   0   0   8   8   0   0   8  0.09 0.10
  161 D     0   0   0   0   2   0   0   0   1   0  -1   0  -1   0   1   0   0  -2   1   0    6   6   5   6   5   5   6   6   5   6   6   6   0   5   6   6   6   0   5   6  0.03 0.06
  162 I    -1   0   0   0   2   0   0  -1   2   0  -1   0   2   1   0  -1   0   4   1  -1    5   5   5   5   5   5   5   5   5   5   5   5   5   5   5   5   5   5   5   5  0.09 0.08
  163 D     0   0   0   0  -2   1   0   0   1   0  -1   0   1   0   1   0   0  -2   1   0    6   6   5   6   0   5   6   6   5   6   6   6   5   5   6   6   6   0   5   6  0.03 0.06
  164 H     0   0   0   0   2   1   0   0   1   0  -1   0   1  -2   1   0   0  -3  -2   0    6   6   6   6   6   6   6   6   6   6   6   6   6   0   6   6   6   0   0   6  0.06 0.09
  165 Q    -2  -1   0   0   1   0   0  -2   3   0   0   1   3   0  -1  -1   0   2   1  -1    3   4   5   5   3   5   7   3   7   6  10  10   6   4   3   4   5   2   5   4  0.11 0.09
  166 Y    -2  -7  -1  -1   2  -1  -2  -2   1  -1  -1  -7   1   3  -1  -2  -7  -6   8  -2    4   0   3   3   4   3   3   3   3   3   6   0   3  10   3   4   0   0  39   3  1.17 0.61
  167 K     0   0   0   0   2   0   0  -1   1   0  -1   0   1   0   0   0   0  -2   1   0    5   5   5   5   5   5   5   5   5   5   5   5   5   5   5   5   5   0   5   5  0.03 0.05
  168 L    -2  -1   1  -1   1  -1  -1  -2   1  -1  -1   0   3   0  -1   3   0   2   0  -1    4   3   6   3   3   3   4   4   3   4   6   6   6   4   3  24   6   2   4   5  0.23 0.19
  169 F    -2  -7  -7  -7   3   0  -1  -7  -7   1   0  -1   2   6  -1  -1  -7   4   4  -1    4   0   0   0   4   4   4   0   0   6   9   4   4  28   4   4   0   5  13   5  0.91 0.45
  170 K    -1   1   0   0   0   1  -1  -2   0  -1  -1   4   0  -2  -1  -1   0  -5  -1   0    3   7   5   6   2   6   3   2   2   4   6  26   2   2   3   4   7   0   2   7  0.23 0.22
  171 L     1  -2  -1  -1   0  -1  -2  -2  -1   2   0  -2   1   2   0  -1   0  -3   1   2   12   2   2   4   2   2   2   3   2  13   9   2   3   8   5   5   5   0   5  13  0.10 0.12
  172 V    -2   0   0  -2  -1  -2   0  -3   2   3  -2   2  -1  -1  -5  -1   4  -5  -2  -1    2   4   4   2   1   2   5   2   6  17   3  11   1   3   0   4  27   0   1   5  0.43 0.36
  173 F    -1   0   0  -2   2   0   0  -1   2   0  -1   0   1   1   0   0   0   3   1   0    5   5   5   0   5   5   5   5   5   5   5   5   5   5   5   5   5   5   5   5  0.07 0.11
  174 Q    -1   0   0   0   1   4   1  -2   4  -1  -2   2   0  -4  -1   0   1  -4   0  -2    4   3   3   4   3  19   9   3   9   3   3  12   3   0   3   5   7   0   3   3  0.30 0.30
  175 A     0   0   0   0   2   0   0  -1   1   0  -1   0   1   0   0   0   0  -2   1   0    5   5   5   5   5   5   5   5   5   5   5   5   5   5   5   5   5   0   5   5  0.03 0.05
  176 I    -1  -1   0  -1   2  -3   0  -4   1   3  -1  -1   1   0  -4   0   2  -4   1   2    5   3   4   4   4   0   6   0   3  17   4   4   3   4   0   5  12   0   5  14  0.19 0.21
  177 D     0   0   1   0  -2   1   0   0   2   0  -1   0   1  -2   1   0   0  -3  -2   0    6   6   6   6   0   6   6   6   6   6   6   6   6   0   6   6   6   0   0   6  0.06 0.08
  178 N     0   0   0   0   2   0   0  -1   1   0  -1   0   1   0   0   0   0  -2   1   0    5   5   5   5   5   5   5   5   5   5   5   5   5   5   5   5   5   0   5   5  0.03 0.05
  179 N     0   0   1   1   1   0   1   3   2  -1  -2   0   0  -1  -1   0  -1  -4  -3  -1    5   4   6   7   3   3   9  21   5   3   4   7   3   3   3   7   3   0   0   3  0.15 0.16
  180 N    -1   0   2   2   1   1   2   1   1  -1  -2   0  -3  -1  -1   0  -1   1   0  -1    3   4   9  11   3   5  15  12   3   3   4   5   0   2   3   5   3   2   3   5  0.13 0.15
  181 G     0   0   1   0  -2   1   0   0   2   0  -1   0  -1  -2   1   0   0  -2   1   0    6   6   6   6   0   6   6   6   6   6   6   6   0   0   6   6   6   0   6   6  0.06 0.07
  182 A    -1  -1   2   1   1   0  -1   2   1  -1  -2   0   0  -1  -1   1   0  -4  -1  -2    4   4   9   9   3   3   4  18   4   3   3   5   3   3   3  11   7   0   3   3  0.13 0.15
  183 A     0   0   0   0   2   0   0  -1   1   0  -1   0   1   0   0   0   0  -2   1   0    5   5   5   5   5   5   5   5   5   5   5   5   5   5   5   5   5   0   5   5  0.03 0.05
  184 I    -1  -2  -1  -2   1  -1  -2  -2   0   1   2  -2   1   1  -1  -1   0   4   0   2    5   3   3   3   3   3   3   4   3   7  17   3   4   6   3   4   5   6   3  16  0.21 0.15
  185 I     1  -2  -5  -6   3  -5  -5  -2  -6   2  -1  -5   1  -1  -2  -2   1  -5  -1   5   10   3   0   0   6   0   0   3   0  10   5   0   3   3   3   3   7   0   3  39  0.70 0.43
  186 K    -3   1   1  -2  -1  -1  -1  -3   3   0  -3   5  -1   0  -5  -2   3  -6  -2  -2    2   6   6   2   2   2   3   2   6   5   3  35   2   4   0   2  16   0   2   2  0.62 0.43
  187 W    -3  -3  -3  -8   1  -2  -7  -4   0   0  -1  -7   0  -1  -7  -3  -2  11   0   0    2   2   2   0   3   2   0   2   2   4   7   0   2   3   0   2   3  54   3   6  2.27 1.04
  188 T    -2  -2   1  -3  -1  -4  -3  -4   0   0  -4  -1  -2  -3  -5   2   6   0  -2  -1    4   2   6   1   1   0   2   1   2   5   1   4   1   1   0  15  47   1   1   4  0.88 0.61
  189 V    -1  -3  -3  -5   1  -5  -5  -3  -5   4   2  -3   3   3  -5  -2  -1   1   0   2    4   1   1   0   3   0   0   2   0  26  18   1   6  11   0   3   3   2   3  15  0.57 0.36
  190 E    -3  -3  -1   1  -6   0   6  -4  -1  -1  -4   0  -1  -3  -5  -2  -2  -6  -3   0    2   1   2   7   0   3  58   1   1   5   2   4   2   1   0   2   2   0   1   6  1.08 0.63
  191 Y    -6  -6  -7  -7   0  -6  -7  -7  -1  -3  -4  -6  -5   5  -7  -6  -3   3   9  -3    0   0   0   0   2   0   0   0   1   2   2   0   0  19   0   0   2   4  65   1  2.47 1.04
  192 E    -3  -3  -2   0  -7   0   7  -3  -1  -4  -6  -2  -1  -3  -5  -3  -4  -6  -6  -1    2   1   2   4   0   3  72   2   2   1   0   2   2   1   0   1   1   0   0   5  1.61 0.82
  193 R    -3   1  -3  -3  -6  -2  -3  -3  -2  -4  -3   7  -2  -6  -1  -3  -1  -6  -3  -4    2   7   1   1   0   1   1   2   1   1   2  70   1   0   3   1   4   0   1   1  1.53 0.78
  194 L     1   0  -2  -3  -2   0  -2  -3  -1   1   2   2   1  -2   1  -2  -1  -2  -2   0   11   5   1   1   1   5   2   1   1   9  24  13   3   1   8   2   4   0   1   7  0.21 0.21
  195 A    -2  -1   6   1  -5  -2  -1  -1   3  -4  -4   0  -5  -4  -4   1   1  -6  -3  -4    2   2  41   7   0   1   3   5   8   1   1   6   0   1   1  12   7   0   1   1  0.87 0.54
  196 E    -1  -3  -2   3  -4   0   5  -3   1  -3  -3   0  -3  -6   0  -2  -2  -6  -4  -2    6   1   1  17   0   3  45   2   3   1   3   4   1   0   5   2   2   0   1   3  0.85 0.54
  197 E    -1  -3   3   5  -3  -1   2  -1   1  -3  -4  -1  -3  -4  -4   0  -1  -6  -2  -3    5   1  14  35   1   2  14   5   4   1   2   3   1   1   0   5   3   0   2   2  0.69 0.45
  198 V     0  -5  -2  -1  -2  -4  -4  -2  -2   3  -2  -3   0  -2  -3   0   1  -5  -3   5    9   0   2   3   1   0   1   3   1  19   2   1   3   1   1   6   7   0   1  38  0.59 0.41
  199 D     0  -3  -3   0  -6  -2   1  -3  -1  -4  -2  -3  -3  -6   7  -2  -2  -7  -6  -3    7   1   1   5   0   1   8   2   2   1   4   1   1   0  57   3   2   0   0   2  1.40 0.74
  200 P    -1  -3   0   5  -5  -2   2  -4   3  -3  -4  -1  -2  -3   3  -1  -2  -5   1  -2    6   1   4  29   0   1  16   1   7   2   1   3   1   1  14   3   3   0   5   3  0.62 0.43
  201 P    -2  -3  -4  -6  -7  -3  -5  -5   0  -2  -3  -5  -6  -7   8  -3  -5  -7  -7  -4    3   1   1   0   0   2   0   1   2   2   4   0   0   0  79   2   0   0   0   1  2.40 1.08
  202 Y    -2  -3   2   3  -5   0   1  -3   5   0  -2   0  -3  -2  -4  -1   2  -3   1  -1    2   1  10  14   0   4  11   1  14   6   3   5   0   2   0   3  13   0   5   5  0.38 0.32
  203 G     1   0   1   0  -2   0   0   0   1  -1  -1   2   0  -1  -1   1   1  -2  -1  -1   11   4   6   4   1   2   4   6   3   3   4  14   3   2   2  13  11   1   1   5  0.10 0.13
  204 Y    -2  -5  -4  -6  -2  -4  -3  -3   0   1   2  -3   1   3  -4  -3  -3  -1   7  -2    3   0   1   0   1   1   2   2   2   9  22   1   3   9   1   2   1   1  36   3  0.95 0.54
  205 I    -1  -2  -4  -5  -4  -1  -3  -3  -3   2   4   1   6  -1  -5  -3  -3  -5  -3   0    4   2   1   0   0   2   1   2   1  10  34  11  20   2   0   1   1   0   1   6  0.70 0.45
  206 E    -1  -2   0   5  -6   3   4  -1   0  -5  -5   1  -5  -5  -2  -2  -3  -6  -4  -4    5   1   5  33   0  11  23   4   2   0   1   7   0   0   2   2   1   0   0   1  0.83 0.54
  207 Y    -1  -3  -4  -5  -3  -3  -3  -2  -4  -1   2  -2   1   6  -3  -3  -3   1   2  -1    5   1   1   0   0   1   2   3   0   3  22   3   4  37   1   2   2   1   7   3  0.79 0.48
  208 L     2  -4  -4  -5   3  -4  -4  -2  -4   1   2  -4   2   2  -3  -1  -1  -2   1   2   22   1   0   0   5   0   0   4   0   9  20   0   5  10   1   3   3   0   4  12  0.40 0.32
  209 H     0  -3  -2  -1   1  -1   0  -4   1   3   0  -1   1  -2  -3  -2   1  -5  -2   3    7   1   2   4   3   3   6   1   3  21   9   3   3   1   1   2   8   0   1  21  0.27 0.25
  210 K    -1  -1   2   2  -4   1   1   1   1  -4  -4   3  -1  -2  -4   0  -1  -3  -3  -2    5   2  12  11   0   7   9   9   3   1   1  21   2   2   0   8   3   0   1   2  0.34 0.30
  211 C    -2  -4  -1  -6   1  -3  -4  -4  -4   3   2  -5   5   1  -5  -2   0   0  -2   3    3   0   3   0   3   1   1   1   0  13  22   0  13   6   0   2   6   1   1  23  0.58 0.40
  212 T     0  -4  -1  -5   0  -4  -4  -4  -5   1   0  -5   0   3  -4   2   4  -5   0   0    8   0   3   0   2   0   0   1   0   9   7   0   2  13   0  13  31   0   3   6  0.57 0.45
  213 A    -2   2  -1  -3  -7   0   0  -4  -1  -4  -5   7  -3  -7  -4  -4  -2  -7  -3  -3    4   9   2   1   0   3   6   1   2   1   1  63   1   0   1   0   2   0   1   3  1.39 0.79
  214 D     1  -4   0   6  -6  -2   2   0  -2  -4  -3  -1  -3  -6  -5  -2  -2  -2  -3  -2   13   0   4  41   0   2  14   6   1   1   3   4   1   0   0   3   3   1   1   3  0.80 0.53
  215 I    -3  -6  -7  -7  -2  -6  -5  -6  -6   6   3  -5   4   0  -6  -4  -3  -6  -5   3    2   0   0   0   1   0   1   0   0  38  22   0   9   3   0   1   1   0   0  22  1.16 0.61
  216 D    -2  -6   0   7  -5  -4   4  -2  -4  -8  -8  -4  -7  -8  -4  -2  -5  -8  -5  -6    4   0   4  56   0   0  27   3   0   0   0   0   0   0   1   2   0   0   0   0  1.71 0.88
  217 A     5  -3   0   1  -2  -2   0   0  -2  -3  -3  -1  -4  -4  -3   1   1  -6  -5  -2   45   1   4   8   1   1   7   5   1   1   2   3   0   1   0   9   9   0   0   2  0.59 0.46
  218 H    -5  -3  -1  -5  -4  -2  -5  -5   9  -6  -6  -3  -3  -1  -6  -3  -5  -5   7  -6    1   2   3   0   0   2   0   1  46   0   0   1   1   2   0   2   0   0  38   1  2.38 1.09
  219 L    -4  -6  -5  -7  -6  -5  -7  -7   4   1   6  -7  -2   0  -7  -6  -5  -6  -3  -1    1   0   1   0   0   0   0   0  10   7  72   0   0   3   0   0   0   0   1   4  1.56 0.79
  220 L    -2  -4  -5  -6   3  -4  -5  -5  -1   1   5  -5   1  -3  -5  -2   0  -5  -5   2    3   1   0   0   6   1   0   1   1   8  56   0   3   0   0   4   5   0   0  11  0.91 0.53
  221 K    -4  -1   3  -3  -7   3   1  -4  -3  -6  -6   6  -4  -7  -5  -2  -3  -7  -4  -6    0   2  15   1   0  11   8   1   0   0   0  57   0   0   0   2   1   0   0   0  1.37 0.72
  222 A     6  -4  -4  -4  -3  -4  -4   1  -4  -4  -5  -3  -4  -5   0   0  -3  -5  -5  -3   80   0   0   0   0   0   0  10   0   0   0   0   0   0   4   6   0   0   0   0  1.35 0.60

                      K         Lambda
Standard Ungapped    0.1383     0.3238
Standard Gapped      0.0437     0.2670
PSI Ungapped         0.1428     0.3175
PSI Gapped           0.0437     0.2670
